0	0
0.01	7.11167e-14
0.02	1.42251e-13
0.03	2.13419e-13
0.04	2.84638e-13
0.05	3.55926e-13
0.06	4.27299e-13
0.07	4.98775e-13
0.08	5.70371e-13
0.09	6.42105e-13
0.1	7.13992e-13
0.11	7.86052e-13
0.12	8.583e-13
0.13	9.30755e-13
0.14	1.00343e-12
0.15	1.07635e-12
0.16	1.14953e-12
0.17	1.22299e-12
0.18	1.29674e-12
0.19	1.3708e-12
0.2	1.44519e-12
0.21	1.51993e-12
0.22	1.59503e-12
0.23	1.67052e-12
0.24	1.74641e-12
0.25	1.82272e-12
0.26	1.89947e-12
0.27	1.97668e-12
0.28	2.05436e-12
0.29	2.13253e-12
0.3	2.21122e-12
0.31	2.29044e-12
0.32	2.37021e-12
0.33	2.45055e-12
0.34	2.53148e-12
0.35	2.61302e-12
0.36	2.69518e-12
0.37	2.778e-12
0.38	2.86148e-12
0.39	2.94565e-12
0.4	3.03053e-12
0.41	3.11614e-12
0.42	3.2025e-12
0.43	3.28963e-12
0.44	3.37755e-12
0.45	3.46628e-12
0.46	3.55585e-12
0.47	3.64627e-12
0.48	3.73756e-12
0.49	3.82976e-12
0.5	3.92288e-12
0.51	4.01694e-12
0.52	4.11197e-12
0.53	4.20799e-12
0.54	4.30501e-12
0.55	4.40308e-12
0.56	4.5022e-12
0.57	4.60241e-12
0.58	4.70372e-12
0.59	4.80616e-12
0.6	4.90976e-12
0.61	5.01454e-12
0.62	5.12053e-12
0.63	5.22775e-12
0.64	5.33623e-12
0.65	5.44599e-12
0.66	5.55705e-12
0.67	5.66946e-12
0.68	5.78323e-12
0.69	5.89839e-12
0.7	6.01497e-12
0.71	6.13299e-12
0.72	6.25249e-12
0.73	6.3735e-12
0.74	6.49604e-12
0.75	6.62014e-12
0.76	6.74583e-12
0.77	6.87314e-12
0.78	7.00211e-12
0.79	7.13276e-12
0.8	7.26513e-12
0.81	7.39924e-12
0.82	7.53513e-12
0.83	7.67284e-12
0.84	7.81239e-12
0.85	7.95382e-12
0.86	8.09717e-12
0.87	8.24246e-12
0.88	8.38973e-12
0.89	8.53902e-12
0.9	8.69037e-12
0.91	8.8438e-12
0.92	8.99936e-12
0.93	9.15709e-12
0.94	9.31702e-12
0.95	9.47919e-12
0.96	9.64364e-12
0.97	9.81041e-12
0.98	9.97954e-12
0.99	1.01511e-11
1	1.0325e-11
1.01	1.05015e-11
1.02	1.06805e-11
1.03	1.0862e-11
1.04	1.10462e-11
1.05	1.1233e-11
1.06	1.14225e-11
1.07	1.16148e-11
1.08	1.18098e-11
1.09	1.20077e-11
1.1	1.22085e-11
1.11	1.24123e-11
1.12	1.2619e-11
1.13	1.28287e-11
1.14	1.30415e-11
1.15	1.32575e-11
1.16	1.34767e-11
1.17	1.36991e-11
1.18	1.39247e-11
1.19	1.41538e-11
1.2	1.43862e-11
1.21	1.46221e-11
1.22	1.48616e-11
1.23	1.51046e-11
1.24	1.53512e-11
1.25	1.56015e-11
1.26	1.58556e-11
1.27	1.61135e-11
1.28	1.63752e-11
1.29	1.66409e-11
1.3	1.69106e-11
1.31	1.71844e-11
1.32	1.74623e-11
1.33	1.77444e-11
1.34	1.80308e-11
1.35	1.83215e-11
1.36	1.86166e-11
1.37	1.89162e-11
1.38	1.92203e-11
1.39	1.95291e-11
1.4	1.98426e-11
1.41	2.01608e-11
1.42	2.04839e-11
1.43	2.08119e-11
1.44	2.11449e-11
1.45	2.1483e-11
1.46	2.18263e-11
1.47	2.21748e-11
1.48	2.25286e-11
1.49	2.28879e-11
1.5	2.32527e-11
1.51	2.3623e-11
1.52	2.39991e-11
1.53	2.43809e-11
1.54	2.47686e-11
1.55	2.51622e-11
1.56	2.55619e-11
1.57	2.59677e-11
1.58	2.63798e-11
1.59	2.67983e-11
1.6	2.72231e-11
1.61	2.76546e-11
1.62	2.80926e-11
1.63	2.85375e-11
1.64	2.89892e-11
1.65	2.94478e-11
1.66	2.99136e-11
1.67	3.03865e-11
1.68	3.08668e-11
1.69	3.13544e-11
1.7	3.18497e-11
1.71	3.23525e-11
1.72	3.28632e-11
1.73	3.33818e-11
1.74	3.39083e-11
1.75	3.44431e-11
1.76	3.49861e-11
1.77	3.55376e-11
1.78	3.60976e-11
1.79	3.66662e-11
1.8	3.72437e-11
1.81	3.78302e-11
1.82	3.84257e-11
1.83	3.90305e-11
1.84	3.96447e-11
1.85	4.02684e-11
1.86	4.09018e-11
1.87	4.1545e-11
1.88	4.21983e-11
1.89	4.28616e-11
1.9	4.35353e-11
1.91	4.42195e-11
1.92	4.49143e-11
1.93	4.56199e-11
1.94	4.63364e-11
1.95	4.70641e-11
1.96	4.78032e-11
1.97	4.85537e-11
1.98	4.93159e-11
1.99	5.009e-11
2	5.08761e-11
2.01	5.16744e-11
2.02	5.24852e-11
2.03	5.33086e-11
2.04	5.41448e-11
2.05	5.49941e-11
2.06	5.58565e-11
2.07	5.67324e-11
2.08	5.7622e-11
2.09	5.85254e-11
2.1	5.94429e-11
2.11	6.03747e-11
2.12	6.1321e-11
2.13	6.2282e-11
2.14	6.3258e-11
2.15	6.42493e-11
2.16	6.5256e-11
2.17	6.62784e-11
2.18	6.73167e-11
2.19	6.83712e-11
2.2	6.94422e-11
2.21	7.05299e-11
2.22	7.16345e-11
2.23	7.27564e-11
2.24	7.38957e-11
2.25	7.50529e-11
2.26	7.6228e-11
2.27	7.74216e-11
2.28	7.86337e-11
2.29	7.98647e-11
2.3	8.1115e-11
2.31	8.23848e-11
2.32	8.36744e-11
2.33	8.49841e-11
2.34	8.63142e-11
2.35	8.76651e-11
2.36	8.90371e-11
2.37	9.04305e-11
2.38	9.18457e-11
2.39	9.32829e-11
2.4	9.47426e-11
2.41	9.62251e-11
2.42	9.77307e-11
2.43	9.92598e-11
2.44	1.00813e-10
2.45	1.0239e-10
2.46	1.03992e-10
2.47	1.05619e-10
2.48	1.07271e-10
2.49	1.08949e-10
2.5	1.10653e-10
2.51	1.12384e-10
2.52	1.14142e-10
2.53	1.15928e-10
2.54	1.17741e-10
2.55	1.19582e-10
2.56	1.21453e-10
2.57	1.23352e-10
2.58	1.25281e-10
2.59	1.27241e-10
2.6	1.29231e-10
2.61	1.31252e-10
2.62	1.33304e-10
2.63	1.35389e-10
2.64	1.37506e-10
2.65	1.39657e-10
2.66	1.4184e-10
2.67	1.44058e-10
2.68	1.46311e-10
2.69	1.48599e-10
2.7	1.50923e-10
2.71	1.53282e-10
2.72	1.55679e-10
2.73	1.58113e-10
2.74	1.60586e-10
2.75	1.63096e-10
2.76	1.65646e-10
2.77	1.68236e-10
2.78	1.70867e-10
2.79	1.73538e-10
2.8	1.76251e-10
2.81	1.79007e-10
2.82	1.81806e-10
2.83	1.84648e-10
2.84	1.87535e-10
2.85	1.90467e-10
2.86	1.93444e-10
2.87	1.96468e-10
2.88	1.9954e-10
2.89	2.02659e-10
2.9	2.05828e-10
2.91	2.09045e-10
2.92	2.12313e-10
2.93	2.15632e-10
2.94	2.19003e-10
2.95	2.22427e-10
2.96	2.25904e-10
2.97	2.29435e-10
2.98	2.33022e-10
2.99	2.36665e-10
3	2.40364e-10
3.01	2.44121e-10
3.02	2.47938e-10
3.03	2.51813e-10
3.04	2.5575e-10
3.05	2.59747e-10
3.06	2.63808e-10
3.07	2.67931e-10
3.08	2.72119e-10
3.09	2.76373e-10
3.1	2.80693e-10
3.11	2.85081e-10
3.12	2.89537e-10
3.13	2.94063e-10
3.14	2.98659e-10
3.15	3.03327e-10
3.16	3.08069e-10
3.17	3.12884e-10
3.18	3.17775e-10
3.19	3.22742e-10
3.2	3.27787e-10
3.21	3.3291e-10
3.22	3.38114e-10
3.23	3.43399e-10
3.24	3.48766e-10
3.25	3.54217e-10
3.26	3.59754e-10
3.27	3.65377e-10
3.28	3.71088e-10
3.29	3.76888e-10
3.3	3.82779e-10
3.31	3.88762e-10
3.32	3.94839e-10
3.33	4.0101e-10
3.34	4.07278e-10
3.35	4.13644e-10
3.36	4.20109e-10
3.37	4.26675e-10
3.38	4.33344e-10
3.39	4.40118e-10
3.4	4.46997e-10
3.41	4.53983e-10
3.42	4.61079e-10
3.43	4.68285e-10
3.44	4.75605e-10
3.45	4.83038e-10
3.46	4.90588e-10
3.47	4.98256e-10
3.48	5.06044e-10
3.49	5.13953e-10
3.5	5.21986e-10
3.51	5.30145e-10
3.52	5.38431e-10
3.53	5.46846e-10
3.54	5.55393e-10
3.55	5.64074e-10
3.56	5.7289e-10
3.57	5.81844e-10
3.58	5.90938e-10
3.59	6.00174e-10
3.6	6.09555e-10
3.61	6.19082e-10
3.62	6.28758e-10
3.63	6.38585e-10
3.64	6.48566e-10
3.65	6.58703e-10
3.66	6.68998e-10
3.67	6.79454e-10
3.68	6.90074e-10
3.69	7.00859e-10
3.7	7.11813e-10
3.71	7.22938e-10
3.72	7.34238e-10
3.73	7.45713e-10
3.74	7.57368e-10
3.75	7.69206e-10
3.76	7.81228e-10
3.77	7.93438e-10
3.78	8.05839e-10
3.79	8.18434e-10
3.8	8.31225e-10
3.81	8.44217e-10
3.82	8.57412e-10
3.83	8.70812e-10
3.84	8.84423e-10
3.85	8.98246e-10
3.86	9.12285e-10
3.87	9.26543e-10
3.88	9.41024e-10
3.89	9.55732e-10
3.9	9.70669e-10
3.91	9.8584e-10
3.92	1.00125e-09
3.93	1.0169e-09
3.94	1.03279e-09
3.95	1.04893e-09
3.96	1.06533e-09
3.97	1.08198e-09
3.98	1.09889e-09
3.99	1.11606e-09
4	1.13351e-09
4.01	1.15122e-09
4.02	1.16921e-09
4.03	1.18749e-09
4.04	1.20605e-09
4.05	1.2249e-09
4.06	1.24404e-09
4.07	1.26348e-09
4.08	1.28323e-09
4.09	1.30329e-09
4.1	1.32366e-09
4.11	1.34435e-09
4.12	1.36536e-09
4.13	1.3867e-09
4.14	1.40837e-09
4.15	1.43038e-09
4.16	1.45274e-09
4.17	1.47544e-09
4.18	1.4985e-09
4.19	1.52192e-09
4.2	1.54571e-09
4.21	1.56987e-09
4.22	1.5944e-09
4.23	1.61932e-09
4.24	1.64463e-09
4.25	1.67034e-09
4.26	1.69644e-09
4.27	1.72296e-09
4.28	1.74988e-09
4.29	1.77723e-09
4.3	1.80501e-09
4.31	1.83322e-09
4.32	1.86187e-09
4.33	1.89097e-09
4.34	1.92053e-09
4.35	1.95054e-09
4.36	1.98103e-09
4.37	2.01199e-09
4.38	2.04344e-09
4.39	2.07537e-09
4.4	2.10781e-09
4.41	2.14075e-09
4.42	2.17421e-09
4.43	2.20819e-09
4.44	2.2427e-09
4.45	2.27776e-09
4.46	2.31336e-09
4.47	2.34951e-09
4.48	2.38623e-09
4.49	2.42353e-09
4.5	2.46141e-09
4.51	2.49987e-09
4.52	2.53895e-09
4.53	2.57863e-09
4.54	2.61893e-09
4.55	2.65986e-09
4.56	2.70143e-09
4.57	2.74365e-09
4.58	2.78653e-09
4.59	2.83009e-09
4.6	2.87432e-09
4.61	2.91924e-09
4.62	2.96487e-09
4.63	3.0112e-09
4.64	3.05827e-09
4.65	3.10607e-09
4.66	3.15461e-09
4.67	3.20392e-09
4.68	3.25399e-09
4.69	3.30485e-09
4.7	3.3565e-09
4.71	3.40896e-09
4.72	3.46224e-09
4.73	3.51635e-09
4.74	3.57131e-09
4.75	3.62712e-09
4.76	3.68381e-09
4.77	3.74139e-09
4.78	3.79986e-09
4.79	3.85925e-09
4.8	3.91957e-09
4.81	3.98083e-09
4.82	4.04304e-09
4.83	4.10623e-09
4.84	4.17041e-09
4.85	4.23559e-09
4.86	4.30179e-09
4.87	4.36902e-09
4.88	4.43731e-09
4.89	4.50666e-09
4.9	4.57709e-09
4.91	4.64863e-09
4.92	4.72128e-09
4.93	4.79507e-09
4.94	4.87002e-09
4.95	4.94613e-09
4.96	5.02344e-09
4.97	5.10195e-09
4.98	5.18169e-09
4.99	5.26267e-09
5	5.34492e-09
5.01	5.42846e-09
5.02	5.5133e-09
5.03	5.59947e-09
5.04	5.68699e-09
5.05	5.77587e-09
5.06	5.86614e-09
5.07	5.95782e-09
5.08	6.05094e-09
5.09	6.14551e-09
5.1	6.24156e-09
5.11	6.33911e-09
5.12	6.43818e-09
5.13	6.53881e-09
5.14	6.641e-09
5.15	6.7448e-09
5.16	6.85021e-09
5.17	6.95728e-09
5.18	7.06601e-09
5.19	7.17645e-09
5.2	7.28861e-09
5.21	7.40253e-09
5.22	7.51822e-09
5.23	7.63572e-09
5.24	7.75506e-09
5.25	7.87627e-09
5.26	7.99937e-09
5.27	8.12439e-09
5.28	8.25137e-09
5.29	8.38033e-09
5.3	8.51131e-09
5.31	8.64433e-09
5.32	8.77944e-09
5.33	8.91665e-09
5.34	9.05601e-09
5.35	9.19755e-09
5.36	9.3413e-09
5.37	9.4873e-09
5.38	9.63558e-09
5.39	9.78617e-09
5.4	9.93912e-09
5.41	1.00945e-08
5.42	1.02522e-08
5.43	1.04125e-08
5.44	1.05752e-08
5.45	1.07405e-08
5.46	1.09083e-08
5.47	1.10788e-08
5.48	1.1252e-08
5.49	1.14278e-08
5.5	1.16065e-08
5.51	1.17879e-08
5.52	1.19721e-08
5.53	1.21592e-08
5.54	1.23492e-08
5.55	1.25422e-08
5.56	1.27383e-08
5.57	1.29374e-08
5.58	1.31396e-08
5.59	1.33449e-08
5.6	1.35535e-08
5.61	1.37653e-08
5.62	1.39805e-08
5.63	1.4199e-08
5.64	1.44209e-08
5.65	1.46463e-08
5.66	1.48752e-08
5.67	1.51077e-08
5.68	1.53438e-08
5.69	1.55836e-08
5.7	1.58272e-08
5.71	1.60745e-08
5.72	1.63257e-08
5.73	1.65809e-08
5.74	1.68401e-08
5.75	1.71032e-08
5.76	1.73706e-08
5.77	1.7642e-08
5.78	1.79178e-08
5.79	1.81978e-08
5.8	1.84822e-08
5.81	1.87711e-08
5.82	1.90645e-08
5.83	1.93624e-08
5.84	1.96651e-08
5.85	1.99724e-08
5.86	2.02846e-08
5.87	2.06016e-08
5.88	2.09236e-08
5.89	2.12506e-08
5.9	2.15827e-08
5.91	2.192e-08
5.92	2.22626e-08
5.93	2.26106e-08
5.94	2.2964e-08
5.95	2.33229e-08
5.96	2.36874e-08
5.97	2.40576e-08
5.98	2.44336e-08
5.99	2.48155e-08
6	2.52033e-08
6.01	2.55972e-08
6.02	2.59973e-08
6.03	2.64036e-08
6.04	2.68163e-08
6.05	2.72354e-08
6.06	2.7661e-08
6.07	2.80934e-08
6.08	2.85324e-08
6.09	2.89784e-08
6.1	2.94313e-08
6.11	2.98913e-08
6.12	3.03584e-08
6.13	3.08329e-08
6.14	3.13148e-08
6.15	3.18042e-08
6.16	3.23013e-08
6.17	3.28062e-08
6.18	3.33189e-08
6.19	3.38396e-08
6.2	3.43685e-08
6.21	3.49057e-08
6.22	3.54512e-08
6.23	3.60053e-08
6.24	3.6568e-08
6.25	3.71395e-08
6.26	3.772e-08
6.27	3.83095e-08
6.28	3.89083e-08
6.29	3.95164e-08
6.3	4.0134e-08
6.31	4.07613e-08
6.32	4.13983e-08
6.33	4.20453e-08
6.34	4.27025e-08
6.35	4.33699e-08
6.36	4.40477e-08
6.37	4.47361e-08
6.38	4.54353e-08
6.39	4.61454e-08
6.4	4.68667e-08
6.41	4.75991e-08
6.42	4.83431e-08
6.43	4.90986e-08
6.44	4.9866e-08
6.45	5.06454e-08
6.46	5.14369e-08
6.47	5.22408e-08
6.48	5.30573e-08
6.49	5.38865e-08
6.5	5.47287e-08
6.51	5.55841e-08
6.52	5.64528e-08
6.53	5.73351e-08
6.54	5.82312e-08
6.55	5.91414e-08
6.56	6.00657e-08
6.57	6.10045e-08
6.58	6.19579e-08
6.59	6.29263e-08
6.6	6.39097e-08
6.61	6.49086e-08
6.62	6.59231e-08
6.63	6.69534e-08
6.64	6.79998e-08
6.65	6.90626e-08
6.66	7.0142e-08
6.67	7.12382e-08
6.68	7.23516e-08
6.69	7.34824e-08
6.7	7.46309e-08
6.71	7.57973e-08
6.72	7.69819e-08
6.73	7.81851e-08
6.74	7.94071e-08
6.75	8.06481e-08
6.76	8.19086e-08
6.77	8.31888e-08
6.78	8.44889e-08
6.79	8.58094e-08
6.8	8.71505e-08
6.81	8.85126e-08
6.82	8.9896e-08
6.83	9.1301e-08
6.84	9.2728e-08
6.85	9.41772e-08
6.86	9.56491e-08
6.87	9.7144e-08
6.88	9.86623e-08
6.89	1.00204e-07
6.9	1.0177e-07
6.91	1.03361e-07
6.92	1.04976e-07
6.93	1.06617e-07
6.94	1.08283e-07
6.95	1.09976e-07
6.96	1.11695e-07
6.97	1.1344e-07
6.98	1.15213e-07
6.99	1.17014e-07
7	1.18843e-07
7.01	1.207e-07
7.02	1.22587e-07
7.03	1.24503e-07
7.04	1.26448e-07
7.05	1.28425e-07
7.06	1.30432e-07
7.07	1.3247e-07
7.08	1.34541e-07
7.09	1.36644e-07
7.1	1.38779e-07
7.11	1.40948e-07
7.12	1.43151e-07
7.13	1.45388e-07
7.14	1.47661e-07
7.15	1.49969e-07
7.16	1.52312e-07
7.17	1.54693e-07
7.18	1.57111e-07
7.19	1.59566e-07
7.2	1.6206e-07
7.21	1.64593e-07
7.22	1.67165e-07
7.23	1.69778e-07
7.24	1.72431e-07
7.25	1.75126e-07
7.26	1.77863e-07
7.27	1.80643e-07
7.28	1.83467e-07
7.29	1.86334e-07
7.3	1.89246e-07
7.31	1.92204e-07
7.32	1.95208e-07
7.33	1.98259e-07
7.34	2.01358e-07
7.35	2.04505e-07
7.36	2.07701e-07
7.37	2.10947e-07
7.38	2.14244e-07
7.39	2.17592e-07
7.4	2.20993e-07
7.41	2.24447e-07
7.42	2.27955e-07
7.43	2.31518e-07
7.44	2.35136e-07
7.45	2.38811e-07
7.46	2.42543e-07
7.47	2.46334e-07
7.48	2.50184e-07
7.49	2.54094e-07
7.5	2.58066e-07
7.51	2.62099e-07
7.52	2.66195e-07
7.53	2.70356e-07
7.54	2.74581e-07
7.55	2.78872e-07
7.56	2.83231e-07
7.57	2.87658e-07
7.58	2.92153e-07
7.59	2.9672e-07
7.6	3.01357e-07
7.61	3.06067e-07
7.62	3.1085e-07
7.63	3.15709e-07
7.64	3.20643e-07
7.65	3.25654e-07
7.66	3.30744e-07
7.67	3.35913e-07
7.68	3.41163e-07
7.69	3.46495e-07
7.7	3.51911e-07
7.71	3.57411e-07
7.72	3.62997e-07
7.73	3.6867e-07
7.74	3.74432e-07
7.75	3.80284e-07
7.76	3.86228e-07
7.77	3.92264e-07
7.78	3.98395e-07
7.79	4.04621e-07
7.8	4.10945e-07
7.81	4.17368e-07
7.82	4.23891e-07
7.83	4.30516e-07
7.84	4.37244e-07
7.85	4.44078e-07
7.86	4.51018e-07
7.87	4.58067e-07
7.88	4.65227e-07
7.89	4.72498e-07
7.9	4.79882e-07
7.91	4.87382e-07
7.92	4.95e-07
7.93	5.02736e-07
7.94	5.10593e-07
7.95	5.18573e-07
7.96	5.26678e-07
7.97	5.3491e-07
7.98	5.4327e-07
7.99	5.51761e-07
8	5.60384e-07
8.01	5.69142e-07
8.02	5.78037e-07
8.03	5.87071e-07
8.04	5.96247e-07
8.05	6.05566e-07
8.06	6.1503e-07
8.07	6.24642e-07
8.08	6.34405e-07
8.09	6.4432e-07
8.1	6.5439e-07
8.11	6.64617e-07
8.12	6.75005e-07
8.13	6.85554e-07
8.14	6.96269e-07
8.15	7.07151e-07
8.16	7.18203e-07
8.17	7.29428e-07
8.18	7.40828e-07
8.19	7.52406e-07
8.2	7.64165e-07
8.21	7.76108e-07
8.22	7.88238e-07
8.23	8.00558e-07
8.24	8.13069e-07
8.25	8.25777e-07
8.26	8.38683e-07
8.27	8.51791e-07
8.28	8.65103e-07
8.29	8.78624e-07
8.3	8.92356e-07
8.31	9.06302e-07
8.32	9.20467e-07
8.33	9.34853e-07
8.34	9.49463e-07
8.35	9.64302e-07
8.36	9.79373e-07
8.37	9.9468e-07
8.38	1.01023e-06
8.39	1.02601e-06
8.4	1.04205e-06
8.41	1.05834e-06
8.42	1.07488e-06
8.43	1.09168e-06
8.44	1.10874e-06
8.45	1.12607e-06
8.46	1.14366e-06
8.47	1.16154e-06
8.48	1.17969e-06
8.49	1.19813e-06
8.5	1.21685e-06
8.51	1.23587e-06
8.52	1.25519e-06
8.53	1.2748e-06
8.54	1.29473e-06
8.55	1.31496e-06
8.56	1.33551e-06
8.57	1.35639e-06
8.58	1.37759e-06
8.59	1.39912e-06
8.6	1.42098e-06
8.61	1.44319e-06
8.62	1.46575e-06
8.63	1.48865e-06
8.64	1.51192e-06
8.65	1.53555e-06
8.66	1.55955e-06
8.67	1.58392e-06
8.68	1.60868e-06
8.69	1.63382e-06
8.7	1.65935e-06
8.71	1.68529e-06
8.72	1.71162e-06
8.73	1.73837e-06
8.74	1.76554e-06
8.75	1.79314e-06
8.76	1.82116e-06
8.77	1.84962e-06
8.78	1.87853e-06
8.79	1.90789e-06
8.8	1.93771e-06
8.81	1.96799e-06
8.82	1.99875e-06
8.83	2.02999e-06
8.84	2.06171e-06
8.85	2.09393e-06
8.86	2.12666e-06
8.87	2.15989e-06
8.88	2.19365e-06
8.89	2.22793e-06
8.9	2.26275e-06
8.91	2.29812e-06
8.92	2.33403e-06
8.93	2.37051e-06
8.94	2.40756e-06
8.95	2.44518e-06
8.96	2.4834e-06
8.97	2.52221e-06
8.98	2.56163e-06
8.99	2.60166e-06
9	2.64232e-06
9.01	2.68362e-06
9.02	2.72556e-06
9.03	2.76816e-06
9.04	2.81142e-06
9.05	2.85536e-06
9.06	2.89998e-06
9.07	2.9453e-06
9.08	2.99133e-06
9.09	3.03808e-06
9.1	3.08556e-06
9.11	3.13378e-06
9.12	3.18276e-06
9.13	3.2325e-06
9.14	3.28302e-06
9.15	3.33433e-06
9.16	3.38644e-06
9.17	3.43936e-06
9.18	3.49311e-06
9.19	3.5477e-06
9.2	3.60315e-06
9.21	3.65946e-06
9.22	3.71665e-06
9.23	3.77473e-06
9.24	3.83373e-06
9.25	3.89364e-06
9.26	3.95449e-06
9.27	4.01629e-06
9.28	4.07906e-06
9.29	4.14281e-06
9.3	4.20755e-06
9.31	4.27331e-06
9.32	4.34009e-06
9.33	4.40792e-06
9.34	4.4768e-06
9.35	4.54677e-06
9.36	4.61782e-06
9.37	4.68999e-06
9.38	4.76328e-06
9.39	4.83772e-06
9.4	4.91333e-06
9.41	4.99011e-06
9.42	5.0681e-06
9.43	5.1473e-06
9.44	5.22774e-06
9.45	5.30944e-06
9.46	5.39241e-06
9.47	5.47669e-06
9.48	5.56227e-06
9.49	5.6492e-06
9.5	5.73748e-06
9.51	5.82715e-06
9.52	5.91821e-06
9.53	6.0107e-06
9.54	6.10463e-06
9.55	6.20003e-06
9.56	6.29692e-06
9.57	6.39533e-06
9.58	6.49527e-06
9.59	6.59677e-06
9.6	6.69986e-06
9.61	6.80457e-06
9.62	6.9109e-06
9.63	7.0189e-06
9.64	7.12859e-06
9.65	7.23999e-06
9.66	7.35313e-06
9.67	7.46804e-06
9.68	7.58474e-06
9.69	7.70327e-06
9.7	7.82365e-06
9.71	7.94591e-06
9.72	8.07009e-06
9.73	8.1962e-06
9.74	8.32428e-06
9.75	8.45436e-06
9.76	8.58648e-06
9.77	8.72066e-06
9.78	8.85693e-06
9.79	8.99534e-06
9.8	9.13591e-06
9.81	9.27867e-06
9.82	9.42367e-06
9.83	9.57093e-06
9.84	9.72049e-06
9.85	9.87239e-06
9.86	1.00267e-05
9.87	1.01833e-05
9.88	1.03425e-05
9.89	1.05041e-05
9.9	1.06682e-05
9.91	1.08349e-05
9.92	1.10042e-05
9.93	1.11762e-05
9.94	1.13508e-05
9.95	1.15282e-05
9.96	1.17084e-05
9.97	1.18913e-05
9.98	1.20771e-05
9.99	1.22659e-05
10	1.24575e-05
10.01	1.26522e-05
10.02	1.28499e-05
10.03	1.30507e-05
10.04	1.32546e-05
10.05	1.34617e-05
10.06	1.36721e-05
10.07	1.38857e-05
10.08	1.41027e-05
10.09	1.4323e-05
10.1	1.45468e-05
10.11	1.47741e-05
10.12	1.5005e-05
10.13	1.52394e-05
10.14	1.54776e-05
10.15	1.57194e-05
10.16	1.5965e-05
10.17	1.62145e-05
10.18	1.64678e-05
10.19	1.67251e-05
10.2	1.69865e-05
10.21	1.72519e-05
10.22	1.75214e-05
10.23	1.77952e-05
10.24	1.80732e-05
10.25	1.83556e-05
10.26	1.86424e-05
10.27	1.89337e-05
10.28	1.92295e-05
10.29	1.953e-05
10.3	1.98351e-05
10.31	2.0145e-05
10.32	2.04598e-05
10.33	2.07794e-05
10.34	2.11041e-05
10.35	2.14338e-05
10.36	2.17687e-05
10.37	2.21088e-05
10.38	2.24542e-05
10.39	2.2805e-05
10.4	2.31613e-05
10.41	2.35232e-05
10.42	2.38907e-05
10.43	2.42639e-05
10.44	2.4643e-05
10.45	2.5028e-05
10.46	2.5419e-05
10.47	2.58161e-05
10.48	2.62195e-05
10.49	2.66291e-05
10.5	2.70451e-05
10.51	2.74676e-05
10.52	2.78967e-05
10.53	2.83325e-05
10.54	2.87751e-05
10.55	2.92246e-05
10.56	2.96812e-05
10.57	3.01449e-05
10.58	3.06158e-05
10.59	3.1094e-05
10.6	3.15798e-05
10.61	3.20731e-05
10.62	3.25741e-05
10.63	3.30829e-05
10.64	3.35997e-05
10.65	3.41246e-05
10.66	3.46576e-05
10.67	3.5199e-05
10.68	3.57488e-05
10.69	3.63072e-05
10.7	3.68744e-05
10.71	3.74503e-05
10.72	3.80353e-05
10.73	3.86294e-05
10.74	3.92328e-05
10.75	3.98456e-05
10.76	4.0468e-05
10.77	4.11e-05
10.78	4.1742e-05
10.79	4.23939e-05
10.8	4.30561e-05
10.81	4.37286e-05
10.82	4.44115e-05
10.83	4.51052e-05
10.84	4.58096e-05
10.85	4.65251e-05
10.86	4.72517e-05
10.87	4.79896e-05
10.88	4.87391e-05
10.89	4.95003e-05
10.9	5.02733e-05
10.91	5.10584e-05
10.92	5.18558e-05
10.93	5.26656e-05
10.94	5.34881e-05
10.95	5.43233e-05
10.96	5.51716e-05
10.97	5.60332e-05
10.98	5.69082e-05
10.99	5.77968e-05
11	5.86993e-05
11.01	5.96159e-05
11.02	6.05468e-05
11.03	6.14922e-05
11.04	6.24523e-05
11.05	6.34275e-05
11.06	6.44178e-05
11.07	6.54236e-05
11.08	6.64451e-05
11.09	6.74825e-05
11.1	6.85361e-05
11.11	6.96061e-05
11.12	7.06928e-05
11.13	7.17965e-05
11.14	7.29174e-05
11.15	7.40557e-05
11.16	7.52118e-05
11.17	7.6386e-05
11.18	7.75784e-05
11.19	7.87895e-05
11.2	8.00194e-05
11.21	8.12685e-05
11.22	8.25371e-05
11.23	8.38254e-05
11.24	8.51338e-05
11.25	8.64627e-05
11.26	8.78122e-05
11.27	8.91828e-05
11.28	9.05748e-05
11.29	9.19884e-05
11.3	9.34241e-05
11.31	9.48821e-05
11.32	9.63629e-05
11.33	9.78668e-05
11.34	9.93941e-05
11.35	0.000100945
11.36	0.00010252
11.37	0.00010412
11.38	0.000105745
11.39	0.000107395
11.4	0.000109071
11.41	0.000110773
11.42	0.000112501
11.43	0.000114256
11.44	0.000116039
11.45	0.000117849
11.46	0.000119688
11.47	0.000121555
11.48	0.000123452
11.49	0.000125377
11.5	0.000127333
11.51	0.000129319
11.52	0.000131337
11.53	0.000133385
11.54	0.000135466
11.55	0.000137579
11.56	0.000139725
11.57	0.000141904
11.58	0.000144117
11.59	0.000146364
11.6	0.000148647
11.61	0.000150965
11.62	0.000153319
11.63	0.00015571
11.64	0.000158138
11.65	0.000160603
11.66	0.000163108
11.67	0.000165651
11.68	0.000168233
11.69	0.000170856
11.7	0.000173519
11.71	0.000176224
11.72	0.000178971
11.73	0.000181761
11.74	0.000184594
11.75	0.000187471
11.76	0.000190393
11.77	0.00019336
11.78	0.000196374
11.79	0.000199434
11.8	0.000202542
11.81	0.000205698
11.82	0.000208903
11.83	0.000212158
11.84	0.000215463
11.85	0.00021882
11.86	0.000222229
11.87	0.000225691
11.88	0.000229206
11.89	0.000232777
11.9	0.000236402
11.91	0.000240084
11.92	0.000243823
11.93	0.00024762
11.94	0.000251476
11.95	0.000255392
11.96	0.000259369
11.97	0.000263407
11.98	0.000267508
11.99	0.000271673
12	0.000275902
12.01	0.000280197
12.02	0.000284558
12.03	0.000288987
12.04	0.000293484
12.05	0.000298052
12.06	0.00030269
12.07	0.0003074
12.08	0.000312182
12.09	0.000317039
12.1	0.000321972
12.11	0.00032698
12.12	0.000332066
12.13	0.000337231
12.14	0.000342476
12.15	0.000347802
12.16	0.000353211
12.17	0.000358703
12.18	0.00036428
12.19	0.000369943
12.2	0.000375694
12.21	0.000381534
12.22	0.000387464
12.23	0.000393486
12.24	0.000399601
12.25	0.000405811
12.26	0.000412116
12.27	0.000418519
12.28	0.000425021
12.29	0.000431623
12.3	0.000438327
12.31	0.000445135
12.32	0.000452047
12.33	0.000459067
12.34	0.000466195
12.35	0.000473432
12.36	0.000480781
12.37	0.000488244
12.38	0.000495822
12.39	0.000503516
12.4	0.000511329
12.41	0.000519263
12.42	0.000527318
12.43	0.000535498
12.44	0.000543804
12.45	0.000552237
12.46	0.0005608
12.47	0.000569496
12.48	0.000578324
12.49	0.000587289
12.5	0.000596392
12.51	0.000605634
12.52	0.000615018
12.53	0.000624547
12.54	0.000634222
12.55	0.000644046
12.56	0.00065402
12.57	0.000664148
12.58	0.000674431
12.59	0.000684872
12.6	0.000695473
12.61	0.000706236
12.62	0.000717164
12.63	0.00072826
12.64	0.000739526
12.65	0.000750965
12.66	0.000762578
12.67	0.000774369
12.68	0.000786341
12.69	0.000798496
12.7	0.000810837
12.71	0.000823366
12.72	0.000836087
12.73	0.000849002
12.74	0.000862114
12.75	0.000875427
12.76	0.000888943
12.77	0.000902664
12.78	0.000916596
12.79	0.000930739
12.8	0.000945098
12.81	0.000959676
12.82	0.000974476
12.83	0.000989501
12.84	0.00100475
12.85	0.00102024
12.86	0.00103596
12.87	0.00105192
12.88	0.00106812
12.89	0.00108457
12.9	0.00110127
12.91	0.00111822
12.92	0.00113543
12.93	0.0011529
12.94	0.00117063
12.95	0.00118864
12.96	0.00120691
12.97	0.00122546
12.98	0.0012443
12.99	0.00126341
13	0.00128282
13.01	0.00130252
13.02	0.00132251
13.03	0.00134281
13.04	0.00136341
13.05	0.00138433
13.06	0.00140556
13.07	0.00142711
13.08	0.00144898
13.09	0.00147118
13.1	0.00149372
13.11	0.00151659
13.12	0.00153981
13.13	0.00156338
13.14	0.00158729
13.15	0.00161157
13.16	0.00163621
13.17	0.00166122
13.18	0.00168661
13.19	0.00171237
13.2	0.00173852
13.21	0.00176506
13.22	0.00179199
13.23	0.00181933
13.24	0.00184707
13.25	0.00187523
13.26	0.0019038
13.27	0.0019328
13.28	0.00196223
13.29	0.0019921
13.3	0.00202241
13.31	0.00205317
13.32	0.00208438
13.33	0.00211606
13.34	0.00214821
13.35	0.00218083
13.36	0.00221393
13.37	0.00224752
13.38	0.0022816
13.39	0.00231619
13.4	0.00235129
13.41	0.0023869
13.42	0.00242303
13.43	0.0024597
13.44	0.0024969
13.45	0.00253465
13.46	0.00257295
13.47	0.00261181
13.48	0.00265124
13.49	0.00269124
13.5	0.00273183
13.51	0.00277301
13.52	0.00281478
13.53	0.00285717
13.54	0.00290016
13.55	0.00294379
13.56	0.00298804
13.57	0.00303294
13.58	0.00307848
13.59	0.00312468
13.6	0.00317155
13.61	0.00321909
13.62	0.00326732
13.63	0.00331624
13.64	0.00336586
13.65	0.0034162
13.66	0.00346726
13.67	0.00351904
13.68	0.00357157
13.69	0.00362484
13.7	0.00367888
13.71	0.00373368
13.72	0.00378926
13.73	0.00384563
13.74	0.0039028
13.75	0.00396078
13.76	0.00401958
13.77	0.00407921
13.78	0.00413968
13.79	0.004201
13.8	0.00426319
13.81	0.00432624
13.82	0.00439018
13.83	0.00445502
13.84	0.00452076
13.85	0.00458741
13.86	0.004655
13.87	0.00472352
13.88	0.004793
13.89	0.00486344
13.9	0.00493485
13.91	0.00500725
13.92	0.00508065
13.93	0.00515506
13.94	0.00523049
13.95	0.00530696
13.96	0.00538447
13.97	0.00546305
13.98	0.00554269
13.99	0.00562342
14	0.00570525
14.01	0.00578819
14.02	0.00587225
14.03	0.00595744
14.04	0.00604379
14.05	0.0061313
14.06	0.00621998
14.07	0.00630985
14.08	0.00640093
14.09	0.00649322
14.1	0.00658674
14.11	0.0066815
14.12	0.00677752
14.13	0.00687481
14.14	0.00697339
14.15	0.00707326
14.16	0.00717445
14.17	0.00727696
14.18	0.00738082
14.19	0.00748603
14.2	0.00759262
14.21	0.00770058
14.22	0.00780995
14.23	0.00792073
14.24	0.00803294
14.25	0.00814659
14.26	0.0082617
14.27	0.00837829
14.28	0.00849636
14.29	0.00861594
14.3	0.00873703
14.31	0.00885966
14.32	0.00898383
14.33	0.00910957
14.34	0.00923689
14.35	0.00936581
14.36	0.00949633
14.37	0.00962848
14.38	0.00976227
14.39	0.00989771
14.4	0.0100348
14.41	0.0101736
14.42	0.0103141
14.43	0.0104564
14.44	0.0106003
14.45	0.010746
14.46	0.0108935
14.47	0.0110427
14.48	0.0111938
14.49	0.0113467
14.5	0.0115013
14.51	0.0116579
14.52	0.0118163
14.53	0.0119765
14.54	0.0121387
14.55	0.0123028
14.56	0.0124687
14.57	0.0126367
14.58	0.0128065
14.59	0.0129784
14.6	0.0131522
14.61	0.013328
14.62	0.0135059
14.63	0.0136857
14.64	0.0138677
14.65	0.0140516
14.66	0.0142377
14.67	0.0144258
14.68	0.0146161
14.69	0.0148084
14.7	0.015003
14.71	0.0151996
14.72	0.0153984
14.73	0.0155994
14.74	0.0158026
14.75	0.016008
14.76	0.0162157
14.77	0.0164256
14.78	0.0166377
14.79	0.0168521
14.8	0.0170688
14.81	0.0172877
14.82	0.017509
14.83	0.0177326
14.84	0.0179586
14.85	0.0181869
14.86	0.0184175
14.87	0.0186506
14.88	0.018886
14.89	0.0191238
14.9	0.0193641
14.91	0.0196067
14.92	0.0198518
14.93	0.0200994
14.94	0.0203494
14.95	0.020602
14.96	0.020857
14.97	0.0211145
14.98	0.0213745
14.99	0.021637
15	0.0219021
15.01	0.0221697
15.02	0.0224399
15.03	0.0227126
15.04	0.022988
15.05	0.0232659
15.06	0.0235464
15.07	0.0238295
15.08	0.0241153
15.09	0.0244036
15.1	0.0246946
15.11	0.0249883
15.12	0.0252846
15.13	0.0255835
15.14	0.0258852
15.15	0.0261895
15.16	0.0264965
15.17	0.0268062
15.18	0.0271186
15.19	0.0274337
15.2	0.0277515
15.21	0.028072
15.22	0.0283953
15.23	0.0287213
15.24	0.0290501
15.25	0.0293815
15.26	0.0297158
15.27	0.0300528
15.28	0.0303925
15.29	0.0307351
15.3	0.0310804
15.31	0.0314284
15.32	0.0317793
15.33	0.0321329
15.34	0.0324893
15.35	0.0328486
15.36	0.0332105
15.37	0.0335753
15.38	0.0339429
15.39	0.0343133
15.4	0.0346865
15.41	0.0350625
15.42	0.0354413
15.43	0.0358229
15.44	0.0362072
15.45	0.0365944
15.46	0.0369844
15.47	0.0373773
15.48	0.0377729
15.49	0.0381713
15.5	0.0385725
15.51	0.0389765
15.52	0.0393833
15.53	0.0397929
15.54	0.0402053
15.55	0.0406205
15.56	0.0410385
15.57	0.0414593
15.58	0.0418828
15.59	0.0423092
15.6	0.0427383
15.61	0.0431702
15.62	0.0436048
15.63	0.0440423
15.64	0.0444825
15.65	0.0449254
15.66	0.0453711
15.67	0.0458195
15.68	0.0462707
15.69	0.0467246
15.7	0.0471812
15.71	0.0476406
15.72	0.0481026
15.73	0.0485674
15.74	0.0490349
15.75	0.049505
15.76	0.0499779
15.77	0.0504534
15.78	0.0509316
15.79	0.0514124
15.8	0.0518959
15.81	0.0523821
15.82	0.0528708
15.83	0.0533622
15.84	0.0538562
15.85	0.0543529
15.86	0.0548521
15.87	0.0553539
15.88	0.0558583
15.89	0.0563652
15.9	0.0568747
15.91	0.0573867
15.92	0.0579013
15.93	0.0584184
15.94	0.058938
15.95	0.0594601
15.96	0.0599847
15.97	0.0605117
15.98	0.0610412
15.99	0.0615732
16	0.0621076
16.01	0.0626444
16.02	0.0631837
16.03	0.0637253
16.04	0.0642693
16.05	0.0648157
16.06	0.0653645
16.07	0.0659156
16.08	0.066469
16.09	0.0670247
16.1	0.0675828
16.11	0.0681431
16.12	0.0687057
16.13	0.0692706
16.14	0.0698377
16.15	0.0704071
16.16	0.0709786
16.17	0.0715524
16.18	0.0721283
16.19	0.0727064
16.2	0.0732867
16.21	0.0738691
16.22	0.0744537
16.23	0.0750403
16.24	0.0756291
16.25	0.0762199
16.26	0.0768128
16.27	0.0774077
16.28	0.0780046
16.29	0.0786036
16.3	0.0792046
16.31	0.0798075
16.32	0.0804124
16.33	0.0810193
16.34	0.0816281
16.35	0.0822388
16.36	0.0828514
16.37	0.0834659
16.38	0.0840822
16.39	0.0847004
16.4	0.0853205
16.41	0.0859423
16.42	0.0865659
16.43	0.0871914
16.44	0.0878185
16.45	0.0884475
16.46	0.0890781
16.47	0.0897105
16.48	0.0903446
16.49	0.0909803
16.5	0.0916177
16.51	0.0922568
16.52	0.0928974
16.53	0.0935397
16.54	0.0941836
16.55	0.094829
16.56	0.095476
16.57	0.0961246
16.58	0.0967746
16.59	0.0974262
16.6	0.0980792
16.61	0.0987337
16.62	0.0993897
16.63	0.100047
16.64	0.100706
16.65	0.101366
16.66	0.102028
16.67	0.102691
16.68	0.103355
16.69	0.104021
16.7	0.104688
16.71	0.105356
16.72	0.106025
16.73	0.106696
16.74	0.107368
16.75	0.108042
16.76	0.108716
16.77	0.109392
16.78	0.110068
16.79	0.110746
16.8	0.111426
16.81	0.112106
16.82	0.112787
16.83	0.11347
16.84	0.114153
16.85	0.114838
16.86	0.115523
16.87	0.11621
16.88	0.116898
16.89	0.117586
16.9	0.118276
16.91	0.118966
16.92	0.119658
16.93	0.12035
16.94	0.121044
16.95	0.121738
16.96	0.122433
16.97	0.123129
16.98	0.123826
16.99	0.124523
17	0.125222
17.01	0.125921
17.02	0.126621
17.03	0.127321
17.04	0.128023
17.05	0.128725
17.06	0.129428
17.07	0.130131
17.08	0.130836
17.09	0.131541
17.1	0.132246
17.11	0.132952
17.12	0.133659
17.13	0.134367
17.14	0.135075
17.15	0.135783
17.16	0.136492
17.17	0.137202
17.18	0.137912
17.19	0.138623
17.2	0.139334
17.21	0.140046
17.22	0.140758
17.23	0.14147
17.24	0.142183
17.25	0.142897
17.26	0.14361
17.27	0.144325
17.28	0.145039
17.29	0.145754
17.3	0.146469
17.31	0.147185
17.32	0.147901
17.33	0.148617
17.34	0.149333
17.35	0.15005
17.36	0.150767
17.37	0.151485
17.38	0.152202
17.39	0.15292
17.4	0.153638
17.41	0.154356
17.42	0.155074
17.43	0.155793
17.44	0.156511
17.45	0.15723
17.46	0.157949
17.47	0.158668
17.48	0.159387
17.49	0.160106
17.5	0.160825
17.51	0.161544
17.52	0.162264
17.53	0.162983
17.54	0.163702
17.55	0.164422
17.56	0.165141
17.57	0.16586
17.58	0.16658
17.59	0.167299
17.6	0.168018
17.61	0.168737
17.62	0.169456
17.63	0.170175
17.64	0.170894
17.65	0.171613
17.66	0.172332
17.67	0.17305
17.68	0.173768
17.69	0.174487
17.7	0.175205
17.71	0.175922
17.72	0.17664
17.73	0.177357
17.74	0.178074
17.75	0.178791
17.76	0.179508
17.77	0.180224
17.78	0.180941
17.79	0.181657
17.8	0.182372
17.81	0.183087
17.82	0.183802
17.83	0.184517
17.84	0.185231
17.85	0.185945
17.86	0.186659
17.87	0.187372
17.88	0.188085
17.89	0.188797
17.9	0.18951
17.91	0.190221
17.92	0.190933
17.93	0.191643
17.94	0.192354
17.95	0.193064
17.96	0.193773
17.97	0.194482
17.98	0.195191
17.99	0.195899
18	0.196606
18.01	0.197314
18.02	0.19802
18.03	0.198726
18.04	0.199432
18.05	0.200137
18.06	0.200841
18.07	0.201545
18.08	0.202248
18.09	0.202951
18.1	0.203653
18.11	0.204354
18.12	0.205055
18.13	0.205755
18.14	0.206455
18.15	0.207154
18.16	0.207852
18.17	0.20855
18.18	0.209247
18.19	0.209943
18.2	0.210639
18.21	0.211334
18.22	0.212028
18.23	0.212722
18.24	0.213415
18.25	0.214107
18.26	0.214799
18.27	0.215489
18.28	0.216179
18.29	0.216868
18.3	0.217557
18.31	0.218244
18.32	0.218931
18.33	0.219617
18.34	0.220303
18.35	0.220987
18.36	0.221671
18.37	0.222354
18.38	0.223036
18.39	0.223717
18.4	0.224397
18.41	0.225077
18.42	0.225756
18.43	0.226433
18.44	0.22711
18.45	0.227786
18.46	0.228461
18.47	0.229136
18.48	0.229809
18.49	0.230482
18.5	0.231153
18.51	0.231824
18.52	0.232493
18.53	0.233162
18.54	0.23383
18.55	0.234497
18.56	0.235163
18.57	0.235828
18.58	0.236492
18.59	0.237155
18.6	0.237817
18.61	0.238478
18.62	0.239138
18.63	0.239797
18.64	0.240455
18.65	0.241112
18.66	0.241768
18.67	0.242423
18.68	0.243077
18.69	0.243729
18.7	0.244381
18.71	0.245032
18.72	0.245682
18.73	0.24633
18.74	0.246978
18.75	0.247624
18.76	0.24827
18.77	0.248914
18.78	0.249557
18.79	0.250199
18.8	0.25084
18.81	0.25148
18.82	0.252119
18.83	0.252757
18.84	0.253393
18.85	0.254028
18.86	0.254663
18.87	0.255296
18.88	0.255927
18.89	0.256558
18.9	0.257188
18.91	0.257816
18.92	0.258443
18.93	0.259069
18.94	0.259694
18.95	0.260318
18.96	0.26094
18.97	0.261561
18.98	0.262181
18.99	0.2628
19	0.263418
19.01	0.264034
19.02	0.264649
19.03	0.265263
19.04	0.265876
19.05	0.266487
19.06	0.267097
19.07	0.267706
19.08	0.268314
19.09	0.26892
19.1	0.269525
19.11	0.270129
19.12	0.270731
19.13	0.271332
19.14	0.271932
19.15	0.272531
19.16	0.273128
19.17	0.273724
19.18	0.274319
19.19	0.274912
19.2	0.275504
19.21	0.276095
19.22	0.276684
19.23	0.277272
19.24	0.277859
19.25	0.278444
19.26	0.279028
19.27	0.279611
19.28	0.280192
19.29	0.280772
19.3	0.281351
19.31	0.281928
19.32	0.282504
19.33	0.283078
19.34	0.283651
19.35	0.284223
19.36	0.284793
19.37	0.285362
19.38	0.285929
19.39	0.286495
19.4	0.28706
19.41	0.287623
19.42	0.288185
19.43	0.288745
19.44	0.289304
19.45	0.289861
19.46	0.290417
19.47	0.290972
19.48	0.291525
19.49	0.292077
19.5	0.292627
19.51	0.293176
19.52	0.293723
19.53	0.294269
19.54	0.294813
19.55	0.295356
19.56	0.295897
19.57	0.296437
19.58	0.296976
19.59	0.297513
19.6	0.298048
19.61	0.298582
19.62	0.299115
19.63	0.299646
19.64	0.300175
19.65	0.300703
19.66	0.301229
19.67	0.301754
19.68	0.302278
19.69	0.3028
19.7	0.30332
19.71	0.303839
19.72	0.304356
19.73	0.304872
19.74	0.305386
19.75	0.305898
19.76	0.306409
19.77	0.306919
19.78	0.307427
19.79	0.307933
19.8	0.308438
19.81	0.308941
19.82	0.309443
19.83	0.309943
19.84	0.310442
19.85	0.310938
19.86	0.311434
19.87	0.311928
19.88	0.31242
19.89	0.31291
19.9	0.313399
19.91	0.313887
19.92	0.314372
19.93	0.314856
19.94	0.315339
19.95	0.31582
19.96	0.316299
19.97	0.316777
19.98	0.317253
19.99	0.317727
20	0.3182
20.01	0.318671
20.02	0.319141
20.03	0.319609
20.04	0.320075
20.05	0.320539
20.06	0.321002
20.07	0.321464
20.08	0.321923
20.09	0.322381
20.1	0.322837
20.11	0.323292
20.12	0.323745
20.13	0.324196
20.14	0.324646
20.15	0.325094
20.16	0.32554
20.17	0.325985
20.18	0.326428
20.19	0.326869
20.2	0.327308
20.21	0.327746
20.22	0.328182
20.23	0.328617
20.24	0.329049
20.25	0.32948
20.26	0.32991
20.27	0.330337
20.28	0.330763
20.29	0.331187
20.3	0.33161
20.31	0.33203
20.32	0.332449
20.33	0.332867
20.34	0.333282
20.35	0.333696
20.36	0.334108
20.37	0.334519
20.38	0.334927
20.39	0.335334
20.4	0.335739
20.41	0.336143
20.42	0.336544
20.43	0.336944
20.44	0.337342
20.45	0.337739
20.46	0.338133
20.47	0.338526
20.48	0.338917
20.49	0.339307
20.5	0.339694
20.51	0.34008
20.52	0.340464
20.53	0.340846
20.54	0.341227
20.55	0.341605
20.56	0.341982
20.57	0.342357
20.58	0.342731
20.59	0.343102
20.6	0.343472
20.61	0.34384
20.62	0.344206
20.63	0.344571
20.64	0.344933
20.65	0.345294
20.66	0.345653
20.67	0.34601
20.68	0.346365
20.69	0.346719
20.7	0.347071
20.71	0.347421
20.72	0.347769
20.73	0.348115
20.74	0.348459
20.75	0.348802
20.76	0.349143
20.77	0.349482
20.78	0.349819
20.79	0.350154
20.8	0.350488
20.81	0.35082
20.82	0.351149
20.83	0.351477
20.84	0.351804
20.85	0.352128
20.86	0.35245
20.87	0.352771
20.88	0.35309
20.89	0.353407
20.9	0.353722
20.91	0.354035
20.92	0.354346
20.93	0.354656
20.94	0.354963
20.95	0.355269
20.96	0.355573
20.97	0.355875
20.98	0.356175
20.99	0.356474
21	0.35677
21.01	0.357065
21.02	0.357357
21.03	0.357648
21.04	0.357937
21.05	0.358224
21.06	0.358509
21.07	0.358793
21.08	0.359074
21.09	0.359354
21.1	0.359631
21.11	0.359907
21.12	0.360181
21.13	0.360453
21.14	0.360723
21.15	0.360991
21.16	0.361258
21.17	0.361522
21.18	0.361785
21.19	0.362045
21.2	0.362304
21.21	0.362561
21.22	0.362816
21.23	0.363069
21.24	0.36332
21.25	0.363569
21.26	0.363816
21.27	0.364061
21.28	0.364305
21.29	0.364546
21.3	0.364786
21.31	0.365024
21.32	0.36526
21.33	0.365493
21.34	0.365725
21.35	0.365955
21.36	0.366183
21.37	0.36641
21.38	0.366634
21.39	0.366856
21.4	0.367077
21.41	0.367295
21.42	0.367512
21.43	0.367726
21.44	0.367939
21.45	0.368149
21.46	0.368358
21.47	0.368565
21.48	0.36877
21.49	0.368973
21.5	0.369174
21.51	0.369373
21.52	0.36957
21.53	0.369765
21.54	0.369959
21.55	0.37015
21.56	0.370339
21.57	0.370527
21.58	0.370712
21.59	0.370896
21.6	0.371077
21.61	0.371257
21.62	0.371434
21.63	0.37161
21.64	0.371784
21.65	0.371956
21.66	0.372125
21.67	0.372293
21.68	0.372459
21.69	0.372623
21.7	0.372785
21.71	0.372945
21.72	0.373103
21.73	0.373259
21.74	0.373413
21.75	0.373565
21.76	0.373716
21.77	0.373864
21.78	0.37401
21.79	0.374154
21.8	0.374297
21.81	0.374437
21.82	0.374575
21.83	0.374712
21.84	0.374846
21.85	0.374979
21.86	0.375109
21.87	0.375237
21.88	0.375364
21.89	0.375489
21.9	0.375611
21.91	0.375732
21.92	0.37585
21.93	0.375967
21.94	0.376081
21.95	0.376194
21.96	0.376305
21.97	0.376414
21.98	0.37652
21.99	0.376625
22	0.376728
22.01	0.376828
22.02	0.376927
22.03	0.377024
22.04	0.377119
22.05	0.377212
22.06	0.377302
22.07	0.377391
22.08	0.377478
22.09	0.377563
22.1	0.377646
22.11	0.377727
22.12	0.377806
22.13	0.377882
22.14	0.377957
22.15	0.37803
22.16	0.378101
22.17	0.37817
22.18	0.378237
22.19	0.378302
22.2	0.378365
22.21	0.378426
22.22	0.378485
22.23	0.378542
22.24	0.378597
22.25	0.37865
22.26	0.378701
22.27	0.37875
22.28	0.378797
22.29	0.378842
22.3	0.378885
22.31	0.378925
22.32	0.378964
22.33	0.379001
22.34	0.379036
22.35	0.379069
22.36	0.3791
22.37	0.379129
22.38	0.379156
22.39	0.379181
22.4	0.379204
22.41	0.379225
22.42	0.379244
22.43	0.379261
22.44	0.379276
22.45	0.379289
22.46	0.3793
22.47	0.379309
22.48	0.379316
22.49	0.379321
22.5	0.379324
22.51	0.379325
22.52	0.379324
22.53	0.379321
22.54	0.379316
22.55	0.379309
22.56	0.3793
22.57	0.379289
22.58	0.379276
22.59	0.379261
22.6	0.379244
22.61	0.379225
22.62	0.379204
22.63	0.379181
22.64	0.379156
22.65	0.379129
22.66	0.3791
22.67	0.379069
22.68	0.379036
22.69	0.379001
22.7	0.378964
22.71	0.378925
22.72	0.378885
22.73	0.378842
22.74	0.378797
22.75	0.37875
22.76	0.378701
22.77	0.37865
22.78	0.378597
22.79	0.378542
22.8	0.378485
22.81	0.378426
22.82	0.378365
22.83	0.378302
22.84	0.378237
22.85	0.37817
22.86	0.378101
22.87	0.37803
22.88	0.377957
22.89	0.377882
22.9	0.377806
22.91	0.377727
22.92	0.377646
22.93	0.377563
22.94	0.377478
22.95	0.377391
22.96	0.377302
22.97	0.377212
22.98	0.377119
22.99	0.377024
23	0.376927
23.01	0.376828
23.02	0.376728
23.03	0.376625
23.04	0.37652
23.05	0.376414
23.06	0.376305
23.07	0.376194
23.08	0.376081
23.09	0.375967
23.1	0.37585
23.11	0.375732
23.12	0.375611
23.13	0.375489
23.14	0.375364
23.15	0.375237
23.16	0.375109
23.17	0.374979
23.18	0.374846
23.19	0.374712
23.2	0.374575
23.21	0.374437
23.22	0.374297
23.23	0.374154
23.24	0.37401
23.25	0.373864
23.26	0.373716
23.27	0.373565
23.28	0.373413
23.29	0.373259
23.3	0.373103
23.31	0.372945
23.32	0.372785
23.33	0.372623
23.34	0.372459
23.35	0.372293
23.36	0.372125
23.37	0.371956
23.38	0.371784
23.39	0.37161
23.4	0.371434
23.41	0.371257
23.42	0.371077
23.43	0.370896
23.44	0.370712
23.45	0.370527
23.46	0.370339
23.47	0.37015
23.48	0.369959
23.49	0.369765
23.5	0.36957
23.51	0.369373
23.52	0.369174
23.53	0.368973
23.54	0.36877
23.55	0.368565
23.56	0.368358
23.57	0.368149
23.58	0.367939
23.59	0.367726
23.6	0.367512
23.61	0.367295
23.62	0.367077
23.63	0.366856
23.64	0.366634
23.65	0.36641
23.66	0.366183
23.67	0.365955
23.68	0.365725
23.69	0.365493
23.7	0.36526
23.71	0.365024
23.72	0.364786
23.73	0.364546
23.74	0.364305
23.75	0.364061
23.76	0.363816
23.77	0.363569
23.78	0.36332
23.79	0.363069
23.8	0.362816
23.81	0.362561
23.82	0.362304
23.83	0.362045
23.84	0.361785
23.85	0.361522
23.86	0.361258
23.87	0.360991
23.88	0.360723
23.89	0.360453
23.9	0.360181
23.91	0.359907
23.92	0.359631
23.93	0.359354
23.94	0.359074
23.95	0.358793
23.96	0.358509
23.97	0.358224
23.98	0.357937
23.99	0.357648
24	0.357357
24.01	0.357065
24.02	0.35677
24.03	0.356474
24.04	0.356175
24.05	0.355875
24.06	0.355573
24.07	0.355269
24.08	0.354963
24.09	0.354656
24.1	0.354346
24.11	0.354035
24.12	0.353722
24.13	0.353407
24.14	0.35309
24.15	0.352771
24.16	0.35245
24.17	0.352128
24.18	0.351804
24.19	0.351477
24.2	0.351149
24.21	0.35082
24.22	0.350488
24.23	0.350154
24.24	0.349819
24.25	0.349482
24.26	0.349143
24.27	0.348802
24.28	0.348459
24.29	0.348115
24.3	0.347769
24.31	0.347421
24.32	0.347071
24.33	0.346719
24.34	0.346365
24.35	0.34601
24.36	0.345653
24.37	0.345294
24.38	0.344933
24.39	0.344571
24.4	0.344206
24.41	0.34384
24.42	0.343472
24.43	0.343102
24.44	0.342731
24.45	0.342357
24.46	0.341982
24.47	0.341605
24.48	0.341227
24.49	0.340846
24.5	0.340464
24.51	0.34008
24.52	0.339694
24.53	0.339307
24.54	0.338917
24.55	0.338526
24.56	0.338133
24.57	0.337739
24.58	0.337342
24.59	0.336944
24.6	0.336544
24.61	0.336143
24.62	0.335739
24.63	0.335334
24.64	0.334927
24.65	0.334519
24.66	0.334108
24.67	0.333696
24.68	0.333282
24.69	0.332867
24.7	0.332449
24.71	0.33203
24.72	0.33161
24.73	0.331187
24.74	0.330763
24.75	0.330337
24.76	0.32991
24.77	0.32948
24.78	0.329049
24.79	0.328617
24.8	0.328182
24.81	0.327746
24.82	0.327308
24.83	0.326869
24.84	0.326428
24.85	0.325985
24.86	0.32554
24.87	0.325094
24.88	0.324646
24.89	0.324196
24.9	0.323745
24.91	0.323292
24.92	0.322837
24.93	0.322381
24.94	0.321923
24.95	0.321464
24.96	0.321002
24.97	0.320539
24.98	0.320075
24.99	0.319609
25	0.319141
25.01	0.318671
25.02	0.3182
25.03	0.317727
25.04	0.317253
25.05	0.316777
25.06	0.316299
25.07	0.31582
25.08	0.315339
25.09	0.314856
25.1	0.314372
25.11	0.313887
25.12	0.313399
25.13	0.31291
25.14	0.31242
25.15	0.311928
25.16	0.311434
25.17	0.310938
25.18	0.310442
25.19	0.309943
25.2	0.309443
25.21	0.308941
25.22	0.308438
25.23	0.307933
25.24	0.307427
25.25	0.306919
25.26	0.306409
25.27	0.305898
25.28	0.305386
25.29	0.304872
25.3	0.304356
25.31	0.303839
25.32	0.30332
25.33	0.3028
25.34	0.302278
25.35	0.301754
25.36	0.301229
25.37	0.300703
25.38	0.300175
25.39	0.299646
25.4	0.299115
25.41	0.298582
25.42	0.298048
25.43	0.297513
25.44	0.296976
25.45	0.296437
25.46	0.295897
25.47	0.295356
25.48	0.294813
25.49	0.294269
25.5	0.293723
25.51	0.293176
25.52	0.292627
25.53	0.292077
25.54	0.291525
25.55	0.290972
25.56	0.290417
25.57	0.289861
25.58	0.289304
25.59	0.288745
25.6	0.288185
25.61	0.287623
25.62	0.28706
25.63	0.286495
25.64	0.285929
25.65	0.285362
25.66	0.284793
25.67	0.284223
25.68	0.283651
25.69	0.283078
25.7	0.282504
25.71	0.281928
25.72	0.281351
25.73	0.280772
25.74	0.280192
25.75	0.279611
25.76	0.279028
25.77	0.278444
25.78	0.277859
25.79	0.277272
25.8	0.276684
25.81	0.276095
25.82	0.275504
25.83	0.274912
25.84	0.274319
25.85	0.273724
25.86	0.273128
25.87	0.272531
25.88	0.271932
25.89	0.271332
25.9	0.270731
25.91	0.270129
25.92	0.269525
25.93	0.26892
25.94	0.268314
25.95	0.267706
25.96	0.267097
25.97	0.266487
25.98	0.265876
25.99	0.265263
26	0.264649
26.01	0.264034
26.02	0.263418
26.03	0.2628
26.04	0.262181
26.05	0.261561
26.06	0.26094
26.07	0.260318
26.08	0.259694
26.09	0.259069
26.1	0.258443
26.11	0.257816
26.12	0.257188
26.13	0.256558
26.14	0.255927
26.15	0.255296
26.16	0.254663
26.17	0.254028
26.18	0.253393
26.19	0.252757
26.2	0.252119
26.21	0.25148
26.22	0.25084
26.23	0.250199
26.24	0.249557
26.25	0.248914
26.26	0.24827
26.27	0.247624
26.28	0.246978
26.29	0.24633
26.3	0.245682
26.31	0.245032
26.32	0.244381
26.33	0.243729
26.34	0.243077
26.35	0.242423
26.36	0.241768
26.37	0.241112
26.38	0.240455
26.39	0.239797
26.4	0.239138
26.41	0.238478
26.42	0.237817
26.43	0.237155
26.44	0.236492
26.45	0.235828
26.46	0.235163
26.47	0.234497
26.48	0.23383
26.49	0.233162
26.5	0.232493
26.51	0.231824
26.52	0.231153
26.53	0.230482
26.54	0.229809
26.55	0.229136
26.56	0.228461
26.57	0.227786
26.58	0.22711
26.59	0.226433
26.6	0.225756
26.61	0.225077
26.62	0.224397
26.63	0.223717
26.64	0.223036
26.65	0.222354
26.66	0.221671
26.67	0.220987
26.68	0.220303
26.69	0.219617
26.7	0.218931
26.71	0.218244
26.72	0.217557
26.73	0.216868
26.74	0.216179
26.75	0.215489
26.76	0.214799
26.77	0.214107
26.78	0.213415
26.79	0.212722
26.8	0.212028
26.81	0.211334
26.82	0.210639
26.83	0.209943
26.84	0.209247
26.85	0.20855
26.86	0.207852
26.87	0.207154
26.88	0.206455
26.89	0.205755
26.9	0.205055
26.91	0.204354
26.92	0.203653
26.93	0.202951
26.94	0.202248
26.95	0.201545
26.96	0.200841
26.97	0.200137
26.98	0.199432
26.99	0.198726
27	0.19802
27.01	0.197314
27.02	0.196606
27.03	0.195899
27.04	0.195191
27.05	0.194482
27.06	0.193773
27.07	0.193064
27.08	0.192354
27.09	0.191643
27.1	0.190933
27.11	0.190221
27.12	0.18951
27.13	0.188797
27.14	0.188085
27.15	0.187372
27.16	0.186659
27.17	0.185945
27.18	0.185231
27.19	0.184517
27.2	0.183802
27.21	0.183087
27.22	0.182372
27.23	0.181657
27.24	0.180941
27.25	0.180224
27.26	0.179508
27.27	0.178791
27.28	0.178074
27.29	0.177357
27.3	0.17664
27.31	0.175922
27.32	0.175205
27.33	0.174487
27.34	0.173768
27.35	0.17305
27.36	0.172332
27.37	0.171613
27.38	0.170894
27.39	0.170175
27.4	0.169456
27.41	0.168737
27.42	0.168018
27.43	0.167299
27.44	0.16658
27.45	0.16586
27.46	0.165141
27.47	0.164422
27.48	0.163702
27.49	0.162983
27.5	0.162264
27.51	0.161544
27.52	0.160825
27.53	0.160106
27.54	0.159387
27.55	0.158668
27.56	0.157949
27.57	0.15723
27.58	0.156511
27.59	0.155793
27.6	0.155074
27.61	0.154356
27.62	0.153638
27.63	0.15292
27.64	0.152202
27.65	0.151485
27.66	0.150767
27.67	0.15005
27.68	0.149333
27.69	0.148617
27.7	0.147901
27.71	0.147185
27.72	0.146469
27.73	0.145754
27.74	0.145039
27.75	0.144325
27.76	0.14361
27.77	0.142897
27.78	0.142183
27.79	0.14147
27.8	0.140758
27.81	0.140046
27.82	0.139334
27.83	0.138623
27.84	0.137912
27.85	0.137202
27.86	0.136492
27.87	0.135783
27.88	0.135075
27.89	0.134367
27.9	0.133659
27.91	0.132952
27.92	0.132246
27.93	0.131541
27.94	0.130836
27.95	0.130131
27.96	0.129428
27.97	0.128725
27.98	0.128023
27.99	0.127321
28	0.126621
28.01	0.125921
28.02	0.125222
28.03	0.124523
28.04	0.123826
28.05	0.123129
28.06	0.122433
28.07	0.121738
28.08	0.121044
28.09	0.12035
28.1	0.119658
28.11	0.118966
28.12	0.118276
28.13	0.117586
28.14	0.116898
28.15	0.11621
28.16	0.115523
28.17	0.114838
28.18	0.114153
28.19	0.11347
28.2	0.112787
28.21	0.112106
28.22	0.111426
28.23	0.110746
28.24	0.110068
28.25	0.109392
28.26	0.108716
28.27	0.108042
28.28	0.107368
28.29	0.106696
28.3	0.106025
28.31	0.105356
28.32	0.104688
28.33	0.104021
28.34	0.103355
28.35	0.102691
28.36	0.102028
28.37	0.101366
28.38	0.100706
28.39	0.100047
28.4	0.0993897
28.41	0.0987337
28.42	0.0980792
28.43	0.0974262
28.44	0.0967746
28.45	0.0961246
28.46	0.095476
28.47	0.094829
28.48	0.0941836
28.49	0.0935397
28.5	0.0928974
28.51	0.0922568
28.52	0.0916177
28.53	0.0909803
28.54	0.0903446
28.55	0.0897105
28.56	0.0890781
28.57	0.0884475
28.58	0.0878185
28.59	0.0871914
28.6	0.0865659
28.61	0.0859423
28.62	0.0853205
28.63	0.0847004
28.64	0.0840822
28.65	0.0834659
28.66	0.0828514
28.67	0.0822388
28.68	0.0816281
28.69	0.0810193
28.7	0.0804124
28.71	0.0798075
28.72	0.0792046
28.73	0.0786036
28.74	0.0780046
28.75	0.0774077
28.76	0.0768128
28.77	0.0762199
28.78	0.0756291
28.79	0.0750403
28.8	0.0744537
28.81	0.0738691
28.82	0.0732867
28.83	0.0727064
28.84	0.0721283
28.85	0.0715524
28.86	0.0709786
28.87	0.0704071
28.88	0.0698377
28.89	0.0692706
28.9	0.0687057
28.91	0.0681431
28.92	0.0675828
28.93	0.0670247
28.94	0.066469
28.95	0.0659156
28.96	0.0653645
28.97	0.0648157
28.98	0.0642693
28.99	0.0637253
29	0.0631837
29.01	0.0626444
29.02	0.0621076
29.03	0.0615732
29.04	0.0610412
29.05	0.0605117
29.06	0.0599847
29.07	0.0594601
29.08	0.058938
29.09	0.0584184
29.1	0.0579013
29.11	0.0573867
29.12	0.0568747
29.13	0.0563652
29.14	0.0558583
29.15	0.0553539
29.16	0.0548521
29.17	0.0543529
29.18	0.0538562
29.19	0.0533622
29.2	0.0528708
29.21	0.0523821
29.22	0.0518959
29.23	0.0514124
29.24	0.0509316
29.25	0.0504534
29.26	0.0499779
29.27	0.049505
29.28	0.0490349
29.29	0.0485674
29.3	0.0481026
29.31	0.0476406
29.32	0.0471812
29.33	0.0467246
29.34	0.0462707
29.35	0.0458195
29.36	0.0453711
29.37	0.0449254
29.38	0.0444825
29.39	0.0440423
29.4	0.0436048
29.41	0.0431702
29.42	0.0427383
29.43	0.0423092
29.44	0.0418828
29.45	0.0414593
29.46	0.0410385
29.47	0.0406205
29.48	0.0402053
29.49	0.0397929
29.5	0.0393833
29.51	0.0389765
29.52	0.0385725
29.53	0.0381713
29.54	0.0377729
29.55	0.0373773
29.56	0.0369844
29.57	0.0365944
29.58	0.0362072
29.59	0.0358229
29.6	0.0354413
29.61	0.0350625
29.62	0.0346865
29.63	0.0343133
29.64	0.0339429
29.65	0.0335753
29.66	0.0332105
29.67	0.0328486
29.68	0.0324893
29.69	0.0321329
29.7	0.0317793
29.71	0.0314284
29.72	0.0310804
29.73	0.0307351
29.74	0.0303925
29.75	0.0300528
29.76	0.0297158
29.77	0.0293815
29.78	0.0290501
29.79	0.0287213
29.8	0.0283953
29.81	0.028072
29.82	0.0277515
29.83	0.0274337
29.84	0.0271186
29.85	0.0268062
29.86	0.0264965
29.87	0.0261895
29.88	0.0258852
29.89	0.0255835
29.9	0.0252846
29.91	0.0249883
29.92	0.0246946
29.93	0.0244036
29.94	0.0241153
29.95	0.0238295
29.96	0.0235464
29.97	0.0232659
29.98	0.022988
29.99	0.0227126
30	0.0224399
30.01	0.0221697
30.02	0.0219021
30.03	0.021637
30.04	0.0213745
30.05	0.0211145
30.06	0.020857
30.07	0.020602
30.08	0.0203494
30.09	0.0200994
30.1	0.0198518
30.11	0.0196067
30.12	0.0193641
30.13	0.0191238
30.14	0.018886
30.15	0.0186506
30.16	0.0184175
30.17	0.0181869
30.18	0.0179586
30.19	0.0177326
30.2	0.017509
30.21	0.0172877
30.22	0.0170688
30.23	0.0168521
30.24	0.0166377
30.25	0.0164256
30.26	0.0162157
30.27	0.016008
30.28	0.0158026
30.29	0.0155994
30.3	0.0153984
30.31	0.0151996
30.32	0.015003
30.33	0.0148084
30.34	0.0146161
30.35	0.0144258
30.36	0.0142377
30.37	0.0140516
30.38	0.0138677
30.39	0.0136857
30.4	0.0135059
30.41	0.013328
30.42	0.0131522
30.43	0.0129784
30.44	0.0128065
30.45	0.0126367
30.46	0.0124687
30.47	0.0123028
30.48	0.0121387
30.49	0.0119765
30.5	0.0118163
30.51	0.0116579
30.52	0.0115013
30.53	0.0113467
30.54	0.0111938
30.55	0.0110427
30.56	0.0108935
30.57	0.010746
30.58	0.0106003
30.59	0.0104564
30.6	0.0103141
30.61	0.0101736
30.62	0.0100348
30.63	0.00989771
30.64	0.00976227
30.65	0.00962848
30.66	0.00949633
30.67	0.00936581
30.68	0.00923689
30.69	0.00910957
30.7	0.00898383
30.71	0.00885966
30.72	0.00873703
30.73	0.00861594
30.74	0.00849636
30.75	0.00837829
30.76	0.0082617
30.77	0.00814659
30.78	0.00803294
30.79	0.00792073
30.8	0.00780995
30.81	0.00770058
30.82	0.00759262
30.83	0.00748603
30.84	0.00738082
30.85	0.00727696
30.86	0.00717445
30.87	0.00707326
30.88	0.00697339
30.89	0.00687481
30.9	0.00677752
30.91	0.0066815
30.92	0.00658674
30.93	0.00649322
30.94	0.00640093
30.95	0.00630985
30.96	0.00621998
30.97	0.0061313
30.98	0.00604379
30.99	0.00595744
31	0.00587225
31.01	0.00578819
31.02	0.00570525
31.03	0.00562342
31.04	0.00554269
31.05	0.00546305
31.06	0.00538447
31.07	0.00530696
31.08	0.00523049
31.09	0.00515506
31.1	0.00508065
31.11	0.00500725
31.12	0.00493485
31.13	0.00486344
31.14	0.004793
31.15	0.00472352
31.16	0.004655
31.17	0.00458741
31.18	0.00452076
31.19	0.00445502
31.2	0.00439018
31.21	0.00432624
31.22	0.00426319
31.23	0.004201
31.24	0.00413968
31.25	0.00407921
31.26	0.00401958
31.27	0.00396078
31.28	0.0039028
31.29	0.00384563
31.3	0.00378926
31.31	0.00373368
31.32	0.00367888
31.33	0.00362484
31.34	0.00357157
31.35	0.00351904
31.36	0.00346726
31.37	0.0034162
31.38	0.00336586
31.39	0.00331624
31.4	0.00326732
31.41	0.00321909
31.42	0.00317155
31.43	0.00312468
31.44	0.00307848
31.45	0.00303294
31.46	0.00298804
31.47	0.00294379
31.48	0.00290016
31.49	0.00285717
31.5	0.00281478
31.51	0.00277301
31.52	0.00273183
31.53	0.00269124
31.54	0.00265124
31.55	0.00261181
31.56	0.00257295
31.57	0.00253465
31.58	0.0024969
31.59	0.0024597
31.6	0.00242303
31.61	0.0023869
31.62	0.00235129
31.63	0.00231619
31.64	0.0022816
31.65	0.00224752
31.66	0.00221393
31.67	0.00218083
31.68	0.00214821
31.69	0.00211606
31.7	0.00208438
31.71	0.00205317
31.72	0.00202241
31.73	0.0019921
31.74	0.00196223
31.75	0.0019328
31.76	0.0019038
31.77	0.00187523
31.78	0.00184707
31.79	0.00181933
31.8	0.00179199
31.81	0.00176506
31.82	0.00173852
31.83	0.00171237
31.84	0.00168661
31.85	0.00166122
31.86	0.00163621
31.87	0.00161157
31.88	0.00158729
31.89	0.00156338
31.9	0.00153981
31.91	0.00151659
31.92	0.00149372
31.93	0.00147118
31.94	0.00144898
31.95	0.00142711
31.96	0.00140556
31.97	0.00138433
31.98	0.00136341
31.99	0.00134281
32	0.00132251
32.01	0.00130252
32.02	0.00128282
32.03	0.00126341
32.04	0.0012443
32.05	0.00122546
32.06	0.00120691
32.07	0.00118864
32.08	0.00117063
32.09	0.0011529
32.1	0.00113543
32.11	0.00111822
32.12	0.00110127
32.13	0.00108457
32.14	0.00106812
32.15	0.00105192
32.16	0.00103596
32.17	0.00102024
32.18	0.00100475
32.19	0.000989501
32.2	0.000974476
32.21	0.000959676
32.22	0.000945098
32.23	0.000930739
32.24	0.000916596
32.25	0.000902664
32.26	0.000888943
32.27	0.000875427
32.28	0.000862114
32.29	0.000849002
32.3	0.000836087
32.31	0.000823366
32.32	0.000810837
32.33	0.000798496
32.34	0.000786341
32.35	0.000774369
32.36	0.000762578
32.37	0.000750965
32.38	0.000739526
32.39	0.00072826
32.4	0.000717164
32.41	0.000706236
32.42	0.000695473
32.43	0.000684872
32.44	0.000674431
32.45	0.000664148
32.46	0.00065402
32.47	0.000644046
32.48	0.000634222
32.49	0.000624547
32.5	0.000615018
32.51	0.000605634
32.52	0.000596392
32.53	0.000587289
32.54	0.000578324
32.55	0.000569496
32.56	0.0005608
32.57	0.000552237
32.58	0.000543804
32.59	0.000535498
32.6	0.000527318
32.61	0.000519263
32.62	0.000511329
32.63	0.000503516
32.64	0.000495822
32.65	0.000488244
32.66	0.000480781
32.67	0.000473432
32.68	0.000466195
32.69	0.000459067
32.7	0.000452047
32.71	0.000445135
32.72	0.000438327
32.73	0.000431623
32.74	0.000425021
32.75	0.000418519
32.76	0.000412116
32.77	0.000405811
32.78	0.000399601
32.79	0.000393486
32.8	0.000387464
32.81	0.000381534
32.82	0.000375694
32.83	0.000369943
32.84	0.00036428
32.85	0.000358703
32.86	0.000353211
32.87	0.000347802
32.88	0.000342476
32.89	0.000337231
32.9	0.000332066
32.91	0.00032698
32.92	0.000321972
32.93	0.000317039
32.94	0.000312182
32.95	0.0003074
32.96	0.00030269
32.97	0.000298052
32.98	0.000293484
32.99	0.000288987
33	0.000284558
33.01	0.000280196
33.02	0.000275902
33.03	0.000271673
33.04	0.000267508
33.05	0.000263407
33.06	0.000259369
33.07	0.000255392
33.08	0.000251476
33.09	0.00024762
33.1	0.000243823
33.11	0.000240084
33.12	0.000236402
33.13	0.000232777
33.14	0.000229206
33.15	0.000225691
33.16	0.000222229
33.17	0.00021882
33.18	0.000215463
33.19	0.000212158
33.2	0.000208903
33.21	0.000205698
33.22	0.000202542
33.23	0.000199434
33.24	0.000196374
33.25	0.00019336
33.26	0.000190393
33.27	0.000187471
33.28	0.000184594
33.29	0.000181761
33.3	0.000178971
33.31	0.000176224
33.32	0.000173519
33.33	0.000170856
33.34	0.000168233
33.35	0.000165651
33.36	0.000163108
33.37	0.000160603
33.38	0.000158138
33.39	0.00015571
33.4	0.000153319
33.41	0.000150965
33.42	0.000148647
33.43	0.000146364
33.44	0.000144117
33.45	0.000141904
33.46	0.000139725
33.47	0.000137579
33.48	0.000135466
33.49	0.000133385
33.5	0.000131337
33.51	0.000129319
33.52	0.000127333
33.53	0.000125377
33.54	0.000123451
33.55	0.000121555
33.56	0.000119688
33.57	0.000117849
33.58	0.000116039
33.59	0.000114256
33.6	0.000112501
33.61	0.000110773
33.62	0.000109071
33.63	0.000107395
33.64	0.000105745
33.65	0.00010412
33.66	0.00010252
33.67	0.000100945
33.68	9.93941e-05
33.69	9.78668e-05
33.7	9.63629e-05
33.71	9.48821e-05
33.72	9.34241e-05
33.73	9.19884e-05
33.74	9.05747e-05
33.75	8.91828e-05
33.76	8.78122e-05
33.77	8.64627e-05
33.78	8.51338e-05
33.79	8.38254e-05
33.8	8.2537e-05
33.81	8.12685e-05
33.82	8.00194e-05
33.83	7.87894e-05
33.84	7.75784e-05
33.85	7.6386e-05
33.86	7.52118e-05
33.87	7.40557e-05
33.88	7.29174e-05
33.89	7.17965e-05
33.9	7.06928e-05
33.91	6.96061e-05
33.92	6.85361e-05
33.93	6.74825e-05
33.94	6.64451e-05
33.95	6.54236e-05
33.96	6.44178e-05
33.97	6.34274e-05
33.98	6.24523e-05
33.99	6.14922e-05
34	6.05468e-05
34.01	5.96159e-05
34.02	5.86993e-05
34.03	5.77968e-05
34.04	5.69081e-05
34.05	5.60332e-05
34.06	5.51716e-05
34.07	5.43233e-05
34.08	5.3488e-05
34.09	5.26656e-05
34.1	5.18558e-05
34.11	5.10584e-05
34.12	5.02733e-05
34.13	4.95002e-05
34.14	4.87391e-05
34.15	4.79896e-05
34.16	4.72516e-05
34.17	4.6525e-05
34.18	4.58096e-05
34.19	4.51051e-05
34.2	4.44115e-05
34.21	4.37285e-05
34.22	4.3056e-05
34.23	4.23939e-05
34.24	4.17419e-05
34.25	4.11e-05
34.26	4.04679e-05
34.27	3.98456e-05
34.28	3.92328e-05
34.29	3.86294e-05
34.3	3.80353e-05
34.31	3.74503e-05
34.32	3.68743e-05
34.33	3.63072e-05
34.34	3.57488e-05
34.35	3.5199e-05
34.36	3.46576e-05
34.37	3.41245e-05
34.38	3.35997e-05
34.39	3.30829e-05
34.4	3.25741e-05
34.41	3.2073e-05
34.42	3.15797e-05
34.43	3.1094e-05
34.44	3.06157e-05
34.45	3.01448e-05
34.46	2.96811e-05
34.47	2.92246e-05
34.48	2.87751e-05
34.49	2.83324e-05
34.5	2.78966e-05
34.51	2.74675e-05
34.52	2.7045e-05
34.53	2.6629e-05
34.54	2.62194e-05
34.55	2.58161e-05
34.56	2.5419e-05
34.57	2.50279e-05
34.58	2.46429e-05
34.59	2.42639e-05
34.6	2.38906e-05
34.61	2.35231e-05
34.62	2.31613e-05
34.63	2.2805e-05
34.64	2.24541e-05
34.65	2.21087e-05
34.66	2.17686e-05
34.67	2.14337e-05
34.68	2.1104e-05
34.69	2.07794e-05
34.7	2.04597e-05
34.71	2.01449e-05
34.72	1.9835e-05
34.73	1.95299e-05
34.74	1.92294e-05
34.75	1.89336e-05
34.76	1.86423e-05
34.77	1.83555e-05
34.78	1.80731e-05
34.79	1.77951e-05
34.8	1.75213e-05
34.81	1.72518e-05
34.82	1.69864e-05
34.83	1.6725e-05
34.84	1.64677e-05
34.85	1.62144e-05
34.86	1.59649e-05
34.87	1.57193e-05
34.88	1.54775e-05
34.89	1.52393e-05
34.9	1.50049e-05
34.91	1.4774e-05
34.92	1.45467e-05
34.93	1.43229e-05
34.94	1.41025e-05
34.95	1.38856e-05
34.96	1.36719e-05
34.97	1.34616e-05
34.98	1.32545e-05
34.99	1.30505e-05
35	1.28497e-05
35.01	1.2652e-05
35.02	1.24574e-05
35.03	1.22657e-05
35.04	1.2077e-05
35.05	1.18912e-05
35.06	1.17082e-05
35.07	1.15281e-05
35.08	1.13507e-05
35.09	1.11761e-05
35.1	1.10041e-05
35.11	1.08348e-05
35.12	1.06681e-05
35.13	1.05039e-05
35.14	1.03423e-05
35.15	1.01832e-05
35.16	1.00265e-05
35.17	9.87222e-06
35.18	9.72032e-06
35.19	9.57076e-06
35.2	9.42349e-06
35.21	9.27849e-06
35.22	9.13573e-06
35.23	8.99516e-06
35.24	8.85675e-06
35.25	8.72047e-06
35.26	8.58628e-06
35.27	8.45416e-06
35.28	8.32408e-06
35.29	8.19599e-06
35.3	8.06988e-06
35.31	7.9457e-06
35.32	7.82344e-06
35.33	7.70306e-06
35.34	7.58452e-06
35.35	7.46782e-06
35.36	7.3529e-06
35.37	7.23976e-06
35.38	7.12835e-06
35.39	7.01866e-06
35.4	6.91066e-06
35.41	6.80432e-06
35.42	6.69962e-06
35.43	6.59652e-06
35.44	6.49501e-06
35.45	6.39507e-06
35.46	6.29666e-06
35.47	6.19976e-06
35.48	6.10436e-06
35.49	6.01042e-06
35.5	5.91793e-06
35.51	5.82686e-06
35.52	5.73719e-06
35.53	5.6489e-06
35.54	5.56197e-06
35.55	5.47638e-06
35.56	5.3921e-06
35.57	5.30913e-06
35.58	5.22742e-06
35.59	5.14698e-06
35.6	5.06777e-06
35.61	4.98978e-06
35.62	4.91299e-06
35.63	4.83738e-06
35.64	4.76293e-06
35.65	4.68963e-06
35.66	4.61746e-06
35.67	4.5464e-06
35.68	4.47643e-06
35.69	4.40754e-06
35.7	4.3397e-06
35.71	4.27292e-06
35.72	4.20715e-06
35.73	4.1424e-06
35.74	4.07865e-06
35.75	4.01588e-06
35.76	3.95407e-06
35.77	3.89321e-06
35.78	3.83329e-06
35.79	3.77429e-06
35.8	3.7162e-06
35.81	3.659e-06
35.82	3.60269e-06
35.83	3.54723e-06
35.84	3.49264e-06
35.85	3.43888e-06
35.86	3.38594e-06
35.87	3.33383e-06
35.88	3.28251e-06
35.89	3.23199e-06
35.9	3.18224e-06
35.91	3.13325e-06
35.92	3.08502e-06
35.93	3.03753e-06
35.94	2.99077e-06
35.95	2.94474e-06
35.96	2.89941e-06
35.97	2.85477e-06
35.98	2.81082e-06
35.99	2.76755e-06
36	2.72495e-06
36.01	2.683e-06
36.02	2.64169e-06
36.03	2.60102e-06
36.04	2.56098e-06
36.05	2.52155e-06
36.06	2.48273e-06
36.07	2.4445e-06
36.08	2.40687e-06
36.09	2.36981e-06
36.1	2.33332e-06
36.11	2.29739e-06
36.12	2.26202e-06
36.13	2.22719e-06
36.14	2.19289e-06
36.15	2.15912e-06
36.16	2.12587e-06
36.17	2.09314e-06
36.18	2.0609e-06
36.19	2.02916e-06
36.2	1.99791e-06
36.21	1.96714e-06
36.22	1.93685e-06
36.23	1.90701e-06
36.24	1.87764e-06
36.25	1.84872e-06
36.26	1.82024e-06
36.27	1.79221e-06
36.28	1.7646e-06
36.29	1.73742e-06
36.3	1.71065e-06
36.31	1.6843e-06
36.32	1.65835e-06
36.33	1.6328e-06
36.34	1.60764e-06
36.35	1.58287e-06
36.36	1.55848e-06
36.37	1.53446e-06
36.38	1.51082e-06
36.39	1.48753e-06
36.4	1.46461e-06
36.41	1.44203e-06
36.42	1.41981e-06
36.43	1.39792e-06
36.44	1.37638e-06
36.45	1.35516e-06
36.46	1.33427e-06
36.47	1.3137e-06
36.48	1.29344e-06
36.49	1.2735e-06
36.5	1.25386e-06
36.51	1.23452e-06
36.52	1.21548e-06
36.53	1.19674e-06
36.54	1.17828e-06
36.55	1.1601e-06
36.56	1.14221e-06
36.57	1.12458e-06
36.58	1.10723e-06
36.59	1.09015e-06
36.6	1.07332e-06
36.61	1.05676e-06
36.62	1.04045e-06
36.63	1.02439e-06
36.64	1.00857e-06
36.65	9.93003e-07
36.66	9.7767e-07
36.67	9.62572e-07
36.68	9.47706e-07
36.69	9.33068e-07
36.7	9.18654e-07
36.71	9.04461e-07
36.72	8.90486e-07
36.73	8.76725e-07
36.74	8.63175e-07
36.75	8.49832e-07
36.76	8.36694e-07
36.77	8.23757e-07
36.78	8.11018e-07
36.79	7.98474e-07
36.8	7.86122e-07
36.81	7.73959e-07
36.82	7.61982e-07
36.83	7.50189e-07
36.84	7.38576e-07
36.85	7.2714e-07
36.86	7.1588e-07
36.87	7.04792e-07
36.88	6.93873e-07
36.89	6.83121e-07
36.9	6.72533e-07
36.91	6.62107e-07
36.92	6.51841e-07
36.93	6.41731e-07
36.94	6.31775e-07
36.95	6.21972e-07
36.96	6.12317e-07
36.97	6.02811e-07
36.98	5.93449e-07
36.99	5.8423e-07
37	5.75151e-07
37.01	5.66211e-07
37.02	5.57407e-07
37.03	5.48737e-07
37.04	5.40199e-07
37.05	5.31791e-07
37.06	5.23511e-07
37.07	5.15356e-07
37.08	5.07326e-07
37.09	4.99418e-07
37.1	4.9163e-07
37.11	4.8396e-07
37.12	4.76406e-07
37.13	4.68967e-07
37.14	4.61641e-07
37.15	4.54426e-07
37.16	4.4732e-07
37.17	4.40321e-07
37.18	4.33429e-07
37.19	4.26641e-07
37.2	4.19955e-07
37.21	4.13371e-07
37.22	4.06885e-07
37.23	4.00498e-07
37.24	3.94207e-07
37.25	3.88011e-07
37.26	3.81908e-07
37.27	3.75897e-07
37.28	3.69977e-07
37.29	3.64145e-07
37.3	3.58401e-07
37.31	3.52743e-07
37.32	3.4717e-07
37.33	3.41681e-07
37.34	3.36273e-07
37.35	3.30947e-07
37.36	3.257e-07
37.37	3.20532e-07
37.38	3.1544e-07
37.39	3.10425e-07
37.4	3.05484e-07
37.41	3.00616e-07
37.42	2.95821e-07
37.43	2.91097e-07
37.44	2.86443e-07
37.45	2.81858e-07
37.46	2.77341e-07
37.47	2.7289e-07
37.48	2.68506e-07
37.49	2.64185e-07
37.5	2.59928e-07
37.51	2.55734e-07
37.52	2.51601e-07
37.53	2.47529e-07
37.54	2.43516e-07
37.55	2.39562e-07
37.56	2.35665e-07
37.57	2.31826e-07
37.58	2.28041e-07
37.59	2.24312e-07
37.6	2.20637e-07
37.61	2.17014e-07
37.62	2.13444e-07
37.63	2.09926e-07
37.64	2.06457e-07
37.65	2.03039e-07
37.66	1.99669e-07
37.67	1.96347e-07
37.68	1.93073e-07
37.69	1.89845e-07
37.7	1.86662e-07
37.71	1.83525e-07
37.72	1.80431e-07
37.73	1.77381e-07
37.74	1.74374e-07
37.75	1.71409e-07
37.76	1.68484e-07
37.77	1.65601e-07
37.78	1.62757e-07
37.79	1.59952e-07
37.8	1.57186e-07
37.81	1.54458e-07
37.82	1.51766e-07
37.83	1.49112e-07
37.84	1.46493e-07
37.85	1.43909e-07
37.86	1.4136e-07
37.87	1.38845e-07
37.88	1.36363e-07
37.89	1.33914e-07
37.9	1.31498e-07
37.91	1.29113e-07
37.92	1.26759e-07
37.93	1.24435e-07
37.94	1.22142e-07
37.95	1.19877e-07
37.96	1.17642e-07
37.97	1.15435e-07
37.98	1.13256e-07
37.99	1.11104e-07
38	1.08978e-07
38.01	1.06879e-07
38.02	1.04806e-07
38.03	1.02758e-07
38.04	1.00734e-07
38.05	9.87348e-08
38.06	9.67593e-08
38.07	9.4807e-08
38.08	9.28776e-08
38.09	9.09705e-08
38.1	8.90852e-08
38.11	8.72214e-08
38.12	8.53786e-08
38.13	8.35563e-08
38.14	8.17541e-08
38.15	7.99716e-08
38.16	7.82082e-08
38.17	7.64638e-08
38.18	7.47377e-08
38.19	7.30295e-08
38.2	7.1339e-08
38.21	6.96656e-08
38.22	6.80089e-08
38.23	6.63686e-08
38.24	6.47443e-08
38.25	6.31355e-08
38.26	6.1542e-08
38.27	5.99632e-08
38.28	5.83988e-08
38.29	5.68485e-08
38.3	5.53119e-08
38.31	5.37886e-08
38.32	5.22782e-08
38.33	5.07803e-08
38.34	4.92947e-08
38.35	4.7821e-08
38.36	4.63587e-08
38.37	4.49076e-08
38.38	4.34673e-08
38.39	4.20375e-08
38.4	4.06178e-08
38.41	3.92078e-08
38.42	3.78073e-08
38.43	3.64158e-08
38.44	3.50331e-08
38.45	3.36589e-08
38.46	3.22927e-08
38.47	3.09343e-08
38.48	2.95834e-08
38.49	2.82395e-08
38.5	2.69025e-08
38.51	2.55719e-08
38.52	2.42475e-08
38.53	2.29289e-08
38.54	2.16158e-08
38.55	2.03079e-08
38.56	1.90049e-08
38.57	1.77065e-08
38.58	1.64123e-08
38.59	1.51221e-08
38.6	1.38355e-08
38.61	1.25523e-08
38.62	1.1272e-08
38.63	9.9945e-09
38.64	8.71938e-09
38.65	7.44635e-09
38.66	6.17512e-09
38.67	4.90537e-09
38.68	3.6368e-09
38.69	2.3691e-09
38.7	1.10198e-09
38.71	-1.64882e-10
38.72	-1.43178e-09
38.73	-2.69903e-09
38.74	-3.96692e-09
38.75	-5.23577e-09
38.76	-6.50587e-09
38.77	-7.77754e-09
38.78	-9.05109e-09
38.79	-1.03268e-08
38.8	-1.1605e-08
38.81	-1.2886e-08
38.82	-1.41701e-08
38.83	-1.54576e-08
38.84	-1.67488e-08
38.85	-1.80441e-08
38.86	-1.93436e-08
38.87	-2.06479e-08
38.88	-2.19571e-08
38.89	-2.32716e-08
38.9	-2.45917e-08
38.91	-2.59177e-08
38.92	-2.72499e-08
38.93	-2.85887e-08
38.94	-2.99343e-08
38.95	-3.12872e-08
38.96	-3.26476e-08
38.97	-3.40158e-08
38.98	-3.53922e-08
38.99	-3.67772e-08
39	-3.81709e-08
39.01	-3.95739e-08
39.02	-4.09864e-08
39.03	-4.24087e-08
39.04	-4.38412e-08
39.05	-4.52843e-08
39.06	-4.67383e-08
39.07	-4.82035e-08
39.08	-4.96803e-08
39.09	-5.11691e-08
39.1	-5.26701e-08
39.11	-5.41838e-08
39.12	-5.57106e-08
39.13	-5.72508e-08
39.14	-5.88047e-08
39.15	-6.03727e-08
39.16	-6.19553e-08
39.17	-6.35528e-08
39.18	-6.51656e-08
39.19	-6.67941e-08
39.2	-6.84386e-08
39.21	-7.00995e-08
39.22	-7.17774e-08
39.23	-7.34725e-08
39.24	-7.51852e-08
39.25	-7.69161e-08
39.26	-7.86654e-08
39.27	-8.04337e-08
39.28	-8.22213e-08
39.29	-8.40287e-08
39.3	-8.58563e-08
39.31	-8.77046e-08
39.32	-8.95739e-08
39.33	-9.14648e-08
39.34	-9.33777e-08
39.35	-9.5313e-08
39.36	-9.72713e-08
39.37	-9.9253e-08
39.38	-1.01258e-07
39.39	-1.03288e-07
39.4	-1.05343e-07
39.41	-1.07423e-07
39.42	-1.09529e-07
39.43	-1.11661e-07
39.44	-1.1382e-07
39.45	-1.16007e-07
39.46	-1.18221e-07
39.47	-1.20464e-07
39.48	-1.22736e-07
39.49	-1.25037e-07
39.5	-1.27369e-07
39.51	-1.29731e-07
39.52	-1.32124e-07
39.53	-1.34549e-07
39.54	-1.37006e-07
39.55	-1.39496e-07
39.56	-1.4202e-07
39.57	-1.44578e-07
39.58	-1.47171e-07
39.59	-1.49799e-07
39.6	-1.52463e-07
39.61	-1.55164e-07
39.62	-1.57903e-07
39.63	-1.60679e-07
39.64	-1.63494e-07
39.65	-1.66348e-07
39.66	-1.69242e-07
39.67	-1.72177e-07
39.68	-1.75153e-07
39.69	-1.78171e-07
39.7	-1.81233e-07
39.71	-1.84337e-07
39.72	-1.87487e-07
39.73	-1.90681e-07
39.74	-1.93921e-07
39.75	-1.97208e-07
39.76	-2.00542e-07
39.77	-2.03924e-07
39.78	-2.07356e-07
39.79	-2.10837e-07
39.8	-2.14369e-07
39.81	-2.17953e-07
39.82	-2.21589e-07
39.83	-2.25278e-07
39.84	-2.29022e-07
39.85	-2.3282e-07
39.86	-2.36675e-07
39.87	-2.40586e-07
39.88	-2.44556e-07
39.89	-2.48584e-07
39.9	-2.52672e-07
39.91	-2.56821e-07
39.92	-2.61031e-07
39.93	-2.65304e-07
39.94	-2.69641e-07
39.95	-2.74043e-07
39.96	-2.78511e-07
39.97	-2.83046e-07
39.98	-2.87649e-07
39.99	-2.92321e-07
40	-2.97064e-07
40.01	-3.01877e-07
40.02	-3.06764e-07
40.03	-3.11724e-07
40.04	-3.16759e-07
40.05	-3.21871e-07
40.06	-3.2706e-07
40.07	-3.32327e-07
40.08	-3.37675e-07
40.09	-3.43103e-07
40.1	-3.48614e-07
40.11	-3.54209e-07
40.12	-3.59889e-07
40.13	-3.65656e-07
40.14	-3.71511e-07
40.15	-3.77455e-07
40.16	-3.8349e-07
40.17	-3.89617e-07
40.18	-3.95838e-07
40.19	-4.02154e-07
40.2	-4.08566e-07
40.21	-4.15077e-07
40.22	-4.21688e-07
40.23	-4.284e-07
40.24	-4.35215e-07
40.25	-4.42135e-07
40.26	-4.49162e-07
40.27	-4.56296e-07
40.28	-4.6354e-07
40.29	-4.70895e-07
40.3	-4.78364e-07
40.31	-4.85948e-07
40.32	-4.93649e-07
40.33	-5.01468e-07
40.34	-5.09408e-07
40.35	-5.17471e-07
40.36	-5.25658e-07
40.37	-5.33971e-07
40.38	-5.42413e-07
40.39	-5.50985e-07
40.4	-5.5969e-07
40.41	-5.6853e-07
40.42	-5.77506e-07
40.43	-5.86621e-07
40.44	-5.95877e-07
40.45	-6.05277e-07
40.46	-6.14822e-07
40.47	-6.24515e-07
40.48	-6.34358e-07
40.49	-6.44353e-07
40.5	-6.54504e-07
40.51	-6.64812e-07
40.52	-6.7528e-07
40.53	-6.85911e-07
40.54	-6.96706e-07
40.55	-7.07669e-07
40.56	-7.18802e-07
40.57	-7.30108e-07
40.58	-7.4159e-07
40.59	-7.5325e-07
40.6	-7.65091e-07
40.61	-7.77116e-07
40.62	-7.89328e-07
40.63	-8.0173e-07
40.64	-8.14325e-07
40.65	-8.27115e-07
40.66	-8.40105e-07
40.67	-8.53296e-07
40.68	-8.66693e-07
40.69	-8.80298e-07
40.7	-8.94115e-07
40.71	-9.08147e-07
40.72	-9.22398e-07
40.73	-9.3687e-07
40.74	-9.51568e-07
40.75	-9.66494e-07
40.76	-9.81653e-07
40.77	-9.97048e-07
40.78	-1.01268e-06
40.79	-1.02856e-06
40.8	-1.04469e-06
40.81	-1.06106e-06
40.82	-1.0777e-06
40.83	-1.09459e-06
40.84	-1.11174e-06
40.85	-1.12916e-06
40.86	-1.14686e-06
40.87	-1.16483e-06
40.88	-1.18308e-06
40.89	-1.20161e-06
40.9	-1.22044e-06
40.91	-1.23955e-06
40.92	-1.25897e-06
40.93	-1.27868e-06
40.94	-1.29871e-06
40.95	-1.31905e-06
40.96	-1.3397e-06
40.97	-1.36068e-06
40.98	-1.38198e-06
40.99	-1.40362e-06
41	-1.42559e-06
41.01	-1.44791e-06
41.02	-1.47058e-06
41.03	-1.4936e-06
41.04	-1.51697e-06
41.05	-1.54072e-06
41.06	-1.56483e-06
41.07	-1.58932e-06
41.08	-1.61419e-06
41.09	-1.63945e-06
41.1	-1.66511e-06
41.11	-1.69116e-06
41.12	-1.71763e-06
41.13	-1.7445e-06
41.14	-1.7718e-06
41.15	-1.79952e-06
41.16	-1.82767e-06
41.17	-1.85626e-06
41.18	-1.8853e-06
41.19	-1.9148e-06
41.2	-1.94475e-06
41.21	-1.97517e-06
41.22	-2.00607e-06
41.23	-2.03745e-06
41.24	-2.06932e-06
41.25	-2.10168e-06
41.26	-2.13455e-06
41.27	-2.16794e-06
41.28	-2.20185e-06
41.29	-2.23628e-06
41.3	-2.27126e-06
41.31	-2.30678e-06
41.32	-2.34285e-06
41.33	-2.37949e-06
41.34	-2.4167e-06
41.35	-2.4545e-06
41.36	-2.49288e-06
41.37	-2.53186e-06
41.38	-2.57145e-06
41.39	-2.61166e-06
41.4	-2.6525e-06
41.41	-2.69398e-06
41.42	-2.7361e-06
41.43	-2.77888e-06
41.44	-2.82233e-06
41.45	-2.86646e-06
41.46	-2.91128e-06
41.47	-2.9568e-06
41.48	-3.00303e-06
41.49	-3.04998e-06
41.5	-3.09767e-06
41.51	-3.1461e-06
41.52	-3.19528e-06
41.53	-3.24524e-06
41.54	-3.29598e-06
41.55	-3.3475e-06
41.56	-3.39984e-06
41.57	-3.45299e-06
41.58	-3.50697e-06
41.59	-3.5618e-06
41.6	-3.61748e-06
41.61	-3.67403e-06
41.62	-3.73147e-06
41.63	-3.7898e-06
41.64	-3.84905e-06
41.65	-3.90922e-06
41.66	-3.97033e-06
41.67	-4.0324e-06
41.68	-4.09543e-06
41.69	-4.15945e-06
41.7	-4.22447e-06
41.71	-4.29051e-06
41.72	-4.35758e-06
41.73	-4.4257e-06
41.74	-4.49488e-06
41.75	-4.56514e-06
41.76	-4.6365e-06
41.77	-4.70898e-06
41.78	-4.78259e-06
41.79	-4.85735e-06
41.8	-4.93327e-06
41.81	-5.01039e-06
41.82	-5.0887e-06
41.83	-5.16825e-06
41.84	-5.24903e-06
41.85	-5.33108e-06
41.86	-5.41441e-06
41.87	-5.49904e-06
41.88	-5.585e-06
41.89	-5.67229e-06
41.9	-5.76096e-06
41.91	-5.851e-06
41.92	-5.94246e-06
41.93	-6.03534e-06
41.94	-6.12968e-06
41.95	-6.22549e-06
41.96	-6.3228e-06
41.97	-6.42163e-06
41.98	-6.522e-06
41.99	-6.62394e-06
42	-6.72747e-06
42.01	-6.83263e-06
42.02	-6.93942e-06
42.03	-7.04789e-06
42.04	-7.15805e-06
42.05	-7.26993e-06
42.06	-7.38356e-06
42.07	-7.49897e-06
42.08	-7.61617e-06
42.09	-7.73522e-06
42.1	-7.85612e-06
42.11	-7.97891e-06
42.12	-8.10362e-06
42.13	-8.23028e-06
42.14	-8.35892e-06
42.15	-8.48957e-06
42.16	-8.62226e-06
42.17	-8.75702e-06
42.18	-8.89389e-06
42.19	-9.0329e-06
42.2	-9.17408e-06
42.21	-9.31747e-06
42.22	-9.4631e-06
42.23	-9.61101e-06
42.24	-9.76123e-06
42.25	-9.91379e-06
42.26	-1.00687e-05
42.27	-1.02261e-05
42.28	-1.03859e-05
42.29	-1.05483e-05
42.3	-1.07131e-05
42.31	-1.08806e-05
42.32	-1.10506e-05
42.33	-1.12234e-05
42.34	-1.13988e-05
42.35	-1.15769e-05
42.36	-1.17579e-05
42.37	-1.19416e-05
42.38	-1.21283e-05
42.39	-1.23178e-05
42.4	-1.25104e-05
42.41	-1.27059e-05
42.42	-1.29045e-05
42.43	-1.31062e-05
42.44	-1.3311e-05
42.45	-1.35191e-05
42.46	-1.37304e-05
42.47	-1.3945e-05
42.48	-1.41629e-05
42.49	-1.43843e-05
42.5	-1.46091e-05
42.51	-1.48374e-05
42.52	-1.50693e-05
42.53	-1.53048e-05
42.54	-1.5544e-05
42.55	-1.5787e-05
42.56	-1.60337e-05
42.57	-1.62843e-05
42.58	-1.65388e-05
42.59	-1.67973e-05
42.6	-1.70599e-05
42.61	-1.73265e-05
42.62	-1.75973e-05
42.63	-1.78723e-05
42.64	-1.81517e-05
42.65	-1.84354e-05
42.66	-1.87235e-05
42.67	-1.90161e-05
42.68	-1.93133e-05
42.69	-1.96152e-05
42.7	-1.99218e-05
42.71	-2.02331e-05
42.72	-2.05493e-05
42.73	-2.08705e-05
42.74	-2.11967e-05
42.75	-2.1528e-05
42.76	-2.18645e-05
42.77	-2.22062e-05
42.78	-2.25533e-05
42.79	-2.29058e-05
42.8	-2.32638e-05
42.81	-2.36273e-05
42.82	-2.39966e-05
42.83	-2.43717e-05
42.84	-2.47526e-05
42.85	-2.51394e-05
42.86	-2.55324e-05
42.87	-2.59314e-05
42.88	-2.63367e-05
42.89	-2.67483e-05
42.9	-2.71664e-05
42.91	-2.7591e-05
42.92	-2.80222e-05
42.93	-2.84602e-05
42.94	-2.8905e-05
42.95	-2.93567e-05
42.96	-2.98156e-05
42.97	-3.02815e-05
42.98	-3.07548e-05
42.99	-3.12355e-05
43	-3.17237e-05
43.01	-3.22195e-05
43.02	-3.27231e-05
43.03	-3.32345e-05
43.04	-3.37539e-05
43.05	-3.42815e-05
43.06	-3.48173e-05
43.07	-3.53614e-05
43.08	-3.59141e-05
43.09	-3.64754e-05
43.1	-3.70455e-05
43.11	-3.76245e-05
43.12	-3.82125e-05
43.13	-3.88098e-05
43.14	-3.94163e-05
43.15	-4.00324e-05
43.16	-4.0658e-05
43.17	-4.12935e-05
43.18	-4.19389e-05
43.19	-4.25944e-05
43.2	-4.32601e-05
43.21	-4.39362e-05
43.22	-4.46229e-05
43.23	-4.53203e-05
43.24	-4.60286e-05
43.25	-4.6748e-05
43.26	-4.74786e-05
43.27	-4.82207e-05
43.28	-4.89743e-05
43.29	-4.97398e-05
43.3	-5.05172e-05
43.31	-5.13067e-05
43.32	-5.21086e-05
43.33	-5.2923e-05
43.34	-5.37501e-05
43.35	-5.45902e-05
43.36	-5.54434e-05
43.37	-5.63099e-05
43.38	-5.719e-05
43.39	-5.80839e-05
43.4	-5.89917e-05
43.41	-5.99136e-05
43.42	-6.08501e-05
43.43	-6.18011e-05
43.44	-6.2767e-05
43.45	-6.3748e-05
43.46	-6.47443e-05
43.47	-6.57562e-05
43.48	-6.67839e-05
43.49	-6.78277e-05
43.5	-6.88878e-05
43.51	-6.99645e-05
43.52	-7.10579e-05
43.53	-7.21685e-05
43.54	-7.32965e-05
43.55	-7.4442e-05
43.56	-7.56055e-05
43.57	-7.67871e-05
43.58	-7.79873e-05
43.59	-7.92061e-05
43.6	-8.04441e-05
43.61	-8.17013e-05
43.62	-8.29783e-05
43.63	-8.42751e-05
43.64	-8.55923e-05
43.65	-8.693e-05
43.66	-8.82887e-05
43.67	-8.96685e-05
43.68	-9.107e-05
43.69	-9.24933e-05
43.7	-9.39389e-05
43.71	-9.54071e-05
43.72	-9.68982e-05
43.73	-9.84127e-05
43.74	-9.99508e-05
43.75	-0.000101513
43.76	-0.0001031
43.77	-0.000104711
43.78	-0.000106347
43.79	-0.00010801
43.8	-0.000109698
43.81	-0.000111412
43.82	-0.000113153
43.83	-0.000114922
43.84	-0.000116718
43.85	-0.000118542
43.86	-0.000120395
43.87	-0.000122277
43.88	-0.000124188
43.89	-0.000126129
43.9	-0.0001281
43.91	-0.000130102
43.92	-0.000132135
43.93	-0.000134201
43.94	-0.000136298
43.95	-0.000138428
43.96	-0.000140592
43.97	-0.000142789
43.98	-0.000145021
43.99	-0.000147287
44	-0.000149589
44.01	-0.000151927
44.02	-0.000154302
44.03	-0.000156713
44.04	-0.000159163
44.05	-0.00016165
44.06	-0.000164177
44.07	-0.000166743
44.08	-0.000169349
44.09	-0.000171995
44.1	-0.000174684
44.11	-0.000177414
44.12	-0.000180187
44.13	-0.000183003
44.14	-0.000185863
44.15	-0.000188768
44.16	-0.000191718
44.17	-0.000194715
44.18	-0.000197758
44.19	-0.000200849
44.2	-0.000203988
44.21	-0.000207176
44.22	-0.000210414
44.23	-0.000213702
44.24	-0.000217042
44.25	-0.000220435
44.26	-0.00022388
44.27	-0.000227379
44.28	-0.000230933
44.29	-0.000234542
44.3	-0.000238207
44.31	-0.00024193
44.32	-0.000245712
44.33	-0.000249552
44.34	-0.000253452
44.35	-0.000257413
44.36	-0.000261437
44.37	-0.000265523
44.38	-0.000269673
44.39	-0.000273887
44.4	-0.000278168
44.41	-0.000282515
44.42	-0.000286931
44.43	-0.000291415
44.44	-0.00029597
44.45	-0.000300596
44.46	-0.000305294
44.47	-0.000310065
44.48	-0.000314911
44.49	-0.000319833
44.5	-0.000324832
44.51	-0.000329909
44.52	-0.000335065
44.53	-0.000340302
44.54	-0.00034562
44.55	-0.000351022
44.56	-0.000356508
44.57	-0.00036208
44.58	-0.000367739
44.59	-0.000373487
44.6	-0.000379324
44.61	-0.000385252
44.62	-0.000391274
44.63	-0.000397389
44.64	-0.0004036
44.65	-0.000409908
44.66	-0.000416314
44.67	-0.000422821
44.68	-0.000429429
44.69	-0.000436141
44.7	-0.000442957
44.71	-0.00044988
44.72	-0.000456912
44.73	-0.000464053
44.74	-0.000471306
44.75	-0.000478672
44.76	-0.000486153
44.77	-0.000493751
44.78	-0.000501468
44.79	-0.000509306
44.8	-0.000517266
44.81	-0.00052535
44.82	-0.000533561
44.83	-0.0005419
44.84	-0.000550369
44.85	-0.000558971
44.86	-0.000567707
44.87	-0.00057658
44.88	-0.000585592
44.89	-0.000594744
44.9	-0.000604039
44.91	-0.00061348
44.92	-0.000623068
44.93	-0.000632806
44.94	-0.000642696
44.95	-0.000652741
44.96	-0.000662943
44.97	-0.000673304
44.98	-0.000683827
44.99	-0.000694515
