0	0
1	0.5
2	0.999999
3	1.5
4	1.99999
5	2.49999
6	2.99998
7	3.49997
8	3.99995
9	4.49993
10	4.9999
11	5.49987
12	5.99983
13	6.49978
14	6.99973
15	7.49966
16	7.99959
17	8.49951
18	8.99942
19	9.49931
20	9.9992
21	10.4991
22	10.9989
23	11.4988
24	11.9986
25	12.4984
26	12.9982
27	13.498
28	13.9978
29	14.4976
30	14.9973
31	15.497
32	15.9967
33	16.4964
34	16.9961
35	17.4957
36	17.9953
37	18.4949
38	18.9945
39	19.494
40	19.9936
41	20.4931
42	20.9926
43	21.492
44	21.9915
45	22.4909
46	22.9902
47	23.4896
48	23.9889
49	24.4882
50	24.9875
51	25.4867
52	25.9859
53	26.4851
54	26.9842
55	27.4833
56	27.9824
57	28.4814
58	28.9804
59	29.4794
60	29.9783
61	30.4772
62	30.9761
63	31.4749
64	31.9737
65	32.4724
66	32.9711
67	33.4698
68	33.9684
69	34.467
70	34.9656
71	35.4641
72	35.9625
73	36.461
74	36.9593
75	37.4577
76	37.9559
77	38.4542
78	38.9524
79	39.4505
80	39.9486
81	40.4467
82	40.9447
83	41.4426
84	41.9405
85	42.4384
86	42.9362
87	43.4339
88	43.9316
89	44.4293
90	44.9269
91	45.4244
92	45.9219
93	46.4193
94	46.9167
95	47.414
96	47.9112
97	48.4084
98	48.9056
99	49.4026
100	49.8997
101	50.3966
102	50.8935
103	51.3904
104	51.8871
105	52.3839
106	52.8805
107	53.3771
108	53.8736
109	54.3701
110	54.8665
111	55.3628
112	55.8591
113	56.3553
114	56.8514
115	57.3474
116	57.8434
117	58.3393
118	58.8352
119	59.331
120	59.8267
121	60.3223
122	60.8179
123	61.3133
124	61.8088
125	62.3041
126	62.7994
127	63.2946
128	63.7897
129	64.2847
130	64.7797
131	65.2745
132	65.7693
133	66.2641
134	66.7587
135	67.2533
136	67.7477
137	68.2421
138	68.7365
139	69.2307
140	69.7248
141	70.2189
142	70.7129
143	71.2068
144	71.7006
145	72.1943
146	72.688
147	73.1815
148	73.675
149	74.1683
150	74.6616
151	75.1548
152	75.6479
153	76.1409
154	76.6338
155	77.1267
156	77.6194
157	78.112
158	78.6046
159	79.097
160	79.5894
161	80.0817
162	80.5738
163	81.0659
164	81.5579
165	82.0497
166	82.5415
167	83.0332
168	83.5248
169	84.0162
170	84.5076
171	84.9989
172	85.49
173	85.9811
174	86.4721
175	86.9629
176	87.4537
177	87.9443
178	88.4349
179	88.9253
180	89.4156
181	89.9058
182	90.3959
183	90.8859
184	91.3758
185	91.8656
186	92.3553
187	92.8449
188	93.3343
189	93.8236
190	94.3129
191	94.802
192	95.291
193	95.7798
194	96.2686
195	96.7573
196	97.2458
197	97.7342
198	98.2225
199	98.7107
200	99.1987
201	99.6867
202	100.175
203	100.662
204	101.15
205	101.637
206	102.125
207	102.612
208	103.099
209	103.586
210	104.073
211	104.559
212	105.046
213	105.532
214	106.019
215	106.505
216	106.991
217	107.477
218	107.963
219	108.449
220	108.934
221	109.419
222	109.905
223	110.39
224	110.875
225	111.36
226	111.845
227	112.329
228	112.814
229	113.298
230	113.782
231	114.266
232	114.75
233	115.234
234	115.718
235	116.201
236	116.685
237	117.168
238	117.651
239	118.134
240	118.617
241	119.1
242	119.582
243	120.064
244	120.547
245	121.029
246	121.511
247	121.993
248	122.474
249	122.956
250	123.437
251	123.918
252	124.399
253	124.88
254	125.361
255	125.842
256	126.322
257	126.803
258	127.283
259	127.763
260	128.243
261	128.722
262	129.202
263	129.681
264	130.16
265	130.639
266	131.118
267	131.597
268	132.076
269	132.554
270	133.032
271	133.511
272	133.989
273	134.466
274	134.944
275	135.421
276	135.899
277	136.376
278	136.853
279	137.33
280	137.806
281	138.283
282	138.759
283	139.235
284	139.711
285	140.187
286	140.663
287	141.138
288	141.614
289	142.089
290	142.564
291	143.039
292	143.513
293	143.988
294	144.462
295	144.936
296	145.41
297	145.884
298	146.357
299	146.831
300	147.304
301	147.777
302	148.25
303	148.722
304	149.195
305	149.667
306	150.139
307	150.611
308	151.083
309	151.555
310	152.026
311	152.497
312	152.969
313	153.439
314	153.91
315	154.381
316	154.851
317	155.321
318	155.791
319	156.261
320	156.73
321	157.2
322	157.669
323	158.138
324	158.607
325	159.075
326	159.544
327	160.012
328	160.48
329	160.948
330	161.415
331	161.883
332	162.35
333	162.817
334	163.284
335	163.751
336	164.217
337	164.684
338	165.15
339	165.616
340	166.081
341	166.547
342	167.012
343	167.477
344	167.942
345	168.407
346	168.871
347	169.335
348	169.799
349	170.263
350	170.727
351	171.19
352	171.654
353	172.117
354	172.58
355	173.042
356	173.505
357	173.967
358	174.429
359	174.891
360	175.352
361	175.813
362	176.275
363	176.736
364	177.196
365	177.657
366	178.117
367	178.577
368	179.037
369	179.497
370	179.956
371	180.415
372	180.874
373	181.333
374	181.792
375	182.25
376	182.708
377	183.166
378	183.624
379	184.081
380	184.539
381	184.996
382	185.452
383	185.909
384	186.365
385	186.821
386	187.277
387	187.733
388	188.188
389	188.644
390	189.099
391	189.553
392	190.008
393	190.462
394	190.916
395	191.37
396	191.824
397	192.277
398	192.73
399	193.183
400	193.636
401	194.088
402	194.541
403	194.993
404	195.444
405	195.896
406	196.347
407	196.798
408	197.249
409	197.7
410	198.15
411	198.6
412	199.05
413	199.5
414	199.949
415	200.398
416	200.847
417	201.296
418	201.744
419	202.192
420	202.64
421	203.088
422	203.535
423	203.982
424	204.429
425	204.876
426	205.323
427	205.769
428	206.215
429	206.66
430	207.106
431	207.551
432	207.996
433	208.441
434	208.885
435	209.329
436	209.773
437	210.217
438	210.66
439	211.104
440	211.547
441	211.989
442	212.432
443	212.874
444	213.316
445	213.757
446	214.199
447	214.64
448	215.081
449	215.522
450	215.962
451	216.402
452	216.842
453	217.281
454	217.721
455	218.16
456	218.599
457	219.037
458	219.475
459	219.913
460	220.351
461	220.789
462	221.226
463	221.663
464	222.099
465	222.536
466	222.972
467	223.408
468	223.843
469	224.279
470	224.714
471	225.149
472	225.583
473	226.017
474	226.451
475	226.885
476	227.319
477	227.752
478	228.185
479	228.617
480	229.05
481	229.482
482	229.913
483	230.345
484	230.776
485	231.207
486	231.638
487	232.068
488	232.498
489	232.928
490	233.358
491	233.787
492	234.216
493	234.645
494	235.073
495	235.501
496	235.929
497	236.357
498	236.784
499	237.211
500	237.638
501	238.064
502	238.49
503	238.916
504	239.341
505	239.767
506	240.192
507	240.616
508	241.041
509	241.465
510	241.889
511	242.312
512	242.736
513	243.159
514	243.581
515	244.004
516	244.426
517	244.847
518	245.269
519	245.69
520	246.111
521	246.532
522	246.952
523	247.372
524	247.792
525	248.211
526	248.63
527	249.049
528	249.467
529	249.886
530	250.303
531	250.721
532	251.138
533	251.555
534	251.972
535	252.388
536	252.805
537	253.22
538	253.636
539	254.051
540	254.466
541	254.88
542	255.295
543	255.709
544	256.122
545	256.536
546	256.949
547	257.361
548	257.774
549	258.186
550	258.598
551	259.009
552	259.42
553	259.831
554	260.241
555	260.652
556	261.062
557	261.471
558	261.88
559	262.289
560	262.698
561	263.106
562	263.514
563	263.922
564	264.329
565	264.736
566	265.143
567	265.55
568	265.956
569	266.361
570	266.767
571	267.172
572	267.577
573	267.981
574	268.386
575	268.789
576	269.193
577	269.596
578	269.999
579	270.401
580	270.804
581	271.206
582	271.607
583	272.008
584	272.409
585	272.81
586	273.21
587	273.61
588	274.01
589	274.409
590	274.808
591	275.206
592	275.605
593	276.003
594	276.4
595	276.797
596	277.194
597	277.591
598	277.987
599	278.383
600	278.779
601	279.174
602	279.569
603	279.964
604	280.358
605	280.752
606	281.145
607	281.539
608	281.931
609	282.324
610	282.716
611	283.108
612	283.5
613	283.891
614	284.282
615	284.672
616	285.062
617	285.452
618	285.842
619	286.231
620	286.62
621	287.008
622	287.396
623	287.784
624	288.171
625	288.558
626	288.945
627	289.331
628	289.717
629	290.103
630	290.488
631	290.873
632	291.258
633	291.642
634	292.026
635	292.41
636	292.793
637	293.176
638	293.558
639	293.94
640	294.322
641	294.704
642	295.085
643	295.465
644	295.846
645	296.226
646	296.606
647	296.985
648	297.364
649	297.742
650	298.121
651	298.498
652	298.876
653	299.253
654	299.63
655	300.006
656	300.382
657	300.758
658	301.133
659	301.508
660	301.883
661	302.257
662	302.631
663	303.005
664	303.378
665	303.751
666	304.123
667	304.495
668	304.867
669	305.238
670	305.609
671	305.98
672	306.35
673	306.72
674	307.089
675	307.458
676	307.827
677	308.196
678	308.564
679	308.931
680	309.298
681	309.665
682	310.032
683	310.398
684	310.764
685	311.129
686	311.494
687	311.859
688	312.223
689	312.587
690	312.95
691	313.314
692	313.676
693	314.039
694	314.401
695	314.762
696	315.124
697	315.484
698	315.845
699	316.205
700	316.565
701	316.924
702	317.283
703	317.642
704	318
705	318.358
706	318.715
707	319.072
708	319.429
709	319.785
710	320.141
711	320.496
712	320.851
713	321.206
714	321.561
715	321.914
716	322.268
717	322.621
718	322.974
719	323.326
720	323.678
721	324.03
722	324.381
723	324.732
724	325.083
725	325.433
726	325.782
727	326.132
728	326.48
729	326.829
730	327.177
731	327.525
732	327.872
733	328.219
734	328.565
735	328.912
736	329.257
737	329.603
738	329.947
739	330.292
740	330.636
741	330.98
742	331.323
743	331.666
744	332.009
745	332.351
746	332.693
747	333.034
748	333.375
749	333.715
750	334.055
751	334.395
752	334.735
753	335.073
754	335.412
755	335.75
756	336.088
757	336.425
758	336.762
759	337.098
760	337.435
761	337.77
762	338.106
763	338.44
764	338.775
765	339.109
766	339.443
767	339.776
768	340.109
769	340.441
770	340.773
771	341.105
772	341.436
773	341.767
774	342.097
775	342.427
776	342.756
777	343.085
778	343.414
779	343.742
780	344.07
781	344.398
782	344.725
783	345.052
784	345.378
785	345.704
786	346.029
787	346.354
788	346.678
789	347.003
790	347.326
791	347.65
792	347.972
793	348.295
794	348.617
795	348.939
796	349.26
797	349.581
798	349.901
799	350.221
800	350.54
801	350.859
802	351.178
803	351.496
804	351.814
805	352.132
806	352.449
807	352.765
808	353.081
809	353.397
810	353.712
811	354.027
812	354.341
813	354.655
814	354.969
815	355.282
816	355.595
817	355.907
818	356.219
819	356.53
820	356.841
821	357.152
822	357.462
823	357.772
824	358.081
825	358.39
826	358.698
827	359.006
828	359.314
829	359.621
830	359.928
831	360.234
832	360.54
833	360.845
834	361.15
835	361.455
836	361.759
837	362.062
838	362.365
839	362.668
840	362.971
841	363.272
842	363.574
843	363.875
844	364.175
845	364.476
846	364.775
847	365.075
848	365.373
849	365.672
850	365.97
851	366.267
852	366.564
853	366.861
854	367.157
855	367.453
856	367.748
857	368.043
858	368.337
859	368.631
860	368.925
861	369.218
862	369.51
863	369.803
864	370.094
865	370.386
866	370.676
867	370.967
868	371.257
869	371.546
870	371.835
871	372.124
872	372.412
873	372.7
874	372.987
875	373.274
876	373.56
877	373.846
878	374.132
879	374.417
880	374.701
881	374.985
882	375.269
883	375.552
884	375.835
885	376.117
886	376.399
887	376.68
888	376.961
889	377.242
890	377.522
891	377.801
892	378.08
893	378.359
894	378.637
895	378.915
896	379.192
897	379.469
898	379.746
899	380.021
900	380.297
901	380.572
902	380.846
903	381.121
904	381.394
905	381.667
906	381.94
907	382.212
908	382.484
909	382.755
910	383.026
911	383.297
912	383.567
913	383.836
914	384.105
915	384.374
916	384.642
917	384.909
918	385.177
919	385.443
920	385.709
921	385.975
922	386.241
923	386.505
924	386.77
925	387.034
926	387.297
927	387.56
928	387.823
929	388.085
930	388.346
931	388.607
932	388.868
933	389.128
934	389.388
935	389.647
936	389.906
937	390.164
938	390.422
939	390.679
940	390.936
941	391.193
942	391.448
943	391.704
944	391.959
945	392.213
946	392.467
947	392.721
948	392.974
949	393.227
950	393.479
951	393.731
952	393.982
953	394.233
954	394.483
955	394.733
956	394.982
957	395.231
958	395.479
959	395.727
960	395.974
961	396.221
962	396.468
963	396.714
964	396.959
965	397.204
966	397.449
967	397.693
968	397.936
969	398.179
970	398.422
971	398.664
972	398.906
973	399.147
974	399.388
975	399.628
976	399.868
977	400.107
978	400.346
979	400.584
980	400.822
981	401.059
982	401.296
983	401.532
984	401.768
985	402.004
986	402.239
987	402.473
988	402.707
989	402.94
990	403.173
991	403.406
992	403.638
993	403.869
994	404.1
995	404.331
996	404.561
997	404.79
998	405.019
999	405.248
1000	405.476
1001	405.704
1002	405.931
1003	406.157
1004	406.384
1005	406.609
1006	406.834
1007	407.059
1008	407.283
1009	407.507
1010	407.73
1011	407.953
1012	408.175
1013	408.397
1014	408.618
1015	408.839
1016	409.059
1017	409.279
1018	409.498
1019	409.717
1020	409.935
1021	410.153
1022	410.37
1023	410.587
1024	410.803
1025	411.019
1026	411.234
1027	411.449
1028	411.663
1029	411.877
1030	412.091
1031	412.303
1032	412.516
1033	412.727
1034	412.939
1035	413.15
1036	413.36
1037	413.57
1038	413.779
1039	413.988
1040	414.196
1041	414.404
1042	414.612
1043	414.818
1044	415.025
1045	415.231
1046	415.436
1047	415.641
1048	415.845
1049	416.049
1050	416.252
1051	416.455
1052	416.657
1053	416.859
1054	417.061
1055	417.261
1056	417.462
1057	417.662
1058	417.861
1059	418.06
1060	418.258
1061	418.456
1062	418.653
1063	418.85
1064	419.046
1065	419.242
1066	419.437
1067	419.632
1068	419.826
1069	420.02
1070	420.214
1071	420.406
1072	420.599
1073	420.79
1074	420.982
1075	421.172
1076	421.362
1077	421.552
1078	421.741
1079	421.93
1080	422.118
1081	422.306
1082	422.493
1083	422.68
1084	422.866
1085	423.052
1086	423.237
1087	423.421
1088	423.605
1089	423.789
1090	423.972
1091	424.155
1092	424.337
1093	424.518
1094	424.699
1095	424.88
1096	425.06
1097	425.24
1098	425.419
1099	425.597
1100	425.775
1101	425.952
1102	426.129
1103	426.306
1104	426.482
1105	426.657
1106	426.832
1107	427.007
1108	427.18
1109	427.354
1110	427.527
1111	427.699
1112	427.871
1113	428.042
1114	428.213
1115	428.383
1116	428.553
1117	428.722
1118	428.891
1119	429.059
1120	429.227
1121	429.394
1122	429.56
1123	429.727
1124	429.892
1125	430.057
1126	430.222
1127	430.386
1128	430.549
1129	430.712
1130	430.875
1131	431.037
1132	431.198
1133	431.359
1134	431.52
1135	431.68
1136	431.839
1137	431.998
1138	432.156
1139	432.314
1140	432.471
1141	432.628
1142	432.784
1143	432.94
1144	433.095
1145	433.25
1146	433.404
1147	433.558
1148	433.711
1149	433.864
1150	434.016
1151	434.167
1152	434.318
1153	434.469
1154	434.619
1155	434.768
1156	434.917
1157	435.066
1158	435.213
1159	435.361
1160	435.508
1161	435.654
1162	435.8
1163	435.945
1164	436.09
1165	436.234
1166	436.378
1167	436.521
1168	436.663
1169	436.806
1170	436.947
1171	437.088
1172	437.229
1173	437.369
1174	437.508
1175	437.647
1176	437.786
1177	437.924
1178	438.061
1179	438.198
1180	438.334
1181	438.47
1182	438.605
1183	438.74
1184	438.874
1185	439.008
1186	439.141
1187	439.273
1188	439.406
1189	439.537
1190	439.668
1191	439.799
1192	439.929
1193	440.058
1194	440.187
1195	440.315
1196	440.443
1197	440.57
1198	440.697
1199	440.824
1200	440.949
1201	441.074
1202	441.199
1203	441.323
1204	441.447
1205	441.57
1206	441.692
1207	441.814
1208	441.936
1209	442.057
1210	442.177
1211	442.297
1212	442.416
1213	442.535
1214	442.654
1215	442.771
1216	442.888
1217	443.005
1218	443.121
1219	443.237
1220	443.352
1221	443.466
1222	443.58
1223	443.694
1224	443.807
1225	443.919
1226	444.031
1227	444.142
1228	444.253
1229	444.364
1230	444.473
1231	444.582
1232	444.691
1233	444.799
1234	444.907
1235	445.014
1236	445.12
1237	445.226
1238	445.332
1239	445.437
1240	445.541
1241	445.645
1242	445.748
1243	445.851
1244	445.953
1245	446.055
1246	446.156
1247	446.256
1248	446.357
1249	446.456
1250	446.555
1251	446.654
1252	446.751
1253	446.849
1254	446.946
1255	447.042
1256	447.138
1257	447.233
1258	447.328
1259	447.422
1260	447.515
1261	447.608
1262	447.701
1263	447.793
1264	447.884
1265	447.975
1266	448.066
1267	448.155
1268	448.245
1269	448.333
1270	448.422
1271	448.509
1272	448.596
1273	448.683
1274	448.769
1275	448.855
1276	448.94
1277	449.024
1278	449.108
1279	449.191
1280	449.274
1281	449.356
1282	449.438
1283	449.519
1284	449.6
1285	449.68
1286	449.759
1287	449.838
1288	449.917
1289	449.995
1290	450.072
1291	450.149
1292	450.225
1293	450.301
1294	450.376
1295	450.451
1296	450.525
1297	450.599
1298	450.672
1299	450.744
1300	450.816
1301	450.888
1302	450.958
1303	451.029
1304	451.099
1305	451.168
1306	451.236
1307	451.305
1308	451.372
1309	451.439
1310	451.506
1311	451.572
1312	451.637
1313	451.702
1314	451.766
1315	451.83
1316	451.894
1317	451.956
1318	452.018
1319	452.08
1320	452.141
1321	452.202
1322	452.262
1323	452.321
1324	452.38
1325	452.438
1326	452.496
1327	452.553
1328	452.61
1329	452.666
1330	452.722
1331	452.777
1332	452.831
1333	452.885
1334	452.939
1335	452.992
1336	453.044
1337	453.096
1338	453.147
1339	453.198
1340	453.248
1341	453.298
1342	453.347
1343	453.395
1344	453.443
1345	453.491
1346	453.538
1347	453.584
1348	453.63
1349	453.675
1350	453.72
1351	453.764
1352	453.807
1353	453.851
1354	453.893
1355	453.935
1356	453.976
1357	454.017
1358	454.058
1359	454.097
1360	454.137
1361	454.175
1362	454.214
1363	454.251
1364	454.288
1365	454.325
1366	454.361
1367	454.396
1368	454.431
1369	454.465
1370	454.499
1371	454.532
1372	454.565
1373	454.597
1374	454.629
1375	454.66
1376	454.69
1377	454.72
1378	454.749
1379	454.778
1380	454.806
1381	454.834
1382	454.861
1383	454.888
1384	454.914
1385	454.94
1386	454.965
1387	454.989
1388	455.013
1389	455.036
1390	455.059
1391	455.081
1392	455.103
1393	455.124
1394	455.145
1395	455.165
1396	455.184
1397	455.203
1398	455.222
1399	455.24
1400	455.257
1401	455.274
1402	455.29
1403	455.306
1404	455.321
1405	455.335
1406	455.349
1407	455.363
1408	455.376
1409	455.388
1410	455.4
1411	455.411
1412	455.422
1413	455.432
1414	455.442
1415	455.451
1416	455.46
1417	455.467
1418	455.475
1419	455.482
1420	455.488
1421	455.494
1422	455.499
1423	455.504
1424	455.508
1425	455.512
1426	455.515
1427	455.517
1428	455.519
1429	455.521
1430	455.521
1431	455.522
1432	455.522
1433	455.521
1434	455.519
1435	455.518
1436	455.515
1437	455.512
1438	455.509
1439	455.504
1440	455.5
1441	455.495
1442	455.489
1443	455.483
1444	455.476
1445	455.468
1446	455.461
1447	455.452
1448	455.443
1449	455.433
1450	455.423
1451	455.413
1452	455.401
1453	455.39
1454	455.377
1455	455.365
1456	455.351
1457	455.337
1458	455.323
1459	455.308
1460	455.292
1461	455.276
1462	455.259
1463	455.242
1464	455.224
1465	455.206
1466	455.187
1467	455.167
1468	455.147
1469	455.127
1470	455.106
1471	455.084
1472	455.062
1473	455.039
1474	455.016
1475	454.992
1476	454.968
1477	454.943
1478	454.917
1479	454.891
1480	454.865
1481	454.838
1482	454.81
1483	454.782
1484	454.753
1485	454.724
1486	454.694
1487	454.663
1488	454.632
1489	454.601
1490	454.569
1491	454.536
1492	454.503
1493	454.47
1494	454.435
1495	454.4
1496	454.365
1497	454.329
1498	454.293
1499	454.256
1500	454.218
1501	454.18
1502	454.142
1503	454.102
1504	454.063
1505	454.023
1506	453.982
1507	453.94
1508	453.898
1509	453.856
1510	453.813
1511	453.769
1512	453.725
1513	453.681
1514	453.636
1515	453.59
1516	453.544
1517	453.497
1518	453.449
1519	453.401
1520	453.353
1521	453.304
1522	453.254
1523	453.204
1524	453.154
1525	453.102
1526	453.051
1527	452.998
1528	452.946
1529	452.892
1530	452.838
1531	452.784
1532	452.729
1533	452.673
1534	452.617
1535	452.561
1536	452.503
1537	452.446
1538	452.387
1539	452.329
1540	452.269
1541	452.209
1542	452.149
1543	452.088
1544	452.026
1545	451.964
1546	451.902
1547	451.838
1548	451.775
1549	451.71
1550	451.646
1551	451.58
1552	451.514
1553	451.448
1554	451.381
1555	451.313
1556	451.245
1557	451.177
1558	451.107
1559	451.038
1560	450.967
1561	450.897
1562	450.825
1563	450.753
1564	450.681
1565	450.608
1566	450.534
1567	450.46
1568	450.386
1569	450.311
1570	450.235
1571	450.159
1572	450.082
1573	450.005
1574	449.927
1575	449.848
1576	449.769
1577	449.69
1578	449.61
1579	449.529
1580	449.448
1581	449.367
1582	449.284
1583	449.202
1584	449.118
1585	449.035
1586	448.95
1587	448.865
1588	448.78
1589	448.694
1590	448.608
1591	448.52
1592	448.433
1593	448.345
1594	448.256
1595	448.167
1596	448.077
1597	447.987
1598	447.896
1599	447.805
1600	447.713
1601	447.62
1602	447.527
1603	447.434
1604	447.34
1605	447.245
1606	447.15
1607	447.054
1608	446.958
1609	446.861
1610	446.764
1611	446.666
1612	446.568
1613	446.469
1614	446.369
1615	446.269
1616	446.169
1617	446.068
1618	445.966
1619	445.864
1620	445.761
1621	445.658
1622	445.554
1623	445.45
1624	445.345
1625	445.24
1626	445.134
1627	445.027
1628	444.92
1629	444.813
1630	444.705
1631	444.596
1632	444.487
1633	444.378
1634	444.267
1635	444.157
1636	444.045
1637	443.934
1638	443.821
1639	443.708
1640	443.595
1641	443.481
1642	443.367
1643	443.252
1644	443.136
1645	443.02
1646	442.903
1647	442.786
1648	442.669
1649	442.55
1650	442.432
1651	442.312
1652	442.193
1653	442.072
1654	441.951
1655	441.83
1656	441.708
1657	441.585
1658	441.463
1659	441.339
1660	441.215
1661	441.09
1662	440.965
1663	440.84
1664	440.713
1665	440.587
1666	440.459
1667	440.332
1668	440.203
1669	440.074
1670	439.945
1671	439.815
1672	439.685
1673	439.554
1674	439.422
1675	439.29
1676	439.158
1677	439.025
1678	438.891
1679	438.757
1680	438.622
1681	438.487
1682	438.351
1683	438.215
1684	438.078
1685	437.941
1686	437.803
1687	437.665
1688	437.526
1689	437.387
1690	437.247
1691	437.106
1692	436.965
1693	436.824
1694	436.682
1695	436.539
1696	436.396
1697	436.252
1698	436.108
1699	435.963
1700	435.818
1701	435.673
1702	435.526
1703	435.379
1704	435.232
1705	435.084
1706	434.936
1707	434.787
1708	434.638
1709	434.488
1710	434.337
1711	434.186
1712	434.035
1713	433.883
1714	433.73
1715	433.577
1716	433.424
1717	433.27
1718	433.115
1719	432.96
1720	432.804
1721	432.648
1722	432.491
1723	432.334
1724	432.176
1725	432.018
1726	431.859
1727	431.7
1728	431.54
1729	431.38
1730	431.219
1731	431.057
1732	430.896
1733	430.733
1734	430.57
1735	430.407
1736	430.243
1737	430.078
1738	429.913
1739	429.748
1740	429.582
1741	429.415
1742	429.248
1743	429.08
1744	428.912
1745	428.743
1746	428.574
1747	428.405
1748	428.234
1749	428.064
1750	427.893
1751	427.721
1752	427.548
1753	427.376
1754	427.202
1755	427.029
1756	426.854
1757	426.679
1758	426.504
1759	426.328
1760	426.152
1761	425.975
1762	425.798
1763	425.62
1764	425.441
1765	425.262
1766	425.083
1767	424.903
1768	424.722
1769	424.541
1770	424.36
1771	424.178
1772	423.995
1773	423.812
1774	423.629
1775	423.445
1776	423.26
1777	423.075
1778	422.89
1779	422.703
1780	422.517
1781	422.33
1782	422.142
1783	421.954
1784	421.765
1785	421.576
1786	421.387
1787	421.196
1788	421.006
1789	420.815
1790	420.623
1791	420.431
1792	420.238
1793	420.045
1794	419.851
1795	419.657
1796	419.462
1797	419.267
1798	419.071
1799	418.875
1800	418.678
1801	418.481
1802	418.283
1803	418.085
1804	417.886
1805	417.687
1806	417.487
1807	417.287
1808	417.086
1809	416.885
1810	416.683
1811	416.481
1812	416.278
1813	416.075
1814	415.871
1815	415.667
1816	415.462
1817	415.257
1818	415.051
1819	414.845
1820	414.638
1821	414.431
1822	414.223
1823	414.015
1824	413.806
1825	413.596
1826	413.387
1827	413.176
1828	412.966
1829	412.754
1830	412.543
1831	412.33
1832	412.118
1833	411.904
1834	411.691
1835	411.476
1836	411.262
1837	411.046
1838	410.831
1839	410.614
1840	410.398
1841	410.18
1842	409.963
1843	409.745
1844	409.526
1845	409.307
1846	409.087
1847	408.867
1848	408.646
1849	408.425
1850	408.203
1851	407.981
1852	407.758
1853	407.535
1854	407.312
1855	407.088
1856	406.863
1857	406.638
1858	406.412
1859	406.186
1860	405.96
1861	405.733
1862	405.505
1863	405.277
1864	405.049
1865	404.82
1866	404.59
1867	404.36
1868	404.13
1869	403.899
1870	403.667
1871	403.435
1872	403.203
1873	402.97
1874	402.737
1875	402.503
1876	402.268
1877	402.033
1878	401.798
1879	401.562
1880	401.326
1881	401.089
1882	400.852
1883	400.614
1884	400.376
1885	400.137
1886	399.898
1887	399.658
1888	399.418
1889	399.178
1890	398.937
1891	398.695
1892	398.453
1893	398.21
1894	397.967
1895	397.724
1896	397.48
1897	397.235
1898	396.99
1899	396.745
1900	396.499
1901	396.253
1902	396.006
1903	395.758
1904	395.511
1905	395.262
1906	395.014
1907	394.764
1908	394.515
1909	394.264
1910	394.014
1911	393.763
1912	393.511
1913	393.259
1914	393.006
1915	392.753
1916	392.5
1917	392.246
1918	391.991
1919	391.736
1920	391.481
1921	391.225
1922	390.969
1923	390.712
1924	390.455
1925	390.197
1926	389.939
1927	389.68
1928	389.421
1929	389.161
1930	388.901
1931	388.64
1932	388.379
1933	388.118
1934	387.856
1935	387.593
1936	387.331
1937	387.067
1938	386.803
1939	386.539
1940	386.274
1941	386.009
1942	385.743
1943	385.477
1944	385.21
1945	384.943
1946	384.676
1947	384.408
1948	384.139
1949	383.87
1950	383.601
1951	383.331
1952	383.061
1953	382.79
1954	382.519
1955	382.247
1956	381.975
1957	381.702
1958	381.429
1959	381.155
1960	380.881
1961	380.607
1962	380.332
1963	380.056
1964	379.781
1965	379.504
1966	379.228
1967	378.95
1968	378.673
1969	378.394
1970	378.116
1971	377.837
1972	377.557
1973	377.277
1974	376.997
1975	376.716
1976	376.435
1977	376.153
1978	375.871
1979	375.588
1980	375.305
1981	375.021
1982	374.737
1983	374.453
1984	374.168
1985	373.882
1986	373.597
1987	373.31
1988	373.023
1989	372.736
1990	372.449
1991	372.161
1992	371.872
1993	371.583
1994	371.294
1995	371.004
1996	370.713
1997	370.423
1998	370.131
1999	369.84
2000	369.548
2001	369.255
2002	368.962
2003	368.669
2004	368.375
2005	368.08
2006	367.785
2007	367.49
2008	367.195
2009	366.898
2010	366.602
2011	366.305
2012	366.007
2013	365.71
2014	365.411
2015	365.113
2016	364.813
2017	364.514
2018	364.214
2019	363.913
2020	363.612
2021	363.311
2022	363.009
2023	362.707
2024	362.404
2025	362.101
2026	361.797
2027	361.493
2028	361.189
2029	360.884
2030	360.579
2031	360.273
2032	359.967
2033	359.66
2034	359.353
2035	359.045
2036	358.738
2037	358.429
2038	358.12
2039	357.811
2040	357.502
2041	357.191
2042	356.881
2043	356.57
2044	356.259
2045	355.947
2046	355.635
2047	355.322
2048	355.009
2049	354.695
2050	354.381
2051	354.067
2052	353.752
2053	353.437
2054	353.121
2055	352.805
2056	352.489
2057	352.172
2058	351.855
2059	351.537
2060	351.219
2061	350.9
2062	350.581
2063	350.261
2064	349.942
2065	349.621
2066	349.301
2067	348.979
2068	348.658
2069	348.336
2070	348.013
2071	347.691
2072	347.367
2073	347.044
2074	346.72
2075	346.395
2076	346.07
2077	345.745
2078	345.419
2079	345.093
2080	344.766
2081	344.439
2082	344.112
2083	343.784
2084	343.456
2085	343.127
2086	342.798
2087	342.469
2088	342.139
2089	341.809
2090	341.478
2091	341.147
2092	340.815
2093	340.483
2094	340.151
2095	339.818
2096	339.485
2097	339.151
2098	338.817
2099	338.483
2100	338.148
2101	337.813
2102	337.477
2103	337.141
2104	336.805
2105	336.468
2106	336.131
2107	335.793
2108	335.455
2109	335.117
2110	334.778
2111	334.438
2112	334.099
2113	333.759
2114	333.418
2115	333.077
2116	332.736
2117	332.394
2118	332.052
2119	331.71
2120	331.367
2121	331.024
2122	330.68
2123	330.336
2124	329.991
2125	329.646
2126	329.301
2127	328.955
2128	328.609
2129	328.263
2130	327.916
2131	327.569
2132	327.221
2133	326.873
2134	326.525
2135	326.176
2136	325.827
2137	325.477
2138	325.127
2139	324.777
2140	324.426
2141	324.075
2142	323.723
2143	323.371
2144	323.019
2145	322.666
2146	322.313
2147	321.959
2148	321.606
2149	321.251
2150	320.897
2151	320.541
2152	320.186
2153	319.83
2154	319.474
2155	319.117
2156	318.76
2157	318.403
2158	318.045
2159	317.687
2160	317.329
2161	316.97
2162	316.61
2163	316.251
2164	315.891
2165	315.53
2166	315.169
2167	314.808
2168	314.447
2169	314.085
2170	313.722
2171	313.36
2172	312.997
2173	312.633
2174	312.269
2175	311.905
2176	311.54
2177	311.175
2178	310.81
2179	310.444
2180	310.078
2181	309.712
2182	309.345
2183	308.978
2184	308.61
2185	308.242
2186	307.874
2187	307.505
2188	307.136
2189	306.767
2190	306.397
2191	306.027
2192	305.656
2193	305.285
2194	304.914
2195	304.542
2196	304.17
2197	303.798
2198	303.425
2199	303.052
2200	302.679
2201	302.305
2202	301.931
2203	301.556
2204	301.181
2205	300.806
2206	300.43
2207	300.054
2208	299.678
2209	299.301
2210	298.924
2211	298.546
2212	298.169
2213	297.79
2214	297.412
2215	297.033
2216	296.654
2217	296.274
2218	295.894
2219	295.514
2220	295.133
2221	294.752
2222	294.371
2223	293.989
2224	293.607
2225	293.224
2226	292.842
2227	292.458
2228	292.075
2229	291.691
2230	291.307
2231	290.922
2232	290.537
2233	290.152
2234	289.766
2235	289.38
2236	288.994
2237	288.608
2238	288.22
2239	287.833
2240	287.445
2241	287.057
2242	286.669
2243	286.28
2244	285.891
2245	285.502
2246	285.112
2247	284.722
2248	284.331
2249	283.941
2250	283.549
2251	283.158
2252	282.766
2253	282.374
2254	281.981
2255	281.589
2256	281.195
2257	280.802
2258	280.408
2259	280.014
2260	279.619
2261	279.224
2262	278.829
2263	278.434
2264	278.038
2265	277.641
2266	277.245
2267	276.848
2268	276.451
2269	276.053
2270	275.655
2271	275.257
2272	274.858
2273	274.46
2274	274.06
2275	273.661
2276	273.261
2277	272.861
2278	272.46
2279	272.059
2280	271.658
2281	271.257
2282	270.855
2283	270.453
2284	270.05
2285	269.647
2286	269.244
2287	268.841
2288	268.437
2289	268.033
2290	267.628
2291	267.224
2292	266.818
2293	266.413
2294	266.007
2295	265.601
2296	265.195
2297	264.788
2298	264.381
2299	263.974
2300	263.566
2301	263.158
2302	262.75
2303	262.341
2304	261.932
2305	261.523
2306	261.114
2307	260.704
2308	260.294
2309	259.883
2310	259.472
2311	259.061
2312	258.65
2313	258.238
2314	257.826
2315	257.414
2316	257.001
2317	256.588
2318	256.175
2319	255.761
2320	255.347
2321	254.933
2322	254.519
2323	254.104
2324	253.689
2325	253.273
2326	252.857
2327	252.441
2328	252.025
2329	251.608
2330	251.191
2331	250.774
2332	250.357
2333	249.939
2334	249.521
2335	249.102
2336	248.683
2337	248.264
2338	247.845
2339	247.425
2340	247.005
2341	246.585
2342	246.164
2343	245.744
2344	245.322
2345	244.901
2346	244.479
2347	244.057
2348	243.635
2349	243.212
2350	242.789
2351	242.366
2352	241.943
2353	241.519
2354	241.095
2355	240.67
2356	240.246
2357	239.821
2358	239.396
2359	238.97
2360	238.544
2361	238.118
2362	237.692
2363	237.265
2364	236.838
2365	236.411
2366	235.983
2367	235.555
2368	235.127
2369	234.699
2370	234.27
2371	233.841
2372	233.412
2373	232.983
2374	232.553
2375	232.123
2376	231.692
2377	231.262
2378	230.831
2379	230.4
2380	229.968
2381	229.536
2382	229.104
2383	228.672
2384	228.24
2385	227.807
2386	227.374
2387	226.94
2388	226.507
2389	226.073
2390	225.638
2391	225.204
2392	224.769
2393	224.334
2394	223.899
2395	223.463
2396	223.027
2397	222.591
2398	222.155
2399	221.718
2400	221.281
2401	220.844
2402	220.407
2403	219.969
2404	219.531
2405	219.093
2406	218.654
2407	218.216
2408	217.777
2409	217.337
2410	216.898
2411	216.458
2412	216.018
2413	215.578
2414	215.137
2415	214.696
2416	214.255
2417	213.814
2418	213.372
2419	212.93
2420	212.488
2421	212.046
2422	211.603
2423	211.16
2424	210.717
2425	210.273
2426	209.83
2427	209.386
2428	208.942
2429	208.497
2430	208.053
2431	207.608
2432	207.162
2433	206.717
2434	206.271
2435	205.825
2436	205.379
2437	204.933
2438	204.486
2439	204.039
2440	203.592
2441	203.145
2442	202.697
2443	202.249
2444	201.801
2445	201.353
2446	200.904
2447	200.455
2448	200.006
2449	199.557
2450	199.107
2451	198.657
2452	198.207
2453	197.757
2454	197.306
2455	196.856
2456	196.405
2457	195.953
2458	195.502
2459	195.05
2460	194.598
2461	194.146
2462	193.694
2463	193.241
2464	192.788
2465	192.335
2466	191.881
2467	191.428
2468	190.974
2469	190.52
2470	190.066
2471	189.611
2472	189.156
2473	188.702
2474	188.246
2475	187.791
2476	187.335
2477	186.879
2478	186.423
2479	185.967
2480	185.51
2481	185.054
2482	184.597
2483	184.139
2484	183.682
2485	183.224
2486	182.766
2487	182.308
2488	181.85
2489	181.391
2490	180.933
2491	180.474
2492	180.015
2493	179.555
2494	179.096
2495	178.636
2496	178.176
2497	177.715
2498	177.255
2499	176.794
2500	176.333
2501	175.872
2502	175.411
2503	174.949
2504	174.487
2505	174.026
2506	173.563
2507	173.101
2508	172.638
2509	172.176
2510	171.713
2511	171.249
2512	170.786
2513	170.322
2514	169.858
2515	169.394
2516	168.93
2517	168.466
2518	168.001
2519	167.536
2520	167.071
2521	166.606
2522	166.14
2523	165.675
2524	165.209
2525	164.743
2526	164.277
2527	163.81
2528	163.343
2529	162.877
2530	162.41
2531	161.942
2532	161.475
2533	161.007
2534	160.539
2535	160.071
2536	159.603
2537	159.135
2538	158.666
2539	158.197
2540	157.729
2541	157.259
2542	156.79
2543	156.32
2544	155.851
2545	155.381
2546	154.911
2547	154.44
2548	153.97
2549	153.499
2550	153.028
2551	152.557
2552	152.086
2553	151.615
2554	151.143
2555	150.671
2556	150.199
2557	149.727
2558	149.255
2559	148.783
2560	148.31
2561	147.837
2562	147.364
2563	146.891
2564	146.417
2565	145.944
2566	145.47
2567	144.996
2568	144.522
2569	144.048
2570	143.573
2571	143.099
2572	142.624
2573	142.149
2574	141.674
2575	141.199
2576	140.723
2577	140.248
2578	139.772
2579	139.296
2580	138.82
2581	138.343
2582	137.867
2583	137.39
2584	136.914
2585	136.437
2586	135.959
2587	135.482
2588	135.005
2589	134.527
2590	134.049
2591	133.571
2592	133.093
2593	132.615
2594	132.137
2595	131.658
2596	131.179
2597	130.7
2598	130.221
2599	129.742
2600	129.263
2601	128.783
2602	128.304
2603	127.824
2604	127.344
2605	126.864
2606	126.383
2607	125.903
2608	125.422
2609	124.941
2610	124.461
2611	123.98
2612	123.498
2613	123.017
2614	122.535
2615	122.054
2616	121.572
2617	121.09
2618	120.608
2619	120.126
2620	119.643
2621	119.161
2622	118.678
2623	118.195
2624	117.712
2625	117.229
2626	116.746
2627	116.263
2628	115.779
2629	115.296
2630	114.812
2631	114.328
2632	113.844
2633	113.36
2634	112.875
2635	112.391
2636	111.906
2637	111.421
2638	110.937
2639	110.452
2640	109.966
2641	109.481
2642	108.996
2643	108.51
2644	108.025
2645	107.539
2646	107.053
2647	106.567
2648	106.081
2649	105.594
2650	105.108
2651	104.621
2652	104.135
2653	103.648
2654	103.161
2655	102.674
2656	102.187
2657	101.699
2658	101.212
2659	100.724
2660	100.237
2661	99.7487
2662	99.2608
2663	98.7727
2664	98.2846
2665	97.7963
2666	97.3079
2667	96.8194
2668	96.3307
2669	95.842
2670	95.3531
2671	94.8641
2672	94.375
2673	93.8858
2674	93.3965
2675	92.9071
2676	92.4175
2677	91.9279
2678	91.4381
2679	90.9482
2680	90.4582
2681	89.9681
2682	89.4779
2683	88.9876
2684	88.4972
2685	88.0067
2686	87.516
2687	87.0253
2688	86.5345
2689	86.0435
2690	85.5525
2691	85.0613
2692	84.5701
2693	84.0787
2694	83.5872
2695	83.0957
2696	82.604
2697	82.1123
2698	81.6204
2699	81.1284
2700	80.6364
2701	80.1442
2702	79.652
2703	79.1596
2704	78.6672
2705	78.1747
2706	77.682
2707	77.1893
2708	76.6965
2709	76.2036
2710	75.7106
2711	75.2175
2712	74.7243
2713	74.231
2714	73.7377
2715	73.2442
2716	72.7507
2717	72.2571
2718	71.7634
2719	71.2696
2720	70.7757
2721	70.2817
2722	69.7876
2723	69.2935
2724	68.7993
2725	68.305
2726	67.8106
2727	67.3161
2728	66.8216
2729	66.3269
2730	65.8322
2731	65.3374
2732	64.8426
2733	64.3476
2734	63.8526
2735	63.3575
2736	62.8623
2737	62.3671
2738	61.8717
2739	61.3763
2740	60.8809
2741	60.3853
2742	59.8897
2743	59.394
2744	58.8982
2745	58.4024
2746	57.9065
2747	57.4105
2748	56.9144
2749	56.4183
2750	55.9221
2751	55.4259
2752	54.9296
2753	54.4332
2754	53.9367
2755	53.4402
2756	52.9436
2757	52.447
2758	51.9503
2759	51.4535
2760	50.9567
2761	50.4598
2762	49.9628
2763	49.4658
2764	48.9688
2765	48.4716
2766	47.9744
2767	47.4772
2768	46.9799
2769	46.4825
2770	45.9851
2771	45.4876
2772	44.9901
2773	44.4925
2774	43.9949
2775	43.4972
2776	42.9995
2777	42.5017
2778	42.0038
2779	41.5059
2780	41.008
2781	40.51
2782	40.0119
2783	39.5138
2784	39.0157
2785	38.5175
2786	38.0193
2787	37.521
2788	37.0227
2789	36.5243
2790	36.0259
2791	35.5275
2792	35.029
2793	34.5304
2794	34.0318
2795	33.5332
2796	33.0345
2797	32.5358
2798	32.0371
2799	31.5383
2800	31.0395
2801	30.5406
2802	30.0417
2803	29.5428
2804	29.0439
2805	28.5449
2806	28.0458
2807	27.5467
2808	27.0476
2809	26.5485
2810	26.0493
2811	25.5501
2812	25.0509
2813	24.5517
2814	24.0524
2815	23.5531
2816	23.0537
2817	22.5543
2818	22.0549
2819	21.5555
2820	21.0561
2821	20.5566
2822	20.0571
2823	19.5576
2824	19.058
2825	18.5584
2826	18.0588
2827	17.5592
2828	17.0596
2829	16.5599
2830	16.0602
2831	15.5605
2832	15.0608
2833	14.5611
2834	14.0613
2835	13.5616
2836	13.0618
2837	12.562
2838	12.0622
2839	11.5623
2840	11.0625
2841	10.5626
2842	10.0627
2843	9.56286
2844	9.06296
2845	8.56306
2846	8.06314
2847	7.56321
2848	7.06328
2849	6.56333
2850	6.06338
2851	5.56342
2852	5.06346
2853	4.56348
2854	4.06351
2855	3.56352
2856	3.06354
2857	2.56355
2858	2.06355
2859	1.56356
2860	1.06356
2861	0.56356
2862	0.0635602
2863	-0.43644
2864	-0.936439
2865	-1.43644
2866	-1.93643
2867	-2.43643
2868	-2.93642
2869	-3.43641
2870	-3.93639
2871	-4.43637
2872	-4.93634
2873	-5.43631
2874	-5.93627
2875	-6.43623
2876	-6.93617
2877	-7.43611
2878	-7.93604
2879	-8.43596
2880	-8.93587
2881	-9.43577
2882	-9.93565
2883	-10.4355
2884	-10.9354
2885	-11.4352
2886	-11.9351
2887	-12.4349
2888	-12.9347
2889	-13.4345
2890	-13.9343
2891	-14.434
2892	-14.9338
2893	-15.4335
2894	-15.9332
2895	-16.4329
2896	-16.9325
2897	-17.4322
2898	-17.9318
2899	-18.4314
2900	-18.931
2901	-19.4305
2902	-19.9301
2903	-20.4296
2904	-20.9291
2905	-21.4285
2906	-21.928
2907	-22.4274
2908	-22.9268
2909	-23.4261
2910	-23.9254
2911	-24.4247
2912	-24.924
2913	-25.4232
2914	-25.9224
2915	-26.4216
2916	-26.9207
2917	-27.4199
2918	-27.9189
2919	-28.418
2920	-28.917
2921	-29.416
2922	-29.9149
2923	-30.4138
2924	-30.9127
2925	-31.4115
2926	-31.9103
2927	-32.409
2928	-32.9078
2929	-33.4064
2930	-33.9051
2931	-34.4037
2932	-34.9022
2933	-35.4007
2934	-35.8992
2935	-36.3976
2936	-36.896
2937	-37.3943
2938	-37.8926
2939	-38.3909
2940	-38.8891
2941	-39.3872
2942	-39.8853
2943	-40.3834
2944	-40.8814
2945	-41.3793
2946	-41.8772
2947	-42.3751
2948	-42.8729
2949	-43.3707
2950	-43.8684
2951	-44.366
2952	-44.8636
2953	-45.3611
2954	-45.8586
2955	-46.3561
2956	-46.8534
2957	-47.3508
2958	-47.848
2959	-48.3452
2960	-48.8424
2961	-49.3395
2962	-49.8365
2963	-50.3335
2964	-50.8304
2965	-51.3272
2966	-51.824
2967	-52.3207
2968	-52.8174
2969	-53.314
2970	-53.8105
2971	-54.307
2972	-54.8034
2973	-55.2997
2974	-55.796
2975	-56.2922
2976	-56.7883
2977	-57.2844
2978	-57.7804
2979	-58.2763
2980	-58.7722
2981	-59.2679
2982	-59.7637
2983	-60.2593
2984	-60.7549
2985	-61.2504
2986	-61.7458
2987	-62.2411
2988	-62.7364
2989	-63.2316
2990	-63.7267
2991	-64.2218
2992	-64.7167
2993	-65.2116
2994	-65.7064
2995	-66.2012
2996	-66.6958
2997	-67.1904
2998	-67.6849
2999	-68.1793
3000	-68.6736
3001	-69.1679
3002	-69.662
3003	-70.1561
3004	-70.6501
3005	-71.144
3006	-71.6378
3007	-72.1316
3008	-72.6252
3009	-73.1188
3010	-73.6122
3011	-74.1056
3012	-74.5989
3013	-75.0921
3014	-75.5852
3015	-76.0783
3016	-76.5712
3017	-77.064
3018	-77.5568
3019	-78.0494
3020	-78.542
3021	-79.0345
3022	-79.5268
3023	-80.0191
3024	-80.5113
3025	-81.0034
3026	-81.4953
3027	-81.9872
3028	-82.479
3029	-82.9707
3030	-83.4623
3031	-83.9538
3032	-84.4451
3033	-84.9364
3034	-85.4276
3035	-85.9187
3036	-86.4097
3037	-86.9005
3038	-87.3913
3039	-87.882
3040	-88.3725
3041	-88.863
3042	-89.3533
3043	-89.8435
3044	-90.3336
3045	-90.8237
3046	-91.3136
3047	-91.8034
3048	-92.2931
3049	-92.7826
3050	-93.2721
3051	-93.7614
3052	-94.2507
3053	-94.7398
3054	-95.2288
3055	-95.7177
3056	-96.2065
3057	-96.6951
3058	-97.1837
3059	-97.6721
3060	-98.1604
3061	-98.6486
3062	-99.1367
3063	-99.6247
3064	-100.112
3065	-100.6
3066	-101.088
3067	-101.575
3068	-102.063
3069	-102.55
3070	-103.037
3071	-103.524
3072	-104.011
3073	-104.498
3074	-104.984
3075	-105.471
3076	-105.957
3077	-106.443
3078	-106.929
3079	-107.415
3080	-107.901
3081	-108.387
3082	-108.872
3083	-109.358
3084	-109.843
3085	-110.328
3086	-110.813
3087	-111.298
3088	-111.783
3089	-112.268
3090	-112.752
3091	-113.237
3092	-113.721
3093	-114.205
3094	-114.689
3095	-115.173
3096	-115.656
3097	-116.14
3098	-116.623
3099	-117.107
3100	-117.59
3101	-118.073
3102	-118.556
3103	-119.038
3104	-119.521
3105	-120.003
3106	-120.485
3107	-120.968
3108	-121.45
3109	-121.931
3110	-122.413
3111	-122.895
3112	-123.376
3113	-123.857
3114	-124.338
3115	-124.819
3116	-125.3
3117	-125.781
3118	-126.261
3119	-126.741
3120	-127.222
3121	-127.702
3122	-128.182
3123	-128.661
3124	-129.141
3125	-129.62
3126	-130.099
3127	-130.579
3128	-131.058
3129	-131.536
3130	-132.015
3131	-132.493
3132	-132.972
3133	-133.45
3134	-133.928
3135	-134.406
3136	-134.883
3137	-135.361
3138	-135.838
3139	-136.315
3140	-136.792
3141	-137.269
3142	-137.746
3143	-138.222
3144	-138.699
3145	-139.175
3146	-139.651
3147	-140.127
3148	-140.602
3149	-141.078
3150	-141.553
3151	-142.028
3152	-142.503
3153	-142.978
3154	-143.453
3155	-143.927
3156	-144.402
3157	-144.876
3158	-145.35
3159	-145.823
3160	-146.297
3161	-146.77
3162	-147.244
3163	-147.717
3164	-148.19
3165	-148.662
3166	-149.135
3167	-149.607
3168	-150.079
3169	-150.551
3170	-151.023
3171	-151.495
3172	-151.966
3173	-152.438
3174	-152.909
3175	-153.38
3176	-153.85
3177	-154.321
3178	-154.791
3179	-155.261
3180	-155.731
3181	-156.201
3182	-156.671
3183	-157.14
3184	-157.609
3185	-158.078
3186	-158.547
3187	-159.016
3188	-159.484
3189	-159.952
3190	-160.421
3191	-160.888
3192	-161.356
3193	-161.824
3194	-162.291
3195	-162.758
3196	-163.225
3197	-163.692
3198	-164.158
3199	-164.624
3200	-165.09
3201	-165.556
3202	-166.022
3203	-166.488
3204	-166.953
3205	-167.418
3206	-167.883
3207	-168.348
3208	-168.812
3209	-169.276
3210	-169.74
3211	-170.204
3212	-170.668
3213	-171.132
3214	-171.595
3215	-172.058
3216	-172.521
3217	-172.983
3218	-173.446
3219	-173.908
3220	-174.37
3221	-174.832
3222	-175.293
3223	-175.755
3224	-176.216
3225	-176.677
3226	-177.138
3227	-177.598
3228	-178.059
3229	-178.519
3230	-178.979
3231	-179.438
3232	-179.898
3233	-180.357
3234	-180.816
3235	-181.275
3236	-181.733
3237	-182.192
3238	-182.65
3239	-183.108
3240	-183.566
3241	-184.023
3242	-184.48
3243	-184.937
3244	-185.394
3245	-185.851
3246	-186.307
3247	-186.763
3248	-187.219
3249	-187.675
3250	-188.131
3251	-188.586
3252	-189.041
3253	-189.496
3254	-189.95
3255	-190.405
3256	-190.859
3257	-191.313
3258	-191.766
3259	-192.22
3260	-192.673
3261	-193.126
3262	-193.578
3263	-194.031
3264	-194.483
3265	-194.935
3266	-195.387
3267	-195.839
3268	-196.29
3269	-196.741
3270	-197.192
3271	-197.642
3272	-198.093
3273	-198.543
3274	-198.993
3275	-199.442
3276	-199.892
3277	-200.341
3278	-200.79
3279	-201.239
3280	-201.687
3281	-202.135
3282	-202.583
3283	-203.031
3284	-203.478
3285	-203.926
3286	-204.373
3287	-204.819
3288	-205.266
3289	-205.712
3290	-206.158
3291	-206.604
3292	-207.049
3293	-207.494
3294	-207.939
3295	-208.384
3296	-208.829
3297	-209.273
3298	-209.717
3299	-210.161
3300	-210.604
3301	-211.047
3302	-211.49
3303	-211.933
3304	-212.376
3305	-212.818
3306	-213.26
3307	-213.701
3308	-214.143
3309	-214.584
3310	-215.025
3311	-215.466
3312	-215.906
3313	-216.346
3314	-216.786
3315	-217.226
3316	-217.665
3317	-218.104
3318	-218.543
3319	-218.981
3320	-219.42
3321	-219.858
3322	-220.296
3323	-220.733
3324	-221.17
3325	-221.607
3326	-222.044
3327	-222.48
3328	-222.917
3329	-223.352
3330	-223.788
3331	-224.224
3332	-224.659
3333	-225.093
3334	-225.528
3335	-225.962
3336	-226.396
3337	-226.83
3338	-227.263
3339	-227.697
3340	-228.13
3341	-228.562
3342	-228.995
3343	-229.427
3344	-229.858
3345	-230.29
3346	-230.721
3347	-231.152
3348	-231.583
3349	-232.013
3350	-232.444
3351	-232.873
3352	-233.303
3353	-233.732
3354	-234.161
3355	-234.59
3356	-235.019
3357	-235.447
3358	-235.875
3359	-236.302
3360	-236.729
3361	-237.157
3362	-237.583
3363	-238.01
3364	-238.436
3365	-238.862
3366	-239.287
3367	-239.713
3368	-240.138
3369	-240.562
3370	-240.987
3371	-241.411
3372	-241.835
3373	-242.259
3374	-242.682
3375	-243.105
3376	-243.527
3377	-243.95
3378	-244.372
3379	-244.794
3380	-245.215
3381	-245.637
3382	-246.057
3383	-246.478
3384	-246.898
3385	-247.318
3386	-247.738
3387	-248.158
3388	-248.577
3389	-248.996
3390	-249.414
3391	-249.832
3392	-250.25
3393	-250.668
3394	-251.085
3395	-251.502
3396	-251.919
3397	-252.336
3398	-252.752
3399	-253.167
3400	-253.583
3401	-253.998
3402	-254.413
3403	-254.828
3404	-255.242
3405	-255.656
3406	-256.07
3407	-256.483
3408	-256.896
3409	-257.309
3410	-257.721
3411	-258.133
3412	-258.545
3413	-258.957
3414	-259.368
3415	-259.779
3416	-260.189
3417	-260.6
3418	-261.01
3419	-261.419
3420	-261.828
3421	-262.237
3422	-262.646
3423	-263.054
3424	-263.463
3425	-263.87
3426	-264.278
3427	-264.685
3428	-265.092
3429	-265.498
3430	-265.904
3431	-266.31
3432	-266.715
3433	-267.121
3434	-267.525
3435	-267.93
3436	-268.334
3437	-268.738
3438	-269.142
3439	-269.545
3440	-269.948
3441	-270.35
3442	-270.753
3443	-271.154
3444	-271.556
3445	-271.957
3446	-272.358
3447	-272.759
3448	-273.159
3449	-273.559
3450	-273.959
3451	-274.358
3452	-274.757
3453	-275.156
3454	-275.554
3455	-275.952
3456	-276.35
3457	-276.747
3458	-277.144
3459	-277.541
3460	-277.937
3461	-278.333
3462	-278.729
3463	-279.124
3464	-279.519
3465	-279.913
3466	-280.308
3467	-280.702
3468	-281.095
3469	-281.489
3470	-281.882
3471	-282.274
3472	-282.666
3473	-283.058
3474	-283.45
3475	-283.841
3476	-284.232
3477	-284.623
3478	-285.013
3479	-285.403
3480	-285.792
3481	-286.181
3482	-286.57
3483	-286.959
3484	-287.347
3485	-287.735
3486	-288.122
3487	-288.509
3488	-288.896
3489	-289.282
3490	-289.668
3491	-290.054
3492	-290.439
3493	-290.824
3494	-291.209
3495	-291.593
3496	-291.977
3497	-292.361
3498	-292.744
3499	-293.127
