0	0
0.01	3.28533e-13
0.02	6.5714e-13
0.03	9.85896e-13
0.04	1.31487e-12
0.05	1.64415e-12
0.06	1.97379e-12
0.07	2.30388e-12
0.08	2.63449e-12
0.09	2.9657e-12
0.1	3.29757e-12
0.11	3.63019e-12
0.12	3.96362e-12
0.13	4.29795e-12
0.14	4.63325e-12
0.15	4.9696e-12
0.16	5.30706e-12
0.17	5.64572e-12
0.18	5.98566e-12
0.19	6.32694e-12
0.2	6.66966e-12
0.21	7.01387e-12
0.22	7.35967e-12
0.23	7.70713e-12
0.24	8.05633e-12
0.25	8.40734e-12
0.26	8.76025e-12
0.27	9.11514e-12
0.28	9.47208e-12
0.29	9.83116e-12
0.3	1.01925e-11
0.31	1.05561e-11
0.32	1.0922e-11
0.33	1.12905e-11
0.34	1.16615e-11
0.35	1.20351e-11
0.36	1.24114e-11
0.37	1.27905e-11
0.38	1.31726e-11
0.39	1.35575e-11
0.4	1.39456e-11
0.41	1.43368e-11
0.42	1.47312e-11
0.43	1.51289e-11
0.44	1.55301e-11
0.45	1.59348e-11
0.46	1.6343e-11
0.47	1.6755e-11
0.48	1.71707e-11
0.49	1.75903e-11
0.5	1.80138e-11
0.51	1.84415e-11
0.52	1.88732e-11
0.53	1.93093e-11
0.54	1.97497e-11
0.55	2.01945e-11
0.56	2.06439e-11
0.57	2.1098e-11
0.58	2.15568e-11
0.59	2.20205e-11
0.6	2.24892e-11
0.61	2.29629e-11
0.62	2.34418e-11
0.63	2.3926e-11
0.64	2.44156e-11
0.65	2.49106e-11
0.66	2.54114e-11
0.67	2.59178e-11
0.68	2.64301e-11
0.69	2.69483e-11
0.7	2.74727e-11
0.71	2.80032e-11
0.72	2.854e-11
0.73	2.90833e-11
0.74	2.96332e-11
0.75	3.01897e-11
0.76	3.0753e-11
0.77	3.13233e-11
0.78	3.19006e-11
0.79	3.24851e-11
0.8	3.3077e-11
0.81	3.36763e-11
0.82	3.42832e-11
0.83	3.48979e-11
0.84	3.55204e-11
0.85	3.61509e-11
0.86	3.67896e-11
0.87	3.74366e-11
0.88	3.8092e-11
0.89	3.8756e-11
0.9	3.94288e-11
0.91	4.01104e-11
0.92	4.08011e-11
0.93	4.1501e-11
0.94	4.22103e-11
0.95	4.2929e-11
0.96	4.36575e-11
0.97	4.43958e-11
0.98	4.51441e-11
0.99	4.59026e-11
1	4.66715e-11
1.01	4.74509e-11
1.02	4.8241e-11
1.03	4.9042e-11
1.04	4.9854e-11
1.05	5.06773e-11
1.06	5.1512e-11
1.07	5.23583e-11
1.08	5.32164e-11
1.09	5.40866e-11
1.1	5.49689e-11
1.11	5.58636e-11
1.12	5.6771e-11
1.13	5.76911e-11
1.14	5.86243e-11
1.15	5.95706e-11
1.16	6.05305e-11
1.17	6.15039e-11
1.18	6.24913e-11
1.19	6.34927e-11
1.2	6.45084e-11
1.21	6.55388e-11
1.22	6.65838e-11
1.23	6.76439e-11
1.24	6.87193e-11
1.25	6.98102e-11
1.26	7.09168e-11
1.27	7.20394e-11
1.28	7.31782e-11
1.29	7.43336e-11
1.3	7.55057e-11
1.31	7.66949e-11
1.32	7.79013e-11
1.33	7.91253e-11
1.34	8.03672e-11
1.35	8.16272e-11
1.36	8.29056e-11
1.37	8.42027e-11
1.38	8.55188e-11
1.39	8.68542e-11
1.4	8.82092e-11
1.41	8.95841e-11
1.42	9.09791e-11
1.43	9.23947e-11
1.44	9.38312e-11
1.45	9.52888e-11
1.46	9.67679e-11
1.47	9.82688e-11
1.48	9.97919e-11
1.49	1.01337e-10
1.5	1.02906e-10
1.51	1.04498e-10
1.52	1.06113e-10
1.53	1.07752e-10
1.54	1.09415e-10
1.55	1.11104e-10
1.56	1.12817e-10
1.57	1.14556e-10
1.58	1.1632e-10
1.59	1.18111e-10
1.6	1.19928e-10
1.61	1.21773e-10
1.62	1.23644e-10
1.63	1.25544e-10
1.64	1.27472e-10
1.65	1.29429e-10
1.66	1.31415e-10
1.67	1.33431e-10
1.68	1.35477e-10
1.69	1.37553e-10
1.7	1.3966e-10
1.71	1.41799e-10
1.72	1.4397e-10
1.73	1.46173e-10
1.74	1.4841e-10
1.75	1.50679e-10
1.76	1.52983e-10
1.77	1.55321e-10
1.78	1.57695e-10
1.79	1.60103e-10
1.8	1.62548e-10
1.81	1.6503e-10
1.82	1.67549e-10
1.83	1.70106e-10
1.84	1.72701e-10
1.85	1.75335e-10
1.86	1.78008e-10
1.87	1.80722e-10
1.88	1.83476e-10
1.89	1.86272e-10
1.9	1.8911e-10
1.91	1.9199e-10
1.92	1.94914e-10
1.93	1.97882e-10
1.94	2.00894e-10
1.95	2.03952e-10
1.96	2.07055e-10
1.97	2.10206e-10
1.98	2.13404e-10
1.99	2.1665e-10
2	2.19944e-10
2.01	2.23289e-10
2.02	2.26684e-10
2.03	2.30129e-10
2.04	2.33627e-10
2.05	2.37178e-10
2.06	2.40782e-10
2.07	2.4444e-10
2.08	2.48154e-10
2.09	2.51923e-10
2.1	2.55749e-10
2.11	2.59633e-10
2.12	2.63576e-10
2.13	2.67577e-10
2.14	2.7164e-10
2.15	2.75763e-10
2.16	2.79949e-10
2.17	2.84198e-10
2.18	2.88511e-10
2.19	2.92889e-10
2.2	2.97333e-10
2.21	3.01844e-10
2.22	3.06424e-10
2.23	3.11072e-10
2.24	3.15791e-10
2.25	3.2058e-10
2.26	3.25442e-10
2.27	3.30378e-10
2.28	3.35388e-10
2.29	3.40474e-10
2.3	3.45636e-10
2.31	3.50877e-10
2.32	3.56196e-10
2.33	3.61596e-10
2.34	3.67077e-10
2.35	3.72642e-10
2.36	3.7829e-10
2.37	3.84024e-10
2.38	3.89844e-10
2.39	3.95752e-10
2.4	4.01749e-10
2.41	4.07838e-10
2.42	4.14018e-10
2.43	4.20291e-10
2.44	4.26659e-10
2.45	4.33124e-10
2.46	4.39686e-10
2.47	4.46347e-10
2.48	4.53109e-10
2.49	4.59973e-10
2.5	4.66941e-10
2.51	4.74015e-10
2.52	4.81195e-10
2.53	4.88483e-10
2.54	4.95882e-10
2.55	5.03393e-10
2.56	5.11017e-10
2.57	5.18757e-10
2.58	5.26613e-10
2.59	5.34589e-10
2.6	5.42685e-10
2.61	5.50903e-10
2.62	5.59246e-10
2.63	5.67714e-10
2.64	5.76311e-10
2.65	5.85038e-10
2.66	5.93896e-10
2.67	6.02889e-10
2.68	6.12018e-10
2.69	6.21284e-10
2.7	6.30691e-10
2.71	6.4024e-10
2.72	6.49934e-10
2.73	6.59774e-10
2.74	6.69763e-10
2.75	6.79903e-10
2.76	6.90196e-10
2.77	7.00645e-10
2.78	7.11252e-10
2.79	7.22019e-10
2.8	7.3295e-10
2.81	7.44045e-10
2.82	7.55309e-10
2.83	7.66742e-10
2.84	7.78349e-10
2.85	7.90131e-10
2.86	8.02092e-10
2.87	8.14233e-10
2.88	8.26558e-10
2.89	8.3907e-10
2.9	8.51771e-10
2.91	8.64664e-10
2.92	8.77752e-10
2.93	8.91037e-10
2.94	9.04524e-10
2.95	9.18215e-10
2.96	9.32113e-10
2.97	9.46221e-10
2.98	9.60543e-10
2.99	9.75081e-10
3	9.89839e-10
3.01	1.00482e-09
3.02	1.02003e-09
3.03	1.03547e-09
3.04	1.05114e-09
3.05	1.06705e-09
3.06	1.0832e-09
3.07	1.09959e-09
3.08	1.11623e-09
3.09	1.13313e-09
3.1	1.15028e-09
3.11	1.16768e-09
3.12	1.18536e-09
3.13	1.2033e-09
3.14	1.22151e-09
3.15	1.23999e-09
3.16	1.25876e-09
3.17	1.27781e-09
3.18	1.29715e-09
3.19	1.31678e-09
3.2	1.33671e-09
3.21	1.35693e-09
3.22	1.37747e-09
3.23	1.39832e-09
3.24	1.41948e-09
3.25	1.44096e-09
3.26	1.46277e-09
3.27	1.4849e-09
3.28	1.50737e-09
3.29	1.53018e-09
3.3	1.55334e-09
3.31	1.57685e-09
3.32	1.60071e-09
3.33	1.62493e-09
3.34	1.64952e-09
3.35	1.67449e-09
3.36	1.69983e-09
3.37	1.72555e-09
3.38	1.75166e-09
3.39	1.77817e-09
3.4	1.80508e-09
3.41	1.83239e-09
3.42	1.86012e-09
3.43	1.88827e-09
3.44	1.91685e-09
3.45	1.94585e-09
3.46	1.9753e-09
3.47	2.00519e-09
3.48	2.03553e-09
3.49	2.06634e-09
3.5	2.0976e-09
3.51	2.12935e-09
3.52	2.16157e-09
3.53	2.19428e-09
3.54	2.22748e-09
3.55	2.26119e-09
3.56	2.29541e-09
3.57	2.33014e-09
3.58	2.3654e-09
3.59	2.40119e-09
3.6	2.43753e-09
3.61	2.47442e-09
3.62	2.51186e-09
3.63	2.54987e-09
3.64	2.58845e-09
3.65	2.62762e-09
3.66	2.66738e-09
3.67	2.70775e-09
3.68	2.74872e-09
3.69	2.79031e-09
3.7	2.83254e-09
3.71	2.8754e-09
3.72	2.91891e-09
3.73	2.96308e-09
3.74	3.00792e-09
3.75	3.05343e-09
3.76	3.09964e-09
3.77	3.14654e-09
3.78	3.19415e-09
3.79	3.24249e-09
3.8	3.29155e-09
3.81	3.34136e-09
3.82	3.39192e-09
3.83	3.44325e-09
3.84	3.49535e-09
3.85	3.54824e-09
3.86	3.60193e-09
3.87	3.65644e-09
3.88	3.71177e-09
3.89	3.76793e-09
3.9	3.82495e-09
3.91	3.88283e-09
3.92	3.94158e-09
3.93	4.00123e-09
3.94	4.06177e-09
3.95	4.12323e-09
3.96	4.18563e-09
3.97	4.24896e-09
3.98	4.31326e-09
3.99	4.37852e-09
4	4.44478e-09
4.01	4.51204e-09
4.02	4.58031e-09
4.03	4.64962e-09
4.04	4.71998e-09
4.05	4.7914e-09
4.06	4.8639e-09
4.07	4.9375e-09
4.08	5.01221e-09
4.09	5.08806e-09
4.1	5.16505e-09
4.11	5.2432e-09
4.12	5.32254e-09
4.13	5.40308e-09
4.14	5.48484e-09
4.15	5.56783e-09
4.16	5.65208e-09
4.17	5.73761e-09
4.18	5.82443e-09
4.19	5.91256e-09
4.2	6.00203e-09
4.21	6.09285e-09
4.22	6.18505e-09
4.23	6.27864e-09
4.24	6.37364e-09
4.25	6.47009e-09
4.26	6.56799e-09
4.27	6.66738e-09
4.28	6.76827e-09
4.29	6.87068e-09
4.3	6.97465e-09
4.31	7.08018e-09
4.32	7.18732e-09
4.33	7.29607e-09
4.34	7.40648e-09
4.35	7.51855e-09
4.36	7.63232e-09
4.37	7.74781e-09
4.38	7.86504e-09
4.39	7.98406e-09
4.4	8.10487e-09
4.41	8.22751e-09
4.42	8.352e-09
4.43	8.47838e-09
4.44	8.60667e-09
4.45	8.73691e-09
4.46	8.86911e-09
4.47	9.00332e-09
4.48	9.13955e-09
4.49	9.27785e-09
4.5	9.41824e-09
4.51	9.56075e-09
4.52	9.70542e-09
4.53	9.85228e-09
4.54	1.00014e-08
4.55	1.01527e-08
4.56	1.03063e-08
4.57	1.04623e-08
4.58	1.06206e-08
4.59	1.07813e-08
4.6	1.09444e-08
4.61	1.111e-08
4.62	1.12782e-08
4.63	1.14488e-08
4.64	1.1622e-08
4.65	1.17979e-08
4.66	1.19764e-08
4.67	1.21577e-08
4.68	1.23416e-08
4.69	1.25284e-08
4.7	1.27179e-08
4.71	1.29104e-08
4.72	1.31057e-08
4.73	1.33041e-08
4.74	1.35054e-08
4.75	1.37097e-08
4.76	1.39172e-08
4.77	1.41278e-08
4.78	1.43415e-08
4.79	1.45585e-08
4.8	1.47788e-08
4.81	1.50025e-08
4.82	1.52295e-08
4.83	1.54599e-08
4.84	1.56939e-08
4.85	1.59313e-08
4.86	1.61724e-08
4.87	1.64171e-08
4.88	1.66655e-08
4.89	1.69177e-08
4.9	1.71737e-08
4.91	1.74336e-08
4.92	1.76974e-08
4.93	1.79652e-08
4.94	1.8237e-08
4.95	1.8513e-08
4.96	1.87931e-08
4.97	1.90775e-08
4.98	1.93661e-08
4.99	1.96592e-08
5	1.99566e-08
5.01	2.02586e-08
5.02	2.05652e-08
5.03	2.08763e-08
5.04	2.11922e-08
5.05	2.15129e-08
5.06	2.18384e-08
5.07	2.21689e-08
5.08	2.25043e-08
5.09	2.28449e-08
5.1	2.31905e-08
5.11	2.35415e-08
5.12	2.38977e-08
5.13	2.42593e-08
5.14	2.46264e-08
5.15	2.4999e-08
5.16	2.53773e-08
5.17	2.57613e-08
5.18	2.61511e-08
5.19	2.65468e-08
5.2	2.69485e-08
5.21	2.73563e-08
5.22	2.77702e-08
5.23	2.81904e-08
5.24	2.8617e-08
5.25	2.905e-08
5.26	2.94896e-08
5.27	2.99358e-08
5.28	3.03888e-08
5.29	3.08486e-08
5.3	3.13154e-08
5.31	3.17893e-08
5.32	3.22703e-08
5.33	3.27586e-08
5.34	3.32543e-08
5.35	3.37575e-08
5.36	3.42683e-08
5.37	3.47868e-08
5.38	3.53132e-08
5.39	3.58475e-08
5.4	3.639e-08
5.41	3.69406e-08
5.42	3.74996e-08
5.43	3.8067e-08
5.44	3.8643e-08
5.45	3.92277e-08
5.46	3.98213e-08
5.47	4.04239e-08
5.48	4.10356e-08
5.49	4.16565e-08
5.5	4.22868e-08
5.51	4.29267e-08
5.52	4.35762e-08
5.53	4.42356e-08
5.54	4.4905e-08
5.55	4.55845e-08
5.56	4.62742e-08
5.57	4.69744e-08
5.58	4.76852e-08
5.59	4.84068e-08
5.6	4.91392e-08
5.61	4.98828e-08
5.62	5.06376e-08
5.63	5.14038e-08
5.64	5.21817e-08
5.65	5.29712e-08
5.66	5.37728e-08
5.67	5.45865e-08
5.68	5.54124e-08
5.69	5.62509e-08
5.7	5.71021e-08
5.71	5.79661e-08
5.72	5.88432e-08
5.73	5.97336e-08
5.74	6.06375e-08
5.75	6.15551e-08
5.76	6.24865e-08
5.77	6.3432e-08
5.78	6.43918e-08
5.79	6.53662e-08
5.8	6.63553e-08
5.81	6.73593e-08
5.82	6.83786e-08
5.83	6.94133e-08
5.84	7.04636e-08
5.85	7.15298e-08
5.86	7.26122e-08
5.87	7.37109e-08
5.88	7.48263e-08
5.89	7.59585e-08
5.9	7.71079e-08
5.91	7.82747e-08
5.92	7.94591e-08
5.93	8.06614e-08
5.94	8.1882e-08
5.95	8.3121e-08
5.96	8.43787e-08
5.97	8.56555e-08
5.98	8.69516e-08
5.99	8.82673e-08
6	8.9603e-08
6.01	9.09588e-08
6.02	9.23351e-08
6.03	9.37323e-08
6.04	9.51506e-08
6.05	9.65904e-08
6.06	9.8052e-08
6.07	9.95357e-08
6.08	1.01042e-07
6.09	1.02571e-07
6.1	1.04123e-07
6.11	1.05698e-07
6.12	1.07298e-07
6.13	1.08921e-07
6.14	1.10569e-07
6.15	1.12243e-07
6.16	1.13941e-07
6.17	1.15665e-07
6.18	1.17415e-07
6.19	1.19192e-07
6.2	1.20996e-07
6.21	1.22826e-07
6.22	1.24685e-07
6.23	1.26572e-07
6.24	1.28487e-07
6.25	1.30431e-07
6.26	1.32405e-07
6.27	1.34408e-07
6.28	1.36442e-07
6.29	1.38507e-07
6.3	1.40602e-07
6.31	1.4273e-07
6.32	1.4489e-07
6.33	1.47082e-07
6.34	1.49308e-07
6.35	1.51567e-07
6.36	1.5386e-07
6.37	1.56189e-07
6.38	1.58552e-07
6.39	1.60951e-07
6.4	1.63386e-07
6.41	1.65859e-07
6.42	1.68368e-07
6.43	1.70916e-07
6.44	1.73502e-07
6.45	1.76128e-07
6.46	1.78793e-07
6.47	1.81498e-07
6.48	1.84245e-07
6.49	1.87033e-07
6.5	1.89863e-07
6.51	1.92736e-07
6.52	1.95652e-07
6.53	1.98613e-07
6.54	2.01618e-07
6.55	2.04669e-07
6.56	2.07766e-07
6.57	2.10909e-07
6.58	2.14101e-07
6.59	2.1734e-07
6.6	2.20629e-07
6.61	2.23968e-07
6.62	2.27357e-07
6.63	2.30797e-07
6.64	2.34289e-07
6.65	2.37834e-07
6.66	2.41433e-07
6.67	2.45086e-07
6.68	2.48795e-07
6.69	2.5256e-07
6.7	2.56381e-07
6.71	2.60261e-07
6.72	2.64199e-07
6.73	2.68197e-07
6.74	2.72255e-07
6.75	2.76375e-07
6.76	2.80557e-07
6.77	2.84802e-07
6.78	2.89111e-07
6.79	2.93486e-07
6.8	2.97927e-07
6.81	3.02435e-07
6.82	3.07011e-07
6.83	3.11657e-07
6.84	3.16373e-07
6.85	3.2116e-07
6.86	3.2602e-07
6.87	3.30953e-07
6.88	3.35961e-07
6.89	3.41044e-07
6.9	3.46205e-07
6.91	3.51443e-07
6.92	3.56761e-07
6.93	3.6216e-07
6.94	3.6764e-07
6.95	3.73203e-07
6.96	3.7885e-07
6.97	3.84582e-07
6.98	3.90402e-07
6.99	3.96309e-07
7	4.02306e-07
7.01	4.08393e-07
7.02	4.14573e-07
7.03	4.20846e-07
7.04	4.27214e-07
7.05	4.33679e-07
7.06	4.40241e-07
7.07	4.46903e-07
7.08	4.53665e-07
7.09	4.6053e-07
7.1	4.67498e-07
7.11	4.74572e-07
7.12	4.81753e-07
7.13	4.89043e-07
7.14	4.96443e-07
7.15	5.03955e-07
7.16	5.1158e-07
7.17	5.19321e-07
7.18	5.27179e-07
7.19	5.35156e-07
7.2	5.43254e-07
7.21	5.51474e-07
7.22	5.59819e-07
7.23	5.6829e-07
7.24	5.76889e-07
7.25	5.85618e-07
7.26	5.9448e-07
7.27	6.03475e-07
7.28	6.12607e-07
7.29	6.21876e-07
7.3	6.31286e-07
7.31	6.40839e-07
7.32	6.50536e-07
7.33	6.60379e-07
7.34	6.70372e-07
7.35	6.80515e-07
7.36	6.90813e-07
7.37	7.01266e-07
7.38	7.11877e-07
7.39	7.22649e-07
7.4	7.33584e-07
7.41	7.44684e-07
7.42	7.55952e-07
7.43	7.67391e-07
7.44	7.79003e-07
7.45	7.9079e-07
7.46	8.02756e-07
7.47	8.14903e-07
7.48	8.27234e-07
7.49	8.39751e-07
7.5	8.52458e-07
7.51	8.65357e-07
7.52	8.78451e-07
7.53	8.91743e-07
7.54	9.05236e-07
7.55	9.18934e-07
7.56	9.32839e-07
7.57	9.46954e-07
7.58	9.61283e-07
7.59	9.75829e-07
7.6	9.90594e-07
7.61	1.00558e-06
7.62	1.0208e-06
7.63	1.03625e-06
7.64	1.05193e-06
7.65	1.06784e-06
7.66	1.084e-06
7.67	1.1004e-06
7.68	1.11705e-06
7.69	1.13396e-06
7.7	1.15112e-06
7.71	1.16853e-06
7.72	1.18622e-06
7.73	1.20416e-06
7.74	1.22239e-06
7.75	1.24088e-06
7.76	1.25966e-06
7.77	1.27872e-06
7.78	1.29807e-06
7.79	1.31771e-06
7.8	1.33765e-06
7.81	1.35789e-06
7.82	1.37844e-06
7.83	1.39929e-06
7.84	1.42047e-06
7.85	1.44196e-06
7.86	1.46378e-06
7.87	1.48593e-06
7.88	1.50841e-06
7.89	1.53124e-06
7.9	1.55441e-06
7.91	1.57793e-06
7.92	1.6018e-06
7.93	1.62604e-06
7.94	1.65065e-06
7.95	1.67562e-06
7.96	1.70098e-06
7.97	1.72672e-06
7.98	1.75284e-06
7.99	1.77937e-06
8	1.80629e-06
8.01	1.83362e-06
8.02	1.86137e-06
8.03	1.88953e-06
8.04	1.91812e-06
8.05	1.94715e-06
8.06	1.97661e-06
8.07	2.00652e-06
8.08	2.03688e-06
8.09	2.0677e-06
8.1	2.09899e-06
8.11	2.13075e-06
8.12	2.16299e-06
8.13	2.19572e-06
8.14	2.22895e-06
8.15	2.26267e-06
8.16	2.29691e-06
8.17	2.33167e-06
8.18	2.36695e-06
8.19	2.40276e-06
8.2	2.43912e-06
8.21	2.47603e-06
8.22	2.51349e-06
8.23	2.55153e-06
8.24	2.59013e-06
8.25	2.62933e-06
8.26	2.66911e-06
8.27	2.7095e-06
8.28	2.7505e-06
8.29	2.79212e-06
8.3	2.83436e-06
8.31	2.87725e-06
8.32	2.92079e-06
8.33	2.96498e-06
8.34	3.00985e-06
8.35	3.05539e-06
8.36	3.10162e-06
8.37	3.14855e-06
8.38	3.1962e-06
8.39	3.24456e-06
8.4	3.29365e-06
8.41	3.34349e-06
8.42	3.39408e-06
8.43	3.44544e-06
8.44	3.49757e-06
8.45	3.5505e-06
8.46	3.60422e-06
8.47	3.65876e-06
8.48	3.71412e-06
8.49	3.77032e-06
8.5	3.82737e-06
8.51	3.88528e-06
8.52	3.94407e-06
8.53	4.00375e-06
8.54	4.06433e-06
8.55	4.12583e-06
8.56	4.18826e-06
8.57	4.25163e-06
8.58	4.31596e-06
8.59	4.38127e-06
8.6	4.44756e-06
8.61	4.51486e-06
8.62	4.58317e-06
8.63	4.65252e-06
8.64	4.72292e-06
8.65	4.79438e-06
8.66	4.86693e-06
8.67	4.94057e-06
8.68	5.01533e-06
8.69	5.09121e-06
8.7	5.16825e-06
8.71	5.24645e-06
8.72	5.32584e-06
8.73	5.40642e-06
8.74	5.48823e-06
8.75	5.57127e-06
8.76	5.65557e-06
8.77	5.74114e-06
8.78	5.82801e-06
8.79	5.9162e-06
8.8	6.00572e-06
8.81	6.09659e-06
8.82	6.18884e-06
8.83	6.28248e-06
8.84	6.37754e-06
8.85	6.47404e-06
8.86	6.572e-06
8.87	6.67144e-06
8.88	6.77239e-06
8.89	6.87486e-06
8.9	6.97888e-06
8.91	7.08448e-06
8.92	7.19167e-06
8.93	7.30049e-06
8.94	7.41095e-06
8.95	7.52309e-06
8.96	7.63692e-06
8.97	7.75247e-06
8.98	7.86978e-06
8.99	7.98885e-06
9	8.10973e-06
9.01	8.23244e-06
9.02	8.357e-06
9.03	8.48345e-06
9.04	8.61181e-06
9.05	8.74212e-06
9.06	8.87439e-06
9.07	9.00867e-06
9.08	9.14498e-06
9.09	9.28335e-06
9.1	9.42381e-06
9.11	9.5664e-06
9.12	9.71115e-06
9.13	9.85808e-06
9.14	1.00072e-05
9.15	1.01587e-05
9.16	1.03124e-05
9.17	1.04684e-05
9.18	1.06268e-05
9.19	1.07876e-05
9.2	1.09508e-05
9.21	1.11165e-05
9.22	1.12847e-05
9.23	1.14554e-05
9.24	1.16288e-05
9.25	1.18047e-05
9.26	1.19833e-05
9.27	1.21646e-05
9.28	1.23487e-05
9.29	1.25355e-05
9.3	1.27252e-05
9.31	1.29178e-05
9.32	1.31132e-05
9.33	1.33116e-05
9.34	1.3513e-05
9.35	1.37175e-05
9.36	1.3925e-05
9.37	1.41357e-05
9.38	1.43496e-05
9.39	1.45667e-05
9.4	1.47871e-05
9.41	1.50108e-05
9.42	1.5238e-05
9.43	1.54685e-05
9.44	1.57026e-05
9.45	1.59401e-05
9.46	1.61813e-05
9.47	1.64261e-05
9.48	1.66747e-05
9.49	1.6927e-05
9.5	1.71831e-05
9.51	1.7443e-05
9.52	1.7707e-05
9.53	1.79749e-05
9.54	1.82468e-05
9.55	1.85229e-05
9.56	1.88031e-05
9.57	1.90876e-05
9.58	1.93764e-05
9.59	1.96696e-05
9.6	1.99672e-05
9.61	2.02693e-05
9.62	2.0576e-05
9.63	2.08873e-05
9.64	2.12033e-05
9.65	2.15241e-05
9.66	2.18497e-05
9.67	2.21803e-05
9.68	2.25159e-05
9.69	2.28566e-05
9.7	2.32024e-05
9.71	2.35534e-05
9.72	2.39098e-05
9.73	2.42715e-05
9.74	2.46387e-05
9.75	2.50115e-05
9.76	2.53899e-05
9.77	2.5774e-05
9.78	2.6164e-05
9.79	2.65598e-05
9.8	2.69616e-05
9.81	2.73695e-05
9.82	2.77836e-05
9.83	2.8204e-05
9.84	2.86307e-05
9.85	2.90638e-05
9.86	2.95035e-05
9.87	2.99499e-05
9.88	3.0403e-05
9.89	3.08629e-05
9.9	3.13299e-05
9.91	3.18038e-05
9.92	3.2285e-05
9.93	3.27734e-05
9.94	3.32692e-05
9.95	3.37726e-05
9.96	3.42835e-05
9.97	3.48021e-05
9.98	3.53287e-05
9.99	3.58631e-05
10	3.64057e-05
10.01	3.69564e-05
10.02	3.75155e-05
10.03	3.80831e-05
10.04	3.86592e-05
10.05	3.9244e-05
10.06	3.98377e-05
10.07	4.04404e-05
10.08	4.10522e-05
10.09	4.16732e-05
10.1	4.23036e-05
10.11	4.29436e-05
10.12	4.35932e-05
10.13	4.42527e-05
10.14	4.49221e-05
10.15	4.56017e-05
10.16	4.62915e-05
10.17	4.69918e-05
10.18	4.77027e-05
10.19	4.84243e-05
10.2	4.91568e-05
10.21	4.99004e-05
10.22	5.06552e-05
10.23	5.14215e-05
10.24	5.21994e-05
10.25	5.2989e-05
10.26	5.37905e-05
10.27	5.46042e-05
10.28	5.54302e-05
10.29	5.62687e-05
10.3	5.71198e-05
10.31	5.79838e-05
10.32	5.88609e-05
10.33	5.97513e-05
10.34	6.06551e-05
10.35	6.15726e-05
10.36	6.25039e-05
10.37	6.34493e-05
10.38	6.44091e-05
10.39	6.53833e-05
10.4	6.63723e-05
10.41	6.73762e-05
10.42	6.83953e-05
10.43	6.94298e-05
10.44	7.048e-05
10.45	7.1546e-05
10.46	7.26282e-05
10.47	7.37267e-05
10.48	7.48418e-05
10.49	7.59738e-05
10.5	7.71228e-05
10.51	7.82893e-05
10.52	7.94734e-05
10.53	8.06754e-05
10.54	8.18956e-05
10.55	8.31342e-05
10.56	8.43915e-05
10.57	8.56678e-05
10.58	8.69635e-05
10.59	8.82787e-05
10.6	8.96138e-05
10.61	9.09691e-05
10.62	9.23448e-05
10.63	9.37414e-05
10.64	9.51591e-05
10.65	9.65982e-05
10.66	9.8059e-05
10.67	9.9542e-05
10.68	0.000101047
10.69	0.000102575
10.7	0.000104127
10.71	0.000105701
10.72	0.0001073
10.73	0.000108922
10.74	0.000110569
10.75	0.000112241
10.76	0.000113939
10.77	0.000115662
10.78	0.00011741
10.79	0.000119186
10.8	0.000120988
10.81	0.000122817
10.82	0.000124675
10.83	0.00012656
10.84	0.000128473
10.85	0.000130416
10.86	0.000132388
10.87	0.000134389
10.88	0.000136421
10.89	0.000138484
10.9	0.000140578
10.91	0.000142703
10.92	0.000144861
10.93	0.000147051
10.94	0.000149274
10.95	0.000151531
10.96	0.000153821
10.97	0.000156147
10.98	0.000158508
10.99	0.000160904
11	0.000163336
11.01	0.000165805
11.02	0.000168312
11.03	0.000170856
11.04	0.000173439
11.05	0.000176061
11.06	0.000178722
11.07	0.000181423
11.08	0.000184166
11.09	0.000186949
11.1	0.000189775
11.11	0.000192643
11.12	0.000195555
11.13	0.000198511
11.14	0.000201511
11.15	0.000204557
11.16	0.000207648
11.17	0.000210786
11.18	0.000213972
11.19	0.000217206
11.2	0.000220488
11.21	0.00022382
11.22	0.000227202
11.23	0.000230636
11.24	0.000234121
11.25	0.000237659
11.26	0.00024125
11.27	0.000244895
11.28	0.000248595
11.29	0.000252352
11.3	0.000256164
11.31	0.000260035
11.32	0.000263964
11.33	0.000267952
11.34	0.000272
11.35	0.000276109
11.36	0.00028028
11.37	0.000284514
11.38	0.000288812
11.39	0.000293175
11.4	0.000297604
11.41	0.000302099
11.42	0.000306662
11.43	0.000311294
11.44	0.000315996
11.45	0.000320768
11.46	0.000325613
11.47	0.000330531
11.48	0.000335522
11.49	0.000340589
11.5	0.000345733
11.51	0.000350954
11.52	0.000356253
11.53	0.000361633
11.54	0.000367093
11.55	0.000372636
11.56	0.000378262
11.57	0.000383973
11.58	0.00038977
11.59	0.000395655
11.6	0.000401628
11.61	0.000407691
11.62	0.000413845
11.63	0.000420092
11.64	0.000426433
11.65	0.000432869
11.66	0.000439403
11.67	0.000446035
11.68	0.000452766
11.69	0.000459599
11.7	0.000466535
11.71	0.000473575
11.72	0.000480721
11.73	0.000487975
11.74	0.000495338
11.75	0.000502811
11.76	0.000510397
11.77	0.000518097
11.78	0.000525913
11.79	0.000533847
11.8	0.000541899
11.81	0.000550073
11.82	0.00055837
11.83	0.000566792
11.84	0.00057534
11.85	0.000584016
11.86	0.000592823
11.87	0.000601762
11.88	0.000610836
11.89	0.000620046
11.9	0.000629394
11.91	0.000638883
11.92	0.000648515
11.93	0.000658291
11.94	0.000668213
11.95	0.000678285
11.96	0.000688508
11.97	0.000698884
11.98	0.000709417
11.99	0.000720107
12	0.000730958
12.01	0.000741971
12.02	0.00075315
12.03	0.000764496
12.04	0.000776013
12.05	0.000787702
12.06	0.000799566
12.07	0.000811609
12.08	0.000823832
12.09	0.000836238
12.1	0.00084883
12.11	0.000861611
12.12	0.000874583
12.13	0.00088775
12.14	0.000901113
12.15	0.000914677
12.16	0.000928444
12.17	0.000942417
12.18	0.000956599
12.19	0.000970994
12.2	0.000985604
12.21	0.00100043
12.22	0.00101548
12.23	0.00103076
12.24	0.00104626
12.25	0.001062
12.26	0.00107797
12.27	0.00109418
12.28	0.00111063
12.29	0.00112733
12.3	0.00114427
12.31	0.00116147
12.32	0.00117893
12.33	0.00119665
12.34	0.00121463
12.35	0.00123288
12.36	0.0012514
12.37	0.0012702
12.38	0.00128928
12.39	0.00130864
12.4	0.00132829
12.41	0.00134824
12.42	0.00136848
12.43	0.00138902
12.44	0.00140987
12.45	0.00143103
12.46	0.00145251
12.47	0.0014743
12.48	0.00149642
12.49	0.00151887
12.5	0.00154165
12.51	0.00156477
12.52	0.00158823
12.53	0.00161204
12.54	0.00163621
12.55	0.00166073
12.56	0.00168562
12.57	0.00171088
12.58	0.00173651
12.59	0.00176253
12.6	0.00178892
12.61	0.00181572
12.62	0.0018429
12.63	0.00187049
12.64	0.00189849
12.65	0.0019269
12.66	0.00195574
12.67	0.001985
12.68	0.00201469
12.69	0.00204482
12.7	0.0020754
12.71	0.00210643
12.72	0.00213792
12.73	0.00216987
12.74	0.00220229
12.75	0.0022352
12.76	0.00226859
12.77	0.00230247
12.78	0.00233684
12.79	0.00237173
12.8	0.00240713
12.81	0.00244305
12.82	0.0024795
12.83	0.00251649
12.84	0.00255401
12.85	0.0025921
12.86	0.00263074
12.87	0.00266994
12.88	0.00270973
12.89	0.00275009
12.9	0.00279105
12.91	0.00283261
12.92	0.00287478
12.93	0.00291756
12.94	0.00296097
12.95	0.00300502
12.96	0.00304971
12.97	0.00309505
12.98	0.00314106
12.99	0.00318774
13	0.00323509
13.01	0.00328314
13.02	0.00333189
13.03	0.00338135
13.04	0.00343153
13.05	0.00348244
13.06	0.00353409
13.07	0.00358649
13.08	0.00363965
13.09	0.00369359
13.1	0.0037483
13.11	0.00380381
13.12	0.00386012
13.13	0.00391725
13.14	0.00397521
13.15	0.004034
13.16	0.00409364
13.17	0.00415415
13.18	0.00421553
13.19	0.00427779
13.2	0.00434095
13.21	0.00440502
13.22	0.00447001
13.23	0.00453594
13.24	0.00460282
13.25	0.00467065
13.26	0.00473946
13.27	0.00480925
13.28	0.00488005
13.29	0.00495186
13.3	0.00502469
13.31	0.00509857
13.32	0.0051735
13.33	0.0052495
13.34	0.00532658
13.35	0.00540476
13.36	0.00548406
13.37	0.00556448
13.38	0.00564604
13.39	0.00572877
13.4	0.00581266
13.41	0.00589774
13.42	0.00598403
13.43	0.00607154
13.44	0.00616028
13.45	0.00625028
13.46	0.00634154
13.47	0.00643409
13.48	0.00652794
13.49	0.00662312
13.5	0.00671962
13.51	0.00681748
13.52	0.00691671
13.53	0.00701733
13.54	0.00711936
13.55	0.00722281
13.56	0.0073277
13.57	0.00743406
13.58	0.00754189
13.59	0.00765122
13.6	0.00776207
13.61	0.00787446
13.62	0.0079884
13.63	0.00810391
13.64	0.00822103
13.65	0.00833975
13.66	0.00846012
13.67	0.00858213
13.68	0.00870583
13.69	0.00883122
13.7	0.00895833
13.71	0.00908717
13.72	0.00921778
13.73	0.00935017
13.74	0.00948436
13.75	0.00962037
13.76	0.00975824
13.77	0.00989797
13.78	0.0100396
13.79	0.0101831
13.8	0.0103286
13.81	0.010476
13.82	0.0106255
13.83	0.0107769
13.84	0.0109303
13.85	0.0110858
13.86	0.0112434
13.87	0.0114031
13.88	0.0115649
13.89	0.0117289
13.9	0.011895
13.91	0.0120634
13.92	0.0122339
13.93	0.0124067
13.94	0.0125818
13.95	0.0127592
13.96	0.0129389
13.97	0.013121
13.98	0.0133054
13.99	0.0134923
14	0.0136816
14.01	0.0138733
14.02	0.0140675
14.03	0.0142643
14.04	0.0144635
14.05	0.0146654
14.06	0.0148698
14.07	0.0150769
14.08	0.0152865
14.09	0.0154989
14.1	0.015714
14.11	0.0159318
14.12	0.0161524
14.13	0.0163757
14.14	0.0166019
14.15	0.0168309
14.16	0.0170628
14.17	0.0172976
14.18	0.0175353
14.19	0.017776
14.2	0.0180196
14.21	0.0182663
14.22	0.018516
14.23	0.0187688
14.24	0.0190247
14.25	0.0192838
14.26	0.019546
14.27	0.0198114
14.28	0.02008
14.29	0.0203519
14.3	0.020627
14.31	0.0209055
14.32	0.0211873
14.33	0.0214725
14.34	0.021761
14.35	0.022053
14.36	0.0223485
14.37	0.0226475
14.38	0.02295
14.39	0.023256
14.4	0.0235656
14.41	0.0238788
14.42	0.0241957
14.43	0.0245162
14.44	0.0248404
14.45	0.0251684
14.46	0.0255001
14.47	0.0258356
14.48	0.0261749
14.49	0.026518
14.5	0.0268651
14.51	0.027216
14.52	0.0275709
14.53	0.0279297
14.54	0.0282925
14.55	0.0286594
14.56	0.0290303
14.57	0.0294052
14.58	0.0297843
14.59	0.0301675
14.6	0.0305548
14.61	0.0309464
14.62	0.0313422
14.63	0.0317422
14.64	0.0321464
14.65	0.032555
14.66	0.0329679
14.67	0.0333851
14.68	0.0338068
14.69	0.0342328
14.7	0.0346632
14.71	0.0350981
14.72	0.0355375
14.73	0.0359814
14.74	0.0364298
14.75	0.0368827
14.76	0.0373402
14.77	0.0378024
14.78	0.0382691
14.79	0.0387405
14.8	0.0392165
14.81	0.0396973
14.82	0.0401827
14.83	0.0406729
14.84	0.0411678
14.85	0.0416675
14.86	0.042172
14.87	0.0426813
14.88	0.0431955
14.89	0.0437145
14.9	0.0442383
14.91	0.0447671
14.92	0.0453007
14.93	0.0458393
14.94	0.0463828
14.95	0.0469313
14.96	0.0474847
14.97	0.0480431
14.98	0.0486066
14.99	0.049175
15	0.0497485
15.01	0.050327
15.02	0.0509105
15.03	0.0514991
15.04	0.0520928
15.05	0.0526916
15.06	0.0532955
15.07	0.0539044
15.08	0.0545185
15.09	0.0551378
15.1	0.0557621
15.11	0.0563916
15.12	0.0570262
15.13	0.057666
15.14	0.058311
15.15	0.0589611
15.16	0.0596163
15.17	0.0602768
15.18	0.0609424
15.19	0.0616132
15.2	0.0622892
15.21	0.0629703
15.22	0.0636566
15.23	0.0643481
15.24	0.0650448
15.25	0.0657467
15.26	0.0664537
15.27	0.0671659
15.28	0.0678833
15.29	0.0686058
15.3	0.0693335
15.31	0.0700663
15.32	0.0708043
15.33	0.0715474
15.34	0.0722957
15.35	0.0730491
15.36	0.0738076
15.37	0.0745712
15.38	0.0753399
15.39	0.0761136
15.4	0.0768925
15.41	0.0776764
15.42	0.0784654
15.43	0.0792593
15.44	0.0800583
15.45	0.0808623
15.46	0.0816713
15.47	0.0824853
15.48	0.0833042
15.49	0.0841281
15.5	0.0849568
15.51	0.0857905
15.52	0.086629
15.53	0.0874724
15.54	0.0883206
15.55	0.0891737
15.56	0.0900315
15.57	0.0908941
15.58	0.0917615
15.59	0.0926335
15.6	0.0935103
15.61	0.0943917
15.62	0.0952778
15.63	0.0961685
15.64	0.0970638
15.65	0.0979636
15.66	0.098868
15.67	0.0997768
15.68	0.10069
15.69	0.101608
15.7	0.10253
15.71	0.103457
15.72	0.104388
15.73	0.105323
15.74	0.106262
15.75	0.107206
15.76	0.108154
15.77	0.109106
15.78	0.110062
15.79	0.111023
15.8	0.111987
15.81	0.112956
15.82	0.113928
15.83	0.114904
15.84	0.115885
15.85	0.116869
15.86	0.117857
15.87	0.118849
15.88	0.119844
15.89	0.120844
15.9	0.121847
15.91	0.122853
15.92	0.123863
15.93	0.124877
15.94	0.125894
15.95	0.126915
15.96	0.127939
15.97	0.128966
15.98	0.129997
15.99	0.131031
16	0.132068
16.01	0.133108
16.02	0.134152
16.03	0.135199
16.04	0.136248
16.05	0.137301
16.06	0.138356
16.07	0.139415
16.08	0.140476
16.09	0.14154
16.1	0.142607
16.11	0.143677
16.12	0.144749
16.13	0.145824
16.14	0.146901
16.15	0.147981
16.16	0.149063
16.17	0.150148
16.18	0.151235
16.19	0.152324
16.2	0.153416
16.21	0.154509
16.22	0.155605
16.23	0.156703
16.24	0.157803
16.25	0.158905
16.26	0.160009
16.27	0.161115
16.28	0.162222
16.29	0.163331
16.3	0.164442
16.31	0.165555
16.32	0.166669
16.33	0.167785
16.34	0.168902
16.35	0.170021
16.36	0.171141
16.37	0.172263
16.38	0.173385
16.39	0.174509
16.4	0.175634
16.41	0.176761
16.42	0.177888
16.43	0.179016
16.44	0.180145
16.45	0.181275
16.46	0.182406
16.47	0.183538
16.48	0.18467
16.49	0.185803
16.5	0.186937
16.51	0.188071
16.52	0.189206
16.53	0.190341
16.54	0.191477
16.55	0.192613
16.56	0.193749
16.57	0.194885
16.58	0.196022
16.59	0.197159
16.6	0.198295
16.61	0.199432
16.62	0.200569
16.63	0.201705
16.64	0.202842
16.65	0.203978
16.66	0.205114
16.67	0.20625
16.68	0.207385
16.69	0.20852
16.7	0.209654
16.71	0.210788
16.72	0.211921
16.73	0.213053
16.74	0.214185
16.75	0.215316
16.76	0.216447
16.77	0.217576
16.78	0.218704
16.79	0.219832
16.8	0.220958
16.81	0.222084
16.82	0.223208
16.83	0.224331
16.84	0.225453
16.85	0.226574
16.86	0.227693
16.87	0.228811
16.88	0.229927
16.89	0.231042
16.9	0.232155
16.91	0.233267
16.92	0.234377
16.93	0.235485
16.94	0.236592
16.95	0.237697
16.96	0.2388
16.97	0.239901
16.98	0.241
16.99	0.242097
17	0.243192
17.01	0.244285
17.02	0.245376
17.03	0.246464
17.04	0.247551
17.05	0.248635
17.06	0.249716
17.07	0.250796
17.08	0.251872
17.09	0.252947
17.1	0.254019
17.11	0.255088
17.12	0.256154
17.13	0.257218
17.14	0.258279
17.15	0.259338
17.16	0.260393
17.17	0.261446
17.18	0.262496
17.19	0.263542
17.2	0.264586
17.21	0.265627
17.22	0.266665
17.23	0.267699
17.24	0.26873
17.25	0.269758
17.26	0.270783
17.27	0.271805
17.28	0.272823
17.29	0.273838
17.3	0.274849
17.31	0.275857
17.32	0.276861
17.33	0.277861
17.34	0.278858
17.35	0.279852
17.36	0.280842
17.37	0.281827
17.38	0.28281
17.39	0.283788
17.4	0.284762
17.41	0.285733
17.42	0.286699
17.43	0.287662
17.44	0.288621
17.45	0.289575
17.46	0.290525
17.47	0.291472
17.48	0.292414
17.49	0.293352
17.5	0.294285
17.51	0.295215
17.52	0.296139
17.53	0.29706
17.54	0.297976
17.55	0.298888
17.56	0.299795
17.57	0.300698
17.58	0.301596
17.59	0.30249
17.6	0.303378
17.61	0.304263
17.62	0.305142
17.63	0.306017
17.64	0.306887
17.65	0.307753
17.66	0.308613
17.67	0.309469
17.68	0.310319
17.69	0.311165
17.7	0.312006
17.71	0.312841
17.72	0.313672
17.73	0.314498
17.74	0.315318
17.75	0.316134
17.76	0.316944
17.77	0.317749
17.78	0.318549
17.79	0.319344
17.8	0.320133
17.81	0.320917
17.82	0.321695
17.83	0.322469
17.84	0.323237
17.85	0.323999
17.86	0.324756
17.87	0.325507
17.88	0.326253
17.89	0.326994
17.9	0.327728
17.91	0.328458
17.92	0.329181
17.93	0.329899
17.94	0.330611
17.95	0.331318
17.96	0.332019
17.97	0.332714
17.98	0.333403
17.99	0.334086
18	0.334764
18.01	0.335435
18.02	0.336101
18.03	0.336761
18.04	0.337415
18.05	0.338063
18.06	0.338705
18.07	0.339341
18.08	0.339971
18.09	0.340595
18.1	0.341212
18.11	0.341824
18.12	0.34243
18.13	0.343029
18.14	0.343622
18.15	0.344209
18.16	0.34479
18.17	0.345364
18.18	0.345933
18.19	0.346495
18.2	0.34705
18.21	0.3476
18.22	0.348143
18.23	0.348679
18.24	0.349209
18.25	0.349733
18.26	0.350251
18.27	0.350762
18.28	0.351266
18.29	0.351764
18.3	0.352256
18.31	0.352741
18.32	0.353219
18.33	0.353691
18.34	0.354157
18.35	0.354615
18.36	0.355067
18.37	0.355513
18.38	0.355952
18.39	0.356384
18.4	0.35681
18.41	0.357229
18.42	0.357641
18.43	0.358046
18.44	0.358445
18.45	0.358837
18.46	0.359222
18.47	0.359601
18.48	0.359972
18.49	0.360337
18.5	0.360695
18.51	0.361046
18.52	0.361391
18.53	0.361728
18.54	0.362059
18.55	0.362383
18.56	0.362699
18.57	0.363009
18.58	0.363312
18.59	0.363608
18.6	0.363898
18.61	0.36418
18.62	0.364455
18.63	0.364723
18.64	0.364984
18.65	0.365239
18.66	0.365486
18.67	0.365726
18.68	0.365959
18.69	0.366185
18.7	0.366404
18.71	0.366616
18.72	0.366821
18.73	0.367019
18.74	0.36721
18.75	0.367393
18.76	0.36757
18.77	0.367739
18.78	0.367901
18.79	0.368056
18.8	0.368204
18.81	0.368345
18.82	0.368479
18.83	0.368606
18.84	0.368725
18.85	0.368837
18.86	0.368942
18.87	0.36904
18.88	0.369131
18.89	0.369214
18.9	0.36929
18.91	0.369359
18.92	0.369421
18.93	0.369476
18.94	0.369523
18.95	0.369563
18.96	0.369596
18.97	0.369622
18.98	0.36964
18.99	0.369651
19	0.369655
19.01	0.369652
19.02	0.369641
19.03	0.369624
19.04	0.369598
19.05	0.369566
19.06	0.369526
19.07	0.36948
19.08	0.369425
19.09	0.369364
19.1	0.369295
19.11	0.369219
19.12	0.369136
19.13	0.369045
19.14	0.368947
19.15	0.368842
19.16	0.36873
19.17	0.36861
19.18	0.368483
19.19	0.368349
19.2	0.368207
19.21	0.368059
19.22	0.367902
19.23	0.367739
19.24	0.367568
19.25	0.36739
19.26	0.367205
19.27	0.367013
19.28	0.366813
19.29	0.366606
19.3	0.366391
19.31	0.36617
19.32	0.365941
19.33	0.365705
19.34	0.365461
19.35	0.365211
19.36	0.364953
19.37	0.364688
19.38	0.364415
19.39	0.364135
19.4	0.363849
19.41	0.363554
19.42	0.363253
19.43	0.362944
19.44	0.362629
19.45	0.362305
19.46	0.361975
19.47	0.361638
19.48	0.361293
19.49	0.360941
19.5	0.360582
19.51	0.360216
19.52	0.359842
19.53	0.359461
19.54	0.359074
19.55	0.358679
19.56	0.358276
19.57	0.357867
19.58	0.357451
19.59	0.357027
19.6	0.356596
19.61	0.356158
19.62	0.355713
19.63	0.355261
19.64	0.354802
19.65	0.354336
19.66	0.353862
19.67	0.353382
19.68	0.352894
19.69	0.3524
19.7	0.351898
19.71	0.351389
19.72	0.350874
19.73	0.350351
19.74	0.349821
19.75	0.349284
19.76	0.34874
19.77	0.34819
19.78	0.347632
19.79	0.347067
19.8	0.346496
19.81	0.345917
19.82	0.345331
19.83	0.344739
19.84	0.344139
19.85	0.343533
19.86	0.34292
19.87	0.3423
19.88	0.341673
19.89	0.341039
19.9	0.340398
19.91	0.339751
19.92	0.339097
19.93	0.338436
19.94	0.337768
19.95	0.337093
19.96	0.336412
19.97	0.335723
19.98	0.335028
19.99	0.334327
20	0.333618
20.01	0.332903
20.02	0.332181
20.03	0.331453
20.04	0.330718
20.05	0.329976
20.06	0.329227
20.07	0.328472
20.08	0.327711
20.09	0.326942
20.1	0.326168
20.11	0.325386
20.12	0.324598
20.13	0.323804
20.14	0.323003
20.15	0.322195
20.16	0.321381
20.17	0.320561
20.18	0.319734
20.19	0.318901
20.2	0.318061
20.21	0.317215
20.22	0.316362
20.23	0.315503
20.24	0.314638
20.25	0.313767
20.26	0.312889
20.27	0.312004
20.28	0.311114
20.29	0.310217
20.3	0.309314
20.31	0.308405
20.32	0.307489
20.33	0.306568
20.34	0.30564
20.35	0.304706
20.36	0.303766
20.37	0.30282
20.38	0.301867
20.39	0.300909
20.4	0.299944
20.41	0.298974
20.42	0.297997
20.43	0.297015
20.44	0.296026
20.45	0.295031
20.46	0.294031
20.47	0.293024
20.48	0.292012
20.49	0.290994
20.5	0.28997
20.51	0.28894
20.52	0.287904
20.53	0.286863
20.54	0.285815
20.55	0.284762
20.56	0.283703
20.57	0.282639
20.58	0.281568
20.59	0.280492
20.6	0.279411
20.61	0.278323
20.62	0.27723
20.63	0.276132
20.64	0.275028
20.65	0.273918
20.66	0.272803
20.67	0.271682
20.68	0.270556
20.69	0.269425
20.7	0.268288
20.71	0.267145
20.72	0.265997
20.73	0.264844
20.74	0.263686
20.75	0.262522
20.76	0.261353
20.77	0.260178
20.78	0.258998
20.79	0.257813
20.8	0.256623
20.81	0.255428
20.82	0.254228
20.83	0.253022
20.84	0.251811
20.85	0.250595
20.86	0.249374
20.87	0.248149
20.88	0.246918
20.89	0.245682
20.9	0.244441
20.91	0.243195
20.92	0.241944
20.93	0.240689
20.94	0.239428
20.95	0.238163
20.96	0.236893
20.97	0.235618
20.98	0.234338
20.99	0.233054
21	0.231765
21.01	0.230471
21.02	0.229172
21.03	0.227869
21.04	0.226562
21.05	0.225249
21.06	0.223933
21.07	0.222611
21.08	0.221285
21.09	0.219955
21.1	0.21862
21.11	0.217281
21.12	0.215938
21.13	0.21459
21.14	0.213237
21.15	0.211881
21.16	0.21052
21.17	0.209155
21.18	0.207786
21.19	0.206412
21.2	0.205034
21.21	0.203653
21.22	0.202267
21.23	0.200876
21.24	0.199482
21.25	0.198084
21.26	0.196682
21.27	0.195276
21.28	0.193866
21.29	0.192452
21.3	0.191034
21.31	0.189612
21.32	0.188187
21.33	0.186757
21.34	0.185324
21.35	0.183887
21.36	0.182447
21.37	0.181002
21.38	0.179554
21.39	0.178103
21.4	0.176648
21.41	0.175189
21.42	0.173726
21.43	0.172261
21.44	0.170791
21.45	0.169319
21.46	0.167842
21.47	0.166363
21.48	0.16488
21.49	0.163394
21.5	0.161904
21.51	0.160411
21.52	0.158915
21.53	0.157416
21.54	0.155913
21.55	0.154408
21.56	0.152899
21.57	0.151387
21.58	0.149872
21.59	0.148354
21.6	0.146833
21.61	0.145309
21.62	0.143782
21.63	0.142253
21.64	0.14072
21.65	0.139184
21.66	0.137646
21.67	0.136105
21.68	0.134561
21.69	0.133015
21.7	0.131465
21.71	0.129913
21.72	0.128359
21.73	0.126802
21.74	0.125242
21.75	0.12368
21.76	0.122115
21.77	0.120548
21.78	0.118978
21.79	0.117406
21.8	0.115832
21.81	0.114255
21.82	0.112676
21.83	0.111095
21.84	0.109511
21.85	0.107925
21.86	0.106337
21.87	0.104747
21.88	0.103155
21.89	0.10156
21.9	0.0999639
21.91	0.0983655
21.92	0.096765
21.93	0.0951627
21.94	0.0935583
21.95	0.0919522
21.96	0.0903441
21.97	0.0887342
21.98	0.0871225
21.99	0.0855091
22	0.0838939
22.01	0.082277
22.02	0.0806585
22.03	0.0790383
22.04	0.0774166
22.05	0.0757932
22.06	0.0741684
22.07	0.072542
22.08	0.0709142
22.09	0.0692849
22.1	0.0676543
22.11	0.0660222
22.12	0.0643889
22.13	0.0627542
22.14	0.0611182
22.15	0.0594811
22.16	0.0578427
22.17	0.0562031
22.18	0.0545624
22.19	0.0529206
22.2	0.0512778
22.21	0.0496339
22.22	0.047989
22.23	0.0463431
22.24	0.0446963
22.25	0.0430486
22.26	0.0414
22.27	0.0397505
22.28	0.0381003
22.29	0.0364493
22.3	0.0347976
22.31	0.0331451
22.32	0.031492
22.33	0.0298383
22.34	0.0281839
22.35	0.026529
22.36	0.0248735
22.37	0.0232176
22.38	0.0215611
22.39	0.0199043
22.4	0.018247
22.41	0.0165893
22.42	0.0149314
22.43	0.0132731
22.44	0.0116145
22.45	0.00995575
22.46	0.00829677
22.47	0.00663762
22.48	0.00497833
22.49	0.00331894
22.5	0.00165949
22.51	-8.50357e-15
22.52	-0.00165949
22.53	-0.00331894
22.54	-0.00497833
22.55	-0.00663762
22.56	-0.00829677
22.57	-0.00995575
22.58	-0.0116145
22.59	-0.0132731
22.6	-0.0149314
22.61	-0.0165893
22.62	-0.018247
22.63	-0.0199043
22.64	-0.0215611
22.65	-0.0232176
22.66	-0.0248735
22.67	-0.026529
22.68	-0.0281839
22.69	-0.0298383
22.7	-0.031492
22.71	-0.0331451
22.72	-0.0347976
22.73	-0.0364493
22.74	-0.0381003
22.75	-0.0397505
22.76	-0.0414
22.77	-0.0430486
22.78	-0.0446963
22.79	-0.0463431
22.8	-0.047989
22.81	-0.0496339
22.82	-0.0512778
22.83	-0.0529206
22.84	-0.0545624
22.85	-0.0562031
22.86	-0.0578427
22.87	-0.0594811
22.88	-0.0611182
22.89	-0.0627542
22.9	-0.0643889
22.91	-0.0660222
22.92	-0.0676543
22.93	-0.0692849
22.94	-0.0709142
22.95	-0.072542
22.96	-0.0741684
22.97	-0.0757932
22.98	-0.0774166
22.99	-0.0790383
23	-0.0806585
23.01	-0.082277
23.02	-0.0838939
23.03	-0.0855091
23.04	-0.0871225
23.05	-0.0887342
23.06	-0.0903441
23.07	-0.0919522
23.08	-0.0935583
23.09	-0.0951627
23.1	-0.096765
23.11	-0.0983655
23.12	-0.0999639
23.13	-0.10156
23.14	-0.103155
23.15	-0.104747
23.16	-0.106337
23.17	-0.107925
23.18	-0.109511
23.19	-0.111095
23.2	-0.112676
23.21	-0.114255
23.22	-0.115832
23.23	-0.117406
23.24	-0.118978
23.25	-0.120548
23.26	-0.122115
23.27	-0.12368
23.28	-0.125242
23.29	-0.126802
23.3	-0.128359
23.31	-0.129913
23.32	-0.131465
23.33	-0.133015
23.34	-0.134561
23.35	-0.136105
23.36	-0.137646
23.37	-0.139184
23.38	-0.14072
23.39	-0.142253
23.4	-0.143782
23.41	-0.145309
23.42	-0.146833
23.43	-0.148354
23.44	-0.149872
23.45	-0.151387
23.46	-0.152899
23.47	-0.154408
23.48	-0.155913
23.49	-0.157416
23.5	-0.158915
23.51	-0.160411
23.52	-0.161904
23.53	-0.163394
23.54	-0.16488
23.55	-0.166363
23.56	-0.167842
23.57	-0.169319
23.58	-0.170791
23.59	-0.172261
23.6	-0.173726
23.61	-0.175189
23.62	-0.176648
23.63	-0.178103
23.64	-0.179554
23.65	-0.181002
23.66	-0.182447
23.67	-0.183887
23.68	-0.185324
23.69	-0.186757
23.7	-0.188187
23.71	-0.189612
23.72	-0.191034
23.73	-0.192452
23.74	-0.193866
23.75	-0.195276
23.76	-0.196682
23.77	-0.198084
23.78	-0.199482
23.79	-0.200876
23.8	-0.202267
23.81	-0.203653
23.82	-0.205034
23.83	-0.206412
23.84	-0.207786
23.85	-0.209155
23.86	-0.21052
23.87	-0.211881
23.88	-0.213237
23.89	-0.21459
23.9	-0.215938
23.91	-0.217281
23.92	-0.21862
23.93	-0.219955
23.94	-0.221285
23.95	-0.222611
23.96	-0.223933
23.97	-0.225249
23.98	-0.226562
23.99	-0.227869
24	-0.229172
24.01	-0.230471
24.02	-0.231765
24.03	-0.233054
24.04	-0.234338
24.05	-0.235618
24.06	-0.236893
24.07	-0.238163
24.08	-0.239428
24.09	-0.240689
24.1	-0.241944
24.11	-0.243195
24.12	-0.244441
24.13	-0.245682
24.14	-0.246918
24.15	-0.248149
24.16	-0.249374
24.17	-0.250595
24.18	-0.251811
24.19	-0.253022
24.2	-0.254228
24.21	-0.255428
24.22	-0.256623
24.23	-0.257813
24.24	-0.258998
24.25	-0.260178
24.26	-0.261353
24.27	-0.262522
24.28	-0.263686
24.29	-0.264844
24.3	-0.265997
24.31	-0.267145
24.32	-0.268288
24.33	-0.269425
24.34	-0.270556
24.35	-0.271682
24.36	-0.272803
24.37	-0.273918
24.38	-0.275028
24.39	-0.276132
24.4	-0.27723
24.41	-0.278323
24.42	-0.279411
24.43	-0.280492
24.44	-0.281568
24.45	-0.282639
24.46	-0.283703
24.47	-0.284762
24.48	-0.285815
24.49	-0.286863
24.5	-0.287904
24.51	-0.28894
24.52	-0.28997
24.53	-0.290994
24.54	-0.292012
24.55	-0.293024
24.56	-0.294031
24.57	-0.295031
24.58	-0.296026
24.59	-0.297015
24.6	-0.297997
24.61	-0.298974
24.62	-0.299944
24.63	-0.300909
24.64	-0.301867
24.65	-0.30282
24.66	-0.303766
24.67	-0.304706
24.68	-0.30564
24.69	-0.306568
24.7	-0.307489
24.71	-0.308405
24.72	-0.309314
24.73	-0.310217
24.74	-0.311114
24.75	-0.312004
24.76	-0.312889
24.77	-0.313767
24.78	-0.314638
24.79	-0.315503
24.8	-0.316362
24.81	-0.317215
24.82	-0.318061
24.83	-0.318901
24.84	-0.319734
24.85	-0.320561
24.86	-0.321381
24.87	-0.322195
24.88	-0.323003
24.89	-0.323804
24.9	-0.324598
24.91	-0.325386
24.92	-0.326168
24.93	-0.326942
24.94	-0.327711
24.95	-0.328472
24.96	-0.329227
24.97	-0.329976
24.98	-0.330718
24.99	-0.331453
25	-0.332181
25.01	-0.332903
25.02	-0.333618
25.03	-0.334327
25.04	-0.335028
25.05	-0.335723
25.06	-0.336412
25.07	-0.337093
25.08	-0.337768
25.09	-0.338436
25.1	-0.339097
25.11	-0.339751
25.12	-0.340398
25.13	-0.341039
25.14	-0.341673
25.15	-0.3423
25.16	-0.34292
25.17	-0.343533
25.18	-0.344139
25.19	-0.344739
25.2	-0.345331
25.21	-0.345917
25.22	-0.346496
25.23	-0.347067
25.24	-0.347632
25.25	-0.34819
25.26	-0.34874
25.27	-0.349284
25.28	-0.349821
25.29	-0.350351
25.3	-0.350874
25.31	-0.351389
25.32	-0.351898
25.33	-0.3524
25.34	-0.352894
25.35	-0.353382
25.36	-0.353862
25.37	-0.354336
25.38	-0.354802
25.39	-0.355261
25.4	-0.355713
25.41	-0.356158
25.42	-0.356596
25.43	-0.357027
25.44	-0.357451
25.45	-0.357867
25.46	-0.358276
25.47	-0.358679
25.48	-0.359074
25.49	-0.359461
25.5	-0.359842
25.51	-0.360216
25.52	-0.360582
25.53	-0.360941
25.54	-0.361293
25.55	-0.361638
25.56	-0.361975
25.57	-0.362305
25.58	-0.362629
25.59	-0.362944
25.6	-0.363253
25.61	-0.363554
25.62	-0.363849
25.63	-0.364135
25.64	-0.364415
25.65	-0.364688
25.66	-0.364953
25.67	-0.365211
25.68	-0.365461
25.69	-0.365705
25.7	-0.365941
25.71	-0.36617
25.72	-0.366391
25.73	-0.366606
25.74	-0.366813
25.75	-0.367013
25.76	-0.367205
25.77	-0.36739
25.78	-0.367568
25.79	-0.367739
25.8	-0.367902
25.81	-0.368059
25.82	-0.368207
25.83	-0.368349
25.84	-0.368483
25.85	-0.36861
25.86	-0.36873
25.87	-0.368842
25.88	-0.368947
25.89	-0.369045
25.9	-0.369136
25.91	-0.369219
25.92	-0.369295
25.93	-0.369364
25.94	-0.369425
25.95	-0.36948
25.96	-0.369526
25.97	-0.369566
25.98	-0.369598
25.99	-0.369624
26	-0.369641
26.01	-0.369652
26.02	-0.369655
26.03	-0.369651
26.04	-0.36964
26.05	-0.369622
26.06	-0.369596
26.07	-0.369563
26.08	-0.369523
26.09	-0.369476
26.1	-0.369421
26.11	-0.369359
26.12	-0.36929
26.13	-0.369214
26.14	-0.369131
26.15	-0.36904
26.16	-0.368942
26.17	-0.368837
26.18	-0.368725
26.19	-0.368606
26.2	-0.368479
26.21	-0.368345
26.22	-0.368204
26.23	-0.368056
26.24	-0.367901
26.25	-0.367739
26.26	-0.36757
26.27	-0.367393
26.28	-0.36721
26.29	-0.367019
26.3	-0.366821
26.31	-0.366616
26.32	-0.366404
26.33	-0.366185
26.34	-0.365959
26.35	-0.365726
26.36	-0.365486
26.37	-0.365239
26.38	-0.364984
26.39	-0.364723
26.4	-0.364455
26.41	-0.36418
26.42	-0.363898
26.43	-0.363608
26.44	-0.363312
26.45	-0.363009
26.46	-0.362699
26.47	-0.362383
26.48	-0.362059
26.49	-0.361728
26.5	-0.361391
26.51	-0.361046
26.52	-0.360695
26.53	-0.360337
26.54	-0.359972
26.55	-0.359601
26.56	-0.359222
26.57	-0.358837
26.58	-0.358445
26.59	-0.358046
26.6	-0.357641
26.61	-0.357229
26.62	-0.35681
26.63	-0.356384
26.64	-0.355952
26.65	-0.355513
26.66	-0.355067
26.67	-0.354615
26.68	-0.354157
26.69	-0.353691
26.7	-0.353219
26.71	-0.352741
26.72	-0.352256
26.73	-0.351764
26.74	-0.351266
26.75	-0.350762
26.76	-0.350251
26.77	-0.349733
26.78	-0.349209
26.79	-0.348679
26.8	-0.348143
26.81	-0.3476
26.82	-0.34705
26.83	-0.346495
26.84	-0.345933
26.85	-0.345364
26.86	-0.34479
26.87	-0.344209
26.88	-0.343622
26.89	-0.343029
26.9	-0.34243
26.91	-0.341824
26.92	-0.341212
26.93	-0.340595
26.94	-0.339971
26.95	-0.339341
26.96	-0.338705
26.97	-0.338063
26.98	-0.337415
26.99	-0.336761
27	-0.336101
27.01	-0.335435
27.02	-0.334764
27.03	-0.334086
27.04	-0.333403
27.05	-0.332714
27.06	-0.332019
27.07	-0.331318
27.08	-0.330611
27.09	-0.329899
27.1	-0.329181
27.11	-0.328458
27.12	-0.327728
27.13	-0.326994
27.14	-0.326253
27.15	-0.325507
27.16	-0.324756
27.17	-0.323999
27.18	-0.323237
27.19	-0.322469
27.2	-0.321695
27.21	-0.320917
27.22	-0.320133
27.23	-0.319344
27.24	-0.318549
27.25	-0.317749
27.26	-0.316944
27.27	-0.316134
27.28	-0.315318
27.29	-0.314498
27.3	-0.313672
27.31	-0.312841
27.32	-0.312006
27.33	-0.311165
27.34	-0.310319
27.35	-0.309469
27.36	-0.308613
27.37	-0.307753
27.38	-0.306887
27.39	-0.306017
27.4	-0.305142
27.41	-0.304263
27.42	-0.303378
27.43	-0.30249
27.44	-0.301596
27.45	-0.300698
27.46	-0.299795
27.47	-0.298888
27.48	-0.297976
27.49	-0.29706
27.5	-0.296139
27.51	-0.295215
27.52	-0.294285
27.53	-0.293352
27.54	-0.292414
27.55	-0.291472
27.56	-0.290525
27.57	-0.289575
27.58	-0.288621
27.59	-0.287662
27.6	-0.286699
27.61	-0.285733
27.62	-0.284762
27.63	-0.283788
27.64	-0.28281
27.65	-0.281827
27.66	-0.280842
27.67	-0.279852
27.68	-0.278858
27.69	-0.277861
27.7	-0.276861
27.71	-0.275857
27.72	-0.274849
27.73	-0.273838
27.74	-0.272823
27.75	-0.271805
27.76	-0.270783
27.77	-0.269758
27.78	-0.26873
27.79	-0.267699
27.8	-0.266665
27.81	-0.265627
27.82	-0.264586
27.83	-0.263542
27.84	-0.262496
27.85	-0.261446
27.86	-0.260393
27.87	-0.259338
27.88	-0.258279
27.89	-0.257218
27.9	-0.256154
27.91	-0.255088
27.92	-0.254019
27.93	-0.252947
27.94	-0.251872
27.95	-0.250796
27.96	-0.249716
27.97	-0.248635
27.98	-0.247551
27.99	-0.246464
28	-0.245376
28.01	-0.244285
28.02	-0.243192
28.03	-0.242097
28.04	-0.241
28.05	-0.239901
28.06	-0.2388
28.07	-0.237697
28.08	-0.236592
28.09	-0.235485
28.1	-0.234377
28.11	-0.233267
28.12	-0.232155
28.13	-0.231042
28.14	-0.229927
28.15	-0.228811
28.16	-0.227693
28.17	-0.226574
28.18	-0.225453
28.19	-0.224331
28.2	-0.223208
28.21	-0.222084
28.22	-0.220958
28.23	-0.219832
28.24	-0.218704
28.25	-0.217576
28.26	-0.216447
28.27	-0.215316
28.28	-0.214185
28.29	-0.213053
28.3	-0.211921
28.31	-0.210788
28.32	-0.209654
28.33	-0.20852
28.34	-0.207385
28.35	-0.20625
28.36	-0.205114
28.37	-0.203978
28.38	-0.202842
28.39	-0.201705
28.4	-0.200569
28.41	-0.199432
28.42	-0.198295
28.43	-0.197159
28.44	-0.196022
28.45	-0.194885
28.46	-0.193749
28.47	-0.192613
28.48	-0.191477
28.49	-0.190341
28.5	-0.189206
28.51	-0.188071
28.52	-0.186937
28.53	-0.185803
28.54	-0.18467
28.55	-0.183538
28.56	-0.182406
28.57	-0.181275
28.58	-0.180145
28.59	-0.179016
28.6	-0.177888
28.61	-0.176761
28.62	-0.175634
28.63	-0.174509
28.64	-0.173385
28.65	-0.172263
28.66	-0.171141
28.67	-0.170021
28.68	-0.168902
28.69	-0.167785
28.7	-0.166669
28.71	-0.165555
28.72	-0.164442
28.73	-0.163331
28.74	-0.162222
28.75	-0.161115
28.76	-0.160009
28.77	-0.158905
28.78	-0.157803
28.79	-0.156703
28.8	-0.155605
28.81	-0.154509
28.82	-0.153416
28.83	-0.152324
28.84	-0.151235
28.85	-0.150148
28.86	-0.149063
28.87	-0.147981
28.88	-0.146901
28.89	-0.145824
28.9	-0.144749
28.91	-0.143677
28.92	-0.142607
28.93	-0.14154
28.94	-0.140476
28.95	-0.139415
28.96	-0.138356
28.97	-0.137301
28.98	-0.136248
28.99	-0.135199
29	-0.134152
29.01	-0.133108
29.02	-0.132068
29.03	-0.131031
29.04	-0.129997
29.05	-0.128966
29.06	-0.127939
29.07	-0.126915
29.08	-0.125894
29.09	-0.124877
29.1	-0.123863
29.11	-0.122853
29.12	-0.121847
29.13	-0.120844
29.14	-0.119844
29.15	-0.118849
29.16	-0.117857
29.17	-0.116869
29.18	-0.115885
29.19	-0.114904
29.2	-0.113928
29.21	-0.112956
29.22	-0.111987
29.23	-0.111023
29.24	-0.110062
29.25	-0.109106
29.26	-0.108154
29.27	-0.107206
29.28	-0.106262
29.29	-0.105323
29.3	-0.104388
29.31	-0.103457
29.32	-0.10253
29.33	-0.101608
29.34	-0.10069
29.35	-0.0997768
29.36	-0.098868
29.37	-0.0979636
29.38	-0.0970638
29.39	-0.0961685
29.4	-0.0952778
29.41	-0.0943917
29.42	-0.0935103
29.43	-0.0926335
29.44	-0.0917615
29.45	-0.0908941
29.46	-0.0900315
29.47	-0.0891737
29.48	-0.0883206
29.49	-0.0874724
29.5	-0.086629
29.51	-0.0857905
29.52	-0.0849568
29.53	-0.0841281
29.54	-0.0833042
29.55	-0.0824853
29.56	-0.0816713
29.57	-0.0808623
29.58	-0.0800583
29.59	-0.0792593
29.6	-0.0784654
29.61	-0.0776764
29.62	-0.0768925
29.63	-0.0761136
29.64	-0.0753399
29.65	-0.0745712
29.66	-0.0738076
29.67	-0.0730491
29.68	-0.0722957
29.69	-0.0715474
29.7	-0.0708043
29.71	-0.0700663
29.72	-0.0693335
29.73	-0.0686058
29.74	-0.0678833
29.75	-0.0671659
29.76	-0.0664537
29.77	-0.0657467
29.78	-0.0650448
29.79	-0.0643481
29.8	-0.0636566
29.81	-0.0629703
29.82	-0.0622892
29.83	-0.0616132
29.84	-0.0609424
29.85	-0.0602768
29.86	-0.0596163
29.87	-0.0589611
29.88	-0.058311
29.89	-0.057666
29.9	-0.0570262
29.91	-0.0563916
29.92	-0.0557621
29.93	-0.0551378
29.94	-0.0545185
29.95	-0.0539044
29.96	-0.0532955
29.97	-0.0526916
29.98	-0.0520928
29.99	-0.0514991
30	-0.0509105
30.01	-0.050327
30.02	-0.0497485
30.03	-0.049175
30.04	-0.0486066
30.05	-0.0480431
30.06	-0.0474847
30.07	-0.0469313
30.08	-0.0463828
30.09	-0.0458393
30.1	-0.0453007
30.11	-0.0447671
30.12	-0.0442383
30.13	-0.0437145
30.14	-0.0431955
30.15	-0.0426813
30.16	-0.042172
30.17	-0.0416675
30.18	-0.0411678
30.19	-0.0406729
30.2	-0.0401827
30.21	-0.0396973
30.22	-0.0392165
30.23	-0.0387405
30.24	-0.0382691
30.25	-0.0378024
30.26	-0.0373402
30.27	-0.0368827
30.28	-0.0364298
30.29	-0.0359814
30.3	-0.0355375
30.31	-0.0350981
30.32	-0.0346632
30.33	-0.0342328
30.34	-0.0338068
30.35	-0.0333851
30.36	-0.0329679
30.37	-0.032555
30.38	-0.0321464
30.39	-0.0317422
30.4	-0.0313422
30.41	-0.0309464
30.42	-0.0305548
30.43	-0.0301675
30.44	-0.0297843
30.45	-0.0294052
30.46	-0.0290303
30.47	-0.0286594
30.48	-0.0282925
30.49	-0.0279297
30.5	-0.0275709
30.51	-0.027216
30.52	-0.0268651
30.53	-0.026518
30.54	-0.0261749
30.55	-0.0258356
30.56	-0.0255001
30.57	-0.0251684
30.58	-0.0248404
30.59	-0.0245162
30.6	-0.0241957
30.61	-0.0238788
30.62	-0.0235656
30.63	-0.023256
30.64	-0.02295
30.65	-0.0226475
30.66	-0.0223485
30.67	-0.022053
30.68	-0.021761
30.69	-0.0214725
30.7	-0.0211873
30.71	-0.0209055
30.72	-0.020627
30.73	-0.0203519
30.74	-0.02008
30.75	-0.0198114
30.76	-0.019546
30.77	-0.0192838
30.78	-0.0190247
30.79	-0.0187688
30.8	-0.018516
30.81	-0.0182663
30.82	-0.0180196
30.83	-0.017776
30.84	-0.0175353
30.85	-0.0172976
30.86	-0.0170628
30.87	-0.0168309
30.88	-0.0166019
30.89	-0.0163757
30.9	-0.0161524
30.91	-0.0159318
30.92	-0.015714
30.93	-0.0154989
30.94	-0.0152865
30.95	-0.0150769
30.96	-0.0148698
30.97	-0.0146654
30.98	-0.0144635
30.99	-0.0142643
31	-0.0140675
31.01	-0.0138733
31.02	-0.0136816
31.03	-0.0134923
31.04	-0.0133054
31.05	-0.013121
31.06	-0.0129389
31.07	-0.0127592
31.08	-0.0125818
31.09	-0.0124067
31.1	-0.0122339
31.11	-0.0120634
31.12	-0.011895
31.13	-0.0117289
31.14	-0.0115649
31.15	-0.0114031
31.16	-0.0112434
31.17	-0.0110858
31.18	-0.0109303
31.19	-0.0107769
31.2	-0.0106255
31.21	-0.010476
31.22	-0.0103286
31.23	-0.0101831
31.24	-0.0100396
31.25	-0.00989797
31.26	-0.00975824
31.27	-0.00962037
31.28	-0.00948436
31.29	-0.00935017
31.3	-0.00921778
31.31	-0.00908717
31.32	-0.00895833
31.33	-0.00883122
31.34	-0.00870583
31.35	-0.00858213
31.36	-0.00846012
31.37	-0.00833975
31.38	-0.00822103
31.39	-0.00810391
31.4	-0.0079884
31.41	-0.00787446
31.42	-0.00776207
31.43	-0.00765122
31.44	-0.00754189
31.45	-0.00743406
31.46	-0.0073277
31.47	-0.00722281
31.48	-0.00711936
31.49	-0.00701733
31.5	-0.00691671
31.51	-0.00681748
31.52	-0.00671962
31.53	-0.00662312
31.54	-0.00652794
31.55	-0.00643409
31.56	-0.00634154
31.57	-0.00625028
31.58	-0.00616028
31.59	-0.00607154
31.6	-0.00598403
31.61	-0.00589774
31.62	-0.00581266
31.63	-0.00572877
31.64	-0.00564604
31.65	-0.00556448
31.66	-0.00548406
31.67	-0.00540476
31.68	-0.00532658
31.69	-0.0052495
31.7	-0.0051735
31.71	-0.00509857
31.72	-0.00502469
31.73	-0.00495186
31.74	-0.00488005
31.75	-0.00480925
31.76	-0.00473946
31.77	-0.00467065
31.78	-0.00460282
31.79	-0.00453594
31.8	-0.00447001
31.81	-0.00440502
31.82	-0.00434095
31.83	-0.00427779
31.84	-0.00421553
31.85	-0.00415415
31.86	-0.00409364
31.87	-0.004034
31.88	-0.00397521
31.89	-0.00391725
31.9	-0.00386012
31.91	-0.00380381
31.92	-0.0037483
31.93	-0.00369359
31.94	-0.00363965
31.95	-0.00358649
31.96	-0.00353409
31.97	-0.00348244
31.98	-0.00343153
31.99	-0.00338135
32	-0.00333189
32.01	-0.00328314
32.02	-0.00323509
32.03	-0.00318774
32.04	-0.00314106
32.05	-0.00309505
32.06	-0.00304971
32.07	-0.00300502
32.08	-0.00296097
32.09	-0.00291756
32.1	-0.00287478
32.11	-0.00283261
32.12	-0.00279105
32.13	-0.00275009
32.14	-0.00270973
32.15	-0.00266994
32.16	-0.00263074
32.17	-0.0025921
32.18	-0.00255401
32.19	-0.00251649
32.2	-0.0024795
32.21	-0.00244305
32.22	-0.00240713
32.23	-0.00237173
32.24	-0.00233684
32.25	-0.00230247
32.26	-0.00226859
32.27	-0.0022352
32.28	-0.00220229
32.29	-0.00216987
32.3	-0.00213792
32.31	-0.00210643
32.32	-0.0020754
32.33	-0.00204482
32.34	-0.00201469
32.35	-0.001985
32.36	-0.00195574
32.37	-0.0019269
32.38	-0.00189849
32.39	-0.00187049
32.4	-0.0018429
32.41	-0.00181572
32.42	-0.00178892
32.43	-0.00176253
32.44	-0.00173651
32.45	-0.00171088
32.46	-0.00168562
32.47	-0.00166073
32.48	-0.00163621
32.49	-0.00161204
32.5	-0.00158823
32.51	-0.00156477
32.52	-0.00154165
32.53	-0.00151887
32.54	-0.00149642
32.55	-0.0014743
32.56	-0.00145251
32.57	-0.00143103
32.58	-0.00140987
32.59	-0.00138902
32.6	-0.00136848
32.61	-0.00134824
32.62	-0.00132829
32.63	-0.00130864
32.64	-0.00128928
32.65	-0.0012702
32.66	-0.0012514
32.67	-0.00123288
32.68	-0.00121463
32.69	-0.00119665
32.7	-0.00117893
32.71	-0.00116147
32.72	-0.00114427
32.73	-0.00112733
32.74	-0.00111063
32.75	-0.00109418
32.76	-0.00107797
32.77	-0.001062
32.78	-0.00104626
32.79	-0.00103076
32.8	-0.00101548
32.81	-0.00100043
32.82	-0.000985604
32.83	-0.000970994
32.84	-0.000956599
32.85	-0.000942417
32.86	-0.000928444
32.87	-0.000914677
32.88	-0.000901113
32.89	-0.00088775
32.9	-0.000874583
32.91	-0.000861611
32.92	-0.00084883
32.93	-0.000836238
32.94	-0.000823832
32.95	-0.000811609
32.96	-0.000799566
32.97	-0.000787702
32.98	-0.000776013
32.99	-0.000764496
33	-0.00075315
33.01	-0.000741971
33.02	-0.000730958
33.03	-0.000720107
33.04	-0.000709417
33.05	-0.000698884
33.06	-0.000688508
33.07	-0.000678285
33.08	-0.000668213
33.09	-0.000658291
33.1	-0.000648515
33.11	-0.000638883
33.12	-0.000629394
33.13	-0.000620046
33.14	-0.000610836
33.15	-0.000601762
33.16	-0.000592823
33.17	-0.000584016
33.18	-0.00057534
33.19	-0.000566792
33.2	-0.00055837
33.21	-0.000550073
33.22	-0.000541899
33.23	-0.000533847
33.24	-0.000525913
33.25	-0.000518097
33.26	-0.000510397
33.27	-0.000502811
33.28	-0.000495338
33.29	-0.000487975
33.3	-0.000480721
33.31	-0.000473575
33.32	-0.000466535
33.33	-0.000459599
33.34	-0.000452766
33.35	-0.000446035
33.36	-0.000439403
33.37	-0.000432869
33.38	-0.000426433
33.39	-0.000420092
33.4	-0.000413845
33.41	-0.000407691
33.42	-0.000401628
33.43	-0.000395655
33.44	-0.00038977
33.45	-0.000383973
33.46	-0.000378262
33.47	-0.000372636
33.48	-0.000367093
33.49	-0.000361633
33.5	-0.000356253
33.51	-0.000350954
33.52	-0.000345733
33.53	-0.000340589
33.54	-0.000335522
33.55	-0.000330531
33.56	-0.000325613
33.57	-0.000320768
33.58	-0.000315996
33.59	-0.000311294
33.6	-0.000306662
33.61	-0.000302099
33.62	-0.000297604
33.63	-0.000293175
33.64	-0.000288812
33.65	-0.000284514
33.66	-0.00028028
33.67	-0.000276109
33.68	-0.000272
33.69	-0.000267952
33.7	-0.000263964
33.71	-0.000260035
33.72	-0.000256164
33.73	-0.000252352
33.74	-0.000248595
33.75	-0.000244895
33.76	-0.00024125
33.77	-0.000237659
33.78	-0.000234121
33.79	-0.000230636
33.8	-0.000227202
33.81	-0.00022382
33.82	-0.000220488
33.83	-0.000217206
33.84	-0.000213972
33.85	-0.000210786
33.86	-0.000207648
33.87	-0.000204557
33.88	-0.000201511
33.89	-0.000198511
33.9	-0.000195555
33.91	-0.000192643
33.92	-0.000189775
33.93	-0.000186949
33.94	-0.000184166
33.95	-0.000181423
33.96	-0.000178722
33.97	-0.000176061
33.98	-0.000173439
33.99	-0.000170856
34	-0.000168312
34.01	-0.000165805
34.02	-0.000163336
34.03	-0.000160904
34.04	-0.000158508
34.05	-0.000156147
34.06	-0.000153821
34.07	-0.000151531
34.08	-0.000149274
34.09	-0.000147051
34.1	-0.000144861
34.11	-0.000142703
34.12	-0.000140578
34.13	-0.000138484
34.14	-0.000136421
34.15	-0.000134389
34.16	-0.000132388
34.17	-0.000130416
34.18	-0.000128473
34.19	-0.00012656
34.2	-0.000124675
34.21	-0.000122817
34.22	-0.000120988
34.23	-0.000119186
34.24	-0.00011741
34.25	-0.000115661
34.26	-0.000113939
34.27	-0.000112241
34.28	-0.000110569
34.29	-0.000108922
34.3	-0.0001073
34.31	-0.000105701
34.32	-0.000104127
34.33	-0.000102575
34.34	-0.000101047
34.35	-9.95419e-05
34.36	-9.8059e-05
34.37	-9.65982e-05
34.38	-9.51591e-05
34.39	-9.37414e-05
34.4	-9.23448e-05
34.41	-9.09691e-05
34.42	-8.96138e-05
34.43	-8.82787e-05
34.44	-8.69635e-05
34.45	-8.56678e-05
34.46	-8.43915e-05
34.47	-8.31341e-05
34.48	-8.18955e-05
34.49	-8.06754e-05
34.5	-7.94734e-05
34.51	-7.82893e-05
34.52	-7.71228e-05
34.53	-7.59737e-05
34.54	-7.48418e-05
34.55	-7.37266e-05
34.56	-7.26281e-05
34.57	-7.1546e-05
34.58	-7.048e-05
34.59	-6.94298e-05
34.6	-6.83953e-05
34.61	-6.73762e-05
34.62	-6.63723e-05
34.63	-6.53833e-05
34.64	-6.44091e-05
34.65	-6.34493e-05
34.66	-6.25039e-05
34.67	-6.15725e-05
34.68	-6.06551e-05
34.69	-5.97512e-05
34.7	-5.88609e-05
34.71	-5.79838e-05
34.72	-5.71198e-05
34.73	-5.62686e-05
34.74	-5.54302e-05
34.75	-5.46042e-05
34.76	-5.37905e-05
34.77	-5.2989e-05
34.78	-5.21993e-05
34.79	-5.14215e-05
34.8	-5.06552e-05
34.81	-4.99004e-05
34.82	-4.91568e-05
34.83	-4.84242e-05
34.84	-4.77026e-05
34.85	-4.69918e-05
34.86	-4.62915e-05
34.87	-4.56016e-05
34.88	-4.49221e-05
34.89	-4.42526e-05
34.9	-4.35932e-05
34.91	-4.29435e-05
34.92	-4.23036e-05
34.93	-4.16732e-05
34.94	-4.10521e-05
34.95	-4.04403e-05
34.96	-3.98377e-05
34.97	-3.9244e-05
34.98	-3.86591e-05
34.99	-3.8083e-05
35	-3.75155e-05
35.01	-3.69564e-05
35.02	-3.64056e-05
35.03	-3.58631e-05
35.04	-3.53286e-05
35.05	-3.48021e-05
35.06	-3.42834e-05
35.07	-3.37725e-05
35.08	-3.32692e-05
35.09	-3.27734e-05
35.1	-3.22849e-05
35.11	-3.18038e-05
35.12	-3.13298e-05
35.13	-3.08629e-05
35.14	-3.04029e-05
35.15	-2.99498e-05
35.16	-2.95035e-05
35.17	-2.90638e-05
35.18	-2.86306e-05
35.19	-2.82039e-05
35.2	-2.77836e-05
35.21	-2.73695e-05
35.22	-2.69616e-05
35.23	-2.65597e-05
35.24	-2.61639e-05
35.25	-2.5774e-05
35.26	-2.53898e-05
35.27	-2.50114e-05
35.28	-2.46386e-05
35.29	-2.42714e-05
35.3	-2.39097e-05
35.31	-2.35533e-05
35.32	-2.32023e-05
35.33	-2.28565e-05
35.34	-2.25158e-05
35.35	-2.21803e-05
35.36	-2.18497e-05
35.37	-2.1524e-05
35.38	-2.12032e-05
35.39	-2.08872e-05
35.4	-2.05759e-05
35.41	-2.02692e-05
35.42	-1.99671e-05
35.43	-1.96695e-05
35.44	-1.93764e-05
35.45	-1.90876e-05
35.46	-1.88031e-05
35.47	-1.85228e-05
35.48	-1.82467e-05
35.49	-1.79748e-05
35.5	-1.77069e-05
35.51	-1.7443e-05
35.52	-1.7183e-05
35.53	-1.69269e-05
35.54	-1.66746e-05
35.55	-1.6426e-05
35.56	-1.61812e-05
35.57	-1.594e-05
35.58	-1.57025e-05
35.59	-1.54684e-05
35.6	-1.52379e-05
35.61	-1.50107e-05
35.62	-1.4787e-05
35.63	-1.45666e-05
35.64	-1.43495e-05
35.65	-1.41356e-05
35.66	-1.39249e-05
35.67	-1.37174e-05
35.68	-1.35129e-05
35.69	-1.33115e-05
35.7	-1.31131e-05
35.71	-1.29176e-05
35.72	-1.27251e-05
35.73	-1.25354e-05
35.74	-1.23486e-05
35.75	-1.21645e-05
35.76	-1.19832e-05
35.77	-1.18046e-05
35.78	-1.16286e-05
35.79	-1.14553e-05
35.8	-1.12846e-05
35.81	-1.11164e-05
35.82	-1.09507e-05
35.83	-1.07874e-05
35.84	-1.06267e-05
35.85	-1.04683e-05
35.86	-1.03122e-05
35.87	-1.01585e-05
35.88	-1.00071e-05
35.89	-9.85793e-06
35.9	-9.71099e-06
35.91	-9.56624e-06
35.92	-9.42365e-06
35.93	-9.28319e-06
35.94	-9.14481e-06
35.95	-9.0085e-06
35.96	-8.87422e-06
35.97	-8.74195e-06
35.98	-8.61164e-06
35.99	-8.48328e-06
36	-8.35682e-06
36.01	-8.23226e-06
36.02	-8.10955e-06
36.03	-7.98867e-06
36.04	-7.86959e-06
36.05	-7.75228e-06
36.06	-7.63673e-06
36.07	-7.52289e-06
36.08	-7.41075e-06
36.09	-7.30029e-06
36.1	-7.19147e-06
36.11	-7.08427e-06
36.12	-6.97867e-06
36.13	-6.87464e-06
36.14	-6.77217e-06
36.15	-6.67122e-06
36.16	-6.57177e-06
36.17	-6.47381e-06
36.18	-6.37731e-06
36.19	-6.28224e-06
36.2	-6.1886e-06
36.21	-6.09635e-06
36.22	-6.00547e-06
36.23	-5.91595e-06
36.24	-5.82776e-06
36.25	-5.74089e-06
36.26	-5.65531e-06
36.27	-5.571e-06
36.28	-5.48796e-06
36.29	-5.40615e-06
36.3	-5.32556e-06
36.31	-5.24617e-06
36.32	-5.16796e-06
36.33	-5.09092e-06
36.34	-5.01503e-06
36.35	-4.94027e-06
36.36	-4.86662e-06
36.37	-4.79407e-06
36.38	-4.72261e-06
36.39	-4.6522e-06
36.4	-4.58285e-06
36.41	-4.51453e-06
36.42	-4.44723e-06
36.43	-4.38093e-06
36.44	-4.31562e-06
36.45	-4.25128e-06
36.46	-4.1879e-06
36.47	-4.12547e-06
36.48	-4.06396e-06
36.49	-4.00338e-06
36.5	-3.94369e-06
36.51	-3.8849e-06
36.52	-3.82698e-06
36.53	-3.76992e-06
36.54	-3.71372e-06
36.55	-3.65835e-06
36.56	-3.60381e-06
36.57	-3.55008e-06
36.58	-3.49715e-06
36.59	-3.44501e-06
36.6	-3.39364e-06
36.61	-3.34305e-06
36.62	-3.2932e-06
36.63	-3.2441e-06
36.64	-3.19573e-06
36.65	-3.14808e-06
36.66	-3.10114e-06
36.67	-3.0549e-06
36.68	-3.00935e-06
36.69	-2.96448e-06
36.7	-2.92028e-06
36.71	-2.87674e-06
36.72	-2.83384e-06
36.73	-2.79158e-06
36.74	-2.74996e-06
36.75	-2.70895e-06
36.76	-2.66855e-06
36.77	-2.62876e-06
36.78	-2.58956e-06
36.79	-2.55094e-06
36.8	-2.5129e-06
36.81	-2.47543e-06
36.82	-2.43851e-06
36.83	-2.40214e-06
36.84	-2.36632e-06
36.85	-2.33103e-06
36.86	-2.29626e-06
36.87	-2.26202e-06
36.88	-2.22828e-06
36.89	-2.19505e-06
36.9	-2.16231e-06
36.91	-2.13005e-06
36.92	-2.09828e-06
36.93	-2.06699e-06
36.94	-2.03615e-06
36.95	-2.00578e-06
36.96	-1.97586e-06
36.97	-1.94639e-06
36.98	-1.91735e-06
36.99	-1.88875e-06
37	-1.86057e-06
37.01	-1.83281e-06
37.02	-1.80547e-06
37.03	-1.77853e-06
37.04	-1.752e-06
37.05	-1.72586e-06
37.06	-1.70011e-06
37.07	-1.67474e-06
37.08	-1.64975e-06
37.09	-1.62513e-06
37.1	-1.60088e-06
37.11	-1.57699e-06
37.12	-1.55345e-06
37.13	-1.53027e-06
37.14	-1.50743e-06
37.15	-1.48493e-06
37.16	-1.46277e-06
37.17	-1.44093e-06
37.18	-1.41942e-06
37.19	-1.39823e-06
37.2	-1.37736e-06
37.21	-1.3568e-06
37.22	-1.33654e-06
37.23	-1.31658e-06
37.24	-1.29692e-06
37.25	-1.27756e-06
37.26	-1.25848e-06
37.27	-1.23969e-06
37.28	-1.22117e-06
37.29	-1.20293e-06
37.3	-1.18496e-06
37.31	-1.16726e-06
37.32	-1.14983e-06
37.33	-1.13265e-06
37.34	-1.11573e-06
37.35	-1.09906e-06
37.36	-1.08263e-06
37.37	-1.06645e-06
37.38	-1.05052e-06
37.39	-1.03481e-06
37.4	-1.01935e-06
37.41	-1.00411e-06
37.42	-9.89096e-07
37.43	-9.74308e-07
37.44	-9.59739e-07
37.45	-9.45387e-07
37.46	-9.31248e-07
37.47	-9.17319e-07
37.48	-9.03597e-07
37.49	-8.90079e-07
37.5	-8.76761e-07
37.51	-8.63642e-07
37.52	-8.50717e-07
37.53	-8.37984e-07
37.54	-8.2544e-07
37.55	-8.13082e-07
37.56	-8.00907e-07
37.57	-7.88913e-07
37.58	-7.77097e-07
37.59	-7.65457e-07
37.6	-7.53989e-07
37.61	-7.42691e-07
37.62	-7.31561e-07
37.63	-7.20595e-07
37.64	-7.09792e-07
37.65	-6.99149e-07
37.66	-6.88664e-07
37.67	-6.78335e-07
37.68	-6.68158e-07
37.69	-6.58132e-07
37.7	-6.48254e-07
37.71	-6.38523e-07
37.72	-6.28935e-07
37.73	-6.1949e-07
37.74	-6.10184e-07
37.75	-6.01016e-07
37.76	-5.91983e-07
37.77	-5.83084e-07
37.78	-5.74317e-07
37.79	-5.65679e-07
37.8	-5.57168e-07
37.81	-5.48783e-07
37.82	-5.40522e-07
37.83	-5.32383e-07
37.84	-5.24364e-07
37.85	-5.16464e-07
37.86	-5.08679e-07
37.87	-5.0101e-07
37.88	-4.93453e-07
37.89	-4.86008e-07
37.9	-4.78673e-07
37.91	-4.71445e-07
37.92	-4.64324e-07
37.93	-4.57307e-07
37.94	-4.50394e-07
37.95	-4.43582e-07
37.96	-4.3687e-07
37.97	-4.30257e-07
37.98	-4.23741e-07
37.99	-4.1732e-07
38	-4.10993e-07
38.01	-4.0476e-07
38.02	-3.98617e-07
38.03	-3.92565e-07
38.04	-3.866e-07
38.05	-3.80724e-07
38.06	-3.74933e-07
38.07	-3.69226e-07
38.08	-3.63603e-07
38.09	-3.58062e-07
38.1	-3.52602e-07
38.11	-3.47221e-07
38.12	-3.41918e-07
38.13	-3.36693e-07
38.14	-3.31543e-07
38.15	-3.26469e-07
38.16	-3.21468e-07
38.17	-3.16539e-07
38.18	-3.11682e-07
38.19	-3.06895e-07
38.2	-3.02178e-07
38.21	-2.97528e-07
38.22	-2.92946e-07
38.23	-2.88429e-07
38.24	-2.83978e-07
38.25	-2.79591e-07
38.26	-2.75267e-07
38.27	-2.71005e-07
38.28	-2.66804e-07
38.29	-2.62663e-07
38.3	-2.58582e-07
38.31	-2.54559e-07
38.32	-2.50593e-07
38.33	-2.46684e-07
38.34	-2.4283e-07
38.35	-2.39031e-07
38.36	-2.35286e-07
38.37	-2.31595e-07
38.38	-2.27955e-07
38.39	-2.24367e-07
38.4	-2.20829e-07
38.41	-2.17342e-07
38.42	-2.13903e-07
38.43	-2.10512e-07
38.44	-2.07169e-07
38.45	-2.03873e-07
38.46	-2.00623e-07
38.47	-1.97418e-07
38.48	-1.94257e-07
38.49	-1.9114e-07
38.5	-1.88067e-07
38.51	-1.85036e-07
38.52	-1.82046e-07
38.53	-1.79098e-07
38.54	-1.7619e-07
38.55	-1.73322e-07
38.56	-1.70493e-07
38.57	-1.67702e-07
38.58	-1.64949e-07
38.59	-1.62233e-07
38.6	-1.59554e-07
38.61	-1.56911e-07
38.62	-1.54303e-07
38.63	-1.51731e-07
38.64	-1.49192e-07
38.65	-1.46687e-07
38.66	-1.44215e-07
38.67	-1.41776e-07
38.68	-1.39368e-07
38.69	-1.36992e-07
38.7	-1.34647e-07
38.71	-1.32332e-07
38.72	-1.30047e-07
38.73	-1.27792e-07
38.74	-1.25565e-07
38.75	-1.23367e-07
38.76	-1.21196e-07
38.77	-1.19053e-07
38.78	-1.16937e-07
38.79	-1.14847e-07
38.8	-1.12783e-07
38.81	-1.10744e-07
38.82	-1.0873e-07
38.83	-1.06741e-07
38.84	-1.04776e-07
38.85	-1.02835e-07
38.86	-1.00916e-07
38.87	-9.90208e-08
38.88	-9.71476e-08
38.89	-9.52964e-08
38.9	-9.34666e-08
38.91	-9.1658e-08
38.92	-8.987e-08
38.93	-8.81022e-08
38.94	-8.63544e-08
38.95	-8.4626e-08
38.96	-8.29167e-08
38.97	-8.12261e-08
38.98	-7.95539e-08
38.99	-7.78995e-08
39	-7.62628e-08
39.01	-7.46432e-08
39.02	-7.30405e-08
39.03	-7.14543e-08
39.04	-6.98842e-08
39.05	-6.83298e-08
39.06	-6.67908e-08
39.07	-6.5267e-08
39.08	-6.37578e-08
39.09	-6.2263e-08
39.1	-6.07823e-08
39.11	-5.93152e-08
39.12	-5.78616e-08
39.13	-5.6421e-08
39.14	-5.49931e-08
39.15	-5.35776e-08
39.16	-5.21743e-08
39.17	-5.07826e-08
39.18	-4.94025e-08
39.19	-4.80334e-08
39.2	-4.66753e-08
39.21	-4.53276e-08
39.22	-4.39902e-08
39.23	-4.26626e-08
39.24	-4.13448e-08
39.25	-4.00362e-08
39.26	-3.87367e-08
39.27	-3.74459e-08
39.28	-3.61635e-08
39.29	-3.48893e-08
39.3	-3.3623e-08
39.31	-3.23642e-08
39.32	-3.11128e-08
39.33	-2.98684e-08
39.34	-2.86307e-08
39.35	-2.73994e-08
39.36	-2.61744e-08
39.37	-2.49552e-08
39.38	-2.37417e-08
39.39	-2.25336e-08
39.4	-2.13305e-08
39.41	-2.01322e-08
39.42	-1.89385e-08
39.43	-1.7749e-08
39.44	-1.65636e-08
39.45	-1.53819e-08
39.46	-1.42036e-08
39.47	-1.30286e-08
39.48	-1.18565e-08
39.49	-1.0687e-08
39.5	-9.52e-09
39.51	-8.35512e-09
39.52	-7.19213e-09
39.53	-6.03076e-09
39.54	-4.87076e-09
39.55	-3.71185e-09
39.56	-2.55378e-09
39.57	-1.39628e-09
39.58	-2.39098e-10
39.59	9.18029e-10
39.6	2.07536e-09
39.61	3.23316e-09
39.62	4.3917e-09
39.63	5.55122e-09
39.64	6.71199e-09
39.65	7.87428e-09
39.66	9.03834e-09
39.67	1.02044e-08
39.68	1.13729e-08
39.69	1.25438e-08
39.7	1.37176e-08
39.71	1.48945e-08
39.72	1.60748e-08
39.73	1.72586e-08
39.74	1.84464e-08
39.75	1.96383e-08
39.76	2.08347e-08
39.77	2.20358e-08
39.78	2.32418e-08
39.79	2.44531e-08
39.8	2.56699e-08
39.81	2.68924e-08
39.82	2.81211e-08
39.83	2.93561e-08
39.84	3.05977e-08
39.85	3.18462e-08
39.86	3.31019e-08
39.87	3.4365e-08
39.88	3.56359e-08
39.89	3.69149e-08
39.9	3.82022e-08
39.91	3.94981e-08
39.92	4.08029e-08
39.93	4.21169e-08
39.94	4.34404e-08
39.95	4.47737e-08
39.96	4.61171e-08
39.97	4.74709e-08
39.98	4.88354e-08
39.99	5.02109e-08
40	5.15977e-08
40.01	5.29962e-08
40.02	5.44067e-08
40.03	5.58294e-08
40.04	5.72647e-08
40.05	5.87129e-08
40.06	6.01743e-08
40.07	6.16494e-08
40.08	6.31383e-08
40.09	6.46415e-08
40.1	6.61593e-08
40.11	6.76919e-08
40.12	6.92399e-08
40.13	7.08035e-08
40.14	7.2383e-08
40.15	7.39789e-08
40.16	7.55914e-08
40.17	7.7221e-08
40.18	7.8868e-08
40.19	8.05328e-08
40.2	8.22158e-08
40.21	8.39173e-08
40.22	8.56378e-08
40.23	8.73775e-08
40.24	8.9137e-08
40.25	9.09166e-08
40.26	9.27167e-08
40.27	9.45376e-08
40.28	9.638e-08
40.29	9.8244e-08
40.3	1.0013e-07
40.31	1.02039e-07
40.32	1.03971e-07
40.33	1.05926e-07
40.34	1.07905e-07
40.35	1.09909e-07
40.36	1.11937e-07
40.37	1.13991e-07
40.38	1.1607e-07
40.39	1.18175e-07
40.4	1.20307e-07
40.41	1.22467e-07
40.42	1.24653e-07
40.43	1.26868e-07
40.44	1.29112e-07
40.45	1.31385e-07
40.46	1.33687e-07
40.47	1.36019e-07
40.48	1.38382e-07
40.49	1.40777e-07
40.5	1.43203e-07
40.51	1.45661e-07
40.52	1.48153e-07
40.53	1.50677e-07
40.54	1.53236e-07
40.55	1.55829e-07
40.56	1.58458e-07
40.57	1.61122e-07
40.58	1.63822e-07
40.59	1.6656e-07
40.6	1.69335e-07
40.61	1.72148e-07
40.62	1.75e-07
40.63	1.77891e-07
40.64	1.80823e-07
40.65	1.83795e-07
40.66	1.86809e-07
40.67	1.89865e-07
40.68	1.92964e-07
40.69	1.96106e-07
40.7	1.99293e-07
40.71	2.02524e-07
40.72	2.05802e-07
40.73	2.09125e-07
40.74	2.12496e-07
40.75	2.15915e-07
40.76	2.19382e-07
40.77	2.22899e-07
40.78	2.26466e-07
40.79	2.30084e-07
40.8	2.33754e-07
40.81	2.37477e-07
40.82	2.41254e-07
40.83	2.45085e-07
40.84	2.48971e-07
40.85	2.52913e-07
40.86	2.56912e-07
40.87	2.6097e-07
40.88	2.65086e-07
40.89	2.69262e-07
40.9	2.73498e-07
40.91	2.77797e-07
40.92	2.82158e-07
40.93	2.86582e-07
40.94	2.91072e-07
40.95	2.95627e-07
40.96	3.00248e-07
40.97	3.04937e-07
40.98	3.09696e-07
40.99	3.14524e-07
41	3.19422e-07
41.01	3.24393e-07
41.02	3.29438e-07
41.03	3.34556e-07
41.04	3.3975e-07
41.05	3.4502e-07
41.06	3.50369e-07
41.07	3.55796e-07
41.08	3.61304e-07
41.09	3.66893e-07
41.1	3.72565e-07
41.11	3.78321e-07
41.12	3.84162e-07
41.13	3.9009e-07
41.14	3.96106e-07
41.15	4.02211e-07
41.16	4.08407e-07
41.17	4.14695e-07
41.18	4.21076e-07
41.19	4.27553e-07
41.2	4.34126e-07
41.21	4.40797e-07
41.22	4.47567e-07
41.23	4.54438e-07
41.24	4.61412e-07
41.25	4.6849e-07
41.26	4.75674e-07
41.27	4.82964e-07
41.28	4.90364e-07
41.29	4.97874e-07
41.3	5.05497e-07
41.31	5.13234e-07
41.32	5.21086e-07
41.33	5.29056e-07
41.34	5.37145e-07
41.35	5.45356e-07
41.36	5.53689e-07
41.37	5.62148e-07
41.38	5.70733e-07
41.39	5.79447e-07
41.4	5.88291e-07
41.41	5.97268e-07
41.42	6.0638e-07
41.43	6.15629e-07
41.44	6.25017e-07
41.45	6.34545e-07
41.46	6.44217e-07
41.47	6.54034e-07
41.48	6.63998e-07
41.49	6.74113e-07
41.5	6.84379e-07
41.51	6.948e-07
41.52	7.05377e-07
41.53	7.16114e-07
41.54	7.27012e-07
41.55	7.38074e-07
41.56	7.49302e-07
41.57	7.607e-07
41.58	7.72269e-07
41.59	7.84012e-07
41.6	7.95932e-07
41.61	8.08032e-07
41.62	8.20313e-07
41.63	8.3278e-07
41.64	8.45435e-07
41.65	8.5828e-07
41.66	8.71319e-07
41.67	8.84555e-07
41.68	8.9799e-07
41.69	9.11627e-07
41.7	9.25471e-07
41.71	9.39523e-07
41.72	9.53786e-07
41.73	9.68265e-07
41.74	9.82963e-07
41.75	9.97882e-07
41.76	1.01303e-06
41.77	1.0284e-06
41.78	1.044e-06
41.79	1.05984e-06
41.8	1.07592e-06
41.81	1.09224e-06
41.82	1.10881e-06
41.83	1.12563e-06
41.84	1.1427e-06
41.85	1.16003e-06
41.86	1.17762e-06
41.87	1.19548e-06
41.88	1.21361e-06
41.89	1.23201e-06
41.9	1.25069e-06
41.91	1.26965e-06
41.92	1.28889e-06
41.93	1.30843e-06
41.94	1.32827e-06
41.95	1.3484e-06
41.96	1.36883e-06
41.97	1.38958e-06
41.98	1.41064e-06
41.99	1.43201e-06
42	1.45371e-06
42.01	1.47574e-06
42.02	1.4981e-06
42.03	1.5208e-06
42.04	1.54384e-06
42.05	1.56723e-06
42.06	1.59098e-06
42.07	1.61508e-06
42.08	1.63954e-06
42.09	1.66438e-06
42.1	1.68959e-06
42.11	1.71518e-06
42.12	1.74116e-06
42.13	1.76754e-06
42.14	1.79431e-06
42.15	1.82148e-06
42.16	1.84907e-06
42.17	1.87707e-06
42.18	1.9055e-06
42.19	1.93436e-06
42.2	1.96365e-06
42.21	1.99338e-06
42.22	2.02357e-06
42.23	2.05421e-06
42.24	2.08532e-06
42.25	2.11689e-06
42.26	2.14894e-06
42.27	2.18148e-06
42.28	2.21451e-06
42.29	2.24804e-06
42.3	2.28208e-06
42.31	2.31663e-06
42.32	2.3517e-06
42.33	2.38731e-06
42.34	2.42345e-06
42.35	2.46014e-06
42.36	2.49738e-06
42.37	2.53519e-06
42.38	2.57357e-06
42.39	2.61253e-06
42.4	2.65208e-06
42.41	2.69222e-06
42.42	2.73298e-06
42.43	2.77435e-06
42.44	2.81634e-06
42.45	2.85898e-06
42.46	2.90225e-06
42.47	2.94618e-06
42.48	2.99078e-06
42.49	3.03605e-06
42.5	3.082e-06
42.51	3.12866e-06
42.52	3.17601e-06
42.53	3.22408e-06
42.54	3.27288e-06
42.55	3.32242e-06
42.56	3.37271e-06
42.57	3.42375e-06
42.58	3.47557e-06
42.59	3.52818e-06
42.6	3.58158e-06
42.61	3.63579e-06
42.62	3.69081e-06
42.63	3.74667e-06
42.64	3.80338e-06
42.65	3.86094e-06
42.66	3.91937e-06
42.67	3.97869e-06
42.68	4.03891e-06
42.69	4.10003e-06
42.7	4.16208e-06
42.71	4.22507e-06
42.72	4.28902e-06
42.73	4.35393e-06
42.74	4.41982e-06
42.75	4.48671e-06
42.76	4.55461e-06
42.77	4.62354e-06
42.78	4.69351e-06
42.79	4.76454e-06
42.8	4.83664e-06
42.81	4.90984e-06
42.82	4.98414e-06
42.83	5.05957e-06
42.84	5.13614e-06
42.85	5.21386e-06
42.86	5.29277e-06
42.87	5.37286e-06
42.88	5.45417e-06
42.89	5.53671e-06
42.9	5.6205e-06
42.91	5.70555e-06
42.92	5.79189e-06
42.93	5.87954e-06
42.94	5.96852e-06
42.95	6.05884e-06
42.96	6.15053e-06
42.97	6.2436e-06
42.98	6.33808e-06
42.99	6.43399e-06
43	6.53136e-06
43.01	6.6302e-06
43.02	6.73053e-06
43.03	6.83238e-06
43.04	6.93577e-06
43.05	7.04072e-06
43.06	7.14727e-06
43.07	7.25542e-06
43.08	7.36522e-06
43.09	7.47667e-06
43.1	7.58981e-06
43.11	7.70466e-06
43.12	7.82125e-06
43.13	7.93961e-06
43.14	8.05975e-06
43.15	8.18171e-06
43.16	8.30552e-06
43.17	8.4312e-06
43.18	8.55878e-06
43.19	8.6883e-06
43.2	8.81977e-06
43.21	8.95323e-06
43.22	9.08872e-06
43.23	9.22625e-06
43.24	9.36586e-06
43.25	9.50759e-06
43.26	9.65145e-06
43.27	9.7975e-06
43.28	9.94576e-06
43.29	1.00963e-05
43.3	1.0249e-05
43.31	1.04041e-05
43.32	1.05616e-05
43.33	1.07214e-05
43.34	1.08836e-05
43.35	1.10483e-05
43.36	1.12155e-05
43.37	1.13852e-05
43.38	1.15575e-05
43.39	1.17324e-05
43.4	1.19099e-05
43.41	1.20901e-05
43.42	1.22731e-05
43.43	1.24588e-05
43.44	1.26473e-05
43.45	1.28387e-05
43.46	1.3033e-05
43.47	1.32302e-05
43.48	1.34304e-05
43.49	1.36336e-05
43.5	1.38399e-05
43.51	1.40493e-05
43.52	1.42619e-05
43.53	1.44777e-05
43.54	1.46968e-05
43.55	1.49192e-05
43.56	1.51449e-05
43.57	1.53741e-05
43.58	1.56067e-05
43.59	1.58429e-05
43.6	1.60826e-05
43.61	1.6326e-05
43.62	1.6573e-05
43.63	1.68238e-05
43.64	1.70784e-05
43.65	1.73368e-05
43.66	1.75991e-05
43.67	1.78655e-05
43.68	1.81358e-05
43.69	1.84102e-05
43.7	1.86888e-05
43.71	1.89716e-05
43.72	1.92587e-05
43.73	1.95501e-05
43.74	1.98459e-05
43.75	2.01462e-05
43.76	2.04511e-05
43.77	2.07605e-05
43.78	2.10747e-05
43.79	2.13935e-05
43.8	2.17173e-05
43.81	2.20459e-05
43.82	2.23795e-05
43.83	2.27181e-05
43.84	2.30619e-05
43.85	2.34108e-05
43.86	2.37651e-05
43.87	2.41247e-05
43.88	2.44897e-05
43.89	2.48603e-05
43.9	2.52365e-05
43.91	2.56184e-05
43.92	2.6006e-05
43.93	2.63995e-05
43.94	2.6799e-05
43.95	2.72045e-05
43.96	2.76162e-05
43.97	2.8034e-05
43.98	2.84582e-05
43.99	2.88889e-05
44	2.9326e-05
44.01	2.97697e-05
44.02	3.02202e-05
44.03	3.06775e-05
44.04	3.11417e-05
44.05	3.16129e-05
44.06	3.20913e-05
44.07	3.25769e-05
44.08	3.30698e-05
44.09	3.35702e-05
44.1	3.40782e-05
44.11	3.45938e-05
44.12	3.51173e-05
44.13	3.56487e-05
44.14	3.61881e-05
44.15	3.67357e-05
44.16	3.72916e-05
44.17	3.78559e-05
44.18	3.84287e-05
44.19	3.90102e-05
44.2	3.96005e-05
44.21	4.01997e-05
44.22	4.0808e-05
44.23	4.14254e-05
44.24	4.20523e-05
44.25	4.26886e-05
44.26	4.33346e-05
44.27	4.39903e-05
44.28	4.46559e-05
44.29	4.53316e-05
44.3	4.60176e-05
44.31	4.67139e-05
44.32	4.74208e-05
44.33	4.81383e-05
44.34	4.88667e-05
44.35	4.96062e-05
44.36	5.03568e-05
44.37	5.11188e-05
44.38	5.18923e-05
44.39	5.26775e-05
44.4	5.34746e-05
44.41	5.42837e-05
44.42	5.51051e-05
44.43	5.5939e-05
44.44	5.67854e-05
44.45	5.76447e-05
44.46	5.85169e-05
44.47	5.94024e-05
44.48	6.03012e-05
44.49	6.12137e-05
44.5	6.21399e-05
44.51	6.30802e-05
44.52	6.40347e-05
44.53	6.50037e-05
44.54	6.59873e-05
44.55	6.69858e-05
44.56	6.79994e-05
44.57	6.90283e-05
44.58	7.00728e-05
44.59	7.11332e-05
44.6	7.22095e-05
44.61	7.33022e-05
44.62	7.44113e-05
44.63	7.55373e-05
44.64	7.66803e-05
44.65	7.78406e-05
44.66	7.90185e-05
44.67	8.02141e-05
44.68	8.14279e-05
44.69	8.266e-05
44.7	8.39108e-05
44.71	8.51805e-05
44.72	8.64694e-05
44.73	8.77779e-05
44.74	8.91061e-05
44.75	9.04544e-05
44.76	9.18231e-05
44.77	9.32125e-05
44.78	9.4623e-05
44.79	9.60548e-05
44.8	9.75083e-05
44.81	9.89837e-05
44.82	0.000100482
44.83	0.000102002
44.84	0.000103545
44.85	0.000105112
44.86	0.000106703
44.87	0.000108317
44.88	0.000109956
44.89	0.00011162
44.9	0.000113309
44.91	0.000115024
44.92	0.000116764
44.93	0.000118531
44.94	0.000120325
44.95	0.000122145
44.96	0.000123994
44.97	0.00012587
44.98	0.000127774
44.99	0.000129708
