0	0
1	0.5
2	0.999999
3	1.5
4	1.99999
5	2.49998
6	2.99996
7	3.49993
8	3.9999
9	4.49986
10	4.9998
11	5.49973
12	5.99966
13	6.49956
14	6.99945
15	7.49933
16	7.99918
17	8.49902
18	8.99883
19	9.49863
20	9.9984
21	10.4981
22	10.9979
23	11.4976
24	11.9972
25	12.4969
26	12.9965
27	13.4961
28	13.9956
29	14.4951
30	14.9946
31	15.494
32	15.9934
33	16.4928
34	16.9921
35	17.4914
36	17.9906
37	18.4898
38	18.989
39	19.4881
40	19.9872
41	20.4862
42	20.9851
43	21.484
44	21.9829
45	22.4817
46	22.9805
47	23.4792
48	23.9778
49	24.4764
50	24.9749
51	25.4734
52	25.9718
53	26.4701
54	26.9684
55	27.4666
56	27.9648
57	28.4628
58	28.9608
59	29.4588
60	29.9567
61	30.4545
62	30.9522
63	31.4498
64	31.9474
65	32.4449
66	32.9423
67	33.4397
68	33.9369
69	34.4341
70	34.9312
71	35.4282
72	35.9251
73	36.4219
74	36.9187
75	37.4154
76	37.9119
77	38.4084
78	38.9048
79	39.4011
80	39.8973
81	40.3934
82	40.8894
83	41.3853
84	41.8811
85	42.3768
86	42.8724
87	43.3679
88	43.8633
89	44.3586
90	44.8538
91	45.3488
92	45.8438
93	46.3387
94	46.8334
95	47.328
96	47.8226
97	48.317
98	48.8112
99	49.3054
100	49.7995
101	50.2934
102	50.7872
103	51.2809
104	51.7744
105	52.2679
106	52.7612
107	53.2544
108	53.7474
109	54.2403
110	54.7331
111	55.2258
112	55.7183
113	56.2107
114	56.703
115	57.1951
116	57.6871
117	58.1789
118	58.6707
119	59.1622
120	59.6536
121	60.1449
122	60.636
123	61.127
124	61.6179
125	62.1086
126	62.5991
127	63.0895
128	63.5797
129	64.0698
130	64.5598
131	65.0495
132	65.5392
133	66.0286
134	66.5179
135	67.0071
136	67.496
137	67.9849
138	68.4735
139	68.962
140	69.4503
141	69.9385
142	70.4265
143	70.9143
144	71.4019
145	71.8894
146	72.3767
147	72.8638
148	73.3508
149	73.8376
150	74.3242
151	74.8106
152	75.2968
153	75.7829
154	76.2687
155	76.7544
156	77.2399
157	77.7252
158	78.2104
159	78.6953
160	79.1801
161	79.6646
162	80.149
163	80.6332
164	81.1172
165	81.601
166	82.0845
167	82.5679
168	83.0511
169	83.5341
170	84.0169
171	84.4995
172	84.9819
173	85.4641
174	85.9461
175	86.4278
176	86.9094
177	87.3907
178	87.8719
179	88.3528
180	88.8335
181	89.314
182	89.7943
183	90.2744
184	90.7542
185	91.2339
186	91.7133
187	92.1925
188	92.6714
189	93.1502
190	93.6287
191	94.107
192	94.5851
193	95.0629
194	95.5405
195	96.0179
196	96.4951
197	96.972
198	97.4487
199	97.9251
200	98.4013
201	98.8773
202	99.3531
203	99.8286
204	100.304
205	100.779
206	101.254
207	101.728
208	102.202
209	102.676
210	103.15
211	103.624
212	104.097
213	104.57
214	105.043
215	105.515
216	105.988
217	106.46
218	106.932
219	107.403
220	107.874
221	108.345
222	108.816
223	109.287
224	109.757
225	110.227
226	110.696
227	111.166
228	111.635
229	112.104
230	112.572
231	113.041
232	113.509
233	113.977
234	114.444
235	114.911
236	115.378
237	115.845
238	116.311
239	116.778
240	117.243
241	117.709
242	118.174
243	118.639
244	119.104
245	119.568
246	120.032
247	120.496
248	120.96
249	121.423
250	121.886
251	122.349
252	122.811
253	123.273
254	123.735
255	124.196
256	124.658
257	125.119
258	125.579
259	126.039
260	126.499
261	126.959
262	127.418
263	127.877
264	128.336
265	128.795
266	129.253
267	129.711
268	130.168
269	130.625
270	131.082
271	131.539
272	131.995
273	132.451
274	132.907
275	133.362
276	133.817
277	134.271
278	134.726
279	135.18
280	135.633
281	136.087
282	136.54
283	136.993
284	137.445
285	137.897
286	138.349
287	138.8
288	139.251
289	139.702
290	140.152
291	140.602
292	141.052
293	141.501
294	141.95
295	142.399
296	142.847
297	143.295
298	143.743
299	144.19
300	144.637
301	145.083
302	145.53
303	145.976
304	146.421
305	146.866
306	147.311
307	147.756
308	148.2
309	148.643
310	149.087
311	149.53
312	149.973
313	150.415
314	150.857
315	151.298
316	151.74
317	152.18
318	152.621
319	153.061
320	153.501
321	153.94
322	154.379
323	154.818
324	155.256
325	155.694
326	156.132
327	156.569
328	157.005
329	157.442
330	157.878
331	158.314
332	158.749
333	159.184
334	159.618
335	160.052
336	160.486
337	160.919
338	161.352
339	161.785
340	162.217
341	162.649
342	163.08
343	163.511
344	163.942
345	164.372
346	164.802
347	165.231
348	165.66
349	166.089
350	166.517
351	166.945
352	167.372
353	167.799
354	168.226
355	168.652
356	169.078
357	169.503
358	169.928
359	170.352
360	170.777
361	171.2
362	171.624
363	172.047
364	172.469
365	172.891
366	173.313
367	173.734
368	174.155
369	174.575
370	174.995
371	175.415
372	175.834
373	176.253
374	176.671
375	177.089
376	177.506
377	177.923
378	178.34
379	178.756
380	179.172
381	179.587
382	180.002
383	180.416
384	180.83
385	181.244
386	181.657
387	182.07
388	182.482
389	182.894
390	183.305
391	183.716
392	184.126
393	184.536
394	184.946
395	185.355
396	185.764
397	186.172
398	186.58
399	186.987
400	187.394
401	187.801
402	188.207
403	188.612
404	189.017
405	189.422
406	189.826
407	190.23
408	190.633
409	191.036
410	191.438
411	191.84
412	192.241
413	192.642
414	193.043
415	193.443
416	193.842
417	194.242
418	194.64
419	195.038
420	195.436
421	195.833
422	196.23
423	196.626
424	197.022
425	197.417
426	197.812
427	198.207
428	198.6
429	198.994
430	199.387
431	199.779
432	200.171
433	200.563
434	200.954
435	201.344
436	201.734
437	202.124
438	202.513
439	202.901
440	203.289
441	203.677
442	204.064
443	204.451
444	204.837
445	205.222
446	205.608
447	205.992
448	206.376
449	206.76
450	207.143
451	207.526
452	207.908
453	208.29
454	208.671
455	209.051
456	209.432
457	209.811
458	210.19
459	210.569
460	210.947
461	211.325
462	211.702
463	212.078
464	212.454
465	212.83
466	213.205
467	213.579
468	213.953
469	214.327
470	214.7
471	215.072
472	215.444
473	215.816
474	216.187
475	216.557
476	216.927
477	217.296
478	217.665
479	218.033
480	218.401
481	218.768
482	219.135
483	219.501
484	219.867
485	220.232
486	220.597
487	220.961
488	221.324
489	221.687
490	222.05
491	222.412
492	222.773
493	223.134
494	223.494
495	223.854
496	224.213
497	224.572
498	224.93
499	225.288
500	225.645
501	226.002
502	226.357
503	226.713
504	227.068
505	227.422
506	227.776
507	228.129
508	228.482
509	228.834
510	229.186
511	229.537
512	229.887
513	230.237
514	230.587
515	230.935
516	231.284
517	231.631
518	231.979
519	232.325
520	232.671
521	233.017
522	233.362
523	233.706
524	234.05
525	234.393
526	234.736
527	235.078
528	235.419
529	235.76
530	236.101
531	236.441
532	236.78
533	237.118
534	237.457
535	237.794
536	238.131
537	238.468
538	238.803
539	239.139
540	239.473
541	239.807
542	240.141
543	240.474
544	240.806
545	241.138
546	241.469
547	241.8
548	242.13
549	242.459
550	242.788
551	243.116
552	243.444
553	243.771
554	244.098
555	244.424
556	244.749
557	245.074
558	245.398
559	245.722
560	246.045
561	246.367
562	246.689
563	247.01
564	247.331
565	247.651
566	247.97
567	248.289
568	248.607
569	248.925
570	249.242
571	249.558
572	249.874
573	250.189
574	250.504
575	250.818
576	251.131
577	251.444
578	251.756
579	252.068
580	252.379
581	252.689
582	252.999
583	253.308
584	253.616
585	253.924
586	254.232
587	254.538
588	254.844
589	255.15
590	255.455
591	255.759
592	256.063
593	256.366
594	256.668
595	256.97
596	257.271
597	257.572
598	257.872
599	258.171
600	258.469
601	258.768
602	259.065
603	259.362
604	259.658
605	259.953
606	260.248
607	260.543
608	260.836
609	261.129
610	261.422
611	261.714
612	262.005
613	262.295
614	262.585
615	262.874
616	263.163
617	263.451
618	263.738
619	264.025
620	264.311
621	264.597
622	264.881
623	265.166
624	265.449
625	265.732
626	266.014
627	266.296
628	266.577
629	266.857
630	267.137
631	267.416
632	267.694
633	267.972
634	268.249
635	268.526
636	268.801
637	269.077
638	269.351
639	269.625
640	269.898
641	270.171
642	270.443
643	270.714
644	270.985
645	271.255
646	271.524
647	271.793
648	272.061
649	272.328
650	272.595
651	272.861
652	273.126
653	273.391
654	273.655
655	273.918
656	274.181
657	274.443
658	274.704
659	274.965
660	275.225
661	275.485
662	275.743
663	276.001
664	276.259
665	276.516
666	276.772
667	277.027
668	277.282
669	277.536
670	277.789
671	278.042
672	278.294
673	278.546
674	278.796
675	279.047
676	279.296
677	279.545
678	279.793
679	280.04
680	280.287
681	280.533
682	280.778
683	281.023
684	281.267
685	281.51
686	281.753
687	281.995
688	282.236
689	282.477
690	282.717
691	282.956
692	283.194
693	283.432
694	283.669
695	283.906
696	284.142
697	284.377
698	284.611
699	284.845
700	285.078
701	285.311
702	285.542
703	285.773
704	286.004
705	286.233
706	286.462
707	286.691
708	286.918
709	287.145
710	287.371
711	287.597
712	287.822
713	288.046
714	288.269
715	288.492
716	288.714
717	288.935
718	289.156
719	289.376
720	289.595
721	289.814
722	290.031
723	290.249
724	290.465
725	290.681
726	290.896
727	291.11
728	291.324
729	291.537
730	291.749
731	291.961
732	292.171
733	292.382
734	292.591
735	292.8
736	293.008
737	293.215
738	293.422
739	293.628
740	293.833
741	294.037
742	294.241
743	294.444
744	294.646
745	294.848
746	295.049
747	295.249
748	295.449
749	295.647
750	295.846
751	296.043
752	296.24
753	296.436
754	296.631
755	296.825
756	297.019
757	297.212
758	297.405
759	297.596
760	297.787
761	297.977
762	298.167
763	298.356
764	298.544
765	298.731
766	298.918
767	299.104
768	299.289
769	299.473
770	299.657
771	299.84
772	300.022
773	300.204
774	300.385
775	300.565
776	300.744
777	300.923
778	301.101
779	301.278
780	301.455
781	301.63
782	301.805
783	301.98
784	302.153
785	302.326
786	302.498
787	302.67
788	302.84
789	303.01
790	303.18
791	303.348
792	303.516
793	303.683
794	303.849
795	304.015
796	304.18
797	304.344
798	304.507
799	304.67
800	304.832
801	304.993
802	305.153
803	305.313
804	305.472
805	305.63
806	305.787
807	305.944
808	306.1
809	306.256
810	306.41
811	306.564
812	306.717
813	306.869
814	307.021
815	307.172
816	307.322
817	307.471
818	307.62
819	307.768
820	307.915
821	308.061
822	308.207
823	308.352
824	308.496
825	308.639
826	308.782
827	308.924
828	309.065
829	309.205
830	309.345
831	309.484
832	309.622
833	309.76
834	309.896
835	310.032
836	310.168
837	310.302
838	310.436
839	310.569
840	310.701
841	310.833
842	310.963
843	311.093
844	311.222
845	311.351
846	311.479
847	311.606
848	311.732
849	311.857
850	311.982
851	312.106
852	312.229
853	312.352
854	312.473
855	312.594
856	312.715
857	312.834
858	312.953
859	313.071
860	313.188
861	313.304
862	313.42
863	313.535
864	313.649
865	313.763
866	313.875
867	313.987
868	314.098
869	314.209
870	314.318
871	314.427
872	314.535
873	314.643
874	314.749
875	314.855
876	314.96
877	315.065
878	315.168
879	315.271
880	315.373
881	315.474
882	315.575
883	315.675
884	315.774
885	315.872
886	315.969
887	316.066
888	316.162
889	316.257
890	316.352
891	316.445
892	316.538
893	316.63
894	316.722
895	316.813
896	316.902
897	316.991
898	317.08
899	317.167
900	317.254
901	317.34
902	317.426
903	317.51
904	317.594
905	317.677
906	317.759
907	317.84
908	317.921
909	318.001
910	318.08
911	318.159
912	318.236
913	318.313
914	318.389
915	318.464
916	318.539
917	318.613
918	318.686
919	318.758
920	318.83
921	318.9
922	318.97
923	319.039
924	319.108
925	319.175
926	319.242
927	319.308
928	319.374
929	319.438
930	319.502
931	319.565
932	319.627
933	319.689
934	319.75
935	319.81
936	319.869
937	319.927
938	319.985
939	320.042
940	320.098
941	320.153
942	320.208
943	320.261
944	320.314
945	320.367
946	320.418
947	320.469
948	320.519
949	320.568
950	320.616
951	320.664
952	320.71
953	320.757
954	320.802
955	320.846
956	320.89
957	320.933
958	320.975
959	321.017
960	321.057
961	321.097
962	321.136
963	321.175
964	321.212
965	321.249
966	321.285
967	321.32
968	321.354
969	321.388
970	321.421
971	321.453
972	321.485
973	321.515
974	321.545
975	321.574
976	321.602
977	321.63
978	321.656
979	321.682
980	321.707
981	321.732
982	321.755
983	321.778
984	321.8
985	321.822
986	321.842
987	321.862
988	321.881
989	321.899
990	321.916
991	321.933
992	321.949
993	321.964
994	321.978
995	321.992
996	322.004
997	322.016
998	322.027
999	322.038
1000	322.048
1001	322.056
1002	322.064
1003	322.072
1004	322.078
1005	322.084
1006	322.089
1007	322.093
1008	322.097
1009	322.099
1010	322.101
1011	322.102
1012	322.103
1013	322.102
1014	322.101
1015	322.099
1016	322.096
1017	322.093
1018	322.088
1019	322.083
1020	322.077
1021	322.071
1022	322.063
1023	322.055
1024	322.046
1025	322.036
1026	322.026
1027	322.014
1028	322.002
1029	321.989
1030	321.976
1031	321.961
1032	321.946
1033	321.93
1034	321.913
1035	321.896
1036	321.878
1037	321.858
1038	321.839
1039	321.818
1040	321.797
1041	321.774
1042	321.751
1043	321.728
1044	321.703
1045	321.678
1046	321.652
1047	321.625
1048	321.597
1049	321.569
1050	321.54
1051	321.51
1052	321.479
1053	321.448
1054	321.415
1055	321.382
1056	321.349
1057	321.314
1058	321.279
1059	321.243
1060	321.206
1061	321.168
1062	321.13
1063	321.09
1064	321.05
1065	321.01
1066	320.968
1067	320.926
1068	320.883
1069	320.839
1070	320.794
1071	320.749
1072	320.703
1073	320.656
1074	320.608
1075	320.559
1076	320.51
1077	320.46
1078	320.409
1079	320.358
1080	320.305
1081	320.252
1082	320.198
1083	320.144
1084	320.088
1085	320.032
1086	319.975
1087	319.917
1088	319.859
1089	319.799
1090	319.739
1091	319.678
1092	319.617
1093	319.554
1094	319.491
1095	319.427
1096	319.363
1097	319.297
1098	319.231
1099	319.164
1100	319.096
1101	319.028
1102	318.958
1103	318.888
1104	318.817
1105	318.746
1106	318.673
1107	318.6
1108	318.526
1109	318.452
1110	318.376
1111	318.3
1112	318.223
1113	318.145
1114	318.067
1115	317.987
1116	317.907
1117	317.827
1118	317.745
1119	317.663
1120	317.58
1121	317.496
1122	317.411
1123	317.326
1124	317.239
1125	317.153
1126	317.065
1127	316.976
1128	316.887
1129	316.797
1130	316.706
1131	316.615
1132	316.523
1133	316.43
1134	316.336
1135	316.241
1136	316.146
1137	316.05
1138	315.953
1139	315.855
1140	315.757
1141	315.658
1142	315.558
1143	315.457
1144	315.356
1145	315.254
1146	315.151
1147	315.047
1148	314.942
1149	314.837
1150	314.731
1151	314.625
1152	314.517
1153	314.409
1154	314.3
1155	314.19
1156	314.079
1157	313.968
1158	313.856
1159	313.743
1160	313.63
1161	313.516
1162	313.4
1163	313.285
1164	313.168
1165	313.051
1166	312.933
1167	312.814
1168	312.694
1169	312.574
1170	312.453
1171	312.331
1172	312.208
1173	312.085
1174	311.961
1175	311.836
1176	311.71
1177	311.584
1178	311.457
1179	311.329
1180	311.2
1181	311.071
1182	310.941
1183	310.81
1184	310.679
1185	310.546
1186	310.413
1187	310.279
1188	310.145
1189	310.009
1190	309.873
1191	309.736
1192	309.599
1193	309.46
1194	309.321
1195	309.182
1196	309.041
1197	308.9
1198	308.758
1199	308.615
1200	308.471
1201	308.327
1202	308.182
1203	308.036
1204	307.89
1205	307.742
1206	307.594
1207	307.446
1208	307.296
1209	307.146
1210	306.995
1211	306.843
1212	306.691
1213	306.538
1214	306.384
1215	306.229
1216	306.074
1217	305.918
1218	305.761
1219	305.603
1220	305.445
1221	305.286
1222	305.126
1223	304.965
1224	304.804
1225	304.642
1226	304.479
1227	304.316
1228	304.152
1229	303.987
1230	303.821
1231	303.654
1232	303.487
1233	303.319
1234	303.151
1235	302.981
1236	302.811
1237	302.641
1238	302.469
1239	302.297
1240	302.124
1241	301.95
1242	301.776
1243	301.6
1244	301.425
1245	301.248
1246	301.071
1247	300.893
1248	300.714
1249	300.534
1250	300.354
1251	300.173
1252	299.991
1253	299.809
1254	299.626
1255	299.442
1256	299.257
1257	299.072
1258	298.886
1259	298.699
1260	298.512
1261	298.324
1262	298.135
1263	297.945
1264	297.755
1265	297.564
1266	297.372
1267	297.179
1268	296.986
1269	296.792
1270	296.598
1271	296.402
1272	296.206
1273	296.009
1274	295.812
1275	295.614
1276	295.415
1277	295.215
1278	295.015
1279	294.814
1280	294.612
1281	294.409
1282	294.206
1283	294.002
1284	293.798
1285	293.592
1286	293.386
1287	293.18
1288	292.972
1289	292.764
1290	292.555
1291	292.346
1292	292.136
1293	291.925
1294	291.713
1295	291.501
1296	291.287
1297	291.074
1298	290.859
1299	290.644
1300	290.428
1301	290.212
1302	289.994
1303	289.776
1304	289.558
1305	289.338
1306	289.118
1307	288.898
1308	288.676
1309	288.454
1310	288.231
1311	288.008
1312	287.783
1313	287.558
1314	287.333
1315	287.106
1316	286.879
1317	286.652
1318	286.423
1319	286.194
1320	285.965
1321	285.734
1322	285.503
1323	285.271
1324	285.039
1325	284.805
1326	284.572
1327	284.337
1328	284.102
1329	283.866
1330	283.629
1331	283.392
1332	283.154
1333	282.915
1334	282.676
1335	282.436
1336	282.195
1337	281.954
1338	281.712
1339	281.469
1340	281.225
1341	280.981
1342	280.736
1343	280.491
1344	280.245
1345	279.998
1346	279.75
1347	279.502
1348	279.253
1349	279.004
1350	278.754
1351	278.503
1352	278.251
1353	277.999
1354	277.746
1355	277.493
1356	277.239
1357	276.984
1358	276.728
1359	276.472
1360	276.215
1361	275.957
1362	275.699
1363	275.44
1364	275.181
1365	274.921
1366	274.66
1367	274.398
1368	274.136
1369	273.873
1370	273.61
1371	273.346
1372	273.081
1373	272.815
1374	272.549
1375	272.282
1376	272.015
1377	271.747
1378	271.478
1379	271.209
1380	270.939
1381	270.668
1382	270.396
1383	270.124
1384	269.852
1385	269.578
1386	269.304
1387	269.03
1388	268.755
1389	268.479
1390	268.202
1391	267.925
1392	267.647
1393	267.368
1394	267.089
1395	266.809
1396	266.529
1397	266.248
1398	265.966
1399	265.684
1400	265.401
1401	265.117
1402	264.833
1403	264.548
1404	264.263
1405	263.976
1406	263.689
1407	263.402
1408	263.114
1409	262.825
1410	262.536
1411	262.246
1412	261.955
1413	261.664
1414	261.372
1415	261.08
1416	260.786
1417	260.493
1418	260.198
1419	259.903
1420	259.607
1421	259.311
1422	259.014
1423	258.717
1424	258.419
1425	258.12
1426	257.82
1427	257.52
1428	257.22
1429	256.918
1430	256.617
1431	256.314
1432	256.011
1433	255.707
1434	255.403
1435	255.098
1436	254.792
1437	254.486
1438	254.179
1439	253.872
1440	253.564
1441	253.255
1442	252.946
1443	252.636
1444	252.326
1445	252.015
1446	251.703
1447	251.391
1448	251.078
1449	250.764
1450	250.45
1451	250.135
1452	249.82
1453	249.504
1454	249.188
1455	248.87
1456	248.553
1457	248.234
1458	247.916
1459	247.596
1460	247.276
1461	246.955
1462	246.634
1463	246.312
1464	245.989
1465	245.666
1466	245.343
1467	245.018
1468	244.694
1469	244.368
1470	244.042
1471	243.716
1472	243.388
1473	243.06
1474	242.732
1475	242.403
1476	242.074
1477	241.743
1478	241.413
1479	241.081
1480	240.75
1481	240.417
1482	240.084
1483	239.75
1484	239.416
1485	239.081
1486	238.746
1487	238.41
1488	238.074
1489	237.737
1490	237.399
1491	237.061
1492	236.722
1493	236.383
1494	236.043
1495	235.702
1496	235.361
1497	235.02
1498	234.677
1499	234.335
1500	233.991
1501	233.647
1502	233.303
1503	232.958
1504	232.612
1505	232.266
1506	231.919
1507	231.572
1508	231.224
1509	230.876
1510	230.527
1511	230.178
1512	229.828
1513	229.477
1514	229.126
1515	228.774
1516	228.422
1517	228.069
1518	227.716
1519	227.362
1520	227.007
1521	226.652
1522	226.297
1523	225.941
1524	225.584
1525	225.227
1526	224.869
1527	224.511
1528	224.152
1529	223.793
1530	223.433
1531	223.073
1532	222.712
1533	222.35
1534	221.988
1535	221.626
1536	221.262
1537	220.899
1538	220.535
1539	220.17
1540	219.805
1541	219.439
1542	219.073
1543	218.706
1544	218.339
1545	217.971
1546	217.602
1547	217.233
1548	216.864
1549	216.494
1550	216.124
1551	215.753
1552	215.381
1553	215.009
1554	214.636
1555	214.263
1556	213.89
1557	213.516
1558	213.141
1559	212.766
1560	212.39
1561	212.014
1562	211.637
1563	211.26
1564	210.883
1565	210.504
1566	210.126
1567	209.746
1568	209.367
1569	208.987
1570	208.606
1571	208.225
1572	207.843
1573	207.461
1574	207.078
1575	206.695
1576	206.311
1577	205.927
1578	205.542
1579	205.157
1580	204.771
1581	204.385
1582	203.998
1583	203.611
1584	203.223
1585	202.835
1586	202.446
1587	202.057
1588	201.668
1589	201.278
1590	200.887
1591	200.496
1592	200.104
1593	199.712
1594	199.32
1595	198.927
1596	198.533
1597	198.139
1598	197.745
1599	197.35
1600	196.955
1601	196.559
1602	196.162
1603	195.765
1604	195.368
1605	194.97
1606	194.572
1607	194.174
1608	193.774
1609	193.375
1610	192.975
1611	192.574
1612	192.173
1613	191.772
1614	191.37
1615	190.967
1616	190.564
1617	190.161
1618	189.757
1619	189.353
1620	188.948
1621	188.543
1622	188.137
1623	187.731
1624	187.325
1625	186.918
1626	186.51
1627	186.103
1628	185.694
1629	185.285
1630	184.876
1631	184.467
1632	184.056
1633	183.646
1634	183.235
1635	182.823
1636	182.412
1637	181.999
1638	181.587
1639	181.173
1640	180.76
1641	180.346
1642	179.931
1643	179.516
1644	179.101
1645	178.685
1646	178.269
1647	177.852
1648	177.435
1649	177.018
1650	176.6
1651	176.181
1652	175.763
1653	175.343
1654	174.924
1655	174.504
1656	174.083
1657	173.662
1658	173.241
1659	172.819
1660	172.397
1661	171.974
1662	171.552
1663	171.128
1664	170.704
1665	170.28
1666	169.855
1667	169.43
1668	169.005
1669	168.579
1670	168.153
1671	167.726
1672	167.299
1673	166.872
1674	166.444
1675	166.016
1676	165.587
1677	165.158
1678	164.728
1679	164.298
1680	163.868
1681	163.438
1682	163.007
1683	162.575
1684	162.143
1685	161.711
1686	161.278
1687	160.845
1688	160.412
1689	159.978
1690	159.544
1691	159.11
1692	158.675
1693	158.239
1694	157.804
1695	157.368
1696	156.931
1697	156.494
1698	156.057
1699	155.619
1700	155.181
1701	154.743
1702	154.304
1703	153.865
1704	153.426
1705	152.986
1706	152.546
1707	152.105
1708	151.664
1709	151.223
1710	150.781
1711	150.339
1712	149.897
1713	149.454
1714	149.011
1715	148.568
1716	148.124
1717	147.68
1718	147.235
1719	146.79
1720	146.345
1721	145.9
1722	145.454
1723	145.007
1724	144.561
1725	144.114
1726	143.666
1727	143.219
1728	142.771
1729	142.322
1730	141.874
1731	141.424
1732	140.975
1733	140.525
1734	140.075
1735	139.625
1736	139.174
1737	138.723
1738	138.272
1739	137.82
1740	137.368
1741	136.915
1742	136.463
1743	136.01
1744	135.556
1745	135.102
1746	134.648
1747	134.194
1748	133.739
1749	133.284
1750	132.829
1751	132.373
1752	131.917
1753	131.461
1754	131.004
1755	130.547
1756	130.09
1757	129.633
1758	129.175
1759	128.717
1760	128.258
1761	127.799
1762	127.34
1763	126.881
1764	126.421
1765	125.961
1766	125.501
1767	125.04
1768	124.579
1769	124.118
1770	123.656
1771	123.194
1772	122.732
1773	122.27
1774	121.807
1775	121.344
1776	120.881
1777	120.417
1778	119.953
1779	119.489
1780	119.025
1781	118.56
1782	118.095
1783	117.63
1784	117.164
1785	116.698
1786	116.232
1787	115.765
1788	115.299
1789	114.832
1790	114.364
1791	113.897
1792	113.429
1793	112.961
1794	112.493
1795	112.024
1796	111.555
1797	111.086
1798	110.616
1799	110.147
1800	109.677
1801	109.206
1802	108.736
1803	108.265
1804	107.794
1805	107.323
1806	106.851
1807	106.379
1808	105.907
1809	105.435
1810	104.962
1811	104.49
1812	104.016
1813	103.543
1814	103.069
1815	102.596
1816	102.122
1817	101.647
1818	101.173
1819	100.698
1820	100.223
1821	99.7475
1822	99.272
1823	98.7962
1824	98.3202
1825	97.8439
1826	97.3674
1827	96.8907
1828	96.4137
1829	95.9365
1830	95.4591
1831	94.9815
1832	94.5036
1833	94.0255
1834	93.5471
1835	93.0686
1836	92.5898
1837	92.1108
1838	91.6315
1839	91.1521
1840	90.6724
1841	90.1925
1842	89.7124
1843	89.2321
1844	88.7516
1845	88.2708
1846	87.7898
1847	87.3087
1848	86.8273
1849	86.3457
1850	85.8639
1851	85.3819
1852	84.8997
1853	84.4172
1854	83.9346
1855	83.4518
1856	82.9688
1857	82.4855
1858	82.0021
1859	81.5185
1860	81.0347
1861	80.5506
1862	80.0664
1863	79.582
1864	79.0974
1865	78.6127
1866	78.1277
1867	77.6425
1868	77.1572
1869	76.6716
1870	76.1859
1871	75.7
1872	75.2139
1873	74.7276
1874	74.2412
1875	73.7546
1876	73.2678
1877	72.7808
1878	72.2936
1879	71.8063
1880	71.3188
1881	70.8311
1882	70.3433
1883	69.8553
1884	69.3671
1885	68.8787
1886	68.3902
1887	67.9015
1888	67.4127
1889	66.9237
1890	66.4345
1891	65.9452
1892	65.4557
1893	64.966
1894	64.4762
1895	63.9863
1896	63.4962
1897	63.0059
1898	62.5155
1899	62.0249
1900	61.5342
1901	61.0433
1902	60.5523
1903	60.0612
1904	59.5699
1905	59.0784
1906	58.5868
1907	58.0951
1908	57.6032
1909	57.1112
1910	56.6191
1911	56.1268
1912	55.6344
1913	55.1418
1914	54.6491
1915	54.1563
1916	53.6634
1917	53.1703
1918	52.6771
1919	52.1838
1920	51.6903
1921	51.1967
1922	50.703
1923	50.2092
1924	49.7152
1925	49.2212
1926	48.727
1927	48.2327
1928	47.7382
1929	47.2437
1930	46.7491
1931	46.2543
1932	45.7594
1933	45.2644
1934	44.7694
1935	44.2742
1936	43.7788
1937	43.2834
1938	42.7879
1939	42.2923
1940	41.7966
1941	41.3007
1942	40.8048
1943	40.3088
1944	39.8127
1945	39.3165
1946	38.8202
1947	38.3238
1948	37.8273
1949	37.3307
1950	36.834
1951	36.3372
1952	35.8404
1953	35.3435
1954	34.8464
1955	34.3493
1956	33.8521
1957	33.3549
1958	32.8575
1959	32.3601
1960	31.8626
1961	31.365
1962	30.8673
1963	30.3696
1964	29.8718
1965	29.3739
1966	28.8759
1967	28.3779
1968	27.8798
1969	27.3817
1970	26.8834
1971	26.3852
1972	25.8868
1973	25.3884
1974	24.8899
1975	24.3914
1976	23.8928
1977	23.3941
1978	22.8954
1979	22.3967
1980	21.8979
1981	21.399
1982	20.9001
1983	20.4011
1984	19.9021
1985	19.403
1986	18.9039
1987	18.4047
1988	17.9055
1989	17.4063
1990	16.907
1991	16.4077
1992	15.9083
1993	15.4089
1994	14.9094
1995	14.4099
1996	13.9104
1997	13.4109
1998	12.9113
1999	12.4117
2000	11.912
2001	11.4124
2002	10.9127
2003	10.4129
2004	9.91319
2005	9.41341
2006	8.91361
2007	8.41379
2008	7.91395
2009	7.4141
2010	6.91422
2011	6.41433
2012	5.91442
2013	5.41449
2014	4.91456
2015	4.41461
2016	3.91465
2017	3.41469
2018	2.91471
2019	2.41473
2020	1.91474
2021	1.41474
2022	0.914747
2023	0.414748
2024	-0.0852524
2025	-0.585252
2026	-1.08525
2027	-1.58525
2028	-2.08524
2029	-2.58523
2030	-3.08521
2031	-3.58518
2032	-4.08514
2033	-4.5851
2034	-5.08504
2035	-5.58497
2036	-6.08489
2037	-6.5848
2038	-7.08468
2039	-7.58455
2040	-8.08441
2041	-8.58424
2042	-9.08405
2043	-9.58384
2044	-10.0836
2045	-10.5834
2046	-11.0831
2047	-11.5828
2048	-12.0824
2049	-12.5821
2050	-13.0817
2051	-13.5812
2052	-14.0808
2053	-14.5803
2054	-15.0797
2055	-15.5792
2056	-16.0786
2057	-16.5779
2058	-17.0772
2059	-17.5765
2060	-18.0758
2061	-18.5749
2062	-19.0741
2063	-19.5732
2064	-20.0722
2065	-20.5713
2066	-21.0702
2067	-21.5691
2068	-22.068
2069	-22.5668
2070	-23.0655
2071	-23.5642
2072	-24.0628
2073	-24.5614
2074	-25.0599
2075	-25.5584
2076	-26.0568
2077	-26.5551
2078	-27.0534
2079	-27.5516
2080	-28.0497
2081	-28.5478
2082	-29.0458
2083	-29.5437
2084	-30.0415
2085	-30.5393
2086	-31.037
2087	-31.5347
2088	-32.0322
2089	-32.5297
2090	-33.0271
2091	-33.5244
2092	-34.0217
2093	-34.5188
2094	-35.0159
2095	-35.5129
2096	-36.0098
2097	-36.5067
2098	-37.0034
2099	-37.5
2100	-37.9966
2101	-38.4931
2102	-38.9894
2103	-39.4857
2104	-39.9819
2105	-40.478
2106	-40.974
2107	-41.4698
2108	-41.9656
2109	-42.4613
2110	-42.9569
2111	-43.4524
2112	-43.9478
2113	-44.443
2114	-44.9382
2115	-45.4333
2116	-45.9282
2117	-46.423
2118	-46.9178
2119	-47.4124
2120	-47.9069
2121	-48.4012
2122	-48.8955
2123	-49.3897
2124	-49.8837
2125	-50.3776
2126	-50.8714
2127	-51.365
2128	-51.8586
2129	-52.352
2130	-52.8453
2131	-53.3384
2132	-53.8315
2133	-54.3244
2134	-54.8172
2135	-55.3098
2136	-55.8023
2137	-56.2947
2138	-56.7869
2139	-57.279
2140	-57.771
2141	-58.2628
2142	-58.7545
2143	-59.246
2144	-59.7374
2145	-60.2287
2146	-60.7198
2147	-61.2107
2148	-61.7016
2149	-62.1922
2150	-62.6827
2151	-63.1731
2152	-63.6633
2153	-64.1534
2154	-64.6433
2155	-65.133
2156	-65.6226
2157	-66.1121
2158	-66.6013
2159	-67.0904
2160	-67.5794
2161	-68.0682
2162	-68.5568
2163	-69.0453
2164	-69.5336
2165	-70.0217
2166	-70.5097
2167	-70.9974
2168	-71.4851
2169	-71.9725
2170	-72.4598
2171	-72.9469
2172	-73.4338
2173	-73.9205
2174	-74.4071
2175	-74.8935
2176	-75.3797
2177	-75.8657
2178	-76.3516
2179	-76.8372
2180	-77.3227
2181	-77.808
2182	-78.2931
2183	-78.778
2184	-79.2627
2185	-79.7472
2186	-80.2316
2187	-80.7157
2188	-81.1997
2189	-81.6834
2190	-82.167
2191	-82.6503
2192	-83.1335
2193	-83.6165
2194	-84.0992
2195	-84.5818
2196	-85.0641
2197	-85.5463
2198	-86.0282
2199	-86.5099
2200	-86.9915
2201	-87.4728
2202	-87.9539
2203	-88.4348
2204	-88.9155
2205	-89.3959
2206	-89.8762
2207	-90.3562
2208	-90.836
2209	-91.3156
2210	-91.795
2211	-92.2741
2212	-92.7531
2213	-93.2318
2214	-93.7103
2215	-94.1885
2216	-94.6666
2217	-95.1444
2218	-95.6219
2219	-96.0993
2220	-96.5764
2221	-97.0533
2222	-97.5299
2223	-98.0063
2224	-98.4825
2225	-98.9584
2226	-99.4341
2227	-99.9096
2228	-100.385
2229	-100.86
2230	-101.335
2231	-101.809
2232	-102.283
2233	-102.757
2234	-103.231
2235	-103.705
2236	-104.178
2237	-104.651
2238	-105.124
2239	-105.596
2240	-106.068
2241	-106.54
2242	-107.012
2243	-107.483
2244	-107.955
2245	-108.426
2246	-108.896
2247	-109.367
2248	-109.837
2249	-110.307
2250	-110.776
2251	-111.246
2252	-111.715
2253	-112.184
2254	-112.652
2255	-113.121
2256	-113.589
2257	-114.056
2258	-114.524
2259	-114.991
2260	-115.458
2261	-115.925
2262	-116.391
2263	-116.857
2264	-117.323
2265	-117.788
2266	-118.253
2267	-118.718
2268	-119.183
2269	-119.647
2270	-120.112
2271	-120.575
2272	-121.039
2273	-121.502
2274	-121.965
2275	-122.428
2276	-122.89
2277	-123.352
2278	-123.814
2279	-124.275
2280	-124.736
2281	-125.197
2282	-125.658
2283	-126.118
2284	-126.578
2285	-127.037
2286	-127.497
2287	-127.956
2288	-128.414
2289	-128.873
2290	-129.331
2291	-129.789
2292	-130.246
2293	-130.703
2294	-131.16
2295	-131.617
2296	-132.073
2297	-132.529
2298	-132.984
2299	-133.439
2300	-133.894
2301	-134.349
2302	-134.803
2303	-135.257
2304	-135.711
2305	-136.164
2306	-136.617
2307	-137.07
2308	-137.522
2309	-137.974
2310	-138.426
2311	-138.877
2312	-139.328
2313	-139.779
2314	-140.229
2315	-140.679
2316	-141.128
2317	-141.578
2318	-142.027
2319	-142.475
2320	-142.923
2321	-143.371
2322	-143.819
2323	-144.266
2324	-144.713
2325	-145.16
2326	-145.606
2327	-146.052
2328	-146.497
2329	-146.942
2330	-147.387
2331	-147.831
2332	-148.275
2333	-148.719
2334	-149.162
2335	-149.605
2336	-150.048
2337	-150.49
2338	-150.932
2339	-151.374
2340	-151.815
2341	-152.256
2342	-152.696
2343	-153.136
2344	-153.576
2345	-154.015
2346	-154.454
2347	-154.893
2348	-155.331
2349	-155.769
2350	-156.206
2351	-156.643
2352	-157.08
2353	-157.516
2354	-157.952
2355	-158.388
2356	-158.823
2357	-159.258
2358	-159.692
2359	-160.126
2360	-160.56
2361	-160.993
2362	-161.426
2363	-161.858
2364	-162.291
2365	-162.722
2366	-163.154
2367	-163.584
2368	-164.015
2369	-164.445
2370	-164.875
2371	-165.304
2372	-165.733
2373	-166.162
2374	-166.59
2375	-167.018
2376	-167.445
2377	-167.872
2378	-168.298
2379	-168.724
2380	-169.15
2381	-169.575
2382	-170
2383	-170.425
2384	-170.849
2385	-171.273
2386	-171.696
2387	-172.119
2388	-172.541
2389	-172.963
2390	-173.385
2391	-173.806
2392	-174.227
2393	-174.647
2394	-175.067
2395	-175.486
2396	-175.905
2397	-176.324
2398	-176.742
2399	-177.16
2400	-177.577
2401	-177.994
2402	-178.411
2403	-178.827
2404	-179.243
2405	-179.658
2406	-180.073
2407	-180.487
2408	-180.901
2409	-181.314
2410	-181.727
2411	-182.14
2412	-182.552
2413	-182.964
2414	-183.375
2415	-183.786
2416	-184.196
2417	-184.606
2418	-185.016
2419	-185.425
2420	-185.833
2421	-186.242
2422	-186.649
2423	-187.057
2424	-187.463
2425	-187.87
2426	-188.276
2427	-188.681
2428	-189.086
2429	-189.491
2430	-189.895
2431	-190.299
2432	-190.702
2433	-191.104
2434	-191.507
2435	-191.908
2436	-192.31
2437	-192.711
2438	-193.111
2439	-193.511
2440	-193.911
2441	-194.31
2442	-194.708
2443	-195.106
2444	-195.504
2445	-195.901
2446	-196.298
2447	-196.694
2448	-197.089
2449	-197.485
2450	-197.879
2451	-198.274
2452	-198.668
2453	-199.061
2454	-199.454
2455	-199.846
2456	-200.238
2457	-200.629
2458	-201.02
2459	-201.411
2460	-201.801
2461	-202.19
2462	-202.579
2463	-202.968
2464	-203.356
2465	-203.743
2466	-204.13
2467	-204.517
2468	-204.903
2469	-205.288
2470	-205.673
2471	-206.058
2472	-206.442
2473	-206.825
2474	-207.208
2475	-207.591
2476	-207.973
2477	-208.355
2478	-208.736
2479	-209.116
2480	-209.496
2481	-209.876
2482	-210.255
2483	-210.633
2484	-211.011
2485	-211.389
2486	-211.766
2487	-212.142
2488	-212.518
2489	-212.894
2490	-213.269
2491	-213.643
2492	-214.017
2493	-214.391
2494	-214.764
2495	-215.136
2496	-215.508
2497	-215.879
2498	-216.25
2499	-216.62
2500	-216.99
2501	-217.359
2502	-217.728
2503	-218.096
2504	-218.464
2505	-218.831
2506	-219.198
2507	-219.564
2508	-219.929
2509	-220.294
2510	-220.659
2511	-221.023
2512	-221.386
2513	-221.749
2514	-222.112
2515	-222.473
2516	-222.835
2517	-223.196
2518	-223.556
2519	-223.915
2520	-224.275
2521	-224.633
2522	-224.991
2523	-225.349
2524	-225.706
2525	-226.062
2526	-226.418
2527	-226.773
2528	-227.128
2529	-227.483
2530	-227.836
2531	-228.189
2532	-228.542
2533	-228.894
2534	-229.246
2535	-229.597
2536	-229.947
2537	-230.297
2538	-230.646
2539	-230.995
2540	-231.343
2541	-231.691
2542	-232.038
2543	-232.384
2544	-232.73
2545	-233.076
2546	-233.42
2547	-233.765
2548	-234.108
2549	-234.452
2550	-234.794
2551	-235.136
2552	-235.478
2553	-235.818
2554	-236.159
2555	-236.498
2556	-236.838
2557	-237.176
2558	-237.514
2559	-237.852
2560	-238.189
2561	-238.525
2562	-238.861
2563	-239.196
2564	-239.53
2565	-239.864
2566	-240.198
2567	-240.531
2568	-240.863
2569	-241.194
2570	-241.526
2571	-241.856
2572	-242.186
2573	-242.515
2574	-242.844
2575	-243.172
2576	-243.5
2577	-243.827
2578	-244.153
2579	-244.479
2580	-244.804
2581	-245.129
2582	-245.453
2583	-245.777
2584	-246.1
2585	-246.422
2586	-246.744
2587	-247.065
2588	-247.385
2589	-247.705
2590	-248.024
2591	-248.343
2592	-248.661
2593	-248.979
2594	-249.296
2595	-249.612
2596	-249.928
2597	-250.243
2598	-250.557
2599	-250.871
2600	-251.184
2601	-251.497
2602	-251.809
2603	-252.121
2604	-252.432
2605	-252.742
2606	-253.052
2607	-253.361
2608	-253.669
2609	-253.977
2610	-254.284
2611	-254.591
2612	-254.897
2613	-255.202
2614	-255.507
2615	-255.811
2616	-256.114
2617	-256.417
2618	-256.72
2619	-257.021
2620	-257.322
2621	-257.623
2622	-257.923
2623	-258.222
2624	-258.52
2625	-258.818
2626	-259.116
2627	-259.412
2628	-259.708
2629	-260.004
2630	-260.299
2631	-260.593
2632	-260.886
2633	-261.179
2634	-261.472
2635	-261.763
2636	-262.054
2637	-262.345
2638	-262.635
2639	-262.924
2640	-263.212
2641	-263.5
2642	-263.787
2643	-264.074
2644	-264.36
2645	-264.645
2646	-264.93
2647	-265.214
2648	-265.497
2649	-265.78
2650	-266.062
2651	-266.344
2652	-266.625
2653	-266.905
2654	-267.185
2655	-267.463
2656	-267.742
2657	-268.019
2658	-268.296
2659	-268.573
2660	-268.848
2661	-269.124
2662	-269.398
2663	-269.672
2664	-269.945
2665	-270.217
2666	-270.489
2667	-270.76
2668	-271.031
2669	-271.301
2670	-271.57
2671	-271.838
2672	-272.106
2673	-272.373
2674	-272.64
2675	-272.906
2676	-273.171
2677	-273.436
2678	-273.7
2679	-273.963
2680	-274.226
2681	-274.488
2682	-274.749
2683	-275.009
2684	-275.269
2685	-275.529
2686	-275.787
2687	-276.045
2688	-276.303
2689	-276.559
2690	-276.815
2691	-277.071
2692	-277.325
2693	-277.579
2694	-277.833
2695	-278.085
2696	-278.337
2697	-278.589
2698	-278.839
2699	-279.089
2700	-279.338
2701	-279.587
2702	-279.835
2703	-280.082
2704	-280.329
2705	-280.575
2706	-280.82
2707	-281.065
2708	-281.308
2709	-281.552
2710	-281.794
2711	-282.036
2712	-282.277
2713	-282.518
2714	-282.757
2715	-282.997
2716	-283.235
2717	-283.473
2718	-283.71
2719	-283.946
2720	-284.182
2721	-284.417
2722	-284.651
2723	-284.885
2724	-285.118
2725	-285.35
2726	-285.582
2727	-285.813
2728	-286.043
2729	-286.273
2730	-286.501
2731	-286.729
2732	-286.957
2733	-287.184
2734	-287.41
2735	-287.635
2736	-287.86
2737	-288.084
2738	-288.307
2739	-288.53
2740	-288.752
2741	-288.973
2742	-289.193
2743	-289.413
2744	-289.632
2745	-289.851
2746	-290.069
2747	-290.286
2748	-290.502
2749	-290.718
2750	-290.932
2751	-291.147
2752	-291.36
2753	-291.573
2754	-291.785
2755	-291.997
2756	-292.207
2757	-292.417
2758	-292.627
2759	-292.835
2760	-293.043
2761	-293.25
2762	-293.457
2763	-293.663
2764	-293.868
2765	-294.072
2766	-294.276
2767	-294.479
2768	-294.681
2769	-294.882
2770	-295.083
2771	-295.283
2772	-295.483
2773	-295.681
2774	-295.879
2775	-296.077
2776	-296.273
2777	-296.469
2778	-296.664
2779	-296.858
2780	-297.052
2781	-297.245
2782	-297.437
2783	-297.629
2784	-297.82
2785	-298.01
2786	-298.199
2787	-298.388
2788	-298.576
2789	-298.763
2790	-298.949
2791	-299.135
2792	-299.32
2793	-299.505
2794	-299.688
2795	-299.871
2796	-300.053
2797	-300.235
2798	-300.416
2799	-300.596
2800	-300.775
2801	-300.953
2802	-301.131
2803	-301.308
2804	-301.485
2805	-301.66
2806	-301.835
2807	-302.009
2808	-302.183
2809	-302.356
2810	-302.528
2811	-302.699
2812	-302.869
2813	-303.039
2814	-303.208
2815	-303.377
2816	-303.544
2817	-303.711
2818	-303.877
2819	-304.043
2820	-304.208
2821	-304.372
2822	-304.535
2823	-304.697
2824	-304.859
2825	-305.02
2826	-305.18
2827	-305.34
2828	-305.499
2829	-305.657
2830	-305.814
2831	-305.971
2832	-306.127
2833	-306.282
2834	-306.436
2835	-306.59
2836	-306.743
2837	-306.895
2838	-307.047
2839	-307.197
2840	-307.347
2841	-307.496
2842	-307.645
2843	-307.793
2844	-307.94
2845	-308.086
2846	-308.231
2847	-308.376
2848	-308.52
2849	-308.664
2850	-308.806
2851	-308.948
2852	-309.089
2853	-309.229
2854	-309.369
2855	-309.508
2856	-309.646
2857	-309.783
2858	-309.92
2859	-310.056
2860	-310.191
2861	-310.325
2862	-310.459
2863	-310.591
2864	-310.724
2865	-310.855
2866	-310.985
2867	-311.115
2868	-311.244
2869	-311.373
2870	-311.5
2871	-311.627
2872	-311.753
2873	-311.879
2874	-312.003
2875	-312.127
2876	-312.25
2877	-312.373
2878	-312.494
2879	-312.615
2880	-312.735
2881	-312.854
2882	-312.973
2883	-313.091
2884	-313.208
2885	-313.324
2886	-313.44
2887	-313.555
2888	-313.669
2889	-313.782
2890	-313.894
2891	-314.006
2892	-314.117
2893	-314.228
2894	-314.337
2895	-314.446
2896	-314.554
2897	-314.661
2898	-314.767
2899	-314.873
2900	-314.978
2901	-315.082
2902	-315.186
2903	-315.288
2904	-315.39
2905	-315.492
2906	-315.592
2907	-315.692
2908	-315.79
2909	-315.889
2910	-315.986
2911	-316.083
2912	-316.178
2913	-316.273
2914	-316.368
2915	-316.461
2916	-316.554
2917	-316.646
2918	-316.737
2919	-316.828
2920	-316.918
2921	-317.007
2922	-317.095
2923	-317.182
2924	-317.269
2925	-317.355
2926	-317.44
2927	-317.524
2928	-317.608
2929	-317.691
2930	-317.773
2931	-317.854
2932	-317.935
2933	-318.015
2934	-318.094
2935	-318.172
2936	-318.249
2937	-318.326
2938	-318.402
2939	-318.477
2940	-318.552
2941	-318.625
2942	-318.698
2943	-318.77
2944	-318.842
2945	-318.912
2946	-318.982
2947	-319.051
2948	-319.119
2949	-319.187
2950	-319.254
2951	-319.32
2952	-319.385
2953	-319.449
2954	-319.513
2955	-319.576
2956	-319.638
2957	-319.699
2958	-319.76
2959	-319.82
2960	-319.879
2961	-319.937
2962	-319.994
2963	-320.051
2964	-320.107
2965	-320.162
2966	-320.217
2967	-320.27
2968	-320.323
2969	-320.375
2970	-320.427
2971	-320.477
2972	-320.527
2973	-320.576
2974	-320.624
2975	-320.672
2976	-320.718
2977	-320.764
2978	-320.809
2979	-320.854
2980	-320.897
2981	-320.94
2982	-320.982
2983	-321.024
2984	-321.064
2985	-321.104
2986	-321.143
2987	-321.181
2988	-321.218
2989	-321.255
2990	-321.291
2991	-321.326
2992	-321.36
2993	-321.394
2994	-321.427
2995	-321.459
2996	-321.49
2997	-321.52
2998	-321.55
2999	-321.579
3000	-321.607
3001	-321.634
3002	-321.661
3003	-321.687
3004	-321.712
3005	-321.736
3006	-321.759
3007	-321.782
3008	-321.804
3009	-321.825
3010	-321.845
3011	-321.865
3012	-321.884
3013	-321.902
3014	-321.919
3015	-321.936
3016	-321.951
3017	-321.966
3018	-321.98
3019	-321.994
3020	-322.006
3021	-322.018
3022	-322.029
3023	-322.04
3024	-322.049
3025	-322.058
3026	-322.066
3027	-322.073
3028	-322.079
3029	-322.085
3030	-322.09
3031	-322.094
3032	-322.097
3033	-322.1
3034	-322.101
3035	-322.102
3036	-322.103
3037	-322.102
3038	-322.101
3039	-322.098
3040	-322.096
3041	-322.092
3042	-322.087
3043	-322.082
3044	-322.076
3045	-322.069
3046	-322.062
3047	-322.053
3048	-322.044
3049	-322.034
3050	-322.024
3051	-322.012
3052	-322
3053	-321.987
3054	-321.973
3055	-321.959
3056	-321.943
3057	-321.927
3058	-321.91
3059	-321.893
3060	-321.874
3061	-321.855
3062	-321.835
3063	-321.814
3064	-321.793
3065	-321.771
3066	-321.747
3067	-321.724
3068	-321.699
3069	-321.674
3070	-321.647
3071	-321.62
3072	-321.593
3073	-321.564
3074	-321.535
3075	-321.505
3076	-321.474
3077	-321.442
3078	-321.41
3079	-321.377
3080	-321.343
3081	-321.308
3082	-321.273
3083	-321.236
3084	-321.199
3085	-321.162
3086	-321.123
3087	-321.084
3088	-321.043
3089	-321.003
3090	-320.961
3091	-320.918
3092	-320.875
3093	-320.831
3094	-320.786
3095	-320.741
3096	-320.695
3097	-320.648
3098	-320.6
3099	-320.551
3100	-320.502
3101	-320.451
3102	-320.401
3103	-320.349
3104	-320.296
3105	-320.243
3106	-320.189
3107	-320.134
3108	-320.079
3109	-320.022
3110	-319.965
3111	-319.907
3112	-319.849
3113	-319.789
3114	-319.729
3115	-319.668
3116	-319.606
3117	-319.544
3118	-319.48
3119	-319.416
3120	-319.352
3121	-319.286
3122	-319.22
3123	-319.152
3124	-319.085
3125	-319.016
3126	-318.946
3127	-318.876
3128	-318.805
3129	-318.734
3130	-318.661
3131	-318.588
3132	-318.514
3133	-318.439
3134	-318.363
3135	-318.287
3136	-318.21
3137	-318.132
3138	-318.053
3139	-317.974
3140	-317.894
3141	-317.813
3142	-317.731
3143	-317.649
3144	-317.565
3145	-317.481
3146	-317.397
3147	-317.311
3148	-317.225
3149	-317.138
3150	-317.05
3151	-316.961
3152	-316.872
3153	-316.782
3154	-316.691
3155	-316.599
3156	-316.507
3157	-316.414
3158	-316.32
3159	-316.225
3160	-316.129
3161	-316.033
3162	-315.936
3163	-315.839
3164	-315.74
3165	-315.641
3166	-315.541
3167	-315.44
3168	-315.338
3169	-315.236
3170	-315.133
3171	-315.029
3172	-314.925
3173	-314.819
3174	-314.713
3175	-314.606
3176	-314.499
3177	-314.39
3178	-314.281
3179	-314.171
3180	-314.061
3181	-313.949
3182	-313.837
3183	-313.724
3184	-313.61
3185	-313.496
3186	-313.381
3187	-313.265
3188	-313.148
3189	-313.031
3190	-312.912
3191	-312.793
3192	-312.674
3193	-312.553
3194	-312.432
3195	-312.31
3196	-312.187
3197	-312.064
3198	-311.94
3199	-311.815
3200	-311.689
3201	-311.562
3202	-311.435
3203	-311.307
3204	-311.178
3205	-311.049
3206	-310.919
3207	-310.788
3208	-310.656
3209	-310.524
3210	-310.39
3211	-310.256
3212	-310.122
3213	-309.986
3214	-309.85
3215	-309.713
3216	-309.575
3217	-309.437
3218	-309.298
3219	-309.158
3220	-309.017
3221	-308.876
3222	-308.733
3223	-308.59
3224	-308.447
3225	-308.302
3226	-308.157
3227	-308.011
3228	-307.865
3229	-307.717
3230	-307.569
3231	-307.42
3232	-307.271
3233	-307.12
3234	-306.969
3235	-306.817
3236	-306.665
3237	-306.511
3238	-306.357
3239	-306.203
3240	-306.047
3241	-305.891
3242	-305.734
3243	-305.576
3244	-305.418
3245	-305.258
3246	-305.099
3247	-304.938
3248	-304.776
3249	-304.614
3250	-304.451
3251	-304.288
3252	-304.123
3253	-303.958
3254	-303.793
3255	-303.626
3256	-303.459
3257	-303.291
3258	-303.122
3259	-302.953
3260	-302.782
3261	-302.611
3262	-302.44
3263	-302.267
3264	-302.094
3265	-301.92
3266	-301.746
3267	-301.571
3268	-301.395
3269	-301.218
3270	-301.04
3271	-300.862
3272	-300.683
3273	-300.504
3274	-300.323
3275	-300.142
3276	-299.96
3277	-299.778
3278	-299.594
3279	-299.41
3280	-299.226
3281	-299.04
3282	-298.854
3283	-298.667
3284	-298.48
3285	-298.291
3286	-298.102
3287	-297.913
3288	-297.722
3289	-297.531
3290	-297.339
3291	-297.146
3292	-296.953
3293	-296.759
3294	-296.564
3295	-296.369
3296	-296.173
3297	-295.976
3298	-295.778
3299	-295.58
3300	-295.381
3301	-295.181
3302	-294.981
3303	-294.779
3304	-294.577
3305	-294.375
3306	-294.172
3307	-293.968
3308	-293.763
3309	-293.557
3310	-293.351
3311	-293.144
3312	-292.937
3313	-292.729
3314	-292.52
3315	-292.31
3316	-292.1
3317	-291.889
3318	-291.677
3319	-291.464
3320	-291.251
3321	-291.037
3322	-290.823
3323	-290.607
3324	-290.391
3325	-290.175
3326	-289.957
3327	-289.739
3328	-289.52
3329	-289.301
3330	-289.081
3331	-288.86
3332	-288.638
3333	-288.416
3334	-288.193
3335	-287.969
3336	-287.745
3337	-287.52
3338	-287.294
3339	-287.068
3340	-286.841
3341	-286.613
3342	-286.384
3343	-286.155
3344	-285.925
3345	-285.695
3346	-285.463
3347	-285.232
3348	-284.999
3349	-284.766
3350	-284.532
3351	-284.297
3352	-284.061
3353	-283.825
3354	-283.589
3355	-283.351
3356	-283.113
3357	-282.874
3358	-282.635
3359	-282.395
3360	-282.154
3361	-281.912
3362	-281.67
3363	-281.427
3364	-281.184
3365	-280.939
3366	-280.695
3367	-280.449
3368	-280.203
3369	-279.956
3370	-279.708
3371	-279.46
3372	-279.211
3373	-278.961
3374	-278.711
3375	-278.46
3376	-278.208
3377	-277.956
3378	-277.703
3379	-277.449
3380	-277.195
3381	-276.94
3382	-276.684
3383	-276.428
3384	-276.171
3385	-275.913
3386	-275.655
3387	-275.396
3388	-275.137
3389	-274.876
3390	-274.615
3391	-274.354
3392	-274.091
3393	-273.828
3394	-273.565
3395	-273.3
3396	-273.036
3397	-272.77
3398	-272.504
3399	-272.237
3400	-271.969
3401	-271.701
3402	-271.432
3403	-271.163
3404	-270.892
3405	-270.622
3406	-270.35
3407	-270.078
3408	-269.805
3409	-269.532
3410	-269.258
3411	-268.983
3412	-268.708
3413	-268.431
3414	-268.155
3415	-267.877
3416	-267.6
3417	-267.321
3418	-267.042
3419	-266.762
3420	-266.481
3421	-266.2
3422	-265.918
3423	-265.636
3424	-265.353
3425	-265.069
3426	-264.784
3427	-264.499
3428	-264.214
3429	-263.927
3430	-263.641
3431	-263.353
3432	-263.065
3433	-262.776
3434	-262.486
3435	-262.196
3436	-261.906
3437	-261.614
3438	-261.322
3439	-261.03
3440	-260.736
3441	-260.442
3442	-260.148
3443	-259.853
3444	-259.557
3445	-259.261
3446	-258.964
3447	-258.666
3448	-258.368
3449	-258.069
3450	-257.769
3451	-257.469
3452	-257.168
3453	-256.867
3454	-256.565
3455	-256.262
3456	-255.959
3457	-255.655
3458	-255.351
3459	-255.046
3460	-254.74
3461	-254.434
3462	-254.127
3463	-253.819
3464	-253.511
3465	-253.203
3466	-252.893
3467	-252.583
3468	-252.273
3469	-251.961
3470	-251.65
3471	-251.337
3472	-251.024
3473	-250.711
3474	-250.396
3475	-250.082
3476	-249.766
3477	-249.45
3478	-249.134
3479	-248.816
3480	-248.499
3481	-248.18
3482	-247.861
3483	-247.541
3484	-247.221
3485	-246.9
3486	-246.579
3487	-246.257
3488	-245.934
3489	-245.611
3490	-245.287
3491	-244.963
3492	-244.638
3493	-244.313
3494	-243.986
3495	-243.66
3496	-243.332
3497	-243.005
3498	-242.676
3499	-242.347
