0	0
1	0.5
2	0.999998
3	1.49999
4	1.99998
5	2.49995
6	2.99992
7	3.49987
8	3.9998
9	4.49971
10	4.9996
11	5.49947
12	5.99931
13	6.49912
14	6.9989
15	7.49865
16	7.99836
17	8.49803
18	8.99767
19	9.49725
20	9.9968
21	10.4963
22	10.9957
23	11.4951
24	11.9945
25	12.4937
26	12.993
27	13.4921
28	13.9912
29	14.4902
30	14.9892
31	15.4881
32	15.9869
33	16.4856
34	16.9842
35	17.4828
36	17.9813
37	18.4797
38	18.978
39	19.4762
40	19.9743
41	20.4723
42	20.9703
43	21.4681
44	21.9658
45	22.4634
46	22.9609
47	23.4583
48	23.9556
49	24.4528
50	24.9498
51	25.4468
52	25.9436
53	26.4403
54	26.9368
55	27.4333
56	27.9295
57	28.4257
58	28.9217
59	29.4176
60	29.9134
61	30.4089
62	30.9044
63	31.3997
64	31.8949
65	32.3898
66	32.8847
67	33.3794
68	33.8739
69	34.3682
70	34.8624
71	35.3565
72	35.8503
73	36.344
74	36.8375
75	37.3308
76	37.824
77	38.3169
78	38.8097
79	39.3023
80	39.7947
81	40.2869
82	40.779
83	41.2708
84	41.7624
85	42.2538
86	42.745
87	43.2361
88	43.7269
89	44.2175
90	44.7078
91	45.198
92	45.6879
93	46.1777
94	46.6672
95	47.1565
96	47.6455
97	48.1343
98	48.6229
99	49.1113
100	49.5994
101	50.0873
102	50.5749
103	51.0623
104	51.5495
105	52.0364
106	52.523
107	53.0094
108	53.4956
109	53.9814
110	54.4671
111	54.9524
112	55.4375
113	55.9223
114	56.4069
115	56.8912
116	57.3752
117	57.8589
118	58.3424
119	58.8256
120	59.3085
121	59.7911
122	60.2734
123	60.7554
124	61.2372
125	61.7186
126	62.1998
127	62.6806
128	63.1611
129	63.6414
130	64.1213
131	64.6009
132	65.0802
133	65.5592
134	66.0379
135	66.5163
136	66.9943
137	67.472
138	67.9494
139	68.4265
140	68.9032
141	69.3796
142	69.8557
143	70.3314
144	70.8068
145	71.2819
146	71.7566
147	72.231
148	72.705
149	73.1787
150	73.652
151	74.1249
152	74.5975
153	75.0698
154	75.5416
155	76.0132
156	76.4843
157	76.9551
158	77.4255
159	77.8955
160	78.3652
161	78.8345
162	79.3034
163	79.7719
164	80.24
165	80.7078
166	81.1752
167	81.6421
168	82.1087
169	82.5749
170	83.0407
171	83.5061
172	83.971
173	84.4356
174	84.8998
175	85.3635
176	85.8269
177	86.2898
178	86.7523
179	87.2144
180	87.6761
181	88.1374
182	88.5982
183	89.0586
184	89.5186
185	89.9781
186	90.4373
187	90.8959
188	91.3542
189	91.812
190	92.2693
191	92.7262
192	93.1827
193	93.6387
194	94.0943
195	94.5494
196	95.004
197	95.4582
198	95.912
199	96.3652
200	96.8181
201	97.2704
202	97.7223
203	98.1737
204	98.6246
205	99.0751
206	99.525
207	99.9745
208	100.424
209	100.872
210	101.32
211	101.768
212	102.215
213	102.661
214	103.107
215	103.553
216	103.998
217	104.443
218	104.887
219	105.33
220	105.773
221	106.216
222	106.658
223	107.1
224	107.541
225	107.981
226	108.421
227	108.86
228	109.299
229	109.738
230	110.176
231	110.613
232	111.05
233	111.486
234	111.922
235	112.357
236	112.792
237	113.226
238	113.659
239	114.092
240	114.525
241	114.957
242	115.388
243	115.819
244	116.249
245	116.679
246	117.108
247	117.537
248	117.965
249	118.392
250	118.819
251	119.245
252	119.671
253	120.096
254	120.521
255	120.944
256	121.368
257	121.791
258	122.213
259	122.635
260	123.056
261	123.476
262	123.896
263	124.315
264	124.734
265	125.152
266	125.569
267	125.986
268	126.402
269	126.818
270	127.233
271	127.647
272	128.061
273	128.474
274	128.887
275	129.299
276	129.71
277	130.121
278	130.531
279	130.94
280	131.349
281	131.757
282	132.165
283	132.572
284	132.978
285	133.384
286	133.789
287	134.193
288	134.597
289	135
290	135.402
291	135.804
292	136.205
293	136.605
294	137.005
295	137.404
296	137.802
297	138.2
298	138.597
299	138.994
300	139.389
301	139.785
302	140.179
303	140.573
304	140.966
305	141.358
306	141.75
307	142.141
308	142.531
309	142.921
310	143.31
311	143.698
312	144.086
313	144.473
314	144.859
315	145.244
316	145.629
317	146.013
318	146.397
319	146.779
320	147.161
321	147.542
322	147.923
323	148.303
324	148.682
325	149.06
326	149.438
327	149.815
328	150.191
329	150.567
330	150.942
331	151.316
332	151.689
333	152.062
334	152.434
335	152.805
336	153.175
337	153.545
338	153.914
339	154.282
340	154.649
341	155.016
342	155.382
343	155.747
344	156.112
345	156.475
346	156.838
347	157.2
348	157.562
349	157.923
350	158.282
351	158.642
352	159
353	159.358
354	159.714
355	160.071
356	160.426
357	160.78
358	161.134
359	161.487
360	161.839
361	162.191
362	162.541
363	162.891
364	163.24
365	163.589
366	163.936
367	164.283
368	164.629
369	164.974
370	165.318
371	165.662
372	166.004
373	166.346
374	166.688
375	167.028
376	167.367
377	167.706
378	168.044
379	168.381
380	168.717
381	169.053
382	169.388
383	169.721
384	170.054
385	170.387
386	170.718
387	171.049
388	171.378
389	171.707
390	172.035
391	172.363
392	172.689
393	173.015
394	173.339
395	173.663
396	173.986
397	174.309
398	174.63
399	174.951
400	175.27
401	175.589
402	175.907
403	176.224
404	176.541
405	176.856
406	177.171
407	177.485
408	177.798
409	178.11
410	178.421
411	178.731
412	179.041
413	179.349
414	179.657
415	179.964
416	180.27
417	180.575
418	180.879
419	181.183
420	181.485
421	181.787
422	182.088
423	182.388
424	182.687
425	182.985
426	183.282
427	183.579
428	183.874
429	184.169
430	184.462
431	184.755
432	185.047
433	185.338
434	185.628
435	185.918
436	186.206
437	186.494
438	186.78
439	187.066
440	187.351
441	187.635
442	187.917
443	188.2
444	188.481
445	188.761
446	189.04
447	189.319
448	189.596
449	189.873
450	190.149
451	190.423
452	190.697
453	190.97
454	191.242
455	191.513
456	191.783
457	192.053
458	192.321
459	192.588
460	192.855
461	193.12
462	193.385
463	193.649
464	193.911
465	194.173
466	194.434
467	194.694
468	194.953
469	195.211
470	195.468
471	195.724
472	195.98
473	196.234
474	196.487
475	196.74
476	196.991
477	197.242
478	197.491
479	197.74
480	197.987
481	198.234
482	198.48
483	198.725
484	198.968
485	199.211
486	199.453
487	199.694
488	199.934
489	200.173
490	200.411
491	200.648
492	200.884
493	201.119
494	201.354
495	201.587
496	201.819
497	202.05
498	202.281
499	202.51
500	202.738
501	202.966
502	203.192
503	203.417
504	203.642
505	203.865
506	204.088
507	204.309
508	204.53
509	204.749
510	204.968
511	205.185
512	205.402
513	205.617
514	205.832
515	206.045
516	206.258
517	206.47
518	206.68
519	206.89
520	207.098
521	207.306
522	207.512
523	207.718
524	207.923
525	208.126
526	208.329
527	208.53
528	208.731
529	208.931
530	209.129
531	209.327
532	209.523
533	209.719
534	209.913
535	210.107
536	210.299
537	210.491
538	210.681
539	210.871
540	211.059
541	211.247
542	211.433
543	211.618
544	211.803
545	211.986
546	212.169
547	212.35
548	212.53
549	212.709
550	212.888
551	213.065
552	213.241
553	213.416
554	213.59
555	213.763
556	213.935
557	214.107
558	214.277
559	214.445
560	214.613
561	214.78
562	214.946
563	215.111
564	215.275
565	215.438
566	215.599
567	215.76
568	215.92
569	216.078
570	216.236
571	216.392
572	216.548
573	216.702
574	216.856
575	217.008
576	217.159
577	217.309
578	217.459
579	217.607
580	217.754
581	217.9
582	218.045
583	218.189
584	218.332
585	218.474
586	218.615
587	218.754
588	218.893
589	219.031
590	219.167
591	219.303
592	219.437
593	219.571
594	219.703
595	219.834
596	219.964
597	220.094
598	220.222
599	220.349
600	220.475
601	220.6
602	220.724
603	220.846
604	220.968
605	221.089
606	221.208
607	221.327
608	221.444
609	221.561
610	221.676
611	221.79
612	221.904
613	222.016
614	222.127
615	222.237
616	222.346
617	222.454
618	222.56
619	222.666
620	222.771
621	222.874
622	222.977
623	223.078
624	223.178
625	223.278
626	223.376
627	223.473
628	223.569
629	223.664
630	223.758
631	223.851
632	223.942
633	224.033
634	224.122
635	224.211
636	224.298
637	224.385
638	224.47
639	224.554
640	224.637
641	224.719
642	224.8
643	224.88
644	224.959
645	225.036
646	225.113
647	225.188
648	225.263
649	225.336
650	225.408
651	225.479
652	225.549
653	225.618
654	225.686
655	225.753
656	225.819
657	225.883
658	225.947
659	226.009
660	226.071
661	226.131
662	226.19
663	226.248
664	226.305
665	226.361
666	226.416
667	226.47
668	226.522
669	226.574
670	226.624
671	226.674
672	226.722
673	226.769
674	226.815
675	226.86
676	226.904
677	226.947
678	226.988
679	227.029
680	227.068
681	227.107
682	227.144
683	227.18
684	227.216
685	227.25
686	227.283
687	227.314
688	227.345
689	227.375
690	227.403
691	227.431
692	227.457
693	227.482
694	227.507
695	227.53
696	227.552
697	227.573
698	227.592
699	227.611
700	227.629
701	227.645
702	227.661
703	227.675
704	227.688
705	227.7
706	227.711
707	227.721
708	227.73
709	227.738
710	227.744
711	227.75
712	227.754
713	227.758
714	227.76
715	227.761
716	227.761
717	227.76
718	227.758
719	227.754
720	227.75
721	227.745
722	227.738
723	227.73
724	227.722
725	227.712
726	227.701
727	227.689
728	227.676
729	227.661
730	227.646
731	227.63
732	227.612
733	227.594
734	227.574
735	227.553
736	227.531
737	227.508
738	227.484
739	227.459
740	227.433
741	227.405
742	227.377
743	227.347
744	227.316
745	227.285
746	227.252
747	227.218
748	227.183
749	227.147
750	227.109
751	227.071
752	227.032
753	226.991
754	226.949
755	226.907
756	226.863
757	226.818
758	226.772
759	226.725
760	226.677
761	226.627
762	226.577
763	226.526
764	226.473
765	226.419
766	226.365
767	226.309
768	226.252
769	226.194
770	226.135
771	226.075
772	226.013
773	225.951
774	225.887
775	225.823
776	225.757
777	225.691
778	225.623
779	225.554
780	225.484
781	225.413
782	225.341
783	225.267
784	225.193
785	225.118
786	225.041
787	224.964
788	224.885
789	224.805
790	224.724
791	224.642
792	224.559
793	224.475
794	224.39
795	224.304
796	224.217
797	224.128
798	224.039
799	223.948
800	223.856
801	223.764
802	223.67
803	223.575
804	223.479
805	223.382
806	223.284
807	223.185
808	223.084
809	222.983
810	222.881
811	222.777
812	222.673
813	222.567
814	222.46
815	222.353
816	222.244
817	222.134
818	222.023
819	221.911
820	221.798
821	221.683
822	221.568
823	221.452
824	221.334
825	221.216
826	221.096
827	220.976
828	220.854
829	220.731
830	220.608
831	220.483
832	220.357
833	220.23
834	220.102
835	219.973
836	219.843
837	219.711
838	219.579
839	219.446
840	219.311
841	219.176
842	219.039
843	218.902
844	218.763
845	218.623
846	218.483
847	218.341
848	218.198
849	218.054
850	217.909
851	217.763
852	217.616
853	217.468
854	217.319
855	217.169
856	217.018
857	216.865
858	216.712
859	216.558
860	216.402
861	216.246
862	216.088
863	215.93
864	215.77
865	215.61
866	215.448
867	215.285
868	215.121
869	214.957
870	214.791
871	214.624
872	214.456
873	214.287
874	214.117
875	213.946
876	213.774
877	213.601
878	213.427
879	213.252
880	213.076
881	212.899
882	212.721
883	212.542
884	212.361
885	212.18
886	211.998
887	211.815
888	211.63
889	211.445
890	211.259
891	211.071
892	210.883
893	210.693
894	210.503
895	210.312
896	210.119
897	209.926
898	209.731
899	209.536
900	209.339
901	209.142
902	208.943
903	208.744
904	208.543
905	208.342
906	208.139
907	207.936
908	207.731
909	207.526
910	207.319
911	207.112
912	206.903
913	206.693
914	206.483
915	206.271
916	206.059
917	205.845
918	205.631
919	205.415
920	205.199
921	204.981
922	204.763
923	204.544
924	204.323
925	204.102
926	203.879
927	203.656
928	203.432
929	203.206
930	202.98
931	202.753
932	202.524
933	202.295
934	202.065
935	201.834
936	201.602
937	201.368
938	201.134
939	200.899
940	200.663
941	200.426
942	200.188
943	199.949
944	199.709
945	199.468
946	199.227
947	198.984
948	198.74
949	198.495
950	198.25
951	198.003
952	197.755
953	197.507
954	197.257
955	197.007
956	196.756
957	196.503
958	196.25
959	195.996
960	195.741
961	195.484
962	195.227
963	194.969
964	194.71
965	194.451
966	194.19
967	193.928
968	193.665
969	193.402
970	193.137
971	192.872
972	192.605
973	192.338
974	192.07
975	191.801
976	191.53
977	191.259
978	190.987
979	190.715
980	190.441
981	190.166
982	189.89
983	189.614
984	189.336
985	189.058
986	188.779
987	188.499
988	188.217
989	187.935
990	187.653
991	187.369
992	187.084
993	186.798
994	186.512
995	186.224
996	185.936
997	185.647
998	185.357
999	185.066
1000	184.774
1001	184.481
1002	184.187
1003	183.893
1004	183.597
1005	183.301
1006	183.004
1007	182.706
1008	182.407
1009	182.107
1010	181.806
1011	181.505
1012	181.202
1013	180.899
1014	180.594
1015	180.289
1016	179.983
1017	179.677
1018	179.369
1019	179.06
1020	178.751
1021	178.441
1022	178.129
1023	177.817
1024	177.505
1025	177.191
1026	176.876
1027	176.561
1028	176.245
1029	175.927
1030	175.609
1031	175.291
1032	174.971
1033	174.65
1034	174.329
1035	174.007
1036	173.684
1037	173.36
1038	173.035
1039	172.71
1040	172.383
1041	172.056
1042	171.728
1043	171.399
1044	171.07
1045	170.739
1046	170.408
1047	170.076
1048	169.743
1049	169.409
1050	169.074
1051	168.739
1052	168.402
1053	168.065
1054	167.728
1055	167.389
1056	167.049
1057	166.709
1058	166.368
1059	166.026
1060	165.684
1061	165.34
1062	164.996
1063	164.651
1064	164.305
1065	163.958
1066	163.611
1067	163.262
1068	162.913
1069	162.564
1070	162.213
1071	161.862
1072	161.51
1073	161.157
1074	160.803
1075	160.448
1076	160.093
1077	159.737
1078	159.38
1079	159.023
1080	158.664
1081	158.305
1082	157.945
1083	157.585
1084	157.223
1085	156.861
1086	156.498
1087	156.135
1088	155.77
1089	155.405
1090	155.039
1091	154.673
1092	154.305
1093	153.937
1094	153.568
1095	153.199
1096	152.828
1097	152.457
1098	152.085
1099	151.713
1100	151.339
1101	150.965
1102	150.591
1103	150.215
1104	149.839
1105	149.462
1106	149.084
1107	148.706
1108	148.327
1109	147.947
1110	147.567
1111	147.185
1112	146.804
1113	146.421
1114	146.038
1115	145.654
1116	145.269
1117	144.883
1118	144.497
1119	144.11
1120	143.723
1121	143.335
1122	142.946
1123	142.556
1124	142.166
1125	141.775
1126	141.383
1127	140.991
1128	140.598
1129	140.204
1130	139.81
1131	139.415
1132	139.019
1133	138.622
1134	138.225
1135	137.828
1136	137.429
1137	137.03
1138	136.631
1139	136.23
1140	135.829
1141	135.427
1142	135.025
1143	134.622
1144	134.219
1145	133.814
1146	133.409
1147	133.004
1148	132.598
1149	132.191
1150	131.783
1151	131.375
1152	130.966
1153	130.557
1154	130.147
1155	129.736
1156	129.325
1157	128.913
1158	128.501
1159	128.087
1160	127.674
1161	127.259
1162	126.844
1163	126.429
1164	126.013
1165	125.596
1166	125.178
1167	124.76
1168	124.342
1169	123.923
1170	123.503
1171	123.082
1172	122.661
1173	122.24
1174	121.818
1175	121.395
1176	120.971
1177	120.547
1178	120.123
1179	119.698
1180	119.272
1181	118.846
1182	118.419
1183	117.992
1184	117.564
1185	117.135
1186	116.706
1187	116.276
1188	115.846
1189	115.416
1190	114.984
1191	114.552
1192	114.12
1193	113.687
1194	113.253
1195	112.819
1196	112.385
1197	111.949
1198	111.514
1199	111.078
1200	110.641
1201	110.203
1202	109.766
1203	109.327
1204	108.888
1205	108.449
1206	108.009
1207	107.569
1208	107.128
1209	106.686
1210	106.244
1211	105.802
1212	105.358
1213	104.915
1214	104.471
1215	104.026
1216	103.581
1217	103.136
1218	102.69
1219	102.243
1220	101.796
1221	101.349
1222	100.901
1223	100.452
1224	100.003
1225	99.5536
1226	99.1037
1227	98.6532
1228	98.2023
1229	97.751
1230	97.2991
1231	96.8468
1232	96.394
1233	95.9408
1234	95.4871
1235	95.0329
1236	94.5783
1237	94.1232
1238	93.6677
1239	93.2117
1240	92.7553
1241	92.2984
1242	91.841
1243	91.3833
1244	90.9251
1245	90.4664
1246	90.0073
1247	89.5478
1248	89.0879
1249	88.6275
1250	88.1667
1251	87.7054
1252	87.2438
1253	86.7817
1254	86.3192
1255	85.8563
1256	85.393
1257	84.9293
1258	84.4651
1259	84.0006
1260	83.5356
1261	83.0703
1262	82.6045
1263	82.1383
1264	81.6718
1265	81.2049
1266	80.7375
1267	80.2698
1268	79.8017
1269	79.3332
1270	78.8643
1271	78.395
1272	77.9254
1273	77.4554
1274	76.985
1275	76.5142
1276	76.0431
1277	75.5716
1278	75.0998
1279	74.6276
1280	74.155
1281	73.682
1282	73.2087
1283	72.7351
1284	72.2611
1285	71.7868
1286	71.3121
1287	70.837
1288	70.3617
1289	69.886
1290	69.4099
1291	68.9335
1292	68.4568
1293	67.9798
1294	67.5024
1295	67.0247
1296	66.5467
1297	66.0683
1298	65.5897
1299	65.1107
1300	64.6314
1301	64.1518
1302	63.6719
1303	63.1917
1304	62.7112
1305	62.2303
1306	61.7492
1307	61.2678
1308	60.7861
1309	60.304
1310	59.8217
1311	59.3392
1312	58.8563
1313	58.3731
1314	57.8897
1315	57.406
1316	56.922
1317	56.4377
1318	55.9532
1319	55.4683
1320	54.9833
1321	54.4979
1322	54.0123
1323	53.5264
1324	53.0403
1325	52.5539
1326	52.0673
1327	51.5804
1328	51.0933
1329	50.6059
1330	50.1183
1331	49.6304
1332	49.1423
1333	48.654
1334	48.1654
1335	47.6766
1336	47.1875
1337	46.6983
1338	46.2088
1339	45.7191
1340	45.2291
1341	44.739
1342	44.2486
1343	43.7581
1344	43.2673
1345	42.7763
1346	42.2851
1347	41.7936
1348	41.302
1349	40.8102
1350	40.3182
1351	39.826
1352	39.3336
1353	38.841
1354	38.3483
1355	37.8553
1356	37.3622
1357	36.8689
1358	36.3754
1359	35.8817
1360	35.3879
1361	34.8938
1362	34.3997
1363	33.9053
1364	33.4108
1365	32.9161
1366	32.4213
1367	31.9263
1368	31.4312
1369	30.9359
1370	30.4404
1371	29.9449
1372	29.4491
1373	28.9533
1374	28.4572
1375	27.9611
1376	27.4648
1377	26.9684
1378	26.4718
1379	25.9752
1380	25.4784
1381	24.9814
1382	24.4844
1383	23.9872
1384	23.49
1385	22.9926
1386	22.4951
1387	21.9975
1388	21.4997
1389	21.0019
1390	20.504
1391	20.006
1392	19.5079
1393	19.0097
1394	18.5114
1395	18.013
1396	17.5145
1397	17.0159
1398	16.5173
1399	16.0186
1400	15.5198
1401	15.0209
1402	14.5219
1403	14.0229
1404	13.5238
1405	13.0247
1406	12.5255
1407	12.0262
1408	11.5269
1409	11.0275
1410	10.528
1411	10.0285
1412	9.52901
1413	9.02942
1414	8.52979
1415	8.03012
1416	7.53041
1417	7.03067
1418	6.53089
1419	6.03108
1420	5.53124
1421	5.03137
1422	4.53148
1423	4.03157
1424	3.53164
1425	3.03169
1426	2.53173
1427	2.03175
1428	1.53177
1429	1.03178
1430	0.53178
1431	0.0317801
1432	-0.46822
1433	-0.968218
1434	-1.46821
1435	-1.9682
1436	-2.46817
1437	-2.96814
1438	-3.46809
1439	-3.96802
1440	-4.46794
1441	-4.96783
1442	-5.4677
1443	-5.96754
1444	-6.46736
1445	-6.96714
1446	-7.46689
1447	-7.9666
1448	-8.46628
1449	-8.96591
1450	-9.4655
1451	-9.96505
1452	-10.4645
1453	-10.964
1454	-11.4634
1455	-11.9627
1456	-12.462
1457	-12.9612
1458	-13.4604
1459	-13.9595
1460	-14.4585
1461	-14.9575
1462	-15.4563
1463	-15.9552
1464	-16.4539
1465	-16.9525
1466	-17.4511
1467	-17.9496
1468	-18.448
1469	-18.9463
1470	-19.4445
1471	-19.9427
1472	-20.4407
1473	-20.9386
1474	-21.4365
1475	-21.9342
1476	-22.4318
1477	-22.9293
1478	-23.4267
1479	-23.924
1480	-24.4212
1481	-24.9183
1482	-25.4152
1483	-25.912
1484	-26.4087
1485	-26.9053
1486	-27.4017
1487	-27.898
1488	-28.3942
1489	-28.8902
1490	-29.3861
1491	-29.8818
1492	-30.3775
1493	-30.8729
1494	-31.3682
1495	-31.8634
1496	-32.3584
1497	-32.8532
1498	-33.3479
1499	-33.8425
1500	-34.3368
1501	-34.831
1502	-35.3251
1503	-35.8189
1504	-36.3126
1505	-36.8061
1506	-37.2995
1507	-37.7926
1508	-38.2856
1509	-38.7784
1510	-39.271
1511	-39.7634
1512	-40.2557
1513	-40.7477
1514	-41.2395
1515	-41.7312
1516	-42.2226
1517	-42.7138
1518	-43.2049
1519	-43.6957
1520	-44.1863
1521	-44.6767
1522	-45.1669
1523	-45.6568
1524	-46.1466
1525	-46.6361
1526	-47.1254
1527	-47.6144
1528	-48.1033
1529	-48.5919
1530	-49.0802
1531	-49.5684
1532	-50.0563
1533	-50.5439
1534	-51.0313
1535	-51.5185
1536	-52.0054
1537	-52.4921
1538	-52.9785
1539	-53.4647
1540	-53.9506
1541	-54.4362
1542	-54.9216
1543	-55.4067
1544	-55.8915
1545	-56.3761
1546	-56.8604
1547	-57.3445
1548	-57.8282
1549	-58.3117
1550	-58.7949
1551	-59.2778
1552	-59.7604
1553	-60.2428
1554	-60.7248
1555	-61.2066
1556	-61.688
1557	-62.1692
1558	-62.65
1559	-63.1306
1560	-63.6109
1561	-64.0908
1562	-64.5705
1563	-65.0498
1564	-65.5288
1565	-66.0075
1566	-66.4859
1567	-66.9639
1568	-67.4417
1569	-67.9191
1570	-68.3962
1571	-68.8729
1572	-69.3494
1573	-69.8255
1574	-70.3012
1575	-70.7766
1576	-71.2517
1577	-71.7264
1578	-72.2008
1579	-72.6749
1580	-73.1486
1581	-73.6219
1582	-74.0949
1583	-74.5675
1584	-75.0398
1585	-75.5117
1586	-75.9832
1587	-76.4544
1588	-76.9252
1589	-77.3956
1590	-77.8657
1591	-78.3354
1592	-78.8047
1593	-79.2736
1594	-79.7421
1595	-80.2103
1596	-80.6781
1597	-81.1455
1598	-81.6125
1599	-82.0791
1600	-82.5453
1601	-83.0111
1602	-83.4765
1603	-83.9415
1604	-84.4061
1605	-84.8703
1606	-85.3341
1607	-85.7974
1608	-86.2604
1609	-86.723
1610	-87.1851
1611	-87.6468
1612	-88.1081
1613	-88.5689
1614	-89.0294
1615	-89.4894
1616	-89.9489
1617	-90.4081
1618	-90.8668
1619	-91.3251
1620	-91.7829
1621	-92.2403
1622	-92.6972
1623	-93.1537
1624	-93.6097
1625	-94.0653
1626	-94.5205
1627	-94.9752
1628	-95.4294
1629	-95.8831
1630	-96.3364
1631	-96.7893
1632	-97.2417
1633	-97.6936
1634	-98.145
1635	-98.596
1636	-99.0464
1637	-99.4964
1638	-99.946
1639	-100.395
1640	-100.844
1641	-101.292
1642	-101.739
1643	-102.186
1644	-102.633
1645	-103.079
1646	-103.525
1647	-103.97
1648	-104.414
1649	-104.859
1650	-105.302
1651	-105.745
1652	-106.188
1653	-106.63
1654	-107.071
1655	-107.513
1656	-107.953
1657	-108.393
1658	-108.833
1659	-109.271
1660	-109.71
1661	-110.148
1662	-110.585
1663	-111.022
1664	-111.458
1665	-111.894
1666	-112.329
1667	-112.764
1668	-113.198
1669	-113.632
1670	-114.065
1671	-114.497
1672	-114.929
1673	-115.361
1674	-115.792
1675	-116.222
1676	-116.652
1677	-117.081
1678	-117.509
1679	-117.937
1680	-118.365
1681	-118.792
1682	-119.218
1683	-119.644
1684	-120.069
1685	-120.494
1686	-120.918
1687	-121.341
1688	-121.764
1689	-122.186
1690	-122.608
1691	-123.029
1692	-123.449
1693	-123.869
1694	-124.288
1695	-124.707
1696	-125.125
1697	-125.543
1698	-125.96
1699	-126.376
1700	-126.792
1701	-127.207
1702	-127.621
1703	-128.035
1704	-128.448
1705	-128.861
1706	-129.273
1707	-129.684
1708	-130.095
1709	-130.505
1710	-130.914
1711	-131.323
1712	-131.731
1713	-132.139
1714	-132.546
1715	-132.952
1716	-133.358
1717	-133.763
1718	-134.167
1719	-134.571
1720	-134.974
1721	-135.376
1722	-135.778
1723	-136.179
1724	-136.58
1725	-136.979
1726	-137.379
1727	-137.777
1728	-138.175
1729	-138.572
1730	-138.969
1731	-139.364
1732	-139.759
1733	-140.154
1734	-140.548
1735	-140.941
1736	-141.333
1737	-141.725
1738	-142.116
1739	-142.506
1740	-142.896
1741	-143.285
1742	-143.673
1743	-144.061
1744	-144.448
1745	-144.834
1746	-145.22
1747	-145.605
1748	-145.989
1749	-146.372
1750	-146.755
1751	-147.137
1752	-147.518
1753	-147.899
1754	-148.279
1755	-148.658
1756	-149.036
1757	-149.414
1758	-149.791
1759	-150.167
1760	-150.543
1761	-150.918
1762	-151.292
1763	-151.665
1764	-152.038
1765	-152.41
1766	-152.781
1767	-153.152
1768	-153.521
1769	-153.89
1770	-154.258
1771	-154.626
1772	-154.993
1773	-155.359
1774	-155.724
1775	-156.088
1776	-156.452
1777	-156.815
1778	-157.177
1779	-157.539
1780	-157.9
1781	-158.26
1782	-158.619
1783	-158.977
1784	-159.335
1785	-159.692
1786	-160.048
1787	-160.403
1788	-160.758
1789	-161.112
1790	-161.465
1791	-161.817
1792	-162.168
1793	-162.519
1794	-162.869
1795	-163.218
1796	-163.566
1797	-163.914
1798	-164.261
1799	-164.607
1800	-164.952
1801	-165.296
1802	-165.64
1803	-165.983
1804	-166.325
1805	-166.666
1806	-167.006
1807	-167.346
1808	-167.685
1809	-168.023
1810	-168.36
1811	-168.696
1812	-169.032
1813	-169.366
1814	-169.7
1815	-170.033
1816	-170.366
1817	-170.697
1818	-171.028
1819	-171.357
1820	-171.686
1821	-172.014
1822	-172.342
1823	-172.668
1824	-172.994
1825	-173.319
1826	-173.643
1827	-173.966
1828	-174.288
1829	-174.61
1830	-174.93
1831	-175.25
1832	-175.569
1833	-175.887
1834	-176.204
1835	-176.521
1836	-176.836
1837	-177.151
1838	-177.465
1839	-177.778
1840	-178.09
1841	-178.401
1842	-178.711
1843	-179.021
1844	-179.33
1845	-179.637
1846	-179.944
1847	-180.251
1848	-180.556
1849	-180.86
1850	-181.164
1851	-181.466
1852	-181.768
1853	-182.069
1854	-182.369
1855	-182.668
1856	-182.966
1857	-183.263
1858	-183.56
1859	-183.855
1860	-184.15
1861	-184.444
1862	-184.737
1863	-185.029
1864	-185.32
1865	-185.61
1866	-185.899
1867	-186.188
1868	-186.475
1869	-186.762
1870	-187.048
1871	-187.333
1872	-187.617
1873	-187.9
1874	-188.182
1875	-188.463
1876	-188.743
1877	-189.023
1878	-189.301
1879	-189.579
1880	-189.855
1881	-190.131
1882	-190.406
1883	-190.68
1884	-190.953
1885	-191.225
1886	-191.496
1887	-191.766
1888	-192.036
1889	-192.304
1890	-192.571
1891	-192.838
1892	-193.104
1893	-193.368
1894	-193.632
1895	-193.895
1896	-194.157
1897	-194.418
1898	-194.678
1899	-194.937
1900	-195.195
1901	-195.452
1902	-195.708
1903	-195.963
1904	-196.218
1905	-196.471
1906	-196.724
1907	-196.975
1908	-197.226
1909	-197.475
1910	-197.724
1911	-197.972
1912	-198.218
1913	-198.464
1914	-198.709
1915	-198.953
1916	-199.196
1917	-199.438
1918	-199.679
1919	-199.919
1920	-200.158
1921	-200.396
1922	-200.633
1923	-200.869
1924	-201.104
1925	-201.339
1926	-201.572
1927	-201.804
1928	-202.036
1929	-202.266
1930	-202.495
1931	-202.724
1932	-202.951
1933	-203.178
1934	-203.403
1935	-203.628
1936	-203.851
1937	-204.074
1938	-204.295
1939	-204.516
1940	-204.735
1941	-204.954
1942	-205.171
1943	-205.388
1944	-205.604
1945	-205.818
1946	-206.032
1947	-206.244
1948	-206.456
1949	-206.667
1950	-206.876
1951	-207.085
1952	-207.293
1953	-207.499
1954	-207.705
1955	-207.91
1956	-208.113
1957	-208.316
1958	-208.518
1959	-208.718
1960	-208.918
1961	-209.117
1962	-209.314
1963	-209.511
1964	-209.706
1965	-209.901
1966	-210.095
1967	-210.287
1968	-210.479
1969	-210.669
1970	-210.859
1971	-211.047
1972	-211.235
1973	-211.421
1974	-211.607
1975	-211.791
1976	-211.975
1977	-212.157
1978	-212.338
1979	-212.519
1980	-212.698
1981	-212.876
1982	-213.054
1983	-213.23
1984	-213.405
1985	-213.579
1986	-213.752
1987	-213.925
1988	-214.096
1989	-214.266
1990	-214.435
1991	-214.603
1992	-214.77
1993	-214.936
1994	-215.101
1995	-215.264
1996	-215.427
1997	-215.589
1998	-215.75
1999	-215.91
2000	-216.068
2001	-216.226
2002	-216.382
2003	-216.538
2004	-216.692
2005	-216.846
2006	-216.998
2007	-217.15
2008	-217.3
2009	-217.449
2010	-217.597
2011	-217.745
2012	-217.891
2013	-218.036
2014	-218.18
2015	-218.323
2016	-218.465
2017	-218.606
2018	-218.745
2019	-218.884
2020	-219.022
2021	-219.159
2022	-219.294
2023	-219.429
2024	-219.562
2025	-219.695
2026	-219.826
2027	-219.956
2028	-220.085
2029	-220.214
2030	-220.341
2031	-220.467
2032	-220.592
2033	-220.716
2034	-220.839
2035	-220.96
2036	-221.081
2037	-221.201
2038	-221.319
2039	-221.437
2040	-221.553
2041	-221.669
2042	-221.783
2043	-221.896
2044	-222.009
2045	-222.12
2046	-222.23
2047	-222.339
2048	-222.447
2049	-222.554
2050	-222.659
2051	-222.764
2052	-222.868
2053	-222.97
2054	-223.072
2055	-223.172
2056	-223.271
2057	-223.37
2058	-223.467
2059	-223.563
2060	-223.658
2061	-223.752
2062	-223.845
2063	-223.937
2064	-224.027
2065	-224.117
2066	-224.205
2067	-224.293
2068	-224.379
2069	-224.465
2070	-224.549
2071	-224.632
2072	-224.714
2073	-224.795
2074	-224.875
2075	-224.954
2076	-225.031
2077	-225.108
2078	-225.184
2079	-225.258
2080	-225.331
2081	-225.404
2082	-225.475
2083	-225.545
2084	-225.614
2085	-225.682
2086	-225.749
2087	-225.815
2088	-225.879
2089	-225.943
2090	-226.005
2091	-226.067
2092	-226.127
2093	-226.186
2094	-226.245
2095	-226.302
2096	-226.358
2097	-226.412
2098	-226.466
2099	-226.519
2100	-226.571
2101	-226.621
2102	-226.67
2103	-226.719
2104	-226.766
2105	-226.812
2106	-226.857
2107	-226.901
2108	-226.944
2109	-226.986
2110	-227.026
2111	-227.066
2112	-227.104
2113	-227.142
2114	-227.178
2115	-227.213
2116	-227.247
2117	-227.28
2118	-227.312
2119	-227.343
2120	-227.373
2121	-227.402
2122	-227.429
2123	-227.456
2124	-227.481
2125	-227.505
2126	-227.528
2127	-227.55
2128	-227.571
2129	-227.591
2130	-227.61
2131	-227.628
2132	-227.644
2133	-227.66
2134	-227.674
2135	-227.687
2136	-227.699
2137	-227.71
2138	-227.72
2139	-227.729
2140	-227.737
2141	-227.744
2142	-227.749
2143	-227.754
2144	-227.757
2145	-227.76
2146	-227.761
2147	-227.761
2148	-227.76
2149	-227.758
2150	-227.755
2151	-227.75
2152	-227.745
2153	-227.739
2154	-227.731
2155	-227.722
2156	-227.712
2157	-227.702
2158	-227.69
2159	-227.677
2160	-227.662
2161	-227.647
2162	-227.631
2163	-227.613
2164	-227.595
2165	-227.575
2166	-227.554
2167	-227.533
2168	-227.51
2169	-227.486
2170	-227.46
2171	-227.434
2172	-227.407
2173	-227.378
2174	-227.349
2175	-227.318
2176	-227.287
2177	-227.254
2178	-227.22
2179	-227.185
2180	-227.149
2181	-227.112
2182	-227.073
2183	-227.034
2184	-226.994
2185	-226.952
2186	-226.909
2187	-226.866
2188	-226.821
2189	-226.775
2190	-226.728
2191	-226.68
2192	-226.631
2193	-226.58
2194	-226.529
2195	-226.476
2196	-226.423
2197	-226.368
2198	-226.312
2199	-226.255
2200	-226.198
2201	-226.139
2202	-226.078
2203	-226.017
2204	-225.955
2205	-225.891
2206	-225.827
2207	-225.761
2208	-225.695
2209	-225.627
2210	-225.558
2211	-225.488
2212	-225.417
2213	-225.345
2214	-225.272
2215	-225.198
2216	-225.122
2217	-225.046
2218	-224.969
2219	-224.89
2220	-224.81
2221	-224.729
2222	-224.648
2223	-224.565
2224	-224.481
2225	-224.396
2226	-224.309
2227	-224.222
2228	-224.134
2229	-224.044
2230	-223.954
2231	-223.862
2232	-223.77
2233	-223.676
2234	-223.581
2235	-223.485
2236	-223.388
2237	-223.29
2238	-223.191
2239	-223.091
2240	-222.99
2241	-222.887
2242	-222.784
2243	-222.679
2244	-222.574
2245	-222.467
2246	-222.359
2247	-222.251
2248	-222.141
2249	-222.03
2250	-221.918
2251	-221.805
2252	-221.691
2253	-221.575
2254	-221.459
2255	-221.342
2256	-221.223
2257	-221.104
2258	-220.983
2259	-220.862
2260	-220.739
2261	-220.615
2262	-220.491
2263	-220.365
2264	-220.238
2265	-220.11
2266	-219.981
2267	-219.851
2268	-219.72
2269	-219.587
2270	-219.454
2271	-219.32
2272	-219.184
2273	-219.048
2274	-218.91
2275	-218.772
2276	-218.632
2277	-218.492
2278	-218.35
2279	-218.207
2280	-218.063
2281	-217.918
2282	-217.773
2283	-217.626
2284	-217.478
2285	-217.329
2286	-217.178
2287	-217.027
2288	-216.875
2289	-216.722
2290	-216.567
2291	-216.412
2292	-216.256
2293	-216.098
2294	-215.94
2295	-215.78
2296	-215.62
2297	-215.458
2298	-215.296
2299	-215.132
2300	-214.967
2301	-214.801
2302	-214.635
2303	-214.467
2304	-214.298
2305	-214.128
2306	-213.957
2307	-213.785
2308	-213.612
2309	-213.438
2310	-213.263
2311	-213.087
2312	-212.91
2313	-212.732
2314	-212.553
2315	-212.373
2316	-212.192
2317	-212.009
2318	-211.826
2319	-211.642
2320	-211.457
2321	-211.27
2322	-211.083
2323	-210.895
2324	-210.705
2325	-210.515
2326	-210.324
2327	-210.131
2328	-209.938
2329	-209.744
2330	-209.548
2331	-209.352
2332	-209.154
2333	-208.956
2334	-208.756
2335	-208.556
2336	-208.355
2337	-208.152
2338	-207.949
2339	-207.744
2340	-207.539
2341	-207.332
2342	-207.125
2343	-206.916
2344	-206.707
2345	-206.496
2346	-206.285
2347	-206.072
2348	-205.859
2349	-205.645
2350	-205.429
2351	-205.213
2352	-204.995
2353	-204.777
2354	-204.558
2355	-204.337
2356	-204.116
2357	-203.894
2358	-203.67
2359	-203.446
2360	-203.221
2361	-202.994
2362	-202.767
2363	-202.539
2364	-202.31
2365	-202.08
2366	-201.848
2367	-201.616
2368	-201.383
2369	-201.149
2370	-200.914
2371	-200.678
2372	-200.441
2373	-200.203
2374	-199.964
2375	-199.725
2376	-199.484
2377	-199.242
2378	-198.999
2379	-198.756
2380	-198.511
2381	-198.265
2382	-198.019
2383	-197.771
2384	-197.523
2385	-197.273
2386	-197.023
2387	-196.772
2388	-196.519
2389	-196.266
2390	-196.012
2391	-195.757
2392	-195.501
2393	-195.244
2394	-194.986
2395	-194.727
2396	-194.467
2397	-194.206
2398	-193.945
2399	-193.682
2400	-193.419
2401	-193.154
2402	-192.889
2403	-192.622
2404	-192.355
2405	-192.087
2406	-191.818
2407	-191.548
2408	-191.277
2409	-191.005
2410	-190.732
2411	-190.458
2412	-190.184
2413	-189.908
2414	-189.631
2415	-189.354
2416	-189.076
2417	-188.797
2418	-188.516
2419	-188.235
2420	-187.953
2421	-187.671
2422	-187.387
2423	-187.102
2424	-186.817
2425	-186.53
2426	-186.243
2427	-185.954
2428	-185.665
2429	-185.375
2430	-185.084
2431	-184.792
2432	-184.5
2433	-184.206
2434	-183.912
2435	-183.616
2436	-183.32
2437	-183.023
2438	-182.725
2439	-182.426
2440	-182.126
2441	-181.825
2442	-181.524
2443	-181.221
2444	-180.918
2445	-180.614
2446	-180.309
2447	-180.003
2448	-179.696
2449	-179.388
2450	-179.08
2451	-178.771
2452	-178.46
2453	-178.149
2454	-177.837
2455	-177.524
2456	-177.211
2457	-176.896
2458	-176.581
2459	-176.265
2460	-175.948
2461	-175.63
2462	-175.311
2463	-174.991
2464	-174.671
2465	-174.349
2466	-174.027
2467	-173.704
2468	-173.381
2469	-173.056
2470	-172.73
2471	-172.404
2472	-172.077
2473	-171.749
2474	-171.42
2475	-171.091
2476	-170.76
2477	-170.429
2478	-170.097
2479	-169.764
2480	-169.43
2481	-169.095
2482	-168.76
2483	-168.424
2484	-168.087
2485	-167.749
2486	-167.41
2487	-167.071
2488	-166.731
2489	-166.39
2490	-166.048
2491	-165.705
2492	-165.362
2493	-165.018
2494	-164.673
2495	-164.327
2496	-163.98
2497	-163.633
2498	-163.285
2499	-162.936
2500	-162.586
2501	-162.235
2502	-161.884
2503	-161.532
2504	-161.179
2505	-160.825
2506	-160.471
2507	-160.116
2508	-159.76
2509	-159.403
2510	-159.045
2511	-158.687
2512	-158.328
2513	-157.968
2514	-157.608
2515	-157.246
2516	-156.884
2517	-156.521
2518	-156.158
2519	-155.794
2520	-155.428
2521	-155.063
2522	-154.696
2523	-154.329
2524	-153.961
2525	-153.592
2526	-153.222
2527	-152.852
2528	-152.481
2529	-152.109
2530	-151.736
2531	-151.363
2532	-150.989
2533	-150.615
2534	-150.239
2535	-149.863
2536	-149.486
2537	-149.108
2538	-148.73
2539	-148.351
2540	-147.971
2541	-147.591
2542	-147.21
2543	-146.828
2544	-146.445
2545	-146.062
2546	-145.678
2547	-145.293
2548	-144.908
2549	-144.522
2550	-144.135
2551	-143.747
2552	-143.359
2553	-142.97
2554	-142.581
2555	-142.191
2556	-141.8
2557	-141.408
2558	-141.016
2559	-140.623
2560	-140.229
2561	-139.835
2562	-139.44
2563	-139.044
2564	-138.648
2565	-138.251
2566	-137.853
2567	-137.455
2568	-137.056
2569	-136.656
2570	-136.256
2571	-135.855
2572	-135.453
2573	-135.051
2574	-134.648
2575	-134.244
2576	-133.84
2577	-133.435
2578	-133.03
2579	-132.623
2580	-132.217
2581	-131.809
2582	-131.401
2583	-130.992
2584	-130.583
2585	-130.173
2586	-129.762
2587	-129.351
2588	-128.939
2589	-128.527
2590	-128.114
2591	-127.7
2592	-127.286
2593	-126.871
2594	-126.455
2595	-126.039
2596	-125.622
2597	-125.205
2598	-124.787
2599	-124.368
2600	-123.949
2601	-123.529
2602	-123.109
2603	-122.688
2604	-122.267
2605	-121.844
2606	-121.422
2607	-120.998
2608	-120.574
2609	-120.15
2610	-119.725
2611	-119.299
2612	-118.873
2613	-118.446
2614	-118.019
2615	-117.591
2616	-117.162
2617	-116.733
2618	-116.304
2619	-115.874
2620	-115.443
2621	-115.012
2622	-114.58
2623	-114.147
2624	-113.714
2625	-113.281
2626	-112.847
2627	-112.412
2628	-111.977
2629	-111.541
2630	-111.105
2631	-110.669
2632	-110.231
2633	-109.793
2634	-109.355
2635	-108.916
2636	-108.477
2637	-108.037
2638	-107.597
2639	-107.156
2640	-106.714
2641	-106.272
2642	-105.83
2643	-105.387
2644	-104.943
2645	-104.499
2646	-104.055
2647	-103.61
2648	-103.164
2649	-102.718
2650	-102.272
2651	-101.825
2652	-101.377
2653	-100.929
2654	-100.481
2655	-100.032
2656	-99.5822
2657	-99.1323
2658	-98.6819
2659	-98.231
2660	-97.7797
2661	-97.3279
2662	-96.8756
2663	-96.4228
2664	-95.9696
2665	-95.5159
2666	-95.0618
2667	-94.6072
2668	-94.1521
2669	-93.6966
2670	-93.2407
2671	-92.7843
2672	-92.3274
2673	-91.8701
2674	-91.4124
2675	-90.9542
2676	-90.4956
2677	-90.0365
2678	-89.577
2679	-89.1171
2680	-88.6568
2681	-88.196
2682	-87.7348
2683	-87.2732
2684	-86.8111
2685	-86.3486
2686	-85.8858
2687	-85.4225
2688	-84.9588
2689	-84.4946
2690	-84.0301
2691	-83.5652
2692	-83.0999
2693	-82.6341
2694	-82.168
2695	-81.7015
2696	-81.2345
2697	-80.7672
2698	-80.2995
2699	-79.8314
2700	-79.363
2701	-78.8941
2702	-78.4249
2703	-77.9553
2704	-77.4853
2705	-77.0149
2706	-76.5442
2707	-76.0731
2708	-75.6016
2709	-75.1298
2710	-74.6576
2711	-74.185
2712	-73.7121
2713	-73.2388
2714	-72.7652
2715	-72.2912
2716	-71.8169
2717	-71.3423
2718	-70.8673
2719	-70.3919
2720	-69.9162
2721	-69.4402
2722	-68.9638
2723	-68.4871
2724	-68.0101
2725	-67.5327
2726	-67.0551
2727	-66.5771
2728	-66.0987
2729	-65.6201
2730	-65.1411
2731	-64.6619
2732	-64.1823
2733	-63.7024
2734	-63.2222
2735	-62.7417
2736	-62.2609
2737	-61.7798
2738	-61.2984
2739	-60.8167
2740	-60.3347
2741	-59.8524
2742	-59.3698
2743	-58.887
2744	-58.4038
2745	-57.9204
2746	-57.4367
2747	-56.9527
2748	-56.4685
2749	-55.984
2750	-55.4992
2751	-55.0141
2752	-54.5288
2753	-54.0432
2754	-53.5573
2755	-53.0712
2756	-52.5849
2757	-52.0982
2758	-51.6114
2759	-51.1243
2760	-50.6369
2761	-50.1493
2762	-49.6614
2763	-49.1733
2764	-48.685
2765	-48.1965
2766	-47.7077
2767	-47.2186
2768	-46.7294
2769	-46.2399
2770	-45.7502
2771	-45.2603
2772	-44.7702
2773	-44.2798
2774	-43.7892
2775	-43.2985
2776	-42.8075
2777	-42.3163
2778	-41.8249
2779	-41.3333
2780	-40.8415
2781	-40.3495
2782	-39.8573
2783	-39.3649
2784	-38.8724
2785	-38.3796
2786	-37.8867
2787	-37.3935
2788	-36.9002
2789	-36.4067
2790	-35.9131
2791	-35.4193
2792	-34.9252
2793	-34.4311
2794	-33.9367
2795	-33.4422
2796	-32.9476
2797	-32.4528
2798	-31.9578
2799	-31.4627
2800	-30.9674
2801	-30.4719
2802	-29.9764
2803	-29.4806
2804	-28.9848
2805	-28.4888
2806	-27.9926
2807	-27.4963
2808	-26.9999
2809	-26.5034
2810	-26.0067
2811	-25.5099
2812	-25.013
2813	-24.516
2814	-24.0188
2815	-23.5216
2816	-23.0242
2817	-22.5267
2818	-22.0291
2819	-21.5314
2820	-21.0336
2821	-20.5357
2822	-20.0376
2823	-19.5395
2824	-19.0413
2825	-18.543
2826	-18.0446
2827	-17.5462
2828	-17.0476
2829	-16.549
2830	-16.0503
2831	-15.5515
2832	-15.0526
2833	-14.5536
2834	-14.0546
2835	-13.5556
2836	-13.0564
2837	-12.5572
2838	-12.0579
2839	-11.5586
2840	-11.0592
2841	-10.5598
2842	-10.0603
2843	-9.56076
2844	-9.06118
2845	-8.56155
2846	-8.06188
2847	-7.56218
2848	-7.06243
2849	-6.56266
2850	-6.06285
2851	-5.56301
2852	-5.06315
2853	-4.56326
2854	-4.06335
2855	-3.56342
2856	-3.06347
2857	-2.56351
2858	-2.06353
2859	-1.56355
2860	-1.06356
2861	-0.56356
2862	-0.0635602
2863	0.43644
2864	0.936438
2865	1.43643
2866	1.93642
2867	2.4364
2868	2.93636
2869	3.43631
2870	3.93625
2871	4.43616
2872	4.93606
2873	5.43593
2874	5.93577
2875	6.43559
2876	6.93537
2877	7.43512
2878	7.93484
2879	8.43452
2880	8.93415
2881	9.43375
2882	9.9333
2883	10.4328
2884	10.9322
2885	11.4316
2886	11.931
2887	12.4303
2888	12.9295
2889	13.4287
2890	13.9278
2891	14.4268
2892	14.9257
2893	15.4246
2894	15.9235
2895	16.4222
2896	16.9208
2897	17.4194
2898	17.9179
2899	18.4163
2900	18.9146
2901	19.4129
2902	19.911
2903	20.409
2904	20.907
2905	21.4048
2906	21.9026
2907	22.4002
2908	22.8977
2909	23.3951
2910	23.8924
2911	24.3896
2912	24.8867
2913	25.3836
2914	25.8804
2915	26.3771
2916	26.8737
2917	27.3702
2918	27.8665
2919	28.3626
2920	28.8587
2921	29.3546
2922	29.8503
2923	30.346
2924	30.8414
2925	31.3367
2926	31.8319
2927	32.3269
2928	32.8218
2929	33.3165
2930	33.811
2931	34.3054
2932	34.7996
2933	35.2937
2934	35.7875
2935	36.2813
2936	36.7748
2937	37.2681
2938	37.7613
2939	38.2543
2940	38.7471
2941	39.2397
2942	39.7321
2943	40.2244
2944	40.7164
2945	41.2083
2946	41.6999
2947	42.1914
2948	42.6826
2949	43.1737
2950	43.6645
2951	44.1551
2952	44.6455
2953	45.1357
2954	45.6257
2955	46.1154
2956	46.605
2957	47.0943
2958	47.5834
2959	48.0722
2960	48.5608
2961	49.0492
2962	49.5374
2963	50.0253
2964	50.5129
2965	51.0004
2966	51.4876
2967	51.9745
2968	52.4612
2969	52.9476
2970	53.4338
2971	53.9197
2972	54.4053
2973	54.8907
2974	55.3759
2975	55.8607
2976	56.3453
2977	56.8296
2978	57.3137
2979	57.7975
2980	58.281
2981	58.7642
2982	59.2471
2983	59.7298
2984	60.2121
2985	60.6942
2986	61.1759
2987	61.6574
2988	62.1386
2989	62.6195
2990	63.1001
2991	63.5803
2992	64.0603
2993	64.54
2994	65.0193
2995	65.4984
2996	65.9771
2997	66.4555
2998	66.9336
2999	67.4113
3000	67.8888
3001	68.3659
3002	68.8427
3003	69.3191
3004	69.7952
3005	70.271
3006	70.7464
3007	71.2215
3008	71.6963
3009	72.1707
3010	72.6448
3011	73.1185
3012	73.5918
3013	74.0648
3014	74.5375
3015	75.0098
3016	75.4817
3017	75.9532
3018	76.4244
3019	76.8953
3020	77.3657
3021	77.8358
3022	78.3055
3023	78.7748
3024	79.2438
3025	79.7124
3026	80.1806
3027	80.6484
3028	81.1158
3029	81.5828
3030	82.0494
3031	82.5156
3032	82.9815
3033	83.4469
3034	83.9119
3035	84.3766
3036	84.8408
3037	85.3046
3038	85.768
3039	86.231
3040	86.6936
3041	87.1557
3042	87.6175
3043	88.0788
3044	88.5397
3045	89.0001
3046	89.4601
3047	89.9197
3048	90.3789
3049	90.8376
3050	91.2959
3051	91.7538
3052	92.2112
3053	92.6682
3054	93.1247
3055	93.5808
3056	94.0364
3057	94.4916
3058	94.9463
3059	95.4005
3060	95.8543
3061	96.3076
3062	96.7605
3063	97.2129
3064	97.6649
3065	98.1163
3066	98.5673
3067	99.0178
3068	99.4679
3069	99.9174
3070	100.366
3071	100.815
3072	101.263
3073	101.711
3074	102.158
3075	102.605
3076	103.051
3077	103.496
3078	103.942
3079	104.386
3080	104.83
3081	105.274
3082	105.717
3083	106.16
3084	106.602
3085	107.043
3086	107.484
3087	107.925
3088	108.365
3089	108.805
3090	109.244
3091	109.682
3092	110.12
3093	110.557
3094	110.994
3095	111.431
3096	111.866
3097	112.302
3098	112.736
3099	113.171
3100	113.604
3101	114.037
3102	114.47
3103	114.902
3104	115.333
3105	115.764
3106	116.195
3107	116.624
3108	117.053
3109	117.482
3110	117.91
3111	118.338
3112	118.765
3113	119.191
3114	119.617
3115	120.042
3116	120.467
3117	120.891
3118	121.314
3119	121.737
3120	122.159
3121	122.581
3122	123.002
3123	123.423
3124	123.843
3125	124.262
3126	124.681
3127	125.099
3128	125.516
3129	125.933
3130	126.349
3131	126.765
3132	127.18
3133	127.595
3134	128.009
3135	128.422
3136	128.834
3137	129.247
3138	129.658
3139	130.069
3140	130.479
3141	130.888
3142	131.297
3143	131.705
3144	132.113
3145	132.52
3146	132.926
3147	133.332
3148	133.737
3149	134.141
3150	134.545
3151	134.948
3152	135.351
3153	135.753
3154	136.154
3155	136.554
3156	136.954
3157	137.353
3158	137.752
3159	138.15
3160	138.547
3161	138.943
3162	139.339
3163	139.734
3164	140.129
3165	140.523
3166	140.916
3167	141.308
3168	141.7
3169	142.091
3170	142.482
3171	142.871
3172	143.26
3173	143.649
3174	144.036
3175	144.423
3176	144.81
3177	145.195
3178	145.58
3179	145.964
3180	146.348
3181	146.731
3182	147.113
3183	147.494
3184	147.875
3185	148.255
3186	148.634
3187	149.012
3188	149.39
3189	149.767
3190	150.144
3191	150.519
3192	150.894
3193	151.268
3194	151.642
3195	152.014
3196	152.386
3197	152.758
3198	153.128
3199	153.498
3200	153.867
3201	154.235
3202	154.603
3203	154.969
3204	155.335
3205	155.701
3206	156.065
3207	156.429
3208	156.792
3209	157.154
3210	157.516
3211	157.877
3212	158.237
3213	158.596
3214	158.954
3215	159.312
3216	159.669
3217	160.025
3218	160.381
3219	160.735
3220	161.089
3221	161.442
3222	161.795
3223	162.146
3224	162.497
3225	162.847
3226	163.196
3227	163.544
3228	163.892
3229	164.239
3230	164.585
3231	164.93
3232	165.274
3233	165.618
3234	165.961
3235	166.303
3236	166.644
3237	166.985
3238	167.324
3239	167.663
3240	168.001
3241	168.338
3242	168.675
3243	169.01
3244	169.345
3245	169.679
3246	170.012
3247	170.344
3248	170.676
3249	171.007
3250	171.336
3251	171.665
3252	171.994
3253	172.321
3254	172.648
3255	172.973
3256	173.298
3257	173.622
3258	173.945
3259	174.268
3260	174.589
3261	174.91
3262	175.23
3263	175.549
3264	175.867
3265	176.184
3266	176.501
3267	176.816
3268	177.131
3269	177.445
3270	177.758
3271	178.07
3272	178.381
3273	178.692
3274	179.001
3275	179.31
3276	179.618
3277	179.925
3278	180.231
3279	180.536
3280	180.841
3281	181.144
3282	181.447
3283	181.749
3284	182.05
3285	182.35
3286	182.649
3287	182.947
3288	183.244
3289	183.541
3290	183.837
3291	184.131
3292	184.425
3293	184.718
3294	185.01
3295	185.301
3296	185.592
3297	185.881
3298	186.17
3299	186.457
3300	186.744
3301	187.03
3302	187.314
3303	187.598
3304	187.882
3305	188.164
3306	188.445
3307	188.725
3308	189.005
3309	189.283
3310	189.561
3311	189.838
3312	190.114
3313	190.388
3314	190.662
3315	190.935
3316	191.208
3317	191.479
3318	191.749
3319	192.018
3320	192.287
3321	192.554
3322	192.821
3323	193.087
3324	193.351
3325	193.615
3326	193.878
3327	194.14
3328	194.401
3329	194.661
3330	194.92
3331	195.178
3332	195.436
3333	195.692
3334	195.947
3335	196.202
3336	196.455
3337	196.708
3338	196.959
3339	197.21
3340	197.459
3341	197.708
3342	197.956
3343	198.203
3344	198.449
3345	198.693
3346	198.937
3347	199.18
3348	199.422
3349	199.663
3350	199.904
3351	200.143
3352	200.381
3353	200.618
3354	200.854
3355	201.09
3356	201.324
3357	201.557
3358	201.79
3359	202.021
3360	202.251
3361	202.481
3362	202.709
3363	202.937
3364	203.163
3365	203.389
3366	203.613
3367	203.837
3368	204.059
3369	204.281
3370	204.502
3371	204.721
3372	204.94
3373	205.158
3374	205.374
3375	205.59
3376	205.805
3377	206.018
3378	206.231
3379	206.443
3380	206.653
3381	206.863
3382	207.072
3383	207.28
3384	207.486
3385	207.692
3386	207.897
3387	208.1
3388	208.303
3389	208.505
3390	208.706
3391	208.905
3392	209.104
3393	209.302
3394	209.498
3395	209.694
3396	209.889
3397	210.082
3398	210.275
3399	210.467
3400	210.657
3401	210.847
3402	211.035
3403	211.223
3404	211.409
3405	211.595
3406	211.779
3407	211.963
3408	212.145
3409	212.327
3410	212.507
3411	212.687
3412	212.865
3413	213.042
3414	213.219
3415	213.394
3416	213.568
3417	213.741
3418	213.914
3419	214.085
3420	214.255
3421	214.424
3422	214.592
3423	214.759
3424	214.925
3425	215.09
3426	215.254
3427	215.417
3428	215.579
3429	215.74
3430	215.899
3431	216.058
3432	216.216
3433	216.372
3434	216.528
3435	216.683
3436	216.836
3437	216.989
3438	217.14
3439	217.29
3440	217.44
3441	217.588
3442	217.735
3443	217.881
3444	218.027
3445	218.171
3446	218.314
3447	218.456
3448	218.597
3449	218.737
3450	218.875
3451	219.013
3452	219.15
3453	219.286
3454	219.42
3455	219.554
3456	219.686
3457	219.818
3458	219.948
3459	220.077
3460	220.205
3461	220.333
3462	220.459
3463	220.584
3464	220.708
3465	220.831
3466	220.953
3467	221.073
3468	221.193
3469	221.312
3470	221.429
3471	221.546
3472	221.662
3473	221.776
3474	221.889
3475	222.002
3476	222.113
3477	222.223
3478	222.332
3479	222.44
3480	222.547
3481	222.653
3482	222.757
3483	222.861
3484	222.964
3485	223.065
3486	223.166
3487	223.265
3488	223.363
3489	223.461
3490	223.557
3491	223.652
3492	223.746
3493	223.839
3494	223.931
3495	224.021
3496	224.111
3497	224.2
3498	224.287
3499	224.374
