#nl2j    3    1    3
     0.01000000     0.00002529
     0.02000000     0.00009676
     0.03000000     0.00021675
     0.04000000     0.00038489
     0.05000000     0.00060107
     0.06000000     0.00086523
     0.07000000     0.00117731
     0.08000000     0.00153724
     0.09000000     0.00194494
     0.10000000     0.00240033
     0.11000000     0.00290331
     0.12000000     0.00345377
     0.13000000     0.00405161
     0.14000000     0.00469669
     0.15000000     0.00538889
     0.16000000     0.00612805
     0.17000000     0.00691403
     0.18000000     0.00774667
     0.19000000     0.00862578
     0.20000000     0.00955118
     0.21000000     0.01052269
     0.22000000     0.01154011
     0.23000000     0.01260321
     0.24000000     0.01371179
     0.25000000     0.01486560
     0.26000000     0.01606441
     0.27000000     0.01730797
     0.28000000     0.01859603
     0.29000000     0.01992830
     0.30000000     0.02130453
     0.31000000     0.02272441
     0.32000000     0.02418766
     0.33000000     0.02569397
     0.34000000     0.02724302
     0.35000000     0.02883450
     0.36000000     0.03046806
     0.37000000     0.03214338
     0.38000000     0.03386010
     0.39000000     0.03561787
     0.40000000     0.03741631
     0.41000000     0.03925505
     0.42000000     0.04113371
     0.43000000     0.04305190
     0.44000000     0.04500921
     0.45000000     0.04700524
     0.46000000     0.04903957
     0.47000000     0.05111177
     0.48000000     0.05322141
     0.49000000     0.05536804
     0.50000000     0.05755123
     0.51000000     0.05977051
     0.52000000     0.06202542
     0.53000000     0.06431548
     0.54000000     0.06664021
     0.55000000     0.06899913
     0.56000000     0.07139175
     0.57000000     0.07381755
     0.58000000     0.07627603
     0.59000000     0.07876667
     0.60000000     0.08128896
     0.61000000     0.08384235
     0.62000000     0.08642631
     0.63000000     0.08904030
     0.64000000     0.09168376
     0.65000000     0.09435614
     0.66000000     0.09705688
     0.67000000     0.09978540
     0.68000000     0.10254113
     0.69000000     0.10532349
     0.70000000     0.10813188
     0.71000000     0.11096572
     0.72000000     0.11382440
     0.73000000     0.11670732
     0.74000000     0.11961386
     0.75000000     0.12254342
     0.76000000     0.12549536
     0.77000000     0.12846906
     0.78000000     0.13146389
     0.79000000     0.13447921
     0.80000000     0.13751439
     0.81000000     0.14056876
     0.82000000     0.14364168
     0.83000000     0.14673250
     0.84000000     0.14984056
     0.85000000     0.15296518
     0.86000000     0.15610571
     0.87000000     0.15926146
     0.88000000     0.16243177
     0.89000000     0.16561595
     0.90000000     0.16881332
     0.91000000     0.17202319
     0.92000000     0.17524487
     0.93000000     0.17847767
     0.94000000     0.18172089
     0.95000000     0.18497383
     0.96000000     0.18823579
     0.97000000     0.19150605
     0.98000000     0.19478393
     0.99000000     0.19806869
     1.00000000     0.20135963
     1.01000000     0.20465605
     1.02000000     0.20795720
     1.03000000     0.21126239
     1.04000000     0.21457089
     1.05000000     0.21788198
     1.06000000     0.22119492
     1.07000000     0.22450901
     1.08000000     0.22782351
     1.09000000     0.23113769
     1.10000000     0.23445083
     1.11000000     0.23776219
     1.12000000     0.24107105
     1.13000000     0.24437667
     1.14000000     0.24767833
     1.15000000     0.25097530
     1.16000000     0.25426684
     1.17000000     0.25755221
     1.18000000     0.26083070
     1.19000000     0.26410157
     1.20000000     0.26736409
     1.21000000     0.27061753
     1.22000000     0.27386116
     1.23000000     0.27709425
     1.24000000     0.28031607
     1.25000000     0.28352591
     1.26000000     0.28672302
     1.27000000     0.28990670
     1.28000000     0.29307622
     1.29000000     0.29623085
     1.30000000     0.29936988
     1.31000000     0.30249260
     1.32000000     0.30559828
     1.33000000     0.30868622
     1.34000000     0.31175570
     1.35000000     0.31480602
     1.36000000     0.31783647
     1.37000000     0.32084636
     1.38000000     0.32383498
     1.39000000     0.32680163
     1.40000000     0.32974562
     1.41000000     0.33266627
     1.42000000     0.33556288
     1.43000000     0.33843477
     1.44000000     0.34128127
     1.45000000     0.34410169
     1.46000000     0.34689538
     1.47000000     0.34966165
     1.48000000     0.35239984
     1.49000000     0.35510930
     1.50000000     0.35778938
     1.51000000     0.36043941
     1.52000000     0.36305877
     1.53000000     0.36564680
     1.54000000     0.36820287
     1.55000000     0.37072634
     1.56000000     0.37321661
     1.57000000     0.37567304
     1.58000000     0.37809502
     1.59000000     0.38048194
     1.60000000     0.38283319
     1.61000000     0.38514819
     1.62000000     0.38742634
     1.63000000     0.38966704
     1.64000000     0.39186974
     1.65000000     0.39403384
     1.66000000     0.39615878
     1.67000000     0.39824401
     1.68000000     0.40028896
     1.69000000     0.40229309
     1.70000000     0.40425586
     1.71000000     0.40617674
     1.72000000     0.40805520
     1.73000000     0.40989072
     1.74000000     0.41168279
     1.75000000     0.41343090
     1.76000000     0.41513456
     1.77000000     0.41679326
     1.78000000     0.41840655
     1.79000000     0.41997392
     1.80000000     0.42149493
     1.81000000     0.42296911
     1.82000000     0.42439601
     1.83000000     0.42577519
     1.84000000     0.42710620
     1.85000000     0.42838863
     1.86000000     0.42962206
     1.87000000     0.43080608
     1.88000000     0.43194027
     1.89000000     0.43302426
     1.90000000     0.43405766
     1.91000000     0.43504008
     1.92000000     0.43597118
     1.93000000     0.43685057
     1.94000000     0.43767793
     1.95000000     0.43845290
     1.96000000     0.43917516
     1.97000000     0.43984439
     1.98000000     0.44046027
     1.99000000     0.44102249
     2.00000000     0.44153078
     2.01000000     0.44198483
     2.02000000     0.44238439
     2.03000000     0.44272917
     2.04000000     0.44301893
     2.05000000     0.44325342
     2.06000000     0.44343240
     2.07000000     0.44355565
     2.08000000     0.44362296
     2.09000000     0.44363410
     2.10000000     0.44358889
     2.11000000     0.44348715
     2.12000000     0.44332868
     2.13000000     0.44311333
     2.14000000     0.44284095
     2.15000000     0.44251137
     2.16000000     0.44212447
     2.17000000     0.44168013
     2.18000000     0.44117821
     2.19000000     0.44061863
     2.20000000     0.44000128
     2.21000000     0.43932608
     2.22000000     0.43859295
     2.23000000     0.43780183
     2.24000000     0.43695267
     2.25000000     0.43604542
     2.26000000     0.43508004
     2.27000000     0.43405653
     2.28000000     0.43297485
     2.29000000     0.43183502
     2.30000000     0.43063704
     2.31000000     0.42938093
     2.32000000     0.42806673
     2.33000000     0.42669446
     2.34000000     0.42526418
     2.35000000     0.42377595
     2.36000000     0.42222985
     2.37000000     0.42062596
     2.38000000     0.41896436
     2.39000000     0.41724517
     2.40000000     0.41546850
     2.41000000     0.41363446
     2.42000000     0.41174321
     2.43000000     0.40979487
     2.44000000     0.40778961
     2.45000000     0.40572759
     2.46000000     0.40360899
     2.47000000     0.40143400
     2.48000000     0.39920281
     2.49000000     0.39691563
     2.50000000     0.39457269
     2.51000000     0.39217419
     2.52000000     0.38972040
     2.53000000     0.38721155
     2.54000000     0.38464790
     2.55000000     0.38202972
     2.56000000     0.37935730
     2.57000000     0.37663091
     2.58000000     0.37385087
     2.59000000     0.37101747
     2.60000000     0.36813104
     2.61000000     0.36519191
     2.62000000     0.36220041
     2.63000000     0.35915690
     2.64000000     0.35606172
     2.65000000     0.35291526
     2.66000000     0.34971789
     2.67000000     0.34646999
     2.68000000     0.34317196
     2.69000000     0.33982421
     2.70000000     0.33642715
     2.71000000     0.33298122
     2.72000000     0.32948683
     2.73000000     0.32594444
     2.74000000     0.32235449
     2.75000000     0.31871746
     2.76000000     0.31503380
     2.77000000     0.31130401
     2.78000000     0.30752856
     2.79000000     0.30370795
     2.80000000     0.29984270
     2.81000000     0.29593330
     2.82000000     0.29198029
     2.83000000     0.28798420
     2.84000000     0.28394557
     2.85000000     0.27986493
     2.86000000     0.27574286
     2.87000000     0.27157991
     2.88000000     0.26737665
     2.89000000     0.26313367
     2.90000000     0.25885155
     2.91000000     0.25453088
     2.92000000     0.25017227
     2.93000000     0.24577634
     2.94000000     0.24134368
     2.95000000     0.23687494
     2.96000000     0.23237074
     2.97000000     0.22783172
     2.98000000     0.22325853
     2.99000000     0.21865182
     3.00000000     0.21401225
     3.01000000     0.20934048
     3.02000000     0.20463720
     3.03000000     0.19990306
     3.04000000     0.19513878
     3.05000000     0.19034502
     3.06000000     0.18552250
     3.07000000     0.18067191
     3.08000000     0.17579397
     3.09000000     0.17088938
     3.10000000     0.16595888
     3.11000000     0.16100318
     3.12000000     0.15602301
     3.13000000     0.15101913
     3.14000000     0.14599225
     3.15000000     0.14094314
     3.16000000     0.13587255
     3.17000000     0.13078122
     3.18000000     0.12566993
     3.19000000     0.12053943
     3.20000000     0.11539050
     3.21000000     0.11022390
     3.22000000     0.10504043
     3.23000000     0.09984085
     3.24000000     0.09462596
     3.25000000     0.08939654
     3.26000000     0.08415339
     3.27000000     0.07889730
     3.28000000     0.07362907
     3.29000000     0.06834951
     3.30000000     0.06305942
     3.31000000     0.05775961
     3.32000000     0.05245088
     3.33000000     0.04713406
     3.34000000     0.04180996
     3.35000000     0.03647939
     3.36000000     0.03114318
     3.37000000     0.02580215
     3.38000000     0.02045713
     3.39000000     0.01510893
     3.40000000     0.00975839
     3.41000000     0.00440634
     3.42000000    -0.00094640
     3.43000000    -0.00629899
     3.44000000    -0.01165060
     3.45000000    -0.01700040
     3.46000000    -0.02234755
     3.47000000    -0.02769123
     3.48000000    -0.03303058
     3.49000000    -0.03836479
     3.50000000    -0.04369301
     3.51000000    -0.04901441
     3.52000000    -0.05432816
     3.53000000    -0.05963342
     3.54000000    -0.06492935
     3.55000000    -0.07021513
     3.56000000    -0.07548992
     3.57000000    -0.08075288
     3.58000000    -0.08600320
     3.59000000    -0.09124003
     3.60000000    -0.09646255
     3.61000000    -0.10166994
     3.62000000    -0.10686136
     3.63000000    -0.11203601
     3.64000000    -0.11719304
     3.65000000    -0.12233165
     3.66000000    -0.12745102
     3.67000000    -0.13255034
     3.68000000    -0.13762878
     3.69000000    -0.14268555
     3.70000000    -0.14771983
     3.71000000    -0.15273083
     3.72000000    -0.15771774
     3.73000000    -0.16267976
     3.74000000    -0.16761610
     3.75000000    -0.17252597
     3.76000000    -0.17740859
     3.77000000    -0.18226316
     3.78000000    -0.18708892
     3.79000000    -0.19188508
     3.80000000    -0.19665087
     3.81000000    -0.20138554
     3.82000000    -0.20608831
     3.83000000    -0.21075843
     3.84000000    -0.21539515
     3.85000000    -0.21999771
     3.86000000    -0.22456539
     3.87000000    -0.22909743
     3.88000000    -0.23359310
     3.89000000    -0.23805169
     3.90000000    -0.24247247
     3.91000000    -0.24685472
     3.92000000    -0.25119773
     3.93000000    -0.25550080
     3.94000000    -0.25976323
     3.95000000    -0.26398433
     3.96000000    -0.26816342
     3.97000000    -0.27229981
     3.98000000    -0.27639284
     3.99000000    -0.28044183
     4.00000000    -0.28444613
     4.01000000    -0.28840509
     4.02000000    -0.29231806
     4.03000000    -0.29618441
     4.04000000    -0.30000350
     4.05000000    -0.30377471
     4.06000000    -0.30749742
     4.07000000    -0.31117104
     4.08000000    -0.31479495
     4.09000000    -0.31836857
     4.10000000    -0.32189131
     4.11000000    -0.32536259
     4.12000000    -0.32878185
     4.13000000    -0.33214853
     4.14000000    -0.33546207
     4.15000000    -0.33872193
     4.16000000    -0.34192758
     4.17000000    -0.34507849
     4.18000000    -0.34817414
     4.19000000    -0.35121404
     4.20000000    -0.35419766
     4.21000000    -0.35712454
     4.22000000    -0.35999418
     4.23000000    -0.36280611
     4.24000000    -0.36555988
     4.25000000    -0.36825502
     4.26000000    -0.37089109
     4.27000000    -0.37346767
     4.28000000    -0.37598432
     4.29000000    -0.37844063
     4.30000000    -0.38083619
     4.31000000    -0.38317062
     4.32000000    -0.38544352
     4.33000000    -0.38765452
     4.34000000    -0.38980325
     4.35000000    -0.39188937
     4.36000000    -0.39391252
     4.37000000    -0.39587237
     4.38000000    -0.39776859
     4.39000000    -0.39960088
     4.40000000    -0.40136893
     4.41000000    -0.40307245
     4.42000000    -0.40471115
     4.43000000    -0.40628476
     4.44000000    -0.40779303
     4.45000000    -0.40923570
     4.46000000    -0.41061254
     4.47000000    -0.41192330
     4.48000000    -0.41316779
     4.49000000    -0.41434579
     4.50000000    -0.41545711
     4.51000000    -0.41650155
     4.52000000    -0.41747896
     4.53000000    -0.41838916
     4.54000000    -0.41923201
     4.55000000    -0.42000736
     4.56000000    -0.42071508
     4.57000000    -0.42135506
     4.58000000    -0.42192720
     4.59000000    -0.42243139
     4.60000000    -0.42286755
     4.61000000    -0.42323561
     4.62000000    -0.42353550
     4.63000000    -0.42376719
     4.64000000    -0.42393062
     4.65000000    -0.42402577
     4.66000000    -0.42405263
     4.67000000    -0.42401119
     4.68000000    -0.42390145
     4.69000000    -0.42372344
     4.70000000    -0.42347719
     4.71000000    -0.42316272
     4.72000000    -0.42278011
     4.73000000    -0.42232940
     4.74000000    -0.42181068
     4.75000000    -0.42122402
     4.76000000    -0.42056954
     4.77000000    -0.41984733
     4.78000000    -0.41905751
     4.79000000    -0.41820022
     4.80000000    -0.41727560
     4.81000000    -0.41628381
     4.82000000    -0.41522500
     4.83000000    -0.41409935
     4.84000000    -0.41290705
     4.85000000    -0.41164830
     4.86000000    -0.41032331
     4.87000000    -0.40893230
     4.88000000    -0.40747549
     4.89000000    -0.40595313
     4.90000000    -0.40436548
     4.91000000    -0.40271279
     4.92000000    -0.40099534
     4.93000000    -0.39921342
     4.94000000    -0.39736732
     4.95000000    -0.39545735
     4.96000000    -0.39348383
     4.97000000    -0.39144708
     4.98000000    -0.38934745
     4.99000000    -0.38718527
     5.00000000    -0.38496092
     5.01000000    -0.38267475
     5.02000000    -0.38032715
     5.03000000    -0.37791851
     5.04000000    -0.37544923
     5.05000000    -0.37291972
     5.06000000    -0.37033039
     5.07000000    -0.36768168
     5.08000000    -0.36497402
     5.09000000    -0.36220787
     5.10000000    -0.35938369
     5.11000000    -0.35650193
     5.12000000    -0.35356308
     5.13000000    -0.35056763
     5.14000000    -0.34751607
     5.15000000    -0.34440890
     5.16000000    -0.34124665
     5.17000000    -0.33802983
     5.18000000    -0.33475897
     5.19000000    -0.33143462
     5.20000000    -0.32805732
     5.21000000    -0.32462764
     5.22000000    -0.32114614
     5.23000000    -0.31761339
     5.24000000    -0.31402998
     5.25000000    -0.31039650
     5.26000000    -0.30671354
     5.27000000    -0.30298172
     5.28000000    -0.29920164
     5.29000000    -0.29537393
     5.30000000    -0.29149923
     5.31000000    -0.28757816
     5.32000000    -0.28361137
     5.33000000    -0.27959952
     5.34000000    -0.27554326
     5.35000000    -0.27144325
     5.36000000    -0.26730017
     5.37000000    -0.26311470
     5.38000000    -0.25888753
     5.39000000    -0.25461933
     5.40000000    -0.25031082
     5.41000000    -0.24596270
     5.42000000    -0.24157567
     5.43000000    -0.23715045
     5.44000000    -0.23268777
     5.45000000    -0.22818835
     5.46000000    -0.22365292
     5.47000000    -0.21908222
     5.48000000    -0.21447699
     5.49000000    -0.20983798
     5.50000000    -0.20516594
     5.51000000    -0.20046163
     5.52000000    -0.19572581
     5.53000000    -0.19095924
     5.54000000    -0.18616270
     5.55000000    -0.18133696
     5.56000000    -0.17648280
     5.57000000    -0.17160099
     5.58000000    -0.16669233
     5.59000000    -0.16175760
     5.60000000    -0.15679760
     5.61000000    -0.15181311
     5.62000000    -0.14680493
     5.63000000    -0.14177388
     5.64000000    -0.13672074
     5.65000000    -0.13164632
     5.66000000    -0.12655144
     5.67000000    -0.12143690
     5.68000000    -0.11630351
     5.69000000    -0.11115208
     5.70000000    -0.10598344
     5.71000000    -0.10079839
     5.72000000    -0.09559776
     5.73000000    -0.09038236
     5.74000000    -0.08515302
     5.75000000    -0.07991055
     5.76000000    -0.07465577
     5.77000000    -0.06938951
     5.78000000    -0.06411258
     5.79000000    -0.05882582
     5.80000000    -0.05353003
     5.81000000    -0.04822604
     5.82000000    -0.04291468
     5.83000000    -0.03759676
     5.84000000    -0.03227310
     5.85000000    -0.02694452
     5.86000000    -0.02161184
     5.87000000    -0.01627588
     5.88000000    -0.01093744
     5.89000000    -0.00559734
     5.90000000    -0.00025639
     5.91000000     0.00508460
     5.92000000     0.01042481
     5.93000000     0.01576346
     5.94000000     0.02109973
     5.95000000     0.02643283
     5.96000000     0.03176195
     5.97000000     0.03708631
     5.98000000     0.04240512
     5.99000000     0.04771758
     6.00000000     0.05302292
     6.01000000     0.05832035
     6.02000000     0.06360910
     6.03000000     0.06888839
     6.04000000     0.07415746
     6.05000000     0.07941555
     6.06000000     0.08466189
     6.07000000     0.08989572
     6.08000000     0.09511631
     6.09000000     0.10032290
     6.10000000     0.10551476
     6.11000000     0.11069114
     6.12000000     0.11585133
     6.13000000     0.12099459
     6.14000000     0.12612021
     6.15000000     0.13122748
     6.16000000     0.13631569
     6.17000000     0.14138414
     6.18000000     0.14643213
     6.19000000     0.15145898
     6.20000000     0.15646402
     6.21000000     0.16144655
     6.22000000     0.16640593
     6.23000000     0.17134148
     6.24000000     0.17625255
     6.25000000     0.18113851
     6.26000000     0.18599870
     6.27000000     0.19083250
     6.28000000     0.19563929
     6.29000000     0.20041845
     6.30000000     0.20516937
     6.31000000     0.20989145
     6.32000000     0.21458411
     6.33000000     0.21924675
     6.34000000     0.22387881
     6.35000000     0.22847972
     6.36000000     0.23304892
     6.37000000     0.23758586
     6.38000000     0.24208999
     6.39000000     0.24656080
     6.40000000     0.25099776
     6.41000000     0.25540035
     6.42000000     0.25976806
     6.43000000     0.26410042
     6.44000000     0.26839692
     6.45000000     0.27265710
     6.46000000     0.27688048
     6.47000000     0.28106662
     6.48000000     0.28521505
     6.49000000     0.28932536
     6.50000000     0.29339710
     6.51000000     0.29742986
     6.52000000     0.30142324
     6.53000000     0.30537683
     6.54000000     0.30929025
     6.55000000     0.31316313
     6.56000000     0.31699508
     6.57000000     0.32078577
     6.58000000     0.32453483
     6.59000000     0.32824194
     6.60000000     0.33190677
     6.61000000     0.33552900
     6.62000000     0.33910833
     6.63000000     0.34264447
     6.64000000     0.34613712
     6.65000000     0.34958602
     6.66000000     0.35299091
     6.67000000     0.35635153
     6.68000000     0.35966764
     6.69000000     0.36293901
     6.70000000     0.36616543
     6.71000000     0.36934667
     6.72000000     0.37248254
     6.73000000     0.37557285
     6.74000000     0.37861743
     6.75000000     0.38161611
     6.76000000     0.38456873
     6.77000000     0.38747515
     6.78000000     0.39033522
     6.79000000     0.39314883
     6.80000000     0.39591586
     6.81000000     0.39863620
     6.82000000     0.40130977
     6.83000000     0.40393648
     6.84000000     0.40651626
     6.85000000     0.40904904
     6.86000000     0.41153478
     6.87000000     0.41397342
     6.88000000     0.41636495
     6.89000000     0.41870933
     6.90000000     0.42100656
     6.91000000     0.42325664
     6.92000000     0.42545957
     6.93000000     0.42761537
     6.94000000     0.42972408
     6.95000000     0.43178572
     6.96000000     0.43380034
     6.97000000     0.43576801
     6.98000000     0.43768879
     6.99000000     0.43956275
     7.00000000     0.44138999
     7.01000000     0.44317058
     7.02000000     0.44490465
     7.03000000     0.44659230
     7.04000000     0.44823365
     7.05000000     0.44982883
     7.06000000     0.45137799
     7.07000000     0.45288126
     7.08000000     0.45433881
     7.09000000     0.45575080
     7.10000000     0.45711740
     7.11000000     0.45843879
     7.12000000     0.45971516
     7.13000000     0.46094672
     7.14000000     0.46213365
     7.15000000     0.46327618
     7.16000000     0.46437453
     7.17000000     0.46542891
     7.18000000     0.46643958
     7.19000000     0.46740675
     7.20000000     0.46833070
     7.21000000     0.46921166
     7.22000000     0.47004991
     7.23000000     0.47084570
     7.24000000     0.47159932
     7.25000000     0.47231105
     7.26000000     0.47298117
     7.27000000     0.47360997
     7.28000000     0.47419776
     7.29000000     0.47474484
     7.30000000     0.47525152
     7.31000000     0.47571812
     7.32000000     0.47614495
     7.33000000     0.47653234
     7.34000000     0.47688062
     7.35000000     0.47719014
     7.36000000     0.47746122
     7.37000000     0.47769421
     7.38000000     0.47788947
     7.39000000     0.47804734
     7.40000000     0.47816818
     7.41000000     0.47825235
     7.42000000     0.47830022
     7.43000000     0.47831216
     7.44000000     0.47828854
     7.45000000     0.47822973
     7.46000000     0.47813610
     7.47000000     0.47800805
     7.48000000     0.47784596
     7.49000000     0.47765020
     7.50000000     0.47742118
     7.51000000     0.47715928
     7.52000000     0.47686489
     7.53000000     0.47653841
     7.54000000     0.47618024
     7.55000000     0.47579078
     7.56000000     0.47537042
     7.57000000     0.47491957
     7.58000000     0.47443864
     7.59000000     0.47392802
     7.60000000     0.47338813
     7.61000000     0.47281937
     7.62000000     0.47222214
     7.63000000     0.47159686
     7.64000000     0.47094393
     7.65000000     0.47026377
     7.66000000     0.46955678
     7.67000000     0.46882337
     7.68000000     0.46806395
     7.69000000     0.46727893
     7.70000000     0.46646872
     7.71000000     0.46563372
     7.72000000     0.46477435
     7.73000000     0.46389102
     7.74000000     0.46298412
     7.75000000     0.46205407
     7.76000000     0.46110127
     7.77000000     0.46012612
     7.78000000     0.45912903
     7.79000000     0.45811039
     7.80000000     0.45707062
     7.81000000     0.45601010
     7.82000000     0.45492923
     7.83000000     0.45382842
     7.84000000     0.45270804
     7.85000000     0.45156850
     7.86000000     0.45041019
     7.87000000     0.44923348
     7.88000000     0.44803878
     7.89000000     0.44682645
     7.90000000     0.44559689
     7.91000000     0.44435046
     7.92000000     0.44308756
     7.93000000     0.44180855
     7.94000000     0.44051380
     7.95000000     0.43920368
     7.96000000     0.43787856
     7.97000000     0.43653880
     7.98000000     0.43518477
     7.99000000     0.43381681
     8.00000000     0.43243529
     8.01000000     0.43104056
     8.02000000     0.42963296
     8.03000000     0.42821284
     8.04000000     0.42678055
     8.05000000     0.42533642
     8.06000000     0.42388079
     8.07000000     0.42241400
     8.08000000     0.42093636
     8.09000000     0.41944822
     8.10000000     0.41794988
     8.11000000     0.41644168
     8.12000000     0.41492393
     8.13000000     0.41339694
     8.14000000     0.41186102
     8.15000000     0.41031647
     8.16000000     0.40876361
     8.17000000     0.40720272
     8.18000000     0.40563410
     8.19000000     0.40405805
     8.20000000     0.40247485
     8.21000000     0.40088479
     8.22000000     0.39928814
     8.23000000     0.39768520
     8.24000000     0.39607622
     8.25000000     0.39446148
     8.26000000     0.39284124
     8.27000000     0.39121578
     8.28000000     0.38958534
     8.29000000     0.38795019
     8.30000000     0.38631057
     8.31000000     0.38466674
     8.32000000     0.38301894
     8.33000000     0.38136740
     8.34000000     0.37971237
     8.35000000     0.37805409
     8.36000000     0.37639277
     8.37000000     0.37472866
     8.38000000     0.37306196
     8.39000000     0.37139291
     8.40000000     0.36972171
     8.41000000     0.36804858
     8.42000000     0.36637373
     8.43000000     0.36469736
     8.44000000     0.36301968
     8.45000000     0.36134089
     8.46000000     0.35966117
     8.47000000     0.35798073
     8.48000000     0.35629975
     8.49000000     0.35461841
     8.50000000     0.35293689
     8.51000000     0.35125539
     8.52000000     0.34957406
     8.53000000     0.34789308
     8.54000000     0.34621263
     8.55000000     0.34453286
     8.56000000     0.34285393
     8.57000000     0.34117602
     8.58000000     0.33949926
     8.59000000     0.33782382
     8.60000000     0.33614985
     8.61000000     0.33447749
     8.62000000     0.33280688
     8.63000000     0.33113816
     8.64000000     0.32947148
     8.65000000     0.32780697
     8.66000000     0.32614475
     8.67000000     0.32448497
     8.68000000     0.32282774
     8.69000000     0.32117318
     8.70000000     0.31952142
     8.71000000     0.31787258
     8.72000000     0.31622677
     8.73000000     0.31458410
     8.74000000     0.31294469
     8.75000000     0.31130863
     8.76000000     0.30967604
     8.77000000     0.30804702
     8.78000000     0.30642166
     8.79000000     0.30480007
     8.80000000     0.30318233
     8.81000000     0.30156854
     8.82000000     0.29995879
     8.83000000     0.29835317
     8.84000000     0.29675176
     8.85000000     0.29515464
     8.86000000     0.29356190
     8.87000000     0.29197362
     8.88000000     0.29038986
     8.89000000     0.28881071
     8.90000000     0.28723623
     8.91000000     0.28566650
     8.92000000     0.28410158
     8.93000000     0.28254154
     8.94000000     0.28098645
     8.95000000     0.27943636
     8.96000000     0.27789133
     8.97000000     0.27635143
     8.98000000     0.27481670
     8.99000000     0.27328721
     9.00000000     0.27176301
     9.01000000     0.27024414
     9.02000000     0.26873065
     9.03000000     0.26722260
     9.04000000     0.26572003
     9.05000000     0.26422297
     9.06000000     0.26273149
     9.07000000     0.26124560
     9.08000000     0.25976536
     9.09000000     0.25829081
     9.10000000     0.25682196
     9.11000000     0.25535888
     9.12000000     0.25390157
     9.13000000     0.25245009
     9.14000000     0.25100445
     9.15000000     0.24956468
     9.16000000     0.24813082
     9.17000000     0.24670289
     9.18000000     0.24528091
     9.19000000     0.24386491
     9.20000000     0.24245492
     9.21000000     0.24105094
     9.22000000     0.23965300
     9.23000000     0.23826113
     9.24000000     0.23687533
     9.25000000     0.23549562
     9.26000000     0.23412203
     9.27000000     0.23275456
     9.28000000     0.23139322
     9.29000000     0.23003804
     9.30000000     0.22868901
     9.31000000     0.22734616
     9.32000000     0.22600948
     9.33000000     0.22467899
     9.34000000     0.22335470
     9.35000000     0.22203661
     9.36000000     0.22072472
     9.37000000     0.21941905
     9.38000000     0.21811959
     9.39000000     0.21682634
     9.40000000     0.21553932
     9.41000000     0.21425852
     9.42000000     0.21298393
     9.43000000     0.21171557
     9.44000000     0.21045343
     9.45000000     0.20919751
     9.46000000     0.20794780
     9.47000000     0.20670431
     9.48000000     0.20546702
     9.49000000     0.20423594
     9.50000000     0.20301105
     9.51000000     0.20179236
     9.52000000     0.20057986
     9.53000000     0.19937354
     9.54000000     0.19817338
     9.55000000     0.19697939
     9.56000000     0.19579156
     9.57000000     0.19460987
     9.58000000     0.19343432
     9.59000000     0.19226489
     9.60000000     0.19110158
     9.61000000     0.18994437
     9.62000000     0.18879326
     9.63000000     0.18764822
     9.64000000     0.18650925
     9.65000000     0.18537634
     9.66000000     0.18424946
     9.67000000     0.18312861
     9.68000000     0.18201378
     9.69000000     0.18090494
     9.70000000     0.17980208
     9.71000000     0.17870519
     9.72000000     0.17761425
     9.73000000     0.17652924
     9.74000000     0.17545016
     9.75000000     0.17437697
     9.76000000     0.17330967
     9.77000000     0.17224824
     9.78000000     0.17119265
     9.79000000     0.17014290
     9.80000000     0.16909896
     9.81000000     0.16806081
     9.82000000     0.16702844
     9.83000000     0.16600183
     9.84000000     0.16498095
     9.85000000     0.16396579
     9.86000000     0.16295633
     9.87000000     0.16195255
     9.88000000     0.16095443
     9.89000000     0.15996194
     9.90000000     0.15897507
     9.91000000     0.15799380
     9.92000000     0.15701810
     9.93000000     0.15604796
     9.94000000     0.15508335
     9.95000000     0.15412425
     9.96000000     0.15317064
     9.97000000     0.15222250
     9.98000000     0.15127980
     9.99000000     0.15034253
    10.00000000     0.14941067
    10.01000000     0.14848418
    10.02000000     0.14756306
    10.03000000     0.14664726
    10.04000000     0.14573678
    10.05000000     0.14483160
    10.06000000     0.14393168
    10.07000000     0.14303700
    10.08000000     0.14214755
    10.09000000     0.14126330
    10.10000000     0.14038422
    10.11000000     0.13951029
    10.12000000     0.13864150
    10.13000000     0.13777781
    10.14000000     0.13691921
    10.15000000     0.13606567
    10.16000000     0.13521716
    10.17000000     0.13437367
    10.18000000     0.13353517
    10.19000000     0.13270164
    10.20000000     0.13187305
    10.21000000     0.13104938
    10.22000000     0.13023060
    10.23000000     0.12941670
    10.24000000     0.12860765
    10.25000000     0.12780342
    10.26000000     0.12700400
    10.27000000     0.12620936
    10.28000000     0.12541947
    10.29000000     0.12463431
    10.30000000     0.12385386
    10.31000000     0.12307810
    10.32000000     0.12230699
    10.33000000     0.12154053
    10.34000000     0.12077867
    10.35000000     0.12002141
    10.36000000     0.11926872
    10.37000000     0.11852057
    10.38000000     0.11777694
    10.39000000     0.11703781
    10.40000000     0.11630315
    10.41000000     0.11557294
    10.42000000     0.11484716
    10.43000000     0.11412578
    10.44000000     0.11340879
    10.45000000     0.11269615
    10.46000000     0.11198785
    10.47000000     0.11128386
    10.48000000     0.11058415
    10.49000000     0.10988871
    10.50000000     0.10919752
    10.51000000     0.10851054
    10.52000000     0.10782777
    10.53000000     0.10714916
    10.54000000     0.10647471
    10.55000000     0.10580439
    10.56000000     0.10513817
    10.57000000     0.10447604
    10.58000000     0.10381797
    10.59000000     0.10316394
    10.60000000     0.10251392
    10.61000000     0.10186791
    10.62000000     0.10122586
    10.63000000     0.10058776
    10.64000000     0.09995359
    10.65000000     0.09932333
    10.66000000     0.09869696
    10.67000000     0.09807444
    10.68000000     0.09745577
    10.69000000     0.09684092
    10.70000000     0.09622986
    10.71000000     0.09562258
    10.72000000     0.09501906
    10.73000000     0.09441927
    10.74000000     0.09382319
    10.75000000     0.09323080
    10.76000000     0.09264209
    10.77000000     0.09205702
    10.78000000     0.09147558
    10.79000000     0.09089775
    10.80000000     0.09032350
    10.81000000     0.08975282
    10.82000000     0.08918569
    10.83000000     0.08862207
    10.84000000     0.08806197
    10.85000000     0.08750535
    10.86000000     0.08695219
    10.87000000     0.08640247
    10.88000000     0.08585618
    10.89000000     0.08531329
    10.90000000     0.08477378
    10.91000000     0.08423764
    10.92000000     0.08370484
    10.93000000     0.08317537
    10.94000000     0.08264920
    10.95000000     0.08212631
    10.96000000     0.08160669
    10.97000000     0.08109032
    10.98000000     0.08057717
    10.99000000     0.08006724
    11.00000000     0.07956049
    11.01000000     0.07905691
    11.02000000     0.07855648
    11.03000000     0.07805918
    11.04000000     0.07756500
    11.05000000     0.07707392
    11.06000000     0.07658591
    11.07000000     0.07610095
    11.08000000     0.07561904
    11.09000000     0.07514015
    11.10000000     0.07466426
    11.11000000     0.07419136
    11.12000000     0.07372143
    11.13000000     0.07325444
    11.14000000     0.07279039
    11.15000000     0.07232925
    11.16000000     0.07187101
    11.17000000     0.07141565
    11.18000000     0.07096315
    11.19000000     0.07051349
    11.20000000     0.07006666
    11.21000000     0.06962264
    11.22000000     0.06918141
    11.23000000     0.06874296
    11.24000000     0.06830727
    11.25000000     0.06787432
    11.26000000     0.06744410
    11.27000000     0.06701658
    11.28000000     0.06659176
    11.29000000     0.06616961
    11.30000000     0.06575013
    11.31000000     0.06533328
    11.32000000     0.06491907
    11.33000000     0.06450746
    11.34000000     0.06409845
    11.35000000     0.06369202
    11.36000000     0.06328815
    11.37000000     0.06288683
    11.38000000     0.06248804
    11.39000000     0.06209177
    11.40000000     0.06169800
    11.41000000     0.06130671
    11.42000000     0.06091790
    11.43000000     0.06053154
    11.44000000     0.06014762
    11.45000000     0.05976612
    11.46000000     0.05938703
    11.47000000     0.05901034
    11.48000000     0.05863603
    11.49000000     0.05826408
    11.50000000     0.05789449
    11.51000000     0.05752723
    11.52000000     0.05716229
    11.53000000     0.05679966
    11.54000000     0.05643933
    11.55000000     0.05608127
    11.56000000     0.05572548
    11.57000000     0.05537193
    11.58000000     0.05502063
    11.59000000     0.05467154
    11.60000000     0.05432467
    11.61000000     0.05397999
    11.62000000     0.05363749
    11.63000000     0.05329716
    11.64000000     0.05295899
    11.65000000     0.05262295
    11.66000000     0.05228905
    11.67000000     0.05195726
    11.68000000     0.05162756
    11.69000000     0.05129996
    11.70000000     0.05097443
    11.71000000     0.05065097
    11.72000000     0.05032955
    11.73000000     0.05001017
    11.74000000     0.04969281
    11.75000000     0.04937747
    11.76000000     0.04906412
    11.77000000     0.04875276
    11.78000000     0.04844337
    11.79000000     0.04813594
    11.80000000     0.04783047
    11.81000000     0.04752692
    11.82000000     0.04722531
    11.83000000     0.04692560
    11.84000000     0.04662780
    11.85000000     0.04633188
    11.86000000     0.04603784
    11.87000000     0.04574567
    11.88000000     0.04545535
    11.89000000     0.04516687
    11.90000000     0.04488022
    11.91000000     0.04459539
    11.92000000     0.04431236
    11.93000000     0.04403113
    11.94000000     0.04375169
    11.95000000     0.04347402
    11.96000000     0.04319811
    11.97000000     0.04292395
    11.98000000     0.04265153
    11.99000000     0.04238084
    12.00000000     0.04211187
    12.01000000     0.04184460
    12.02000000     0.04157903
    12.03000000     0.04131515
    12.04000000     0.04105294
    12.05000000     0.04079240
    12.06000000     0.04053351
    12.07000000     0.04027626
    12.08000000     0.04002065
    12.09000000     0.03976666
    12.10000000     0.03951428
    12.11000000     0.03926351
    12.12000000     0.03901432
    12.13000000     0.03876672
    12.14000000     0.03852070
    12.15000000     0.03827623
    12.16000000     0.03803332
    12.17000000     0.03779195
    12.18000000     0.03755211
    12.19000000     0.03731380
    12.20000000     0.03707700
    12.21000000     0.03684170
    12.22000000     0.03660790
    12.23000000     0.03637558
    12.24000000     0.03614474
    12.25000000     0.03591536
    12.26000000     0.03568745
    12.27000000     0.03546098
    12.28000000     0.03523594
    12.29000000     0.03501234
    12.30000000     0.03479016
    12.31000000     0.03456939
    12.32000000     0.03435002
    12.33000000     0.03413205
    12.34000000     0.03391546
    12.35000000     0.03370025
    12.36000000     0.03348640
    12.37000000     0.03327391
    12.38000000     0.03306278
    12.39000000     0.03285298
    12.40000000     0.03264452
    12.41000000     0.03243738
    12.42000000     0.03223156
    12.43000000     0.03202705
    12.44000000     0.03182383
    12.45000000     0.03162191
    12.46000000     0.03142127
    12.47000000     0.03122191
    12.48000000     0.03102381
    12.49000000     0.03082697
    12.50000000     0.03063138
    12.51000000     0.03043703
    12.52000000     0.03024392
    12.53000000     0.03005204
    12.54000000     0.02986138
    12.55000000     0.02967192
    12.56000000     0.02948367
    12.57000000     0.02929662
    12.58000000     0.02911076
    12.59000000     0.02892608
    12.60000000     0.02874257
    12.61000000     0.02856023
    12.62000000     0.02837904
    12.63000000     0.02819901
    12.64000000     0.02802012
    12.65000000     0.02784237
    12.66000000     0.02766575
    12.67000000     0.02749025
    12.68000000     0.02731587
    12.69000000     0.02714259
    12.70000000     0.02697041
    12.71000000     0.02679933
    12.72000000     0.02662934
    12.73000000     0.02646043
    12.74000000     0.02629259
    12.75000000     0.02612582
    12.76000000     0.02596010
    12.77000000     0.02579544
    12.78000000     0.02563183
    12.79000000     0.02546926
    12.80000000     0.02530772
    12.81000000     0.02514720
    12.82000000     0.02498771
    12.83000000     0.02482923
    12.84000000     0.02467175
    12.85000000     0.02451528
    12.86000000     0.02435980
    12.87000000     0.02420531
    12.88000000     0.02405181
    12.89000000     0.02389927
    12.90000000     0.02374771
    12.91000000     0.02359711
    12.92000000     0.02344747
    12.93000000     0.02329877
    12.94000000     0.02315102
    12.95000000     0.02300422
    12.96000000     0.02285834
    12.97000000     0.02271339
    12.98000000     0.02256936
    12.99000000     0.02242625
    13.00000000     0.02228405
    13.01000000     0.02214275
    13.02000000     0.02200235
    13.03000000     0.02186284
    13.04000000     0.02172421
    13.05000000     0.02158647
    13.06000000     0.02144960
    13.07000000     0.02131360
    13.08000000     0.02117847
    13.09000000     0.02104420
    13.10000000     0.02091077
    13.11000000     0.02077820
    13.12000000     0.02064647
    13.13000000     0.02051557
    13.14000000     0.02038551
    13.15000000     0.02025627
    13.16000000     0.02012786
    13.17000000     0.02000026
    13.18000000     0.01987347
    13.19000000     0.01974748
    13.20000000     0.01962230
    13.21000000     0.01949791
    13.22000000     0.01937431
    13.23000000     0.01925150
    13.24000000     0.01912947
    13.25000000     0.01900821
    13.26000000     0.01888772
    13.27000000     0.01876800
    13.28000000     0.01864904
    13.29000000     0.01853083
    13.30000000     0.01841338
    13.31000000     0.01829667
    13.32000000     0.01818070
    13.33000000     0.01806547
    13.34000000     0.01795097
    13.35000000     0.01783720
    13.36000000     0.01772415
    13.37000000     0.01761182
    13.38000000     0.01750020
    13.39000000     0.01738930
    13.40000000     0.01727909
    13.41000000     0.01716959
    13.42000000     0.01706078
    13.43000000     0.01695266
    13.44000000     0.01684523
    13.45000000     0.01673848
    13.46000000     0.01663241
    13.47000000     0.01652701
    13.48000000     0.01642228
    13.49000000     0.01631822
    13.50000000     0.01621482
    13.51000000     0.01611207
    13.52000000     0.01600998
    13.53000000     0.01590854
    13.54000000     0.01580774
    13.55000000     0.01570757
    13.56000000     0.01560805
    13.57000000     0.01550916
    13.58000000     0.01541089
    13.59000000     0.01531325
    13.60000000     0.01521623
    13.61000000     0.01511983
    13.62000000     0.01502403
    13.63000000     0.01492885
    13.64000000     0.01483427
    13.65000000     0.01474029
    13.66000000     0.01464691
    13.67000000     0.01455412
    13.68000000     0.01446191
    13.69000000     0.01437030
    13.70000000     0.01427926
    13.71000000     0.01418881
    13.72000000     0.01409893
    13.73000000     0.01400961
    13.74000000     0.01392087
    13.75000000     0.01383269
    13.76000000     0.01374507
    13.77000000     0.01365800
    13.78000000     0.01357149
    13.79000000     0.01348552
    13.80000000     0.01340011
    13.81000000     0.01331523
    13.82000000     0.01323089
    13.83000000     0.01314709
    13.84000000     0.01306382
    13.85000000     0.01298108
    13.86000000     0.01289886
    13.87000000     0.01281717
    13.88000000     0.01273599
    13.89000000     0.01265533
    13.90000000     0.01257518
    13.91000000     0.01249554
    13.92000000     0.01241641
    13.93000000     0.01233777
    13.94000000     0.01225964
    13.95000000     0.01218200
    13.96000000     0.01210486
    13.97000000     0.01202820
    13.98000000     0.01195203
    13.99000000     0.01187634
    14.00000000     0.01180114
    14.01000000     0.01172641
    14.02000000     0.01165215
    14.03000000     0.01157837
    14.04000000     0.01150505
    14.05000000     0.01143220
    14.06000000     0.01135981
    14.07000000     0.01128789
    14.08000000     0.01121641
    14.09000000     0.01114539
    14.10000000     0.01107482
    14.11000000     0.01100470
    14.12000000     0.01093503
    14.13000000     0.01086579
    14.14000000     0.01079700
    14.15000000     0.01072864
    14.16000000     0.01066071
    14.17000000     0.01059322
    14.18000000     0.01052615
    14.19000000     0.01045951
    14.20000000     0.01039329
    14.21000000     0.01032749
    14.22000000     0.01026211
    14.23000000     0.01019715
    14.24000000     0.01013259
    14.25000000     0.01006845
    14.26000000     0.01000471
    14.27000000     0.00994138
    14.28000000     0.00987844
    14.29000000     0.00981591
    14.30000000     0.00975377
    14.31000000     0.00969203
    14.32000000     0.00963068
    14.33000000     0.00956972
    14.34000000     0.00950914
    14.35000000     0.00944895
    14.36000000     0.00938914
    14.37000000     0.00932971
    14.38000000     0.00927066
    14.39000000     0.00921198
    14.40000000     0.00915367
    14.41000000     0.00909573
    14.42000000     0.00903816
    14.43000000     0.00898095
    14.44000000     0.00892411
    14.45000000     0.00886763
    14.46000000     0.00881150
    14.47000000     0.00875574
    14.48000000     0.00870032
    14.49000000     0.00864526
    14.50000000     0.00859054
    14.51000000     0.00853617
    14.52000000     0.00848215
    14.53000000     0.00842847
    14.54000000     0.00837513
    14.55000000     0.00832213
    14.56000000     0.00826946
    14.57000000     0.00821713
    14.58000000     0.00816513
    14.59000000     0.00811345
    14.60000000     0.00806211
    14.61000000     0.00801109
    14.62000000     0.00796040
    14.63000000     0.00791002
    14.64000000     0.00785997
    14.65000000     0.00781023
    14.66000000     0.00776081
    14.67000000     0.00771170
    14.68000000     0.00766290
    14.69000000     0.00761441
    14.70000000     0.00756623
    14.71000000     0.00751835
    14.72000000     0.00747078
    14.73000000     0.00742351
    14.74000000     0.00737653
    14.75000000     0.00732986
    14.76000000     0.00728348
    14.77000000     0.00723739
    14.78000000     0.00719160
    14.79000000     0.00714610
    14.80000000     0.00710088
    14.81000000     0.00705595
    14.82000000     0.00701131
    14.83000000     0.00696695
    14.84000000     0.00692287
    14.85000000     0.00687907
    14.86000000     0.00683554
    14.87000000     0.00679230
    14.88000000     0.00674932
    14.89000000     0.00670662
    14.90000000     0.00666419
    14.91000000     0.00662203
    14.92000000     0.00658013
    14.93000000     0.00653850
    14.94000000     0.00649714
    14.95000000     0.00645603
    14.96000000     0.00641519
    14.97000000     0.00637460
    14.98000000     0.00633427
    14.99000000     0.00629420
    15.00000000     0.00625438
    15.01000000     0.00621481
    15.02000000     0.00617550
    15.03000000     0.00613643
    15.04000000     0.00609761
    15.05000000     0.00605903
    15.06000000     0.00602070
    15.07000000     0.00598261
    15.08000000     0.00594477
    15.09000000     0.00590716
    15.10000000     0.00586979
    15.11000000     0.00583266
    15.12000000     0.00579576
    15.13000000     0.00575910
    15.14000000     0.00572267
    15.15000000     0.00568646
    15.16000000     0.00565049
    15.17000000     0.00561475
    15.18000000     0.00557923
    15.19000000     0.00554394
    15.20000000     0.00550887
    15.21000000     0.00547402
    15.22000000     0.00543939
    15.23000000     0.00540498
    15.24000000     0.00537079
    15.25000000     0.00533682
    15.26000000     0.00530306
    15.27000000     0.00526951
    15.28000000     0.00523618
    15.29000000     0.00520306
    15.30000000     0.00517015
    15.31000000     0.00513744
    15.32000000     0.00510494
    15.33000000     0.00507265
    15.34000000     0.00504056
    15.35000000     0.00500868
    15.36000000     0.00497700
    15.37000000     0.00494551
    15.38000000     0.00491423
    15.39000000     0.00488315
    15.40000000     0.00485226
    15.41000000     0.00482156
    15.42000000     0.00479106
    15.43000000     0.00476076
    15.44000000     0.00473064
    15.45000000     0.00470072
    15.46000000     0.00467098
    15.47000000     0.00464144
    15.48000000     0.00461208
    15.49000000     0.00458290
    15.50000000     0.00455391
    15.51000000     0.00452511
    15.52000000     0.00449648
    15.53000000     0.00446804
    15.54000000     0.00443978
    15.55000000     0.00441169
    15.56000000     0.00438378
    15.57000000     0.00435605
    15.58000000     0.00432850
    15.59000000     0.00430112
    15.60000000     0.00427391
    15.61000000     0.00424687
    15.62000000     0.00422001
    15.63000000     0.00419331
    15.64000000     0.00416679
    15.65000000     0.00414043
    15.66000000     0.00411424
    15.67000000     0.00408821
    15.68000000     0.00406235
    15.69000000     0.00403665
    15.70000000     0.00401111
    15.71000000     0.00398574
    15.72000000     0.00396052
    15.73000000     0.00393547
    15.74000000     0.00391057
    15.75000000     0.00388583
    15.76000000     0.00386125
    15.77000000     0.00383682
    15.78000000     0.00381255
    15.79000000     0.00378843
    15.80000000     0.00376446
    15.81000000     0.00374065
    15.82000000     0.00371698
    15.83000000     0.00369346
    15.84000000     0.00367010
    15.85000000     0.00364688
    15.86000000     0.00362380
    15.87000000     0.00360088
    15.88000000     0.00357809
    15.89000000     0.00355546
    15.90000000     0.00353296
    15.91000000     0.00351061
    15.92000000     0.00348839
    15.93000000     0.00346632
    15.94000000     0.00344439
    15.95000000     0.00342259
    15.96000000     0.00340094
    15.97000000     0.00337942
    15.98000000     0.00335803
    15.99000000     0.00333679
    16.00000000     0.00331567
    16.01000000     0.00329469
    16.02000000     0.00327384
    16.03000000     0.00325312
    16.04000000     0.00323254
    16.05000000     0.00321208
    16.06000000     0.00319175
    16.07000000     0.00317155
    16.08000000     0.00315148
    16.09000000     0.00313154
    16.10000000     0.00311172
    16.11000000     0.00309202
    16.12000000     0.00307245
    16.13000000     0.00305301
    16.14000000     0.00303368
    16.15000000     0.00301448
    16.16000000     0.00299540
    16.17000000     0.00297644
    16.18000000     0.00295760
    16.19000000     0.00293888
    16.20000000     0.00292028
    16.21000000     0.00290179
    16.22000000     0.00288342
    16.23000000     0.00286517
    16.24000000     0.00284703
    16.25000000     0.00282901
    16.26000000     0.00281110
    16.27000000     0.00279330
    16.28000000     0.00277561
    16.29000000     0.00275804
    16.30000000     0.00274058
    16.31000000     0.00272323
    16.32000000     0.00270598
    16.33000000     0.00268885
    16.34000000     0.00267182
    16.35000000     0.00265490
    16.36000000     0.00263809
    16.37000000     0.00262138
    16.38000000     0.00260478
    16.39000000     0.00258829
    16.40000000     0.00257189
    16.41000000     0.00255560
    16.42000000     0.00253942
    16.43000000     0.00252333
    16.44000000     0.00250735
    16.45000000     0.00249147
    16.46000000     0.00247568
    16.47000000     0.00246000
    16.48000000     0.00244442
    16.49000000     0.00242893
    16.50000000     0.00241354
    16.51000000     0.00239825
    16.52000000     0.00238306
    16.53000000     0.00236796
    16.54000000     0.00235295
    16.55000000     0.00233804
    16.56000000     0.00232323
    16.57000000     0.00230850
    16.58000000     0.00229387
    16.59000000     0.00227934
    16.60000000     0.00226489
    16.61000000     0.00225053
    16.62000000     0.00223627
    16.63000000     0.00222209
    16.64000000     0.00220801
    16.65000000     0.00219401
    16.66000000     0.00218010
    16.67000000     0.00216628
    16.68000000     0.00215254
    16.69000000     0.00213890
    16.70000000     0.00212533
    16.71000000     0.00211186
    16.72000000     0.00209846
    16.73000000     0.00208516
    16.74000000     0.00207193
    16.75000000     0.00205879
    16.76000000     0.00204573
    16.77000000     0.00203275
    16.78000000     0.00201986
    16.79000000     0.00200705
    16.80000000     0.00199431
    16.81000000     0.00198166
    16.82000000     0.00196908
    16.83000000     0.00195659
    16.84000000     0.00194417
    16.85000000     0.00193184
    16.86000000     0.00191957
    16.87000000     0.00190739
    16.88000000     0.00189528
    16.89000000     0.00188325
    16.90000000     0.00187130
    16.91000000     0.00185942
    16.92000000     0.00184761
    16.93000000     0.00183588
    16.94000000     0.00182422
    16.95000000     0.00181264
    16.96000000     0.00180112
    16.97000000     0.00178969
    16.98000000     0.00177832
    16.99000000     0.00176702
    17.00000000     0.00175579
    17.01000000     0.00174464
    17.02000000     0.00173355
    17.03000000     0.00172254
    17.04000000     0.00171159
    17.05000000     0.00170071
    17.06000000     0.00168990
    17.07000000     0.00167916
    17.08000000     0.00166849
    17.09000000     0.00165788
    17.10000000     0.00164734
    17.11000000     0.00163686
    17.12000000     0.00162645
    17.13000000     0.00161611
    17.14000000     0.00160583
    17.15000000     0.00159561
    17.16000000     0.00158546
    17.17000000     0.00157538
    17.18000000     0.00156535
    17.19000000     0.00155539
    17.20000000     0.00154549
    17.21000000     0.00153565
    17.22000000     0.00152588
    17.23000000     0.00151616
    17.24000000     0.00150651
    17.25000000     0.00149692
    17.26000000     0.00148738
    17.27000000     0.00147791
    17.28000000     0.00146850
    17.29000000     0.00145914
    17.30000000     0.00144985
    17.31000000     0.00144061
    17.32000000     0.00143143
    17.33000000     0.00142230
    17.34000000     0.00141324
    17.35000000     0.00140423
    17.36000000     0.00139527
    17.37000000     0.00138637
    17.38000000     0.00137753
    17.39000000     0.00136875
    17.40000000     0.00136001
    17.41000000     0.00135134
    17.42000000     0.00134271
    17.43000000     0.00133414
    17.44000000     0.00132563
    17.45000000     0.00131716
    17.46000000     0.00130875
    17.47000000     0.00130040
    17.48000000     0.00129209
    17.49000000     0.00128384
    17.50000000     0.00127564
    17.51000000     0.00126749
    17.52000000     0.00125938
    17.53000000     0.00125134
    17.54000000     0.00124334
    17.55000000     0.00123539
    17.56000000     0.00122749
    17.57000000     0.00121963
    17.58000000     0.00121183
    17.59000000     0.00120408
    17.60000000     0.00119637
    17.61000000     0.00118872
    17.62000000     0.00118111
    17.63000000     0.00117354
    17.64000000     0.00116603
    17.65000000     0.00115856
    17.66000000     0.00115114
    17.67000000     0.00114376
    17.68000000     0.00113643
    17.69000000     0.00112915
    17.70000000     0.00112191
    17.71000000     0.00111471
    17.72000000     0.00110756
    17.73000000     0.00110046
    17.74000000     0.00109339
    17.75000000     0.00108638
    17.76000000     0.00107940
    17.77000000     0.00107247
    17.78000000     0.00106558
    17.79000000     0.00105874
    17.80000000     0.00105194
    17.81000000     0.00104517
    17.82000000     0.00103846
    17.83000000     0.00103178
    17.84000000     0.00102514
    17.85000000     0.00101855
    17.86000000     0.00101199
    17.87000000     0.00100548
    17.88000000     0.00099901
    17.89000000     0.00099257
    17.90000000     0.00098618
    17.91000000     0.00097983
    17.92000000     0.00097351
    17.93000000     0.00096724
    17.94000000     0.00096100
    17.95000000     0.00095480
    17.96000000     0.00094864
    17.97000000     0.00094252
    17.98000000     0.00093643
    17.99000000     0.00093039
    18.00000000     0.00092438
    18.01000000     0.00091840
    18.02000000     0.00091247
    18.03000000     0.00090657
    18.04000000     0.00090070
    18.05000000     0.00089488
    18.06000000     0.00088909
    18.07000000     0.00088333
    18.08000000     0.00087761
    18.09000000     0.00087192
    18.10000000     0.00086627
    18.11000000     0.00086066
    18.12000000     0.00085508
    18.13000000     0.00084953
    18.14000000     0.00084402
    18.15000000     0.00083854
    18.16000000     0.00083309
    18.17000000     0.00082768
    18.18000000     0.00082230
    18.19000000     0.00081696
    18.20000000     0.00081164
    18.21000000     0.00080636
    18.22000000     0.00080111
    18.23000000     0.00079590
    18.24000000     0.00079071
    18.25000000     0.00078556
    18.26000000     0.00078044
    18.27000000     0.00077535
    18.28000000     0.00077029
    18.29000000     0.00076526
    18.30000000     0.00076026
    18.31000000     0.00075529
    18.32000000     0.00075036
    18.33000000     0.00074545
    18.34000000     0.00074057
    18.35000000     0.00073572
    18.36000000     0.00073090
    18.37000000     0.00072612
    18.38000000     0.00072136
    18.39000000     0.00071662
    18.40000000     0.00071192
    18.41000000     0.00070725
    18.42000000     0.00070260
    18.43000000     0.00069799
    18.44000000     0.00069340
    18.45000000     0.00068883
    18.46000000     0.00068430
    18.47000000     0.00067979
    18.48000000     0.00067531
    18.49000000     0.00067086
    18.50000000     0.00066643
    18.51000000     0.00066203
    18.52000000     0.00065766
    18.53000000     0.00065332
    18.54000000     0.00064900
    18.55000000     0.00064470
    18.56000000     0.00064043
    18.57000000     0.00063619
    18.58000000     0.00063197
    18.59000000     0.00062778
    18.60000000     0.00062361
    18.61000000     0.00061947
    18.62000000     0.00061535
    18.63000000     0.00061126
    18.64000000     0.00060719
    18.65000000     0.00060315
    18.66000000     0.00059913
    18.67000000     0.00059513
    18.68000000     0.00059116
    18.69000000     0.00058721
    18.70000000     0.00058329
    18.71000000     0.00057939
    18.72000000     0.00057551
    18.73000000     0.00057165
    18.74000000     0.00056782
    18.75000000     0.00056401
    18.76000000     0.00056022
    18.77000000     0.00055646
    18.78000000     0.00055272
    18.79000000     0.00054900
    18.80000000     0.00054530
    18.81000000     0.00054162
    18.82000000     0.00053797
    18.83000000     0.00053433
    18.84000000     0.00053072
    18.85000000     0.00052713
    18.86000000     0.00052356
    18.87000000     0.00052001
    18.88000000     0.00051648
    18.89000000     0.00051297
    18.90000000     0.00050949
    18.91000000     0.00050602
    18.92000000     0.00050258
    18.93000000     0.00049915
    18.94000000     0.00049574
    18.95000000     0.00049236
    18.96000000     0.00048899
    18.97000000     0.00048564
    18.98000000     0.00048231
    18.99000000     0.00047901
    19.00000000     0.00047572
    19.01000000     0.00047245
    19.02000000     0.00046919
    19.03000000     0.00046596
    19.04000000     0.00046275
    19.05000000     0.00045955
    19.06000000     0.00045638
    19.07000000     0.00045322
    19.08000000     0.00045008
    19.09000000     0.00044695
    19.10000000     0.00044385
    19.11000000     0.00044076
    19.12000000     0.00043769
    19.13000000     0.00043464
    19.14000000     0.00043160
    19.15000000     0.00042859
    19.16000000     0.00042559
    19.17000000     0.00042260
    19.18000000     0.00041964
    19.19000000     0.00041669
    19.20000000     0.00041375
    19.21000000     0.00041084
    19.22000000     0.00040794
    19.23000000     0.00040505
    19.24000000     0.00040219
    19.25000000     0.00039933
    19.26000000     0.00039650
    19.27000000     0.00039368
    19.28000000     0.00039087
    19.29000000     0.00038809
    19.30000000     0.00038531
    19.31000000     0.00038256
    19.32000000     0.00037981
    19.33000000     0.00037709
    19.34000000     0.00037438
    19.35000000     0.00037168
    19.36000000     0.00036900
    19.37000000     0.00036633
    19.38000000     0.00036368
    19.39000000     0.00036104
    19.40000000     0.00035841
    19.41000000     0.00035581
    19.42000000     0.00035321
    19.43000000     0.00035063
    19.44000000     0.00034806
    19.45000000     0.00034551
    19.46000000     0.00034297
    19.47000000     0.00034044
    19.48000000     0.00033793
    19.49000000     0.00033543
    19.50000000     0.00033295
    19.51000000     0.00033048
    19.52000000     0.00032802
    19.53000000     0.00032557
    19.54000000     0.00032314
    19.55000000     0.00032072
    19.56000000     0.00031831
    19.57000000     0.00031592
    19.58000000     0.00031354
    19.59000000     0.00031117
    19.60000000     0.00030881
    19.61000000     0.00030647
    19.62000000     0.00030414
    19.63000000     0.00030182
    19.64000000     0.00029951
    19.65000000     0.00029721
    19.66000000     0.00029493
    19.67000000     0.00029266
    19.68000000     0.00029040
    19.69000000     0.00028815
    19.70000000     0.00028591
    19.71000000     0.00028368
    19.72000000     0.00028147
    19.73000000     0.00027927
    19.74000000     0.00027707
    19.75000000     0.00027489
    19.76000000     0.00027272
    19.77000000     0.00027056
    19.78000000     0.00026842
    19.79000000     0.00026628
    19.80000000     0.00026415
    19.81000000     0.00026203
    19.82000000     0.00025993
    19.83000000     0.00025783
    19.84000000     0.00025575
    19.85000000     0.00025367
    19.86000000     0.00025161
    19.87000000     0.00024955
    19.88000000     0.00024751
    19.89000000     0.00024547
    19.90000000     0.00024345
    19.91000000     0.00024143
    19.92000000     0.00023942
    19.93000000     0.00023743
    19.94000000     0.00023544
    19.95000000     0.00023346
    19.96000000     0.00023150
    19.97000000     0.00022954
    19.98000000     0.00022759
    19.99000000     0.00022565
    20.00000000     0.00022371
    20.01000000     0.00022179
    20.02000000     0.00021988
    20.03000000     0.00021797
    20.04000000     0.00021608
    20.05000000     0.00021419
    20.06000000     0.00021231
    20.07000000     0.00021044
    20.08000000     0.00020858
    20.09000000     0.00020672
    20.10000000     0.00020488
    20.11000000     0.00020304
    20.12000000     0.00020121
    20.13000000     0.00019939
    20.14000000     0.00019757
    20.15000000     0.00019577
    20.16000000     0.00019397
    20.17000000     0.00019218
    20.18000000     0.00019040
    20.19000000     0.00018862
    20.20000000     0.00018686
    20.21000000     0.00018510
    20.22000000     0.00018334
    20.23000000     0.00018160
    20.24000000     0.00017986
    20.25000000     0.00017813
    20.26000000     0.00017641
    20.27000000     0.00017469
    20.28000000     0.00017298
    20.29000000     0.00017128
    20.30000000     0.00016958
    20.31000000     0.00016789
    20.32000000     0.00016621
    20.33000000     0.00016453
    20.34000000     0.00016287
    20.35000000     0.00016120
    20.36000000     0.00015955
    20.37000000     0.00015790
    20.38000000     0.00015625
    20.39000000     0.00015462
    20.40000000     0.00015298
    20.41000000     0.00015136
    20.42000000     0.00014974
    20.43000000     0.00014813
    20.44000000     0.00014652
    20.45000000     0.00014492
    20.46000000     0.00014332
    20.47000000     0.00014173
    20.48000000     0.00014015
    20.49000000     0.00013857
    20.50000000     0.00013700
    20.51000000     0.00013543
    20.52000000     0.00013387
    20.53000000     0.00013231
    20.54000000     0.00013076
    20.55000000     0.00012921
    20.56000000     0.00012767
    20.57000000     0.00012614
    20.58000000     0.00012461
    20.59000000     0.00012308
    20.60000000     0.00012156
    20.61000000     0.00012004
    20.62000000     0.00011853
    20.63000000     0.00011703
    20.64000000     0.00011552
    20.65000000     0.00011403
    20.66000000     0.00011253
    20.67000000     0.00011104
    20.68000000     0.00010956
    20.69000000     0.00010808
    20.70000000     0.00010661
    20.71000000     0.00010513
    20.72000000     0.00010367
    20.73000000     0.00010220
    20.74000000     0.00010075
    20.75000000     0.00009929
    20.76000000     0.00009784
    20.77000000     0.00009639
    20.78000000     0.00009495
    20.79000000     0.00009351
    20.80000000     0.00009208
    20.81000000     0.00009064
    20.82000000     0.00008922
    20.83000000     0.00008779
    20.84000000     0.00008637
    20.85000000     0.00008495
    20.86000000     0.00008354
    20.87000000     0.00008213
    20.88000000     0.00008072
    20.89000000     0.00007932
    20.90000000     0.00007792
    20.91000000     0.00007652
    20.92000000     0.00007512
    20.93000000     0.00007373
    20.94000000     0.00007234
    20.95000000     0.00007095
    20.96000000     0.00006957
    20.97000000     0.00006819
    20.98000000     0.00006681
    20.99000000     0.00006544
    21.00000000     0.00006406
    21.01000000     0.00006269
    21.02000000     0.00006133
    21.03000000     0.00005996
    21.04000000     0.00005860
    21.05000000     0.00005724
    21.06000000     0.00005588
    21.07000000     0.00005452
    21.08000000     0.00005317
    21.09000000     0.00005182
    21.10000000     0.00005047
    21.11000000     0.00004912
    21.12000000     0.00004778
    21.13000000     0.00004643
    21.14000000     0.00004509
    21.15000000     0.00004375
    21.16000000     0.00004241
    21.17000000     0.00004108
    21.18000000     0.00003974
    21.19000000     0.00003841
    21.20000000     0.00003708
    21.21000000     0.00003575
    21.22000000     0.00003442
    21.23000000     0.00003309
    21.24000000     0.00003176
    21.25000000     0.00003044
    21.26000000     0.00002911
    21.27000000     0.00002779
    21.28000000     0.00002647
    21.29000000     0.00002515
    21.30000000     0.00002383
    21.31000000     0.00002251
    21.32000000     0.00002119
    21.33000000     0.00001988
    21.34000000     0.00001856
    21.35000000     0.00001725
    21.36000000     0.00001593
    21.37000000     0.00001462
    21.38000000     0.00001331
    21.39000000     0.00001199
    21.40000000     0.00001068
    21.41000000     0.00000937
    21.42000000     0.00000806
    21.43000000     0.00000675
    21.44000000     0.00000543
    21.45000000     0.00000412
    21.46000000     0.00000281
    21.47000000     0.00000150
    21.48000000     0.00000019
    21.49000000     0.00000000
    21.50000000     0.00000000
    21.51000000     0.00000000
    21.52000000     0.00000000
    21.53000000     0.00000000
    21.54000000     0.00000000
    21.55000000     0.00000000
    21.56000000     0.00000000
    21.57000000     0.00000000
    21.58000000     0.00000000
    21.59000000     0.00000000
    21.60000000     0.00000000
    21.61000000     0.00000000
    21.62000000     0.00000000
    21.63000000     0.00000000
    21.64000000     0.00000000
    21.65000000     0.00000000
    21.66000000     0.00000000
    21.67000000     0.00000000
    21.68000000     0.00000000
    21.69000000     0.00000000
    21.70000000     0.00000000
    21.71000000     0.00000000
    21.72000000     0.00000000
    21.73000000     0.00000000
    21.74000000     0.00000000
    21.75000000     0.00000000
    21.76000000     0.00000000
    21.77000000     0.00000000
    21.78000000     0.00000000
    21.79000000     0.00000000
    21.80000000     0.00000000
    21.81000000     0.00000000
    21.82000000     0.00000000
    21.83000000     0.00000000
    21.84000000     0.00000000
    21.85000000     0.00000000
    21.86000000     0.00000000
    21.87000000     0.00000000
    21.88000000     0.00000000
    21.89000000     0.00000000
    21.90000000     0.00000000
    21.91000000     0.00000000
    21.92000000     0.00000000
    21.93000000     0.00000000
    21.94000000     0.00000000
    21.95000000     0.00000000
    21.96000000     0.00000000
    21.97000000     0.00000000
    21.98000000     0.00000000
    21.99000000     0.00000000
    22.00000000     0.00000000
    22.01000000     0.00000000
    22.02000000     0.00000000
    22.03000000     0.00000000
    22.04000000     0.00000000
    22.05000000     0.00000000
    22.06000000     0.00000000
    22.07000000     0.00000000
    22.08000000     0.00000000
    22.09000000     0.00000000
    22.10000000     0.00000000
    22.11000000     0.00000000
    22.12000000     0.00000000
    22.13000000     0.00000000
    22.14000000     0.00000000
    22.15000000     0.00000000
    22.16000000     0.00000000
    22.17000000     0.00000000
    22.18000000     0.00000000
    22.19000000     0.00000000
    22.20000000     0.00000000
    22.21000000     0.00000000
    22.22000000     0.00000000
    22.23000000     0.00000000
    22.24000000     0.00000000
    22.25000000     0.00000000
    22.26000000     0.00000000
    22.27000000     0.00000000
    22.28000000     0.00000000
    22.29000000     0.00000000
    22.30000000     0.00000000
    22.31000000     0.00000000
    22.32000000     0.00000000
    22.33000000     0.00000000
    22.34000000     0.00000000
    22.35000000     0.00000000
    22.36000000     0.00000000
    22.37000000     0.00000000
    22.38000000     0.00000000
    22.39000000     0.00000000
    22.40000000     0.00000000
    22.41000000     0.00000000
    22.42000000     0.00000000
    22.43000000     0.00000000
    22.44000000     0.00000000
    22.45000000     0.00000000
    22.46000000     0.00000000
    22.47000000     0.00000000
    22.48000000     0.00000000
    22.49000000     0.00000000
    22.50000000     0.00000000
    22.51000000     0.00000000
    22.52000000     0.00000000
    22.53000000     0.00000000
    22.54000000     0.00000000
    22.55000000     0.00000000
    22.56000000     0.00000000
    22.57000000     0.00000000
    22.58000000     0.00000000
    22.59000000     0.00000000
    22.60000000     0.00000000
    22.61000000     0.00000000
    22.62000000     0.00000000
    22.63000000     0.00000000
    22.64000000     0.00000000
    22.65000000     0.00000000
    22.66000000     0.00000000
    22.67000000     0.00000000
    22.68000000     0.00000000
    22.69000000     0.00000000
    22.70000000     0.00000000
    22.71000000     0.00000000
    22.72000000     0.00000000
    22.73000000     0.00000000
    22.74000000     0.00000000
    22.75000000     0.00000000
    22.76000000     0.00000000
    22.77000000     0.00000000
    22.78000000     0.00000000
    22.79000000     0.00000000
    22.80000000     0.00000000
    22.81000000     0.00000000
    22.82000000     0.00000000
    22.83000000     0.00000000
    22.84000000     0.00000000
    22.85000000     0.00000000
    22.86000000     0.00000000
    22.87000000     0.00000000
    22.88000000     0.00000000
    22.89000000     0.00000000
    22.90000000     0.00000000
    22.91000000     0.00000000
    22.92000000     0.00000000
    22.93000000     0.00000000
    22.94000000     0.00000000
    22.95000000     0.00000000
    22.96000000     0.00000000
    22.97000000     0.00000000
    22.98000000     0.00000000
    22.99000000     0.00000000
    23.00000000     0.00000000
    23.01000000     0.00000000
    23.02000000     0.00000000
    23.03000000     0.00000000
    23.04000000     0.00000000
    23.05000000     0.00000000
    23.06000000     0.00000000
    23.07000000     0.00000000
    23.08000000     0.00000000
    23.09000000     0.00000000
    23.10000000     0.00000000
    23.11000000     0.00000000
    23.12000000     0.00000000
    23.13000000     0.00000000
    23.14000000     0.00000000
    23.15000000     0.00000000
    23.16000000     0.00000000
    23.17000000     0.00000000
    23.18000000     0.00000000
    23.19000000     0.00000000
    23.20000000     0.00000000
    23.21000000     0.00000000
    23.22000000     0.00000000
    23.23000000     0.00000000
    23.24000000     0.00000000
    23.25000000     0.00000000
    23.26000000     0.00000000
    23.27000000     0.00000000
    23.28000000     0.00000000
    23.29000000     0.00000000
    23.30000000     0.00000000
    23.31000000     0.00000000
    23.32000000     0.00000000
    23.33000000     0.00000000
    23.34000000     0.00000000
    23.35000000     0.00000000
    23.36000000     0.00000000
    23.37000000     0.00000000
    23.38000000     0.00000000
    23.39000000     0.00000000
    23.40000000     0.00000000
    23.41000000     0.00000000
    23.42000000     0.00000000
    23.43000000     0.00000000
    23.44000000     0.00000000
    23.45000000     0.00000000
    23.46000000     0.00000000
    23.47000000     0.00000000
    23.48000000     0.00000000
    23.49000000     0.00000000
    23.50000000     0.00000000
    23.51000000     0.00000000
    23.52000000     0.00000000
    23.53000000     0.00000000
    23.54000000     0.00000000
    23.55000000     0.00000000
    23.56000000     0.00000000
    23.57000000     0.00000000
    23.58000000     0.00000000
    23.59000000     0.00000000
    23.60000000     0.00000000
    23.61000000     0.00000000
    23.62000000     0.00000000
    23.63000000     0.00000000
    23.64000000     0.00000000
    23.65000000     0.00000000
    23.66000000     0.00000000
    23.67000000     0.00000000
    23.68000000     0.00000000
    23.69000000     0.00000000
    23.70000000     0.00000000
    23.71000000     0.00000000
    23.72000000     0.00000000
    23.73000000     0.00000000
    23.74000000     0.00000000
    23.75000000     0.00000000
    23.76000000     0.00000000
    23.77000000     0.00000000
    23.78000000     0.00000000
    23.79000000     0.00000000
    23.80000000     0.00000000
    23.81000000     0.00000000
    23.82000000     0.00000000
    23.83000000     0.00000000
    23.84000000     0.00000000
    23.85000000     0.00000000
    23.86000000     0.00000000
    23.87000000     0.00000000
    23.88000000     0.00000000
    23.89000000     0.00000000
    23.90000000     0.00000000
    23.91000000     0.00000000
    23.92000000     0.00000000
    23.93000000     0.00000000
    23.94000000     0.00000000
    23.95000000     0.00000000
    23.96000000     0.00000000
    23.97000000     0.00000000
    23.98000000     0.00000000
    23.99000000     0.00000000
    24.00000000     0.00000000
    24.01000000     0.00000000
    24.02000000     0.00000000
    24.03000000     0.00000000
    24.04000000     0.00000000
    24.05000000     0.00000000
    24.06000000     0.00000000
    24.07000000     0.00000000
    24.08000000     0.00000000
    24.09000000     0.00000000
    24.10000000     0.00000000
    24.11000000     0.00000000
    24.12000000     0.00000000
    24.13000000     0.00000000
    24.14000000     0.00000000
    24.15000000     0.00000000
    24.16000000     0.00000000
    24.17000000     0.00000000
    24.18000000     0.00000000
    24.19000000     0.00000000
    24.20000000     0.00000000
    24.21000000     0.00000000
    24.22000000     0.00000000
    24.23000000     0.00000000
    24.24000000     0.00000000
    24.25000000     0.00000000
    24.26000000     0.00000000
    24.27000000     0.00000000
    24.28000000     0.00000000
    24.29000000     0.00000000
    24.30000000     0.00000000
    24.31000000     0.00000000
    24.32000000     0.00000000
    24.33000000     0.00000000
    24.34000000     0.00000000
    24.35000000     0.00000000
    24.36000000     0.00000000
    24.37000000     0.00000000
    24.38000000     0.00000000
    24.39000000     0.00000000
    24.40000000     0.00000000
    24.41000000     0.00000000
    24.42000000     0.00000000
    24.43000000     0.00000000
    24.44000000     0.00000000
    24.45000000     0.00000000
    24.46000000     0.00000000
    24.47000000     0.00000000
    24.48000000     0.00000000
    24.49000000     0.00000000
    24.50000000     0.00000000
    24.51000000     0.00000000
    24.52000000     0.00000000
    24.53000000     0.00000000
    24.54000000     0.00000000
    24.55000000     0.00000000
    24.56000000     0.00000000
    24.57000000     0.00000000
    24.58000000     0.00000000
    24.59000000     0.00000000
    24.60000000     0.00000000
    24.61000000     0.00000000
    24.62000000     0.00000000
    24.63000000     0.00000000
    24.64000000     0.00000000
    24.65000000     0.00000000
    24.66000000     0.00000000
    24.67000000     0.00000000
    24.68000000     0.00000000
    24.69000000     0.00000000
    24.70000000     0.00000000
    24.71000000     0.00000000
    24.72000000     0.00000000
    24.73000000     0.00000000
    24.74000000     0.00000000
    24.75000000     0.00000000
    24.76000000     0.00000000
    24.77000000     0.00000000
    24.78000000     0.00000000
    24.79000000     0.00000000
    24.80000000     0.00000000
    24.81000000     0.00000000
    24.82000000     0.00000000
    24.83000000     0.00000000
    24.84000000     0.00000000
    24.85000000     0.00000000
    24.86000000     0.00000000
    24.87000000     0.00000000
    24.88000000     0.00000000
    24.89000000     0.00000000
    24.90000000     0.00000000
    24.91000000     0.00000000
    24.92000000     0.00000000
    24.93000000     0.00000000
    24.94000000     0.00000000
    24.95000000     0.00000000
    24.96000000     0.00000000
    24.97000000     0.00000000
    24.98000000     0.00000000
    24.99000000     0.00000000
    25.00000000     0.00000000
    25.01000000     0.00000000
    25.02000000     0.00000000
    25.03000000     0.00000000
    25.04000000     0.00000000
    25.05000000     0.00000000
    25.06000000     0.00000000
    25.07000000     0.00000000
    25.08000000     0.00000000
    25.09000000     0.00000000
    25.10000000     0.00000000
    25.11000000     0.00000000
    25.12000000     0.00000000
    25.13000000     0.00000000
    25.14000000     0.00000000
    25.15000000     0.00000000
    25.16000000     0.00000000
    25.17000000     0.00000000
    25.18000000     0.00000000
    25.19000000     0.00000000
    25.20000000     0.00000000
    25.21000000     0.00000000
    25.22000000     0.00000000
    25.23000000     0.00000000
    25.24000000     0.00000000
    25.25000000     0.00000000
    25.26000000     0.00000000
    25.27000000     0.00000000
    25.28000000     0.00000000
    25.29000000     0.00000000
    25.30000000     0.00000000
    25.31000000     0.00000000
    25.32000000     0.00000000
    25.33000000     0.00000000
    25.34000000     0.00000000
    25.35000000     0.00000000
    25.36000000     0.00000000
    25.37000000     0.00000000
    25.38000000     0.00000000
    25.39000000     0.00000000
    25.40000000     0.00000000
    25.41000000     0.00000000
    25.42000000     0.00000000
    25.43000000     0.00000000
    25.44000000     0.00000000
    25.45000000     0.00000000
    25.46000000     0.00000000
    25.47000000     0.00000000
    25.48000000     0.00000000
    25.49000000     0.00000000
    25.50000000     0.00000000
    25.51000000     0.00000000
    25.52000000     0.00000000
    25.53000000     0.00000000
    25.54000000     0.00000000
    25.55000000     0.00000000
    25.56000000     0.00000000
    25.57000000     0.00000000
    25.58000000     0.00000000
    25.59000000     0.00000000
    25.60000000     0.00000000
    25.61000000     0.00000000
    25.62000000     0.00000000
    25.63000000     0.00000000
    25.64000000     0.00000000
    25.65000000     0.00000000
    25.66000000     0.00000000
    25.67000000     0.00000000
    25.68000000     0.00000000
    25.69000000     0.00000000
    25.70000000     0.00000000
    25.71000000     0.00000000
    25.72000000     0.00000000
    25.73000000     0.00000000
    25.74000000     0.00000000
    25.75000000     0.00000000
    25.76000000     0.00000000
    25.77000000     0.00000000
    25.78000000     0.00000000
    25.79000000     0.00000000
    25.80000000     0.00000000
    25.81000000     0.00000000
    25.82000000     0.00000000
    25.83000000     0.00000000
    25.84000000     0.00000000
    25.85000000     0.00000000
    25.86000000     0.00000000
    25.87000000     0.00000000
    25.88000000     0.00000000
    25.89000000     0.00000000
    25.90000000     0.00000000
    25.91000000     0.00000000
    25.92000000     0.00000000
    25.93000000     0.00000000
    25.94000000     0.00000000
    25.95000000     0.00000000
    25.96000000     0.00000000
    25.97000000     0.00000000
    25.98000000     0.00000000
    25.99000000     0.00000000
    26.00000000     0.00000000
    26.01000000     0.00000000
    26.02000000     0.00000000
    26.03000000     0.00000000
    26.04000000     0.00000000
    26.05000000     0.00000000
    26.06000000     0.00000000
    26.07000000     0.00000000
    26.08000000     0.00000000
    26.09000000     0.00000000
    26.10000000     0.00000000
    26.11000000     0.00000000
    26.12000000     0.00000000
    26.13000000     0.00000000
    26.14000000     0.00000000
    26.15000000     0.00000000
    26.16000000     0.00000000
    26.17000000     0.00000000
    26.18000000     0.00000000
    26.19000000     0.00000000
    26.20000000     0.00000000
    26.21000000     0.00000000
    26.22000000     0.00000000
    26.23000000     0.00000000
    26.24000000     0.00000000
    26.25000000     0.00000000
    26.26000000     0.00000000
    26.27000000     0.00000000
    26.28000000     0.00000000
    26.29000000     0.00000000
    26.30000000     0.00000000
    26.31000000     0.00000000
    26.32000000     0.00000000
    26.33000000     0.00000000
    26.34000000     0.00000000
    26.35000000     0.00000000
    26.36000000     0.00000000
    26.37000000     0.00000000
    26.38000000     0.00000000
    26.39000000     0.00000000
    26.40000000     0.00000000
    26.41000000     0.00000000
    26.42000000     0.00000000
    26.43000000     0.00000000
    26.44000000     0.00000000
    26.45000000     0.00000000
    26.46000000     0.00000000
    26.47000000     0.00000000
    26.48000000     0.00000000
    26.49000000     0.00000000
    26.50000000     0.00000000
    26.51000000     0.00000000
    26.52000000     0.00000000
    26.53000000     0.00000000
    26.54000000     0.00000000
    26.55000000     0.00000000
    26.56000000     0.00000000
    26.57000000     0.00000000
    26.58000000     0.00000000
    26.59000000     0.00000000
    26.60000000     0.00000000
    26.61000000     0.00000000
    26.62000000     0.00000000
    26.63000000     0.00000000
    26.64000000     0.00000000
    26.65000000     0.00000000
    26.66000000     0.00000000
    26.67000000     0.00000000
    26.68000000     0.00000000
    26.69000000     0.00000000
    26.70000000     0.00000000
    26.71000000     0.00000000
    26.72000000     0.00000000
    26.73000000     0.00000000
    26.74000000     0.00000000
    26.75000000     0.00000000
    26.76000000     0.00000000
    26.77000000     0.00000000
    26.78000000     0.00000000
    26.79000000     0.00000000
    26.80000000     0.00000000
    26.81000000     0.00000000
    26.82000000     0.00000000
    26.83000000     0.00000000
    26.84000000     0.00000000
    26.85000000     0.00000000
    26.86000000     0.00000000
    26.87000000     0.00000000
    26.88000000     0.00000000
    26.89000000     0.00000000
    26.90000000     0.00000000
    26.91000000     0.00000000
    26.92000000     0.00000000
    26.93000000     0.00000000
    26.94000000     0.00000000
    26.95000000     0.00000000
    26.96000000     0.00000000
    26.97000000     0.00000000
    26.98000000     0.00000000
    26.99000000     0.00000000
    27.00000000     0.00000000
    27.01000000     0.00000000
    27.02000000     0.00000000
    27.03000000     0.00000000
    27.04000000     0.00000000
    27.05000000     0.00000000
    27.06000000     0.00000000
    27.07000000     0.00000000
    27.08000000     0.00000000
    27.09000000     0.00000000
    27.10000000     0.00000000
    27.11000000     0.00000000
    27.12000000     0.00000000
    27.13000000     0.00000000
    27.14000000     0.00000000
    27.15000000     0.00000000
    27.16000000     0.00000000
    27.17000000     0.00000000
    27.18000000     0.00000000
    27.19000000     0.00000000
    27.20000000     0.00000000
    27.21000000     0.00000000
    27.22000000     0.00000000
    27.23000000     0.00000000
    27.24000000     0.00000000
    27.25000000     0.00000000
    27.26000000     0.00000000
    27.27000000     0.00000000
    27.28000000     0.00000000
    27.29000000     0.00000000
    27.30000000     0.00000000
    27.31000000     0.00000000
    27.32000000     0.00000000
    27.33000000     0.00000000
    27.34000000     0.00000000
    27.35000000     0.00000000
    27.36000000     0.00000000
    27.37000000     0.00000000
    27.38000000     0.00000000
    27.39000000     0.00000000
    27.40000000     0.00000000
    27.41000000     0.00000000
    27.42000000     0.00000000
    27.43000000     0.00000000
    27.44000000     0.00000000
    27.45000000     0.00000000
    27.46000000     0.00000000
    27.47000000     0.00000000
    27.48000000     0.00000000
    27.49000000     0.00000000
    27.50000000     0.00000000
    27.51000000     0.00000000
    27.52000000     0.00000000
    27.53000000     0.00000000
    27.54000000     0.00000000
    27.55000000     0.00000000
    27.56000000     0.00000000
    27.57000000     0.00000000
    27.58000000     0.00000000
    27.59000000     0.00000000
    27.60000000     0.00000000
    27.61000000     0.00000000
    27.62000000     0.00000000
    27.63000000     0.00000000
    27.64000000     0.00000000
    27.65000000     0.00000000
    27.66000000     0.00000000
    27.67000000     0.00000000
    27.68000000     0.00000000
    27.69000000     0.00000000
    27.70000000     0.00000000
    27.71000000     0.00000000
    27.72000000     0.00000000
    27.73000000     0.00000000
    27.74000000     0.00000000
    27.75000000     0.00000000
    27.76000000     0.00000000
    27.77000000     0.00000000
    27.78000000     0.00000000
    27.79000000     0.00000000
    27.80000000     0.00000000
    27.81000000     0.00000000
    27.82000000     0.00000000
    27.83000000     0.00000000
    27.84000000     0.00000000
    27.85000000     0.00000000
    27.86000000     0.00000000
    27.87000000     0.00000000
    27.88000000     0.00000000
    27.89000000     0.00000000
    27.90000000     0.00000000
    27.91000000     0.00000000
    27.92000000     0.00000000
    27.93000000     0.00000000
    27.94000000     0.00000000
    27.95000000     0.00000000
    27.96000000     0.00000000
    27.97000000     0.00000000
    27.98000000     0.00000000
    27.99000000     0.00000000
    28.00000000     0.00000000
    28.01000000     0.00000000
    28.02000000     0.00000000
    28.03000000     0.00000000
    28.04000000     0.00000000
    28.05000000     0.00000000
    28.06000000     0.00000000
    28.07000000     0.00000000
    28.08000000     0.00000000
    28.09000000     0.00000000
    28.10000000     0.00000000
    28.11000000     0.00000000
    28.12000000     0.00000000
    28.13000000     0.00000000
    28.14000000     0.00000000
    28.15000000     0.00000000
    28.16000000     0.00000000
    28.17000000     0.00000000
    28.18000000     0.00000000
    28.19000000     0.00000000
    28.20000000     0.00000000
    28.21000000     0.00000000
    28.22000000     0.00000000
    28.23000000     0.00000000
    28.24000000     0.00000000
    28.25000000     0.00000000
    28.26000000     0.00000000
    28.27000000     0.00000000
    28.28000000     0.00000000
    28.29000000     0.00000000
    28.30000000     0.00000000
    28.31000000     0.00000000
    28.32000000     0.00000000
    28.33000000     0.00000000
    28.34000000     0.00000000
    28.35000000     0.00000000
    28.36000000     0.00000000
    28.37000000     0.00000000
    28.38000000     0.00000000
    28.39000000     0.00000000
    28.40000000     0.00000000
    28.41000000     0.00000000
    28.42000000     0.00000000
    28.43000000     0.00000000
    28.44000000     0.00000000
    28.45000000     0.00000000
    28.46000000     0.00000000
    28.47000000     0.00000000
    28.48000000     0.00000000
    28.49000000     0.00000000
    28.50000000     0.00000000
    28.51000000     0.00000000
    28.52000000     0.00000000
    28.53000000     0.00000000
    28.54000000     0.00000000
    28.55000000     0.00000000
    28.56000000     0.00000000
    28.57000000     0.00000000
    28.58000000     0.00000000
    28.59000000     0.00000000
    28.60000000     0.00000000
    28.61000000     0.00000000
    28.62000000     0.00000000
    28.63000000     0.00000000
    28.64000000     0.00000000
    28.65000000     0.00000000
    28.66000000     0.00000000
    28.67000000     0.00000000
    28.68000000     0.00000000
    28.69000000     0.00000000
    28.70000000     0.00000000
    28.71000000     0.00000000
    28.72000000     0.00000000
    28.73000000     0.00000000
    28.74000000     0.00000000
    28.75000000     0.00000000
    28.76000000     0.00000000
    28.77000000     0.00000000
    28.78000000     0.00000000
    28.79000000     0.00000000
    28.80000000     0.00000000
    28.81000000     0.00000000
    28.82000000     0.00000000
    28.83000000     0.00000000
    28.84000000     0.00000000
    28.85000000     0.00000000
    28.86000000     0.00000000
    28.87000000     0.00000000
    28.88000000     0.00000000
    28.89000000     0.00000000
    28.90000000     0.00000000
    28.91000000     0.00000000
    28.92000000     0.00000000
    28.93000000     0.00000000
    28.94000000     0.00000000
    28.95000000     0.00000000
    28.96000000     0.00000000
    28.97000000     0.00000000
    28.98000000     0.00000000
    28.99000000     0.00000000
    29.00000000     0.00000000
    29.01000000     0.00000000
    29.02000000     0.00000000
    29.03000000     0.00000000
    29.04000000     0.00000000
    29.05000000     0.00000000
    29.06000000     0.00000000
    29.07000000     0.00000000
    29.08000000     0.00000000
    29.09000000     0.00000000
    29.10000000     0.00000000
    29.11000000     0.00000000
    29.12000000     0.00000000
    29.13000000     0.00000000
    29.14000000     0.00000000
    29.15000000     0.00000000
    29.16000000     0.00000000
    29.17000000     0.00000000
    29.18000000     0.00000000
    29.19000000     0.00000000
    29.20000000     0.00000000
    29.21000000     0.00000000
    29.22000000     0.00000000
    29.23000000     0.00000000
    29.24000000     0.00000000
    29.25000000     0.00000000
    29.26000000     0.00000000
    29.27000000     0.00000000
    29.28000000     0.00000000
    29.29000000     0.00000000
    29.30000000     0.00000000
    29.31000000     0.00000000
    29.32000000     0.00000000
    29.33000000     0.00000000
    29.34000000     0.00000000
    29.35000000     0.00000000
    29.36000000     0.00000000
    29.37000000     0.00000000
    29.38000000     0.00000000
    29.39000000     0.00000000
    29.40000000     0.00000000
    29.41000000     0.00000000
    29.42000000     0.00000000
    29.43000000     0.00000000
    29.44000000     0.00000000
    29.45000000     0.00000000
    29.46000000     0.00000000
    29.47000000     0.00000000
    29.48000000     0.00000000
    29.49000000     0.00000000
    29.50000000     0.00000000
    29.51000000     0.00000000
    29.52000000     0.00000000
    29.53000000     0.00000000
    29.54000000     0.00000000
    29.55000000     0.00000000
    29.56000000     0.00000000
    29.57000000     0.00000000
    29.58000000     0.00000000
    29.59000000     0.00000000
    29.60000000     0.00000000
    29.61000000     0.00000000
    29.62000000     0.00000000
    29.63000000     0.00000000
    29.64000000     0.00000000
    29.65000000     0.00000000
    29.66000000     0.00000000
    29.67000000     0.00000000
    29.68000000     0.00000000
    29.69000000     0.00000000
    29.70000000     0.00000000
    29.71000000     0.00000000
    29.72000000     0.00000000
    29.73000000     0.00000000
    29.74000000     0.00000000
    29.75000000     0.00000000
    29.76000000     0.00000000
    29.77000000     0.00000000
    29.78000000     0.00000000
    29.79000000     0.00000000
    29.80000000     0.00000000
    29.81000000     0.00000000
    29.82000000     0.00000000
    29.83000000     0.00000000
    29.84000000     0.00000000
    29.85000000     0.00000000
    29.86000000     0.00000000
    29.87000000     0.00000000
    29.88000000     0.00000000
    29.89000000     0.00000000
    29.90000000     0.00000000
    29.91000000     0.00000000
    29.92000000     0.00000000
    29.93000000     0.00000000
    29.94000000     0.00000000
    29.95000000     0.00000000
    29.96000000     0.00000000
    29.97000000     0.00000000
    29.98000000     0.00000000
    29.99000000     0.00000000
