#nl2j    7    3    5
     0.01000000     0.00000000
     0.02000000     0.00000000
     0.03000000     0.00000000
     0.04000000     0.00000000
     0.05000000     0.00000001
     0.06000000     0.00000001
     0.07000000     0.00000002
     0.08000000     0.00000004
     0.09000000     0.00000006
     0.10000000     0.00000009
     0.11000000     0.00000013
     0.12000000     0.00000019
     0.13000000     0.00000026
     0.14000000     0.00000035
     0.15000000     0.00000046
     0.16000000     0.00000059
     0.17000000     0.00000075
     0.18000000     0.00000094
     0.19000000     0.00000117
     0.20000000     0.00000144
     0.21000000     0.00000174
     0.22000000     0.00000210
     0.23000000     0.00000251
     0.24000000     0.00000297
     0.25000000     0.00000350
     0.26000000     0.00000409
     0.27000000     0.00000475
     0.28000000     0.00000549
     0.29000000     0.00000631
     0.30000000     0.00000722
     0.31000000     0.00000823
     0.32000000     0.00000934
     0.33000000     0.00001055
     0.34000000     0.00001188
     0.35000000     0.00001333
     0.36000000     0.00001491
     0.37000000     0.00001662
     0.38000000     0.00001847
     0.39000000     0.00002048
     0.40000000     0.00002264
     0.41000000     0.00002496
     0.42000000     0.00002746
     0.43000000     0.00003014
     0.44000000     0.00003301
     0.45000000     0.00003608
     0.46000000     0.00003935
     0.47000000     0.00004283
     0.48000000     0.00004654
     0.49000000     0.00005049
     0.50000000     0.00005467
     0.51000000     0.00005910
     0.52000000     0.00006380
     0.53000000     0.00006876
     0.54000000     0.00007400
     0.55000000     0.00007953
     0.56000000     0.00008536
     0.57000000     0.00009150
     0.58000000     0.00009796
     0.59000000     0.00010474
     0.60000000     0.00011186
     0.61000000     0.00011933
     0.62000000     0.00012716
     0.63000000     0.00013536
     0.64000000     0.00014394
     0.65000000     0.00015291
     0.66000000     0.00016228
     0.67000000     0.00017206
     0.68000000     0.00018226
     0.69000000     0.00019290
     0.70000000     0.00020398
     0.71000000     0.00021552
     0.72000000     0.00022752
     0.73000000     0.00024000
     0.74000000     0.00025297
     0.75000000     0.00026644
     0.76000000     0.00028042
     0.77000000     0.00029492
     0.78000000     0.00030996
     0.79000000     0.00032553
     0.80000000     0.00034167
     0.81000000     0.00035837
     0.82000000     0.00037564
     0.83000000     0.00039351
     0.84000000     0.00041198
     0.85000000     0.00043105
     0.86000000     0.00045075
     0.87000000     0.00047109
     0.88000000     0.00049206
     0.89000000     0.00051370
     0.90000000     0.00053600
     0.91000000     0.00055898
     0.92000000     0.00058264
     0.93000000     0.00060701
     0.94000000     0.00063209
     0.95000000     0.00065788
     0.96000000     0.00068441
     0.97000000     0.00071169
     0.98000000     0.00073971
     0.99000000     0.00076850
     1.00000000     0.00079806
     1.01000000     0.00082841
     1.02000000     0.00085955
     1.03000000     0.00089150
     1.04000000     0.00092426
     1.05000000     0.00095785
     1.06000000     0.00099227
     1.07000000     0.00102754
     1.08000000     0.00106366
     1.09000000     0.00110064
     1.10000000     0.00113850
     1.11000000     0.00117723
     1.12000000     0.00121686
     1.13000000     0.00125739
     1.14000000     0.00129883
     1.15000000     0.00134118
     1.16000000     0.00138446
     1.17000000     0.00142868
     1.18000000     0.00147384
     1.19000000     0.00151994
     1.20000000     0.00156701
     1.21000000     0.00161504
     1.22000000     0.00166404
     1.23000000     0.00171403
     1.24000000     0.00176500
     1.25000000     0.00181697
     1.26000000     0.00186993
     1.27000000     0.00192391
     1.28000000     0.00197890
     1.29000000     0.00203491
     1.30000000     0.00209194
     1.31000000     0.00215001
     1.32000000     0.00220911
     1.33000000     0.00226925
     1.34000000     0.00233044
     1.35000000     0.00239269
     1.36000000     0.00245598
     1.37000000     0.00252034
     1.38000000     0.00258577
     1.39000000     0.00265226
     1.40000000     0.00271982
     1.41000000     0.00278846
     1.42000000     0.00285817
     1.43000000     0.00292897
     1.44000000     0.00300085
     1.45000000     0.00307381
     1.46000000     0.00314786
     1.47000000     0.00322301
     1.48000000     0.00329924
     1.49000000     0.00337656
     1.50000000     0.00345497
     1.51000000     0.00353448
     1.52000000     0.00361508
     1.53000000     0.00369677
     1.54000000     0.00377956
     1.55000000     0.00386343
     1.56000000     0.00394840
     1.57000000     0.00403446
     1.58000000     0.00412161
     1.59000000     0.00420984
     1.60000000     0.00429916
     1.61000000     0.00438956
     1.62000000     0.00448104
     1.63000000     0.00457360
     1.64000000     0.00466723
     1.65000000     0.00476192
     1.66000000     0.00485769
     1.67000000     0.00495451
     1.68000000     0.00505239
     1.69000000     0.00515133
     1.70000000     0.00525131
     1.71000000     0.00535233
     1.72000000     0.00545438
     1.73000000     0.00555747
     1.74000000     0.00566157
     1.75000000     0.00576669
     1.76000000     0.00587282
     1.77000000     0.00597995
     1.78000000     0.00608807
     1.79000000     0.00619718
     1.80000000     0.00630726
     1.81000000     0.00641831
     1.82000000     0.00653032
     1.83000000     0.00664328
     1.84000000     0.00675717
     1.85000000     0.00687199
     1.86000000     0.00698774
     1.87000000     0.00710439
     1.88000000     0.00722193
     1.89000000     0.00734036
     1.90000000     0.00745966
     1.91000000     0.00757983
     1.92000000     0.00770084
     1.93000000     0.00782269
     1.94000000     0.00794536
     1.95000000     0.00806884
     1.96000000     0.00819311
     1.97000000     0.00831817
     1.98000000     0.00844399
     1.99000000     0.00857057
     2.00000000     0.00869788
     2.01000000     0.00882591
     2.02000000     0.00895465
     2.03000000     0.00908409
     2.04000000     0.00921419
     2.05000000     0.00934495
     2.06000000     0.00947636
     2.07000000     0.00960838
     2.08000000     0.00974102
     2.09000000     0.00987424
     2.10000000     0.01000803
     2.11000000     0.01014237
     2.12000000     0.01027725
     2.13000000     0.01041264
     2.14000000     0.01054852
     2.15000000     0.01068488
     2.16000000     0.01082169
     2.17000000     0.01095895
     2.18000000     0.01109661
     2.19000000     0.01123467
     2.20000000     0.01137310
     2.21000000     0.01151189
     2.22000000     0.01165100
     2.23000000     0.01179043
     2.24000000     0.01193014
     2.25000000     0.01207012
     2.26000000     0.01221034
     2.27000000     0.01235078
     2.28000000     0.01249141
     2.29000000     0.01263222
     2.30000000     0.01277318
     2.31000000     0.01291427
     2.32000000     0.01305546
     2.33000000     0.01319672
     2.34000000     0.01333804
     2.35000000     0.01347939
     2.36000000     0.01362075
     2.37000000     0.01376208
     2.38000000     0.01390337
     2.39000000     0.01404459
     2.40000000     0.01418572
     2.41000000     0.01432672
     2.42000000     0.01446757
     2.43000000     0.01460825
     2.44000000     0.01474873
     2.45000000     0.01488898
     2.46000000     0.01502898
     2.47000000     0.01516871
     2.48000000     0.01530812
     2.49000000     0.01544720
     2.50000000     0.01558592
     2.51000000     0.01572425
     2.52000000     0.01586217
     2.53000000     0.01599964
     2.54000000     0.01613664
     2.55000000     0.01627315
     2.56000000     0.01640913
     2.57000000     0.01654455
     2.58000000     0.01667939
     2.59000000     0.01681362
     2.60000000     0.01694722
     2.61000000     0.01708014
     2.62000000     0.01721237
     2.63000000     0.01734388
     2.64000000     0.01747463
     2.65000000     0.01760461
     2.66000000     0.01773377
     2.67000000     0.01786210
     2.68000000     0.01798956
     2.69000000     0.01811613
     2.70000000     0.01824177
     2.71000000     0.01836646
     2.72000000     0.01849016
     2.73000000     0.01861286
     2.74000000     0.01873452
     2.75000000     0.01885511
     2.76000000     0.01897461
     2.77000000     0.01909298
     2.78000000     0.01921020
     2.79000000     0.01932623
     2.80000000     0.01944106
     2.81000000     0.01955464
     2.82000000     0.01966696
     2.83000000     0.01977798
     2.84000000     0.01988768
     2.85000000     0.01999603
     2.86000000     0.02010300
     2.87000000     0.02020855
     2.88000000     0.02031268
     2.89000000     0.02041533
     2.90000000     0.02051650
     2.91000000     0.02061615
     2.92000000     0.02071425
     2.93000000     0.02081077
     2.94000000     0.02090570
     2.95000000     0.02099899
     2.96000000     0.02109063
     2.97000000     0.02118059
     2.98000000     0.02126884
     2.99000000     0.02135536
     3.00000000     0.02144011
     3.01000000     0.02152308
     3.02000000     0.02160423
     3.03000000     0.02168355
     3.04000000     0.02176100
     3.05000000     0.02183656
     3.06000000     0.02191021
     3.07000000     0.02198192
     3.08000000     0.02205167
     3.09000000     0.02211942
     3.10000000     0.02218517
     3.11000000     0.02224888
     3.12000000     0.02231053
     3.13000000     0.02237010
     3.14000000     0.02242756
     3.15000000     0.02248290
     3.16000000     0.02253608
     3.17000000     0.02258709
     3.18000000     0.02263591
     3.19000000     0.02268251
     3.20000000     0.02272687
     3.21000000     0.02276898
     3.22000000     0.02280880
     3.23000000     0.02284633
     3.24000000     0.02288154
     3.25000000     0.02291441
     3.26000000     0.02294492
     3.27000000     0.02297305
     3.28000000     0.02299879
     3.29000000     0.02302211
     3.30000000     0.02304301
     3.31000000     0.02306145
     3.32000000     0.02307743
     3.33000000     0.02309092
     3.34000000     0.02310192
     3.35000000     0.02311040
     3.36000000     0.02311635
     3.37000000     0.02311975
     3.38000000     0.02312060
     3.39000000     0.02311886
     3.40000000     0.02311454
     3.41000000     0.02310762
     3.42000000     0.02309809
     3.43000000     0.02308592
     3.44000000     0.02307112
     3.45000000     0.02305366
     3.46000000     0.02303354
     3.47000000     0.02301075
     3.48000000     0.02298527
     3.49000000     0.02295710
     3.50000000     0.02292622
     3.51000000     0.02289263
     3.52000000     0.02285633
     3.53000000     0.02281729
     3.54000000     0.02277551
     3.55000000     0.02273100
     3.56000000     0.02268373
     3.57000000     0.02263370
     3.58000000     0.02258092
     3.59000000     0.02252536
     3.60000000     0.02246704
     3.61000000     0.02240593
     3.62000000     0.02234205
     3.63000000     0.02227539
     3.64000000     0.02220594
     3.65000000     0.02213370
     3.66000000     0.02205868
     3.67000000     0.02198086
     3.68000000     0.02190025
     3.69000000     0.02181685
     3.70000000     0.02173067
     3.71000000     0.02164169
     3.72000000     0.02154993
     3.73000000     0.02145538
     3.74000000     0.02135804
     3.75000000     0.02125793
     3.76000000     0.02115504
     3.77000000     0.02104938
     3.78000000     0.02094095
     3.79000000     0.02082976
     3.80000000     0.02071582
     3.81000000     0.02059912
     3.82000000     0.02047968
     3.83000000     0.02035751
     3.84000000     0.02023260
     3.85000000     0.02010498
     3.86000000     0.01997465
     3.87000000     0.01984162
     3.88000000     0.01970590
     3.89000000     0.01956750
     3.90000000     0.01942643
     3.91000000     0.01928270
     3.92000000     0.01913633
     3.93000000     0.01898733
     3.94000000     0.01883571
     3.95000000     0.01868148
     3.96000000     0.01852467
     3.97000000     0.01836527
     3.98000000     0.01820332
     3.99000000     0.01803883
     4.00000000     0.01787181
     4.01000000     0.01770228
     4.02000000     0.01753026
     4.03000000     0.01735576
     4.04000000     0.01717881
     4.05000000     0.01699942
     4.06000000     0.01681762
     4.07000000     0.01663342
     4.08000000     0.01644684
     4.09000000     0.01625791
     4.10000000     0.01606665
     4.11000000     0.01587307
     4.12000000     0.01567721
     4.13000000     0.01547909
     4.14000000     0.01527872
     4.15000000     0.01507614
     4.16000000     0.01487136
     4.17000000     0.01466442
     4.18000000     0.01445534
     4.19000000     0.01424414
     4.20000000     0.01403086
     4.21000000     0.01381552
     4.22000000     0.01359814
     4.23000000     0.01337876
     4.24000000     0.01315740
     4.25000000     0.01293409
     4.26000000     0.01270887
     4.27000000     0.01248175
     4.28000000     0.01225278
     4.29000000     0.01202199
     4.30000000     0.01178939
     4.31000000     0.01155503
     4.32000000     0.01131894
     4.33000000     0.01108115
     4.34000000     0.01084170
     4.35000000     0.01060060
     4.36000000     0.01035791
     4.37000000     0.01011365
     4.38000000     0.00986786
     4.39000000     0.00962058
     4.40000000     0.00937183
     4.41000000     0.00912165
     4.42000000     0.00887009
     4.43000000     0.00861717
     4.44000000     0.00836293
     4.45000000     0.00810741
     4.46000000     0.00785065
     4.47000000     0.00759268
     4.48000000     0.00733354
     4.49000000     0.00707328
     4.50000000     0.00681192
     4.51000000     0.00654951
     4.52000000     0.00628609
     4.53000000     0.00602170
     4.54000000     0.00575637
     4.55000000     0.00549014
     4.56000000     0.00522307
     4.57000000     0.00495518
     4.58000000     0.00468651
     4.59000000     0.00441712
     4.60000000     0.00414703
     4.61000000     0.00387630
     4.62000000     0.00360495
     4.63000000     0.00333305
     4.64000000     0.00306061
     4.65000000     0.00278770
     4.66000000     0.00251435
     4.67000000     0.00224060
     4.68000000     0.00196650
     4.69000000     0.00169209
     4.70000000     0.00141741
     4.71000000     0.00114250
     4.72000000     0.00086742
     4.73000000     0.00059219
     4.74000000     0.00031688
     4.75000000     0.00004151
     4.76000000    -0.00023387
     4.77000000    -0.00050920
     4.78000000    -0.00078446
     4.79000000    -0.00105959
     4.80000000    -0.00133455
     4.81000000    -0.00160930
     4.82000000    -0.00188379
     4.83000000    -0.00215798
     4.84000000    -0.00243182
     4.85000000    -0.00270527
     4.86000000    -0.00297829
     4.87000000    -0.00325083
     4.88000000    -0.00352285
     4.89000000    -0.00379429
     4.90000000    -0.00406513
     4.91000000    -0.00433531
     4.92000000    -0.00460480
     4.93000000    -0.00487354
     4.94000000    -0.00514149
     4.95000000    -0.00540861
     4.96000000    -0.00567485
     4.97000000    -0.00594018
     4.98000000    -0.00620454
     4.99000000    -0.00646790
     5.00000000    -0.00673021
     5.01000000    -0.00699143
     5.02000000    -0.00725151
     5.03000000    -0.00751041
     5.04000000    -0.00776809
     5.05000000    -0.00802451
     5.06000000    -0.00827962
     5.07000000    -0.00853338
     5.08000000    -0.00878575
     5.09000000    -0.00903669
     5.10000000    -0.00928615
     5.11000000    -0.00953410
     5.12000000    -0.00978049
     5.13000000    -0.01002529
     5.14000000    -0.01026845
     5.15000000    -0.01050992
     5.16000000    -0.01074968
     5.17000000    -0.01098769
     5.18000000    -0.01122389
     5.19000000    -0.01145826
     5.20000000    -0.01169075
     5.21000000    -0.01192132
     5.22000000    -0.01214994
     5.23000000    -0.01237658
     5.24000000    -0.01260118
     5.25000000    -0.01282371
     5.26000000    -0.01304415
     5.27000000    -0.01326244
     5.28000000    -0.01347856
     5.29000000    -0.01369246
     5.30000000    -0.01390412
     5.31000000    -0.01411350
     5.32000000    -0.01432056
     5.33000000    -0.01452527
     5.34000000    -0.01472760
     5.35000000    -0.01492750
     5.36000000    -0.01512496
     5.37000000    -0.01531993
     5.38000000    -0.01551239
     5.39000000    -0.01570230
     5.40000000    -0.01588963
     5.41000000    -0.01607435
     5.42000000    -0.01625643
     5.43000000    -0.01643585
     5.44000000    -0.01661256
     5.45000000    -0.01678655
     5.46000000    -0.01695779
     5.47000000    -0.01712624
     5.48000000    -0.01729188
     5.49000000    -0.01745469
     5.50000000    -0.01761463
     5.51000000    -0.01777168
     5.52000000    -0.01792583
     5.53000000    -0.01807703
     5.54000000    -0.01822527
     5.55000000    -0.01837053
     5.56000000    -0.01851278
     5.57000000    -0.01865200
     5.58000000    -0.01878817
     5.59000000    -0.01892127
     5.60000000    -0.01905127
     5.61000000    -0.01917816
     5.62000000    -0.01930191
     5.63000000    -0.01942252
     5.64000000    -0.01953996
     5.65000000    -0.01965420
     5.66000000    -0.01976525
     5.67000000    -0.01987307
     5.68000000    -0.01997766
     5.69000000    -0.02007900
     5.70000000    -0.02017707
     5.71000000    -0.02027186
     5.72000000    -0.02036336
     5.73000000    -0.02045155
     5.74000000    -0.02053643
     5.75000000    -0.02061798
     5.76000000    -0.02069619
     5.77000000    -0.02077105
     5.78000000    -0.02084255
     5.79000000    -0.02091068
     5.80000000    -0.02097544
     5.81000000    -0.02103681
     5.82000000    -0.02109479
     5.83000000    -0.02114938
     5.84000000    -0.02120056
     5.85000000    -0.02124834
     5.86000000    -0.02129270
     5.87000000    -0.02133366
     5.88000000    -0.02137119
     5.89000000    -0.02140530
     5.90000000    -0.02143599
     5.91000000    -0.02146326
     5.92000000    -0.02148710
     5.93000000    -0.02150753
     5.94000000    -0.02152452
     5.95000000    -0.02153810
     5.96000000    -0.02154826
     5.97000000    -0.02155500
     5.98000000    -0.02155833
     5.99000000    -0.02155826
     6.00000000    -0.02155478
     6.01000000    -0.02154789
     6.02000000    -0.02153762
     6.03000000    -0.02152396
     6.04000000    -0.02150693
     6.05000000    -0.02148652
     6.06000000    -0.02146274
     6.07000000    -0.02143562
     6.08000000    -0.02140515
     6.09000000    -0.02137135
     6.10000000    -0.02133422
     6.11000000    -0.02129378
     6.12000000    -0.02125005
     6.13000000    -0.02120302
     6.14000000    -0.02115273
     6.15000000    -0.02109917
     6.16000000    -0.02104236
     6.17000000    -0.02098233
     6.18000000    -0.02091908
     6.19000000    -0.02085263
     6.20000000    -0.02078300
     6.21000000    -0.02071020
     6.22000000    -0.02063426
     6.23000000    -0.02055518
     6.24000000    -0.02047299
     6.25000000    -0.02038771
     6.26000000    -0.02029936
     6.27000000    -0.02020796
     6.28000000    -0.02011352
     6.29000000    -0.02001608
     6.30000000    -0.01991564
     6.31000000    -0.01981224
     6.32000000    -0.01970589
     6.33000000    -0.01959663
     6.34000000    -0.01948446
     6.35000000    -0.01936942
     6.36000000    -0.01925154
     6.37000000    -0.01913083
     6.38000000    -0.01900731
     6.39000000    -0.01888103
     6.40000000    -0.01875200
     6.41000000    -0.01862024
     6.42000000    -0.01848580
     6.43000000    -0.01834868
     6.44000000    -0.01820893
     6.45000000    -0.01806656
     6.46000000    -0.01792161
     6.47000000    -0.01777411
     6.48000000    -0.01762408
     6.49000000    -0.01747155
     6.50000000    -0.01731655
     6.51000000    -0.01715912
     6.52000000    -0.01699928
     6.53000000    -0.01683706
     6.54000000    -0.01667249
     6.55000000    -0.01650561
     6.56000000    -0.01633644
     6.57000000    -0.01616502
     6.58000000    -0.01599138
     6.59000000    -0.01581555
     6.60000000    -0.01563756
     6.61000000    -0.01545744
     6.62000000    -0.01527523
     6.63000000    -0.01509096
     6.64000000    -0.01490466
     6.65000000    -0.01471637
     6.66000000    -0.01452611
     6.67000000    -0.01433392
     6.68000000    -0.01413984
     6.69000000    -0.01394389
     6.70000000    -0.01374611
     6.71000000    -0.01354654
     6.72000000    -0.01334521
     6.73000000    -0.01314214
     6.74000000    -0.01293739
     6.75000000    -0.01273097
     6.76000000    -0.01252292
     6.77000000    -0.01231328
     6.78000000    -0.01210208
     6.79000000    -0.01188935
     6.80000000    -0.01167513
     6.81000000    -0.01145945
     6.82000000    -0.01124235
     6.83000000    -0.01102386
     6.84000000    -0.01080401
     6.85000000    -0.01058284
     6.86000000    -0.01036038
     6.87000000    -0.01013666
     6.88000000    -0.00991172
     6.89000000    -0.00968559
     6.90000000    -0.00945830
     6.91000000    -0.00922989
     6.92000000    -0.00900039
     6.93000000    -0.00876983
     6.94000000    -0.00853825
     6.95000000    -0.00830567
     6.96000000    -0.00807214
     6.97000000    -0.00783768
     6.98000000    -0.00760232
     6.99000000    -0.00736610
     7.00000000    -0.00712905
     7.01000000    -0.00689120
     7.02000000    -0.00665258
     7.03000000    -0.00641323
     7.04000000    -0.00617316
     7.05000000    -0.00593242
     7.06000000    -0.00569104
     7.07000000    -0.00544904
     7.08000000    -0.00520645
     7.09000000    -0.00496331
     7.10000000    -0.00471964
     7.11000000    -0.00447548
     7.12000000    -0.00423084
     7.13000000    -0.00398577
     7.14000000    -0.00374028
     7.15000000    -0.00349441
     7.16000000    -0.00324819
     7.17000000    -0.00300163
     7.18000000    -0.00275477
     7.19000000    -0.00250764
     7.20000000    -0.00226026
     7.21000000    -0.00201266
     7.22000000    -0.00176487
     7.23000000    -0.00151690
     7.24000000    -0.00126878
     7.25000000    -0.00102055
     7.26000000    -0.00077221
     7.27000000    -0.00052381
     7.28000000    -0.00027535
     7.29000000    -0.00002687
     7.30000000     0.00022161
     7.31000000     0.00047007
     7.32000000     0.00071849
     7.33000000     0.00096684
     7.34000000     0.00121511
     7.35000000     0.00146328
     7.36000000     0.00171131
     7.37000000     0.00195919
     7.38000000     0.00220691
     7.39000000     0.00245444
     7.40000000     0.00270176
     7.41000000     0.00294886
     7.42000000     0.00319571
     7.43000000     0.00344229
     7.44000000     0.00368860
     7.45000000     0.00393461
     7.46000000     0.00418030
     7.47000000     0.00442566
     7.48000000     0.00467067
     7.49000000     0.00491531
     7.50000000     0.00515958
     7.51000000     0.00540345
     7.52000000     0.00564691
     7.53000000     0.00588995
     7.54000000     0.00613254
     7.55000000     0.00637469
     7.56000000     0.00661637
     7.57000000     0.00685757
     7.58000000     0.00709828
     7.59000000     0.00733849
     7.60000000     0.00757818
     7.61000000     0.00781735
     7.62000000     0.00805597
     7.63000000     0.00829405
     7.64000000     0.00853157
     7.65000000     0.00876853
     7.66000000     0.00900490
     7.67000000     0.00924068
     7.68000000     0.00947587
     7.69000000     0.00971045
     7.70000000     0.00994442
     7.71000000     0.01017777
     7.72000000     0.01041048
     7.73000000     0.01064256
     7.74000000     0.01087399
     7.75000000     0.01110478
     7.76000000     0.01133490
     7.77000000     0.01156437
     7.78000000     0.01179316
     7.79000000     0.01202128
     7.80000000     0.01224871
     7.81000000     0.01247547
     7.82000000     0.01270153
     7.83000000     0.01292690
     7.84000000     0.01315157
     7.85000000     0.01337554
     7.86000000     0.01359881
     7.87000000     0.01382136
     7.88000000     0.01404321
     7.89000000     0.01426434
     7.90000000     0.01448476
     7.91000000     0.01470446
     7.92000000     0.01492343
     7.93000000     0.01514169
     7.94000000     0.01535922
     7.95000000     0.01557603
     7.96000000     0.01579211
     7.97000000     0.01600747
     7.98000000     0.01622210
     7.99000000     0.01643600
     8.00000000     0.01664917
     8.01000000     0.01686162
     8.02000000     0.01707334
     8.03000000     0.01728434
     8.04000000     0.01749461
     8.05000000     0.01770416
     8.06000000     0.01791299
     8.07000000     0.01812109
     8.08000000     0.01832847
     8.09000000     0.01853514
     8.10000000     0.01874109
     8.11000000     0.01894632
     8.12000000     0.01915085
     8.13000000     0.01935466
     8.14000000     0.01955777
     8.15000000     0.01976017
     8.16000000     0.01996187
     8.17000000     0.02016287
     8.18000000     0.02036318
     8.19000000     0.02056279
     8.20000000     0.02076172
     8.21000000     0.02095996
     8.22000000     0.02115752
     8.23000000     0.02135440
     8.24000000     0.02155061
     8.25000000     0.02174615
     8.26000000     0.02194102
     8.27000000     0.02213524
     8.28000000     0.02232879
     8.29000000     0.02252169
     8.30000000     0.02271395
     8.31000000     0.02290556
     8.32000000     0.02309653
     8.33000000     0.02328687
     8.34000000     0.02347658
     8.35000000     0.02366567
     8.36000000     0.02385413
     8.37000000     0.02404199
     8.38000000     0.02422923
     8.39000000     0.02441588
     8.40000000     0.02460192
     8.41000000     0.02478737
     8.42000000     0.02497224
     8.43000000     0.02515652
     8.44000000     0.02534023
     8.45000000     0.02552337
     8.46000000     0.02570594
     8.47000000     0.02588796
     8.48000000     0.02606942
     8.49000000     0.02625034
     8.50000000     0.02643071
     8.51000000     0.02661055
     8.52000000     0.02678986
     8.53000000     0.02696865
     8.54000000     0.02714692
     8.55000000     0.02732467
     8.56000000     0.02750193
     8.57000000     0.02767868
     8.58000000     0.02785494
     8.59000000     0.02803071
     8.60000000     0.02820601
     8.61000000     0.02838082
     8.62000000     0.02855517
     8.63000000     0.02872906
     8.64000000     0.02890249
     8.65000000     0.02907547
     8.66000000     0.02924801
     8.67000000     0.02942011
     8.68000000     0.02959178
     8.69000000     0.02976302
     8.70000000     0.02993384
     8.71000000     0.03010425
     8.72000000     0.03027426
     8.73000000     0.03044386
     8.74000000     0.03061308
     8.75000000     0.03078190
     8.76000000     0.03095034
     8.77000000     0.03111841
     8.78000000     0.03128610
     8.79000000     0.03145343
     8.80000000     0.03162041
     8.81000000     0.03178704
     8.82000000     0.03195332
     8.83000000     0.03211926
     8.84000000     0.03228487
     8.85000000     0.03245015
     8.86000000     0.03261511
     8.87000000     0.03277976
     8.88000000     0.03294410
     8.89000000     0.03310814
     8.90000000     0.03327188
     8.91000000     0.03343533
     8.92000000     0.03359849
     8.93000000     0.03376138
     8.94000000     0.03392399
     8.95000000     0.03408634
     8.96000000     0.03424843
     8.97000000     0.03441025
     8.98000000     0.03457183
     8.99000000     0.03473317
     9.00000000     0.03489427
     9.01000000     0.03505513
     9.02000000     0.03521577
     9.03000000     0.03537619
     9.04000000     0.03553639
     9.05000000     0.03569638
     9.06000000     0.03585616
     9.07000000     0.03601575
     9.08000000     0.03617514
     9.09000000     0.03633435
     9.10000000     0.03649337
     9.11000000     0.03665221
     9.12000000     0.03681088
     9.13000000     0.03696938
     9.14000000     0.03712773
     9.15000000     0.03728591
     9.16000000     0.03744394
     9.17000000     0.03760183
     9.18000000     0.03775957
     9.19000000     0.03791718
     9.20000000     0.03807466
     9.21000000     0.03823201
     9.22000000     0.03838924
     9.23000000     0.03854636
     9.24000000     0.03870336
     9.25000000     0.03886025
     9.26000000     0.03901705
     9.27000000     0.03917374
     9.28000000     0.03933034
     9.29000000     0.03948686
     9.30000000     0.03964329
     9.31000000     0.03979965
     9.32000000     0.03995593
     9.33000000     0.04011214
     9.34000000     0.04026828
     9.35000000     0.04042437
     9.36000000     0.04058040
     9.37000000     0.04073638
     9.38000000     0.04089231
     9.39000000     0.04104820
     9.40000000     0.04120404
     9.41000000     0.04135986
     9.42000000     0.04151564
     9.43000000     0.04167140
     9.44000000     0.04182714
     9.45000000     0.04198286
     9.46000000     0.04213856
     9.47000000     0.04229426
     9.48000000     0.04244994
     9.49000000     0.04260563
     9.50000000     0.04276132
     9.51000000     0.04291701
     9.52000000     0.04307272
     9.53000000     0.04322844
     9.54000000     0.04338417
     9.55000000     0.04353993
     9.56000000     0.04369571
     9.57000000     0.04385152
     9.58000000     0.04400736
     9.59000000     0.04416324
     9.60000000     0.04431915
     9.61000000     0.04447511
     9.62000000     0.04463112
     9.63000000     0.04478717
     9.64000000     0.04494328
     9.65000000     0.04509944
     9.66000000     0.04525567
     9.67000000     0.04541195
     9.68000000     0.04556830
     9.69000000     0.04572473
     9.70000000     0.04588122
     9.71000000     0.04603779
     9.72000000     0.04619444
     9.73000000     0.04635117
     9.74000000     0.04650799
     9.75000000     0.04666489
     9.76000000     0.04682189
     9.77000000     0.04697898
     9.78000000     0.04713616
     9.79000000     0.04729345
     9.80000000     0.04745084
     9.81000000     0.04760834
     9.82000000     0.04776594
     9.83000000     0.04792365
     9.84000000     0.04808148
     9.85000000     0.04823943
     9.86000000     0.04839750
     9.87000000     0.04855569
     9.88000000     0.04871400
     9.89000000     0.04887244
     9.90000000     0.04903101
     9.91000000     0.04918971
     9.92000000     0.04934855
     9.93000000     0.04950753
     9.94000000     0.04966664
     9.95000000     0.04982590
     9.96000000     0.04998530
     9.97000000     0.05014485
     9.98000000     0.05030455
     9.99000000     0.05046441
    10.00000000     0.05062441
    10.01000000     0.05078458
    10.02000000     0.05094490
    10.03000000     0.05110538
    10.04000000     0.05126603
    10.05000000     0.05142684
    10.06000000     0.05158782
    10.07000000     0.05174896
    10.08000000     0.05191028
    10.09000000     0.05207178
    10.10000000     0.05223345
    10.11000000     0.05239529
    10.12000000     0.05255732
    10.13000000     0.05271953
    10.14000000     0.05288192
    10.15000000     0.05304450
    10.16000000     0.05320727
    10.17000000     0.05337022
    10.18000000     0.05353337
    10.19000000     0.05369671
    10.20000000     0.05386024
    10.21000000     0.05402397
    10.22000000     0.05418790
    10.23000000     0.05435203
    10.24000000     0.05451636
    10.25000000     0.05468090
    10.26000000     0.05484564
    10.27000000     0.05501058
    10.28000000     0.05517574
    10.29000000     0.05534110
    10.30000000     0.05550668
    10.31000000     0.05567247
    10.32000000     0.05583847
    10.33000000     0.05600470
    10.34000000     0.05617113
    10.35000000     0.05633779
    10.36000000     0.05650467
    10.37000000     0.05667177
    10.38000000     0.05683909
    10.39000000     0.05700664
    10.40000000     0.05717442
    10.41000000     0.05734242
    10.42000000     0.05751065
    10.43000000     0.05767912
    10.44000000     0.05784781
    10.45000000     0.05801674
    10.46000000     0.05818590
    10.47000000     0.05835529
    10.48000000     0.05852493
    10.49000000     0.05869480
    10.50000000     0.05886491
    10.51000000     0.05903526
    10.52000000     0.05920585
    10.53000000     0.05937668
    10.54000000     0.05954776
    10.55000000     0.05971908
    10.56000000     0.05989065
    10.57000000     0.06006247
    10.58000000     0.06023453
    10.59000000     0.06040685
    10.60000000     0.06057941
    10.61000000     0.06075222
    10.62000000     0.06092529
    10.63000000     0.06109861
    10.64000000     0.06127218
    10.65000000     0.06144601
    10.66000000     0.06162009
    10.67000000     0.06179444
    10.68000000     0.06196904
    10.69000000     0.06214389
    10.70000000     0.06231901
    10.71000000     0.06249439
    10.72000000     0.06267003
    10.73000000     0.06284593
    10.74000000     0.06302209
    10.75000000     0.06319852
    10.76000000     0.06337521
    10.77000000     0.06355217
    10.78000000     0.06372940
    10.79000000     0.06390689
    10.80000000     0.06408465
    10.81000000     0.06426267
    10.82000000     0.06444097
    10.83000000     0.06461954
    10.84000000     0.06479837
    10.85000000     0.06497748
    10.86000000     0.06515686
    10.87000000     0.06533651
    10.88000000     0.06551643
    10.89000000     0.06569663
    10.90000000     0.06587710
    10.91000000     0.06605785
    10.92000000     0.06623888
    10.93000000     0.06642017
    10.94000000     0.06660175
    10.95000000     0.06678360
    10.96000000     0.06696573
    10.97000000     0.06714814
    10.98000000     0.06733083
    10.99000000     0.06751380
    11.00000000     0.06769705
    11.01000000     0.06788057
    11.02000000     0.06806438
    11.03000000     0.06824847
    11.04000000     0.06843284
    11.05000000     0.06861749
    11.06000000     0.06880243
    11.07000000     0.06898765
    11.08000000     0.06917315
    11.09000000     0.06935894
    11.10000000     0.06954501
    11.11000000     0.06973136
    11.12000000     0.06991800
    11.13000000     0.07010493
    11.14000000     0.07029214
    11.15000000     0.07047964
    11.16000000     0.07066742
    11.17000000     0.07085549
    11.18000000     0.07104385
    11.19000000     0.07123250
    11.20000000     0.07142143
    11.21000000     0.07161065
    11.22000000     0.07180016
    11.23000000     0.07198996
    11.24000000     0.07218004
    11.25000000     0.07237042
    11.26000000     0.07256108
    11.27000000     0.07275204
    11.28000000     0.07294328
    11.29000000     0.07313481
    11.30000000     0.07332664
    11.31000000     0.07351875
    11.32000000     0.07371116
    11.33000000     0.07390385
    11.34000000     0.07409684
    11.35000000     0.07429012
    11.36000000     0.07448369
    11.37000000     0.07467755
    11.38000000     0.07487170
    11.39000000     0.07506615
    11.40000000     0.07526088
    11.41000000     0.07545591
    11.42000000     0.07565123
    11.43000000     0.07584685
    11.44000000     0.07604275
    11.45000000     0.07623895
    11.46000000     0.07643544
    11.47000000     0.07663222
    11.48000000     0.07682930
    11.49000000     0.07702667
    11.50000000     0.07722433
    11.51000000     0.07742228
    11.52000000     0.07762053
    11.53000000     0.07781907
    11.54000000     0.07801790
    11.55000000     0.07821703
    11.56000000     0.07841645
    11.57000000     0.07861616
    11.58000000     0.07881617
    11.59000000     0.07901647
    11.60000000     0.07921706
    11.61000000     0.07941795
    11.62000000     0.07961912
    11.63000000     0.07982059
    11.64000000     0.08002236
    11.65000000     0.08022442
    11.66000000     0.08042677
    11.67000000     0.08062941
    11.68000000     0.08083235
    11.69000000     0.08103557
    11.70000000     0.08123910
    11.71000000     0.08144291
    11.72000000     0.08164702
    11.73000000     0.08185142
    11.74000000     0.08205611
    11.75000000     0.08226109
    11.76000000     0.08246637
    11.77000000     0.08267194
    11.78000000     0.08287780
    11.79000000     0.08308395
    11.80000000     0.08329039
    11.81000000     0.08349713
    11.82000000     0.08370415
    11.83000000     0.08391147
    11.84000000     0.08411908
    11.85000000     0.08432698
    11.86000000     0.08453517
    11.87000000     0.08474365
    11.88000000     0.08495243
    11.89000000     0.08516149
    11.90000000     0.08537084
    11.91000000     0.08558048
    11.92000000     0.08579042
    11.93000000     0.08600064
    11.94000000     0.08621115
    11.95000000     0.08642195
    11.96000000     0.08663304
    11.97000000     0.08684442
    11.98000000     0.08705609
    11.99000000     0.08726804
    12.00000000     0.08748029
    12.01000000     0.08769282
    12.02000000     0.08790564
    12.03000000     0.08811875
    12.04000000     0.08833214
    12.05000000     0.08854582
    12.06000000     0.08875979
    12.07000000     0.08897405
    12.08000000     0.08918859
    12.09000000     0.08940341
    12.10000000     0.08961852
    12.11000000     0.08983392
    12.12000000     0.09004960
    12.13000000     0.09026557
    12.14000000     0.09048182
    12.15000000     0.09069836
    12.16000000     0.09091518
    12.17000000     0.09113228
    12.18000000     0.09134967
    12.19000000     0.09156734
    12.20000000     0.09178529
    12.21000000     0.09200353
    12.22000000     0.09222204
    12.23000000     0.09244084
    12.24000000     0.09265992
    12.25000000     0.09287928
    12.26000000     0.09309893
    12.27000000     0.09331885
    12.28000000     0.09353905
    12.29000000     0.09375953
    12.30000000     0.09398029
    12.31000000     0.09420133
    12.32000000     0.09442265
    12.33000000     0.09464425
    12.34000000     0.09486612
    12.35000000     0.09508828
    12.36000000     0.09531071
    12.37000000     0.09553341
    12.38000000     0.09575639
    12.39000000     0.09597965
    12.40000000     0.09620319
    12.41000000     0.09642699
    12.42000000     0.09665108
    12.43000000     0.09687544
    12.44000000     0.09710007
    12.45000000     0.09732497
    12.46000000     0.09755015
    12.47000000     0.09777560
    12.48000000     0.09800133
    12.49000000     0.09822732
    12.50000000     0.09845359
    12.51000000     0.09868013
    12.52000000     0.09890694
    12.53000000     0.09913401
    12.54000000     0.09936136
    12.55000000     0.09958898
    12.56000000     0.09981687
    12.57000000     0.10004502
    12.58000000     0.10027344
    12.59000000     0.10050213
    12.60000000     0.10073109
    12.61000000     0.10096031
    12.62000000     0.10118980
    12.63000000     0.10141956
    12.64000000     0.10164958
    12.65000000     0.10187986
    12.66000000     0.10211041
    12.67000000     0.10234122
    12.68000000     0.10257229
    12.69000000     0.10280363
    12.70000000     0.10303523
    12.71000000     0.10326709
    12.72000000     0.10349922
    12.73000000     0.10373160
    12.74000000     0.10396424
    12.75000000     0.10419715
    12.76000000     0.10443031
    12.77000000     0.10466373
    12.78000000     0.10489741
    12.79000000     0.10513134
    12.80000000     0.10536554
    12.81000000     0.10559999
    12.82000000     0.10583469
    12.83000000     0.10606965
    12.84000000     0.10630487
    12.85000000     0.10654034
    12.86000000     0.10677606
    12.87000000     0.10701204
    12.88000000     0.10724827
    12.89000000     0.10748475
    12.90000000     0.10772148
    12.91000000     0.10795847
    12.92000000     0.10819570
    12.93000000     0.10843319
    12.94000000     0.10867092
    12.95000000     0.10890891
    12.96000000     0.10914714
    12.97000000     0.10938562
    12.98000000     0.10962434
    12.99000000     0.10986332
    13.00000000     0.11010253
    13.01000000     0.11034200
    13.02000000     0.11058171
    13.03000000     0.11082166
    13.04000000     0.11106185
    13.05000000     0.11130229
    13.06000000     0.11154297
    13.07000000     0.11178390
    13.08000000     0.11202506
    13.09000000     0.11226646
    13.10000000     0.11250811
    13.11000000     0.11274999
    13.12000000     0.11299211
    13.13000000     0.11323447
    13.14000000     0.11347707
    13.15000000     0.11371991
    13.16000000     0.11396298
    13.17000000     0.11420628
    13.18000000     0.11444982
    13.19000000     0.11469360
    13.20000000     0.11493761
    13.21000000     0.11518185
    13.22000000     0.11542632
    13.23000000     0.11567103
    13.24000000     0.11591597
    13.25000000     0.11616113
    13.26000000     0.11640653
    13.27000000     0.11665216
    13.28000000     0.11689801
    13.29000000     0.11714409
    13.30000000     0.11739040
    13.31000000     0.11763694
    13.32000000     0.11788370
    13.33000000     0.11813069
    13.34000000     0.11837790
    13.35000000     0.11862533
    13.36000000     0.11887299
    13.37000000     0.11912087
    13.38000000     0.11936898
    13.39000000     0.11961730
    13.40000000     0.11986584
    13.41000000     0.12011461
    13.42000000     0.12036359
    13.43000000     0.12061279
    13.44000000     0.12086221
    13.45000000     0.12111184
    13.46000000     0.12136169
    13.47000000     0.12161176
    13.48000000     0.12186204
    13.49000000     0.12211254
    13.50000000     0.12236325
    13.51000000     0.12261417
    13.52000000     0.12286530
    13.53000000     0.12311665
    13.54000000     0.12336820
    13.55000000     0.12361997
    13.56000000     0.12387194
    13.57000000     0.12412412
    13.58000000     0.12437651
    13.59000000     0.12462911
    13.60000000     0.12488191
    13.61000000     0.12513492
    13.62000000     0.12538813
    13.63000000     0.12564155
    13.64000000     0.12589517
    13.65000000     0.12614899
    13.66000000     0.12640301
    13.67000000     0.12665724
    13.68000000     0.12691166
    13.69000000     0.12716629
    13.70000000     0.12742111
    13.71000000     0.12767613
    13.72000000     0.12793135
    13.73000000     0.12818677
    13.74000000     0.12844238
    13.75000000     0.12869818
    13.76000000     0.12895418
    13.77000000     0.12921037
    13.78000000     0.12946676
    13.79000000     0.12972333
    13.80000000     0.12998010
    13.81000000     0.13023706
    13.82000000     0.13049421
    13.83000000     0.13075154
    13.84000000     0.13100906
    13.85000000     0.13126677
    13.86000000     0.13152467
    13.87000000     0.13178275
    13.88000000     0.13204102
    13.89000000     0.13229947
    13.90000000     0.13255811
    13.91000000     0.13281692
    13.92000000     0.13307592
    13.93000000     0.13333510
    13.94000000     0.13359446
    13.95000000     0.13385399
    13.96000000     0.13411371
    13.97000000     0.13437360
    13.98000000     0.13463367
    13.99000000     0.13489391
    14.00000000     0.13515433
    14.01000000     0.13541493
    14.02000000     0.13567570
    14.03000000     0.13593664
    14.04000000     0.13619775
    14.05000000     0.13645903
    14.06000000     0.13672048
    14.07000000     0.13698210
    14.08000000     0.13724389
    14.09000000     0.13750585
    14.10000000     0.13776798
    14.11000000     0.13803026
    14.12000000     0.13829272
    14.13000000     0.13855534
    14.14000000     0.13881812
    14.15000000     0.13908106
    14.16000000     0.13934417
    14.17000000     0.13960744
    14.18000000     0.13987086
    14.19000000     0.14013445
    14.20000000     0.14039819
    14.21000000     0.14066209
    14.22000000     0.14092615
    14.23000000     0.14119036
    14.24000000     0.14145473
    14.25000000     0.14171925
    14.26000000     0.14198393
    14.27000000     0.14224875
    14.28000000     0.14251373
    14.29000000     0.14277886
    14.30000000     0.14304413
    14.31000000     0.14330956
    14.32000000     0.14357513
    14.33000000     0.14384085
    14.34000000     0.14410672
    14.35000000     0.14437273
    14.36000000     0.14463888
    14.37000000     0.14490518
    14.38000000     0.14517162
    14.39000000     0.14543820
    14.40000000     0.14570493
    14.41000000     0.14597179
    14.42000000     0.14623879
    14.43000000     0.14650593
    14.44000000     0.14677320
    14.45000000     0.14704061
    14.46000000     0.14730816
    14.47000000     0.14757584
    14.48000000     0.14784365
    14.49000000     0.14811160
    14.50000000     0.14837968
    14.51000000     0.14864788
    14.52000000     0.14891622
    14.53000000     0.14918469
    14.54000000     0.14945328
    14.55000000     0.14972200
    14.56000000     0.14999085
    14.57000000     0.15025982
    14.58000000     0.15052891
    14.59000000     0.15079813
    14.60000000     0.15106747
    14.61000000     0.15133694
    14.62000000     0.15160652
    14.63000000     0.15187622
    14.64000000     0.15214604
    14.65000000     0.15241597
    14.66000000     0.15268603
    14.67000000     0.15295620
    14.68000000     0.15322648
    14.69000000     0.15349688
    14.70000000     0.15376739
    14.71000000     0.15403801
    14.72000000     0.15430874
    14.73000000     0.15457958
    14.74000000     0.15485054
    14.75000000     0.15512159
    14.76000000     0.15539276
    14.77000000     0.15566403
    14.78000000     0.15593541
    14.79000000     0.15620689
    14.80000000     0.15647847
    14.81000000     0.15675016
    14.82000000     0.15702195
    14.83000000     0.15729383
    14.84000000     0.15756582
    14.85000000     0.15783790
    14.86000000     0.15811009
    14.87000000     0.15838236
    14.88000000     0.15865474
    14.89000000     0.15892720
    14.90000000     0.15919976
    14.91000000     0.15947242
    14.92000000     0.15974516
    14.93000000     0.16001799
    14.94000000     0.16029092
    14.95000000     0.16056393
    14.96000000     0.16083703
    14.97000000     0.16111021
    14.98000000     0.16138349
    14.99000000     0.16165684
    15.00000000     0.16193028
    15.01000000     0.16220380
    15.02000000     0.16247740
    15.03000000     0.16275108
    15.04000000     0.16302484
    15.05000000     0.16329868
    15.06000000     0.16357260
    15.07000000     0.16384659
    15.08000000     0.16412066
    15.09000000     0.16439480
    15.10000000     0.16466902
    15.11000000     0.16494331
    15.12000000     0.16521767
    15.13000000     0.16549210
    15.14000000     0.16576659
    15.15000000     0.16604116
    15.16000000     0.16631579
    15.17000000     0.16659049
    15.18000000     0.16686525
    15.19000000     0.16714008
    15.20000000     0.16741497
    15.21000000     0.16768993
    15.22000000     0.16796494
    15.23000000     0.16824001
    15.24000000     0.16851514
    15.25000000     0.16879033
    15.26000000     0.16906558
    15.27000000     0.16934088
    15.28000000     0.16961624
    15.29000000     0.16989165
    15.30000000     0.17016711
    15.31000000     0.17044262
    15.32000000     0.17071819
    15.33000000     0.17099380
    15.34000000     0.17126946
    15.35000000     0.17154517
    15.36000000     0.17182092
    15.37000000     0.17209672
    15.38000000     0.17237257
    15.39000000     0.17264845
    15.40000000     0.17292438
    15.41000000     0.17320035
    15.42000000     0.17347636
    15.43000000     0.17375240
    15.44000000     0.17402849
    15.45000000     0.17430461
    15.46000000     0.17458077
    15.47000000     0.17485696
    15.48000000     0.17513318
    15.49000000     0.17540944
    15.50000000     0.17568573
    15.51000000     0.17596205
    15.52000000     0.17623839
    15.53000000     0.17651477
    15.54000000     0.17679117
    15.55000000     0.17706759
    15.56000000     0.17734405
    15.57000000     0.17762052
    15.58000000     0.17789702
    15.59000000     0.17817354
    15.60000000     0.17845008
    15.61000000     0.17872664
    15.62000000     0.17900321
    15.63000000     0.17927980
    15.64000000     0.17955641
    15.65000000     0.17983304
    15.66000000     0.18010967
    15.67000000     0.18038632
    15.68000000     0.18066299
    15.69000000     0.18093966
    15.70000000     0.18121634
    15.71000000     0.18149303
    15.72000000     0.18176972
    15.73000000     0.18204643
    15.74000000     0.18232313
    15.75000000     0.18259984
    15.76000000     0.18287656
    15.77000000     0.18315327
    15.78000000     0.18342999
    15.79000000     0.18370670
    15.80000000     0.18398341
    15.81000000     0.18426012
    15.82000000     0.18453683
    15.83000000     0.18481353
    15.84000000     0.18509022
    15.85000000     0.18536690
    15.86000000     0.18564358
    15.87000000     0.18592025
    15.88000000     0.18619690
    15.89000000     0.18647355
    15.90000000     0.18675018
    15.91000000     0.18702680
    15.92000000     0.18730340
    15.93000000     0.18757998
    15.94000000     0.18785655
    15.95000000     0.18813310
    15.96000000     0.18840963
    15.97000000     0.18868613
    15.98000000     0.18896262
    15.99000000     0.18923908
    16.00000000     0.18951551
    16.01000000     0.18979193
    16.02000000     0.19006831
    16.03000000     0.19034467
    16.04000000     0.19062099
    16.05000000     0.19089729
    16.06000000     0.19117355
    16.07000000     0.19144979
    16.08000000     0.19172599
    16.09000000     0.19200215
    16.10000000     0.19227828
    16.11000000     0.19255437
    16.12000000     0.19283042
    16.13000000     0.19310643
    16.14000000     0.19338240
    16.15000000     0.19365833
    16.16000000     0.19393422
    16.17000000     0.19421006
    16.18000000     0.19448586
    16.19000000     0.19476161
    16.20000000     0.19503731
    16.21000000     0.19531297
    16.22000000     0.19558857
    16.23000000     0.19586412
    16.24000000     0.19613962
    16.25000000     0.19641507
    16.26000000     0.19669046
    16.27000000     0.19696580
    16.28000000     0.19724108
    16.29000000     0.19751630
    16.30000000     0.19779146
    16.31000000     0.19806656
    16.32000000     0.19834160
    16.33000000     0.19861658
    16.34000000     0.19889149
    16.35000000     0.19916633
    16.36000000     0.19944111
    16.37000000     0.19971583
    16.38000000     0.19999047
    16.39000000     0.20026504
    16.40000000     0.20053955
    16.41000000     0.20081398
    16.42000000     0.20108833
    16.43000000     0.20136261
    16.44000000     0.20163682
    16.45000000     0.20191095
    16.46000000     0.20218499
    16.47000000     0.20245896
    16.48000000     0.20273285
    16.49000000     0.20300666
    16.50000000     0.20328038
    16.51000000     0.20355402
    16.52000000     0.20382758
    16.53000000     0.20410104
    16.54000000     0.20437442
    16.55000000     0.20464771
    16.56000000     0.20492091
    16.57000000     0.20519402
    16.58000000     0.20546703
    16.59000000     0.20573996
    16.60000000     0.20601278
    16.61000000     0.20628551
    16.62000000     0.20655814
    16.63000000     0.20683067
    16.64000000     0.20710311
    16.65000000     0.20737544
    16.66000000     0.20764767
    16.67000000     0.20791979
    16.68000000     0.20819181
    16.69000000     0.20846373
    16.70000000     0.20873553
    16.71000000     0.20900723
    16.72000000     0.20927882
    16.73000000     0.20955030
    16.74000000     0.20982166
    16.75000000     0.21009291
    16.76000000     0.21036405
    16.77000000     0.21063507
    16.78000000     0.21090598
    16.79000000     0.21117676
    16.80000000     0.21144743
    16.81000000     0.21171797
    16.82000000     0.21198840
    16.83000000     0.21225870
    16.84000000     0.21252887
    16.85000000     0.21279892
    16.86000000     0.21306885
    16.87000000     0.21333864
    16.88000000     0.21360831
    16.89000000     0.21387784
    16.90000000     0.21414725
    16.91000000     0.21441652
    16.92000000     0.21468565
    16.93000000     0.21495466
    16.94000000     0.21522352
    16.95000000     0.21549224
    16.96000000     0.21576083
    16.97000000     0.21602928
    16.98000000     0.21629758
    16.99000000     0.21656574
    17.00000000     0.21683376
    17.01000000     0.21710163
    17.02000000     0.21736936
    17.03000000     0.21763694
    17.04000000     0.21790437
    17.05000000     0.21817164
    17.06000000     0.21843877
    17.07000000     0.21870574
    17.08000000     0.21897256
    17.09000000     0.21923923
    17.10000000     0.21950574
    17.11000000     0.21977209
    17.12000000     0.22003828
    17.13000000     0.22030431
    17.14000000     0.22057018
    17.15000000     0.22083588
    17.16000000     0.22110143
    17.17000000     0.22136680
    17.18000000     0.22163201
    17.19000000     0.22189706
    17.20000000     0.22216193
    17.21000000     0.22242663
    17.22000000     0.22269116
    17.23000000     0.22295552
    17.24000000     0.22321971
    17.25000000     0.22348372
    17.26000000     0.22374755
    17.27000000     0.22401121
    17.28000000     0.22427468
    17.29000000     0.22453798
    17.30000000     0.22480109
    17.31000000     0.22506403
    17.32000000     0.22532677
    17.33000000     0.22558933
    17.34000000     0.22585171
    17.35000000     0.22611390
    17.36000000     0.22637590
    17.37000000     0.22663771
    17.38000000     0.22689932
    17.39000000     0.22716075
    17.40000000     0.22742198
    17.41000000     0.22768301
    17.42000000     0.22794385
    17.43000000     0.22820449
    17.44000000     0.22846493
    17.45000000     0.22872517
    17.46000000     0.22898521
    17.47000000     0.22924504
    17.48000000     0.22950467
    17.49000000     0.22976410
    17.50000000     0.23002332
    17.51000000     0.23028233
    17.52000000     0.23054113
    17.53000000     0.23079972
    17.54000000     0.23105810
    17.55000000     0.23131627
    17.56000000     0.23157422
    17.57000000     0.23183195
    17.58000000     0.23208947
    17.59000000     0.23234678
    17.60000000     0.23260386
    17.61000000     0.23286072
    17.62000000     0.23311736
    17.63000000     0.23337377
    17.64000000     0.23362997
    17.65000000     0.23388593
    17.66000000     0.23414167
    17.67000000     0.23439718
    17.68000000     0.23465246
    17.69000000     0.23490751
    17.70000000     0.23516233
    17.71000000     0.23541691
    17.72000000     0.23567126
    17.73000000     0.23592538
    17.74000000     0.23617925
    17.75000000     0.23643289
    17.76000000     0.23668629
    17.77000000     0.23693945
    17.78000000     0.23719236
    17.79000000     0.23744504
    17.80000000     0.23769746
    17.81000000     0.23794964
    17.82000000     0.23820158
    17.83000000     0.23845326
    17.84000000     0.23870470
    17.85000000     0.23895588
    17.86000000     0.23920681
    17.87000000     0.23945749
    17.88000000     0.23970791
    17.89000000     0.23995808
    17.90000000     0.24020799
    17.91000000     0.24045764
    17.92000000     0.24070703
    17.93000000     0.24095616
    17.94000000     0.24120502
    17.95000000     0.24145363
    17.96000000     0.24170196
    17.97000000     0.24195003
    17.98000000     0.24219784
    17.99000000     0.24244537
    18.00000000     0.24269263
    18.01000000     0.24293963
    18.02000000     0.24318635
    18.03000000     0.24343279
    18.04000000     0.24367896
    18.05000000     0.24392485
    18.06000000     0.24417047
    18.07000000     0.24441580
    18.08000000     0.24466086
    18.09000000     0.24490563
    18.10000000     0.24515012
    18.11000000     0.24539433
    18.12000000     0.24563825
    18.13000000     0.24588188
    18.14000000     0.24612523
    18.15000000     0.24636828
    18.16000000     0.24661105
    18.17000000     0.24685352
    18.18000000     0.24709570
    18.19000000     0.24733759
    18.20000000     0.24757918
    18.21000000     0.24782047
    18.22000000     0.24806147
    18.23000000     0.24830216
    18.24000000     0.24854255
    18.25000000     0.24878265
    18.26000000     0.24902243
    18.27000000     0.24926192
    18.28000000     0.24950109
    18.29000000     0.24973996
    18.30000000     0.24997853
    18.31000000     0.25021678
    18.32000000     0.25045472
    18.33000000     0.25069235
    18.34000000     0.25092966
    18.35000000     0.25116666
    18.36000000     0.25140335
    18.37000000     0.25163971
    18.38000000     0.25187576
    18.39000000     0.25211149
    18.40000000     0.25234689
    18.41000000     0.25258198
    18.42000000     0.25281674
    18.43000000     0.25305117
    18.44000000     0.25328528
    18.45000000     0.25351906
    18.46000000     0.25375251
    18.47000000     0.25398563
    18.48000000     0.25421842
    18.49000000     0.25445088
    18.50000000     0.25468300
    18.51000000     0.25491479
    18.52000000     0.25514624
    18.53000000     0.25537736
    18.54000000     0.25560813
    18.55000000     0.25583857
    18.56000000     0.25606866
    18.57000000     0.25629841
    18.58000000     0.25652781
    18.59000000     0.25675687
    18.60000000     0.25698559
    18.61000000     0.25721395
    18.62000000     0.25744197
    18.63000000     0.25766963
    18.64000000     0.25789695
    18.65000000     0.25812391
    18.66000000     0.25835052
    18.67000000     0.25857677
    18.68000000     0.25880266
    18.69000000     0.25902820
    18.70000000     0.25925337
    18.71000000     0.25947819
    18.72000000     0.25970264
    18.73000000     0.25992674
    18.74000000     0.26015046
    18.75000000     0.26037382
    18.76000000     0.26059682
    18.77000000     0.26081944
    18.78000000     0.26104170
    18.79000000     0.26126358
    18.80000000     0.26148510
    18.81000000     0.26170624
    18.82000000     0.26192700
    18.83000000     0.26214739
    18.84000000     0.26236741
    18.85000000     0.26258704
    18.86000000     0.26280630
    18.87000000     0.26302517
    18.88000000     0.26324366
    18.89000000     0.26346177
    18.90000000     0.26367950
    18.91000000     0.26389684
    18.92000000     0.26411379
    18.93000000     0.26433035
    18.94000000     0.26454652
    18.95000000     0.26476231
    18.96000000     0.26497770
    18.97000000     0.26519269
    18.98000000     0.26540730
    18.99000000     0.26562150
    19.00000000     0.26583531
    19.01000000     0.26604872
    19.02000000     0.26626173
    19.03000000     0.26647435
    19.04000000     0.26668655
    19.05000000     0.26689836
    19.06000000     0.26710976
    19.07000000     0.26732075
    19.08000000     0.26753134
    19.09000000     0.26774152
    19.10000000     0.26795129
    19.11000000     0.26816065
    19.12000000     0.26836960
    19.13000000     0.26857813
    19.14000000     0.26878625
    19.15000000     0.26899395
    19.16000000     0.26920124
    19.17000000     0.26940811
    19.18000000     0.26961455
    19.19000000     0.26982058
    19.20000000     0.27002619
    19.21000000     0.27023137
    19.22000000     0.27043613
    19.23000000     0.27064046
    19.24000000     0.27084436
    19.25000000     0.27104784
    19.26000000     0.27125089
    19.27000000     0.27145350
    19.28000000     0.27165569
    19.29000000     0.27185744
    19.30000000     0.27205876
    19.31000000     0.27225964
    19.32000000     0.27246009
    19.33000000     0.27266009
    19.34000000     0.27285966
    19.35000000     0.27305879
    19.36000000     0.27325747
    19.37000000     0.27345571
    19.38000000     0.27365351
    19.39000000     0.27385087
    19.40000000     0.27404777
    19.41000000     0.27424423
    19.42000000     0.27444024
    19.43000000     0.27463580
    19.44000000     0.27483091
    19.45000000     0.27502556
    19.46000000     0.27521976
    19.47000000     0.27541351
    19.48000000     0.27560680
    19.49000000     0.27579963
    19.50000000     0.27599200
    19.51000000     0.27618391
    19.52000000     0.27637536
    19.53000000     0.27656635
    19.54000000     0.27675688
    19.55000000     0.27694694
    19.56000000     0.27713653
    19.57000000     0.27732566
    19.58000000     0.27751432
    19.59000000     0.27770251
    19.60000000     0.27789023
    19.61000000     0.27807747
    19.62000000     0.27826425
    19.63000000     0.27845054
    19.64000000     0.27863637
    19.65000000     0.27882171
    19.66000000     0.27900658
    19.67000000     0.27919097
    19.68000000     0.27937487
    19.69000000     0.27955830
    19.70000000     0.27974124
    19.71000000     0.27992370
    19.72000000     0.28010567
    19.73000000     0.28028716
    19.74000000     0.28046816
    19.75000000     0.28064867
    19.76000000     0.28082869
    19.77000000     0.28100822
    19.78000000     0.28118726
    19.79000000     0.28136580
    19.80000000     0.28154385
    19.81000000     0.28172140
    19.82000000     0.28189845
    19.83000000     0.28207501
    19.84000000     0.28225107
    19.85000000     0.28242662
    19.86000000     0.28260168
    19.87000000     0.28277623
    19.88000000     0.28295028
    19.89000000     0.28312382
    19.90000000     0.28329685
    19.91000000     0.28346938
    19.92000000     0.28364140
    19.93000000     0.28381291
    19.94000000     0.28398390
    19.95000000     0.28415439
    19.96000000     0.28432436
    19.97000000     0.28449381
    19.98000000     0.28466275
    19.99000000     0.28483118
    20.00000000     0.28499908
    20.01000000     0.28516646
    20.02000000     0.28533333
    20.03000000     0.28549967
    20.04000000     0.28566549
    20.05000000     0.28583079
    20.06000000     0.28599556
    20.07000000     0.28615980
    20.08000000     0.28632352
    20.09000000     0.28648671
    20.10000000     0.28664936
    20.11000000     0.28681149
    20.12000000     0.28697309
    20.13000000     0.28713415
    20.14000000     0.28729467
    20.15000000     0.28745467
    20.16000000     0.28761412
    20.17000000     0.28777304
    20.18000000     0.28793141
    20.19000000     0.28808925
    20.20000000     0.28824655
    20.21000000     0.28840330
    20.22000000     0.28855951
    20.23000000     0.28871518
    20.24000000     0.28887030
    20.25000000     0.28902487
    20.26000000     0.28917890
    20.27000000     0.28933237
    20.28000000     0.28948530
    20.29000000     0.28963767
    20.30000000     0.28978949
    20.31000000     0.28994076
    20.32000000     0.29009148
    20.33000000     0.29024163
    20.34000000     0.29039123
    20.35000000     0.29054027
    20.36000000     0.29068876
    20.37000000     0.29083668
    20.38000000     0.29098404
    20.39000000     0.29113084
    20.40000000     0.29127707
    20.41000000     0.29142274
    20.42000000     0.29156785
    20.43000000     0.29171238
    20.44000000     0.29185635
    20.45000000     0.29199975
    20.46000000     0.29214258
    20.47000000     0.29228484
    20.48000000     0.29242652
    20.49000000     0.29256763
    20.50000000     0.29270817
    20.51000000     0.29284813
    20.52000000     0.29298751
    20.53000000     0.29312632
    20.54000000     0.29326455
    20.55000000     0.29340219
    20.56000000     0.29353926
    20.57000000     0.29367574
    20.58000000     0.29381164
    20.59000000     0.29394696
    20.60000000     0.29408168
    20.61000000     0.29421583
    20.62000000     0.29434938
    20.63000000     0.29448235
    20.64000000     0.29461473
    20.65000000     0.29474651
    20.66000000     0.29487770
    20.67000000     0.29500831
    20.68000000     0.29513831
    20.69000000     0.29526772
    20.70000000     0.29539654
    20.71000000     0.29552476
    20.72000000     0.29565237
    20.73000000     0.29577939
    20.74000000     0.29590581
    20.75000000     0.29603163
    20.76000000     0.29615685
    20.77000000     0.29628146
    20.78000000     0.29640546
    20.79000000     0.29652887
    20.80000000     0.29665166
    20.81000000     0.29677385
    20.82000000     0.29689542
    20.83000000     0.29701639
    20.84000000     0.29713675
    20.85000000     0.29725649
    20.86000000     0.29737562
    20.87000000     0.29749414
    20.88000000     0.29761204
    20.89000000     0.29772933
    20.90000000     0.29784600
    20.91000000     0.29796205
    20.92000000     0.29807748
    20.93000000     0.29819229
    20.94000000     0.29830648
    20.95000000     0.29842005
    20.96000000     0.29853300
    20.97000000     0.29864532
    20.98000000     0.29875701
    20.99000000     0.29886808
    21.00000000     0.29897852
    21.01000000     0.29908834
    21.02000000     0.29919752
    21.03000000     0.29930608
    21.04000000     0.29941400
    21.05000000     0.29952129
    21.06000000     0.29962795
    21.07000000     0.29973397
    21.08000000     0.29983935
    21.09000000     0.29994411
    21.10000000     0.30004822
    21.11000000     0.30015169
    21.12000000     0.30025453
    21.13000000     0.30035673
    21.14000000     0.30045828
    21.15000000     0.30055919
    21.16000000     0.30065946
    21.17000000     0.30075909
    21.18000000     0.30085807
    21.19000000     0.30095640
    21.20000000     0.30105409
    21.21000000     0.30115113
    21.22000000     0.30124751
    21.23000000     0.30134325
    21.24000000     0.30143834
    21.25000000     0.30153278
    21.26000000     0.30162656
    21.27000000     0.30171969
    21.28000000     0.30181217
    21.29000000     0.30190399
    21.30000000     0.30199515
    21.31000000     0.30208565
    21.32000000     0.30217550
    21.33000000     0.30226469
    21.34000000     0.30235321
    21.35000000     0.30244108
    21.36000000     0.30252828
    21.37000000     0.30261482
    21.38000000     0.30270070
    21.39000000     0.30278591
    21.40000000     0.30287045
    21.41000000     0.30295433
    21.42000000     0.30303754
    21.43000000     0.30312008
    21.44000000     0.30320195
    21.45000000     0.30328314
    21.46000000     0.30336367
    21.47000000     0.30344353
    21.48000000     0.30352271
    21.49000000     0.30360122
    21.50000000     0.30367905
    21.51000000     0.30375621
    21.52000000     0.30383268
    21.53000000     0.30390849
    21.54000000     0.30398361
    21.55000000     0.30405805
    21.56000000     0.30413181
    21.57000000     0.30420489
    21.58000000     0.30427729
    21.59000000     0.30434900
    21.60000000     0.30442003
    21.61000000     0.30449038
    21.62000000     0.30456004
    21.63000000     0.30462901
    21.64000000     0.30469729
    21.65000000     0.30476489
    21.66000000     0.30483179
    21.67000000     0.30489801
    21.68000000     0.30496353
    21.69000000     0.30502837
    21.70000000     0.30509250
    21.71000000     0.30515595
    21.72000000     0.30521870
    21.73000000     0.30528076
    21.74000000     0.30534211
    21.75000000     0.30540277
    21.76000000     0.30546274
    21.77000000     0.30552200
    21.78000000     0.30558057
    21.79000000     0.30563843
    21.80000000     0.30569559
    21.81000000     0.30575205
    21.82000000     0.30580781
    21.83000000     0.30586286
    21.84000000     0.30591721
    21.85000000     0.30597085
    21.86000000     0.30602378
    21.87000000     0.30607601
    21.88000000     0.30612753
    21.89000000     0.30617834
    21.90000000     0.30622844
    21.91000000     0.30627783
    21.92000000     0.30632651
    21.93000000     0.30637448
    21.94000000     0.30642173
    21.95000000     0.30646827
    21.96000000     0.30651410
    21.97000000     0.30655921
    21.98000000     0.30660360
    21.99000000     0.30664728
    22.00000000     0.30669023
    22.01000000     0.30673247
    22.02000000     0.30677399
    22.03000000     0.30681479
    22.04000000     0.30685487
    22.05000000     0.30689423
    22.06000000     0.30693286
    22.07000000     0.30697078
    22.08000000     0.30700796
    22.09000000     0.30704442
    22.10000000     0.30708016
    22.11000000     0.30711517
    22.12000000     0.30714945
    22.13000000     0.30718301
    22.14000000     0.30721583
    22.15000000     0.30724793
    22.16000000     0.30727930
    22.17000000     0.30730993
    22.18000000     0.30733984
    22.19000000     0.30736901
    22.20000000     0.30739744
    22.21000000     0.30742515
    22.22000000     0.30745212
    22.23000000     0.30747835
    22.24000000     0.30750385
    22.25000000     0.30752861
    22.26000000     0.30755263
    22.27000000     0.30757591
    22.28000000     0.30759846
    22.29000000     0.30762026
    22.30000000     0.30764133
    22.31000000     0.30766165
    22.32000000     0.30768123
    22.33000000     0.30770007
    22.34000000     0.30771817
    22.35000000     0.30773552
    22.36000000     0.30775212
    22.37000000     0.30776799
    22.38000000     0.30778310
    22.39000000     0.30779747
    22.40000000     0.30781109
    22.41000000     0.30782396
    22.42000000     0.30783608
    22.43000000     0.30784746
    22.44000000     0.30785808
    22.45000000     0.30786795
    22.46000000     0.30787707
    22.47000000     0.30788544
    22.48000000     0.30789305
    22.49000000     0.30789991
    22.50000000     0.30790602
    22.51000000     0.30791137
    22.52000000     0.30791597
    22.53000000     0.30791980
    22.54000000     0.30792289
    22.55000000     0.30792521
    22.56000000     0.30792678
    22.57000000     0.30792758
    22.58000000     0.30792763
    22.59000000     0.30792692
    22.60000000     0.30792544
    22.61000000     0.30792321
    22.62000000     0.30792021
    22.63000000     0.30791645
    22.64000000     0.30791193
    22.65000000     0.30790664
    22.66000000     0.30790059
    22.67000000     0.30789377
    22.68000000     0.30788619
    22.69000000     0.30787783
    22.70000000     0.30786872
    22.71000000     0.30785883
    22.72000000     0.30784818
    22.73000000     0.30783676
    22.74000000     0.30782456
    22.75000000     0.30781160
    22.76000000     0.30779787
    22.77000000     0.30778336
    22.78000000     0.30776809
    22.79000000     0.30775204
    22.80000000     0.30773521
    22.81000000     0.30771762
    22.82000000     0.30769925
    22.83000000     0.30768010
    22.84000000     0.30766018
    22.85000000     0.30763948
    22.86000000     0.30761801
    22.87000000     0.30759576
    22.88000000     0.30757273
    22.89000000     0.30754893
    22.90000000     0.30752434
    22.91000000     0.30749898
    22.92000000     0.30747283
    22.93000000     0.30744591
    22.94000000     0.30741820
    22.95000000     0.30738971
    22.96000000     0.30736044
    22.97000000     0.30733039
    22.98000000     0.30729956
    22.99000000     0.30726794
    23.00000000     0.30723553
    23.01000000     0.30720234
    23.02000000     0.30716837
    23.03000000     0.30713361
    23.04000000     0.30709807
    23.05000000     0.30706173
    23.06000000     0.30702461
    23.07000000     0.30698671
    23.08000000     0.30694801
    23.09000000     0.30690853
    23.10000000     0.30686825
    23.11000000     0.30682719
    23.12000000     0.30678534
    23.13000000     0.30674269
    23.14000000     0.30669925
    23.15000000     0.30665503
    23.16000000     0.30661001
    23.17000000     0.30656419
    23.18000000     0.30651759
    23.19000000     0.30647019
    23.20000000     0.30642199
    23.21000000     0.30637300
    23.22000000     0.30632322
    23.23000000     0.30627264
    23.24000000     0.30622127
    23.25000000     0.30616910
    23.26000000     0.30611613
    23.27000000     0.30606236
    23.28000000     0.30600780
    23.29000000     0.30595244
    23.30000000     0.30589628
    23.31000000     0.30583932
    23.32000000     0.30578156
    23.33000000     0.30572300
    23.34000000     0.30566364
    23.35000000     0.30560348
    23.36000000     0.30554252
    23.37000000     0.30548076
    23.38000000     0.30541819
    23.39000000     0.30535482
    23.40000000     0.30529065
    23.41000000     0.30522568
    23.42000000     0.30515990
    23.43000000     0.30509332
    23.44000000     0.30502594
    23.45000000     0.30495775
    23.46000000     0.30488875
    23.47000000     0.30481895
    23.48000000     0.30474834
    23.49000000     0.30467693
    23.50000000     0.30460471
    23.51000000     0.30453168
    23.52000000     0.30445785
    23.53000000     0.30438321
    23.54000000     0.30430775
    23.55000000     0.30423149
    23.56000000     0.30415443
    23.57000000     0.30407655
    23.58000000     0.30399786
    23.59000000     0.30391836
    23.60000000     0.30383806
    23.61000000     0.30375694
    23.62000000     0.30367501
    23.63000000     0.30359227
    23.64000000     0.30350872
    23.65000000     0.30342435
    23.66000000     0.30333918
    23.67000000     0.30325319
    23.68000000     0.30316638
    23.69000000     0.30307877
    23.70000000     0.30299034
    23.71000000     0.30290110
    23.72000000     0.30281104
    23.73000000     0.30272017
    23.74000000     0.30262848
    23.75000000     0.30253598
    23.76000000     0.30244266
    23.77000000     0.30234853
    23.78000000     0.30225358
    23.79000000     0.30215782
    23.80000000     0.30206123
    23.81000000     0.30196384
    23.82000000     0.30186562
    23.83000000     0.30176659
    23.84000000     0.30166674
    23.85000000     0.30156607
    23.86000000     0.30146458
    23.87000000     0.30136228
    23.88000000     0.30125915
    23.89000000     0.30115521
    23.90000000     0.30105045
    23.91000000     0.30094487
    23.92000000     0.30083847
    23.93000000     0.30073125
    23.94000000     0.30062321
    23.95000000     0.30051435
    23.96000000     0.30040467
    23.97000000     0.30029416
    23.98000000     0.30018284
    23.99000000     0.30007069
    24.00000000     0.29995773
    24.01000000     0.29984394
    24.02000000     0.29972933
    24.03000000     0.29961390
    24.04000000     0.29949765
    24.05000000     0.29938057
    24.06000000     0.29926267
    24.07000000     0.29914395
    24.08000000     0.29902440
    24.09000000     0.29890403
    24.10000000     0.29878284
    24.11000000     0.29866083
    24.12000000     0.29853799
    24.13000000     0.29841432
    24.14000000     0.29828984
    24.15000000     0.29816452
    24.16000000     0.29803839
    24.17000000     0.29791143
    24.18000000     0.29778364
    24.19000000     0.29765503
    24.20000000     0.29752560
    24.21000000     0.29739534
    24.22000000     0.29726425
    24.23000000     0.29713234
    24.24000000     0.29699960
    24.25000000     0.29686604
    24.26000000     0.29673165
    24.27000000     0.29659643
    24.28000000     0.29646039
    24.29000000     0.29632353
    24.30000000     0.29618583
    24.31000000     0.29604731
    24.32000000     0.29590796
    24.33000000     0.29576779
    24.34000000     0.29562679
    24.35000000     0.29548496
    24.36000000     0.29534231
    24.37000000     0.29519883
    24.38000000     0.29505452
    24.39000000     0.29490938
    24.40000000     0.29476342
    24.41000000     0.29461663
    24.42000000     0.29446901
    24.43000000     0.29432057
    24.44000000     0.29417129
    24.45000000     0.29402119
    24.46000000     0.29387026
    24.47000000     0.29371851
    24.48000000     0.29356592
    24.49000000     0.29341251
    24.50000000     0.29325827
    24.51000000     0.29310320
    24.52000000     0.29294731
    24.53000000     0.29279058
    24.54000000     0.29263303
    24.55000000     0.29247465
    24.56000000     0.29231544
    24.57000000     0.29215541
    24.58000000     0.29199454
    24.59000000     0.29183285
    24.60000000     0.29167033
    24.61000000     0.29150698
    24.62000000     0.29134280
    24.63000000     0.29117779
    24.64000000     0.29101196
    24.65000000     0.29084529
    24.66000000     0.29067780
    24.67000000     0.29050948
    24.68000000     0.29034034
    24.69000000     0.29017036
    24.70000000     0.28999956
    24.71000000     0.28982792
    24.72000000     0.28965546
    24.73000000     0.28948218
    24.74000000     0.28930806
    24.75000000     0.28913311
    24.76000000     0.28895734
    24.77000000     0.28878074
    24.78000000     0.28860331
    24.79000000     0.28842506
    24.80000000     0.28824597
    24.81000000     0.28806606
    24.82000000     0.28788532
    24.83000000     0.28770376
    24.84000000     0.28752136
    24.85000000     0.28733814
    24.86000000     0.28715409
    24.87000000     0.28696921
    24.88000000     0.28678351
    24.89000000     0.28659698
    24.90000000     0.28640962
    24.91000000     0.28622144
    24.92000000     0.28603243
    24.93000000     0.28584259
    24.94000000     0.28565192
    24.95000000     0.28546043
    24.96000000     0.28526812
    24.97000000     0.28507497
    24.98000000     0.28488100
    24.99000000     0.28468621
    25.00000000     0.28449058
    25.01000000     0.28429414
    25.02000000     0.28409686
    25.03000000     0.28389876
    25.04000000     0.28369984
    25.05000000     0.28350009
    25.06000000     0.28329952
    25.07000000     0.28309812
    25.08000000     0.28289589
    25.09000000     0.28269284
    25.10000000     0.28248897
    25.11000000     0.28228427
    25.12000000     0.28207875
    25.13000000     0.28187241
    25.14000000     0.28166524
    25.15000000     0.28145724
    25.16000000     0.28124843
    25.17000000     0.28103879
    25.18000000     0.28082832
    25.19000000     0.28061704
    25.20000000     0.28040493
    25.21000000     0.28019200
    25.22000000     0.27997825
    25.23000000     0.27976367
    25.24000000     0.27954828
    25.25000000     0.27933206
    25.26000000     0.27911502
    25.27000000     0.27889716
    25.28000000     0.27867848
    25.29000000     0.27845898
    25.30000000     0.27823865
    25.31000000     0.27801751
    25.32000000     0.27779555
    25.33000000     0.27757276
    25.34000000     0.27734916
    25.35000000     0.27712474
    25.36000000     0.27689950
    25.37000000     0.27667344
    25.38000000     0.27644656
    25.39000000     0.27621887
    25.40000000     0.27599036
    25.41000000     0.27576102
    25.42000000     0.27553088
    25.43000000     0.27529991
    25.44000000     0.27506813
    25.45000000     0.27483553
    25.46000000     0.27460211
    25.47000000     0.27436788
    25.48000000     0.27413283
    25.49000000     0.27389697
    25.50000000     0.27366030
    25.51000000     0.27342280
    25.52000000     0.27318450
    25.53000000     0.27294538
    25.54000000     0.27270544
    25.55000000     0.27246469
    25.56000000     0.27222313
    25.57000000     0.27198076
    25.58000000     0.27173757
    25.59000000     0.27149357
    25.60000000     0.27124876
    25.61000000     0.27100314
    25.62000000     0.27075671
    25.63000000     0.27050947
    25.64000000     0.27026141
    25.65000000     0.27001255
    25.66000000     0.26976287
    25.67000000     0.26951239
    25.68000000     0.26926110
    25.69000000     0.26900900
    25.70000000     0.26875609
    25.71000000     0.26850237
    25.72000000     0.26824785
    25.73000000     0.26799252
    25.74000000     0.26773638
    25.75000000     0.26747944
    25.76000000     0.26722169
    25.77000000     0.26696313
    25.78000000     0.26670377
    25.79000000     0.26644360
    25.80000000     0.26618263
    25.81000000     0.26592086
    25.82000000     0.26565828
    25.83000000     0.26539490
    25.84000000     0.26513072
    25.85000000     0.26486574
    25.86000000     0.26459995
    25.87000000     0.26433336
    25.88000000     0.26406598
    25.89000000     0.26379779
    25.90000000     0.26352880
    25.91000000     0.26325901
    25.92000000     0.26298842
    25.93000000     0.26271704
    25.94000000     0.26244485
    25.95000000     0.26217187
    25.96000000     0.26189809
    25.97000000     0.26162352
    25.98000000     0.26134815
    25.99000000     0.26107198
    26.00000000     0.26079502
    26.01000000     0.26051726
    26.02000000     0.26023871
    26.03000000     0.25995936
    26.04000000     0.25967923
    26.05000000     0.25939829
    26.06000000     0.25911657
    26.07000000     0.25883406
    26.08000000     0.25855075
    26.09000000     0.25826665
    26.10000000     0.25798176
    26.11000000     0.25769609
    26.12000000     0.25740962
    26.13000000     0.25712237
    26.14000000     0.25683432
    26.15000000     0.25654549
    26.16000000     0.25625587
    26.17000000     0.25596547
    26.18000000     0.25567428
    26.19000000     0.25538230
    26.20000000     0.25508954
    26.21000000     0.25479600
    26.22000000     0.25450167
    26.23000000     0.25420656
    26.24000000     0.25391066
    26.25000000     0.25361399
    26.26000000     0.25331653
    26.27000000     0.25301829
    26.28000000     0.25271927
    26.29000000     0.25241947
    26.30000000     0.25211890
    26.31000000     0.25181754
    26.32000000     0.25151541
    26.33000000     0.25121250
    26.34000000     0.25090881
    26.35000000     0.25060434
    26.36000000     0.25029911
    26.37000000     0.24999309
    26.38000000     0.24968630
    26.39000000     0.24937874
    26.40000000     0.24907041
    26.41000000     0.24876130
    26.42000000     0.24845142
    26.43000000     0.24814077
    26.44000000     0.24782935
    26.45000000     0.24751716
    26.46000000     0.24720420
    26.47000000     0.24689047
    26.48000000     0.24657598
    26.49000000     0.24626071
    26.50000000     0.24594468
    26.51000000     0.24562789
    26.52000000     0.24531033
    26.53000000     0.24499200
    26.54000000     0.24467292
    26.55000000     0.24435306
    26.56000000     0.24403245
    26.57000000     0.24371107
    26.58000000     0.24338894
    26.59000000     0.24306604
    26.60000000     0.24274238
    26.61000000     0.24241797
    26.62000000     0.24209279
    26.63000000     0.24176686
    26.64000000     0.24144017
    26.65000000     0.24111273
    26.66000000     0.24078453
    26.67000000     0.24045557
    26.68000000     0.24012586
    26.69000000     0.23979540
    26.70000000     0.23946419
    26.71000000     0.23913222
    26.72000000     0.23879950
    26.73000000     0.23846603
    26.74000000     0.23813182
    26.75000000     0.23779685
    26.76000000     0.23746114
    26.77000000     0.23712468
    26.78000000     0.23678747
    26.79000000     0.23644951
    26.80000000     0.23611082
    26.81000000     0.23577137
    26.82000000     0.23543119
    26.83000000     0.23509026
    26.84000000     0.23474859
    26.85000000     0.23440618
    26.86000000     0.23406302
    26.87000000     0.23371913
    26.88000000     0.23337450
    26.89000000     0.23302913
    26.90000000     0.23268303
    26.91000000     0.23233619
    26.92000000     0.23198861
    26.93000000     0.23164030
    26.94000000     0.23129125
    26.95000000     0.23094148
    26.96000000     0.23059097
    26.97000000     0.23023972
    26.98000000     0.22988775
    26.99000000     0.22953505
    27.00000000     0.22918162
    27.01000000     0.22882746
    27.02000000     0.22847257
    27.03000000     0.22811696
    27.04000000     0.22776062
    27.05000000     0.22740356
    27.06000000     0.22704577
    27.07000000     0.22668726
    27.08000000     0.22632803
    27.09000000     0.22596808
    27.10000000     0.22560741
    27.11000000     0.22524602
    27.12000000     0.22488391
    27.13000000     0.22452108
    27.14000000     0.22415753
    27.15000000     0.22379327
    27.16000000     0.22342830
    27.17000000     0.22306261
    27.18000000     0.22269621
    27.19000000     0.22232909
    27.20000000     0.22196126
    27.21000000     0.22159273
    27.22000000     0.22122348
    27.23000000     0.22085353
    27.24000000     0.22048286
    27.25000000     0.22011149
    27.26000000     0.21973942
    27.27000000     0.21936664
    27.28000000     0.21899316
    27.29000000     0.21861897
    27.30000000     0.21824408
    27.31000000     0.21786849
    27.32000000     0.21749220
    27.33000000     0.21711521
    27.34000000     0.21673752
    27.35000000     0.21635914
    27.36000000     0.21598006
    27.37000000     0.21560028
    27.38000000     0.21521981
    27.39000000     0.21483864
    27.40000000     0.21445679
    27.41000000     0.21407424
    27.42000000     0.21369100
    27.43000000     0.21330707
    27.44000000     0.21292245
    27.45000000     0.21253715
    27.46000000     0.21215116
    27.47000000     0.21176448
    27.48000000     0.21137712
    27.49000000     0.21098908
    27.50000000     0.21060035
    27.51000000     0.21021094
    27.52000000     0.20982085
    27.53000000     0.20943008
    27.54000000     0.20903864
    27.55000000     0.20864651
    27.56000000     0.20825371
    27.57000000     0.20786024
    27.58000000     0.20746609
    27.59000000     0.20707126
    27.60000000     0.20667577
    27.61000000     0.20627960
    27.62000000     0.20588276
    27.63000000     0.20548526
    27.64000000     0.20508709
    27.65000000     0.20468824
    27.66000000     0.20428874
    27.67000000     0.20388857
    27.68000000     0.20348773
    27.69000000     0.20308623
    27.70000000     0.20268407
    27.71000000     0.20228126
    27.72000000     0.20187778
    27.73000000     0.20147364
    27.74000000     0.20106884
    27.75000000     0.20066339
    27.76000000     0.20025729
    27.77000000     0.19985053
    27.78000000     0.19944312
    27.79000000     0.19903505
    27.80000000     0.19862634
    27.81000000     0.19821697
    27.82000000     0.19780696
    27.83000000     0.19739630
    27.84000000     0.19698499
    27.85000000     0.19657304
    27.86000000     0.19616045
    27.87000000     0.19574721
    27.88000000     0.19533333
    27.89000000     0.19491881
    27.90000000     0.19450365
    27.91000000     0.19408785
    27.92000000     0.19367142
    27.93000000     0.19325435
    27.94000000     0.19283664
    27.95000000     0.19241830
    27.96000000     0.19199933
    27.97000000     0.19157973
    27.98000000     0.19115950
    27.99000000     0.19073864
    28.00000000     0.19031715
    28.01000000     0.18989503
    28.02000000     0.18947229
    28.03000000     0.18904893
    28.04000000     0.18862494
    28.05000000     0.18820033
    28.06000000     0.18777510
    28.07000000     0.18734925
    28.08000000     0.18692278
    28.09000000     0.18649570
    28.10000000     0.18606800
    28.11000000     0.18563968
    28.12000000     0.18521076
    28.13000000     0.18478122
    28.14000000     0.18435106
    28.15000000     0.18392030
    28.16000000     0.18348893
    28.17000000     0.18305696
    28.18000000     0.18262437
    28.19000000     0.18219119
    28.20000000     0.18175739
    28.21000000     0.18132300
    28.22000000     0.18088801
    28.23000000     0.18045241
    28.24000000     0.18001622
    28.25000000     0.17957943
    28.26000000     0.17914204
    28.27000000     0.17870406
    28.28000000     0.17826549
    28.29000000     0.17782632
    28.30000000     0.17738656
    28.31000000     0.17694622
    28.32000000     0.17650528
    28.33000000     0.17606376
    28.34000000     0.17562165
    28.35000000     0.17517896
    28.36000000     0.17473568
    28.37000000     0.17429182
    28.38000000     0.17384738
    28.39000000     0.17340237
    28.40000000     0.17295677
    28.41000000     0.17251060
    28.42000000     0.17206385
    28.43000000     0.17161652
    28.44000000     0.17116863
    28.45000000     0.17072016
    28.46000000     0.17027112
    28.47000000     0.16982152
    28.48000000     0.16937134
    28.49000000     0.16892060
    28.50000000     0.16846930
    28.51000000     0.16801743
    28.52000000     0.16756500
    28.53000000     0.16711201
    28.54000000     0.16665845
    28.55000000     0.16620434
    28.56000000     0.16574968
    28.57000000     0.16529446
    28.58000000     0.16483868
    28.59000000     0.16438235
    28.60000000     0.16392547
    28.61000000     0.16346804
    28.62000000     0.16301006
    28.63000000     0.16255153
    28.64000000     0.16209246
    28.65000000     0.16163284
    28.66000000     0.16117268
    28.67000000     0.16071198
    28.68000000     0.16025074
    28.69000000     0.15978896
    28.70000000     0.15932664
    28.71000000     0.15886378
    28.72000000     0.15840039
    28.73000000     0.15793647
    28.74000000     0.15747201
    28.75000000     0.15700703
    28.76000000     0.15654151
    28.77000000     0.15607547
    28.78000000     0.15560890
    28.79000000     0.15514180
    28.80000000     0.15467418
    28.81000000     0.15420604
    28.82000000     0.15373738
    28.83000000     0.15326820
    28.84000000     0.15279850
    28.85000000     0.15232829
    28.86000000     0.15185756
    28.87000000     0.15138631
    28.88000000     0.15091456
    28.89000000     0.15044229
    28.90000000     0.14996952
    28.91000000     0.14949623
    28.92000000     0.14902244
    28.93000000     0.14854815
    28.94000000     0.14807335
    28.95000000     0.14759805
    28.96000000     0.14712225
    28.97000000     0.14664595
    28.98000000     0.14616915
    28.99000000     0.14569186
    29.00000000     0.14521407
    29.01000000     0.14473579
    29.02000000     0.14425702
    29.03000000     0.14377776
    29.04000000     0.14329801
    29.05000000     0.14281777
    29.06000000     0.14233704
    29.07000000     0.14185584
    29.08000000     0.14137414
    29.09000000     0.14089197
    29.10000000     0.14040932
    29.11000000     0.13992619
    29.12000000     0.13944258
    29.13000000     0.13895850
    29.14000000     0.13847395
    29.15000000     0.13798892
    29.16000000     0.13750342
    29.17000000     0.13701745
    29.18000000     0.13653102
    29.19000000     0.13604412
    29.20000000     0.13555675
    29.21000000     0.13506892
    29.22000000     0.13458064
    29.23000000     0.13409189
    29.24000000     0.13360268
    29.25000000     0.13311301
    29.26000000     0.13262289
    29.27000000     0.13213232
    29.28000000     0.13164129
    29.29000000     0.13114982
    29.30000000     0.13065789
    29.31000000     0.13016552
    29.32000000     0.12967270
    29.33000000     0.12917944
    29.34000000     0.12868573
    29.35000000     0.12819158
    29.36000000     0.12769700
    29.37000000     0.12720197
    29.38000000     0.12670651
    29.39000000     0.12621061
    29.40000000     0.12571428
    29.41000000     0.12521752
    29.42000000     0.12472033
    29.43000000     0.12422271
    29.44000000     0.12372466
    29.45000000     0.12322619
    29.46000000     0.12272730
    29.47000000     0.12222798
    29.48000000     0.12172824
    29.49000000     0.12122808
    29.50000000     0.12072751
    29.51000000     0.12022651
    29.52000000     0.11972511
    29.53000000     0.11922329
    29.54000000     0.11872106
    29.55000000     0.11821842
    29.56000000     0.11771538
    29.57000000     0.11721193
    29.58000000     0.11670807
    29.59000000     0.11620381
    29.60000000     0.11569915
    29.61000000     0.11519409
    29.62000000     0.11468864
    29.63000000     0.11418278
    29.64000000     0.11367653
    29.65000000     0.11316989
    29.66000000     0.11266286
    29.67000000     0.11215544
    29.68000000     0.11164763
    29.69000000     0.11113943
    29.70000000     0.11063085
    29.71000000     0.11012189
    29.72000000     0.10961254
    29.73000000     0.10910282
    29.74000000     0.10859271
    29.75000000     0.10808223
    29.76000000     0.10757138
    29.77000000     0.10706015
    29.78000000     0.10654855
    29.79000000     0.10603658
    29.80000000     0.10552425
    29.81000000     0.10501154
    29.82000000     0.10449848
    29.83000000     0.10398505
    29.84000000     0.10347126
    29.85000000     0.10295710
    29.86000000     0.10244260
    29.87000000     0.10192773
    29.88000000     0.10141251
    29.89000000     0.10089694
    29.90000000     0.10038102
    29.91000000     0.09986474
    29.92000000     0.09934812
    29.93000000     0.09883116
    29.94000000     0.09831384
    29.95000000     0.09779619
    29.96000000     0.09727820
    29.97000000     0.09675986
    29.98000000     0.09624119
    29.99000000     0.09572219
