#nl2j    5   10   21
     0.01000000     0.00000000
     0.02000000    -0.00000000
     0.03000000     0.00000000
     0.04000000     0.00000000
     0.05000000     0.00000000
     0.06000000     0.00000000
     0.07000000     0.00000000
     0.08000000     0.00000000
     0.09000000     0.00000000
     0.10000000     0.00000000
     0.11000000     0.00000000
     0.12000000     0.00000000
     0.13000000     0.00000000
     0.14000000     0.00000000
     0.15000000     0.00000000
     0.16000000     0.00000000
     0.17000000     0.00000000
     0.18000000     0.00000000
     0.19000000     0.00000000
     0.20000000     0.00000000
     0.21000000     0.00000000
     0.22000000     0.00000000
     0.23000000     0.00000000
     0.24000000     0.00000000
     0.25000000     0.00000000
     0.26000000     0.00000000
     0.27000000     0.00000000
     0.28000000     0.00000000
     0.29000000     0.00000000
     0.30000000     0.00000000
     0.31000000     0.00000000
     0.32000000     0.00000000
     0.33000000     0.00000000
     0.34000000     0.00000000
     0.35000000     0.00000000
     0.36000000     0.00000000
     0.37000000     0.00000000
     0.38000000     0.00000000
     0.39000000     0.00000000
     0.40000000     0.00000000
     0.41000000     0.00000000
     0.42000000     0.00000000
     0.43000000     0.00000000
     0.44000000     0.00000000
     0.45000000     0.00000000
     0.46000000     0.00000000
     0.47000000     0.00000000
     0.48000000     0.00000000
     0.49000000     0.00000000
     0.50000000     0.00000000
     0.51000000     0.00000000
     0.52000000     0.00000000
     0.53000000     0.00000000
     0.54000000     0.00000000
     0.55000000     0.00000000
     0.56000000     0.00000000
     0.57000000     0.00000000
     0.58000000     0.00000000
     0.59000000     0.00000000
     0.60000000     0.00000000
     0.61000000     0.00000000
     0.62000000     0.00000000
     0.63000000     0.00000000
     0.64000000     0.00000000
     0.65000000     0.00000000
     0.66000000     0.00000000
     0.67000000     0.00000000
     0.68000000     0.00000000
     0.69000000     0.00000000
     0.70000000     0.00000000
     0.71000000     0.00000000
     0.72000000     0.00000000
     0.73000000     0.00000000
     0.74000000     0.00000000
     0.75000000     0.00000000
     0.76000000     0.00000000
     0.77000000     0.00000000
     0.78000000     0.00000000
     0.79000000     0.00000000
     0.80000000     0.00000000
     0.81000000     0.00000000
     0.82000000     0.00000000
     0.83000000     0.00000000
     0.84000000     0.00000000
     0.85000000     0.00000000
     0.86000000     0.00000000
     0.87000000     0.00000000
     0.88000000     0.00000000
     0.89000000     0.00000000
     0.90000000     0.00000000
     0.91000000     0.00000000
     0.92000000     0.00000000
     0.93000000     0.00000000
     0.94000000     0.00000000
     0.95000000     0.00000000
     0.96000000     0.00000000
     0.97000000     0.00000000
     0.98000000     0.00000000
     0.99000000     0.00000000
     1.00000000     0.00000000
     1.01000000     0.00000000
     1.02000000     0.00000000
     1.03000000     0.00000000
     1.04000000     0.00000000
     1.05000000     0.00000000
     1.06000000     0.00000000
     1.07000000     0.00000000
     1.08000000     0.00000000
     1.09000000     0.00000000
     1.10000000     0.00000000
     1.11000000     0.00000000
     1.12000000     0.00000000
     1.13000000     0.00000000
     1.14000000     0.00000000
     1.15000000     0.00000000
     1.16000000     0.00000000
     1.17000000     0.00000000
     1.18000000     0.00000000
     1.19000000     0.00000000
     1.20000000     0.00000000
     1.21000000     0.00000000
     1.22000000     0.00000000
     1.23000000     0.00000000
     1.24000000     0.00000000
     1.25000000     0.00000000
     1.26000000     0.00000000
     1.27000000     0.00000000
     1.28000000     0.00000000
     1.29000000     0.00000000
     1.30000000     0.00000000
     1.31000000     0.00000000
     1.32000000     0.00000000
     1.33000000     0.00000000
     1.34000000     0.00000000
     1.35000000     0.00000000
     1.36000000     0.00000000
     1.37000000     0.00000000
     1.38000000     0.00000000
     1.39000000     0.00000000
     1.40000000     0.00000000
     1.41000000     0.00000000
     1.42000000     0.00000000
     1.43000000     0.00000000
     1.44000000     0.00000000
     1.45000000     0.00000000
     1.46000000     0.00000000
     1.47000000     0.00000000
     1.48000000     0.00000000
     1.49000000     0.00000000
     1.50000000     0.00000000
     1.51000000     0.00000000
     1.52000000     0.00000000
     1.53000000     0.00000000
     1.54000000     0.00000000
     1.55000000     0.00000000
     1.56000000     0.00000000
     1.57000000     0.00000000
     1.58000000     0.00000000
     1.59000000     0.00000000
     1.60000000     0.00000000
     1.61000000     0.00000000
     1.62000000     0.00000000
     1.63000000     0.00000000
     1.64000000     0.00000000
     1.65000000     0.00000000
     1.66000000     0.00000000
     1.67000000     0.00000000
     1.68000000     0.00000000
     1.69000000     0.00000000
     1.70000000     0.00000000
     1.71000000     0.00000000
     1.72000000     0.00000000
     1.73000000     0.00000000
     1.74000000     0.00000000
     1.75000000     0.00000000
     1.76000000     0.00000000
     1.77000000     0.00000000
     1.78000000     0.00000000
     1.79000000     0.00000000
     1.80000000     0.00000000
     1.81000000     0.00000000
     1.82000000     0.00000000
     1.83000000     0.00000000
     1.84000000     0.00000000
     1.85000000     0.00000000
     1.86000000     0.00000000
     1.87000000     0.00000000
     1.88000000     0.00000000
     1.89000000     0.00000000
     1.90000000     0.00000000
     1.91000000     0.00000000
     1.92000000     0.00000000
     1.93000000     0.00000000
     1.94000000     0.00000000
     1.95000000     0.00000000
     1.96000000     0.00000000
     1.97000000     0.00000000
     1.98000000     0.00000000
     1.99000000     0.00000000
     2.00000000     0.00000000
     2.01000000     0.00000000
     2.02000000     0.00000000
     2.03000000     0.00000000
     2.04000000     0.00000000
     2.05000000     0.00000000
     2.06000000     0.00000000
     2.07000000     0.00000000
     2.08000000     0.00000000
     2.09000000     0.00000000
     2.10000000     0.00000000
     2.11000000     0.00000000
     2.12000000     0.00000000
     2.13000000     0.00000000
     2.14000000     0.00000000
     2.15000000     0.00000000
     2.16000000     0.00000000
     2.17000000     0.00000000
     2.18000000     0.00000000
     2.19000000     0.00000000
     2.20000000     0.00000000
     2.21000000     0.00000000
     2.22000000     0.00000000
     2.23000000     0.00000000
     2.24000000     0.00000000
     2.25000000     0.00000000
     2.26000000     0.00000000
     2.27000000     0.00000000
     2.28000000     0.00000000
     2.29000000     0.00000000
     2.30000000     0.00000000
     2.31000000     0.00000000
     2.32000000     0.00000000
     2.33000000     0.00000000
     2.34000000     0.00000000
     2.35000000     0.00000000
     2.36000000     0.00000000
     2.37000000     0.00000000
     2.38000000     0.00000000
     2.39000000     0.00000000
     2.40000000     0.00000000
     2.41000000     0.00000000
     2.42000000     0.00000000
     2.43000000     0.00000000
     2.44000000     0.00000000
     2.45000000     0.00000000
     2.46000000     0.00000000
     2.47000000     0.00000000
     2.48000000     0.00000000
     2.49000000     0.00000000
     2.50000000     0.00000000
     2.51000000     0.00000000
     2.52000000     0.00000000
     2.53000000     0.00000000
     2.54000000     0.00000000
     2.55000000     0.00000000
     2.56000000     0.00000000
     2.57000000     0.00000000
     2.58000000     0.00000000
     2.59000000     0.00000000
     2.60000000     0.00000000
     2.61000000     0.00000000
     2.62000000     0.00000000
     2.63000000     0.00000000
     2.64000000     0.00000000
     2.65000000     0.00000000
     2.66000000     0.00000000
     2.67000000     0.00000000
     2.68000000     0.00000000
     2.69000000     0.00000000
     2.70000000     0.00000000
     2.71000000     0.00000000
     2.72000000     0.00000000
     2.73000000     0.00000000
     2.74000000     0.00000000
     2.75000000     0.00000000
     2.76000000     0.00000000
     2.77000000     0.00000000
     2.78000000     0.00000000
     2.79000000     0.00000000
     2.80000000     0.00000000
     2.81000000     0.00000000
     2.82000000     0.00000000
     2.83000000     0.00000000
     2.84000000     0.00000000
     2.85000000     0.00000000
     2.86000000     0.00000000
     2.87000000     0.00000000
     2.88000000     0.00000000
     2.89000000     0.00000000
     2.90000000     0.00000000
     2.91000000     0.00000000
     2.92000000     0.00000000
     2.93000000     0.00000000
     2.94000000     0.00000000
     2.95000000     0.00000000
     2.96000000     0.00000000
     2.97000000     0.00000000
     2.98000000     0.00000000
     2.99000000     0.00000000
     3.00000000     0.00000000
     3.01000000     0.00000000
     3.02000000     0.00000000
     3.03000000     0.00000000
     3.04000000     0.00000000
     3.05000000     0.00000000
     3.06000000     0.00000000
     3.07000000     0.00000000
     3.08000000     0.00000000
     3.09000000     0.00000000
     3.10000000     0.00000000
     3.11000000     0.00000000
     3.12000000     0.00000000
     3.13000000     0.00000000
     3.14000000     0.00000000
     3.15000000     0.00000000
     3.16000000     0.00000000
     3.17000000     0.00000000
     3.18000000     0.00000000
     3.19000000     0.00000000
     3.20000000     0.00000000
     3.21000000     0.00000000
     3.22000000     0.00000000
     3.23000000     0.00000000
     3.24000000     0.00000000
     3.25000000     0.00000000
     3.26000000     0.00000000
     3.27000000     0.00000000
     3.28000000     0.00000000
     3.29000000     0.00000000
     3.30000000     0.00000000
     3.31000000     0.00000000
     3.32000000     0.00000000
     3.33000000     0.00000000
     3.34000000     0.00000000
     3.35000000     0.00000000
     3.36000000     0.00000000
     3.37000000     0.00000000
     3.38000000     0.00000000
     3.39000000     0.00000000
     3.40000000     0.00000000
     3.41000000     0.00000000
     3.42000000     0.00000000
     3.43000000     0.00000000
     3.44000000     0.00000000
     3.45000000     0.00000000
     3.46000000     0.00000000
     3.47000000     0.00000000
     3.48000000     0.00000000
     3.49000000     0.00000000
     3.50000000     0.00000000
     3.51000000     0.00000000
     3.52000000     0.00000000
     3.53000000     0.00000000
     3.54000000     0.00000000
     3.55000000     0.00000000
     3.56000000     0.00000000
     3.57000000     0.00000000
     3.58000000     0.00000000
     3.59000000     0.00000000
     3.60000000     0.00000000
     3.61000000     0.00000000
     3.62000000     0.00000000
     3.63000000     0.00000000
     3.64000000     0.00000000
     3.65000000     0.00000000
     3.66000000     0.00000001
     3.67000000     0.00000001
     3.68000000     0.00000001
     3.69000000     0.00000001
     3.70000000     0.00000001
     3.71000000     0.00000001
     3.72000000     0.00000001
     3.73000000     0.00000001
     3.74000000     0.00000001
     3.75000000     0.00000001
     3.76000000     0.00000001
     3.77000000     0.00000001
     3.78000000     0.00000001
     3.79000000     0.00000001
     3.80000000     0.00000001
     3.81000000     0.00000001
     3.82000000     0.00000001
     3.83000000     0.00000001
     3.84000000     0.00000001
     3.85000000     0.00000001
     3.86000000     0.00000001
     3.87000000     0.00000001
     3.88000000     0.00000001
     3.89000000     0.00000001
     3.90000000     0.00000001
     3.91000000     0.00000001
     3.92000000     0.00000001
     3.93000000     0.00000001
     3.94000000     0.00000001
     3.95000000     0.00000001
     3.96000000     0.00000001
     3.97000000     0.00000001
     3.98000000     0.00000001
     3.99000000     0.00000001
     4.00000000     0.00000001
     4.01000000     0.00000001
     4.02000000     0.00000001
     4.03000000     0.00000001
     4.04000000     0.00000001
     4.05000000     0.00000001
     4.06000000     0.00000001
     4.07000000     0.00000001
     4.08000000     0.00000001
     4.09000000     0.00000001
     4.10000000     0.00000001
     4.11000000     0.00000002
     4.12000000     0.00000002
     4.13000000     0.00000002
     4.14000000     0.00000002
     4.15000000     0.00000002
     4.16000000     0.00000002
     4.17000000     0.00000002
     4.18000000     0.00000002
     4.19000000     0.00000002
     4.20000000     0.00000002
     4.21000000     0.00000002
     4.22000000     0.00000002
     4.23000000     0.00000002
     4.24000000     0.00000002
     4.25000000     0.00000002
     4.26000000     0.00000002
     4.27000000     0.00000002
     4.28000000     0.00000002
     4.29000000     0.00000002
     4.30000000     0.00000002
     4.31000000     0.00000002
     4.32000000     0.00000002
     4.33000000     0.00000002
     4.34000000     0.00000003
     4.35000000     0.00000003
     4.36000000     0.00000003
     4.37000000     0.00000003
     4.38000000     0.00000003
     4.39000000     0.00000003
     4.40000000     0.00000003
     4.41000000     0.00000003
     4.42000000     0.00000003
     4.43000000     0.00000003
     4.44000000     0.00000003
     4.45000000     0.00000003
     4.46000000     0.00000003
     4.47000000     0.00000003
     4.48000000     0.00000003
     4.49000000     0.00000003
     4.50000000     0.00000003
     4.51000000     0.00000004
     4.52000000     0.00000004
     4.53000000     0.00000004
     4.54000000     0.00000004
     4.55000000     0.00000004
     4.56000000     0.00000004
     4.57000000     0.00000004
     4.58000000     0.00000004
     4.59000000     0.00000004
     4.60000000     0.00000004
     4.61000000     0.00000004
     4.62000000     0.00000004
     4.63000000     0.00000004
     4.64000000     0.00000005
     4.65000000     0.00000005
     4.66000000     0.00000005
     4.67000000     0.00000005
     4.68000000     0.00000005
     4.69000000     0.00000005
     4.70000000     0.00000005
     4.71000000     0.00000005
     4.72000000     0.00000005
     4.73000000     0.00000005
     4.74000000     0.00000006
     4.75000000     0.00000006
     4.76000000     0.00000006
     4.77000000     0.00000006
     4.78000000     0.00000006
     4.79000000     0.00000006
     4.80000000     0.00000006
     4.81000000     0.00000006
     4.82000000     0.00000006
     4.83000000     0.00000006
     4.84000000     0.00000007
     4.85000000     0.00000007
     4.86000000     0.00000007
     4.87000000     0.00000007
     4.88000000     0.00000007
     4.89000000     0.00000007
     4.90000000     0.00000007
     4.91000000     0.00000007
     4.92000000     0.00000008
     4.93000000     0.00000008
     4.94000000     0.00000008
     4.95000000     0.00000008
     4.96000000     0.00000008
     4.97000000     0.00000008
     4.98000000     0.00000008
     4.99000000     0.00000009
     5.00000000     0.00000009
     5.01000000     0.00000009
     5.02000000     0.00000009
     5.03000000     0.00000009
     5.04000000     0.00000009
     5.05000000     0.00000009
     5.06000000     0.00000010
     5.07000000     0.00000010
     5.08000000     0.00000010
     5.09000000     0.00000010
     5.10000000     0.00000010
     5.11000000     0.00000010
     5.12000000     0.00000011
     5.13000000     0.00000011
     5.14000000     0.00000011
     5.15000000     0.00000011
     5.16000000     0.00000011
     5.17000000     0.00000011
     5.18000000     0.00000012
     5.19000000     0.00000012
     5.20000000     0.00000012
     5.21000000     0.00000012
     5.22000000     0.00000012
     5.23000000     0.00000013
     5.24000000     0.00000013
     5.25000000     0.00000013
     5.26000000     0.00000013
     5.27000000     0.00000013
     5.28000000     0.00000014
     5.29000000     0.00000014
     5.30000000     0.00000014
     5.31000000     0.00000014
     5.32000000     0.00000014
     5.33000000     0.00000015
     5.34000000     0.00000015
     5.35000000     0.00000015
     5.36000000     0.00000015
     5.37000000     0.00000016
     5.38000000     0.00000016
     5.39000000     0.00000016
     5.40000000     0.00000016
     5.41000000     0.00000016
     5.42000000     0.00000017
     5.43000000     0.00000017
     5.44000000     0.00000017
     5.45000000     0.00000017
     5.46000000     0.00000018
     5.47000000     0.00000018
     5.48000000     0.00000018
     5.49000000     0.00000018
     5.50000000     0.00000019
     5.51000000     0.00000019
     5.52000000     0.00000019
     5.53000000     0.00000020
     5.54000000     0.00000020
     5.55000000     0.00000020
     5.56000000     0.00000020
     5.57000000     0.00000021
     5.58000000     0.00000021
     5.59000000     0.00000021
     5.60000000     0.00000022
     5.61000000     0.00000022
     5.62000000     0.00000022
     5.63000000     0.00000022
     5.64000000     0.00000023
     5.65000000     0.00000023
     5.66000000     0.00000023
     5.67000000     0.00000024
     5.68000000     0.00000024
     5.69000000     0.00000024
     5.70000000     0.00000025
     5.71000000     0.00000025
     5.72000000     0.00000025
     5.73000000     0.00000026
     5.74000000     0.00000026
     5.75000000     0.00000026
     5.76000000     0.00000027
     5.77000000     0.00000027
     5.78000000     0.00000027
     5.79000000     0.00000028
     5.80000000     0.00000028
     5.81000000     0.00000028
     5.82000000     0.00000029
     5.83000000     0.00000029
     5.84000000     0.00000029
     5.85000000     0.00000030
     5.86000000     0.00000030
     5.87000000     0.00000031
     5.88000000     0.00000031
     5.89000000     0.00000031
     5.90000000     0.00000032
     5.91000000     0.00000032
     5.92000000     0.00000032
     5.93000000     0.00000033
     5.94000000     0.00000033
     5.95000000     0.00000034
     5.96000000     0.00000034
     5.97000000     0.00000034
     5.98000000     0.00000035
     5.99000000     0.00000035
     6.00000000     0.00000036
     6.01000000     0.00000036
     6.02000000     0.00000036
     6.03000000     0.00000037
     6.04000000     0.00000037
     6.05000000     0.00000038
     6.06000000     0.00000038
     6.07000000     0.00000039
     6.08000000     0.00000039
     6.09000000     0.00000040
     6.10000000     0.00000040
     6.11000000     0.00000040
     6.12000000     0.00000041
     6.13000000     0.00000041
     6.14000000     0.00000042
     6.15000000     0.00000042
     6.16000000     0.00000043
     6.17000000     0.00000043
     6.18000000     0.00000044
     6.19000000     0.00000044
     6.20000000     0.00000045
     6.21000000     0.00000045
     6.22000000     0.00000046
     6.23000000     0.00000046
     6.24000000     0.00000047
     6.25000000     0.00000047
     6.26000000     0.00000048
     6.27000000     0.00000048
     6.28000000     0.00000049
     6.29000000     0.00000049
     6.30000000     0.00000050
     6.31000000     0.00000050
     6.32000000     0.00000051
     6.33000000     0.00000051
     6.34000000     0.00000052
     6.35000000     0.00000052
     6.36000000     0.00000053
     6.37000000     0.00000053
     6.38000000     0.00000054
     6.39000000     0.00000054
     6.40000000     0.00000055
     6.41000000     0.00000056
     6.42000000     0.00000056
     6.43000000     0.00000057
     6.44000000     0.00000057
     6.45000000     0.00000058
     6.46000000     0.00000058
     6.47000000     0.00000059
     6.48000000     0.00000060
     6.49000000     0.00000060
     6.50000000     0.00000061
     6.51000000     0.00000061
     6.52000000     0.00000062
     6.53000000     0.00000062
     6.54000000     0.00000063
     6.55000000     0.00000064
     6.56000000     0.00000064
     6.57000000     0.00000065
     6.58000000     0.00000065
     6.59000000     0.00000066
     6.60000000     0.00000067
     6.61000000     0.00000067
     6.62000000     0.00000068
     6.63000000     0.00000069
     6.64000000     0.00000069
     6.65000000     0.00000070
     6.66000000     0.00000070
     6.67000000     0.00000071
     6.68000000     0.00000072
     6.69000000     0.00000072
     6.70000000     0.00000073
     6.71000000     0.00000074
     6.72000000     0.00000074
     6.73000000     0.00000075
     6.74000000     0.00000076
     6.75000000     0.00000076
     6.76000000     0.00000077
     6.77000000     0.00000078
     6.78000000     0.00000078
     6.79000000     0.00000079
     6.80000000     0.00000080
     6.81000000     0.00000080
     6.82000000     0.00000081
     6.83000000     0.00000082
     6.84000000     0.00000083
     6.85000000     0.00000083
     6.86000000     0.00000084
     6.87000000     0.00000085
     6.88000000     0.00000085
     6.89000000     0.00000086
     6.90000000     0.00000087
     6.91000000     0.00000088
     6.92000000     0.00000088
     6.93000000     0.00000089
     6.94000000     0.00000090
     6.95000000     0.00000090
     6.96000000     0.00000091
     6.97000000     0.00000092
     6.98000000     0.00000093
     6.99000000     0.00000093
     7.00000000     0.00000094
     7.01000000     0.00000095
     7.02000000     0.00000096
     7.03000000     0.00000097
     7.04000000     0.00000097
     7.05000000     0.00000098
     7.06000000     0.00000099
     7.07000000     0.00000100
     7.08000000     0.00000100
     7.09000000     0.00000101
     7.10000000     0.00000102
     7.11000000     0.00000103
     7.12000000     0.00000104
     7.13000000     0.00000104
     7.14000000     0.00000105
     7.15000000     0.00000106
     7.16000000     0.00000107
     7.17000000     0.00000108
     7.18000000     0.00000108
     7.19000000     0.00000109
     7.20000000     0.00000110
     7.21000000     0.00000111
     7.22000000     0.00000112
     7.23000000     0.00000113
     7.24000000     0.00000114
     7.25000000     0.00000114
     7.26000000     0.00000115
     7.27000000     0.00000116
     7.28000000     0.00000117
     7.29000000     0.00000118
     7.30000000     0.00000119
     7.31000000     0.00000120
     7.32000000     0.00000121
     7.33000000     0.00000121
     7.34000000     0.00000122
     7.35000000     0.00000123
     7.36000000     0.00000124
     7.37000000     0.00000125
     7.38000000     0.00000126
     7.39000000     0.00000127
     7.40000000     0.00000128
     7.41000000     0.00000129
     7.42000000     0.00000130
     7.43000000     0.00000131
     7.44000000     0.00000132
     7.45000000     0.00000133
     7.46000000     0.00000134
     7.47000000     0.00000135
     7.48000000     0.00000135
     7.49000000     0.00000136
     7.50000000     0.00000137
     7.51000000     0.00000138
     7.52000000     0.00000139
     7.53000000     0.00000140
     7.54000000     0.00000141
     7.55000000     0.00000142
     7.56000000     0.00000144
     7.57000000     0.00000145
     7.58000000     0.00000146
     7.59000000     0.00000147
     7.60000000     0.00000148
     7.61000000     0.00000149
     7.62000000     0.00000150
     7.63000000     0.00000151
     7.64000000     0.00000152
     7.65000000     0.00000153
     7.66000000     0.00000154
     7.67000000     0.00000155
     7.68000000     0.00000156
     7.69000000     0.00000158
     7.70000000     0.00000159
     7.71000000     0.00000160
     7.72000000     0.00000161
     7.73000000     0.00000162
     7.74000000     0.00000163
     7.75000000     0.00000164
     7.76000000     0.00000166
     7.77000000     0.00000167
     7.78000000     0.00000168
     7.79000000     0.00000169
     7.80000000     0.00000170
     7.81000000     0.00000172
     7.82000000     0.00000173
     7.83000000     0.00000174
     7.84000000     0.00000175
     7.85000000     0.00000177
     7.86000000     0.00000178
     7.87000000     0.00000179
     7.88000000     0.00000181
     7.89000000     0.00000182
     7.90000000     0.00000183
     7.91000000     0.00000185
     7.92000000     0.00000186
     7.93000000     0.00000187
     7.94000000     0.00000189
     7.95000000     0.00000190
     7.96000000     0.00000191
     7.97000000     0.00000193
     7.98000000     0.00000194
     7.99000000     0.00000196
     8.00000000     0.00000197
     8.01000000     0.00000199
     8.02000000     0.00000200
     8.03000000     0.00000202
     8.04000000     0.00000203
     8.05000000     0.00000205
     8.06000000     0.00000206
     8.07000000     0.00000208
     8.08000000     0.00000209
     8.09000000     0.00000211
     8.10000000     0.00000212
     8.11000000     0.00000214
     8.12000000     0.00000216
     8.13000000     0.00000217
     8.14000000     0.00000219
     8.15000000     0.00000220
     8.16000000     0.00000222
     8.17000000     0.00000224
     8.18000000     0.00000226
     8.19000000     0.00000227
     8.20000000     0.00000229
     8.21000000     0.00000231
     8.22000000     0.00000233
     8.23000000     0.00000234
     8.24000000     0.00000236
     8.25000000     0.00000238
     8.26000000     0.00000240
     8.27000000     0.00000242
     8.28000000     0.00000244
     8.29000000     0.00000246
     8.30000000     0.00000247
     8.31000000     0.00000249
     8.32000000     0.00000251
     8.33000000     0.00000253
     8.34000000     0.00000255
     8.35000000     0.00000257
     8.36000000     0.00000259
     8.37000000     0.00000262
     8.38000000     0.00000264
     8.39000000     0.00000266
     8.40000000     0.00000268
     8.41000000     0.00000270
     8.42000000     0.00000272
     8.43000000     0.00000274
     8.44000000     0.00000277
     8.45000000     0.00000279
     8.46000000     0.00000281
     8.47000000     0.00000283
     8.48000000     0.00000286
     8.49000000     0.00000288
     8.50000000     0.00000290
     8.51000000     0.00000293
     8.52000000     0.00000295
     8.53000000     0.00000298
     8.54000000     0.00000300
     8.55000000     0.00000303
     8.56000000     0.00000305
     8.57000000     0.00000308
     8.58000000     0.00000310
     8.59000000     0.00000313
     8.60000000     0.00000316
     8.61000000     0.00000318
     8.62000000     0.00000321
     8.63000000     0.00000324
     8.64000000     0.00000326
     8.65000000     0.00000329
     8.66000000     0.00000332
     8.67000000     0.00000335
     8.68000000     0.00000338
     8.69000000     0.00000341
     8.70000000     0.00000344
     8.71000000     0.00000347
     8.72000000     0.00000350
     8.73000000     0.00000353
     8.74000000     0.00000356
     8.75000000     0.00000359
     8.76000000     0.00000362
     8.77000000     0.00000365
     8.78000000     0.00000368
     8.79000000     0.00000372
     8.80000000     0.00000375
     8.81000000     0.00000378
     8.82000000     0.00000381
     8.83000000     0.00000385
     8.84000000     0.00000388
     8.85000000     0.00000392
     8.86000000     0.00000395
     8.87000000     0.00000399
     8.88000000     0.00000402
     8.89000000     0.00000406
     8.90000000     0.00000410
     8.91000000     0.00000413
     8.92000000     0.00000417
     8.93000000     0.00000421
     8.94000000     0.00000425
     8.95000000     0.00000428
     8.96000000     0.00000432
     8.97000000     0.00000436
     8.98000000     0.00000440
     8.99000000     0.00000444
     9.00000000     0.00000448
     9.01000000     0.00000452
     9.02000000     0.00000457
     9.03000000     0.00000461
     9.04000000     0.00000465
     9.05000000     0.00000469
     9.06000000     0.00000474
     9.07000000     0.00000478
     9.08000000     0.00000483
     9.09000000     0.00000487
     9.10000000     0.00000492
     9.11000000     0.00000496
     9.12000000     0.00000501
     9.13000000     0.00000505
     9.14000000     0.00000510
     9.15000000     0.00000515
     9.16000000     0.00000520
     9.17000000     0.00000525
     9.18000000     0.00000530
     9.19000000     0.00000535
     9.20000000     0.00000540
     9.21000000     0.00000545
     9.22000000     0.00000550
     9.23000000     0.00000555
     9.24000000     0.00000560
     9.25000000     0.00000566
     9.26000000     0.00000571
     9.27000000     0.00000576
     9.28000000     0.00000582
     9.29000000     0.00000588
     9.30000000     0.00000593
     9.31000000     0.00000599
     9.32000000     0.00000605
     9.33000000     0.00000610
     9.34000000     0.00000616
     9.35000000     0.00000622
     9.36000000     0.00000628
     9.37000000     0.00000634
     9.38000000     0.00000640
     9.39000000     0.00000646
     9.40000000     0.00000653
     9.41000000     0.00000659
     9.42000000     0.00000665
     9.43000000     0.00000672
     9.44000000     0.00000678
     9.45000000     0.00000685
     9.46000000     0.00000691
     9.47000000     0.00000698
     9.48000000     0.00000705
     9.49000000     0.00000712
     9.50000000     0.00000719
     9.51000000     0.00000726
     9.52000000     0.00000733
     9.53000000     0.00000740
     9.54000000     0.00000747
     9.55000000     0.00000754
     9.56000000     0.00000762
     9.57000000     0.00000769
     9.58000000     0.00000777
     9.59000000     0.00000784
     9.60000000     0.00000792
     9.61000000     0.00000800
     9.62000000     0.00000808
     9.63000000     0.00000816
     9.64000000     0.00000824
     9.65000000     0.00000832
     9.66000000     0.00000840
     9.67000000     0.00000848
     9.68000000     0.00000856
     9.69000000     0.00000865
     9.70000000     0.00000873
     9.71000000     0.00000882
     9.72000000     0.00000891
     9.73000000     0.00000899
     9.74000000     0.00000908
     9.75000000     0.00000917
     9.76000000     0.00000926
     9.77000000     0.00000935
     9.78000000     0.00000945
     9.79000000     0.00000954
     9.80000000     0.00000963
     9.81000000     0.00000973
     9.82000000     0.00000983
     9.83000000     0.00000992
     9.84000000     0.00001002
     9.85000000     0.00001012
     9.86000000     0.00001022
     9.87000000     0.00001032
     9.88000000     0.00001042
     9.89000000     0.00001053
     9.90000000     0.00001063
     9.91000000     0.00001074
     9.92000000     0.00001084
     9.93000000     0.00001095
     9.94000000     0.00001106
     9.95000000     0.00001117
     9.96000000     0.00001128
     9.97000000     0.00001139
     9.98000000     0.00001150
     9.99000000     0.00001162
    10.00000000     0.00001173
    10.01000000     0.00001185
    10.02000000     0.00001197
    10.03000000     0.00001208
    10.04000000     0.00001220
    10.05000000     0.00001232
    10.06000000     0.00001245
    10.07000000     0.00001257
    10.08000000     0.00001269
    10.09000000     0.00001282
    10.10000000     0.00001295
    10.11000000     0.00001308
    10.12000000     0.00001320
    10.13000000     0.00001334
    10.14000000     0.00001347
    10.15000000     0.00001360
    10.16000000     0.00001374
    10.17000000     0.00001387
    10.18000000     0.00001401
    10.19000000     0.00001415
    10.20000000     0.00001429
    10.21000000     0.00001443
    10.22000000     0.00001457
    10.23000000     0.00001471
    10.24000000     0.00001486
    10.25000000     0.00001501
    10.26000000     0.00001516
    10.27000000     0.00001530
    10.28000000     0.00001546
    10.29000000     0.00001561
    10.30000000     0.00001576
    10.31000000     0.00001592
    10.32000000     0.00001608
    10.33000000     0.00001623
    10.34000000     0.00001639
    10.35000000     0.00001656
    10.36000000     0.00001672
    10.37000000     0.00001688
    10.38000000     0.00001705
    10.39000000     0.00001722
    10.40000000     0.00001739
    10.41000000     0.00001756
    10.42000000     0.00001773
    10.43000000     0.00001790
    10.44000000     0.00001808
    10.45000000     0.00001826
    10.46000000     0.00001844
    10.47000000     0.00001862
    10.48000000     0.00001880
    10.49000000     0.00001899
    10.50000000     0.00001917
    10.51000000     0.00001936
    10.52000000     0.00001955
    10.53000000     0.00001974
    10.54000000     0.00001993
    10.55000000     0.00002013
    10.56000000     0.00002033
    10.57000000     0.00002052
    10.58000000     0.00002072
    10.59000000     0.00002093
    10.60000000     0.00002113
    10.61000000     0.00002134
    10.62000000     0.00002155
    10.63000000     0.00002176
    10.64000000     0.00002197
    10.65000000     0.00002218
    10.66000000     0.00002240
    10.67000000     0.00002262
    10.68000000     0.00002283
    10.69000000     0.00002306
    10.70000000     0.00002328
    10.71000000     0.00002351
    10.72000000     0.00002374
    10.73000000     0.00002397
    10.74000000     0.00002420
    10.75000000     0.00002443
    10.76000000     0.00002467
    10.77000000     0.00002491
    10.78000000     0.00002515
    10.79000000     0.00002539
    10.80000000     0.00002564
    10.81000000     0.00002588
    10.82000000     0.00002613
    10.83000000     0.00002639
    10.84000000     0.00002664
    10.85000000     0.00002690
    10.86000000     0.00002716
    10.87000000     0.00002742
    10.88000000     0.00002768
    10.89000000     0.00002795
    10.90000000     0.00002822
    10.91000000     0.00002849
    10.92000000     0.00002876
    10.93000000     0.00002904
    10.94000000     0.00002931
    10.95000000     0.00002960
    10.96000000     0.00002988
    10.97000000     0.00003016
    10.98000000     0.00003045
    10.99000000     0.00003074
    11.00000000     0.00003104
    11.01000000     0.00003133
    11.02000000     0.00003163
    11.03000000     0.00003193
    11.04000000     0.00003224
    11.05000000     0.00003255
    11.06000000     0.00003286
    11.07000000     0.00003317
    11.08000000     0.00003348
    11.09000000     0.00003380
    11.10000000     0.00003412
    11.11000000     0.00003444
    11.12000000     0.00003477
    11.13000000     0.00003510
    11.14000000     0.00003543
    11.15000000     0.00003577
    11.16000000     0.00003611
    11.17000000     0.00003645
    11.18000000     0.00003679
    11.19000000     0.00003714
    11.20000000     0.00003749
    11.21000000     0.00003784
    11.22000000     0.00003820
    11.23000000     0.00003856
    11.24000000     0.00003892
    11.25000000     0.00003928
    11.26000000     0.00003965
    11.27000000     0.00004003
    11.28000000     0.00004040
    11.29000000     0.00004078
    11.30000000     0.00004116
    11.31000000     0.00004155
    11.32000000     0.00004193
    11.33000000     0.00004233
    11.34000000     0.00004272
    11.35000000     0.00004312
    11.36000000     0.00004352
    11.37000000     0.00004393
    11.38000000     0.00004434
    11.39000000     0.00004475
    11.40000000     0.00004516
    11.41000000     0.00004558
    11.42000000     0.00004601
    11.43000000     0.00004643
    11.44000000     0.00004686
    11.45000000     0.00004730
    11.46000000     0.00004773
    11.47000000     0.00004818
    11.48000000     0.00004862
    11.49000000     0.00004907
    11.50000000     0.00004952
    11.51000000     0.00004998
    11.52000000     0.00005044
    11.53000000     0.00005090
    11.54000000     0.00005137
    11.55000000     0.00005184
    11.56000000     0.00005232
    11.57000000     0.00005280
    11.58000000     0.00005329
    11.59000000     0.00005377
    11.60000000     0.00005427
    11.61000000     0.00005476
    11.62000000     0.00005526
    11.63000000     0.00005577
    11.64000000     0.00005628
    11.65000000     0.00005679
    11.66000000     0.00005731
    11.67000000     0.00005783
    11.68000000     0.00005836
    11.69000000     0.00005889
    11.70000000     0.00005942
    11.71000000     0.00005996
    11.72000000     0.00006051
    11.73000000     0.00006106
    11.74000000     0.00006161
    11.75000000     0.00006217
    11.76000000     0.00006273
    11.77000000     0.00006330
    11.78000000     0.00006387
    11.79000000     0.00006444
    11.80000000     0.00006503
    11.81000000     0.00006561
    11.82000000     0.00006620
    11.83000000     0.00006680
    11.84000000     0.00006740
    11.85000000     0.00006800
    11.86000000     0.00006862
    11.87000000     0.00006923
    11.88000000     0.00006985
    11.89000000     0.00007048
    11.90000000     0.00007111
    11.91000000     0.00007174
    11.92000000     0.00007238
    11.93000000     0.00007303
    11.94000000     0.00007368
    11.95000000     0.00007434
    11.96000000     0.00007500
    11.97000000     0.00007567
    11.98000000     0.00007634
    11.99000000     0.00007702
    12.00000000     0.00007770
    12.01000000     0.00007839
    12.02000000     0.00007909
    12.03000000     0.00007979
    12.04000000     0.00008050
    12.05000000     0.00008121
    12.06000000     0.00008193
    12.07000000     0.00008265
    12.08000000     0.00008338
    12.09000000     0.00008411
    12.10000000     0.00008485
    12.11000000     0.00008560
    12.12000000     0.00008635
    12.13000000     0.00008711
    12.14000000     0.00008788
    12.15000000     0.00008865
    12.16000000     0.00008943
    12.17000000     0.00009021
    12.18000000     0.00009100
    12.19000000     0.00009180
    12.20000000     0.00009260
    12.21000000     0.00009341
    12.22000000     0.00009422
    12.23000000     0.00009504
    12.24000000     0.00009587
    12.25000000     0.00009671
    12.26000000     0.00009755
    12.27000000     0.00009840
    12.28000000     0.00009925
    12.29000000     0.00010011
    12.30000000     0.00010098
    12.31000000     0.00010185
    12.32000000     0.00010274
    12.33000000     0.00010363
    12.34000000     0.00010452
    12.35000000     0.00010542
    12.36000000     0.00010633
    12.37000000     0.00010725
    12.38000000     0.00010817
    12.39000000     0.00010911
    12.40000000     0.00011004
    12.41000000     0.00011099
    12.42000000     0.00011194
    12.43000000     0.00011290
    12.44000000     0.00011387
    12.45000000     0.00011485
    12.46000000     0.00011583
    12.47000000     0.00011682
    12.48000000     0.00011782
    12.49000000     0.00011883
    12.50000000     0.00011984
    12.51000000     0.00012086
    12.52000000     0.00012189
    12.53000000     0.00012293
    12.54000000     0.00012398
    12.55000000     0.00012503
    12.56000000     0.00012609
    12.57000000     0.00012716
    12.58000000     0.00012824
    12.59000000     0.00012933
    12.60000000     0.00013042
    12.61000000     0.00013153
    12.62000000     0.00013264
    12.63000000     0.00013376
    12.64000000     0.00013489
    12.65000000     0.00013602
    12.66000000     0.00013717
    12.67000000     0.00013832
    12.68000000     0.00013949
    12.69000000     0.00014066
    12.70000000     0.00014184
    12.71000000     0.00014303
    12.72000000     0.00014423
    12.73000000     0.00014544
    12.74000000     0.00014666
    12.75000000     0.00014788
    12.76000000     0.00014912
    12.77000000     0.00015037
    12.78000000     0.00015162
    12.79000000     0.00015289
    12.80000000     0.00015416
    12.81000000     0.00015544
    12.82000000     0.00015674
    12.83000000     0.00015804
    12.84000000     0.00015935
    12.85000000     0.00016067
    12.86000000     0.00016201
    12.87000000     0.00016335
    12.88000000     0.00016470
    12.89000000     0.00016606
    12.90000000     0.00016744
    12.91000000     0.00016882
    12.92000000     0.00017021
    12.93000000     0.00017162
    12.94000000     0.00017303
    12.95000000     0.00017445
    12.96000000     0.00017589
    12.97000000     0.00017733
    12.98000000     0.00017879
    12.99000000     0.00018026
    13.00000000     0.00018174
    13.01000000     0.00018323
    13.02000000     0.00018473
    13.03000000     0.00018624
    13.04000000     0.00018776
    13.05000000     0.00018929
    13.06000000     0.00019084
    13.07000000     0.00019239
    13.08000000     0.00019396
    13.09000000     0.00019554
    13.10000000     0.00019713
    13.11000000     0.00019873
    13.12000000     0.00020035
    13.13000000     0.00020197
    13.14000000     0.00020361
    13.15000000     0.00020526
    13.16000000     0.00020692
    13.17000000     0.00020860
    13.18000000     0.00021028
    13.19000000     0.00021198
    13.20000000     0.00021369
    13.21000000     0.00021542
    13.22000000     0.00021715
    13.23000000     0.00021890
    13.24000000     0.00022066
    13.25000000     0.00022244
    13.26000000     0.00022422
    13.27000000     0.00022602
    13.28000000     0.00022784
    13.29000000     0.00022966
    13.30000000     0.00023150
    13.31000000     0.00023335
    13.32000000     0.00023522
    13.33000000     0.00023710
    13.34000000     0.00023899
    13.35000000     0.00024090
    13.36000000     0.00024282
    13.37000000     0.00024475
    13.38000000     0.00024670
    13.39000000     0.00024866
    13.40000000     0.00025064
    13.41000000     0.00025263
    13.42000000     0.00025463
    13.43000000     0.00025665
    13.44000000     0.00025868
    13.45000000     0.00026073
    13.46000000     0.00026279
    13.47000000     0.00026487
    13.48000000     0.00026696
    13.49000000     0.00026906
    13.50000000     0.00027119
    13.51000000     0.00027332
    13.52000000     0.00027547
    13.53000000     0.00027764
    13.54000000     0.00027982
    13.55000000     0.00028202
    13.56000000     0.00028423
    13.57000000     0.00028646
    13.58000000     0.00028870
    13.59000000     0.00029096
    13.60000000     0.00029324
    13.61000000     0.00029553
    13.62000000     0.00029784
    13.63000000     0.00030016
    13.64000000     0.00030250
    13.65000000     0.00030486
    13.66000000     0.00030723
    13.67000000     0.00030962
    13.68000000     0.00031203
    13.69000000     0.00031446
    13.70000000     0.00031690
    13.71000000     0.00031935
    13.72000000     0.00032183
    13.73000000     0.00032432
    13.74000000     0.00032683
    13.75000000     0.00032936
    13.76000000     0.00033190
    13.77000000     0.00033446
    13.78000000     0.00033704
    13.79000000     0.00033964
    13.80000000     0.00034226
    13.81000000     0.00034489
    13.82000000     0.00034754
    13.83000000     0.00035021
    13.84000000     0.00035290
    13.85000000     0.00035561
    13.86000000     0.00035833
    13.87000000     0.00036108
    13.88000000     0.00036384
    13.89000000     0.00036662
    13.90000000     0.00036943
    13.91000000     0.00037225
    13.92000000     0.00037509
    13.93000000     0.00037795
    13.94000000     0.00038083
    13.95000000     0.00038373
    13.96000000     0.00038665
    13.97000000     0.00038959
    13.98000000     0.00039254
    13.99000000     0.00039552
    14.00000000     0.00039852
    14.01000000     0.00040154
    14.02000000     0.00040458
    14.03000000     0.00040764
    14.04000000     0.00041073
    14.05000000     0.00041383
    14.06000000     0.00041695
    14.07000000     0.00042010
    14.08000000     0.00042327
    14.09000000     0.00042645
    14.10000000     0.00042966
    14.11000000     0.00043289
    14.12000000     0.00043615
    14.13000000     0.00043942
    14.14000000     0.00044272
    14.15000000     0.00044604
    14.16000000     0.00044938
    14.17000000     0.00045274
    14.18000000     0.00045613
    14.19000000     0.00045954
    14.20000000     0.00046297
    14.21000000     0.00046643
    14.22000000     0.00046991
    14.23000000     0.00047341
    14.24000000     0.00047693
    14.25000000     0.00048048
    14.26000000     0.00048406
    14.27000000     0.00048765
    14.28000000     0.00049127
    14.29000000     0.00049492
    14.30000000     0.00049859
    14.31000000     0.00050228
    14.32000000     0.00050600
    14.33000000     0.00050974
    14.34000000     0.00051351
    14.35000000     0.00051730
    14.36000000     0.00052112
    14.37000000     0.00052496
    14.38000000     0.00052883
    14.39000000     0.00053272
    14.40000000     0.00053664
    14.41000000     0.00054059
    14.42000000     0.00054456
    14.43000000     0.00054855
    14.44000000     0.00055258
    14.45000000     0.00055663
    14.46000000     0.00056071
    14.47000000     0.00056481
    14.48000000     0.00056894
    14.49000000     0.00057310
    14.50000000     0.00057728
    14.51000000     0.00058150
    14.52000000     0.00058574
    14.53000000     0.00059000
    14.54000000     0.00059430
    14.55000000     0.00059862
    14.56000000     0.00060297
    14.57000000     0.00060735
    14.58000000     0.00061176
    14.59000000     0.00061620
    14.60000000     0.00062067
    14.61000000     0.00062516
    14.62000000     0.00062969
    14.63000000     0.00063424
    14.64000000     0.00063882
    14.65000000     0.00064344
    14.66000000     0.00064808
    14.67000000     0.00065275
    14.68000000     0.00065746
    14.69000000     0.00066219
    14.70000000     0.00066695
    14.71000000     0.00067175
    14.72000000     0.00067658
    14.73000000     0.00068143
    14.74000000     0.00068632
    14.75000000     0.00069124
    14.76000000     0.00069619
    14.77000000     0.00070118
    14.78000000     0.00070619
    14.79000000     0.00071124
    14.80000000     0.00071632
    14.81000000     0.00072143
    14.82000000     0.00072657
    14.83000000     0.00073175
    14.84000000     0.00073696
    14.85000000     0.00074221
    14.86000000     0.00074748
    14.87000000     0.00075279
    14.88000000     0.00075814
    14.89000000     0.00076352
    14.90000000     0.00076893
    14.91000000     0.00077438
    14.92000000     0.00077986
    14.93000000     0.00078538
    14.94000000     0.00079093
    14.95000000     0.00079652
    14.96000000     0.00080214
    14.97000000     0.00080780
    14.98000000     0.00081349
    14.99000000     0.00081922
    15.00000000     0.00082498
    15.01000000     0.00083079
    15.02000000     0.00083662
    15.03000000     0.00084250
    15.04000000     0.00084841
    15.05000000     0.00085436
    15.06000000     0.00086035
    15.07000000     0.00086637
    15.08000000     0.00087243
    15.09000000     0.00087854
    15.10000000     0.00088467
    15.11000000     0.00089085
    15.12000000     0.00089707
    15.13000000     0.00090332
    15.14000000     0.00090961
    15.15000000     0.00091595
    15.16000000     0.00092232
    15.17000000     0.00092873
    15.18000000     0.00093518
    15.19000000     0.00094167
    15.20000000     0.00094820
    15.21000000     0.00095478
    15.22000000     0.00096139
    15.23000000     0.00096804
    15.24000000     0.00097474
    15.25000000     0.00098148
    15.26000000     0.00098826
    15.27000000     0.00099508
    15.28000000     0.00100194
    15.29000000     0.00100885
    15.30000000     0.00101579
    15.31000000     0.00102278
    15.32000000     0.00102982
    15.33000000     0.00103689
    15.34000000     0.00104402
    15.35000000     0.00105118
    15.36000000     0.00105839
    15.37000000     0.00106564
    15.38000000     0.00107294
    15.39000000     0.00108028
    15.40000000     0.00108767
    15.41000000     0.00109510
    15.42000000     0.00110258
    15.43000000     0.00111010
    15.44000000     0.00111767
    15.45000000     0.00112528
    15.46000000     0.00113294
    15.47000000     0.00114065
    15.48000000     0.00114841
    15.49000000     0.00115621
    15.50000000     0.00116406
    15.51000000     0.00117196
    15.52000000     0.00117990
    15.53000000     0.00118790
    15.54000000     0.00119594
    15.55000000     0.00120403
    15.56000000     0.00121217
    15.57000000     0.00122036
    15.58000000     0.00122860
    15.59000000     0.00123688
    15.60000000     0.00124522
    15.61000000     0.00125361
    15.62000000     0.00126205
    15.63000000     0.00127054
    15.64000000     0.00127908
    15.65000000     0.00128767
    15.66000000     0.00129632
    15.67000000     0.00130501
    15.68000000     0.00131376
    15.69000000     0.00132256
    15.70000000     0.00133141
    15.71000000     0.00134032
    15.72000000     0.00134928
    15.73000000     0.00135829
    15.74000000     0.00136736
    15.75000000     0.00137648
    15.76000000     0.00138566
    15.77000000     0.00139489
    15.78000000     0.00140417
    15.79000000     0.00141351
    15.80000000     0.00142291
    15.81000000     0.00143236
    15.82000000     0.00144187
    15.83000000     0.00145143
    15.84000000     0.00146105
    15.85000000     0.00147073
    15.86000000     0.00148046
    15.87000000     0.00149026
    15.88000000     0.00150011
    15.89000000     0.00151002
    15.90000000     0.00151998
    15.91000000     0.00153001
    15.92000000     0.00154009
    15.93000000     0.00155024
    15.94000000     0.00156044
    15.95000000     0.00157071
    15.96000000     0.00158103
    15.97000000     0.00159142
    15.98000000     0.00160186
    15.99000000     0.00161237
    16.00000000     0.00162294
    16.01000000     0.00163357
    16.02000000     0.00164427
    16.03000000     0.00165502
    16.04000000     0.00166584
    16.05000000     0.00167672
    16.06000000     0.00168767
    16.07000000     0.00169868
    16.08000000     0.00170975
    16.09000000     0.00172089
    16.10000000     0.00173209
    16.11000000     0.00174336
    16.12000000     0.00175469
    16.13000000     0.00176609
    16.14000000     0.00177756
    16.15000000     0.00178909
    16.16000000     0.00180069
    16.17000000     0.00181235
    16.18000000     0.00182409
    16.19000000     0.00183589
    16.20000000     0.00184776
    16.21000000     0.00185970
    16.22000000     0.00187170
    16.23000000     0.00188378
    16.24000000     0.00189592
    16.25000000     0.00190814
    16.26000000     0.00192042
    16.27000000     0.00193278
    16.28000000     0.00194521
    16.29000000     0.00195771
    16.30000000     0.00197028
    16.31000000     0.00198292
    16.32000000     0.00199564
    16.33000000     0.00200842
    16.34000000     0.00202128
    16.35000000     0.00203422
    16.36000000     0.00204723
    16.37000000     0.00206031
    16.38000000     0.00207347
    16.39000000     0.00208670
    16.40000000     0.00210001
    16.41000000     0.00211339
    16.42000000     0.00212685
    16.43000000     0.00214039
    16.44000000     0.00215400
    16.45000000     0.00216769
    16.46000000     0.00218146
    16.47000000     0.00219530
    16.48000000     0.00220923
    16.49000000     0.00222323
    16.50000000     0.00223731
    16.51000000     0.00225148
    16.52000000     0.00226572
    16.53000000     0.00228004
    16.54000000     0.00229444
    16.55000000     0.00230893
    16.56000000     0.00232349
    16.57000000     0.00233814
    16.58000000     0.00235287
    16.59000000     0.00236769
    16.60000000     0.00238258
    16.61000000     0.00239756
    16.62000000     0.00241263
    16.63000000     0.00242777
    16.64000000     0.00244301
    16.65000000     0.00245833
    16.66000000     0.00247373
    16.67000000     0.00248922
    16.68000000     0.00250480
    16.69000000     0.00252046
    16.70000000     0.00253621
    16.71000000     0.00255205
    16.72000000     0.00256798
    16.73000000     0.00258400
    16.74000000     0.00260010
    16.75000000     0.00261629
    16.76000000     0.00263258
    16.77000000     0.00264895
    16.78000000     0.00266542
    16.79000000     0.00268198
    16.80000000     0.00269863
    16.81000000     0.00271537
    16.82000000     0.00273220
    16.83000000     0.00274913
    16.84000000     0.00276615
    16.85000000     0.00278326
    16.86000000     0.00280047
    16.87000000     0.00281777
    16.88000000     0.00283517
    16.89000000     0.00285267
    16.90000000     0.00287026
    16.91000000     0.00288794
    16.92000000     0.00290573
    16.93000000     0.00292361
    16.94000000     0.00294159
    16.95000000     0.00295967
    16.96000000     0.00297785
    16.97000000     0.00299613
    16.98000000     0.00301450
    16.99000000     0.00303298
    17.00000000     0.00305156
    17.01000000     0.00307024
    17.02000000     0.00308902
    17.03000000     0.00310791
    17.04000000     0.00312689
    17.05000000     0.00314598
    17.06000000     0.00316518
    17.07000000     0.00318448
    17.08000000     0.00320388
    17.09000000     0.00322339
    17.10000000     0.00324301
    17.11000000     0.00326273
    17.12000000     0.00328256
    17.13000000     0.00330249
    17.14000000     0.00332254
    17.15000000     0.00334269
    17.16000000     0.00336295
    17.17000000     0.00338332
    17.18000000     0.00340380
    17.19000000     0.00342439
    17.20000000     0.00344509
    17.21000000     0.00346590
    17.22000000     0.00348683
    17.23000000     0.00350787
    17.24000000     0.00352902
    17.25000000     0.00355028
    17.26000000     0.00357166
    17.27000000     0.00359315
    17.28000000     0.00361476
    17.29000000     0.00363649
    17.30000000     0.00365833
    17.31000000     0.00368028
    17.32000000     0.00370236
    17.33000000     0.00372455
    17.34000000     0.00374686
    17.35000000     0.00376929
    17.36000000     0.00379184
    17.37000000     0.00381451
    17.38000000     0.00383730
    17.39000000     0.00386021
    17.40000000     0.00388324
    17.41000000     0.00390640
    17.42000000     0.00392968
    17.43000000     0.00395308
    17.44000000     0.00397660
    17.45000000     0.00400026
    17.46000000     0.00402403
    17.47000000     0.00404793
    17.48000000     0.00407196
    17.49000000     0.00409612
    17.50000000     0.00412040
    17.51000000     0.00414481
    17.52000000     0.00416935
    17.53000000     0.00419402
    17.54000000     0.00421882
    17.55000000     0.00424374
    17.56000000     0.00426880
    17.57000000     0.00429400
    17.58000000     0.00431932
    17.59000000     0.00434478
    17.60000000     0.00437037
    17.61000000     0.00439609
    17.62000000     0.00442195
    17.63000000     0.00444795
    17.64000000     0.00447408
    17.65000000     0.00450035
    17.66000000     0.00452675
    17.67000000     0.00455329
    17.68000000     0.00457997
    17.69000000     0.00460679
    17.70000000     0.00463375
    17.71000000     0.00466085
    17.72000000     0.00468809
    17.73000000     0.00471548
    17.74000000     0.00474300
    17.75000000     0.00477067
    17.76000000     0.00479848
    17.77000000     0.00482644
    17.78000000     0.00485454
    17.79000000     0.00488278
    17.80000000     0.00491117
    17.81000000     0.00493971
    17.82000000     0.00496840
    17.83000000     0.00499723
    17.84000000     0.00502622
    17.85000000     0.00505535
    17.86000000     0.00508463
    17.87000000     0.00511407
    17.88000000     0.00514365
    17.89000000     0.00517339
    17.90000000     0.00520328
    17.91000000     0.00523332
    17.92000000     0.00526352
    17.93000000     0.00529387
    17.94000000     0.00532438
    17.95000000     0.00535505
    17.96000000     0.00538587
    17.97000000     0.00541685
    17.98000000     0.00544799
    17.99000000     0.00547928
    18.00000000     0.00551074
    18.01000000     0.00554236
    18.02000000     0.00557414
    18.03000000     0.00560608
    18.04000000     0.00563818
    18.05000000     0.00567045
    18.06000000     0.00570288
    18.07000000     0.00573547
    18.08000000     0.00576823
    18.09000000     0.00580116
    18.10000000     0.00583425
    18.11000000     0.00586752
    18.12000000     0.00590095
    18.13000000     0.00593455
    18.14000000     0.00596832
    18.15000000     0.00600226
    18.16000000     0.00603637
    18.17000000     0.00607065
    18.18000000     0.00610511
    18.19000000     0.00613974
    18.20000000     0.00617455
    18.21000000     0.00620953
    18.22000000     0.00624469
    18.23000000     0.00628002
    18.24000000     0.00631553
    18.25000000     0.00635122
    18.26000000     0.00638709
    18.27000000     0.00642314
    18.28000000     0.00645937
    18.29000000     0.00649578
    18.30000000     0.00653237
    18.31000000     0.00656915
    18.32000000     0.00660611
    18.33000000     0.00664325
    18.34000000     0.00668058
    18.35000000     0.00671810
    18.36000000     0.00675580
    18.37000000     0.00679369
    18.38000000     0.00683177
    18.39000000     0.00687004
    18.40000000     0.00690850
    18.41000000     0.00694715
    18.42000000     0.00698599
    18.43000000     0.00702503
    18.44000000     0.00706426
    18.45000000     0.00710368
    18.46000000     0.00714330
    18.47000000     0.00718312
    18.48000000     0.00722313
    18.49000000     0.00726334
    18.50000000     0.00730375
    18.51000000     0.00734436
    18.52000000     0.00738517
    18.53000000     0.00742618
    18.54000000     0.00746739
    18.55000000     0.00750880
    18.56000000     0.00755042
    18.57000000     0.00759224
    18.58000000     0.00763427
    18.59000000     0.00767651
    18.60000000     0.00771895
    18.61000000     0.00776160
    18.62000000     0.00780446
    18.63000000     0.00784753
    18.64000000     0.00789081
    18.65000000     0.00793431
    18.66000000     0.00797801
    18.67000000     0.00802193
    18.68000000     0.00806606
    18.69000000     0.00811041
    18.70000000     0.00815498
    18.71000000     0.00819976
    18.72000000     0.00824476
    18.73000000     0.00828998
    18.74000000     0.00833542
    18.75000000     0.00838108
    18.76000000     0.00842696
    18.77000000     0.00847306
    18.78000000     0.00851939
    18.79000000     0.00856595
    18.80000000     0.00861272
    18.81000000     0.00865973
    18.82000000     0.00870696
    18.83000000     0.00875442
    18.84000000     0.00880211
    18.85000000     0.00885003
    18.86000000     0.00889819
    18.87000000     0.00894657
    18.88000000     0.00899519
    18.89000000     0.00904404
    18.90000000     0.00909313
    18.91000000     0.00914245
    18.92000000     0.00919201
    18.93000000     0.00924181
    18.94000000     0.00929185
    18.95000000     0.00934212
    18.96000000     0.00939264
    18.97000000     0.00944340
    18.98000000     0.00949441
    18.99000000     0.00954565
    19.00000000     0.00959715
    19.01000000     0.00964889
    19.02000000     0.00970087
    19.03000000     0.00975311
    19.04000000     0.00980559
    19.05000000     0.00985833
    19.06000000     0.00991131
    19.07000000     0.00996455
    19.08000000     0.01001804
    19.09000000     0.01007179
    19.10000000     0.01012579
    19.11000000     0.01018004
    19.12000000     0.01023456
    19.13000000     0.01028933
    19.14000000     0.01034437
    19.15000000     0.01039966
    19.16000000     0.01045522
    19.17000000     0.01051103
    19.18000000     0.01056712
    19.19000000     0.01062346
    19.20000000     0.01068008
    19.21000000     0.01073696
    19.22000000     0.01079411
    19.23000000     0.01085153
    19.24000000     0.01090921
    19.25000000     0.01096717
    19.26000000     0.01102541
    19.27000000     0.01108391
    19.28000000     0.01114270
    19.29000000     0.01120175
    19.30000000     0.01126109
    19.31000000     0.01132070
    19.32000000     0.01138059
    19.33000000     0.01144077
    19.34000000     0.01150122
    19.35000000     0.01156196
    19.36000000     0.01162298
    19.37000000     0.01168429
    19.38000000     0.01174588
    19.39000000     0.01180776
    19.40000000     0.01186993
    19.41000000     0.01193239
    19.42000000     0.01199514
    19.43000000     0.01205818
    19.44000000     0.01212151
    19.45000000     0.01218514
    19.46000000     0.01224906
    19.47000000     0.01231328
    19.48000000     0.01237780
    19.49000000     0.01244262
    19.50000000     0.01250774
    19.51000000     0.01257316
    19.52000000     0.01263888
    19.53000000     0.01270491
    19.54000000     0.01277124
    19.55000000     0.01283788
    19.56000000     0.01290482
    19.57000000     0.01297208
    19.58000000     0.01303964
    19.59000000     0.01310752
    19.60000000     0.01317570
    19.61000000     0.01324421
    19.62000000     0.01331302
    19.63000000     0.01338216
    19.64000000     0.01345161
    19.65000000     0.01352137
    19.66000000     0.01359146
    19.67000000     0.01366187
    19.68000000     0.01373261
    19.69000000     0.01380366
    19.70000000     0.01387505
    19.71000000     0.01394675
    19.72000000     0.01401879
    19.73000000     0.01409115
    19.74000000     0.01416385
    19.75000000     0.01423687
    19.76000000     0.01431023
    19.77000000     0.01438393
    19.78000000     0.01445796
    19.79000000     0.01453232
    19.80000000     0.01460703
    19.81000000     0.01468207
    19.82000000     0.01475745
    19.83000000     0.01483318
    19.84000000     0.01490925
    19.85000000     0.01498566
    19.86000000     0.01506242
    19.87000000     0.01513953
    19.88000000     0.01521699
    19.89000000     0.01529479
    19.90000000     0.01537295
    19.91000000     0.01545146
    19.92000000     0.01553033
    19.93000000     0.01560955
    19.94000000     0.01568912
    19.95000000     0.01576906
    19.96000000     0.01584936
    19.97000000     0.01593001
    19.98000000     0.01601103
    19.99000000     0.01609242
    20.00000000     0.01617417
    20.01000000     0.01625628
    20.02000000     0.01633877
    20.03000000     0.01642162
    20.04000000     0.01650484
    20.05000000     0.01658844
    20.06000000     0.01667241
    20.07000000     0.01675676
    20.08000000     0.01684148
    20.09000000     0.01692658
    20.10000000     0.01701206
    20.11000000     0.01709793
    20.12000000     0.01718417
    20.13000000     0.01727080
    20.14000000     0.01735782
    20.15000000     0.01744522
    20.16000000     0.01753301
    20.17000000     0.01762119
    20.18000000     0.01770976
    20.19000000     0.01779872
    20.20000000     0.01788808
    20.21000000     0.01797784
    20.22000000     0.01806799
    20.23000000     0.01815854
    20.24000000     0.01824949
    20.25000000     0.01834085
    20.26000000     0.01843260
    20.27000000     0.01852477
    20.28000000     0.01861733
    20.29000000     0.01871031
    20.30000000     0.01880370
    20.31000000     0.01889750
    20.32000000     0.01899171
    20.33000000     0.01908633
    20.34000000     0.01918137
    20.35000000     0.01927683
    20.36000000     0.01937271
    20.37000000     0.01946901
    20.38000000     0.01956573
    20.39000000     0.01966287
    20.40000000     0.01976044
    20.41000000     0.01985844
    20.42000000     0.01995687
    20.43000000     0.02005572
    20.44000000     0.02015501
    20.45000000     0.02025473
    20.46000000     0.02035489
    20.47000000     0.02045548
    20.48000000     0.02055651
    20.49000000     0.02065798
    20.50000000     0.02075989
    20.51000000     0.02086225
    20.52000000     0.02096505
    20.53000000     0.02106830
    20.54000000     0.02117200
    20.55000000     0.02127614
    20.56000000     0.02138074
    20.57000000     0.02148579
    20.58000000     0.02159129
    20.59000000     0.02169726
    20.60000000     0.02180368
    20.61000000     0.02191056
    20.62000000     0.02201790
    20.63000000     0.02212571
    20.64000000     0.02223398
    20.65000000     0.02234271
    20.66000000     0.02245192
    20.67000000     0.02256160
    20.68000000     0.02267175
    20.69000000     0.02278237
    20.70000000     0.02289347
    20.71000000     0.02300504
    20.72000000     0.02311710
    20.73000000     0.02322963
    20.74000000     0.02334265
    20.75000000     0.02345615
    20.76000000     0.02357014
    20.77000000     0.02368462
    20.78000000     0.02379958
    20.79000000     0.02391504
    20.80000000     0.02403099
    20.81000000     0.02414744
    20.82000000     0.02426438
    20.83000000     0.02438182
    20.84000000     0.02449976
    20.85000000     0.02461821
    20.86000000     0.02473716
    20.87000000     0.02485661
    20.88000000     0.02497657
    20.89000000     0.02509705
    20.90000000     0.02521803
    20.91000000     0.02533953
    20.92000000     0.02546154
    20.93000000     0.02558407
    20.94000000     0.02570712
    20.95000000     0.02583069
    20.96000000     0.02595478
    20.97000000     0.02607940
    20.98000000     0.02620454
    20.99000000     0.02633021
    21.00000000     0.02645642
    21.01000000     0.02658315
    21.02000000     0.02671042
    21.03000000     0.02683823
    21.04000000     0.02696657
    21.05000000     0.02709545
    21.06000000     0.02722488
    21.07000000     0.02735485
    21.08000000     0.02748536
    21.09000000     0.02761643
    21.10000000     0.02774804
    21.11000000     0.02788021
    21.12000000     0.02801292
    21.13000000     0.02814620
    21.14000000     0.02828003
    21.15000000     0.02841442
    21.16000000     0.02854938
    21.17000000     0.02868489
    21.18000000     0.02882098
    21.19000000     0.02895763
    21.20000000     0.02909485
    21.21000000     0.02923264
    21.22000000     0.02937100
    21.23000000     0.02950995
    21.24000000     0.02964947
    21.25000000     0.02978957
    21.26000000     0.02993025
    21.27000000     0.03007151
    21.28000000     0.03021336
    21.29000000     0.03035580
    21.30000000     0.03049883
    21.31000000     0.03064246
    21.32000000     0.03078667
    21.33000000     0.03093149
    21.34000000     0.03107690
    21.35000000     0.03122291
    21.36000000     0.03136953
    21.37000000     0.03151675
    21.38000000     0.03166458
    21.39000000     0.03181302
    21.40000000     0.03196207
    21.41000000     0.03211173
    21.42000000     0.03226201
    21.43000000     0.03241290
    21.44000000     0.03256442
    21.45000000     0.03271656
    21.46000000     0.03286932
    21.47000000     0.03302271
    21.48000000     0.03317673
    21.49000000     0.03333138
    21.50000000     0.03348666
    21.51000000     0.03364258
    21.52000000     0.03379913
    21.53000000     0.03395633
    21.54000000     0.03411416
    21.55000000     0.03427265
    21.56000000     0.03443177
    21.57000000     0.03459155
    21.58000000     0.03475198
    21.59000000     0.03491306
    21.60000000     0.03507479
    21.61000000     0.03523719
    21.62000000     0.03540024
    21.63000000     0.03556396
    21.64000000     0.03572834
    21.65000000     0.03589339
    21.66000000     0.03605911
    21.67000000     0.03622550
    21.68000000     0.03639256
    21.69000000     0.03656030
    21.70000000     0.03672872
    21.71000000     0.03689781
    21.72000000     0.03706760
    21.73000000     0.03723806
    21.74000000     0.03740922
    21.75000000     0.03758106
    21.76000000     0.03775360
    21.77000000     0.03792684
    21.78000000     0.03810077
    21.79000000     0.03827540
    21.80000000     0.03845073
    21.81000000     0.03862676
    21.82000000     0.03880351
    21.83000000     0.03898096
    21.84000000     0.03915913
    21.85000000     0.03933801
    21.86000000     0.03951760
    21.87000000     0.03969792
    21.88000000     0.03987895
    21.89000000     0.04006071
    21.90000000     0.04024320
    21.91000000     0.04042642
    21.92000000     0.04061036
    21.93000000     0.04079505
    21.94000000     0.04098046
    21.95000000     0.04116662
    21.96000000     0.04135352
    21.97000000     0.04154116
    21.98000000     0.04172955
    21.99000000     0.04191868
    22.00000000     0.04210857
    22.01000000     0.04229921
    22.02000000     0.04249061
    22.03000000     0.04268277
    22.04000000     0.04287569
    22.05000000     0.04306937
    22.06000000     0.04326382
    22.07000000     0.04345904
    22.08000000     0.04365503
    22.09000000     0.04385180
    22.10000000     0.04404934
    22.11000000     0.04424766
    22.12000000     0.04444677
    22.13000000     0.04464666
    22.14000000     0.04484733
    22.15000000     0.04504880
    22.16000000     0.04525106
    22.17000000     0.04545411
    22.18000000     0.04565797
    22.19000000     0.04586262
    22.20000000     0.04606808
    22.21000000     0.04627434
    22.22000000     0.04648142
    22.23000000     0.04668930
    22.24000000     0.04689800
    22.25000000     0.04710751
    22.26000000     0.04731784
    22.27000000     0.04752900
    22.28000000     0.04774098
    22.29000000     0.04795379
    22.30000000     0.04816743
    22.31000000     0.04838190
    22.32000000     0.04859721
    22.33000000     0.04881336
    22.34000000     0.04903035
    22.35000000     0.04924818
    22.36000000     0.04946686
    22.37000000     0.04968639
    22.38000000     0.04990677
    22.39000000     0.05012801
    22.40000000     0.05035010
    22.41000000     0.05057306
    22.42000000     0.05079688
    22.43000000     0.05102157
    22.44000000     0.05124712
    22.45000000     0.05147355
    22.46000000     0.05170086
    22.47000000     0.05192904
    22.48000000     0.05215810
    22.49000000     0.05238805
    22.50000000     0.05261888
    22.51000000     0.05285061
    22.52000000     0.05308322
    22.53000000     0.05331673
    22.54000000     0.05355114
    22.55000000     0.05378645
    22.56000000     0.05402267
    22.57000000     0.05425979
    22.58000000     0.05449782
    22.59000000     0.05473676
    22.60000000     0.05497662
    22.61000000     0.05521740
    22.62000000     0.05545910
    22.63000000     0.05570173
    22.64000000     0.05594528
    22.65000000     0.05618977
    22.66000000     0.05643519
    22.67000000     0.05668154
    22.68000000     0.05692884
    22.69000000     0.05717708
    22.70000000     0.05742626
    22.71000000     0.05767639
    22.72000000     0.05792748
    22.73000000     0.05817952
    22.74000000     0.05843251
    22.75000000     0.05868647
    22.76000000     0.05894140
    22.77000000     0.05919729
    22.78000000     0.05945415
    22.79000000     0.05971198
    22.80000000     0.05997080
    22.81000000     0.06023059
    22.82000000     0.06049136
    22.83000000     0.06075312
    22.84000000     0.06101587
    22.85000000     0.06127961
    22.86000000     0.06154435
    22.87000000     0.06181008
    22.88000000     0.06207682
    22.89000000     0.06234457
    22.90000000     0.06261332
    22.91000000     0.06288308
    22.92000000     0.06315386
    22.93000000     0.06342565
    22.94000000     0.06369847
    22.95000000     0.06397231
    22.96000000     0.06424717
    22.97000000     0.06452307
    22.98000000     0.06480000
    22.99000000     0.06507797
    23.00000000     0.06535699
    23.01000000     0.06563704
    23.02000000     0.06591814
    23.03000000     0.06620029
    23.04000000     0.06648350
    23.05000000     0.06676776
    23.06000000     0.06705308
    23.07000000     0.06733947
    23.08000000     0.06762692
    23.09000000     0.06791545
    23.10000000     0.06820504
    23.11000000     0.06849572
    23.12000000     0.06878747
    23.13000000     0.06908031
    23.14000000     0.06937424
    23.15000000     0.06966926
    23.16000000     0.06996537
    23.17000000     0.07026257
    23.18000000     0.07056088
    23.19000000     0.07086030
    23.20000000     0.07116082
    23.21000000     0.07146245
    23.22000000     0.07176520
    23.23000000     0.07206906
    23.24000000     0.07237405
    23.25000000     0.07268016
    23.26000000     0.07298740
    23.27000000     0.07329577
    23.28000000     0.07360528
    23.29000000     0.07391592
    23.30000000     0.07422771
    23.31000000     0.07454065
    23.32000000     0.07485473
    23.33000000     0.07516997
    23.34000000     0.07548636
    23.35000000     0.07580391
    23.36000000     0.07612263
    23.37000000     0.07644252
    23.38000000     0.07676357
    23.39000000     0.07708580
    23.40000000     0.07740921
    23.41000000     0.07773380
    23.42000000     0.07805958
    23.43000000     0.07838655
    23.44000000     0.07871470
    23.45000000     0.07904406
    23.46000000     0.07937461
    23.47000000     0.07970637
    23.48000000     0.08003933
    23.49000000     0.08037351
    23.50000000     0.08070890
    23.51000000     0.08104551
    23.52000000     0.08138334
    23.53000000     0.08172240
    23.54000000     0.08206268
    23.55000000     0.08240420
    23.56000000     0.08274696
    23.57000000     0.08309096
    23.58000000     0.08343620
    23.59000000     0.08378269
    23.60000000     0.08413043
    23.61000000     0.08447943
    23.62000000     0.08482969
    23.63000000     0.08518121
    23.64000000     0.08553400
    23.65000000     0.08588806
    23.66000000     0.08624339
    23.67000000     0.08660000
    23.68000000     0.08695790
    23.69000000     0.08731708
    23.70000000     0.08767755
    23.71000000     0.08803932
    23.72000000     0.08840239
    23.73000000     0.08876675
    23.74000000     0.08913243
    23.75000000     0.08949941
    23.76000000     0.08986771
    23.77000000     0.09023732
    23.78000000     0.09060825
    23.79000000     0.09098052
    23.80000000     0.09135411
    23.81000000     0.09172903
    23.82000000     0.09210529
    23.83000000     0.09248290
    23.84000000     0.09286184
    23.85000000     0.09324214
    23.86000000     0.09362379
    23.87000000     0.09400680
    23.88000000     0.09439117
    23.89000000     0.09477691
    23.90000000     0.09516402
    23.91000000     0.09555250
    23.92000000     0.09594235
    23.93000000     0.09633359
    23.94000000     0.09672622
    23.95000000     0.09712023
    23.96000000     0.09751564
    23.97000000     0.09791245
    23.98000000     0.09831066
    23.99000000     0.09871027
    24.00000000     0.09911130
    24.01000000     0.09951374
    24.02000000     0.09991760
    24.03000000     0.10032288
    24.04000000     0.10072960
    24.05000000     0.10113774
    24.06000000     0.10154732
    24.07000000     0.10195833
    24.08000000     0.10237079
    24.09000000     0.10278471
    24.10000000     0.10320007
    24.11000000     0.10361689
    24.12000000     0.10403517
    24.13000000     0.10445491
    24.14000000     0.10487613
    24.15000000     0.10529882
    24.16000000     0.10572299
    24.17000000     0.10614864
    24.18000000     0.10657577
    24.19000000     0.10700440
    24.20000000     0.10743453
    24.21000000     0.10786615
    24.22000000     0.10829928
    24.23000000     0.10873391
    24.24000000     0.10917006
    24.25000000     0.10960773
    24.26000000     0.11004692
    24.27000000     0.11048763
    24.28000000     0.11092987
    24.29000000     0.11137365
    24.30000000     0.11181897
    24.31000000     0.11226584
    24.32000000     0.11271425
    24.33000000     0.11316421
    24.34000000     0.11361573
    24.35000000     0.11406881
    24.36000000     0.11452346
    24.37000000     0.11497968
    24.38000000     0.11543747
    24.39000000     0.11589685
    24.40000000     0.11635780
    24.41000000     0.11682035
    24.42000000     0.11728449
    24.43000000     0.11775023
    24.44000000     0.11821757
    24.45000000     0.11868652
    24.46000000     0.11915707
    24.47000000     0.11962925
    24.48000000     0.12010304
    24.49000000     0.12057846
    24.50000000     0.12105551
    24.51000000     0.12153420
    24.52000000     0.12201452
    24.53000000     0.12249649
    24.54000000     0.12298011
    24.55000000     0.12346538
    24.56000000     0.12395231
    24.57000000     0.12444090
    24.58000000     0.12493116
    24.59000000     0.12542309
    24.60000000     0.12591670
    24.61000000     0.12641198
    24.62000000     0.12690896
    24.63000000     0.12740763
    24.64000000     0.12790799
    24.65000000     0.12841005
    24.66000000     0.12891382
    24.67000000     0.12941930
    24.68000000     0.12992649
    24.69000000     0.13043540
    24.70000000     0.13094604
    24.71000000     0.13145840
    24.72000000     0.13197251
    24.73000000     0.13248835
    24.74000000     0.13300593
    24.75000000     0.13352526
    24.76000000     0.13404635
    24.77000000     0.13456920
    24.78000000     0.13509381
    24.79000000     0.13562018
    24.80000000     0.13614834
    24.81000000     0.13667827
    24.82000000     0.13720998
    24.83000000     0.13774348
    24.84000000     0.13827878
    24.85000000     0.13881587
    24.86000000     0.13935477
    24.87000000     0.13989547
    24.88000000     0.14043799
    24.89000000     0.14098233
    24.90000000     0.14152848
    24.91000000     0.14207647
    24.92000000     0.14262629
    24.93000000     0.14317795
    24.94000000     0.14373146
    24.95000000     0.14428681
    24.96000000     0.14484402
    24.97000000     0.14540308
    24.98000000     0.14596401
    24.99000000     0.14652681
    25.00000000     0.14709148
    25.01000000     0.14765804
    25.02000000     0.14822647
    25.03000000     0.14879680
    25.04000000     0.14936902
    25.05000000     0.14994314
    25.06000000     0.15051917
    25.07000000     0.15109711
    25.08000000     0.15167696
    25.09000000     0.15225873
    25.10000000     0.15284243
    25.11000000     0.15342807
    25.12000000     0.15401564
    25.13000000     0.15460515
    25.14000000     0.15519660
    25.15000000     0.15579002
    25.16000000     0.15638538
    25.17000000     0.15698272
    25.18000000     0.15758202
    25.19000000     0.15818329
    25.20000000     0.15878655
    25.21000000     0.15939179
    25.22000000     0.15999902
    25.23000000     0.16060824
    25.24000000     0.16121947
    25.25000000     0.16183270
    25.26000000     0.16244794
    25.27000000     0.16306520
    25.28000000     0.16368448
    25.29000000     0.16430579
    25.30000000     0.16492914
    25.31000000     0.16555452
    25.32000000     0.16618195
    25.33000000     0.16681143
    25.34000000     0.16744296
    25.35000000     0.16807655
    25.36000000     0.16871221
    25.37000000     0.16934995
    25.38000000     0.16998976
    25.39000000     0.17063165
    25.40000000     0.17127563
    25.41000000     0.17192171
    25.42000000     0.17256988
    25.43000000     0.17322016
    25.44000000     0.17387256
    25.45000000     0.17452707
    25.46000000     0.17518370
    25.47000000     0.17584246
    25.48000000     0.17650335
    25.49000000     0.17716638
    25.50000000     0.17783156
    25.51000000     0.17849889
    25.52000000     0.17916837
    25.53000000     0.17984002
    25.54000000     0.18051383
    25.55000000     0.18118982
    25.56000000     0.18186799
    25.57000000     0.18254834
    25.58000000     0.18323088
    25.59000000     0.18391562
    25.60000000     0.18460256
    25.61000000     0.18529171
    25.62000000     0.18598308
    25.63000000     0.18667666
    25.64000000     0.18737247
    25.65000000     0.18807051
    25.66000000     0.18877079
    25.67000000     0.18947332
    25.68000000     0.19017809
    25.69000000     0.19088511
    25.70000000     0.19159440
    25.71000000     0.19230595
    25.72000000     0.19301978
    25.73000000     0.19373589
    25.74000000     0.19445428
    25.75000000     0.19517496
    25.76000000     0.19589794
    25.77000000     0.19662322
    25.78000000     0.19735081
    25.79000000     0.19808071
    25.80000000     0.19881293
    25.81000000     0.19954748
    25.82000000     0.20028437
    25.83000000     0.20102359
    25.84000000     0.20176516
    25.85000000     0.20250908
    25.86000000     0.20325535
    25.87000000     0.20400399
    25.88000000     0.20475500
    25.89000000     0.20550838
    25.90000000     0.20626414
    25.91000000     0.20702230
    25.92000000     0.20778284
    25.93000000     0.20854579
    25.94000000     0.20931114
    25.95000000     0.21007890
    25.96000000     0.21084909
    25.97000000     0.21162169
    25.98000000     0.21239673
    25.99000000     0.21317421
    26.00000000     0.21395412
    26.01000000     0.21473649
    26.02000000     0.21552132
    26.03000000     0.21630860
    26.04000000     0.21709836
    26.05000000     0.21789059
    26.06000000     0.21868530
    26.07000000     0.21948250
    26.08000000     0.22028219
    26.09000000     0.22108438
    26.10000000     0.22188908
    26.11000000     0.22269629
    26.12000000     0.22350602
    26.13000000     0.22431828
    26.14000000     0.22513307
    26.15000000     0.22595040
    26.16000000     0.22677027
    26.17000000     0.22759270
    26.18000000     0.22841768
    26.19000000     0.22924522
    26.20000000     0.23007534
    26.21000000     0.23090803
    26.22000000     0.23174331
    26.23000000     0.23258118
    26.24000000     0.23342165
    26.25000000     0.23426472
    26.26000000     0.23511039
    26.27000000     0.23595869
    26.28000000     0.23680961
    26.29000000     0.23766316
    26.30000000     0.23851934
    26.31000000     0.23937817
    26.32000000     0.24023964
    26.33000000     0.24110378
    26.34000000     0.24197057
    26.35000000     0.24284004
    26.36000000     0.24371218
    26.37000000     0.24458700
    26.38000000     0.24546452
    26.39000000     0.24634473
    26.40000000     0.24722764
    26.41000000     0.24811326
    26.42000000     0.24900160
    26.43000000     0.24989266
    26.44000000     0.25078646
    26.45000000     0.25168298
    26.46000000     0.25258226
    26.47000000     0.25348428
    26.48000000     0.25438906
    26.49000000     0.25529660
    26.50000000     0.25620692
    26.51000000     0.25712001
    26.52000000     0.25803588
    26.53000000     0.25895455
    26.54000000     0.25987602
    26.55000000     0.26080029
    26.56000000     0.26172737
    26.57000000     0.26265727
    26.58000000     0.26359000
    26.59000000     0.26452556
    26.60000000     0.26546396
    26.61000000     0.26640521
    26.62000000     0.26734931
    26.63000000     0.26829627
    26.64000000     0.26924610
    26.65000000     0.27019881
    26.66000000     0.27115440
    26.67000000     0.27211287
    26.68000000     0.27307424
    26.69000000     0.27403851
    26.70000000     0.27500570
    26.71000000     0.27597580
    26.72000000     0.27694883
    26.73000000     0.27792478
    26.74000000     0.27890368
    26.75000000     0.27988552
    26.76000000     0.28087031
    26.77000000     0.28185806
    26.78000000     0.28284878
    26.79000000     0.28384248
    26.80000000     0.28483916
    26.81000000     0.28583882
    26.82000000     0.28684148
    26.83000000     0.28784715
    26.84000000     0.28885582
    26.85000000     0.28986751
    26.86000000     0.29088223
    26.87000000     0.29189998
    26.88000000     0.29292077
    26.89000000     0.29394460
    26.90000000     0.29497149
    26.91000000     0.29600144
    26.92000000     0.29703446
    26.93000000     0.29807056
    26.94000000     0.29910974
    26.95000000     0.30015201
    26.96000000     0.30119738
    26.97000000     0.30224586
    26.98000000     0.30329744
    26.99000000     0.30435215
    27.00000000     0.30540999
    27.01000000     0.30647096
    27.02000000     0.30753508
    27.03000000     0.30860234
    27.04000000     0.30967277
    27.05000000     0.31074635
    27.06000000     0.31182312
    27.07000000     0.31290306
    27.08000000     0.31398619
    27.09000000     0.31507252
    27.10000000     0.31616204
    27.11000000     0.31725478
    27.12000000     0.31835074
    27.13000000     0.31944993
    27.14000000     0.32055234
    27.15000000     0.32165800
    27.16000000     0.32276691
    27.17000000     0.32387908
    27.18000000     0.32499450
    27.19000000     0.32611320
    27.20000000     0.32723518
    27.21000000     0.32836045
    27.22000000     0.32948901
    27.23000000     0.33062088
    27.24000000     0.33175605
    27.25000000     0.33289455
    27.26000000     0.33403637
    27.27000000     0.33518152
    27.28000000     0.33633001
    27.29000000     0.33748186
    27.30000000     0.33863706
    27.31000000     0.33979562
    27.32000000     0.34095756
    27.33000000     0.34212288
    27.34000000     0.34329159
    27.35000000     0.34446369
    27.36000000     0.34563920
    27.37000000     0.34681812
    27.38000000     0.34800046
    27.39000000     0.34918623
    27.40000000     0.35037543
    27.41000000     0.35156808
    27.42000000     0.35276418
    27.43000000     0.35396374
    27.44000000     0.35516677
    27.45000000     0.35637328
    27.46000000     0.35758326
    27.47000000     0.35879674
    27.48000000     0.36001372
    27.49000000     0.36123421
    27.50000000     0.36245821
    27.51000000     0.36368574
    27.52000000     0.36491680
    27.53000000     0.36615140
    27.54000000     0.36738955
    27.55000000     0.36863125
    27.56000000     0.36987652
    27.57000000     0.37112537
    27.58000000     0.37237779
    27.59000000     0.37363380
    27.60000000     0.37489341
    27.61000000     0.37615663
    27.62000000     0.37742346
    27.63000000     0.37869391
    27.64000000     0.37996799
    27.65000000     0.38124571
    27.66000000     0.38252708
    27.67000000     0.38381210
    27.68000000     0.38510079
    27.69000000     0.38639314
    27.70000000     0.38768918
    27.71000000     0.38898891
    27.72000000     0.39029233
    27.73000000     0.39159945
    27.74000000     0.39291029
    27.75000000     0.39422486
    27.76000000     0.39554315
    27.77000000     0.39686518
    27.78000000     0.39819096
    27.79000000     0.39952049
    27.80000000     0.40085379
    27.81000000     0.40219086
    27.82000000     0.40353171
    27.83000000     0.40487635
    27.84000000     0.40622478
    27.85000000     0.40757703
    27.86000000     0.40893308
    27.87000000     0.41029296
    27.88000000     0.41165668
    27.89000000     0.41302423
    27.90000000     0.41439563
    27.91000000     0.41577089
    27.92000000     0.41715002
    27.93000000     0.41853302
    27.94000000     0.41991990
    27.95000000     0.42131068
    27.96000000     0.42270535
    27.97000000     0.42410394
    27.98000000     0.42550644
    27.99000000     0.42691287
    28.00000000     0.42832324
    28.01000000     0.42973755
    28.02000000     0.43115581
    28.03000000     0.43257803
    28.04000000     0.43400422
    28.05000000     0.43543440
    28.06000000     0.43686856
    28.07000000     0.43830671
    28.08000000     0.43974888
    28.09000000     0.44119505
    28.10000000     0.44264525
    28.11000000     0.44409948
    28.12000000     0.44555775
    28.13000000     0.44702007
    28.14000000     0.44848645
    28.15000000     0.44995690
    28.16000000     0.45143142
    28.17000000     0.45291003
    28.18000000     0.45439273
    28.19000000     0.45587953
    28.20000000     0.45737045
    28.21000000     0.45886549
    28.22000000     0.46036465
    28.23000000     0.46186796
    28.24000000     0.46337541
    28.25000000     0.46488702
    28.26000000     0.46640279
    28.27000000     0.46792274
    28.28000000     0.46944688
    28.29000000     0.47097520
    28.30000000     0.47250773
    28.31000000     0.47404447
    28.32000000     0.47558543
    28.33000000     0.47713062
    28.34000000     0.47868005
    28.35000000     0.48023372
    28.36000000     0.48179166
    28.37000000     0.48335385
    28.38000000     0.48492032
    28.39000000     0.48649108
    28.40000000     0.48806613
    28.41000000     0.48964548
    28.42000000     0.49122915
    28.43000000     0.49281713
    28.44000000     0.49440945
    28.45000000     0.49600610
    28.46000000     0.49760711
    28.47000000     0.49921247
    28.48000000     0.50082220
    28.49000000     0.50243630
    28.50000000     0.50405480
    28.51000000     0.50567768
    28.52000000     0.50730497
    28.53000000     0.50893668
    28.54000000     0.51057281
    28.55000000     0.51221337
    28.56000000     0.51385838
    28.57000000     0.51550783
    28.58000000     0.51716175
    28.59000000     0.51882014
    28.60000000     0.52048300
    28.61000000     0.52215036
    28.62000000     0.52382222
    28.63000000     0.52549858
    28.64000000     0.52717946
    28.65000000     0.52886487
    28.66000000     0.53055482
    28.67000000     0.53224931
    28.68000000     0.53394836
    28.69000000     0.53565198
    28.70000000     0.53736017
    28.71000000     0.53907294
    28.72000000     0.54079031
    28.73000000     0.54251228
    28.74000000     0.54423887
    28.75000000     0.54597007
    28.76000000     0.54770592
    28.77000000     0.54944640
    28.78000000     0.55119154
    28.79000000     0.55294134
    28.80000000     0.55469581
    28.81000000     0.55645496
    28.82000000     0.55821880
    28.83000000     0.55998734
    28.84000000     0.56176060
    28.85000000     0.56353857
    28.86000000     0.56532127
    28.87000000     0.56710872
    28.88000000     0.56890091
    28.89000000     0.57069786
    28.90000000     0.57249958
    28.91000000     0.57430608
    28.92000000     0.57611737
    28.93000000     0.57793346
    28.94000000     0.57975436
    28.95000000     0.58158007
    28.96000000     0.58341062
    28.97000000     0.58524600
    28.98000000     0.58708623
    28.99000000     0.58893132
    29.00000000     0.59078128
    29.01000000     0.59263611
    29.02000000     0.59449583
    29.03000000     0.59636045
    29.04000000     0.59822998
    29.05000000     0.60010443
    29.06000000     0.60198381
    29.07000000     0.60386812
    29.08000000     0.60575738
    29.09000000     0.60765160
    29.10000000     0.60955079
    29.11000000     0.61145495
    29.12000000     0.61336411
    29.13000000     0.61527826
    29.14000000     0.61719742
    29.15000000     0.61912161
    29.16000000     0.62105082
    29.17000000     0.62298506
    29.18000000     0.62492436
    29.19000000     0.62686872
    29.20000000     0.62881815
    29.21000000     0.63077266
    29.22000000     0.63273225
    29.23000000     0.63469695
    29.24000000     0.63666676
    29.25000000     0.63864169
    29.26000000     0.64062175
    29.27000000     0.64260695
    29.28000000     0.64459730
    29.29000000     0.64659282
    29.30000000     0.64859351
    29.31000000     0.65059938
    29.32000000     0.65261044
    29.33000000     0.65462671
    29.34000000     0.65664819
    29.35000000     0.65867489
    29.36000000     0.66070683
    29.37000000     0.66274402
    29.38000000     0.66478645
    29.39000000     0.66683416
    29.40000000     0.66888714
    29.41000000     0.67094541
    29.42000000     0.67300897
    29.43000000     0.67507784
    29.44000000     0.67715203
    29.45000000     0.67923155
    29.46000000     0.68131641
    29.47000000     0.68340662
    29.48000000     0.68550218
    29.49000000     0.68760312
    29.50000000     0.68970944
    29.51000000     0.69182115
    29.52000000     0.69393826
    29.53000000     0.69606079
    29.54000000     0.69818874
    29.55000000     0.70032212
    29.56000000     0.70246095
    29.57000000     0.70460523
    29.58000000     0.70675498
    29.59000000     0.70891021
    29.60000000     0.71107092
    29.61000000     0.71323713
    29.62000000     0.71540885
    29.63000000     0.71758610
    29.64000000     0.71976887
    29.65000000     0.72195718
    29.66000000     0.72415104
    29.67000000     0.72635047
    29.68000000     0.72855546
    29.69000000     0.73076605
    29.70000000     0.73298223
    29.71000000     0.73520401
    29.72000000     0.73743141
    29.73000000     0.73966444
    29.74000000     0.74190310
    29.75000000     0.74414742
    29.76000000     0.74639739
    29.77000000     0.74865304
    29.78000000     0.75091436
    29.79000000     0.75318138
    29.80000000     0.75545411
    29.81000000     0.75773254
    29.82000000     0.76001670
    29.83000000     0.76230660
    29.84000000     0.76460225
    29.85000000     0.76690365
    29.86000000     0.76921083
    29.87000000     0.77152378
    29.88000000     0.77384253
    29.89000000     0.77616707
    29.90000000     0.77849743
    29.91000000     0.78083362
    29.92000000     0.78317564
    29.93000000     0.78552351
    29.94000000     0.78787723
    29.95000000     0.79023682
    29.96000000     0.79260229
    29.97000000     0.79497366
    29.98000000     0.79735092
    29.99000000     0.79973410
