#nl2j    6    7   15
     0.01000000     0.00000000
     0.02000000    -0.00000000
     0.03000000    -0.00000000
     0.04000000    -0.00000000
     0.05000000    -0.00000000
     0.06000000    -0.00000000
     0.07000000    -0.00000000
     0.08000000    -0.00000000
     0.09000000    -0.00000000
     0.10000000    -0.00000000
     0.11000000    -0.00000000
     0.12000000    -0.00000000
     0.13000000    -0.00000000
     0.14000000    -0.00000000
     0.15000000    -0.00000000
     0.16000000    -0.00000000
     0.17000000    -0.00000000
     0.18000000    -0.00000000
     0.19000000    -0.00000000
     0.20000000    -0.00000000
     0.21000000    -0.00000000
     0.22000000    -0.00000000
     0.23000000    -0.00000000
     0.24000000    -0.00000000
     0.25000000    -0.00000000
     0.26000000    -0.00000000
     0.27000000    -0.00000000
     0.28000000    -0.00000000
     0.29000000    -0.00000000
     0.30000000    -0.00000000
     0.31000000    -0.00000000
     0.32000000    -0.00000000
     0.33000000    -0.00000000
     0.34000000    -0.00000000
     0.35000000    -0.00000000
     0.36000000    -0.00000000
     0.37000000    -0.00000000
     0.38000000    -0.00000000
     0.39000000    -0.00000000
     0.40000000    -0.00000000
     0.41000000    -0.00000000
     0.42000000    -0.00000000
     0.43000000    -0.00000000
     0.44000000    -0.00000000
     0.45000000    -0.00000000
     0.46000000    -0.00000000
     0.47000000    -0.00000000
     0.48000000    -0.00000000
     0.49000000    -0.00000000
     0.50000000    -0.00000000
     0.51000000    -0.00000000
     0.52000000    -0.00000000
     0.53000000    -0.00000000
     0.54000000    -0.00000000
     0.55000000    -0.00000000
     0.56000000    -0.00000000
     0.57000000    -0.00000000
     0.58000000    -0.00000000
     0.59000000    -0.00000000
     0.60000000    -0.00000000
     0.61000000    -0.00000000
     0.62000000    -0.00000000
     0.63000000    -0.00000000
     0.64000000    -0.00000000
     0.65000000    -0.00000000
     0.66000000    -0.00000000
     0.67000000    -0.00000000
     0.68000000    -0.00000000
     0.69000000    -0.00000000
     0.70000000    -0.00000000
     0.71000000    -0.00000000
     0.72000000    -0.00000000
     0.73000000    -0.00000000
     0.74000000    -0.00000000
     0.75000000    -0.00000000
     0.76000000    -0.00000000
     0.77000000    -0.00000000
     0.78000000    -0.00000000
     0.79000000    -0.00000000
     0.80000000    -0.00000000
     0.81000000    -0.00000000
     0.82000000    -0.00000000
     0.83000000    -0.00000000
     0.84000000    -0.00000000
     0.85000000    -0.00000000
     0.86000000    -0.00000000
     0.87000000    -0.00000000
     0.88000000    -0.00000000
     0.89000000    -0.00000000
     0.90000000    -0.00000000
     0.91000000    -0.00000000
     0.92000000    -0.00000000
     0.93000000    -0.00000000
     0.94000000    -0.00000000
     0.95000000    -0.00000000
     0.96000000    -0.00000000
     0.97000000    -0.00000000
     0.98000000    -0.00000000
     0.99000000    -0.00000000
     1.00000000    -0.00000000
     1.01000000    -0.00000000
     1.02000000    -0.00000000
     1.03000000    -0.00000000
     1.04000000    -0.00000000
     1.05000000    -0.00000000
     1.06000000    -0.00000000
     1.07000000    -0.00000000
     1.08000000    -0.00000000
     1.09000000    -0.00000000
     1.10000000    -0.00000000
     1.11000000    -0.00000001
     1.12000000    -0.00000001
     1.13000000    -0.00000001
     1.14000000    -0.00000001
     1.15000000    -0.00000001
     1.16000000    -0.00000001
     1.17000000    -0.00000001
     1.18000000    -0.00000001
     1.19000000    -0.00000001
     1.20000000    -0.00000001
     1.21000000    -0.00000001
     1.22000000    -0.00000001
     1.23000000    -0.00000001
     1.24000000    -0.00000001
     1.25000000    -0.00000001
     1.26000000    -0.00000001
     1.27000000    -0.00000002
     1.28000000    -0.00000002
     1.29000000    -0.00000002
     1.30000000    -0.00000002
     1.31000000    -0.00000002
     1.32000000    -0.00000002
     1.33000000    -0.00000002
     1.34000000    -0.00000002
     1.35000000    -0.00000002
     1.36000000    -0.00000003
     1.37000000    -0.00000003
     1.38000000    -0.00000003
     1.39000000    -0.00000003
     1.40000000    -0.00000003
     1.41000000    -0.00000003
     1.42000000    -0.00000004
     1.43000000    -0.00000004
     1.44000000    -0.00000004
     1.45000000    -0.00000004
     1.46000000    -0.00000005
     1.47000000    -0.00000005
     1.48000000    -0.00000005
     1.49000000    -0.00000005
     1.50000000    -0.00000006
     1.51000000    -0.00000006
     1.52000000    -0.00000006
     1.53000000    -0.00000007
     1.54000000    -0.00000007
     1.55000000    -0.00000007
     1.56000000    -0.00000008
     1.57000000    -0.00000008
     1.58000000    -0.00000008
     1.59000000    -0.00000009
     1.60000000    -0.00000009
     1.61000000    -0.00000010
     1.62000000    -0.00000010
     1.63000000    -0.00000011
     1.64000000    -0.00000011
     1.65000000    -0.00000012
     1.66000000    -0.00000012
     1.67000000    -0.00000013
     1.68000000    -0.00000013
     1.69000000    -0.00000014
     1.70000000    -0.00000015
     1.71000000    -0.00000015
     1.72000000    -0.00000016
     1.73000000    -0.00000017
     1.74000000    -0.00000017
     1.75000000    -0.00000018
     1.76000000    -0.00000019
     1.77000000    -0.00000020
     1.78000000    -0.00000021
     1.79000000    -0.00000022
     1.80000000    -0.00000023
     1.81000000    -0.00000023
     1.82000000    -0.00000024
     1.83000000    -0.00000026
     1.84000000    -0.00000027
     1.85000000    -0.00000028
     1.86000000    -0.00000029
     1.87000000    -0.00000030
     1.88000000    -0.00000031
     1.89000000    -0.00000033
     1.90000000    -0.00000034
     1.91000000    -0.00000035
     1.92000000    -0.00000037
     1.93000000    -0.00000038
     1.94000000    -0.00000040
     1.95000000    -0.00000041
     1.96000000    -0.00000043
     1.97000000    -0.00000044
     1.98000000    -0.00000046
     1.99000000    -0.00000048
     2.00000000    -0.00000050
     2.01000000    -0.00000052
     2.02000000    -0.00000054
     2.03000000    -0.00000056
     2.04000000    -0.00000058
     2.05000000    -0.00000060
     2.06000000    -0.00000062
     2.07000000    -0.00000064
     2.08000000    -0.00000067
     2.09000000    -0.00000069
     2.10000000    -0.00000072
     2.11000000    -0.00000074
     2.12000000    -0.00000077
     2.13000000    -0.00000080
     2.14000000    -0.00000082
     2.15000000    -0.00000085
     2.16000000    -0.00000088
     2.17000000    -0.00000091
     2.18000000    -0.00000094
     2.19000000    -0.00000098
     2.20000000    -0.00000101
     2.21000000    -0.00000104
     2.22000000    -0.00000108
     2.23000000    -0.00000112
     2.24000000    -0.00000115
     2.25000000    -0.00000119
     2.26000000    -0.00000123
     2.27000000    -0.00000127
     2.28000000    -0.00000131
     2.29000000    -0.00000135
     2.30000000    -0.00000140
     2.31000000    -0.00000144
     2.32000000    -0.00000149
     2.33000000    -0.00000154
     2.34000000    -0.00000159
     2.35000000    -0.00000164
     2.36000000    -0.00000169
     2.37000000    -0.00000174
     2.38000000    -0.00000179
     2.39000000    -0.00000185
     2.40000000    -0.00000191
     2.41000000    -0.00000196
     2.42000000    -0.00000202
     2.43000000    -0.00000208
     2.44000000    -0.00000215
     2.45000000    -0.00000221
     2.46000000    -0.00000228
     2.47000000    -0.00000234
     2.48000000    -0.00000241
     2.49000000    -0.00000248
     2.50000000    -0.00000256
     2.51000000    -0.00000263
     2.52000000    -0.00000271
     2.53000000    -0.00000278
     2.54000000    -0.00000286
     2.55000000    -0.00000295
     2.56000000    -0.00000303
     2.57000000    -0.00000311
     2.58000000    -0.00000320
     2.59000000    -0.00000329
     2.60000000    -0.00000338
     2.61000000    -0.00000347
     2.62000000    -0.00000357
     2.63000000    -0.00000367
     2.64000000    -0.00000377
     2.65000000    -0.00000387
     2.66000000    -0.00000397
     2.67000000    -0.00000408
     2.68000000    -0.00000419
     2.69000000    -0.00000430
     2.70000000    -0.00000441
     2.71000000    -0.00000453
     2.72000000    -0.00000465
     2.73000000    -0.00000477
     2.74000000    -0.00000489
     2.75000000    -0.00000502
     2.76000000    -0.00000515
     2.77000000    -0.00000528
     2.78000000    -0.00000541
     2.79000000    -0.00000555
     2.80000000    -0.00000569
     2.81000000    -0.00000583
     2.82000000    -0.00000598
     2.83000000    -0.00000612
     2.84000000    -0.00000628
     2.85000000    -0.00000643
     2.86000000    -0.00000659
     2.87000000    -0.00000675
     2.88000000    -0.00000691
     2.89000000    -0.00000708
     2.90000000    -0.00000725
     2.91000000    -0.00000742
     2.92000000    -0.00000760
     2.93000000    -0.00000778
     2.94000000    -0.00000796
     2.95000000    -0.00000815
     2.96000000    -0.00000833
     2.97000000    -0.00000853
     2.98000000    -0.00000873
     2.99000000    -0.00000893
     3.00000000    -0.00000913
     3.01000000    -0.00000934
     3.02000000    -0.00000955
     3.03000000    -0.00000977
     3.04000000    -0.00000998
     3.05000000    -0.00001021
     3.06000000    -0.00001044
     3.07000000    -0.00001067
     3.08000000    -0.00001090
     3.09000000    -0.00001114
     3.10000000    -0.00001138
     3.11000000    -0.00001163
     3.12000000    -0.00001188
     3.13000000    -0.00001214
     3.14000000    -0.00001240
     3.15000000    -0.00001266
     3.16000000    -0.00001293
     3.17000000    -0.00001321
     3.18000000    -0.00001348
     3.19000000    -0.00001377
     3.20000000    -0.00001405
     3.21000000    -0.00001435
     3.22000000    -0.00001464
     3.23000000    -0.00001494
     3.24000000    -0.00001525
     3.25000000    -0.00001556
     3.26000000    -0.00001587
     3.27000000    -0.00001620
     3.28000000    -0.00001652
     3.29000000    -0.00001685
     3.30000000    -0.00001719
     3.31000000    -0.00001753
     3.32000000    -0.00001787
     3.33000000    -0.00001822
     3.34000000    -0.00001858
     3.35000000    -0.00001894
     3.36000000    -0.00001931
     3.37000000    -0.00001968
     3.38000000    -0.00002006
     3.39000000    -0.00002044
     3.40000000    -0.00002083
     3.41000000    -0.00002122
     3.42000000    -0.00002162
     3.43000000    -0.00002203
     3.44000000    -0.00002244
     3.45000000    -0.00002286
     3.46000000    -0.00002328
     3.47000000    -0.00002371
     3.48000000    -0.00002414
     3.49000000    -0.00002458
     3.50000000    -0.00002503
     3.51000000    -0.00002548
     3.52000000    -0.00002594
     3.53000000    -0.00002641
     3.54000000    -0.00002688
     3.55000000    -0.00002735
     3.56000000    -0.00002784
     3.57000000    -0.00002833
     3.58000000    -0.00002882
     3.59000000    -0.00002932
     3.60000000    -0.00002983
     3.61000000    -0.00003035
     3.62000000    -0.00003087
     3.63000000    -0.00003139
     3.64000000    -0.00003193
     3.65000000    -0.00003247
     3.66000000    -0.00003302
     3.67000000    -0.00003357
     3.68000000    -0.00003413
     3.69000000    -0.00003470
     3.70000000    -0.00003527
     3.71000000    -0.00003585
     3.72000000    -0.00003644
     3.73000000    -0.00003704
     3.74000000    -0.00003764
     3.75000000    -0.00003825
     3.76000000    -0.00003886
     3.77000000    -0.00003948
     3.78000000    -0.00004011
     3.79000000    -0.00004075
     3.80000000    -0.00004139
     3.81000000    -0.00004204
     3.82000000    -0.00004270
     3.83000000    -0.00004336
     3.84000000    -0.00004403
     3.85000000    -0.00004471
     3.86000000    -0.00004540
     3.87000000    -0.00004609
     3.88000000    -0.00004679
     3.89000000    -0.00004750
     3.90000000    -0.00004821
     3.91000000    -0.00004894
     3.92000000    -0.00004967
     3.93000000    -0.00005040
     3.94000000    -0.00005115
     3.95000000    -0.00005190
     3.96000000    -0.00005266
     3.97000000    -0.00005342
     3.98000000    -0.00005420
     3.99000000    -0.00005498
     4.00000000    -0.00005577
     4.01000000    -0.00005656
     4.02000000    -0.00005737
     4.03000000    -0.00005818
     4.04000000    -0.00005899
     4.05000000    -0.00005982
     4.06000000    -0.00006065
     4.07000000    -0.00006149
     4.08000000    -0.00006234
     4.09000000    -0.00006320
     4.10000000    -0.00006406
     4.11000000    -0.00006493
     4.12000000    -0.00006581
     4.13000000    -0.00006669
     4.14000000    -0.00006758
     4.15000000    -0.00006848
     4.16000000    -0.00006939
     4.17000000    -0.00007031
     4.18000000    -0.00007123
     4.19000000    -0.00007216
     4.20000000    -0.00007310
     4.21000000    -0.00007404
     4.22000000    -0.00007499
     4.23000000    -0.00007595
     4.24000000    -0.00007692
     4.25000000    -0.00007789
     4.26000000    -0.00007887
     4.27000000    -0.00007986
     4.28000000    -0.00008085
     4.29000000    -0.00008186
     4.30000000    -0.00008286
     4.31000000    -0.00008388
     4.32000000    -0.00008490
     4.33000000    -0.00008594
     4.34000000    -0.00008697
     4.35000000    -0.00008802
     4.36000000    -0.00008907
     4.37000000    -0.00009013
     4.38000000    -0.00009119
     4.39000000    -0.00009227
     4.40000000    -0.00009335
     4.41000000    -0.00009443
     4.42000000    -0.00009552
     4.43000000    -0.00009662
     4.44000000    -0.00009773
     4.45000000    -0.00009884
     4.46000000    -0.00009996
     4.47000000    -0.00010109
     4.48000000    -0.00010222
     4.49000000    -0.00010336
     4.50000000    -0.00010450
     4.51000000    -0.00010565
     4.52000000    -0.00010681
     4.53000000    -0.00010797
     4.54000000    -0.00010914
     4.55000000    -0.00011032
     4.56000000    -0.00011150
     4.57000000    -0.00011269
     4.58000000    -0.00011388
     4.59000000    -0.00011508
     4.60000000    -0.00011628
     4.61000000    -0.00011749
     4.62000000    -0.00011871
     4.63000000    -0.00011993
     4.64000000    -0.00012115
     4.65000000    -0.00012239
     4.66000000    -0.00012362
     4.67000000    -0.00012487
     4.68000000    -0.00012611
     4.69000000    -0.00012736
     4.70000000    -0.00012862
     4.71000000    -0.00012988
     4.72000000    -0.00013115
     4.73000000    -0.00013242
     4.74000000    -0.00013369
     4.75000000    -0.00013497
     4.76000000    -0.00013626
     4.77000000    -0.00013755
     4.78000000    -0.00013884
     4.79000000    -0.00014013
     4.80000000    -0.00014143
     4.81000000    -0.00014274
     4.82000000    -0.00014405
     4.83000000    -0.00014536
     4.84000000    -0.00014667
     4.85000000    -0.00014799
     4.86000000    -0.00014931
     4.87000000    -0.00015064
     4.88000000    -0.00015196
     4.89000000    -0.00015329
     4.90000000    -0.00015463
     4.91000000    -0.00015596
     4.92000000    -0.00015730
     4.93000000    -0.00015864
     4.94000000    -0.00015998
     4.95000000    -0.00016133
     4.96000000    -0.00016268
     4.97000000    -0.00016403
     4.98000000    -0.00016538
     4.99000000    -0.00016673
     5.00000000    -0.00016808
     5.01000000    -0.00016944
     5.02000000    -0.00017079
     5.03000000    -0.00017215
     5.04000000    -0.00017351
     5.05000000    -0.00017487
     5.06000000    -0.00017623
     5.07000000    -0.00017759
     5.08000000    -0.00017895
     5.09000000    -0.00018031
     5.10000000    -0.00018168
     5.11000000    -0.00018304
     5.12000000    -0.00018440
     5.13000000    -0.00018576
     5.14000000    -0.00018712
     5.15000000    -0.00018848
     5.16000000    -0.00018984
     5.17000000    -0.00019120
     5.18000000    -0.00019255
     5.19000000    -0.00019391
     5.20000000    -0.00019526
     5.21000000    -0.00019662
     5.22000000    -0.00019797
     5.23000000    -0.00019932
     5.24000000    -0.00020066
     5.25000000    -0.00020201
     5.26000000    -0.00020335
     5.27000000    -0.00020469
     5.28000000    -0.00020603
     5.29000000    -0.00020736
     5.30000000    -0.00020870
     5.31000000    -0.00021002
     5.32000000    -0.00021135
     5.33000000    -0.00021267
     5.34000000    -0.00021399
     5.35000000    -0.00021530
     5.36000000    -0.00021661
     5.37000000    -0.00021792
     5.38000000    -0.00021922
     5.39000000    -0.00022051
     5.40000000    -0.00022181
     5.41000000    -0.00022309
     5.42000000    -0.00022437
     5.43000000    -0.00022565
     5.44000000    -0.00022692
     5.45000000    -0.00022819
     5.46000000    -0.00022945
     5.47000000    -0.00023070
     5.48000000    -0.00023195
     5.49000000    -0.00023319
     5.50000000    -0.00023442
     5.51000000    -0.00023565
     5.52000000    -0.00023687
     5.53000000    -0.00023809
     5.54000000    -0.00023929
     5.55000000    -0.00024049
     5.56000000    -0.00024169
     5.57000000    -0.00024287
     5.58000000    -0.00024405
     5.59000000    -0.00024522
     5.60000000    -0.00024638
     5.61000000    -0.00024753
     5.62000000    -0.00024867
     5.63000000    -0.00024980
     5.64000000    -0.00025093
     5.65000000    -0.00025204
     5.66000000    -0.00025315
     5.67000000    -0.00025425
     5.68000000    -0.00025534
     5.69000000    -0.00025641
     5.70000000    -0.00025748
     5.71000000    -0.00025854
     5.72000000    -0.00025959
     5.73000000    -0.00026062
     5.74000000    -0.00026165
     5.75000000    -0.00026266
     5.76000000    -0.00026367
     5.77000000    -0.00026466
     5.78000000    -0.00026564
     5.79000000    -0.00026661
     5.80000000    -0.00026757
     5.81000000    -0.00026851
     5.82000000    -0.00026945
     5.83000000    -0.00027037
     5.84000000    -0.00027128
     5.85000000    -0.00027217
     5.86000000    -0.00027306
     5.87000000    -0.00027393
     5.88000000    -0.00027479
     5.89000000    -0.00027563
     5.90000000    -0.00027646
     5.91000000    -0.00027728
     5.92000000    -0.00027808
     5.93000000    -0.00027887
     5.94000000    -0.00027965
     5.95000000    -0.00028041
     5.96000000    -0.00028116
     5.97000000    -0.00028189
     5.98000000    -0.00028261
     5.99000000    -0.00028331
     6.00000000    -0.00028400
     6.01000000    -0.00028468
     6.02000000    -0.00028534
     6.03000000    -0.00028598
     6.04000000    -0.00028661
     6.05000000    -0.00028722
     6.06000000    -0.00028782
     6.07000000    -0.00028840
     6.08000000    -0.00028896
     6.09000000    -0.00028951
     6.10000000    -0.00029005
     6.11000000    -0.00029056
     6.12000000    -0.00029106
     6.13000000    -0.00029155
     6.14000000    -0.00029201
     6.15000000    -0.00029246
     6.16000000    -0.00029290
     6.17000000    -0.00029331
     6.18000000    -0.00029371
     6.19000000    -0.00029409
     6.20000000    -0.00029446
     6.21000000    -0.00029481
     6.22000000    -0.00029514
     6.23000000    -0.00029545
     6.24000000    -0.00029574
     6.25000000    -0.00029602
     6.26000000    -0.00029628
     6.27000000    -0.00029652
     6.28000000    -0.00029674
     6.29000000    -0.00029694
     6.30000000    -0.00029713
     6.31000000    -0.00029730
     6.32000000    -0.00029745
     6.33000000    -0.00029758
     6.34000000    -0.00029769
     6.35000000    -0.00029779
     6.36000000    -0.00029786
     6.37000000    -0.00029792
     6.38000000    -0.00029796
     6.39000000    -0.00029798
     6.40000000    -0.00029798
     6.41000000    -0.00029796
     6.42000000    -0.00029792
     6.43000000    -0.00029786
     6.44000000    -0.00029779
     6.45000000    -0.00029770
     6.46000000    -0.00029758
     6.47000000    -0.00029745
     6.48000000    -0.00029730
     6.49000000    -0.00029713
     6.50000000    -0.00029694
     6.51000000    -0.00029673
     6.52000000    -0.00029650
     6.53000000    -0.00029625
     6.54000000    -0.00029599
     6.55000000    -0.00029570
     6.56000000    -0.00029540
     6.57000000    -0.00029507
     6.58000000    -0.00029473
     6.59000000    -0.00029437
     6.60000000    -0.00029399
     6.61000000    -0.00029359
     6.62000000    -0.00029317
     6.63000000    -0.00029273
     6.64000000    -0.00029227
     6.65000000    -0.00029180
     6.66000000    -0.00029130
     6.67000000    -0.00029079
     6.68000000    -0.00029025
     6.69000000    -0.00028970
     6.70000000    -0.00028913
     6.71000000    -0.00028854
     6.72000000    -0.00028793
     6.73000000    -0.00028730
     6.74000000    -0.00028666
     6.75000000    -0.00028599
     6.76000000    -0.00028531
     6.77000000    -0.00028461
     6.78000000    -0.00028389
     6.79000000    -0.00028315
     6.80000000    -0.00028239
     6.81000000    -0.00028162
     6.82000000    -0.00028083
     6.83000000    -0.00028002
     6.84000000    -0.00027919
     6.85000000    -0.00027834
     6.86000000    -0.00027748
     6.87000000    -0.00027660
     6.88000000    -0.00027570
     6.89000000    -0.00027479
     6.90000000    -0.00027385
     6.91000000    -0.00027290
     6.92000000    -0.00027193
     6.93000000    -0.00027095
     6.94000000    -0.00026995
     6.95000000    -0.00026893
     6.96000000    -0.00026790
     6.97000000    -0.00026685
     6.98000000    -0.00026578
     6.99000000    -0.00026470
     7.00000000    -0.00026360
     7.01000000    -0.00026248
     7.02000000    -0.00026135
     7.03000000    -0.00026020
     7.04000000    -0.00025904
     7.05000000    -0.00025786
     7.06000000    -0.00025667
     7.07000000    -0.00025546
     7.08000000    -0.00025424
     7.09000000    -0.00025300
     7.10000000    -0.00025175
     7.11000000    -0.00025048
     7.12000000    -0.00024920
     7.13000000    -0.00024790
     7.14000000    -0.00024659
     7.15000000    -0.00024527
     7.16000000    -0.00024393
     7.17000000    -0.00024258
     7.18000000    -0.00024122
     7.19000000    -0.00023984
     7.20000000    -0.00023845
     7.21000000    -0.00023705
     7.22000000    -0.00023563
     7.23000000    -0.00023421
     7.24000000    -0.00023277
     7.25000000    -0.00023131
     7.26000000    -0.00022985
     7.27000000    -0.00022837
     7.28000000    -0.00022688
     7.29000000    -0.00022538
     7.30000000    -0.00022387
     7.31000000    -0.00022235
     7.32000000    -0.00022082
     7.33000000    -0.00021927
     7.34000000    -0.00021772
     7.35000000    -0.00021615
     7.36000000    -0.00021458
     7.37000000    -0.00021299
     7.38000000    -0.00021140
     7.39000000    -0.00020979
     7.40000000    -0.00020818
     7.41000000    -0.00020655
     7.42000000    -0.00020492
     7.43000000    -0.00020328
     7.44000000    -0.00020163
     7.45000000    -0.00019997
     7.46000000    -0.00019830
     7.47000000    -0.00019663
     7.48000000    -0.00019494
     7.49000000    -0.00019325
     7.50000000    -0.00019155
     7.51000000    -0.00018984
     7.52000000    -0.00018813
     7.53000000    -0.00018641
     7.54000000    -0.00018468
     7.55000000    -0.00018294
     7.56000000    -0.00018120
     7.57000000    -0.00017945
     7.58000000    -0.00017769
     7.59000000    -0.00017593
     7.60000000    -0.00017416
     7.61000000    -0.00017239
     7.62000000    -0.00017061
     7.63000000    -0.00016882
     7.64000000    -0.00016703
     7.65000000    -0.00016524
     7.66000000    -0.00016344
     7.67000000    -0.00016163
     7.68000000    -0.00015982
     7.69000000    -0.00015800
     7.70000000    -0.00015618
     7.71000000    -0.00015436
     7.72000000    -0.00015253
     7.73000000    -0.00015070
     7.74000000    -0.00014886
     7.75000000    -0.00014702
     7.76000000    -0.00014518
     7.77000000    -0.00014333
     7.78000000    -0.00014148
     7.79000000    -0.00013963
     7.80000000    -0.00013777
     7.81000000    -0.00013591
     7.82000000    -0.00013405
     7.83000000    -0.00013218
     7.84000000    -0.00013031
     7.85000000    -0.00012844
     7.86000000    -0.00012657
     7.87000000    -0.00012469
     7.88000000    -0.00012281
     7.89000000    -0.00012094
     7.90000000    -0.00011905
     7.91000000    -0.00011717
     7.92000000    -0.00011529
     7.93000000    -0.00011340
     7.94000000    -0.00011151
     7.95000000    -0.00010962
     7.96000000    -0.00010773
     7.97000000    -0.00010584
     7.98000000    -0.00010394
     7.99000000    -0.00010205
     8.00000000    -0.00010016
     8.01000000    -0.00009826
     8.02000000    -0.00009636
     8.03000000    -0.00009446
     8.04000000    -0.00009257
     8.05000000    -0.00009067
     8.06000000    -0.00008877
     8.07000000    -0.00008687
     8.08000000    -0.00008497
     8.09000000    -0.00008306
     8.10000000    -0.00008116
     8.11000000    -0.00007926
     8.12000000    -0.00007736
     8.13000000    -0.00007546
     8.14000000    -0.00007356
     8.15000000    -0.00007165
     8.16000000    -0.00006975
     8.17000000    -0.00006785
     8.18000000    -0.00006595
     8.19000000    -0.00006405
     8.20000000    -0.00006215
     8.21000000    -0.00006024
     8.22000000    -0.00005834
     8.23000000    -0.00005644
     8.24000000    -0.00005454
     8.25000000    -0.00005264
     8.26000000    -0.00005074
     8.27000000    -0.00004884
     8.28000000    -0.00004694
     8.29000000    -0.00004504
     8.30000000    -0.00004314
     8.31000000    -0.00004125
     8.32000000    -0.00003935
     8.33000000    -0.00003745
     8.34000000    -0.00003555
     8.35000000    -0.00003366
     8.36000000    -0.00003176
     8.37000000    -0.00002986
     8.38000000    -0.00002797
     8.39000000    -0.00002607
     8.40000000    -0.00002418
     8.41000000    -0.00002228
     8.42000000    -0.00002039
     8.43000000    -0.00001849
     8.44000000    -0.00001660
     8.45000000    -0.00001471
     8.46000000    -0.00001281
     8.47000000    -0.00001092
     8.48000000    -0.00000903
     8.49000000    -0.00000713
     8.50000000    -0.00000524
     8.51000000    -0.00000335
     8.52000000    -0.00000146
     8.53000000     0.00000044
     8.54000000     0.00000233
     8.55000000     0.00000422
     8.56000000     0.00000612
     8.57000000     0.00000801
     8.58000000     0.00000990
     8.59000000     0.00001179
     8.60000000     0.00001369
     8.61000000     0.00001558
     8.62000000     0.00001748
     8.63000000     0.00001937
     8.64000000     0.00002126
     8.65000000     0.00002316
     8.66000000     0.00002506
     8.67000000     0.00002695
     8.68000000     0.00002885
     8.69000000     0.00003075
     8.70000000     0.00003265
     8.71000000     0.00003455
     8.72000000     0.00003645
     8.73000000     0.00003835
     8.74000000     0.00004025
     8.75000000     0.00004216
     8.76000000     0.00004406
     8.77000000     0.00004597
     8.78000000     0.00004788
     8.79000000     0.00004978
     8.80000000     0.00005170
     8.81000000     0.00005361
     8.82000000     0.00005552
     8.83000000     0.00005744
     8.84000000     0.00005935
     8.85000000     0.00006127
     8.86000000     0.00006319
     8.87000000     0.00006512
     8.88000000     0.00006704
     8.89000000     0.00006897
     8.90000000     0.00007090
     8.91000000     0.00007283
     8.92000000     0.00007476
     8.93000000     0.00007670
     8.94000000     0.00007864
     8.95000000     0.00008058
     8.96000000     0.00008253
     8.97000000     0.00008447
     8.98000000     0.00008642
     8.99000000     0.00008838
     9.00000000     0.00009033
     9.01000000     0.00009229
     9.02000000     0.00009426
     9.03000000     0.00009622
     9.04000000     0.00009819
     9.05000000     0.00010017
     9.06000000     0.00010214
     9.07000000     0.00010412
     9.08000000     0.00010611
     9.09000000     0.00010810
     9.10000000     0.00011009
     9.11000000     0.00011209
     9.12000000     0.00011409
     9.13000000     0.00011609
     9.14000000     0.00011810
     9.15000000     0.00012012
     9.16000000     0.00012214
     9.17000000     0.00012416
     9.18000000     0.00012619
     9.19000000     0.00012822
     9.20000000     0.00013026
     9.21000000     0.00013230
     9.22000000     0.00013435
     9.23000000     0.00013640
     9.24000000     0.00013846
     9.25000000     0.00014053
     9.26000000     0.00014260
     9.27000000     0.00014467
     9.28000000     0.00014676
     9.29000000     0.00014884
     9.30000000     0.00015094
     9.31000000     0.00015304
     9.32000000     0.00015514
     9.33000000     0.00015726
     9.34000000     0.00015938
     9.35000000     0.00016150
     9.36000000     0.00016363
     9.37000000     0.00016577
     9.38000000     0.00016792
     9.39000000     0.00017007
     9.40000000     0.00017223
     9.41000000     0.00017440
     9.42000000     0.00017658
     9.43000000     0.00017876
     9.44000000     0.00018095
     9.45000000     0.00018314
     9.46000000     0.00018535
     9.47000000     0.00018756
     9.48000000     0.00018978
     9.49000000     0.00019201
     9.50000000     0.00019425
     9.51000000     0.00019649
     9.52000000     0.00019875
     9.53000000     0.00020101
     9.54000000     0.00020328
     9.55000000     0.00020556
     9.56000000     0.00020785
     9.57000000     0.00021015
     9.58000000     0.00021245
     9.59000000     0.00021477
     9.60000000     0.00021709
     9.61000000     0.00021943
     9.62000000     0.00022177
     9.63000000     0.00022413
     9.64000000     0.00022649
     9.65000000     0.00022886
     9.66000000     0.00023125
     9.67000000     0.00023364
     9.68000000     0.00023604
     9.69000000     0.00023846
     9.70000000     0.00024088
     9.71000000     0.00024332
     9.72000000     0.00024576
     9.73000000     0.00024822
     9.74000000     0.00025069
     9.75000000     0.00025317
     9.76000000     0.00025565
     9.77000000     0.00025816
     9.78000000     0.00026067
     9.79000000     0.00026319
     9.80000000     0.00026573
     9.81000000     0.00026827
     9.82000000     0.00027083
     9.83000000     0.00027340
     9.84000000     0.00027599
     9.85000000     0.00027858
     9.86000000     0.00028119
     9.87000000     0.00028381
     9.88000000     0.00028644
     9.89000000     0.00028908
     9.90000000     0.00029174
     9.91000000     0.00029441
     9.92000000     0.00029710
     9.93000000     0.00029979
     9.94000000     0.00030250
     9.95000000     0.00030522
     9.96000000     0.00030796
     9.97000000     0.00031071
     9.98000000     0.00031348
     9.99000000     0.00031625
    10.00000000     0.00031905
    10.01000000     0.00032185
    10.02000000     0.00032467
    10.03000000     0.00032751
    10.04000000     0.00033036
    10.05000000     0.00033322
    10.06000000     0.00033610
    10.07000000     0.00033899
    10.08000000     0.00034190
    10.09000000     0.00034482
    10.10000000     0.00034776
    10.11000000     0.00035071
    10.12000000     0.00035368
    10.13000000     0.00035667
    10.14000000     0.00035967
    10.15000000     0.00036268
    10.16000000     0.00036571
    10.17000000     0.00036876
    10.18000000     0.00037183
    10.19000000     0.00037491
    10.20000000     0.00037800
    10.21000000     0.00038112
    10.22000000     0.00038425
    10.23000000     0.00038739
    10.24000000     0.00039056
    10.25000000     0.00039374
    10.26000000     0.00039694
    10.27000000     0.00040015
    10.28000000     0.00040339
    10.29000000     0.00040664
    10.30000000     0.00040990
    10.31000000     0.00041319
    10.32000000     0.00041649
    10.33000000     0.00041982
    10.34000000     0.00042316
    10.35000000     0.00042651
    10.36000000     0.00042989
    10.37000000     0.00043329
    10.38000000     0.00043670
    10.39000000     0.00044013
    10.40000000     0.00044359
    10.41000000     0.00044706
    10.42000000     0.00045055
    10.43000000     0.00045406
    10.44000000     0.00045759
    10.45000000     0.00046114
    10.46000000     0.00046470
    10.47000000     0.00046829
    10.48000000     0.00047190
    10.49000000     0.00047553
    10.50000000     0.00047918
    10.51000000     0.00048285
    10.52000000     0.00048654
    10.53000000     0.00049025
    10.54000000     0.00049398
    10.55000000     0.00049773
    10.56000000     0.00050151
    10.57000000     0.00050530
    10.58000000     0.00050912
    10.59000000     0.00051296
    10.60000000     0.00051682
    10.61000000     0.00052070
    10.62000000     0.00052460
    10.63000000     0.00052853
    10.64000000     0.00053247
    10.65000000     0.00053644
    10.66000000     0.00054044
    10.67000000     0.00054445
    10.68000000     0.00054849
    10.69000000     0.00055255
    10.70000000     0.00055663
    10.71000000     0.00056074
    10.72000000     0.00056487
    10.73000000     0.00056902
    10.74000000     0.00057320
    10.75000000     0.00057740
    10.76000000     0.00058162
    10.77000000     0.00058587
    10.78000000     0.00059014
    10.79000000     0.00059444
    10.80000000     0.00059876
    10.81000000     0.00060311
    10.82000000     0.00060748
    10.83000000     0.00061188
    10.84000000     0.00061630
    10.85000000     0.00062074
    10.86000000     0.00062521
    10.87000000     0.00062971
    10.88000000     0.00063423
    10.89000000     0.00063878
    10.90000000     0.00064335
    10.91000000     0.00064795
    10.92000000     0.00065258
    10.93000000     0.00065723
    10.94000000     0.00066191
    10.95000000     0.00066662
    10.96000000     0.00067135
    10.97000000     0.00067611
    10.98000000     0.00068089
    10.99000000     0.00068571
    11.00000000     0.00069055
    11.01000000     0.00069542
    11.02000000     0.00070031
    11.03000000     0.00070524
    11.04000000     0.00071019
    11.05000000     0.00071517
    11.06000000     0.00072018
    11.07000000     0.00072522
    11.08000000     0.00073028
    11.09000000     0.00073538
    11.10000000     0.00074050
    11.11000000     0.00074565
    11.12000000     0.00075083
    11.13000000     0.00075604
    11.14000000     0.00076128
    11.15000000     0.00076655
    11.16000000     0.00077185
    11.17000000     0.00077718
    11.18000000     0.00078254
    11.19000000     0.00078794
    11.20000000     0.00079336
    11.21000000     0.00079881
    11.22000000     0.00080429
    11.23000000     0.00080981
    11.24000000     0.00081535
    11.25000000     0.00082093
    11.26000000     0.00082653
    11.27000000     0.00083217
    11.28000000     0.00083784
    11.29000000     0.00084355
    11.30000000     0.00084928
    11.31000000     0.00085505
    11.32000000     0.00086085
    11.33000000     0.00086668
    11.34000000     0.00087255
    11.35000000     0.00087845
    11.36000000     0.00088438
    11.37000000     0.00089034
    11.38000000     0.00089634
    11.39000000     0.00090237
    11.40000000     0.00090844
    11.41000000     0.00091454
    11.42000000     0.00092067
    11.43000000     0.00092684
    11.44000000     0.00093304
    11.45000000     0.00093928
    11.46000000     0.00094555
    11.47000000     0.00095186
    11.48000000     0.00095820
    11.49000000     0.00096458
    11.50000000     0.00097099
    11.51000000     0.00097744
    11.52000000     0.00098393
    11.53000000     0.00099045
    11.54000000     0.00099700
    11.55000000     0.00100360
    11.56000000     0.00101023
    11.57000000     0.00101689
    11.58000000     0.00102360
    11.59000000     0.00103034
    11.60000000     0.00103712
    11.61000000     0.00104393
    11.62000000     0.00105079
    11.63000000     0.00105768
    11.64000000     0.00106461
    11.65000000     0.00107158
    11.66000000     0.00107858
    11.67000000     0.00108563
    11.68000000     0.00109271
    11.69000000     0.00109983
    11.70000000     0.00110699
    11.71000000     0.00111419
    11.72000000     0.00112144
    11.73000000     0.00112872
    11.74000000     0.00113604
    11.75000000     0.00114340
    11.76000000     0.00115080
    11.77000000     0.00115824
    11.78000000     0.00116572
    11.79000000     0.00117324
    11.80000000     0.00118080
    11.81000000     0.00118841
    11.82000000     0.00119606
    11.83000000     0.00120374
    11.84000000     0.00121147
    11.85000000     0.00121924
    11.86000000     0.00122706
    11.87000000     0.00123491
    11.88000000     0.00124281
    11.89000000     0.00125076
    11.90000000     0.00125874
    11.91000000     0.00126677
    11.92000000     0.00127484
    11.93000000     0.00128295
    11.94000000     0.00129111
    11.95000000     0.00129931
    11.96000000     0.00130756
    11.97000000     0.00131585
    11.98000000     0.00132419
    11.99000000     0.00133257
    12.00000000     0.00134099
    12.01000000     0.00134947
    12.02000000     0.00135798
    12.03000000     0.00136654
    12.04000000     0.00137515
    12.05000000     0.00138381
    12.06000000     0.00139251
    12.07000000     0.00140125
    12.08000000     0.00141005
    12.09000000     0.00141889
    12.10000000     0.00142777
    12.11000000     0.00143671
    12.12000000     0.00144569
    12.13000000     0.00145472
    12.14000000     0.00146380
    12.15000000     0.00147292
    12.16000000     0.00148210
    12.17000000     0.00149132
    12.18000000     0.00150059
    12.19000000     0.00150991
    12.20000000     0.00151928
    12.21000000     0.00152870
    12.22000000     0.00153817
    12.23000000     0.00154769
    12.24000000     0.00155726
    12.25000000     0.00156687
    12.26000000     0.00157654
    12.27000000     0.00158626
    12.28000000     0.00159604
    12.29000000     0.00160586
    12.30000000     0.00161573
    12.31000000     0.00162566
    12.32000000     0.00163564
    12.33000000     0.00164566
    12.34000000     0.00165575
    12.35000000     0.00166588
    12.36000000     0.00167607
    12.37000000     0.00168631
    12.38000000     0.00169660
    12.39000000     0.00170695
    12.40000000     0.00171735
    12.41000000     0.00172781
    12.42000000     0.00173831
    12.43000000     0.00174888
    12.44000000     0.00175950
    12.45000000     0.00177017
    12.46000000     0.00178090
    12.47000000     0.00179168
    12.48000000     0.00180252
    12.49000000     0.00181341
    12.50000000     0.00182436
    12.51000000     0.00183537
    12.52000000     0.00184643
    12.53000000     0.00185755
    12.54000000     0.00186873
    12.55000000     0.00187997
    12.56000000     0.00189126
    12.57000000     0.00190261
    12.58000000     0.00191402
    12.59000000     0.00192548
    12.60000000     0.00193701
    12.61000000     0.00194859
    12.62000000     0.00196023
    12.63000000     0.00197193
    12.64000000     0.00198369
    12.65000000     0.00199551
    12.66000000     0.00200739
    12.67000000     0.00201933
    12.68000000     0.00203134
    12.69000000     0.00204340
    12.70000000     0.00205552
    12.71000000     0.00206770
    12.72000000     0.00207995
    12.73000000     0.00209226
    12.74000000     0.00210462
    12.75000000     0.00211706
    12.76000000     0.00212955
    12.77000000     0.00214211
    12.78000000     0.00215473
    12.79000000     0.00216741
    12.80000000     0.00218015
    12.81000000     0.00219296
    12.82000000     0.00220584
    12.83000000     0.00221878
    12.84000000     0.00223178
    12.85000000     0.00224485
    12.86000000     0.00225798
    12.87000000     0.00227118
    12.88000000     0.00228444
    12.89000000     0.00229777
    12.90000000     0.00231117
    12.91000000     0.00232463
    12.92000000     0.00233816
    12.93000000     0.00235176
    12.94000000     0.00236542
    12.95000000     0.00237915
    12.96000000     0.00239295
    12.97000000     0.00240681
    12.98000000     0.00242075
    12.99000000     0.00243475
    13.00000000     0.00244882
    13.01000000     0.00246297
    13.02000000     0.00247718
    13.03000000     0.00249146
    13.04000000     0.00250581
    13.05000000     0.00252023
    13.06000000     0.00253472
    13.07000000     0.00254928
    13.08000000     0.00256391
    13.09000000     0.00257862
    13.10000000     0.00259340
    13.11000000     0.00260824
    13.12000000     0.00262316
    13.13000000     0.00263816
    13.14000000     0.00265322
    13.15000000     0.00266836
    13.16000000     0.00268357
    13.17000000     0.00269886
    13.18000000     0.00271422
    13.19000000     0.00272965
    13.20000000     0.00274516
    13.21000000     0.00276075
    13.22000000     0.00277640
    13.23000000     0.00279214
    13.24000000     0.00280795
    13.25000000     0.00282383
    13.26000000     0.00283980
    13.27000000     0.00285584
    13.28000000     0.00287195
    13.29000000     0.00288814
    13.30000000     0.00290441
    13.31000000     0.00292076
    13.32000000     0.00293719
    13.33000000     0.00295369
    13.34000000     0.00297028
    13.35000000     0.00298694
    13.36000000     0.00300368
    13.37000000     0.00302050
    13.38000000     0.00303740
    13.39000000     0.00305438
    13.40000000     0.00307145
    13.41000000     0.00308859
    13.42000000     0.00310581
    13.43000000     0.00312312
    13.44000000     0.00314050
    13.45000000     0.00315797
    13.46000000     0.00317553
    13.47000000     0.00319316
    13.48000000     0.00321088
    13.49000000     0.00322868
    13.50000000     0.00324656
    13.51000000     0.00326453
    13.52000000     0.00328258
    13.53000000     0.00330072
    13.54000000     0.00331894
    13.55000000     0.00333725
    13.56000000     0.00335564
    13.57000000     0.00337412
    13.58000000     0.00339269
    13.59000000     0.00341134
    13.60000000     0.00343008
    13.61000000     0.00344890
    13.62000000     0.00346782
    13.63000000     0.00348682
    13.64000000     0.00350591
    13.65000000     0.00352509
    13.66000000     0.00354435
    13.67000000     0.00356371
    13.68000000     0.00358315
    13.69000000     0.00360269
    13.70000000     0.00362232
    13.71000000     0.00364203
    13.72000000     0.00366184
    13.73000000     0.00368174
    13.74000000     0.00370173
    13.75000000     0.00372181
    13.76000000     0.00374198
    13.77000000     0.00376225
    13.78000000     0.00378261
    13.79000000     0.00380306
    13.80000000     0.00382360
    13.81000000     0.00384424
    13.82000000     0.00386498
    13.83000000     0.00388581
    13.84000000     0.00390673
    13.85000000     0.00392775
    13.86000000     0.00394886
    13.87000000     0.00397007
    13.88000000     0.00399138
    13.89000000     0.00401278
    13.90000000     0.00403429
    13.91000000     0.00405588
    13.92000000     0.00407758
    13.93000000     0.00409937
    13.94000000     0.00412126
    13.95000000     0.00414326
    13.96000000     0.00416535
    13.97000000     0.00418754
    13.98000000     0.00420983
    13.99000000     0.00423222
    14.00000000     0.00425471
    14.01000000     0.00427730
    14.02000000     0.00429999
    14.03000000     0.00432278
    14.04000000     0.00434568
    14.05000000     0.00436868
    14.06000000     0.00439178
    14.07000000     0.00441499
    14.08000000     0.00443830
    14.09000000     0.00446171
    14.10000000     0.00448522
    14.11000000     0.00450885
    14.12000000     0.00453257
    14.13000000     0.00455640
    14.14000000     0.00458034
    14.15000000     0.00460438
    14.16000000     0.00462853
    14.17000000     0.00465279
    14.18000000     0.00467716
    14.19000000     0.00470163
    14.20000000     0.00472621
    14.21000000     0.00475090
    14.22000000     0.00477569
    14.23000000     0.00480060
    14.24000000     0.00482562
    14.25000000     0.00485074
    14.26000000     0.00487598
    14.27000000     0.00490132
    14.28000000     0.00492678
    14.29000000     0.00495235
    14.30000000     0.00497803
    14.31000000     0.00500383
    14.32000000     0.00502973
    14.33000000     0.00505575
    14.34000000     0.00508188
    14.35000000     0.00510813
    14.36000000     0.00513449
    14.37000000     0.00516097
    14.38000000     0.00518756
    14.39000000     0.00521426
    14.40000000     0.00524108
    14.41000000     0.00526802
    14.42000000     0.00529508
    14.43000000     0.00532225
    14.44000000     0.00534954
    14.45000000     0.00537694
    14.46000000     0.00540447
    14.47000000     0.00543211
    14.48000000     0.00545987
    14.49000000     0.00548776
    14.50000000     0.00551576
    14.51000000     0.00554388
    14.52000000     0.00557212
    14.53000000     0.00560049
    14.54000000     0.00562897
    14.55000000     0.00565758
    14.56000000     0.00568631
    14.57000000     0.00571516
    14.58000000     0.00574414
    14.59000000     0.00577324
    14.60000000     0.00580246
    14.61000000     0.00583181
    14.62000000     0.00586128
    14.63000000     0.00589088
    14.64000000     0.00592060
    14.65000000     0.00595045
    14.66000000     0.00598043
    14.67000000     0.00601053
    14.68000000     0.00604076
    14.69000000     0.00607112
    14.70000000     0.00610161
    14.71000000     0.00613222
    14.72000000     0.00616296
    14.73000000     0.00619384
    14.74000000     0.00622484
    14.75000000     0.00625598
    14.76000000     0.00628724
    14.77000000     0.00631864
    14.78000000     0.00635016
    14.79000000     0.00638182
    14.80000000     0.00641362
    14.81000000     0.00644554
    14.82000000     0.00647760
    14.83000000     0.00650979
    14.84000000     0.00654212
    14.85000000     0.00657458
    14.86000000     0.00660718
    14.87000000     0.00663991
    14.88000000     0.00667278
    14.89000000     0.00670579
    14.90000000     0.00673893
    14.91000000     0.00677221
    14.92000000     0.00680563
    14.93000000     0.00683918
    14.94000000     0.00687288
    14.95000000     0.00690671
    14.96000000     0.00694069
    14.97000000     0.00697480
    14.98000000     0.00700906
    14.99000000     0.00704345
    15.00000000     0.00707799
    15.01000000     0.00711267
    15.02000000     0.00714749
    15.03000000     0.00718245
    15.04000000     0.00721756
    15.05000000     0.00725281
    15.06000000     0.00728821
    15.07000000     0.00732375
    15.08000000     0.00735944
    15.09000000     0.00739527
    15.10000000     0.00743125
    15.11000000     0.00746737
    15.12000000     0.00750365
    15.13000000     0.00754007
    15.14000000     0.00757663
    15.15000000     0.00761335
    15.16000000     0.00765021
    15.17000000     0.00768723
    15.18000000     0.00772439
    15.19000000     0.00776171
    15.20000000     0.00779917
    15.21000000     0.00783679
    15.22000000     0.00787456
    15.23000000     0.00791248
    15.24000000     0.00795056
    15.25000000     0.00798879
    15.26000000     0.00802717
    15.27000000     0.00806570
    15.28000000     0.00810439
    15.29000000     0.00814324
    15.30000000     0.00818224
    15.31000000     0.00822140
    15.32000000     0.00826072
    15.33000000     0.00830019
    15.34000000     0.00833982
    15.35000000     0.00837961
    15.36000000     0.00841955
    15.37000000     0.00845966
    15.38000000     0.00849992
    15.39000000     0.00854035
    15.40000000     0.00858094
    15.41000000     0.00862168
    15.42000000     0.00866259
    15.43000000     0.00870367
    15.44000000     0.00874490
    15.45000000     0.00878630
    15.46000000     0.00882786
    15.47000000     0.00886959
    15.48000000     0.00891148
    15.49000000     0.00895353
    15.50000000     0.00899575
    15.51000000     0.00903814
    15.52000000     0.00908070
    15.53000000     0.00912342
    15.54000000     0.00916631
    15.55000000     0.00920937
    15.56000000     0.00925259
    15.57000000     0.00929599
    15.58000000     0.00933956
    15.59000000     0.00938329
    15.60000000     0.00942720
    15.61000000     0.00947128
    15.62000000     0.00951553
    15.63000000     0.00955995
    15.64000000     0.00960455
    15.65000000     0.00964932
    15.66000000     0.00969426
    15.67000000     0.00973938
    15.68000000     0.00978468
    15.69000000     0.00983015
    15.70000000     0.00987579
    15.71000000     0.00992161
    15.72000000     0.00996761
    15.73000000     0.01001379
    15.74000000     0.01006015
    15.75000000     0.01010668
    15.76000000     0.01015340
    15.77000000     0.01020029
    15.78000000     0.01024737
    15.79000000     0.01029462
    15.80000000     0.01034206
    15.81000000     0.01038968
    15.82000000     0.01043748
    15.83000000     0.01048546
    15.84000000     0.01053363
    15.85000000     0.01058199
    15.86000000     0.01063052
    15.87000000     0.01067925
    15.88000000     0.01072816
    15.89000000     0.01077725
    15.90000000     0.01082654
    15.91000000     0.01087601
    15.92000000     0.01092566
    15.93000000     0.01097551
    15.94000000     0.01102555
    15.95000000     0.01107578
    15.96000000     0.01112619
    15.97000000     0.01117680
    15.98000000     0.01122760
    15.99000000     0.01127859
    16.00000000     0.01132977
    16.01000000     0.01138115
    16.02000000     0.01143272
    16.03000000     0.01148449
    16.04000000     0.01153645
    16.05000000     0.01158860
    16.06000000     0.01164095
    16.07000000     0.01169350
    16.08000000     0.01174625
    16.09000000     0.01179919
    16.10000000     0.01185233
    16.11000000     0.01190567
    16.12000000     0.01195921
    16.13000000     0.01201295
    16.14000000     0.01206689
    16.15000000     0.01212103
    16.16000000     0.01217538
    16.17000000     0.01222992
    16.18000000     0.01228467
    16.19000000     0.01233962
    16.20000000     0.01239478
    16.21000000     0.01245014
    16.22000000     0.01250571
    16.23000000     0.01256148
    16.24000000     0.01261746
    16.25000000     0.01267364
    16.26000000     0.01273004
    16.27000000     0.01278664
    16.28000000     0.01284345
    16.29000000     0.01290047
    16.30000000     0.01295770
    16.31000000     0.01301514
    16.32000000     0.01307279
    16.33000000     0.01313065
    16.34000000     0.01318873
    16.35000000     0.01324702
    16.36000000     0.01330552
    16.37000000     0.01336424
    16.38000000     0.01342317
    16.39000000     0.01348232
    16.40000000     0.01354168
    16.41000000     0.01360126
    16.42000000     0.01366106
    16.43000000     0.01372107
    16.44000000     0.01378130
    16.45000000     0.01384176
    16.46000000     0.01390243
    16.47000000     0.01396332
    16.48000000     0.01402443
    16.49000000     0.01408577
    16.50000000     0.01414733
    16.51000000     0.01420911
    16.52000000     0.01427111
    16.53000000     0.01433334
    16.54000000     0.01439579
    16.55000000     0.01445846
    16.56000000     0.01452137
    16.57000000     0.01458450
    16.58000000     0.01464785
    16.59000000     0.01471144
    16.60000000     0.01477525
    16.61000000     0.01483929
    16.62000000     0.01490356
    16.63000000     0.01496806
    16.64000000     0.01503280
    16.65000000     0.01509776
    16.66000000     0.01516296
    16.67000000     0.01522839
    16.68000000     0.01529405
    16.69000000     0.01535994
    16.70000000     0.01542607
    16.71000000     0.01549244
    16.72000000     0.01555904
    16.73000000     0.01562588
    16.74000000     0.01569296
    16.75000000     0.01576027
    16.76000000     0.01582783
    16.77000000     0.01589562
    16.78000000     0.01596365
    16.79000000     0.01603192
    16.80000000     0.01610044
    16.81000000     0.01616919
    16.82000000     0.01623819
    16.83000000     0.01630743
    16.84000000     0.01637691
    16.85000000     0.01644664
    16.86000000     0.01651662
    16.87000000     0.01658684
    16.88000000     0.01665730
    16.89000000     0.01672802
    16.90000000     0.01679898
    16.91000000     0.01687019
    16.92000000     0.01694165
    16.93000000     0.01701335
    16.94000000     0.01708531
    16.95000000     0.01715752
    16.96000000     0.01722998
    16.97000000     0.01730270
    16.98000000     0.01737566
    16.99000000     0.01744888
    17.00000000     0.01752236
    17.01000000     0.01759609
    17.02000000     0.01767007
    17.03000000     0.01774431
    17.04000000     0.01781881
    17.05000000     0.01789357
    17.06000000     0.01796858
    17.07000000     0.01804386
    17.08000000     0.01811939
    17.09000000     0.01819518
    17.10000000     0.01827124
    17.11000000     0.01834756
    17.12000000     0.01842414
    17.13000000     0.01850098
    17.14000000     0.01857808
    17.15000000     0.01865546
    17.16000000     0.01873309
    17.17000000     0.01881099
    17.18000000     0.01888916
    17.19000000     0.01896760
    17.20000000     0.01904630
    17.21000000     0.01912528
    17.22000000     0.01920452
    17.23000000     0.01928403
    17.24000000     0.01936381
    17.25000000     0.01944387
    17.26000000     0.01952419
    17.27000000     0.01960479
    17.28000000     0.01968567
    17.29000000     0.01976681
    17.30000000     0.01984823
    17.31000000     0.01992993
    17.32000000     0.02001191
    17.33000000     0.02009416
    17.34000000     0.02017669
    17.35000000     0.02025949
    17.36000000     0.02034258
    17.37000000     0.02042595
    17.38000000     0.02050959
    17.39000000     0.02059352
    17.40000000     0.02067773
    17.41000000     0.02076223
    17.42000000     0.02084700
    17.43000000     0.02093206
    17.44000000     0.02101741
    17.45000000     0.02110304
    17.46000000     0.02118896
    17.47000000     0.02127516
    17.48000000     0.02136165
    17.49000000     0.02144844
    17.50000000     0.02153551
    17.51000000     0.02162287
    17.52000000     0.02171052
    17.53000000     0.02179846
    17.54000000     0.02188669
    17.55000000     0.02197522
    17.56000000     0.02206404
    17.57000000     0.02215315
    17.58000000     0.02224256
    17.59000000     0.02233227
    17.60000000     0.02242227
    17.61000000     0.02251257
    17.62000000     0.02260317
    17.63000000     0.02269407
    17.64000000     0.02278526
    17.65000000     0.02287676
    17.66000000     0.02296855
    17.67000000     0.02306065
    17.68000000     0.02315305
    17.69000000     0.02324576
    17.70000000     0.02333876
    17.71000000     0.02343208
    17.72000000     0.02352569
    17.73000000     0.02361962
    17.74000000     0.02371385
    17.75000000     0.02380839
    17.76000000     0.02390323
    17.77000000     0.02399839
    17.78000000     0.02409385
    17.79000000     0.02418963
    17.80000000     0.02428572
    17.81000000     0.02438212
    17.82000000     0.02447883
    17.83000000     0.02457585
    17.84000000     0.02467320
    17.85000000     0.02477085
    17.86000000     0.02486882
    17.87000000     0.02496711
    17.88000000     0.02506572
    17.89000000     0.02516464
    17.90000000     0.02526388
    17.91000000     0.02536344
    17.92000000     0.02546333
    17.93000000     0.02556353
    17.94000000     0.02566406
    17.95000000     0.02576491
    17.96000000     0.02586608
    17.97000000     0.02596758
    17.98000000     0.02606940
    17.99000000     0.02617155
    18.00000000     0.02627402
    18.01000000     0.02637682
    18.02000000     0.02647995
    18.03000000     0.02658341
    18.04000000     0.02668720
    18.05000000     0.02679132
    18.06000000     0.02689577
    18.07000000     0.02700055
    18.08000000     0.02710567
    18.09000000     0.02721112
    18.10000000     0.02731690
    18.11000000     0.02742302
    18.12000000     0.02752947
    18.13000000     0.02763626
    18.14000000     0.02774339
    18.15000000     0.02785086
    18.16000000     0.02795867
    18.17000000     0.02806681
    18.18000000     0.02817530
    18.19000000     0.02828413
    18.20000000     0.02839330
    18.21000000     0.02850281
    18.22000000     0.02861267
    18.23000000     0.02872287
    18.24000000     0.02883342
    18.25000000     0.02894432
    18.26000000     0.02905556
    18.27000000     0.02916715
    18.28000000     0.02927909
    18.29000000     0.02939137
    18.30000000     0.02950401
    18.31000000     0.02961700
    18.32000000     0.02973034
    18.33000000     0.02984403
    18.34000000     0.02995808
    18.35000000     0.03007248
    18.36000000     0.03018724
    18.37000000     0.03030235
    18.38000000     0.03041782
    18.39000000     0.03053364
    18.40000000     0.03064983
    18.41000000     0.03076637
    18.42000000     0.03088328
    18.43000000     0.03100054
    18.44000000     0.03111817
    18.45000000     0.03123616
    18.46000000     0.03135451
    18.47000000     0.03147322
    18.48000000     0.03159230
    18.49000000     0.03171175
    18.50000000     0.03183156
    18.51000000     0.03195174
    18.52000000     0.03207229
    18.53000000     0.03219321
    18.54000000     0.03231450
    18.55000000     0.03243615
    18.56000000     0.03255818
    18.57000000     0.03268059
    18.58000000     0.03280336
    18.59000000     0.03292651
    18.60000000     0.03305003
    18.61000000     0.03317393
    18.62000000     0.03329821
    18.63000000     0.03342286
    18.64000000     0.03354789
    18.65000000     0.03367330
    18.66000000     0.03379909
    18.67000000     0.03392526
    18.68000000     0.03405181
    18.69000000     0.03417874
    18.70000000     0.03430606
    18.71000000     0.03443376
    18.72000000     0.03456184
    18.73000000     0.03469032
    18.74000000     0.03481917
    18.75000000     0.03494842
    18.76000000     0.03507805
    18.77000000     0.03520807
    18.78000000     0.03533848
    18.79000000     0.03546929
    18.80000000     0.03560048
    18.81000000     0.03573207
    18.82000000     0.03586405
    18.83000000     0.03599642
    18.84000000     0.03612919
    18.85000000     0.03626235
    18.86000000     0.03639591
    18.87000000     0.03652987
    18.88000000     0.03666423
    18.89000000     0.03679898
    18.90000000     0.03693414
    18.91000000     0.03706970
    18.92000000     0.03720566
    18.93000000     0.03734202
    18.94000000     0.03747878
    18.95000000     0.03761595
    18.96000000     0.03775353
    18.97000000     0.03789151
    18.98000000     0.03802989
    18.99000000     0.03816869
    19.00000000     0.03830789
    19.01000000     0.03844750
    19.02000000     0.03858753
    19.03000000     0.03872796
    19.04000000     0.03886881
    19.05000000     0.03901007
    19.06000000     0.03915174
    19.07000000     0.03929383
    19.08000000     0.03943633
    19.09000000     0.03957926
    19.10000000     0.03972259
    19.11000000     0.03986635
    19.12000000     0.04001052
    19.13000000     0.04015512
    19.14000000     0.04030013
    19.15000000     0.04044557
    19.16000000     0.04059143
    19.17000000     0.04073771
    19.18000000     0.04088442
    19.19000000     0.04103156
    19.20000000     0.04117911
    19.21000000     0.04132710
    19.22000000     0.04147551
    19.23000000     0.04162436
    19.24000000     0.04177363
    19.25000000     0.04192333
    19.26000000     0.04207347
    19.27000000     0.04222403
    19.28000000     0.04237503
    19.29000000     0.04252646
    19.30000000     0.04267833
    19.31000000     0.04283064
    19.32000000     0.04298338
    19.33000000     0.04313656
    19.34000000     0.04329017
    19.35000000     0.04344423
    19.36000000     0.04359872
    19.37000000     0.04375366
    19.38000000     0.04390904
    19.39000000     0.04406486
    19.40000000     0.04422113
    19.41000000     0.04437784
    19.42000000     0.04453500
    19.43000000     0.04469260
    19.44000000     0.04485065
    19.45000000     0.04500915
    19.46000000     0.04516810
    19.47000000     0.04532750
    19.48000000     0.04548735
    19.49000000     0.04564765
    19.50000000     0.04580840
    19.51000000     0.04596961
    19.52000000     0.04613127
    19.53000000     0.04629339
    19.54000000     0.04645596
    19.55000000     0.04661900
    19.56000000     0.04678249
    19.57000000     0.04694643
    19.58000000     0.04711084
    19.59000000     0.04727571
    19.60000000     0.04744105
    19.61000000     0.04760684
    19.62000000     0.04777310
    19.63000000     0.04793982
    19.64000000     0.04810701
    19.65000000     0.04827466
    19.66000000     0.04844279
    19.67000000     0.04861138
    19.68000000     0.04878044
    19.69000000     0.04894997
    19.70000000     0.04911997
    19.71000000     0.04929044
    19.72000000     0.04946138
    19.73000000     0.04963280
    19.74000000     0.04980470
    19.75000000     0.04997706
    19.76000000     0.05014991
    19.77000000     0.05032323
    19.78000000     0.05049703
    19.79000000     0.05067132
    19.80000000     0.05084608
    19.81000000     0.05102132
    19.82000000     0.05119704
    19.83000000     0.05137325
    19.84000000     0.05154994
    19.85000000     0.05172711
    19.86000000     0.05190478
    19.87000000     0.05208292
    19.88000000     0.05226156
    19.89000000     0.05244068
    19.90000000     0.05262030
    19.91000000     0.05280040
    19.92000000     0.05298099
    19.93000000     0.05316208
    19.94000000     0.05334366
    19.95000000     0.05352574
    19.96000000     0.05370830
    19.97000000     0.05389137
    19.98000000     0.05407493
    19.99000000     0.05425899
    20.00000000     0.05444355
    20.01000000     0.05462861
    20.02000000     0.05481417
    20.03000000     0.05500023
    20.04000000     0.05518679
    20.05000000     0.05537385
    20.06000000     0.05556143
    20.07000000     0.05574950
    20.08000000     0.05593808
    20.09000000     0.05612717
    20.10000000     0.05631677
    20.11000000     0.05650687
    20.12000000     0.05669749
    20.13000000     0.05688862
    20.14000000     0.05708026
    20.15000000     0.05727241
    20.16000000     0.05746507
    20.17000000     0.05765825
    20.18000000     0.05785195
    20.19000000     0.05804616
    20.20000000     0.05824089
    20.21000000     0.05843614
    20.22000000     0.05863190
    20.23000000     0.05882819
    20.24000000     0.05902500
    20.25000000     0.05922233
    20.26000000     0.05942019
    20.27000000     0.05961856
    20.28000000     0.05981747
    20.29000000     0.06001690
    20.30000000     0.06021685
    20.31000000     0.06041734
    20.32000000     0.06061835
    20.33000000     0.06081989
    20.34000000     0.06102197
    20.35000000     0.06122457
    20.36000000     0.06142771
    20.37000000     0.06163138
    20.38000000     0.06183559
    20.39000000     0.06204033
    20.40000000     0.06224561
    20.41000000     0.06245142
    20.42000000     0.06265778
    20.43000000     0.06286467
    20.44000000     0.06307210
    20.45000000     0.06328008
    20.46000000     0.06348860
    20.47000000     0.06369766
    20.48000000     0.06390726
    20.49000000     0.06411741
    20.50000000     0.06432810
    20.51000000     0.06453935
    20.52000000     0.06475114
    20.53000000     0.06496348
    20.54000000     0.06517636
    20.55000000     0.06538980
    20.56000000     0.06560380
    20.57000000     0.06581834
    20.58000000     0.06603344
    20.59000000     0.06624909
    20.60000000     0.06646530
    20.61000000     0.06668206
    20.62000000     0.06689938
    20.63000000     0.06711726
    20.64000000     0.06733570
    20.65000000     0.06755471
    20.66000000     0.06777427
    20.67000000     0.06799439
    20.68000000     0.06821508
    20.69000000     0.06843633
    20.70000000     0.06865815
    20.71000000     0.06888053
    20.72000000     0.06910348
    20.73000000     0.06932700
    20.74000000     0.06955109
    20.75000000     0.06977574
    20.76000000     0.07000097
    20.77000000     0.07022677
    20.78000000     0.07045315
    20.79000000     0.07068009
    20.80000000     0.07090762
    20.81000000     0.07113571
    20.82000000     0.07136439
    20.83000000     0.07159364
    20.84000000     0.07182347
    20.85000000     0.07205388
    20.86000000     0.07228488
    20.87000000     0.07251645
    20.88000000     0.07274861
    20.89000000     0.07298135
    20.90000000     0.07321467
    20.91000000     0.07344858
    20.92000000     0.07368308
    20.93000000     0.07391816
    20.94000000     0.07415383
    20.95000000     0.07439009
    20.96000000     0.07462695
    20.97000000     0.07486439
    20.98000000     0.07510243
    20.99000000     0.07534105
    21.00000000     0.07558028
    21.01000000     0.07582010
    21.02000000     0.07606051
    21.03000000     0.07630152
    21.04000000     0.07654313
    21.05000000     0.07678534
    21.06000000     0.07702815
    21.07000000     0.07727156
    21.08000000     0.07751558
    21.09000000     0.07776019
    21.10000000     0.07800541
    21.11000000     0.07825124
    21.12000000     0.07849767
    21.13000000     0.07874470
    21.14000000     0.07899235
    21.15000000     0.07924060
    21.16000000     0.07948947
    21.17000000     0.07973894
    21.18000000     0.07998903
    21.19000000     0.08023973
    21.20000000     0.08049104
    21.21000000     0.08074297
    21.22000000     0.08099552
    21.23000000     0.08124868
    21.24000000     0.08150246
    21.25000000     0.08175685
    21.26000000     0.08201187
    21.27000000     0.08226751
    21.28000000     0.08252376
    21.29000000     0.08278065
    21.30000000     0.08303815
    21.31000000     0.08329628
    21.32000000     0.08355503
    21.33000000     0.08381442
    21.34000000     0.08407442
    21.35000000     0.08433506
    21.36000000     0.08459633
    21.37000000     0.08485822
    21.38000000     0.08512075
    21.39000000     0.08538391
    21.40000000     0.08564771
    21.41000000     0.08591213
    21.42000000     0.08617720
    21.43000000     0.08644290
    21.44000000     0.08670923
    21.45000000     0.08697621
    21.46000000     0.08724382
    21.47000000     0.08751208
    21.48000000     0.08778097
    21.49000000     0.08805051
    21.50000000     0.08832069
    21.51000000     0.08859151
    21.52000000     0.08886298
    21.53000000     0.08913510
    21.54000000     0.08940786
    21.55000000     0.08968127
    21.56000000     0.08995533
    21.57000000     0.09023004
    21.58000000     0.09050540
    21.59000000     0.09078141
    21.60000000     0.09105807
    21.61000000     0.09133539
    21.62000000     0.09161337
    21.63000000     0.09189199
    21.64000000     0.09217128
    21.65000000     0.09245122
    21.66000000     0.09273183
    21.67000000     0.09301309
    21.68000000     0.09329501
    21.69000000     0.09357759
    21.70000000     0.09386084
    21.71000000     0.09414475
    21.72000000     0.09442933
    21.73000000     0.09471457
    21.74000000     0.09500047
    21.75000000     0.09528705
    21.76000000     0.09557429
    21.77000000     0.09586220
    21.78000000     0.09615078
    21.79000000     0.09644004
    21.80000000     0.09672996
    21.81000000     0.09702056
    21.82000000     0.09731184
    21.83000000     0.09760379
    21.84000000     0.09789641
    21.85000000     0.09818971
    21.86000000     0.09848370
    21.87000000     0.09877835
    21.88000000     0.09907370
    21.89000000     0.09936972
    21.90000000     0.09966642
    21.91000000     0.09996381
    21.92000000     0.10026188
    21.93000000     0.10056063
    21.94000000     0.10086007
    21.95000000     0.10116020
    21.96000000     0.10146102
    21.97000000     0.10176252
    21.98000000     0.10206472
    21.99000000     0.10236760
    22.00000000     0.10267118
    22.01000000     0.10297545
    22.02000000     0.10328042
    22.03000000     0.10358608
    22.04000000     0.10389243
    22.05000000     0.10419948
    22.06000000     0.10450723
    22.07000000     0.10481568
    22.08000000     0.10512483
    22.09000000     0.10543467
    22.10000000     0.10574522
    22.11000000     0.10605647
    22.12000000     0.10636843
    22.13000000     0.10668109
    22.14000000     0.10699445
    22.15000000     0.10730852
    22.16000000     0.10762330
    22.17000000     0.10793879
    22.18000000     0.10825499
    22.19000000     0.10857189
    22.20000000     0.10888951
    22.21000000     0.10920784
    22.22000000     0.10952688
    22.23000000     0.10984664
    22.24000000     0.11016711
    22.25000000     0.11048830
    22.26000000     0.11081020
    22.27000000     0.11113283
    22.28000000     0.11145617
    22.29000000     0.11178023
    22.30000000     0.11210501
    22.31000000     0.11243052
    22.32000000     0.11275674
    22.33000000     0.11308369
    22.34000000     0.11341137
    22.35000000     0.11373977
    22.36000000     0.11406890
    22.37000000     0.11439875
    22.38000000     0.11472934
    22.39000000     0.11506065
    22.40000000     0.11539269
    22.41000000     0.11572547
    22.42000000     0.11605897
    22.43000000     0.11639321
    22.44000000     0.11672819
    22.45000000     0.11706390
    22.46000000     0.11740034
    22.47000000     0.11773753
    22.48000000     0.11807545
    22.49000000     0.11841411
    22.50000000     0.11875351
    22.51000000     0.11909365
    22.52000000     0.11943453
    22.53000000     0.11977616
    22.54000000     0.12011853
    22.55000000     0.12046164
    22.56000000     0.12080550
    22.57000000     0.12115011
    22.58000000     0.12149546
    22.59000000     0.12184156
    22.60000000     0.12218842
    22.61000000     0.12253602
    22.62000000     0.12288437
    22.63000000     0.12323348
    22.64000000     0.12358334
    22.65000000     0.12393395
    22.66000000     0.12428532
    22.67000000     0.12463744
    22.68000000     0.12499033
    22.69000000     0.12534396
    22.70000000     0.12569836
    22.71000000     0.12605352
    22.72000000     0.12640944
    22.73000000     0.12676612
    22.74000000     0.12712357
    22.75000000     0.12748177
    22.76000000     0.12784074
    22.77000000     0.12820048
    22.78000000     0.12856098
    22.79000000     0.12892226
    22.80000000     0.12928430
    22.81000000     0.12964710
    22.82000000     0.13001068
    22.83000000     0.13037503
    22.84000000     0.13074015
    22.85000000     0.13110605
    22.86000000     0.13147272
    22.87000000     0.13184016
    22.88000000     0.13220838
    22.89000000     0.13257738
    22.90000000     0.13294715
    22.91000000     0.13331770
    22.92000000     0.13368903
    22.93000000     0.13406115
    22.94000000     0.13443404
    22.95000000     0.13480771
    22.96000000     0.13518217
    22.97000000     0.13555742
    22.98000000     0.13593344
    22.99000000     0.13631026
    23.00000000     0.13668786
    23.01000000     0.13706625
    23.02000000     0.13744542
    23.03000000     0.13782539
    23.04000000     0.13820615
    23.05000000     0.13858770
    23.06000000     0.13897004
    23.07000000     0.13935317
    23.08000000     0.13973710
    23.09000000     0.14012182
    23.10000000     0.14050734
    23.11000000     0.14089366
    23.12000000     0.14128077
    23.13000000     0.14166869
    23.14000000     0.14205740
    23.15000000     0.14244691
    23.16000000     0.14283723
    23.17000000     0.14322835
    23.18000000     0.14362027
    23.19000000     0.14401299
    23.20000000     0.14440652
    23.21000000     0.14480086
    23.22000000     0.14519600
    23.23000000     0.14559195
    23.24000000     0.14598871
    23.25000000     0.14638628
    23.26000000     0.14678466
    23.27000000     0.14718385
    23.28000000     0.14758386
    23.29000000     0.14798467
    23.30000000     0.14838630
    23.31000000     0.14878875
    23.32000000     0.14919201
    23.33000000     0.14959609
    23.34000000     0.15000099
    23.35000000     0.15040670
    23.36000000     0.15081324
    23.37000000     0.15122059
    23.38000000     0.15162877
    23.39000000     0.15203777
    23.40000000     0.15244759
    23.41000000     0.15285823
    23.42000000     0.15326970
    23.43000000     0.15368200
    23.44000000     0.15409512
    23.45000000     0.15450907
    23.46000000     0.15492385
    23.47000000     0.15533945
    23.48000000     0.15575589
    23.49000000     0.15617316
    23.50000000     0.15659126
    23.51000000     0.15701019
    23.52000000     0.15742996
    23.53000000     0.15785056
    23.54000000     0.15827199
    23.55000000     0.15869427
    23.56000000     0.15911738
    23.57000000     0.15954132
    23.58000000     0.15996611
    23.59000000     0.16039173
    23.60000000     0.16081820
    23.61000000     0.16124551
    23.62000000     0.16167366
    23.63000000     0.16210265
    23.64000000     0.16253249
    23.65000000     0.16296317
    23.66000000     0.16339470
    23.67000000     0.16382707
    23.68000000     0.16426029
    23.69000000     0.16469436
    23.70000000     0.16512928
    23.71000000     0.16556505
    23.72000000     0.16600167
    23.73000000     0.16643914
    23.74000000     0.16687746
    23.75000000     0.16731664
    23.76000000     0.16775667
    23.77000000     0.16819756
    23.78000000     0.16863930
    23.79000000     0.16908190
    23.80000000     0.16952536
    23.81000000     0.16996967
    23.82000000     0.17041485
    23.83000000     0.17086088
    23.84000000     0.17130777
    23.85000000     0.17175553
    23.86000000     0.17220415
    23.87000000     0.17265363
    23.88000000     0.17310398
    23.89000000     0.17355519
    23.90000000     0.17400727
    23.91000000     0.17446022
    23.92000000     0.17491403
    23.93000000     0.17536871
    23.94000000     0.17582426
    23.95000000     0.17628068
    23.96000000     0.17673797
    23.97000000     0.17719614
    23.98000000     0.17765517
    23.99000000     0.17811508
    24.00000000     0.17857586
    24.01000000     0.17903752
    24.02000000     0.17950005
    24.03000000     0.17996346
    24.04000000     0.18042775
    24.05000000     0.18089292
    24.06000000     0.18135896
    24.07000000     0.18182589
    24.08000000     0.18229369
    24.09000000     0.18276238
    24.10000000     0.18323195
    24.11000000     0.18370240
    24.12000000     0.18417373
    24.13000000     0.18464595
    24.14000000     0.18511906
    24.15000000     0.18559305
    24.16000000     0.18606793
    24.17000000     0.18654370
    24.18000000     0.18702035
    24.19000000     0.18749790
    24.20000000     0.18797633
    24.21000000     0.18845566
    24.22000000     0.18893587
    24.23000000     0.18941698
    24.24000000     0.18989899
    24.25000000     0.19038188
    24.26000000     0.19086567
    24.27000000     0.19135036
    24.28000000     0.19183595
    24.29000000     0.19232243
    24.30000000     0.19280980
    24.31000000     0.19329808
    24.32000000     0.19378726
    24.33000000     0.19427734
    24.34000000     0.19476831
    24.35000000     0.19526019
    24.36000000     0.19575298
    24.37000000     0.19624666
    24.38000000     0.19674125
    24.39000000     0.19723675
    24.40000000     0.19773315
    24.41000000     0.19823045
    24.42000000     0.19872867
    24.43000000     0.19922779
    24.44000000     0.19972782
    24.45000000     0.20022876
    24.46000000     0.20073061
    24.47000000     0.20123337
    24.48000000     0.20173704
    24.49000000     0.20224162
    24.50000000     0.20274712
    24.51000000     0.20325353
    24.52000000     0.20376085
    24.53000000     0.20426909
    24.54000000     0.20477825
    24.55000000     0.20528832
    24.56000000     0.20579931
    24.57000000     0.20631122
    24.58000000     0.20682405
    24.59000000     0.20733779
    24.60000000     0.20785246
    24.61000000     0.20836805
    24.62000000     0.20888456
    24.63000000     0.20940199
    24.64000000     0.20992035
    24.65000000     0.21043962
    24.66000000     0.21095983
    24.67000000     0.21148096
    24.68000000     0.21200301
    24.69000000     0.21252599
    24.70000000     0.21304990
    24.71000000     0.21357474
    24.72000000     0.21410051
    24.73000000     0.21462720
    24.74000000     0.21515483
    24.75000000     0.21568339
    24.76000000     0.21621287
    24.77000000     0.21674329
    24.78000000     0.21727465
    24.79000000     0.21780694
    24.80000000     0.21834016
    24.81000000     0.21887431
    24.82000000     0.21940941
    24.83000000     0.21994543
    24.84000000     0.22048240
    24.85000000     0.22102030
    24.86000000     0.22155915
    24.87000000     0.22209893
    24.88000000     0.22263965
    24.89000000     0.22318131
    24.90000000     0.22372391
    24.91000000     0.22426746
    24.92000000     0.22481194
    24.93000000     0.22535737
    24.94000000     0.22590375
    24.95000000     0.22645106
    24.96000000     0.22699933
    24.97000000     0.22754854
    24.98000000     0.22809869
    24.99000000     0.22864979
    25.00000000     0.22920184
    25.01000000     0.22975484
    25.02000000     0.23030879
    25.03000000     0.23086368
    25.04000000     0.23141953
    25.05000000     0.23197633
    25.06000000     0.23253408
    25.07000000     0.23309278
    25.08000000     0.23365243
    25.09000000     0.23421304
    25.10000000     0.23477460
    25.11000000     0.23533711
    25.12000000     0.23590059
    25.13000000     0.23646501
    25.14000000     0.23703040
    25.15000000     0.23759674
    25.16000000     0.23816403
    25.17000000     0.23873229
    25.18000000     0.23930151
    25.19000000     0.23987168
    25.20000000     0.24044282
    25.21000000     0.24101491
    25.22000000     0.24158797
    25.23000000     0.24216199
    25.24000000     0.24273697
    25.25000000     0.24331291
    25.26000000     0.24388982
    25.27000000     0.24446769
    25.28000000     0.24504653
    25.29000000     0.24562634
    25.30000000     0.24620710
    25.31000000     0.24678884
    25.32000000     0.24737154
    25.33000000     0.24795521
    25.34000000     0.24853985
    25.35000000     0.24912546
    25.36000000     0.24971204
    25.37000000     0.25029959
    25.38000000     0.25088810
    25.39000000     0.25147759
    25.40000000     0.25206806
    25.41000000     0.25265949
    25.42000000     0.25325190
    25.43000000     0.25384528
    25.44000000     0.25443963
    25.45000000     0.25503496
    25.46000000     0.25563126
    25.47000000     0.25622854
    25.48000000     0.25682680
    25.49000000     0.25742603
    25.50000000     0.25802624
    25.51000000     0.25862742
    25.52000000     0.25922959
    25.53000000     0.25983273
    25.54000000     0.26043686
    25.55000000     0.26104196
    25.56000000     0.26164804
    25.57000000     0.26225511
    25.58000000     0.26286316
    25.59000000     0.26347218
    25.60000000     0.26408219
    25.61000000     0.26469319
    25.62000000     0.26530516
    25.63000000     0.26591813
    25.64000000     0.26653207
    25.65000000     0.26714700
    25.66000000     0.26776292
    25.67000000     0.26837982
    25.68000000     0.26899771
    25.69000000     0.26961658
    25.70000000     0.27023645
    25.71000000     0.27085730
    25.72000000     0.27147914
    25.73000000     0.27210197
    25.74000000     0.27272578
    25.75000000     0.27335059
    25.76000000     0.27397639
    25.77000000     0.27460318
    25.78000000     0.27523096
    25.79000000     0.27585973
    25.80000000     0.27648950
    25.81000000     0.27712025
    25.82000000     0.27775200
    25.83000000     0.27838475
    25.84000000     0.27901848
    25.85000000     0.27965322
    25.86000000     0.28028894
    25.87000000     0.28092566
    25.88000000     0.28156338
    25.89000000     0.28220210
    25.90000000     0.28284181
    25.91000000     0.28348252
    25.92000000     0.28412422
    25.93000000     0.28476693
    25.94000000     0.28541063
    25.95000000     0.28605533
    25.96000000     0.28670103
    25.97000000     0.28734773
    25.98000000     0.28799543
    25.99000000     0.28864413
    26.00000000     0.28929384
    26.01000000     0.28994454
    26.02000000     0.29059624
    26.03000000     0.29124895
    26.04000000     0.29190266
    26.05000000     0.29255737
    26.06000000     0.29321309
    26.07000000     0.29386981
    26.08000000     0.29452753
    26.09000000     0.29518626
    26.10000000     0.29584600
    26.11000000     0.29650674
    26.12000000     0.29716848
    26.13000000     0.29783123
    26.14000000     0.29849499
    26.15000000     0.29915975
    26.16000000     0.29982552
    26.17000000     0.30049230
    26.18000000     0.30116009
    26.19000000     0.30182888
    26.20000000     0.30249868
    26.21000000     0.30316950
    26.22000000     0.30384132
    26.23000000     0.30451415
    26.24000000     0.30518799
    26.25000000     0.30586284
    26.26000000     0.30653870
    26.27000000     0.30721558
    26.28000000     0.30789346
    26.29000000     0.30857236
    26.30000000     0.30925226
    26.31000000     0.30993318
    26.32000000     0.31061512
    26.33000000     0.31129806
    26.34000000     0.31198202
    26.35000000     0.31266700
    26.36000000     0.31335298
    26.37000000     0.31403998
    26.38000000     0.31472800
    26.39000000     0.31541703
    26.40000000     0.31610707
    26.41000000     0.31679814
    26.42000000     0.31749021
    26.43000000     0.31818330
    26.44000000     0.31887741
    26.45000000     0.31957254
    26.46000000     0.32026868
    26.47000000     0.32096584
    26.48000000     0.32166402
    26.49000000     0.32236321
    26.50000000     0.32306342
    26.51000000     0.32376465
    26.52000000     0.32446690
    26.53000000     0.32517017
    26.54000000     0.32587446
    26.55000000     0.32657976
    26.56000000     0.32728609
    26.57000000     0.32799344
    26.58000000     0.32870180
    26.59000000     0.32941119
    26.60000000     0.33012159
    26.61000000     0.33083302
    26.62000000     0.33154547
    26.63000000     0.33225894
    26.64000000     0.33297343
    26.65000000     0.33368894
    26.66000000     0.33440547
    26.67000000     0.33512303
    26.68000000     0.33584160
    26.69000000     0.33656120
    26.70000000     0.33728183
    26.71000000     0.33800347
    26.72000000     0.33872614
    26.73000000     0.33944983
    26.74000000     0.34017455
    26.75000000     0.34090029
    26.76000000     0.34162705
    26.77000000     0.34235484
    26.78000000     0.34308365
    26.79000000     0.34381349
    26.80000000     0.34454435
    26.81000000     0.34527623
    26.82000000     0.34600914
    26.83000000     0.34674308
    26.84000000     0.34747804
    26.85000000     0.34821402
    26.86000000     0.34895104
    26.87000000     0.34968907
    26.88000000     0.35042814
    26.89000000     0.35116822
    26.90000000     0.35190934
    26.91000000     0.35265148
    26.92000000     0.35339465
    26.93000000     0.35413884
    26.94000000     0.35488406
    26.95000000     0.35563031
    26.96000000     0.35637759
    26.97000000     0.35712589
    26.98000000     0.35787522
    26.99000000     0.35862557
    27.00000000     0.35937696
    27.01000000     0.36012937
    27.02000000     0.36088281
    27.03000000     0.36163727
    27.04000000     0.36239277
    27.05000000     0.36314929
    27.06000000     0.36390684
    27.07000000     0.36466542
    27.08000000     0.36542503
    27.09000000     0.36618566
    27.10000000     0.36694732
    27.11000000     0.36771001
    27.12000000     0.36847373
    27.13000000     0.36923848
    27.14000000     0.37000426
    27.15000000     0.37077106
    27.16000000     0.37153890
    27.17000000     0.37230776
    27.18000000     0.37307765
    27.19000000     0.37384857
    27.20000000     0.37462052
    27.21000000     0.37539350
    27.22000000     0.37616751
    27.23000000     0.37694254
    27.24000000     0.37771861
    27.25000000     0.37849570
    27.26000000     0.37927383
    27.27000000     0.38005298
    27.28000000     0.38083316
    27.29000000     0.38161437
    27.30000000     0.38239661
    27.31000000     0.38317988
    27.32000000     0.38396418
    27.33000000     0.38474951
    27.34000000     0.38553586
    27.35000000     0.38632325
    27.36000000     0.38711166
    27.37000000     0.38790111
    27.38000000     0.38869158
    27.39000000     0.38948308
    27.40000000     0.39027561
    27.41000000     0.39106917
    27.42000000     0.39186376
    27.43000000     0.39265937
    27.44000000     0.39345602
    27.45000000     0.39425370
    27.46000000     0.39505240
    27.47000000     0.39585213
    27.48000000     0.39665289
    27.49000000     0.39745468
    27.50000000     0.39825750
    27.51000000     0.39906135
    27.52000000     0.39986622
    27.53000000     0.40067212
    27.54000000     0.40147905
    27.55000000     0.40228701
    27.56000000     0.40309600
    27.57000000     0.40390602
    27.58000000     0.40471706
    27.59000000     0.40552913
    27.60000000     0.40634223
    27.61000000     0.40715635
    27.62000000     0.40797151
    27.63000000     0.40878769
    27.64000000     0.40960490
    27.65000000     0.41042313
    27.66000000     0.41124239
    27.67000000     0.41206268
    27.68000000     0.41288400
    27.69000000     0.41370634
    27.70000000     0.41452971
    27.71000000     0.41535410
    27.72000000     0.41617952
    27.73000000     0.41700597
    27.74000000     0.41783344
    27.75000000     0.41866194
    27.76000000     0.41949147
    27.77000000     0.42032201
    27.78000000     0.42115359
    27.79000000     0.42198619
    27.80000000     0.42281981
    27.81000000     0.42365446
    27.82000000     0.42449014
    27.83000000     0.42532683
    27.84000000     0.42616455
    27.85000000     0.42700330
    27.86000000     0.42784307
    27.87000000     0.42868386
    27.88000000     0.42952568
    27.89000000     0.43036852
    27.90000000     0.43121238
    27.91000000     0.43205726
    27.92000000     0.43290317
    27.93000000     0.43375010
    27.94000000     0.43459805
    27.95000000     0.43544702
    27.96000000     0.43629702
    27.97000000     0.43714803
    27.98000000     0.43800007
    27.99000000     0.43885313
    28.00000000     0.43970721
    28.01000000     0.44056230
    28.02000000     0.44141842
    28.03000000     0.44227556
    28.04000000     0.44313372
    28.05000000     0.44399289
    28.06000000     0.44485309
    28.07000000     0.44571430
    28.08000000     0.44657653
    28.09000000     0.44743978
    28.10000000     0.44830405
    28.11000000     0.44916933
    28.12000000     0.45003564
    28.13000000     0.45090295
    28.14000000     0.45177129
    28.15000000     0.45264064
    28.16000000     0.45351101
    28.17000000     0.45438239
    28.18000000     0.45525479
    28.19000000     0.45612820
    28.20000000     0.45700263
    28.21000000     0.45787807
    28.22000000     0.45875453
    28.23000000     0.45963200
    28.24000000     0.46051048
    28.25000000     0.46138997
    28.26000000     0.46227048
    28.27000000     0.46315200
    28.28000000     0.46403453
    28.29000000     0.46491808
    28.30000000     0.46580263
    28.31000000     0.46668819
    28.32000000     0.46757477
    28.33000000     0.46846235
    28.34000000     0.46935095
    28.35000000     0.47024055
    28.36000000     0.47113116
    28.37000000     0.47202278
    28.38000000     0.47291541
    28.39000000     0.47380904
    28.40000000     0.47470369
    28.41000000     0.47559933
    28.42000000     0.47649599
    28.43000000     0.47739365
    28.44000000     0.47829231
    28.45000000     0.47919199
    28.46000000     0.48009266
    28.47000000     0.48099434
    28.48000000     0.48189702
    28.49000000     0.48280071
    28.50000000     0.48370539
    28.51000000     0.48461108
    28.52000000     0.48551778
    28.53000000     0.48642547
    28.54000000     0.48733416
    28.55000000     0.48824386
    28.56000000     0.48915455
    28.57000000     0.49006624
    28.58000000     0.49097894
    28.59000000     0.49189263
    28.60000000     0.49280731
    28.61000000     0.49372300
    28.62000000     0.49463968
    28.63000000     0.49555736
    28.64000000     0.49647603
    28.65000000     0.49739570
    28.66000000     0.49831637
    28.67000000     0.49923802
    28.68000000     0.50016068
    28.69000000     0.50108432
    28.70000000     0.50200896
    28.71000000     0.50293459
    28.72000000     0.50386121
    28.73000000     0.50478882
    28.74000000     0.50571742
    28.75000000     0.50664701
    28.76000000     0.50757759
    28.77000000     0.50850916
    28.78000000     0.50944172
    28.79000000     0.51037526
    28.80000000     0.51130980
    28.81000000     0.51224531
    28.82000000     0.51318182
    28.83000000     0.51411931
    28.84000000     0.51505778
    28.85000000     0.51599724
    28.86000000     0.51693768
    28.87000000     0.51787910
    28.88000000     0.51882150
    28.89000000     0.51976489
    28.90000000     0.52070926
    28.91000000     0.52165460
    28.92000000     0.52260093
    28.93000000     0.52354824
    28.94000000     0.52449652
    28.95000000     0.52544578
    28.96000000     0.52639602
    28.97000000     0.52734723
    28.98000000     0.52829942
    28.99000000     0.52925259
    29.00000000     0.53020673
    29.01000000     0.53116184
    29.02000000     0.53211792
    29.03000000     0.53307498
    29.04000000     0.53403301
    29.05000000     0.53499201
    29.06000000     0.53595198
    29.07000000     0.53691292
    29.08000000     0.53787482
    29.09000000     0.53883770
    29.10000000     0.53980154
    29.11000000     0.54076635
    29.12000000     0.54173213
    29.13000000     0.54269887
    29.14000000     0.54366657
    29.15000000     0.54463524
    29.16000000     0.54560487
    29.17000000     0.54657546
    29.18000000     0.54754701
    29.19000000     0.54851953
    29.20000000     0.54949300
    29.21000000     0.55046743
    29.22000000     0.55144283
    29.23000000     0.55241917
    29.24000000     0.55339648
    29.25000000     0.55437474
    29.26000000     0.55535396
    29.27000000     0.55633413
    29.28000000     0.55731525
    29.29000000     0.55829733
    29.30000000     0.55928035
    29.31000000     0.56026433
    29.32000000     0.56124926
    29.33000000     0.56223514
    29.34000000     0.56322197
    29.35000000     0.56420974
    29.36000000     0.56519847
    29.37000000     0.56618813
    29.38000000     0.56717875
    29.39000000     0.56817030
    29.40000000     0.56916281
    29.41000000     0.57015625
    29.42000000     0.57115063
    29.43000000     0.57214596
    29.44000000     0.57314223
    29.45000000     0.57413943
    29.46000000     0.57513758
    29.47000000     0.57613666
    29.48000000     0.57713667
    29.49000000     0.57813763
    29.50000000     0.57913951
    29.51000000     0.58014234
    29.52000000     0.58114609
    29.53000000     0.58215078
    29.54000000     0.58315639
    29.55000000     0.58416294
    29.56000000     0.58517042
    29.57000000     0.58617882
    29.58000000     0.58718815
    29.59000000     0.58819841
    29.60000000     0.58920959
    29.61000000     0.59022170
    29.62000000     0.59123473
    29.63000000     0.59224869
    29.64000000     0.59326356
    29.65000000     0.59427936
    29.66000000     0.59529607
    29.67000000     0.59631371
    29.68000000     0.59733226
    29.69000000     0.59835173
    29.70000000     0.59937211
    29.71000000     0.60039341
    29.72000000     0.60141562
    29.73000000     0.60243874
    29.74000000     0.60346278
    29.75000000     0.60448773
    29.76000000     0.60551358
    29.77000000     0.60654035
    29.78000000     0.60756802
    29.79000000     0.60859660
    29.80000000     0.60962608
    29.81000000     0.61065647
    29.82000000     0.61168776
    29.83000000     0.61271995
    29.84000000     0.61375305
    29.85000000     0.61478704
    29.86000000     0.61582194
    29.87000000     0.61685773
    29.88000000     0.61789442
    29.89000000     0.61893200
    29.90000000     0.61997048
    29.91000000     0.62100985
    29.92000000     0.62205012
    29.93000000     0.62309127
    29.94000000     0.62413332
    29.95000000     0.62517625
    29.96000000     0.62622008
    29.97000000     0.62726479
    29.98000000     0.62831038
    29.99000000     0.62935686
