#nl2j    4    9   19
     0.01000000     0.00000000
     0.02000000    -0.00000000
     0.03000000    -0.00000000
     0.04000000    -0.00000000
     0.05000000    -0.00000000
     0.06000000    -0.00000000
     0.07000000    -0.00000000
     0.08000000    -0.00000000
     0.09000000    -0.00000000
     0.10000000    -0.00000000
     0.11000000    -0.00000000
     0.12000000    -0.00000000
     0.13000000    -0.00000000
     0.14000000    -0.00000000
     0.15000000    -0.00000000
     0.16000000    -0.00000000
     0.17000000    -0.00000000
     0.18000000    -0.00000000
     0.19000000    -0.00000000
     0.20000000    -0.00000000
     0.21000000    -0.00000000
     0.22000000    -0.00000000
     0.23000000    -0.00000000
     0.24000000    -0.00000000
     0.25000000    -0.00000000
     0.26000000    -0.00000000
     0.27000000    -0.00000000
     0.28000000    -0.00000000
     0.29000000    -0.00000000
     0.30000000    -0.00000000
     0.31000000    -0.00000000
     0.32000000    -0.00000000
     0.33000000    -0.00000000
     0.34000000    -0.00000000
     0.35000000    -0.00000000
     0.36000000    -0.00000000
     0.37000000    -0.00000000
     0.38000000    -0.00000000
     0.39000000    -0.00000000
     0.40000000    -0.00000000
     0.41000000    -0.00000000
     0.42000000    -0.00000000
     0.43000000    -0.00000000
     0.44000000    -0.00000000
     0.45000000    -0.00000000
     0.46000000    -0.00000000
     0.47000000    -0.00000000
     0.48000000    -0.00000000
     0.49000000    -0.00000000
     0.50000000    -0.00000000
     0.51000000    -0.00000000
     0.52000000    -0.00000000
     0.53000000    -0.00000000
     0.54000000    -0.00000000
     0.55000000    -0.00000000
     0.56000000    -0.00000000
     0.57000000    -0.00000000
     0.58000000    -0.00000000
     0.59000000    -0.00000000
     0.60000000    -0.00000000
     0.61000000    -0.00000000
     0.62000000    -0.00000000
     0.63000000    -0.00000000
     0.64000000    -0.00000000
     0.65000000    -0.00000000
     0.66000000    -0.00000000
     0.67000000    -0.00000000
     0.68000000    -0.00000000
     0.69000000    -0.00000000
     0.70000000    -0.00000000
     0.71000000    -0.00000000
     0.72000000    -0.00000000
     0.73000000    -0.00000000
     0.74000000    -0.00000000
     0.75000000    -0.00000000
     0.76000000    -0.00000000
     0.77000000    -0.00000000
     0.78000000    -0.00000000
     0.79000000    -0.00000000
     0.80000000    -0.00000000
     0.81000000    -0.00000000
     0.82000000    -0.00000000
     0.83000000    -0.00000000
     0.84000000    -0.00000000
     0.85000000    -0.00000000
     0.86000000    -0.00000000
     0.87000000    -0.00000000
     0.88000000    -0.00000000
     0.89000000    -0.00000000
     0.90000000    -0.00000000
     0.91000000    -0.00000000
     0.92000000    -0.00000000
     0.93000000    -0.00000000
     0.94000000    -0.00000000
     0.95000000    -0.00000000
     0.96000000    -0.00000000
     0.97000000    -0.00000000
     0.98000000    -0.00000000
     0.99000000    -0.00000000
     1.00000000    -0.00000000
     1.01000000    -0.00000000
     1.02000000    -0.00000000
     1.03000000    -0.00000000
     1.04000000    -0.00000000
     1.05000000    -0.00000000
     1.06000000    -0.00000000
     1.07000000    -0.00000000
     1.08000000    -0.00000000
     1.09000000    -0.00000000
     1.10000000    -0.00000000
     1.11000000    -0.00000000
     1.12000000    -0.00000000
     1.13000000    -0.00000000
     1.14000000    -0.00000000
     1.15000000    -0.00000000
     1.16000000    -0.00000000
     1.17000000    -0.00000000
     1.18000000    -0.00000000
     1.19000000    -0.00000000
     1.20000000    -0.00000000
     1.21000000    -0.00000000
     1.22000000    -0.00000000
     1.23000000    -0.00000000
     1.24000000    -0.00000000
     1.25000000    -0.00000000
     1.26000000    -0.00000000
     1.27000000    -0.00000000
     1.28000000    -0.00000000
     1.29000000    -0.00000000
     1.30000000    -0.00000000
     1.31000000    -0.00000000
     1.32000000    -0.00000000
     1.33000000    -0.00000000
     1.34000000    -0.00000000
     1.35000000    -0.00000000
     1.36000000    -0.00000000
     1.37000000    -0.00000000
     1.38000000    -0.00000000
     1.39000000    -0.00000000
     1.40000000    -0.00000000
     1.41000000    -0.00000000
     1.42000000    -0.00000000
     1.43000000    -0.00000000
     1.44000000    -0.00000000
     1.45000000    -0.00000000
     1.46000000    -0.00000000
     1.47000000    -0.00000000
     1.48000000    -0.00000000
     1.49000000    -0.00000000
     1.50000000    -0.00000000
     1.51000000    -0.00000000
     1.52000000    -0.00000000
     1.53000000    -0.00000000
     1.54000000    -0.00000000
     1.55000000    -0.00000000
     1.56000000    -0.00000000
     1.57000000    -0.00000000
     1.58000000    -0.00000000
     1.59000000    -0.00000000
     1.60000000    -0.00000000
     1.61000000    -0.00000000
     1.62000000    -0.00000000
     1.63000000    -0.00000000
     1.64000000    -0.00000000
     1.65000000    -0.00000000
     1.66000000    -0.00000000
     1.67000000    -0.00000000
     1.68000000    -0.00000000
     1.69000000    -0.00000000
     1.70000000    -0.00000000
     1.71000000    -0.00000000
     1.72000000    -0.00000000
     1.73000000    -0.00000000
     1.74000000    -0.00000000
     1.75000000    -0.00000000
     1.76000000    -0.00000000
     1.77000000    -0.00000000
     1.78000000    -0.00000000
     1.79000000    -0.00000000
     1.80000000    -0.00000000
     1.81000000    -0.00000000
     1.82000000    -0.00000000
     1.83000000    -0.00000000
     1.84000000    -0.00000000
     1.85000000    -0.00000000
     1.86000000    -0.00000000
     1.87000000    -0.00000000
     1.88000000    -0.00000000
     1.89000000    -0.00000000
     1.90000000    -0.00000000
     1.91000000    -0.00000000
     1.92000000    -0.00000000
     1.93000000    -0.00000000
     1.94000000    -0.00000000
     1.95000000    -0.00000000
     1.96000000    -0.00000000
     1.97000000    -0.00000000
     1.98000000    -0.00000000
     1.99000000    -0.00000000
     2.00000000    -0.00000000
     2.01000000    -0.00000000
     2.02000000    -0.00000000
     2.03000000    -0.00000000
     2.04000000    -0.00000000
     2.05000000    -0.00000000
     2.06000000    -0.00000000
     2.07000000    -0.00000000
     2.08000000    -0.00000000
     2.09000000    -0.00000000
     2.10000000    -0.00000000
     2.11000000    -0.00000000
     2.12000000    -0.00000000
     2.13000000    -0.00000000
     2.14000000    -0.00000000
     2.15000000    -0.00000000
     2.16000000    -0.00000000
     2.17000000    -0.00000000
     2.18000000    -0.00000000
     2.19000000    -0.00000000
     2.20000000    -0.00000000
     2.21000000    -0.00000000
     2.22000000    -0.00000000
     2.23000000    -0.00000000
     2.24000000    -0.00000000
     2.25000000    -0.00000000
     2.26000000    -0.00000000
     2.27000000    -0.00000000
     2.28000000    -0.00000000
     2.29000000    -0.00000000
     2.30000000    -0.00000000
     2.31000000    -0.00000000
     2.32000000    -0.00000000
     2.33000000    -0.00000000
     2.34000000    -0.00000000
     2.35000000    -0.00000000
     2.36000000    -0.00000000
     2.37000000    -0.00000000
     2.38000000    -0.00000000
     2.39000000    -0.00000000
     2.40000000    -0.00000000
     2.41000000    -0.00000000
     2.42000000    -0.00000000
     2.43000000    -0.00000000
     2.44000000    -0.00000000
     2.45000000    -0.00000000
     2.46000000    -0.00000000
     2.47000000    -0.00000000
     2.48000000    -0.00000000
     2.49000000    -0.00000000
     2.50000000    -0.00000000
     2.51000000    -0.00000000
     2.52000000    -0.00000000
     2.53000000    -0.00000000
     2.54000000    -0.00000000
     2.55000000    -0.00000000
     2.56000000    -0.00000000
     2.57000000    -0.00000000
     2.58000000    -0.00000000
     2.59000000    -0.00000000
     2.60000000    -0.00000000
     2.61000000    -0.00000000
     2.62000000    -0.00000000
     2.63000000    -0.00000000
     2.64000000    -0.00000000
     2.65000000    -0.00000000
     2.66000000    -0.00000000
     2.67000000    -0.00000000
     2.68000000    -0.00000000
     2.69000000    -0.00000000
     2.70000000    -0.00000001
     2.71000000    -0.00000001
     2.72000000    -0.00000001
     2.73000000    -0.00000001
     2.74000000    -0.00000001
     2.75000000    -0.00000001
     2.76000000    -0.00000001
     2.77000000    -0.00000001
     2.78000000    -0.00000001
     2.79000000    -0.00000001
     2.80000000    -0.00000001
     2.81000000    -0.00000001
     2.82000000    -0.00000001
     2.83000000    -0.00000001
     2.84000000    -0.00000001
     2.85000000    -0.00000001
     2.86000000    -0.00000001
     2.87000000    -0.00000001
     2.88000000    -0.00000001
     2.89000000    -0.00000001
     2.90000000    -0.00000001
     2.91000000    -0.00000001
     2.92000000    -0.00000001
     2.93000000    -0.00000001
     2.94000000    -0.00000001
     2.95000000    -0.00000001
     2.96000000    -0.00000001
     2.97000000    -0.00000001
     2.98000000    -0.00000001
     2.99000000    -0.00000001
     3.00000000    -0.00000001
     3.01000000    -0.00000001
     3.02000000    -0.00000001
     3.03000000    -0.00000001
     3.04000000    -0.00000002
     3.05000000    -0.00000002
     3.06000000    -0.00000002
     3.07000000    -0.00000002
     3.08000000    -0.00000002
     3.09000000    -0.00000002
     3.10000000    -0.00000002
     3.11000000    -0.00000002
     3.12000000    -0.00000002
     3.13000000    -0.00000002
     3.14000000    -0.00000002
     3.15000000    -0.00000002
     3.16000000    -0.00000002
     3.17000000    -0.00000002
     3.18000000    -0.00000002
     3.19000000    -0.00000002
     3.20000000    -0.00000002
     3.21000000    -0.00000002
     3.22000000    -0.00000003
     3.23000000    -0.00000003
     3.24000000    -0.00000003
     3.25000000    -0.00000003
     3.26000000    -0.00000003
     3.27000000    -0.00000003
     3.28000000    -0.00000003
     3.29000000    -0.00000003
     3.30000000    -0.00000003
     3.31000000    -0.00000003
     3.32000000    -0.00000003
     3.33000000    -0.00000003
     3.34000000    -0.00000003
     3.35000000    -0.00000004
     3.36000000    -0.00000004
     3.37000000    -0.00000004
     3.38000000    -0.00000004
     3.39000000    -0.00000004
     3.40000000    -0.00000004
     3.41000000    -0.00000004
     3.42000000    -0.00000004
     3.43000000    -0.00000004
     3.44000000    -0.00000005
     3.45000000    -0.00000005
     3.46000000    -0.00000005
     3.47000000    -0.00000005
     3.48000000    -0.00000005
     3.49000000    -0.00000005
     3.50000000    -0.00000005
     3.51000000    -0.00000005
     3.52000000    -0.00000006
     3.53000000    -0.00000006
     3.54000000    -0.00000006
     3.55000000    -0.00000006
     3.56000000    -0.00000006
     3.57000000    -0.00000006
     3.58000000    -0.00000006
     3.59000000    -0.00000007
     3.60000000    -0.00000007
     3.61000000    -0.00000007
     3.62000000    -0.00000007
     3.63000000    -0.00000007
     3.64000000    -0.00000007
     3.65000000    -0.00000008
     3.66000000    -0.00000008
     3.67000000    -0.00000008
     3.68000000    -0.00000008
     3.69000000    -0.00000008
     3.70000000    -0.00000008
     3.71000000    -0.00000009
     3.72000000    -0.00000009
     3.73000000    -0.00000009
     3.74000000    -0.00000009
     3.75000000    -0.00000009
     3.76000000    -0.00000010
     3.77000000    -0.00000010
     3.78000000    -0.00000010
     3.79000000    -0.00000010
     3.80000000    -0.00000011
     3.81000000    -0.00000011
     3.82000000    -0.00000011
     3.83000000    -0.00000011
     3.84000000    -0.00000012
     3.85000000    -0.00000012
     3.86000000    -0.00000012
     3.87000000    -0.00000012
     3.88000000    -0.00000013
     3.89000000    -0.00000013
     3.90000000    -0.00000013
     3.91000000    -0.00000013
     3.92000000    -0.00000014
     3.93000000    -0.00000014
     3.94000000    -0.00000014
     3.95000000    -0.00000015
     3.96000000    -0.00000015
     3.97000000    -0.00000015
     3.98000000    -0.00000016
     3.99000000    -0.00000016
     4.00000000    -0.00000016
     4.01000000    -0.00000017
     4.02000000    -0.00000017
     4.03000000    -0.00000017
     4.04000000    -0.00000018
     4.05000000    -0.00000018
     4.06000000    -0.00000018
     4.07000000    -0.00000019
     4.08000000    -0.00000019
     4.09000000    -0.00000019
     4.10000000    -0.00000020
     4.11000000    -0.00000020
     4.12000000    -0.00000021
     4.13000000    -0.00000021
     4.14000000    -0.00000021
     4.15000000    -0.00000022
     4.16000000    -0.00000022
     4.17000000    -0.00000023
     4.18000000    -0.00000023
     4.19000000    -0.00000024
     4.20000000    -0.00000024
     4.21000000    -0.00000024
     4.22000000    -0.00000025
     4.23000000    -0.00000025
     4.24000000    -0.00000026
     4.25000000    -0.00000026
     4.26000000    -0.00000027
     4.27000000    -0.00000027
     4.28000000    -0.00000028
     4.29000000    -0.00000028
     4.30000000    -0.00000029
     4.31000000    -0.00000030
     4.32000000    -0.00000030
     4.33000000    -0.00000031
     4.34000000    -0.00000031
     4.35000000    -0.00000032
     4.36000000    -0.00000032
     4.37000000    -0.00000033
     4.38000000    -0.00000033
     4.39000000    -0.00000034
     4.40000000    -0.00000035
     4.41000000    -0.00000035
     4.42000000    -0.00000036
     4.43000000    -0.00000037
     4.44000000    -0.00000037
     4.45000000    -0.00000038
     4.46000000    -0.00000039
     4.47000000    -0.00000039
     4.48000000    -0.00000040
     4.49000000    -0.00000041
     4.50000000    -0.00000041
     4.51000000    -0.00000042
     4.52000000    -0.00000043
     4.53000000    -0.00000043
     4.54000000    -0.00000044
     4.55000000    -0.00000045
     4.56000000    -0.00000046
     4.57000000    -0.00000046
     4.58000000    -0.00000047
     4.59000000    -0.00000048
     4.60000000    -0.00000049
     4.61000000    -0.00000050
     4.62000000    -0.00000050
     4.63000000    -0.00000051
     4.64000000    -0.00000052
     4.65000000    -0.00000053
     4.66000000    -0.00000054
     4.67000000    -0.00000055
     4.68000000    -0.00000056
     4.69000000    -0.00000056
     4.70000000    -0.00000057
     4.71000000    -0.00000058
     4.72000000    -0.00000059
     4.73000000    -0.00000060
     4.74000000    -0.00000061
     4.75000000    -0.00000062
     4.76000000    -0.00000063
     4.77000000    -0.00000064
     4.78000000    -0.00000065
     4.79000000    -0.00000066
     4.80000000    -0.00000067
     4.81000000    -0.00000068
     4.82000000    -0.00000069
     4.83000000    -0.00000070
     4.84000000    -0.00000071
     4.85000000    -0.00000072
     4.86000000    -0.00000073
     4.87000000    -0.00000074
     4.88000000    -0.00000075
     4.89000000    -0.00000077
     4.90000000    -0.00000078
     4.91000000    -0.00000079
     4.92000000    -0.00000080
     4.93000000    -0.00000081
     4.94000000    -0.00000082
     4.95000000    -0.00000084
     4.96000000    -0.00000085
     4.97000000    -0.00000086
     4.98000000    -0.00000087
     4.99000000    -0.00000088
     5.00000000    -0.00000090
     5.01000000    -0.00000091
     5.02000000    -0.00000092
     5.03000000    -0.00000094
     5.04000000    -0.00000095
     5.05000000    -0.00000096
     5.06000000    -0.00000098
     5.07000000    -0.00000099
     5.08000000    -0.00000100
     5.09000000    -0.00000102
     5.10000000    -0.00000103
     5.11000000    -0.00000104
     5.12000000    -0.00000106
     5.13000000    -0.00000107
     5.14000000    -0.00000109
     5.15000000    -0.00000110
     5.16000000    -0.00000112
     5.17000000    -0.00000113
     5.18000000    -0.00000115
     5.19000000    -0.00000116
     5.20000000    -0.00000118
     5.21000000    -0.00000119
     5.22000000    -0.00000121
     5.23000000    -0.00000122
     5.24000000    -0.00000124
     5.25000000    -0.00000126
     5.26000000    -0.00000127
     5.27000000    -0.00000129
     5.28000000    -0.00000130
     5.29000000    -0.00000132
     5.30000000    -0.00000134
     5.31000000    -0.00000135
     5.32000000    -0.00000137
     5.33000000    -0.00000139
     5.34000000    -0.00000140
     5.35000000    -0.00000142
     5.36000000    -0.00000144
     5.37000000    -0.00000146
     5.38000000    -0.00000147
     5.39000000    -0.00000149
     5.40000000    -0.00000151
     5.41000000    -0.00000153
     5.42000000    -0.00000155
     5.43000000    -0.00000157
     5.44000000    -0.00000158
     5.45000000    -0.00000160
     5.46000000    -0.00000162
     5.47000000    -0.00000164
     5.48000000    -0.00000166
     5.49000000    -0.00000168
     5.50000000    -0.00000170
     5.51000000    -0.00000172
     5.52000000    -0.00000174
     5.53000000    -0.00000176
     5.54000000    -0.00000178
     5.55000000    -0.00000180
     5.56000000    -0.00000182
     5.57000000    -0.00000184
     5.58000000    -0.00000186
     5.59000000    -0.00000188
     5.60000000    -0.00000190
     5.61000000    -0.00000192
     5.62000000    -0.00000194
     5.63000000    -0.00000196
     5.64000000    -0.00000199
     5.65000000    -0.00000201
     5.66000000    -0.00000203
     5.67000000    -0.00000205
     5.68000000    -0.00000207
     5.69000000    -0.00000209
     5.70000000    -0.00000212
     5.71000000    -0.00000214
     5.72000000    -0.00000216
     5.73000000    -0.00000218
     5.74000000    -0.00000221
     5.75000000    -0.00000223
     5.76000000    -0.00000225
     5.77000000    -0.00000228
     5.78000000    -0.00000230
     5.79000000    -0.00000232
     5.80000000    -0.00000235
     5.81000000    -0.00000237
     5.82000000    -0.00000239
     5.83000000    -0.00000242
     5.84000000    -0.00000244
     5.85000000    -0.00000246
     5.86000000    -0.00000249
     5.87000000    -0.00000251
     5.88000000    -0.00000254
     5.89000000    -0.00000256
     5.90000000    -0.00000259
     5.91000000    -0.00000261
     5.92000000    -0.00000264
     5.93000000    -0.00000266
     5.94000000    -0.00000269
     5.95000000    -0.00000271
     5.96000000    -0.00000274
     5.97000000    -0.00000276
     5.98000000    -0.00000279
     5.99000000    -0.00000281
     6.00000000    -0.00000284
     6.01000000    -0.00000287
     6.02000000    -0.00000289
     6.03000000    -0.00000292
     6.04000000    -0.00000294
     6.05000000    -0.00000297
     6.06000000    -0.00000300
     6.07000000    -0.00000302
     6.08000000    -0.00000305
     6.09000000    -0.00000308
     6.10000000    -0.00000310
     6.11000000    -0.00000313
     6.12000000    -0.00000316
     6.13000000    -0.00000319
     6.14000000    -0.00000321
     6.15000000    -0.00000324
     6.16000000    -0.00000327
     6.17000000    -0.00000329
     6.18000000    -0.00000332
     6.19000000    -0.00000335
     6.20000000    -0.00000338
     6.21000000    -0.00000341
     6.22000000    -0.00000343
     6.23000000    -0.00000346
     6.24000000    -0.00000349
     6.25000000    -0.00000352
     6.26000000    -0.00000355
     6.27000000    -0.00000358
     6.28000000    -0.00000360
     6.29000000    -0.00000363
     6.30000000    -0.00000366
     6.31000000    -0.00000369
     6.32000000    -0.00000372
     6.33000000    -0.00000375
     6.34000000    -0.00000378
     6.35000000    -0.00000380
     6.36000000    -0.00000383
     6.37000000    -0.00000386
     6.38000000    -0.00000389
     6.39000000    -0.00000392
     6.40000000    -0.00000395
     6.41000000    -0.00000398
     6.42000000    -0.00000401
     6.43000000    -0.00000404
     6.44000000    -0.00000407
     6.45000000    -0.00000410
     6.46000000    -0.00000413
     6.47000000    -0.00000416
     6.48000000    -0.00000419
     6.49000000    -0.00000422
     6.50000000    -0.00000425
     6.51000000    -0.00000428
     6.52000000    -0.00000431
     6.53000000    -0.00000434
     6.54000000    -0.00000437
     6.55000000    -0.00000440
     6.56000000    -0.00000443
     6.57000000    -0.00000446
     6.58000000    -0.00000449
     6.59000000    -0.00000452
     6.60000000    -0.00000455
     6.61000000    -0.00000458
     6.62000000    -0.00000461
     6.63000000    -0.00000464
     6.64000000    -0.00000467
     6.65000000    -0.00000470
     6.66000000    -0.00000473
     6.67000000    -0.00000476
     6.68000000    -0.00000479
     6.69000000    -0.00000482
     6.70000000    -0.00000485
     6.71000000    -0.00000488
     6.72000000    -0.00000491
     6.73000000    -0.00000494
     6.74000000    -0.00000497
     6.75000000    -0.00000500
     6.76000000    -0.00000503
     6.77000000    -0.00000506
     6.78000000    -0.00000510
     6.79000000    -0.00000513
     6.80000000    -0.00000516
     6.81000000    -0.00000519
     6.82000000    -0.00000522
     6.83000000    -0.00000525
     6.84000000    -0.00000528
     6.85000000    -0.00000531
     6.86000000    -0.00000534
     6.87000000    -0.00000537
     6.88000000    -0.00000540
     6.89000000    -0.00000543
     6.90000000    -0.00000546
     6.91000000    -0.00000550
     6.92000000    -0.00000553
     6.93000000    -0.00000556
     6.94000000    -0.00000559
     6.95000000    -0.00000562
     6.96000000    -0.00000565
     6.97000000    -0.00000568
     6.98000000    -0.00000571
     6.99000000    -0.00000574
     7.00000000    -0.00000577
     7.01000000    -0.00000581
     7.02000000    -0.00000584
     7.03000000    -0.00000587
     7.04000000    -0.00000590
     7.05000000    -0.00000593
     7.06000000    -0.00000596
     7.07000000    -0.00000599
     7.08000000    -0.00000602
     7.09000000    -0.00000605
     7.10000000    -0.00000608
     7.11000000    -0.00000612
     7.12000000    -0.00000615
     7.13000000    -0.00000618
     7.14000000    -0.00000621
     7.15000000    -0.00000624
     7.16000000    -0.00000627
     7.17000000    -0.00000630
     7.18000000    -0.00000633
     7.19000000    -0.00000637
     7.20000000    -0.00000640
     7.21000000    -0.00000643
     7.22000000    -0.00000646
     7.23000000    -0.00000649
     7.24000000    -0.00000652
     7.25000000    -0.00000655
     7.26000000    -0.00000659
     7.27000000    -0.00000662
     7.28000000    -0.00000665
     7.29000000    -0.00000668
     7.30000000    -0.00000671
     7.31000000    -0.00000674
     7.32000000    -0.00000677
     7.33000000    -0.00000681
     7.34000000    -0.00000684
     7.35000000    -0.00000687
     7.36000000    -0.00000690
     7.37000000    -0.00000693
     7.38000000    -0.00000697
     7.39000000    -0.00000700
     7.40000000    -0.00000703
     7.41000000    -0.00000706
     7.42000000    -0.00000710
     7.43000000    -0.00000713
     7.44000000    -0.00000716
     7.45000000    -0.00000719
     7.46000000    -0.00000723
     7.47000000    -0.00000726
     7.48000000    -0.00000729
     7.49000000    -0.00000732
     7.50000000    -0.00000736
     7.51000000    -0.00000739
     7.52000000    -0.00000742
     7.53000000    -0.00000746
     7.54000000    -0.00000749
     7.55000000    -0.00000752
     7.56000000    -0.00000756
     7.57000000    -0.00000759
     7.58000000    -0.00000762
     7.59000000    -0.00000766
     7.60000000    -0.00000769
     7.61000000    -0.00000773
     7.62000000    -0.00000776
     7.63000000    -0.00000780
     7.64000000    -0.00000783
     7.65000000    -0.00000787
     7.66000000    -0.00000790
     7.67000000    -0.00000794
     7.68000000    -0.00000797
     7.69000000    -0.00000801
     7.70000000    -0.00000804
     7.71000000    -0.00000808
     7.72000000    -0.00000811
     7.73000000    -0.00000815
     7.74000000    -0.00000819
     7.75000000    -0.00000822
     7.76000000    -0.00000826
     7.77000000    -0.00000830
     7.78000000    -0.00000834
     7.79000000    -0.00000837
     7.80000000    -0.00000841
     7.81000000    -0.00000845
     7.82000000    -0.00000849
     7.83000000    -0.00000853
     7.84000000    -0.00000856
     7.85000000    -0.00000860
     7.86000000    -0.00000864
     7.87000000    -0.00000868
     7.88000000    -0.00000872
     7.89000000    -0.00000876
     7.90000000    -0.00000880
     7.91000000    -0.00000884
     7.92000000    -0.00000888
     7.93000000    -0.00000892
     7.94000000    -0.00000897
     7.95000000    -0.00000901
     7.96000000    -0.00000905
     7.97000000    -0.00000909
     7.98000000    -0.00000913
     7.99000000    -0.00000918
     8.00000000    -0.00000922
     8.01000000    -0.00000926
     8.02000000    -0.00000931
     8.03000000    -0.00000935
     8.04000000    -0.00000940
     8.05000000    -0.00000944
     8.06000000    -0.00000949
     8.07000000    -0.00000953
     8.08000000    -0.00000958
     8.09000000    -0.00000963
     8.10000000    -0.00000968
     8.11000000    -0.00000972
     8.12000000    -0.00000977
     8.13000000    -0.00000982
     8.14000000    -0.00000987
     8.15000000    -0.00000992
     8.16000000    -0.00000997
     8.17000000    -0.00001002
     8.18000000    -0.00001007
     8.19000000    -0.00001012
     8.20000000    -0.00001017
     8.21000000    -0.00001022
     8.22000000    -0.00001028
     8.23000000    -0.00001033
     8.24000000    -0.00001038
     8.25000000    -0.00001044
     8.26000000    -0.00001049
     8.27000000    -0.00001055
     8.28000000    -0.00001060
     8.29000000    -0.00001066
     8.30000000    -0.00001072
     8.31000000    -0.00001077
     8.32000000    -0.00001083
     8.33000000    -0.00001089
     8.34000000    -0.00001095
     8.35000000    -0.00001101
     8.36000000    -0.00001107
     8.37000000    -0.00001113
     8.38000000    -0.00001119
     8.39000000    -0.00001126
     8.40000000    -0.00001132
     8.41000000    -0.00001138
     8.42000000    -0.00001145
     8.43000000    -0.00001151
     8.44000000    -0.00001158
     8.45000000    -0.00001164
     8.46000000    -0.00001171
     8.47000000    -0.00001178
     8.48000000    -0.00001185
     8.49000000    -0.00001192
     8.50000000    -0.00001198
     8.51000000    -0.00001206
     8.52000000    -0.00001213
     8.53000000    -0.00001220
     8.54000000    -0.00001227
     8.55000000    -0.00001235
     8.56000000    -0.00001242
     8.57000000    -0.00001249
     8.58000000    -0.00001257
     8.59000000    -0.00001265
     8.60000000    -0.00001273
     8.61000000    -0.00001280
     8.62000000    -0.00001288
     8.63000000    -0.00001296
     8.64000000    -0.00001304
     8.65000000    -0.00001313
     8.66000000    -0.00001321
     8.67000000    -0.00001329
     8.68000000    -0.00001338
     8.69000000    -0.00001346
     8.70000000    -0.00001355
     8.71000000    -0.00001364
     8.72000000    -0.00001372
     8.73000000    -0.00001381
     8.74000000    -0.00001390
     8.75000000    -0.00001399
     8.76000000    -0.00001409
     8.77000000    -0.00001418
     8.78000000    -0.00001427
     8.79000000    -0.00001437
     8.80000000    -0.00001446
     8.81000000    -0.00001456
     8.82000000    -0.00001466
     8.83000000    -0.00001476
     8.84000000    -0.00001486
     8.85000000    -0.00001496
     8.86000000    -0.00001506
     8.87000000    -0.00001516
     8.88000000    -0.00001527
     8.89000000    -0.00001537
     8.90000000    -0.00001548
     8.91000000    -0.00001559
     8.92000000    -0.00001570
     8.93000000    -0.00001581
     8.94000000    -0.00001592
     8.95000000    -0.00001603
     8.96000000    -0.00001615
     8.97000000    -0.00001626
     8.98000000    -0.00001638
     8.99000000    -0.00001649
     9.00000000    -0.00001661
     9.01000000    -0.00001673
     9.02000000    -0.00001685
     9.03000000    -0.00001698
     9.04000000    -0.00001710
     9.05000000    -0.00001722
     9.06000000    -0.00001735
     9.07000000    -0.00001748
     9.08000000    -0.00001761
     9.09000000    -0.00001774
     9.10000000    -0.00001787
     9.11000000    -0.00001800
     9.12000000    -0.00001814
     9.13000000    -0.00001827
     9.14000000    -0.00001841
     9.15000000    -0.00001855
     9.16000000    -0.00001869
     9.17000000    -0.00001883
     9.18000000    -0.00001897
     9.19000000    -0.00001912
     9.20000000    -0.00001926
     9.21000000    -0.00001941
     9.22000000    -0.00001956
     9.23000000    -0.00001971
     9.24000000    -0.00001986
     9.25000000    -0.00002001
     9.26000000    -0.00002017
     9.27000000    -0.00002032
     9.28000000    -0.00002048
     9.29000000    -0.00002064
     9.30000000    -0.00002080
     9.31000000    -0.00002097
     9.32000000    -0.00002113
     9.33000000    -0.00002130
     9.34000000    -0.00002147
     9.35000000    -0.00002164
     9.36000000    -0.00002181
     9.37000000    -0.00002198
     9.38000000    -0.00002215
     9.39000000    -0.00002233
     9.40000000    -0.00002251
     9.41000000    -0.00002269
     9.42000000    -0.00002287
     9.43000000    -0.00002306
     9.44000000    -0.00002324
     9.45000000    -0.00002343
     9.46000000    -0.00002362
     9.47000000    -0.00002381
     9.48000000    -0.00002400
     9.49000000    -0.00002420
     9.50000000    -0.00002439
     9.51000000    -0.00002459
     9.52000000    -0.00002479
     9.53000000    -0.00002500
     9.54000000    -0.00002520
     9.55000000    -0.00002541
     9.56000000    -0.00002562
     9.57000000    -0.00002583
     9.58000000    -0.00002604
     9.59000000    -0.00002625
     9.60000000    -0.00002647
     9.61000000    -0.00002669
     9.62000000    -0.00002691
     9.63000000    -0.00002713
     9.64000000    -0.00002736
     9.65000000    -0.00002759
     9.66000000    -0.00002782
     9.67000000    -0.00002805
     9.68000000    -0.00002828
     9.69000000    -0.00002852
     9.70000000    -0.00002876
     9.71000000    -0.00002900
     9.72000000    -0.00002924
     9.73000000    -0.00002949
     9.74000000    -0.00002974
     9.75000000    -0.00002999
     9.76000000    -0.00003024
     9.77000000    -0.00003049
     9.78000000    -0.00003075
     9.79000000    -0.00003101
     9.80000000    -0.00003127
     9.81000000    -0.00003154
     9.82000000    -0.00003181
     9.83000000    -0.00003207
     9.84000000    -0.00003235
     9.85000000    -0.00003262
     9.86000000    -0.00003290
     9.87000000    -0.00003318
     9.88000000    -0.00003346
     9.89000000    -0.00003375
     9.90000000    -0.00003403
     9.91000000    -0.00003433
     9.92000000    -0.00003462
     9.93000000    -0.00003491
     9.94000000    -0.00003521
     9.95000000    -0.00003551
     9.96000000    -0.00003582
     9.97000000    -0.00003612
     9.98000000    -0.00003643
     9.99000000    -0.00003675
    10.00000000    -0.00003706
    10.01000000    -0.00003738
    10.02000000    -0.00003770
    10.03000000    -0.00003803
    10.04000000    -0.00003835
    10.05000000    -0.00003868
    10.06000000    -0.00003902
    10.07000000    -0.00003935
    10.08000000    -0.00003969
    10.09000000    -0.00004003
    10.10000000    -0.00004038
    10.11000000    -0.00004073
    10.12000000    -0.00004108
    10.13000000    -0.00004143
    10.14000000    -0.00004179
    10.15000000    -0.00004215
    10.16000000    -0.00004252
    10.17000000    -0.00004288
    10.18000000    -0.00004325
    10.19000000    -0.00004363
    10.20000000    -0.00004400
    10.21000000    -0.00004439
    10.22000000    -0.00004477
    10.23000000    -0.00004516
    10.24000000    -0.00004555
    10.25000000    -0.00004594
    10.26000000    -0.00004634
    10.27000000    -0.00004674
    10.28000000    -0.00004715
    10.29000000    -0.00004755
    10.30000000    -0.00004797
    10.31000000    -0.00004838
    10.32000000    -0.00004880
    10.33000000    -0.00004922
    10.34000000    -0.00004965
    10.35000000    -0.00005008
    10.36000000    -0.00005051
    10.37000000    -0.00005095
    10.38000000    -0.00005139
    10.39000000    -0.00005184
    10.40000000    -0.00005229
    10.41000000    -0.00005274
    10.42000000    -0.00005320
    10.43000000    -0.00005366
    10.44000000    -0.00005412
    10.45000000    -0.00005459
    10.46000000    -0.00005507
    10.47000000    -0.00005554
    10.48000000    -0.00005602
    10.49000000    -0.00005651
    10.50000000    -0.00005700
    10.51000000    -0.00005749
    10.52000000    -0.00005799
    10.53000000    -0.00005849
    10.54000000    -0.00005900
    10.55000000    -0.00005951
    10.56000000    -0.00006002
    10.57000000    -0.00006054
    10.58000000    -0.00006107
    10.59000000    -0.00006159
    10.60000000    -0.00006213
    10.61000000    -0.00006266
    10.62000000    -0.00006320
    10.63000000    -0.00006375
    10.64000000    -0.00006430
    10.65000000    -0.00006486
    10.66000000    -0.00006542
    10.67000000    -0.00006598
    10.68000000    -0.00006655
    10.69000000    -0.00006712
    10.70000000    -0.00006770
    10.71000000    -0.00006829
    10.72000000    -0.00006887
    10.73000000    -0.00006947
    10.74000000    -0.00007007
    10.75000000    -0.00007067
    10.76000000    -0.00007128
    10.77000000    -0.00007189
    10.78000000    -0.00007251
    10.79000000    -0.00007313
    10.80000000    -0.00007376
    10.81000000    -0.00007439
    10.82000000    -0.00007503
    10.83000000    -0.00007568
    10.84000000    -0.00007633
    10.85000000    -0.00007698
    10.86000000    -0.00007764
    10.87000000    -0.00007831
    10.88000000    -0.00007898
    10.89000000    -0.00007965
    10.90000000    -0.00008034
    10.91000000    -0.00008102
    10.92000000    -0.00008172
    10.93000000    -0.00008241
    10.94000000    -0.00008312
    10.95000000    -0.00008383
    10.96000000    -0.00008454
    10.97000000    -0.00008527
    10.98000000    -0.00008599
    10.99000000    -0.00008673
    11.00000000    -0.00008747
    11.01000000    -0.00008821
    11.02000000    -0.00008896
    11.03000000    -0.00008972
    11.04000000    -0.00009048
    11.05000000    -0.00009125
    11.06000000    -0.00009203
    11.07000000    -0.00009281
    11.08000000    -0.00009359
    11.09000000    -0.00009439
    11.10000000    -0.00009519
    11.11000000    -0.00009600
    11.12000000    -0.00009681
    11.13000000    -0.00009763
    11.14000000    -0.00009845
    11.15000000    -0.00009929
    11.16000000    -0.00010013
    11.17000000    -0.00010097
    11.18000000    -0.00010182
    11.19000000    -0.00010268
    11.20000000    -0.00010355
    11.21000000    -0.00010442
    11.22000000    -0.00010530
    11.23000000    -0.00010619
    11.24000000    -0.00010708
    11.25000000    -0.00010798
    11.26000000    -0.00010889
    11.27000000    -0.00010980
    11.28000000    -0.00011072
    11.29000000    -0.00011165
    11.30000000    -0.00011259
    11.31000000    -0.00011353
    11.32000000    -0.00011448
    11.33000000    -0.00011544
    11.34000000    -0.00011640
    11.35000000    -0.00011738
    11.36000000    -0.00011836
    11.37000000    -0.00011934
    11.38000000    -0.00012034
    11.39000000    -0.00012134
    11.40000000    -0.00012235
    11.41000000    -0.00012337
    11.42000000    -0.00012440
    11.43000000    -0.00012543
    11.44000000    -0.00012648
    11.45000000    -0.00012753
    11.46000000    -0.00012858
    11.47000000    -0.00012965
    11.48000000    -0.00013072
    11.49000000    -0.00013181
    11.50000000    -0.00013290
    11.51000000    -0.00013400
    11.52000000    -0.00013510
    11.53000000    -0.00013622
    11.54000000    -0.00013734
    11.55000000    -0.00013848
    11.56000000    -0.00013962
    11.57000000    -0.00014077
    11.58000000    -0.00014193
    11.59000000    -0.00014310
    11.60000000    -0.00014427
    11.61000000    -0.00014546
    11.62000000    -0.00014665
    11.63000000    -0.00014785
    11.64000000    -0.00014907
    11.65000000    -0.00015029
    11.66000000    -0.00015152
    11.67000000    -0.00015276
    11.68000000    -0.00015401
    11.69000000    -0.00015526
    11.70000000    -0.00015653
    11.71000000    -0.00015781
    11.72000000    -0.00015910
    11.73000000    -0.00016039
    11.74000000    -0.00016170
    11.75000000    -0.00016301
    11.76000000    -0.00016434
    11.77000000    -0.00016567
    11.78000000    -0.00016702
    11.79000000    -0.00016837
    11.80000000    -0.00016974
    11.81000000    -0.00017111
    11.82000000    -0.00017250
    11.83000000    -0.00017389
    11.84000000    -0.00017530
    11.85000000    -0.00017671
    11.86000000    -0.00017814
    11.87000000    -0.00017957
    11.88000000    -0.00018102
    11.89000000    -0.00018248
    11.90000000    -0.00018395
    11.91000000    -0.00018543
    11.92000000    -0.00018692
    11.93000000    -0.00018842
    11.94000000    -0.00018993
    11.95000000    -0.00019145
    11.96000000    -0.00019299
    11.97000000    -0.00019453
    11.98000000    -0.00019609
    11.99000000    -0.00019765
    12.00000000    -0.00019923
    12.01000000    -0.00020082
    12.02000000    -0.00020242
    12.03000000    -0.00020404
    12.04000000    -0.00020566
    12.05000000    -0.00020730
    12.06000000    -0.00020895
    12.07000000    -0.00021061
    12.08000000    -0.00021228
    12.09000000    -0.00021396
    12.10000000    -0.00021566
    12.11000000    -0.00021737
    12.12000000    -0.00021909
    12.13000000    -0.00022082
    12.14000000    -0.00022256
    12.15000000    -0.00022432
    12.16000000    -0.00022609
    12.17000000    -0.00022788
    12.18000000    -0.00022967
    12.19000000    -0.00023148
    12.20000000    -0.00023330
    12.21000000    -0.00023513
    12.22000000    -0.00023698
    12.23000000    -0.00023884
    12.24000000    -0.00024071
    12.25000000    -0.00024260
    12.26000000    -0.00024450
    12.27000000    -0.00024641
    12.28000000    -0.00024834
    12.29000000    -0.00025028
    12.30000000    -0.00025223
    12.31000000    -0.00025420
    12.32000000    -0.00025618
    12.33000000    -0.00025818
    12.34000000    -0.00026019
    12.35000000    -0.00026221
    12.36000000    -0.00026425
    12.37000000    -0.00026630
    12.38000000    -0.00026836
    12.39000000    -0.00027045
    12.40000000    -0.00027254
    12.41000000    -0.00027465
    12.42000000    -0.00027677
    12.43000000    -0.00027891
    12.44000000    -0.00028107
    12.45000000    -0.00028323
    12.46000000    -0.00028542
    12.47000000    -0.00028762
    12.48000000    -0.00028983
    12.49000000    -0.00029206
    12.50000000    -0.00029431
    12.51000000    -0.00029657
    12.52000000    -0.00029884
    12.53000000    -0.00030113
    12.54000000    -0.00030344
    12.55000000    -0.00030576
    12.56000000    -0.00030810
    12.57000000    -0.00031046
    12.58000000    -0.00031283
    12.59000000    -0.00031522
    12.60000000    -0.00031762
    12.61000000    -0.00032004
    12.62000000    -0.00032248
    12.63000000    -0.00032493
    12.64000000    -0.00032740
    12.65000000    -0.00032989
    12.66000000    -0.00033239
    12.67000000    -0.00033491
    12.68000000    -0.00033745
    12.69000000    -0.00034000
    12.70000000    -0.00034258
    12.71000000    -0.00034517
    12.72000000    -0.00034777
    12.73000000    -0.00035040
    12.74000000    -0.00035304
    12.75000000    -0.00035570
    12.76000000    -0.00035838
    12.77000000    -0.00036108
    12.78000000    -0.00036379
    12.79000000    -0.00036652
    12.80000000    -0.00036928
    12.81000000    -0.00037205
    12.82000000    -0.00037483
    12.83000000    -0.00037764
    12.84000000    -0.00038047
    12.85000000    -0.00038331
    12.86000000    -0.00038617
    12.87000000    -0.00038906
    12.88000000    -0.00039196
    12.89000000    -0.00039488
    12.90000000    -0.00039782
    12.91000000    -0.00040078
    12.92000000    -0.00040376
    12.93000000    -0.00040676
    12.94000000    -0.00040978
    12.95000000    -0.00041282
    12.96000000    -0.00041588
    12.97000000    -0.00041896
    12.98000000    -0.00042206
    12.99000000    -0.00042518
    13.00000000    -0.00042832
    13.01000000    -0.00043149
    13.02000000    -0.00043467
    13.03000000    -0.00043787
    13.04000000    -0.00044110
    13.05000000    -0.00044434
    13.06000000    -0.00044761
    13.07000000    -0.00045090
    13.08000000    -0.00045421
    13.09000000    -0.00045754
    13.10000000    -0.00046090
    13.11000000    -0.00046427
    13.12000000    -0.00046767
    13.13000000    -0.00047109
    13.14000000    -0.00047453
    13.15000000    -0.00047800
    13.16000000    -0.00048149
    13.17000000    -0.00048500
    13.18000000    -0.00048853
    13.19000000    -0.00049209
    13.20000000    -0.00049566
    13.21000000    -0.00049927
    13.22000000    -0.00050289
    13.23000000    -0.00050654
    13.24000000    -0.00051021
    13.25000000    -0.00051391
    13.26000000    -0.00051763
    13.27000000    -0.00052137
    13.28000000    -0.00052514
    13.29000000    -0.00052893
    13.30000000    -0.00053275
    13.31000000    -0.00053659
    13.32000000    -0.00054046
    13.33000000    -0.00054435
    13.34000000    -0.00054826
    13.35000000    -0.00055220
    13.36000000    -0.00055617
    13.37000000    -0.00056016
    13.38000000    -0.00056417
    13.39000000    -0.00056822
    13.40000000    -0.00057228
    13.41000000    -0.00057638
    13.42000000    -0.00058050
    13.43000000    -0.00058464
    13.44000000    -0.00058882
    13.45000000    -0.00059302
    13.46000000    -0.00059724
    13.47000000    -0.00060149
    13.48000000    -0.00060577
    13.49000000    -0.00061008
    13.50000000    -0.00061441
    13.51000000    -0.00061877
    13.52000000    -0.00062316
    13.53000000    -0.00062758
    13.54000000    -0.00063202
    13.55000000    -0.00063649
    13.56000000    -0.00064099
    13.57000000    -0.00064552
    13.58000000    -0.00065008
    13.59000000    -0.00065466
    13.60000000    -0.00065927
    13.61000000    -0.00066392
    13.62000000    -0.00066859
    13.63000000    -0.00067329
    13.64000000    -0.00067802
    13.65000000    -0.00068278
    13.66000000    -0.00068757
    13.67000000    -0.00069239
    13.68000000    -0.00069724
    13.69000000    -0.00070212
    13.70000000    -0.00070703
    13.71000000    -0.00071197
    13.72000000    -0.00071694
    13.73000000    -0.00072194
    13.74000000    -0.00072697
    13.75000000    -0.00073203
    13.76000000    -0.00073713
    13.77000000    -0.00074225
    13.78000000    -0.00074741
    13.79000000    -0.00075260
    13.80000000    -0.00075782
    13.81000000    -0.00076308
    13.82000000    -0.00076836
    13.83000000    -0.00077368
    13.84000000    -0.00077903
    13.85000000    -0.00078442
    13.86000000    -0.00078984
    13.87000000    -0.00079529
    13.88000000    -0.00080077
    13.89000000    -0.00080629
    13.90000000    -0.00081184
    13.91000000    -0.00081742
    13.92000000    -0.00082304
    13.93000000    -0.00082869
    13.94000000    -0.00083438
    13.95000000    -0.00084010
    13.96000000    -0.00084586
    13.97000000    -0.00085165
    13.98000000    -0.00085748
    13.99000000    -0.00086334
    14.00000000    -0.00086924
    14.01000000    -0.00087517
    14.02000000    -0.00088114
    14.03000000    -0.00088715
    14.04000000    -0.00089319
    14.05000000    -0.00089927
    14.06000000    -0.00090538
    14.07000000    -0.00091154
    14.08000000    -0.00091772
    14.09000000    -0.00092395
    14.10000000    -0.00093021
    14.11000000    -0.00093652
    14.12000000    -0.00094285
    14.13000000    -0.00094923
    14.14000000    -0.00095565
    14.15000000    -0.00096210
    14.16000000    -0.00096859
    14.17000000    -0.00097512
    14.18000000    -0.00098169
    14.19000000    -0.00098830
    14.20000000    -0.00099495
    14.21000000    -0.00100164
    14.22000000    -0.00100837
    14.23000000    -0.00101513
    14.24000000    -0.00102194
    14.25000000    -0.00102879
    14.26000000    -0.00103568
    14.27000000    -0.00104261
    14.28000000    -0.00104958
    14.29000000    -0.00105659
    14.30000000    -0.00106365
    14.31000000    -0.00107074
    14.32000000    -0.00107788
    14.33000000    -0.00108506
    14.34000000    -0.00109228
    14.35000000    -0.00109954
    14.36000000    -0.00110685
    14.37000000    -0.00111420
    14.38000000    -0.00112159
    14.39000000    -0.00112903
    14.40000000    -0.00113651
    14.41000000    -0.00114403
    14.42000000    -0.00115160
    14.43000000    -0.00115921
    14.44000000    -0.00116687
    14.45000000    -0.00117457
    14.46000000    -0.00118232
    14.47000000    -0.00119011
    14.48000000    -0.00119795
    14.49000000    -0.00120583
    14.50000000    -0.00121376
    14.51000000    -0.00122173
    14.52000000    -0.00122975
    14.53000000    -0.00123782
    14.54000000    -0.00124594
    14.55000000    -0.00125410
    14.56000000    -0.00126231
    14.57000000    -0.00127056
    14.58000000    -0.00127887
    14.59000000    -0.00128722
    14.60000000    -0.00129562
    14.61000000    -0.00130407
    14.62000000    -0.00131256
    14.63000000    -0.00132111
    14.64000000    -0.00132970
    14.65000000    -0.00133835
    14.66000000    -0.00134704
    14.67000000    -0.00135579
    14.68000000    -0.00136458
    14.69000000    -0.00137343
    14.70000000    -0.00138232
    14.71000000    -0.00139127
    14.72000000    -0.00140026
    14.73000000    -0.00140931
    14.74000000    -0.00141841
    14.75000000    -0.00142757
    14.76000000    -0.00143677
    14.77000000    -0.00144603
    14.78000000    -0.00145534
    14.79000000    -0.00146470
    14.80000000    -0.00147411
    14.81000000    -0.00148358
    14.82000000    -0.00149311
    14.83000000    -0.00150268
    14.84000000    -0.00151231
    14.85000000    -0.00152200
    14.86000000    -0.00153174
    14.87000000    -0.00154154
    14.88000000    -0.00155139
    14.89000000    -0.00156129
    14.90000000    -0.00157126
    14.91000000    -0.00158127
    14.92000000    -0.00159135
    14.93000000    -0.00160148
    14.94000000    -0.00161167
    14.95000000    -0.00162191
    14.96000000    -0.00163222
    14.97000000    -0.00164258
    14.98000000    -0.00165300
    14.99000000    -0.00166347
    15.00000000    -0.00167401
    15.01000000    -0.00168460
    15.02000000    -0.00169526
    15.03000000    -0.00170597
    15.04000000    -0.00171674
    15.05000000    -0.00172757
    15.06000000    -0.00173847
    15.07000000    -0.00174942
    15.08000000    -0.00176044
    15.09000000    -0.00177151
    15.10000000    -0.00178265
    15.11000000    -0.00179385
    15.12000000    -0.00180511
    15.13000000    -0.00181643
    15.14000000    -0.00182782
    15.15000000    -0.00183927
    15.16000000    -0.00185078
    15.17000000    -0.00186236
    15.18000000    -0.00187400
    15.19000000    -0.00188570
    15.20000000    -0.00189747
    15.21000000    -0.00190930
    15.22000000    -0.00192120
    15.23000000    -0.00193316
    15.24000000    -0.00194519
    15.25000000    -0.00195729
    15.26000000    -0.00196945
    15.27000000    -0.00198168
    15.28000000    -0.00199397
    15.29000000    -0.00200633
    15.30000000    -0.00201876
    15.31000000    -0.00203126
    15.32000000    -0.00204383
    15.33000000    -0.00205646
    15.34000000    -0.00206916
    15.35000000    -0.00208194
    15.36000000    -0.00209478
    15.37000000    -0.00210769
    15.38000000    -0.00212067
    15.39000000    -0.00213372
    15.40000000    -0.00214685
    15.41000000    -0.00216004
    15.42000000    -0.00217331
    15.43000000    -0.00218664
    15.44000000    -0.00220005
    15.45000000    -0.00221354
    15.46000000    -0.00222709
    15.47000000    -0.00224072
    15.48000000    -0.00225442
    15.49000000    -0.00226819
    15.50000000    -0.00228204
    15.51000000    -0.00229597
    15.52000000    -0.00230997
    15.53000000    -0.00232404
    15.54000000    -0.00233819
    15.55000000    -0.00235241
    15.56000000    -0.00236671
    15.57000000    -0.00238109
    15.58000000    -0.00239555
    15.59000000    -0.00241008
    15.60000000    -0.00242469
    15.61000000    -0.00243938
    15.62000000    -0.00245414
    15.63000000    -0.00246899
    15.64000000    -0.00248391
    15.65000000    -0.00249891
    15.66000000    -0.00251400
    15.67000000    -0.00252916
    15.68000000    -0.00254440
    15.69000000    -0.00255973
    15.70000000    -0.00257513
    15.71000000    -0.00259062
    15.72000000    -0.00260619
    15.73000000    -0.00262184
    15.74000000    -0.00263757
    15.75000000    -0.00265339
    15.76000000    -0.00266929
    15.77000000    -0.00268528
    15.78000000    -0.00270134
    15.79000000    -0.00271750
    15.80000000    -0.00273374
    15.81000000    -0.00275006
    15.82000000    -0.00276647
    15.83000000    -0.00278297
    15.84000000    -0.00279955
    15.85000000    -0.00281622
    15.86000000    -0.00283297
    15.87000000    -0.00284982
    15.88000000    -0.00286675
    15.89000000    -0.00288377
    15.90000000    -0.00290088
    15.91000000    -0.00291808
    15.92000000    -0.00293537
    15.93000000    -0.00295275
    15.94000000    -0.00297021
    15.95000000    -0.00298777
    15.96000000    -0.00300543
    15.97000000    -0.00302317
    15.98000000    -0.00304100
    15.99000000    -0.00305893
    16.00000000    -0.00307695
    16.01000000    -0.00309507
    16.02000000    -0.00311327
    16.03000000    -0.00313157
    16.04000000    -0.00314997
    16.05000000    -0.00316846
    16.06000000    -0.00318705
    16.07000000    -0.00320573
    16.08000000    -0.00322451
    16.09000000    -0.00324339
    16.10000000    -0.00326236
    16.11000000    -0.00328143
    16.12000000    -0.00330060
    16.13000000    -0.00331986
    16.14000000    -0.00333923
    16.15000000    -0.00335869
    16.16000000    -0.00337826
    16.17000000    -0.00339792
    16.18000000    -0.00341769
    16.19000000    -0.00343755
    16.20000000    -0.00345752
    16.21000000    -0.00347759
    16.22000000    -0.00349776
    16.23000000    -0.00351803
    16.24000000    -0.00353841
    16.25000000    -0.00355889
    16.26000000    -0.00357948
    16.27000000    -0.00360017
    16.28000000    -0.00362096
    16.29000000    -0.00364186
    16.30000000    -0.00366287
    16.31000000    -0.00368398
    16.32000000    -0.00370520
    16.33000000    -0.00372653
    16.34000000    -0.00374797
    16.35000000    -0.00376951
    16.36000000    -0.00379116
    16.37000000    -0.00381292
    16.38000000    -0.00383479
    16.39000000    -0.00385677
    16.40000000    -0.00387887
    16.41000000    -0.00390107
    16.42000000    -0.00392338
    16.43000000    -0.00394581
    16.44000000    -0.00396835
    16.45000000    -0.00399100
    16.46000000    -0.00401376
    16.47000000    -0.00403664
    16.48000000    -0.00405964
    16.49000000    -0.00408275
    16.50000000    -0.00410597
    16.51000000    -0.00412931
    16.52000000    -0.00415277
    16.53000000    -0.00417634
    16.54000000    -0.00420003
    16.55000000    -0.00422384
    16.56000000    -0.00424777
    16.57000000    -0.00427181
    16.58000000    -0.00429598
    16.59000000    -0.00432026
    16.60000000    -0.00434467
    16.61000000    -0.00436920
    16.62000000    -0.00439384
    16.63000000    -0.00441861
    16.64000000    -0.00444351
    16.65000000    -0.00446852
    16.66000000    -0.00449366
    16.67000000    -0.00451893
    16.68000000    -0.00454431
    16.69000000    -0.00456983
    16.70000000    -0.00459546
    16.71000000    -0.00462123
    16.72000000    -0.00464712
    16.73000000    -0.00467314
    16.74000000    -0.00469928
    16.75000000    -0.00472556
    16.76000000    -0.00475196
    16.77000000    -0.00477850
    16.78000000    -0.00480516
    16.79000000    -0.00483195
    16.80000000    -0.00485887
    16.81000000    -0.00488593
    16.82000000    -0.00491312
    16.83000000    -0.00494044
    16.84000000    -0.00496789
    16.85000000    -0.00499548
    16.86000000    -0.00502320
    16.87000000    -0.00505105
    16.88000000    -0.00507905
    16.89000000    -0.00510717
    16.90000000    -0.00513544
    16.91000000    -0.00516384
    16.92000000    -0.00519238
    16.93000000    -0.00522105
    16.94000000    -0.00524987
    16.95000000    -0.00527882
    16.96000000    -0.00530792
    16.97000000    -0.00533715
    16.98000000    -0.00536653
    16.99000000    -0.00539605
    17.00000000    -0.00542571
    17.01000000    -0.00545551
    17.02000000    -0.00548545
    17.03000000    -0.00551555
    17.04000000    -0.00554578
    17.05000000    -0.00557616
    17.06000000    -0.00560669
    17.07000000    -0.00563736
    17.08000000    -0.00566818
    17.09000000    -0.00569914
    17.10000000    -0.00573026
    17.11000000    -0.00576152
    17.12000000    -0.00579293
    17.13000000    -0.00582450
    17.14000000    -0.00585621
    17.15000000    -0.00588807
    17.16000000    -0.00592009
    17.17000000    -0.00595226
    17.18000000    -0.00598458
    17.19000000    -0.00601705
    17.20000000    -0.00604968
    17.21000000    -0.00608247
    17.22000000    -0.00611541
    17.23000000    -0.00614850
    17.24000000    -0.00618176
    17.25000000    -0.00621517
    17.26000000    -0.00624873
    17.27000000    -0.00628246
    17.28000000    -0.00631635
    17.29000000    -0.00635039
    17.30000000    -0.00638460
    17.31000000    -0.00641896
    17.32000000    -0.00645349
    17.33000000    -0.00648819
    17.34000000    -0.00652304
    17.35000000    -0.00655806
    17.36000000    -0.00659324
    17.37000000    -0.00662859
    17.38000000    -0.00666411
    17.39000000    -0.00669979
    17.40000000    -0.00673563
    17.41000000    -0.00677165
    17.42000000    -0.00680783
    17.43000000    -0.00684419
    17.44000000    -0.00688071
    17.45000000    -0.00691740
    17.46000000    -0.00695427
    17.47000000    -0.00699130
    17.48000000    -0.00702851
    17.49000000    -0.00706589
    17.50000000    -0.00710345
    17.51000000    -0.00714118
    17.52000000    -0.00717908
    17.53000000    -0.00721716
    17.54000000    -0.00725542
    17.55000000    -0.00729385
    17.56000000    -0.00733247
    17.57000000    -0.00737126
    17.58000000    -0.00741023
    17.59000000    -0.00744938
    17.60000000    -0.00748871
    17.61000000    -0.00752822
    17.62000000    -0.00756792
    17.63000000    -0.00760780
    17.64000000    -0.00764786
    17.65000000    -0.00768810
    17.66000000    -0.00772853
    17.67000000    -0.00776915
    17.68000000    -0.00780995
    17.69000000    -0.00785094
    17.70000000    -0.00789212
    17.71000000    -0.00793349
    17.72000000    -0.00797504
    17.73000000    -0.00801679
    17.74000000    -0.00805873
    17.75000000    -0.00810086
    17.76000000    -0.00814318
    17.77000000    -0.00818569
    17.78000000    -0.00822840
    17.79000000    -0.00827130
    17.80000000    -0.00831440
    17.81000000    -0.00835770
    17.82000000    -0.00840119
    17.83000000    -0.00844488
    17.84000000    -0.00848876
    17.85000000    -0.00853285
    17.86000000    -0.00857713
    17.87000000    -0.00862162
    17.88000000    -0.00866631
    17.89000000    -0.00871120
    17.90000000    -0.00875629
    17.91000000    -0.00880159
    17.92000000    -0.00884709
    17.93000000    -0.00889280
    17.94000000    -0.00893871
    17.95000000    -0.00898483
    17.96000000    -0.00903115
    17.97000000    -0.00907769
    17.98000000    -0.00912443
    17.99000000    -0.00917139
    18.00000000    -0.00921856
    18.01000000    -0.00926593
    18.02000000    -0.00931352
    18.03000000    -0.00936132
    18.04000000    -0.00940934
    18.05000000    -0.00945757
    18.06000000    -0.00950602
    18.07000000    -0.00955468
    18.08000000    -0.00960357
    18.09000000    -0.00965266
    18.10000000    -0.00970198
    18.11000000    -0.00975152
    18.12000000    -0.00980128
    18.13000000    -0.00985126
    18.14000000    -0.00990146
    18.15000000    -0.00995189
    18.16000000    -0.01000253
    18.17000000    -0.01005341
    18.18000000    -0.01010451
    18.19000000    -0.01015583
    18.20000000    -0.01020739
    18.21000000    -0.01025917
    18.22000000    -0.01031118
    18.23000000    -0.01036342
    18.24000000    -0.01041589
    18.25000000    -0.01046859
    18.26000000    -0.01052152
    18.27000000    -0.01057469
    18.28000000    -0.01062809
    18.29000000    -0.01068173
    18.30000000    -0.01073560
    18.31000000    -0.01078971
    18.32000000    -0.01084406
    18.33000000    -0.01089865
    18.34000000    -0.01095347
    18.35000000    -0.01100854
    18.36000000    -0.01106384
    18.37000000    -0.01111939
    18.38000000    -0.01117518
    18.39000000    -0.01123122
    18.40000000    -0.01128750
    18.41000000    -0.01134402
    18.42000000    -0.01140079
    18.43000000    -0.01145781
    18.44000000    -0.01151508
    18.45000000    -0.01157260
    18.46000000    -0.01163037
    18.47000000    -0.01168838
    18.48000000    -0.01174665
    18.49000000    -0.01180518
    18.50000000    -0.01186395
    18.51000000    -0.01192299
    18.52000000    -0.01198227
    18.53000000    -0.01204182
    18.54000000    -0.01210162
    18.55000000    -0.01216168
    18.56000000    -0.01222200
    18.57000000    -0.01228258
    18.58000000    -0.01234342
    18.59000000    -0.01240452
    18.60000000    -0.01246589
    18.61000000    -0.01252752
    18.62000000    -0.01258942
    18.63000000    -0.01265158
    18.64000000    -0.01271401
    18.65000000    -0.01277671
    18.66000000    -0.01283967
    18.67000000    -0.01290291
    18.68000000    -0.01296642
    18.69000000    -0.01303019
    18.70000000    -0.01309425
    18.71000000    -0.01315857
    18.72000000    -0.01322317
    18.73000000    -0.01328805
    18.74000000    -0.01335320
    18.75000000    -0.01341863
    18.76000000    -0.01348434
    18.77000000    -0.01355033
    18.78000000    -0.01361660
    18.79000000    -0.01368316
    18.80000000    -0.01374999
    18.81000000    -0.01381711
    18.82000000    -0.01388451
    18.83000000    -0.01395220
    18.84000000    -0.01402018
    18.85000000    -0.01408844
    18.86000000    -0.01415700
    18.87000000    -0.01422584
    18.88000000    -0.01429497
    18.89000000    -0.01436440
    18.90000000    -0.01443412
    18.91000000    -0.01450413
    18.92000000    -0.01457444
    18.93000000    -0.01464505
    18.94000000    -0.01471595
    18.95000000    -0.01478715
    18.96000000    -0.01485865
    18.97000000    -0.01493045
    18.98000000    -0.01500255
    18.99000000    -0.01507495
    19.00000000    -0.01514766
    19.01000000    -0.01522067
    19.02000000    -0.01529398
    19.03000000    -0.01536761
    19.04000000    -0.01544154
    19.05000000    -0.01551578
    19.06000000    -0.01559033
    19.07000000    -0.01566519
    19.08000000    -0.01574037
    19.09000000    -0.01581585
    19.10000000    -0.01589165
    19.11000000    -0.01596777
    19.12000000    -0.01604420
    19.13000000    -0.01612096
    19.14000000    -0.01619802
    19.15000000    -0.01627541
    19.16000000    -0.01635312
    19.17000000    -0.01643116
    19.18000000    -0.01650951
    19.19000000    -0.01658819
    19.20000000    -0.01666720
    19.21000000    -0.01674653
    19.22000000    -0.01682619
    19.23000000    -0.01690618
    19.24000000    -0.01698649
    19.25000000    -0.01706714
    19.26000000    -0.01714812
    19.27000000    -0.01722944
    19.28000000    -0.01731109
    19.29000000    -0.01739307
    19.30000000    -0.01747540
    19.31000000    -0.01755805
    19.32000000    -0.01764105
    19.33000000    -0.01772439
    19.34000000    -0.01780807
    19.35000000    -0.01789210
    19.36000000    -0.01797646
    19.37000000    -0.01806117
    19.38000000    -0.01814623
    19.39000000    -0.01823164
    19.40000000    -0.01831739
    19.41000000    -0.01840350
    19.42000000    -0.01848995
    19.43000000    -0.01857676
    19.44000000    -0.01866392
    19.45000000    -0.01875143
    19.46000000    -0.01883930
    19.47000000    -0.01892753
    19.48000000    -0.01901611
    19.49000000    -0.01910506
    19.50000000    -0.01919436
    19.51000000    -0.01928403
    19.52000000    -0.01937406
    19.53000000    -0.01946445
    19.54000000    -0.01955521
    19.55000000    -0.01964633
    19.56000000    -0.01973783
    19.57000000    -0.01982969
    19.58000000    -0.01992192
    19.59000000    -0.02001453
    19.60000000    -0.02010750
    19.61000000    -0.02020086
    19.62000000    -0.02029458
    19.63000000    -0.02038869
    19.64000000    -0.02048317
    19.65000000    -0.02057803
    19.66000000    -0.02067327
    19.67000000    -0.02076889
    19.68000000    -0.02086490
    19.69000000    -0.02096129
    19.70000000    -0.02105806
    19.71000000    -0.02115522
    19.72000000    -0.02125277
    19.73000000    -0.02135071
    19.74000000    -0.02144904
    19.75000000    -0.02154777
    19.76000000    -0.02164688
    19.77000000    -0.02174639
    19.78000000    -0.02184630
    19.79000000    -0.02194660
    19.80000000    -0.02204730
    19.81000000    -0.02214840
    19.82000000    -0.02224991
    19.83000000    -0.02235181
    19.84000000    -0.02245412
    19.85000000    -0.02255683
    19.86000000    -0.02265995
    19.87000000    -0.02276348
    19.88000000    -0.02286742
    19.89000000    -0.02297177
    19.90000000    -0.02307652
    19.91000000    -0.02318170
    19.92000000    -0.02328728
    19.93000000    -0.02339329
    19.94000000    -0.02349971
    19.95000000    -0.02360655
    19.96000000    -0.02371381
    19.97000000    -0.02382149
    19.98000000    -0.02392959
    19.99000000    -0.02403811
    20.00000000    -0.02414707
    20.01000000    -0.02425645
    20.02000000    -0.02436625
    20.03000000    -0.02447649
    20.04000000    -0.02458716
    20.05000000    -0.02469826
    20.06000000    -0.02480979
    20.07000000    -0.02492176
    20.08000000    -0.02503417
    20.09000000    -0.02514701
    20.10000000    -0.02526030
    20.11000000    -0.02537402
    20.12000000    -0.02548819
    20.13000000    -0.02560280
    20.14000000    -0.02571786
    20.15000000    -0.02583336
    20.16000000    -0.02594931
    20.17000000    -0.02606571
    20.18000000    -0.02618256
    20.19000000    -0.02629986
    20.20000000    -0.02641762
    20.21000000    -0.02653583
    20.22000000    -0.02665450
    20.23000000    -0.02677363
    20.24000000    -0.02689322
    20.25000000    -0.02701327
    20.26000000    -0.02713378
    20.27000000    -0.02725475
    20.28000000    -0.02737619
    20.29000000    -0.02749810
    20.30000000    -0.02762048
    20.31000000    -0.02774332
    20.32000000    -0.02786664
    20.33000000    -0.02799043
    20.34000000    -0.02811470
    20.35000000    -0.02823944
    20.36000000    -0.02836465
    20.37000000    -0.02849035
    20.38000000    -0.02861653
    20.39000000    -0.02874319
    20.40000000    -0.02887034
    20.41000000    -0.02899796
    20.42000000    -0.02912608
    20.43000000    -0.02925468
    20.44000000    -0.02938378
    20.45000000    -0.02951336
    20.46000000    -0.02964344
    20.47000000    -0.02977401
    20.48000000    -0.02990508
    20.49000000    -0.03003665
    20.50000000    -0.03016871
    20.51000000    -0.03030128
    20.52000000    -0.03043434
    20.53000000    -0.03056791
    20.54000000    -0.03070199
    20.55000000    -0.03083657
    20.56000000    -0.03097167
    20.57000000    -0.03110727
    20.58000000    -0.03124338
    20.59000000    -0.03138001
    20.60000000    -0.03151715
    20.61000000    -0.03165481
    20.62000000    -0.03179298
    20.63000000    -0.03193168
    20.64000000    -0.03207090
    20.65000000    -0.03221064
    20.66000000    -0.03235090
    20.67000000    -0.03249169
    20.68000000    -0.03263301
    20.69000000    -0.03277486
    20.70000000    -0.03291723
    20.71000000    -0.03306014
    20.72000000    -0.03320359
    20.73000000    -0.03334757
    20.74000000    -0.03349209
    20.75000000    -0.03363715
    20.76000000    -0.03378275
    20.77000000    -0.03392889
    20.78000000    -0.03407557
    20.79000000    -0.03422281
    20.80000000    -0.03437059
    20.81000000    -0.03451891
    20.82000000    -0.03466779
    20.83000000    -0.03481723
    20.84000000    -0.03496721
    20.85000000    -0.03511775
    20.86000000    -0.03526885
    20.87000000    -0.03542051
    20.88000000    -0.03557273
    20.89000000    -0.03572552
    20.90000000    -0.03587886
    20.91000000    -0.03603278
    20.92000000    -0.03618726
    20.93000000    -0.03634231
    20.94000000    -0.03649794
    20.95000000    -0.03665413
    20.96000000    -0.03681090
    20.97000000    -0.03696825
    20.98000000    -0.03712618
    20.99000000    -0.03728468
    21.00000000    -0.03744377
    21.01000000    -0.03760344
    21.02000000    -0.03776370
    21.03000000    -0.03792454
    21.04000000    -0.03808597
    21.05000000    -0.03824800
    21.06000000    -0.03841061
    21.07000000    -0.03857382
    21.08000000    -0.03873763
    21.09000000    -0.03890203
    21.10000000    -0.03906703
    21.11000000    -0.03923264
    21.12000000    -0.03939885
    21.13000000    -0.03956566
    21.14000000    -0.03973308
    21.15000000    -0.03990111
    21.16000000    -0.04006974
    21.17000000    -0.04023899
    21.18000000    -0.04040886
    21.19000000    -0.04057934
    21.20000000    -0.04075044
    21.21000000    -0.04092215
    21.22000000    -0.04109449
    21.23000000    -0.04126745
    21.24000000    -0.04144104
    21.25000000    -0.04161526
    21.26000000    -0.04179010
    21.27000000    -0.04196557
    21.28000000    -0.04214168
    21.29000000    -0.04231842
    21.30000000    -0.04249579
    21.31000000    -0.04267381
    21.32000000    -0.04285246
    21.33000000    -0.04303176
    21.34000000    -0.04321170
    21.35000000    -0.04339228
    21.36000000    -0.04357351
    21.37000000    -0.04375540
    21.38000000    -0.04393793
    21.39000000    -0.04412112
    21.40000000    -0.04430496
    21.41000000    -0.04448946
    21.42000000    -0.04467461
    21.43000000    -0.04486043
    21.44000000    -0.04504691
    21.45000000    -0.04523406
    21.46000000    -0.04542187
    21.47000000    -0.04561035
    21.48000000    -0.04579951
    21.49000000    -0.04598933
    21.50000000    -0.04617983
    21.51000000    -0.04637101
    21.52000000    -0.04656286
    21.53000000    -0.04675539
    21.54000000    -0.04694861
    21.55000000    -0.04714251
    21.56000000    -0.04733710
    21.57000000    -0.04753237
    21.58000000    -0.04772834
    21.59000000    -0.04792499
    21.60000000    -0.04812235
    21.61000000    -0.04832039
    21.62000000    -0.04851914
    21.63000000    -0.04871859
    21.64000000    -0.04891874
    21.65000000    -0.04911959
    21.66000000    -0.04932115
    21.67000000    -0.04952342
    21.68000000    -0.04972639
    21.69000000    -0.04993008
    21.70000000    -0.05013449
    21.71000000    -0.05033961
    21.72000000    -0.05054545
    21.73000000    -0.05075201
    21.74000000    -0.05095929
    21.75000000    -0.05116730
    21.76000000    -0.05137603
    21.77000000    -0.05158549
    21.78000000    -0.05179569
    21.79000000    -0.05200661
    21.80000000    -0.05221827
    21.81000000    -0.05243067
    21.82000000    -0.05264381
    21.83000000    -0.05285769
    21.84000000    -0.05307231
    21.85000000    -0.05328768
    21.86000000    -0.05350379
    21.87000000    -0.05372066
    21.88000000    -0.05393828
    21.89000000    -0.05415665
    21.90000000    -0.05437577
    21.91000000    -0.05459566
    21.92000000    -0.05481630
    21.93000000    -0.05503771
    21.94000000    -0.05525988
    21.95000000    -0.05548282
    21.96000000    -0.05570653
    21.97000000    -0.05593101
    21.98000000    -0.05615626
    21.99000000    -0.05638228
    22.00000000    -0.05660909
    22.01000000    -0.05683667
    22.02000000    -0.05706504
    22.03000000    -0.05729419
    22.04000000    -0.05752412
    22.05000000    -0.05775485
    22.06000000    -0.05798636
    22.07000000    -0.05821867
    22.08000000    -0.05845177
    22.09000000    -0.05868567
    22.10000000    -0.05892037
    22.11000000    -0.05915587
    22.12000000    -0.05939218
    22.13000000    -0.05962929
    22.14000000    -0.05986721
    22.15000000    -0.06010593
    22.16000000    -0.06034548
    22.17000000    -0.06058583
    22.18000000    -0.06082701
    22.19000000    -0.06106900
    22.20000000    -0.06131182
    22.21000000    -0.06155546
    22.22000000    -0.06179992
    22.23000000    -0.06204522
    22.24000000    -0.06229134
    22.25000000    -0.06253830
    22.26000000    -0.06278609
    22.27000000    -0.06303472
    22.28000000    -0.06328419
    22.29000000    -0.06353450
    22.30000000    -0.06378566
    22.31000000    -0.06403767
    22.32000000    -0.06429052
    22.33000000    -0.06454422
    22.34000000    -0.06479878
    22.35000000    -0.06505420
    22.36000000    -0.06531047
    22.37000000    -0.06556760
    22.38000000    -0.06582560
    22.39000000    -0.06608446
    22.40000000    -0.06634419
    22.41000000    -0.06660479
    22.42000000    -0.06686626
    22.43000000    -0.06712861
    22.44000000    -0.06739183
    22.45000000    -0.06765593
    22.46000000    -0.06792092
    22.47000000    -0.06818679
    22.48000000    -0.06845354
    22.49000000    -0.06872119
    22.50000000    -0.06898972
    22.51000000    -0.06925915
    22.52000000    -0.06952948
    22.53000000    -0.06980071
    22.54000000    -0.07007283
    22.55000000    -0.07034586
    22.56000000    -0.07061980
    22.57000000    -0.07089464
    22.58000000    -0.07117039
    22.59000000    -0.07144706
    22.60000000    -0.07172464
    22.61000000    -0.07200314
    22.62000000    -0.07228256
    22.63000000    -0.07256291
    22.64000000    -0.07284418
    22.65000000    -0.07312637
    22.66000000    -0.07340950
    22.67000000    -0.07369356
    22.68000000    -0.07397855
    22.69000000    -0.07426448
    22.70000000    -0.07455136
    22.71000000    -0.07483917
    22.72000000    -0.07512793
    22.73000000    -0.07541764
    22.74000000    -0.07570830
    22.75000000    -0.07599991
    22.76000000    -0.07629247
    22.77000000    -0.07658599
    22.78000000    -0.07688048
    22.79000000    -0.07717592
    22.80000000    -0.07747233
    22.81000000    -0.07776971
    22.82000000    -0.07806806
    22.83000000    -0.07836738
    22.84000000    -0.07866768
    22.85000000    -0.07896895
    22.86000000    -0.07927121
    22.87000000    -0.07957444
    22.88000000    -0.07987867
    22.89000000    -0.08018388
    22.90000000    -0.08049008
    22.91000000    -0.08079727
    22.92000000    -0.08110546
    22.93000000    -0.08141465
    22.94000000    -0.08172484
    22.95000000    -0.08203604
    22.96000000    -0.08234824
    22.97000000    -0.08266145
    22.98000000    -0.08297566
    22.99000000    -0.08329090
    23.00000000    -0.08360715
    23.01000000    -0.08392442
    23.02000000    -0.08424271
    23.03000000    -0.08456203
    23.04000000    -0.08488237
    23.05000000    -0.08520374
    23.06000000    -0.08552615
    23.07000000    -0.08584959
    23.08000000    -0.08617407
    23.09000000    -0.08649958
    23.10000000    -0.08682615
    23.11000000    -0.08715375
    23.12000000    -0.08748241
    23.13000000    -0.08781211
    23.14000000    -0.08814288
    23.15000000    -0.08847469
    23.16000000    -0.08880757
    23.17000000    -0.08914151
    23.18000000    -0.08947651
    23.19000000    -0.08981258
    23.20000000    -0.09014972
    23.21000000    -0.09048793
    23.22000000    -0.09082722
    23.23000000    -0.09116758
    23.24000000    -0.09150903
    23.25000000    -0.09185156
    23.26000000    -0.09219517
    23.27000000    -0.09253988
    23.28000000    -0.09288567
    23.29000000    -0.09323257
    23.30000000    -0.09358056
    23.31000000    -0.09392964
    23.32000000    -0.09427984
    23.33000000    -0.09463113
    23.34000000    -0.09498354
    23.35000000    -0.09533706
    23.36000000    -0.09569169
    23.37000000    -0.09604743
    23.38000000    -0.09640430
    23.39000000    -0.09676229
    23.40000000    -0.09712141
    23.41000000    -0.09748165
    23.42000000    -0.09784302
    23.43000000    -0.09820553
    23.44000000    -0.09856917
    23.45000000    -0.09893395
    23.46000000    -0.09929988
    23.47000000    -0.09966695
    23.48000000    -0.10003517
    23.49000000    -0.10040453
    23.50000000    -0.10077505
    23.51000000    -0.10114673
    23.52000000    -0.10151957
    23.53000000    -0.10189357
    23.54000000    -0.10226873
    23.55000000    -0.10264506
    23.56000000    -0.10302257
    23.57000000    -0.10340124
    23.58000000    -0.10378110
    23.59000000    -0.10416213
    23.60000000    -0.10454434
    23.61000000    -0.10492774
    23.62000000    -0.10531233
    23.63000000    -0.10569811
    23.64000000    -0.10608508
    23.65000000    -0.10647325
    23.66000000    -0.10686262
    23.67000000    -0.10725319
    23.68000000    -0.10764497
    23.69000000    -0.10803795
    23.70000000    -0.10843215
    23.71000000    -0.10882756
    23.72000000    -0.10922419
    23.73000000    -0.10962204
    23.74000000    -0.11002111
    23.75000000    -0.11042141
    23.76000000    -0.11082294
    23.77000000    -0.11122570
    23.78000000    -0.11162970
    23.79000000    -0.11203493
    23.80000000    -0.11244141
    23.81000000    -0.11284913
    23.82000000    -0.11325810
    23.83000000    -0.11366831
    23.84000000    -0.11407978
    23.85000000    -0.11449251
    23.86000000    -0.11490650
    23.87000000    -0.11532175
    23.88000000    -0.11573826
    23.89000000    -0.11615605
    23.90000000    -0.11657510
    23.91000000    -0.11699543
    23.92000000    -0.11741704
    23.93000000    -0.11783992
    23.94000000    -0.11826410
    23.95000000    -0.11868955
    23.96000000    -0.11911630
    23.97000000    -0.11954434
    23.98000000    -0.11997368
    23.99000000    -0.12040431
    24.00000000    -0.12083625
    24.01000000    -0.12126950
    24.02000000    -0.12170405
    24.03000000    -0.12213991
    24.04000000    -0.12257709
    24.05000000    -0.12301559
    24.06000000    -0.12345540
    24.07000000    -0.12389654
    24.08000000    -0.12433901
    24.09000000    -0.12478281
    24.10000000    -0.12522794
    24.11000000    -0.12567441
    24.12000000    -0.12612222
    24.13000000    -0.12657137
    24.14000000    -0.12702186
    24.15000000    -0.12747371
    24.16000000    -0.12792691
    24.17000000    -0.12838146
    24.18000000    -0.12883737
    24.19000000    -0.12929465
    24.20000000    -0.12975329
    24.21000000    -0.13021330
    24.22000000    -0.13067467
    24.23000000    -0.13113743
    24.24000000    -0.13160156
    24.25000000    -0.13206707
    24.26000000    -0.13253397
    24.27000000    -0.13300225
    24.28000000    -0.13347193
    24.29000000    -0.13394300
    24.30000000    -0.13441547
    24.31000000    -0.13488933
    24.32000000    -0.13536460
    24.33000000    -0.13584128
    24.34000000    -0.13631937
    24.35000000    -0.13679887
    24.36000000    -0.13727979
    24.37000000    -0.13776213
    24.38000000    -0.13824589
    24.39000000    -0.13873108
    24.40000000    -0.13921770
    24.41000000    -0.13970575
    24.42000000    -0.14019523
    24.43000000    -0.14068616
    24.44000000    -0.14117853
    24.45000000    -0.14167235
    24.46000000    -0.14216761
    24.47000000    -0.14266433
    24.48000000    -0.14316251
    24.49000000    -0.14366214
    24.50000000    -0.14416324
    24.51000000    -0.14466581
    24.52000000    -0.14516984
    24.53000000    -0.14567535
    24.54000000    -0.14618233
    24.55000000    -0.14669079
    24.56000000    -0.14720074
    24.57000000    -0.14771217
    24.58000000    -0.14822510
    24.59000000    -0.14873951
    24.60000000    -0.14925542
    24.61000000    -0.14977284
    24.62000000    -0.15029175
    24.63000000    -0.15081217
    24.64000000    -0.15133411
    24.65000000    -0.15185755
    24.66000000    -0.15238251
    24.67000000    -0.15290900
    24.68000000    -0.15343700
    24.69000000    -0.15396654
    24.70000000    -0.15449760
    24.71000000    -0.15503020
    24.72000000    -0.15556434
    24.73000000    -0.15610001
    24.74000000    -0.15663724
    24.75000000    -0.15717601
    24.76000000    -0.15771633
    24.77000000    -0.15825820
    24.78000000    -0.15880163
    24.79000000    -0.15934663
    24.80000000    -0.15989319
    24.81000000    -0.16044132
    24.82000000    -0.16099102
    24.83000000    -0.16154230
    24.84000000    -0.16209515
    24.85000000    -0.16264959
    24.86000000    -0.16320562
    24.87000000    -0.16376323
    24.88000000    -0.16432244
    24.89000000    -0.16488324
    24.90000000    -0.16544565
    24.91000000    -0.16600965
    24.92000000    -0.16657527
    24.93000000    -0.16714250
    24.94000000    -0.16771134
    24.95000000    -0.16828179
    24.96000000    -0.16885387
    24.97000000    -0.16942758
    24.98000000    -0.17000291
    24.99000000    -0.17057988
    25.00000000    -0.17115848
    25.01000000    -0.17173872
    25.02000000    -0.17232060
    25.03000000    -0.17290413
    25.04000000    -0.17348931
    25.05000000    -0.17407614
    25.06000000    -0.17466463
    25.07000000    -0.17525478
    25.08000000    -0.17584660
    25.09000000    -0.17644008
    25.10000000    -0.17703524
    25.11000000    -0.17763207
    25.12000000    -0.17823058
    25.13000000    -0.17883077
    25.14000000    -0.17943264
    25.15000000    -0.18003621
    25.16000000    -0.18064147
    25.17000000    -0.18124843
    25.18000000    -0.18185709
    25.19000000    -0.18246745
    25.20000000    -0.18307952
    25.21000000    -0.18369331
    25.22000000    -0.18430881
    25.23000000    -0.18492602
    25.24000000    -0.18554496
    25.25000000    -0.18616563
    25.26000000    -0.18678803
    25.27000000    -0.18741216
    25.28000000    -0.18803803
    25.29000000    -0.18866564
    25.30000000    -0.18929499
    25.31000000    -0.18992609
    25.32000000    -0.19055895
    25.33000000    -0.19119356
    25.34000000    -0.19182993
    25.35000000    -0.19246807
    25.36000000    -0.19310797
    25.37000000    -0.19374965
    25.38000000    -0.19439309
    25.39000000    -0.19503832
    25.40000000    -0.19568533
    25.41000000    -0.19633413
    25.42000000    -0.19698471
    25.43000000    -0.19763709
    25.44000000    -0.19829127
    25.45000000    -0.19894724
    25.46000000    -0.19960503
    25.47000000    -0.20026462
    25.48000000    -0.20092602
    25.49000000    -0.20158924
    25.50000000    -0.20225428
    25.51000000    -0.20292115
    25.52000000    -0.20358984
    25.53000000    -0.20426036
    25.54000000    -0.20493272
    25.55000000    -0.20560692
    25.56000000    -0.20628296
    25.57000000    -0.20696085
    25.58000000    -0.20764059
    25.59000000    -0.20832218
    25.60000000    -0.20900564
    25.61000000    -0.20969095
    25.62000000    -0.21037813
    25.63000000    -0.21106718
    25.64000000    -0.21175811
    25.65000000    -0.21245091
    25.66000000    -0.21314559
    25.67000000    -0.21384216
    25.68000000    -0.21454062
    25.69000000    -0.21524097
    25.70000000    -0.21594322
    25.71000000    -0.21664737
    25.72000000    -0.21735343
    25.73000000    -0.21806139
    25.74000000    -0.21877127
    25.75000000    -0.21948306
    25.76000000    -0.22019678
    25.77000000    -0.22091242
    25.78000000    -0.22162998
    25.79000000    -0.22234948
    25.80000000    -0.22307092
    25.81000000    -0.22379430
    25.82000000    -0.22451962
    25.83000000    -0.22524689
    25.84000000    -0.22597611
    25.85000000    -0.22670728
    25.86000000    -0.22744042
    25.87000000    -0.22817552
    25.88000000    -0.22891259
    25.89000000    -0.22965163
    25.90000000    -0.23039265
    25.91000000    -0.23113565
    25.92000000    -0.23188063
    25.93000000    -0.23262760
    25.94000000    -0.23337656
    25.95000000    -0.23412752
    25.96000000    -0.23488048
    25.97000000    -0.23563544
    25.98000000    -0.23639241
    25.99000000    -0.23715139
    26.00000000    -0.23791239
    26.01000000    -0.23867541
    26.02000000    -0.23944045
    26.03000000    -0.24020752
    26.04000000    -0.24097662
    26.05000000    -0.24174776
    26.06000000    -0.24252094
    26.07000000    -0.24329616
    26.08000000    -0.24407343
    26.09000000    -0.24485276
    26.10000000    -0.24563414
    26.11000000    -0.24641758
    26.12000000    -0.24720308
    26.13000000    -0.24799066
    26.14000000    -0.24878031
    26.15000000    -0.24957203
    26.16000000    -0.25036584
    26.17000000    -0.25116173
    26.18000000    -0.25195971
    26.19000000    -0.25275978
    26.20000000    -0.25356196
    26.21000000    -0.25436623
    26.22000000    -0.25517261
    26.23000000    -0.25598110
    26.24000000    -0.25679170
    26.25000000    -0.25760442
    26.26000000    -0.25841926
    26.27000000    -0.25923623
    26.28000000    -0.26005533
    26.29000000    -0.26087657
    26.30000000    -0.26169994
    26.31000000    -0.26252546
    26.32000000    -0.26335312
    26.33000000    -0.26418294
    26.34000000    -0.26501491
    26.35000000    -0.26584904
    26.36000000    -0.26668534
    26.37000000    -0.26752380
    26.38000000    -0.26836444
    26.39000000    -0.26920725
    26.40000000    -0.27005224
    26.41000000    -0.27089942
    26.42000000    -0.27174878
    26.43000000    -0.27260034
    26.44000000    -0.27345410
    26.45000000    -0.27431006
    26.46000000    -0.27516822
    26.47000000    -0.27602860
    26.48000000    -0.27689119
    26.49000000    -0.27775600
    26.50000000    -0.27862303
    26.51000000    -0.27949229
    26.52000000    -0.28036377
    26.53000000    -0.28123750
    26.54000000    -0.28211346
    26.55000000    -0.28299167
    26.56000000    -0.28387213
    26.57000000    -0.28475484
    26.58000000    -0.28563981
    26.59000000    -0.28652704
    26.60000000    -0.28741653
    26.61000000    -0.28830829
    26.62000000    -0.28920233
    26.63000000    -0.29009865
    26.64000000    -0.29099725
    26.65000000    -0.29189813
    26.66000000    -0.29280131
    26.67000000    -0.29370678
    26.68000000    -0.29461455
    26.69000000    -0.29552463
    26.70000000    -0.29643701
    26.71000000    -0.29735171
    26.72000000    -0.29826872
    26.73000000    -0.29918806
    26.74000000    -0.30010972
    26.75000000    -0.30103371
    26.76000000    -0.30196004
    26.77000000    -0.30288871
    26.78000000    -0.30381972
    26.79000000    -0.30475307
    26.80000000    -0.30568878
    26.81000000    -0.30662684
    26.82000000    -0.30756727
    26.83000000    -0.30851006
    26.84000000    -0.30945522
    26.85000000    -0.31040275
    26.86000000    -0.31135266
    26.87000000    -0.31230495
    26.88000000    -0.31325964
    26.89000000    -0.31421671
    26.90000000    -0.31517617
    26.91000000    -0.31613804
    26.92000000    -0.31710231
    26.93000000    -0.31806899
    26.94000000    -0.31903809
    26.95000000    -0.32000960
    26.96000000    -0.32098353
    26.97000000    -0.32195989
    26.98000000    -0.32293869
    26.99000000    -0.32391991
    27.00000000    -0.32490358
    27.01000000    -0.32588969
    27.02000000    -0.32687825
    27.03000000    -0.32786926
    27.04000000    -0.32886273
    27.05000000    -0.32985866
    27.06000000    -0.33085706
    27.07000000    -0.33185793
    27.08000000    -0.33286128
    27.09000000    -0.33386710
    27.10000000    -0.33487541
    27.11000000    -0.33588621
    27.12000000    -0.33689950
    27.13000000    -0.33791529
    27.14000000    -0.33893358
    27.15000000    -0.33995438
    27.16000000    -0.34097769
    27.17000000    -0.34200352
    27.18000000    -0.34303186
    27.19000000    -0.34406273
    27.20000000    -0.34509613
    27.21000000    -0.34613207
    27.22000000    -0.34717054
    27.23000000    -0.34821155
    27.24000000    -0.34925511
    27.25000000    -0.35030123
    27.26000000    -0.35134990
    27.27000000    -0.35240113
    27.28000000    -0.35345492
    27.29000000    -0.35451129
    27.30000000    -0.35557023
    27.31000000    -0.35663175
    27.32000000    -0.35769585
    27.33000000    -0.35876254
    27.34000000    -0.35983183
    27.35000000    -0.36090371
    27.36000000    -0.36197819
    27.37000000    -0.36305528
    27.38000000    -0.36413498
    27.39000000    -0.36521730
    27.40000000    -0.36630223
    27.41000000    -0.36738979
    27.42000000    -0.36847998
    27.43000000    -0.36957280
    27.44000000    -0.37066827
    27.45000000    -0.37176637
    27.46000000    -0.37286712
    27.47000000    -0.37397053
    27.48000000    -0.37507659
    27.49000000    -0.37618531
    27.50000000    -0.37729670
    27.51000000    -0.37841076
    27.52000000    -0.37952749
    27.53000000    -0.38064691
    27.54000000    -0.38176900
    27.55000000    -0.38289379
    27.56000000    -0.38402127
    27.57000000    -0.38515145
    27.58000000    -0.38628434
    27.59000000    -0.38741993
    27.60000000    -0.38855823
    27.61000000    -0.38969925
    27.62000000    -0.39084299
    27.63000000    -0.39198945
    27.64000000    -0.39313865
    27.65000000    -0.39429058
    27.66000000    -0.39544526
    27.67000000    -0.39660267
    27.68000000    -0.39776284
    27.69000000    -0.39892576
    27.70000000    -0.40009144
    27.71000000    -0.40125989
    27.72000000    -0.40243110
    27.73000000    -0.40360508
    27.74000000    -0.40478184
    27.75000000    -0.40596139
    27.76000000    -0.40714372
    27.77000000    -0.40832884
    27.78000000    -0.40951676
    27.79000000    -0.41070748
    27.80000000    -0.41190100
    27.81000000    -0.41309734
    27.82000000    -0.41429649
    27.83000000    -0.41549846
    27.84000000    -0.41670325
    27.85000000    -0.41791087
    27.86000000    -0.41912133
    27.87000000    -0.42033463
    27.88000000    -0.42155076
    27.89000000    -0.42276975
    27.90000000    -0.42399159
    27.91000000    -0.42521629
    27.92000000    -0.42644385
    27.93000000    -0.42767427
    27.94000000    -0.42890757
    27.95000000    -0.43014374
    27.96000000    -0.43138280
    27.97000000    -0.43262474
    27.98000000    -0.43386957
    27.99000000    -0.43511730
    28.00000000    -0.43636793
    28.01000000    -0.43762146
    28.02000000    -0.43887790
    28.03000000    -0.44013726
    28.04000000    -0.44139953
    28.05000000    -0.44266473
    28.06000000    -0.44393286
    28.07000000    -0.44520392
    28.08000000    -0.44647792
    28.09000000    -0.44775486
    28.10000000    -0.44903475
    28.11000000    -0.45031760
    28.12000000    -0.45160340
    28.13000000    -0.45289216
    28.14000000    -0.45418389
    28.15000000    -0.45547859
    28.16000000    -0.45677627
    28.17000000    -0.45807693
    28.18000000    -0.45938057
    28.19000000    -0.46068721
    28.20000000    -0.46199684
    28.21000000    -0.46330947
    28.22000000    -0.46462511
    28.23000000    -0.46594376
    28.24000000    -0.46726542
    28.25000000    -0.46859010
    28.26000000    -0.46991781
    28.27000000    -0.47124855
    28.28000000    -0.47258232
    28.29000000    -0.47391913
    28.30000000    -0.47525898
    28.31000000    -0.47660188
    28.32000000    -0.47794784
    28.33000000    -0.47929686
    28.34000000    -0.48064893
    28.35000000    -0.48200408
    28.36000000    -0.48336230
    28.37000000    -0.48472359
    28.38000000    -0.48608797
    28.39000000    -0.48745544
    28.40000000    -0.48882600
    28.41000000    -0.49019965
    28.42000000    -0.49157641
    28.43000000    -0.49295628
    28.44000000    -0.49433925
    28.45000000    -0.49572534
    28.46000000    -0.49711456
    28.47000000    -0.49850690
    28.48000000    -0.49990237
    28.49000000    -0.50130098
    28.50000000    -0.50270273
    28.51000000    -0.50410762
    28.52000000    -0.50551567
    28.53000000    -0.50692687
    28.54000000    -0.50834123
    28.55000000    -0.50975876
    28.56000000    -0.51117945
    28.57000000    -0.51260332
    28.58000000    -0.51403037
    28.59000000    -0.51546061
    28.60000000    -0.51689404
    28.61000000    -0.51833066
    28.62000000    -0.51977048
    28.63000000    -0.52121350
    28.64000000    -0.52265973
    28.65000000    -0.52410918
    28.66000000    -0.52556185
    28.67000000    -0.52701774
    28.68000000    -0.52847686
    28.69000000    -0.52993921
    28.70000000    -0.53140480
    28.71000000    -0.53287364
    28.72000000    -0.53434572
    28.73000000    -0.53582106
    28.74000000    -0.53729966
    28.75000000    -0.53878152
    28.76000000    -0.54026664
    28.77000000    -0.54175504
    28.78000000    -0.54324672
    28.79000000    -0.54474168
    28.80000000    -0.54623993
    28.81000000    -0.54774147
    28.82000000    -0.54924631
    28.83000000    -0.55075446
    28.84000000    -0.55226590
    28.85000000    -0.55378067
    28.86000000    -0.55529875
    28.87000000    -0.55682015
    28.88000000    -0.55834488
    28.89000000    -0.55987294
    28.90000000    -0.56140434
    28.91000000    -0.56293908
    28.92000000    -0.56447717
    28.93000000    -0.56601861
    28.94000000    -0.56756340
    28.95000000    -0.56911156
    28.96000000    -0.57066309
    28.97000000    -0.57221798
    28.98000000    -0.57377626
    28.99000000    -0.57533791
    29.00000000    -0.57690295
    29.01000000    -0.57847139
    29.02000000    -0.58004322
    29.03000000    -0.58161845
    29.04000000    -0.58319709
    29.05000000    -0.58477914
    29.06000000    -0.58636460
    29.07000000    -0.58795349
    29.08000000    -0.58954580
    29.09000000    -0.59114155
    29.10000000    -0.59274073
    29.11000000    -0.59434335
    29.12000000    -0.59594942
    29.13000000    -0.59755894
    29.14000000    -0.59917191
    29.15000000    -0.60078835
    29.16000000    -0.60240825
    29.17000000    -0.60403162
    29.18000000    -0.60565847
    29.19000000    -0.60728880
    29.20000000    -0.60892262
    29.21000000    -0.61055992
    29.22000000    -0.61220072
    29.23000000    -0.61384503
    29.24000000    -0.61549284
    29.25000000    -0.61714416
    29.26000000    -0.61879899
    29.27000000    -0.62045735
    29.28000000    -0.62211923
    29.29000000    -0.62378464
    29.30000000    -0.62545359
    29.31000000    -0.62712608
    29.32000000    -0.62880211
    29.33000000    -0.63048170
    29.34000000    -0.63216484
    29.35000000    -0.63385154
    29.36000000    -0.63554180
    29.37000000    -0.63723564
    29.38000000    -0.63893305
    29.39000000    -0.64063405
    29.40000000    -0.64233862
    29.41000000    -0.64404679
    29.42000000    -0.64575856
    29.43000000    -0.64747392
    29.44000000    -0.64919289
    29.45000000    -0.65091547
    29.46000000    -0.65264167
    29.47000000    -0.65437149
    29.48000000    -0.65610493
    29.49000000    -0.65784200
    29.50000000    -0.65958271
    29.51000000    -0.66132705
    29.52000000    -0.66307505
    29.53000000    -0.66482669
    29.54000000    -0.66658199
    29.55000000    -0.66834095
    29.56000000    -0.67010358
    29.57000000    -0.67186987
    29.58000000    -0.67363984
    29.59000000    -0.67541349
    29.60000000    -0.67719083
    29.61000000    -0.67897185
    29.62000000    -0.68075658
    29.63000000    -0.68254500
    29.64000000    -0.68433713
    29.65000000    -0.68613296
    29.66000000    -0.68793252
    29.67000000    -0.68973579
    29.68000000    -0.69154279
    29.69000000    -0.69335352
    29.70000000    -0.69516798
    29.71000000    -0.69698619
    29.72000000    -0.69880814
    29.73000000    -0.70063384
    29.74000000    -0.70246329
    29.75000000    -0.70429651
    29.76000000    -0.70613349
    29.77000000    -0.70797424
    29.78000000    -0.70981877
    29.79000000    -0.71166707
    29.80000000    -0.71351916
    29.81000000    -0.71537505
    29.82000000    -0.71723472
    29.83000000    -0.71909820
    29.84000000    -0.72096548
    29.85000000    -0.72283658
    29.86000000    -0.72471149
    29.87000000    -0.72659021
    29.88000000    -0.72847277
    29.89000000    -0.73035915
    29.90000000    -0.73224937
    29.91000000    -0.73414343
    29.92000000    -0.73604133
    29.93000000    -0.73794309
    29.94000000    -0.73984870
    29.95000000    -0.74175817
    29.96000000    -0.74367150
    29.97000000    -0.74558871
    29.98000000    -0.74750979
    29.99000000    -0.74943475
