#nl2j    6    0    1
     0.01000000     0.00154845
     0.02000000     0.00309656
     0.03000000     0.00464400
     0.04000000     0.00619043
     0.05000000     0.00773551
     0.06000000     0.00927892
     0.07000000     0.01082031
     0.08000000     0.01235936
     0.09000000     0.01389572
     0.10000000     0.01542906
     0.11000000     0.01695906
     0.12000000     0.01848537
     0.13000000     0.02000767
     0.14000000     0.02152562
     0.15000000     0.02303890
     0.16000000     0.02454718
     0.17000000     0.02605013
     0.18000000     0.02754743
     0.19000000     0.02903874
     0.20000000     0.03052375
     0.21000000     0.03200214
     0.22000000     0.03347357
     0.23000000     0.03493774
     0.24000000     0.03639432
     0.25000000     0.03784300
     0.26000000     0.03928347
     0.27000000     0.04071541
     0.28000000     0.04213850
     0.29000000     0.04355245
     0.30000000     0.04495695
     0.31000000     0.04635168
     0.32000000     0.04773635
     0.33000000     0.04911066
     0.34000000     0.05047430
     0.35000000     0.05182699
     0.36000000     0.05316842
     0.37000000     0.05449832
     0.38000000     0.05581638
     0.39000000     0.05712232
     0.40000000     0.05841586
     0.41000000     0.05969672
     0.42000000     0.06096462
     0.43000000     0.06221928
     0.44000000     0.06346043
     0.45000000     0.06468781
     0.46000000     0.06590114
     0.47000000     0.06710017
     0.48000000     0.06828463
     0.49000000     0.06945426
     0.50000000     0.07060882
     0.51000000     0.07174804
     0.52000000     0.07287169
     0.53000000     0.07397952
     0.54000000     0.07507129
     0.55000000     0.07614676
     0.56000000     0.07720570
     0.57000000     0.07824788
     0.58000000     0.07927306
     0.59000000     0.08028104
     0.60000000     0.08127159
     0.61000000     0.08224450
     0.62000000     0.08319955
     0.63000000     0.08413654
     0.64000000     0.08505526
     0.65000000     0.08595551
     0.66000000     0.08683711
     0.67000000     0.08769985
     0.68000000     0.08854355
     0.69000000     0.08936803
     0.70000000     0.09017311
     0.71000000     0.09095861
     0.72000000     0.09172437
     0.73000000     0.09247021
     0.74000000     0.09319598
     0.75000000     0.09390151
     0.76000000     0.09458666
     0.77000000     0.09525127
     0.78000000     0.09589520
     0.79000000     0.09651832
     0.80000000     0.09712048
     0.81000000     0.09770156
     0.82000000     0.09826142
     0.83000000     0.09879996
     0.84000000     0.09931704
     0.85000000     0.09981256
     0.86000000     0.10028642
     0.87000000     0.10073850
     0.88000000     0.10116871
     0.89000000     0.10157696
     0.90000000     0.10196315
     0.91000000     0.10232721
     0.92000000     0.10266906
     0.93000000     0.10298862
     0.94000000     0.10328581
     0.95000000     0.10356059
     0.96000000     0.10381288
     0.97000000     0.10404264
     0.98000000     0.10424980
     0.99000000     0.10443434
     1.00000000     0.10459620
     1.01000000     0.10473536
     1.02000000     0.10485178
     1.03000000     0.10494543
     1.04000000     0.10501631
     1.05000000     0.10506438
     1.06000000     0.10508964
     1.07000000     0.10509210
     1.08000000     0.10507173
     1.09000000     0.10502856
     1.10000000     0.10496258
     1.11000000     0.10487382
     1.12000000     0.10476229
     1.13000000     0.10462802
     1.14000000     0.10447103
     1.15000000     0.10429137
     1.16000000     0.10408906
     1.17000000     0.10386416
     1.18000000     0.10361670
     1.19000000     0.10334676
     1.20000000     0.10305438
     1.21000000     0.10273962
     1.22000000     0.10240256
     1.23000000     0.10204328
     1.24000000     0.10166184
     1.25000000     0.10125832
     1.26000000     0.10083283
     1.27000000     0.10038545
     1.28000000     0.09991627
     1.29000000     0.09942541
     1.30000000     0.09891296
     1.31000000     0.09837904
     1.32000000     0.09782376
     1.33000000     0.09724724
     1.34000000     0.09664961
     1.35000000     0.09603101
     1.36000000     0.09539155
     1.37000000     0.09473139
     1.38000000     0.09405066
     1.39000000     0.09334951
     1.40000000     0.09262810
     1.41000000     0.09188658
     1.42000000     0.09112512
     1.43000000     0.09034387
     1.44000000     0.08954301
     1.45000000     0.08872271
     1.46000000     0.08788316
     1.47000000     0.08702452
     1.48000000     0.08614699
     1.49000000     0.08525076
     1.50000000     0.08433603
     1.51000000     0.08340299
     1.52000000     0.08245184
     1.53000000     0.08148279
     1.54000000     0.08049606
     1.55000000     0.07949185
     1.56000000     0.07847038
     1.57000000     0.07743188
     1.58000000     0.07637658
     1.59000000     0.07530469
     1.60000000     0.07421645
     1.61000000     0.07311211
     1.62000000     0.07199189
     1.63000000     0.07085605
     1.64000000     0.06970482
     1.65000000     0.06853847
     1.66000000     0.06735723
     1.67000000     0.06616138
     1.68000000     0.06495116
     1.69000000     0.06372684
     1.70000000     0.06248869
     1.71000000     0.06123698
     1.72000000     0.05997197
     1.73000000     0.05869395
     1.74000000     0.05740318
     1.75000000     0.05609995
     1.76000000     0.05478455
     1.77000000     0.05345725
     1.78000000     0.05211835
     1.79000000     0.05076814
     1.80000000     0.04940691
     1.81000000     0.04803495
     1.82000000     0.04665256
     1.83000000     0.04526005
     1.84000000     0.04385772
     1.85000000     0.04244586
     1.86000000     0.04102479
     1.87000000     0.03959482
     1.88000000     0.03815625
     1.89000000     0.03670940
     1.90000000     0.03525458
     1.91000000     0.03379211
     1.92000000     0.03232230
     1.93000000     0.03084548
     1.94000000     0.02936196
     1.95000000     0.02787207
     1.96000000     0.02637613
     1.97000000     0.02487447
     1.98000000     0.02336740
     1.99000000     0.02185527
     2.00000000     0.02033839
     2.01000000     0.01881709
     2.02000000     0.01729171
     2.03000000     0.01576258
     2.04000000     0.01423003
     2.05000000     0.01269439
     2.06000000     0.01115599
     2.07000000     0.00961517
     2.08000000     0.00807226
     2.09000000     0.00652761
     2.10000000     0.00498153
     2.11000000     0.00343438
     2.12000000     0.00188648
     2.13000000     0.00033816
     2.14000000    -0.00121022
     2.15000000    -0.00275834
     2.16000000    -0.00430586
     2.17000000    -0.00585245
     2.18000000    -0.00739777
     2.19000000    -0.00894148
     2.20000000    -0.01048325
     2.21000000    -0.01202275
     2.22000000    -0.01355964
     2.23000000    -0.01509358
     2.24000000    -0.01662425
     2.25000000    -0.01815131
     2.26000000    -0.01967443
     2.27000000    -0.02119328
     2.28000000    -0.02270753
     2.29000000    -0.02421686
     2.30000000    -0.02572093
     2.31000000    -0.02721941
     2.32000000    -0.02871199
     2.33000000    -0.03019834
     2.34000000    -0.03167813
     2.35000000    -0.03315105
     2.36000000    -0.03461678
     2.37000000    -0.03607499
     2.38000000    -0.03752538
     2.39000000    -0.03896762
     2.40000000    -0.04040140
     2.41000000    -0.04182642
     2.42000000    -0.04324236
     2.43000000    -0.04464892
     2.44000000    -0.04604579
     2.45000000    -0.04743267
     2.46000000    -0.04880925
     2.47000000    -0.05017524
     2.48000000    -0.05153035
     2.49000000    -0.05287427
     2.50000000    -0.05420672
     2.51000000    -0.05552741
     2.52000000    -0.05683604
     2.53000000    -0.05813235
     2.54000000    -0.05941604
     2.55000000    -0.06068684
     2.56000000    -0.06194447
     2.57000000    -0.06318867
     2.58000000    -0.06441915
     2.59000000    -0.06563565
     2.60000000    -0.06683791
     2.61000000    -0.06802567
     2.62000000    -0.06919867
     2.63000000    -0.07035666
     2.64000000    -0.07149938
     2.65000000    -0.07262659
     2.66000000    -0.07373804
     2.67000000    -0.07483350
     2.68000000    -0.07591271
     2.69000000    -0.07697546
     2.70000000    -0.07802151
     2.71000000    -0.07905063
     2.72000000    -0.08006261
     2.73000000    -0.08105721
     2.74000000    -0.08203423
     2.75000000    -0.08299345
     2.76000000    -0.08393467
     2.77000000    -0.08485768
     2.78000000    -0.08576228
     2.79000000    -0.08664827
     2.80000000    -0.08751547
     2.81000000    -0.08836369
     2.82000000    -0.08919274
     2.83000000    -0.09000244
     2.84000000    -0.09079261
     2.85000000    -0.09156310
     2.86000000    -0.09231372
     2.87000000    -0.09304432
     2.88000000    -0.09375474
     2.89000000    -0.09444482
     2.90000000    -0.09511442
     2.91000000    -0.09576338
     2.92000000    -0.09639158
     2.93000000    -0.09699887
     2.94000000    -0.09758512
     2.95000000    -0.09815021
     2.96000000    -0.09869401
     2.97000000    -0.09921641
     2.98000000    -0.09971729
     2.99000000    -0.10019655
     3.00000000    -0.10065408
     3.01000000    -0.10108977
     3.02000000    -0.10150355
     3.03000000    -0.10189532
     3.04000000    -0.10226499
     3.05000000    -0.10261248
     3.06000000    -0.10293772
     3.07000000    -0.10324064
     3.08000000    -0.10352118
     3.09000000    -0.10377927
     3.10000000    -0.10401486
     3.11000000    -0.10422790
     3.12000000    -0.10441833
     3.13000000    -0.10458613
     3.14000000    -0.10473125
     3.15000000    -0.10485367
     3.16000000    -0.10495336
     3.17000000    -0.10503029
     3.18000000    -0.10508445
     3.19000000    -0.10511583
     3.20000000    -0.10512443
     3.21000000    -0.10511023
     3.22000000    -0.10507326
     3.23000000    -0.10501350
     3.24000000    -0.10493099
     3.25000000    -0.10482572
     3.26000000    -0.10469774
     3.27000000    -0.10454707
     3.28000000    -0.10437373
     3.29000000    -0.10417778
     3.30000000    -0.10395925
     3.31000000    -0.10371818
     3.32000000    -0.10345464
     3.33000000    -0.10316868
     3.34000000    -0.10286037
     3.35000000    -0.10252976
     3.36000000    -0.10217694
     3.37000000    -0.10180198
     3.38000000    -0.10140495
     3.39000000    -0.10098596
     3.40000000    -0.10054509
     3.41000000    -0.10008243
     3.42000000    -0.09959809
     3.43000000    -0.09909217
     3.44000000    -0.09856479
     3.45000000    -0.09801605
     3.46000000    -0.09744608
     3.47000000    -0.09685500
     3.48000000    -0.09624294
     3.49000000    -0.09561004
     3.50000000    -0.09495642
     3.51000000    -0.09428225
     3.52000000    -0.09358765
     3.53000000    -0.09287278
     3.54000000    -0.09213780
     3.55000000    -0.09138287
     3.56000000    -0.09060815
     3.57000000    -0.08981380
     3.58000000    -0.08900002
     3.59000000    -0.08816696
     3.60000000    -0.08731481
     3.61000000    -0.08644376
     3.62000000    -0.08555399
     3.63000000    -0.08464570
     3.64000000    -0.08371909
     3.65000000    -0.08277436
     3.66000000    -0.08181171
     3.67000000    -0.08083135
     3.68000000    -0.07983349
     3.69000000    -0.07881836
     3.70000000    -0.07778617
     3.71000000    -0.07673715
     3.72000000    -0.07567152
     3.73000000    -0.07458952
     3.74000000    -0.07349138
     3.75000000    -0.07237734
     3.76000000    -0.07124764
     3.77000000    -0.07010252
     3.78000000    -0.06894224
     3.79000000    -0.06776705
     3.80000000    -0.06657720
     3.81000000    -0.06537294
     3.82000000    -0.06415455
     3.83000000    -0.06292229
     3.84000000    -0.06167641
     3.85000000    -0.06041720
     3.86000000    -0.05914493
     3.87000000    -0.05785987
     3.88000000    -0.05656230
     3.89000000    -0.05525250
     3.90000000    -0.05393075
     3.91000000    -0.05259735
     3.92000000    -0.05125258
     3.93000000    -0.04989673
     3.94000000    -0.04853010
     3.95000000    -0.04715298
     3.96000000    -0.04576567
     3.97000000    -0.04436847
     3.98000000    -0.04296169
     3.99000000    -0.04154562
     4.00000000    -0.04012058
     4.01000000    -0.03868688
     4.02000000    -0.03724481
     4.03000000    -0.03579471
     4.04000000    -0.03433687
     4.05000000    -0.03287162
     4.06000000    -0.03139927
     4.07000000    -0.02992014
     4.08000000    -0.02843455
     4.09000000    -0.02694282
     4.10000000    -0.02544528
     4.11000000    -0.02394224
     4.12000000    -0.02243404
     4.13000000    -0.02092100
     4.14000000    -0.01940344
     4.15000000    -0.01788169
     4.16000000    -0.01635609
     4.17000000    -0.01482696
     4.18000000    -0.01329463
     4.19000000    -0.01175944
     4.20000000    -0.01022171
     4.21000000    -0.00868177
     4.22000000    -0.00713996
     4.23000000    -0.00559662
     4.24000000    -0.00405206
     4.25000000    -0.00250663
     4.26000000    -0.00096067
     4.27000000     0.00058551
     4.28000000     0.00213155
     4.29000000     0.00367714
     4.30000000     0.00522194
     4.31000000     0.00676561
     4.32000000     0.00830783
     4.33000000     0.00984825
     4.34000000     0.01138656
     4.35000000     0.01292241
     4.36000000     0.01445548
     4.37000000     0.01598544
     4.38000000     0.01751196
     4.39000000     0.01903472
     4.40000000     0.02055337
     4.41000000     0.02206761
     4.42000000     0.02357710
     4.43000000     0.02508151
     4.44000000     0.02658054
     4.45000000     0.02807385
     4.46000000     0.02956112
     4.47000000     0.03104204
     4.48000000     0.03251629
     4.49000000     0.03398356
     4.50000000     0.03544352
     4.51000000     0.03689587
     4.52000000     0.03834029
     4.53000000     0.03977648
     4.54000000     0.04120413
     4.55000000     0.04262294
     4.56000000     0.04403259
     4.57000000     0.04543280
     4.58000000     0.04682326
     4.59000000     0.04820368
     4.60000000     0.04957375
     4.61000000     0.05093320
     4.62000000     0.05228172
     4.63000000     0.05361904
     4.64000000     0.05494487
     4.65000000     0.05625892
     4.66000000     0.05756092
     4.67000000     0.05885059
     4.68000000     0.06012766
     4.69000000     0.06139185
     4.70000000     0.06264290
     4.71000000     0.06388055
     4.72000000     0.06510452
     4.73000000     0.06631457
     4.74000000     0.06751044
     4.75000000     0.06869186
     4.76000000     0.06985861
     4.77000000     0.07101042
     4.78000000     0.07214706
     4.79000000     0.07326828
     4.80000000     0.07437386
     4.81000000     0.07546355
     4.82000000     0.07653714
     4.83000000     0.07759439
     4.84000000     0.07863508
     4.85000000     0.07965900
     4.86000000     0.08066593
     4.87000000     0.08165567
     4.88000000     0.08262800
     4.89000000     0.08358272
     4.90000000     0.08451964
     4.91000000     0.08543855
     4.92000000     0.08633928
     4.93000000     0.08722163
     4.94000000     0.08808542
     4.95000000     0.08893047
     4.96000000     0.08975661
     4.97000000     0.09056367
     4.98000000     0.09135149
     4.99000000     0.09211989
     5.00000000     0.09286873
     5.01000000     0.09359786
     5.02000000     0.09430711
     5.03000000     0.09499636
     5.04000000     0.09566546
     5.05000000     0.09631427
     5.06000000     0.09694268
     5.07000000     0.09755054
     5.08000000     0.09813774
     5.09000000     0.09870416
     5.10000000     0.09924969
     5.11000000     0.09977422
     5.12000000     0.10027766
     5.13000000     0.10075989
     5.14000000     0.10122083
     5.15000000     0.10166039
     5.16000000     0.10207849
     5.17000000     0.10247504
     5.18000000     0.10284997
     5.19000000     0.10320321
     5.20000000     0.10353470
     5.21000000     0.10384437
     5.22000000     0.10413217
     5.23000000     0.10439805
     5.24000000     0.10464197
     5.25000000     0.10486387
     5.26000000     0.10506373
     5.27000000     0.10524152
     5.28000000     0.10539720
     5.29000000     0.10553076
     5.30000000     0.10564218
     5.31000000     0.10573144
     5.32000000     0.10579855
     5.33000000     0.10584348
     5.34000000     0.10586626
     5.35000000     0.10586689
     5.36000000     0.10584537
     5.37000000     0.10580172
     5.38000000     0.10573598
     5.39000000     0.10564815
     5.40000000     0.10553828
     5.41000000     0.10540639
     5.42000000     0.10525254
     5.43000000     0.10507676
     5.44000000     0.10487910
     5.45000000     0.10465962
     5.46000000     0.10441839
     5.47000000     0.10415545
     5.48000000     0.10387089
     5.49000000     0.10356476
     5.50000000     0.10323717
     5.51000000     0.10288817
     5.52000000     0.10251787
     5.53000000     0.10212635
     5.54000000     0.10171370
     5.55000000     0.10128004
     5.56000000     0.10082546
     5.57000000     0.10035007
     5.58000000     0.09985399
     5.59000000     0.09933733
     5.60000000     0.09880022
     5.61000000     0.09824278
     5.62000000     0.09766514
     5.63000000     0.09706744
     5.64000000     0.09644981
     5.65000000     0.09581241
     5.66000000     0.09515537
     5.67000000     0.09447885
     5.68000000     0.09378300
     5.69000000     0.09306798
     5.70000000     0.09233396
     5.71000000     0.09158110
     5.72000000     0.09080957
     5.73000000     0.09001954
     5.74000000     0.08921120
     5.75000000     0.08838473
     5.76000000     0.08754030
     5.77000000     0.08667812
     5.78000000     0.08579836
     5.79000000     0.08490123
     5.80000000     0.08398693
     5.81000000     0.08305566
     5.82000000     0.08210762
     5.83000000     0.08114302
     5.84000000     0.08016208
     5.85000000     0.07916501
     5.86000000     0.07815203
     5.87000000     0.07712335
     5.88000000     0.07607921
     5.89000000     0.07501983
     5.90000000     0.07394543
     5.91000000     0.07285626
     5.92000000     0.07175255
     5.93000000     0.07063453
     5.94000000     0.06950244
     5.95000000     0.06835654
     5.96000000     0.06719705
     5.97000000     0.06602423
     5.98000000     0.06483834
     5.99000000     0.06363961
     6.00000000     0.06242831
     6.01000000     0.06120469
     6.02000000     0.05996901
     6.03000000     0.05872153
     6.04000000     0.05746250
     6.05000000     0.05619220
     6.06000000     0.05491089
     6.07000000     0.05361884
     6.08000000     0.05231631
     6.09000000     0.05100357
     6.10000000     0.04968090
     6.11000000     0.04834857
     6.12000000     0.04700685
     6.13000000     0.04565601
     6.14000000     0.04429634
     6.15000000     0.04292810
     6.16000000     0.04155158
     6.17000000     0.04016706
     6.18000000     0.03877482
     6.19000000     0.03737513
     6.20000000     0.03596828
     6.21000000     0.03455455
     6.22000000     0.03313422
     6.23000000     0.03170758
     6.24000000     0.03027490
     6.25000000     0.02883648
     6.26000000     0.02739259
     6.27000000     0.02594351
     6.28000000     0.02448954
     6.29000000     0.02303095
     6.30000000     0.02156803
     6.31000000     0.02010106
     6.32000000     0.01863032
     6.33000000     0.01715611
     6.34000000     0.01567869
     6.35000000     0.01419835
     6.36000000     0.01271537
     6.37000000     0.01123004
     6.38000000     0.00974263
     6.39000000     0.00825342
     6.40000000     0.00676270
     6.41000000     0.00527073
     6.42000000     0.00377779
     6.43000000     0.00228416
     6.44000000     0.00079012
     6.45000000    -0.00070407
     6.46000000    -0.00219813
     6.47000000    -0.00369179
     6.48000000    -0.00518479
     6.49000000    -0.00667685
     6.50000000    -0.00816771
     6.51000000    -0.00965711
     6.52000000    -0.01114478
     6.53000000    -0.01263046
     6.54000000    -0.01411390
     6.55000000    -0.01559483
     6.56000000    -0.01707300
     6.57000000    -0.01854816
     6.58000000    -0.02002006
     6.59000000    -0.02148844
     6.60000000    -0.02295307
     6.61000000    -0.02441369
     6.62000000    -0.02587006
     6.63000000    -0.02732195
     6.64000000    -0.02876911
     6.65000000    -0.03021132
     6.66000000    -0.03164833
     6.67000000    -0.03307993
     6.68000000    -0.03450587
     6.69000000    -0.03592594
     6.70000000    -0.03733992
     6.71000000    -0.03874758
     6.72000000    -0.04014870
     6.73000000    -0.04154309
     6.74000000    -0.04293051
     6.75000000    -0.04431077
     6.76000000    -0.04568367
     6.77000000    -0.04704899
     6.78000000    -0.04840654
     6.79000000    -0.04975613
     6.80000000    -0.05109756
     6.81000000    -0.05243065
     6.82000000    -0.05375520
     6.83000000    -0.05507103
     6.84000000    -0.05637797
     6.85000000    -0.05767583
     6.86000000    -0.05896445
     6.87000000    -0.06024365
     6.88000000    -0.06151327
     6.89000000    -0.06277315
     6.90000000    -0.06402312
     6.91000000    -0.06526303
     6.92000000    -0.06649272
     6.93000000    -0.06771205
     6.94000000    -0.06892088
     6.95000000    -0.07011905
     6.96000000    -0.07130643
     6.97000000    -0.07248288
     6.98000000    -0.07364828
     6.99000000    -0.07480249
     7.00000000    -0.07594539
     7.01000000    -0.07707686
     7.02000000    -0.07819677
     7.03000000    -0.07930503
     7.04000000    -0.08040151
     7.05000000    -0.08148611
     7.06000000    -0.08255873
     7.07000000    -0.08361926
     7.08000000    -0.08466761
     7.09000000    -0.08570369
     7.10000000    -0.08672741
     7.11000000    -0.08773867
     7.12000000    -0.08873741
     7.13000000    -0.08972355
     7.14000000    -0.09069699
     7.15000000    -0.09165769
     7.16000000    -0.09260556
     7.17000000    -0.09354054
     7.18000000    -0.09446258
     7.19000000    -0.09537161
     7.20000000    -0.09626758
     7.21000000    -0.09715044
     7.22000000    -0.09802013
     7.23000000    -0.09887663
     7.24000000    -0.09971988
     7.25000000    -0.10054985
     7.26000000    -0.10136651
     7.27000000    -0.10216982
     7.28000000    -0.10295975
     7.29000000    -0.10373629
     7.30000000    -0.10449940
     7.31000000    -0.10524908
     7.32000000    -0.10598530
     7.33000000    -0.10670806
     7.34000000    -0.10741734
     7.35000000    -0.10811314
     7.36000000    -0.10879545
     7.37000000    -0.10946428
     7.38000000    -0.11011963
     7.39000000    -0.11076150
     7.40000000    -0.11138990
     7.41000000    -0.11200484
     7.42000000    -0.11260634
     7.43000000    -0.11319441
     7.44000000    -0.11376908
     7.45000000    -0.11433035
     7.46000000    -0.11487826
     7.47000000    -0.11541284
     7.48000000    -0.11593411
     7.49000000    -0.11644210
     7.50000000    -0.11693686
     7.51000000    -0.11741840
     7.52000000    -0.11788678
     7.53000000    -0.11834204
     7.54000000    -0.11878421
     7.55000000    -0.11921335
     7.56000000    -0.11962949
     7.57000000    -0.12003270
     7.58000000    -0.12042301
     7.59000000    -0.12080049
     7.60000000    -0.12116519
     7.61000000    -0.12151716
     7.62000000    -0.12185647
     7.63000000    -0.12218318
     7.64000000    -0.12249735
     7.65000000    -0.12279903
     7.66000000    -0.12308831
     7.67000000    -0.12336524
     7.68000000    -0.12362990
     7.69000000    -0.12388235
     7.70000000    -0.12412266
     7.71000000    -0.12435092
     7.72000000    -0.12456719
     7.73000000    -0.12477156
     7.74000000    -0.12496409
     7.75000000    -0.12514486
     7.76000000    -0.12531396
     7.77000000    -0.12547147
     7.78000000    -0.12561746
     7.79000000    -0.12575203
     7.80000000    -0.12587525
     7.81000000    -0.12598721
     7.82000000    -0.12608799
     7.83000000    -0.12617768
     7.84000000    -0.12625637
     7.85000000    -0.12632415
     7.86000000    -0.12638110
     7.87000000    -0.12642731
     7.88000000    -0.12646288
     7.89000000    -0.12648789
     7.90000000    -0.12650244
     7.91000000    -0.12650662
     7.92000000    -0.12650052
     7.93000000    -0.12648422
     7.94000000    -0.12645784
     7.95000000    -0.12642145
     7.96000000    -0.12637515
     7.97000000    -0.12631904
     7.98000000    -0.12625322
     7.99000000    -0.12617776
     8.00000000    -0.12609278
     8.01000000    -0.12599837
     8.02000000    -0.12589461
     8.03000000    -0.12578161
     8.04000000    -0.12565946
     8.05000000    -0.12552826
     8.06000000    -0.12538809
     8.07000000    -0.12523907
     8.08000000    -0.12508127
     8.09000000    -0.12491481
     8.10000000    -0.12473976
     8.11000000    -0.12455623
     8.12000000    -0.12436432
     8.13000000    -0.12416411
     8.14000000    -0.12395570
     8.15000000    -0.12373918
     8.16000000    -0.12351465
     8.17000000    -0.12328221
     8.18000000    -0.12304194
     8.19000000    -0.12279394
     8.20000000    -0.12253830
     8.21000000    -0.12227511
     8.22000000    -0.12200446
     8.23000000    -0.12172646
     8.24000000    -0.12144118
     8.25000000    -0.12114871
     8.26000000    -0.12084916
     8.27000000    -0.12054260
     8.28000000    -0.12022913
     8.29000000    -0.11990884
     8.30000000    -0.11958181
     8.31000000    -0.11924813
     8.32000000    -0.11890789
     8.33000000    -0.11856117
     8.34000000    -0.11820806
     8.35000000    -0.11784865
     8.36000000    -0.11748302
     8.37000000    -0.11711126
     8.38000000    -0.11673344
     8.39000000    -0.11634966
     8.40000000    -0.11595998
     8.41000000    -0.11556451
     8.42000000    -0.11516330
     8.43000000    -0.11475646
     8.44000000    -0.11434405
     8.45000000    -0.11392615
     8.46000000    -0.11350285
     8.47000000    -0.11307422
     8.48000000    -0.11264033
     8.49000000    -0.11220127
     8.50000000    -0.11175711
     8.51000000    -0.11130792
     8.52000000    -0.11085378
     8.53000000    -0.11039476
     8.54000000    -0.10993093
     8.55000000    -0.10946237
     8.56000000    -0.10898915
     8.57000000    -0.10851133
     8.58000000    -0.10802899
     8.59000000    -0.10754220
     8.60000000    -0.10705102
     8.61000000    -0.10655552
     8.62000000    -0.10605577
     8.63000000    -0.10555183
     8.64000000    -0.10504378
     8.65000000    -0.10453166
     8.66000000    -0.10401556
     8.67000000    -0.10349553
     8.68000000    -0.10297163
     8.69000000    -0.10244393
     8.70000000    -0.10191248
     8.71000000    -0.10137735
     8.72000000    -0.10083860
     8.73000000    -0.10029628
     8.74000000    -0.09975045
     8.75000000    -0.09920118
     8.76000000    -0.09864851
     8.77000000    -0.09809251
     8.78000000    -0.09753322
     8.79000000    -0.09697071
     8.80000000    -0.09640502
     8.81000000    -0.09583622
     8.82000000    -0.09526434
     8.83000000    -0.09468945
     8.84000000    -0.09411160
     8.85000000    -0.09353083
     8.86000000    -0.09294720
     8.87000000    -0.09236075
     8.88000000    -0.09177154
     8.89000000    -0.09117961
     8.90000000    -0.09058500
     8.91000000    -0.08998777
     8.92000000    -0.08938796
     8.93000000    -0.08878562
     8.94000000    -0.08818079
     8.95000000    -0.08757351
     8.96000000    -0.08696384
     8.97000000    -0.08635180
     8.98000000    -0.08573744
     8.99000000    -0.08512081
     9.00000000    -0.08450195
     9.01000000    -0.08388089
     9.02000000    -0.08325768
     9.03000000    -0.08263235
     9.04000000    -0.08200495
     9.05000000    -0.08137551
     9.06000000    -0.08074407
     9.07000000    -0.08011066
     9.08000000    -0.07947533
     9.09000000    -0.07883810
     9.10000000    -0.07819902
     9.11000000    -0.07755812
     9.12000000    -0.07691543
     9.13000000    -0.07627099
     9.14000000    -0.07562483
     9.15000000    -0.07497699
     9.16000000    -0.07432748
     9.17000000    -0.07367636
     9.18000000    -0.07302364
     9.19000000    -0.07236937
     9.20000000    -0.07171356
     9.21000000    -0.07105625
     9.22000000    -0.07039748
     9.23000000    -0.06973726
     9.24000000    -0.06907562
     9.25000000    -0.06841260
     9.26000000    -0.06774823
     9.27000000    -0.06708252
     9.28000000    -0.06641551
     9.29000000    -0.06574722
     9.30000000    -0.06507768
     9.31000000    -0.06440692
     9.32000000    -0.06373495
     9.33000000    -0.06306181
     9.34000000    -0.06238752
     9.35000000    -0.06171210
     9.36000000    -0.06103557
     9.37000000    -0.06035797
     9.38000000    -0.05967930
     9.39000000    -0.05899960
     9.40000000    -0.05831889
     9.41000000    -0.05763719
     9.42000000    -0.05695451
     9.43000000    -0.05627089
     9.44000000    -0.05558633
     9.45000000    -0.05490087
     9.46000000    -0.05421452
     9.47000000    -0.05352731
     9.48000000    -0.05283924
     9.49000000    -0.05215034
     9.50000000    -0.05146064
     9.51000000    -0.05077014
     9.52000000    -0.05007886
     9.53000000    -0.04938683
     9.54000000    -0.04869406
     9.55000000    -0.04800057
     9.56000000    -0.04730638
     9.57000000    -0.04661150
     9.58000000    -0.04591594
     9.59000000    -0.04521973
     9.60000000    -0.04452289
     9.61000000    -0.04382542
     9.62000000    -0.04312734
     9.63000000    -0.04242867
     9.64000000    -0.04172942
     9.65000000    -0.04102961
     9.66000000    -0.04032925
     9.67000000    -0.03962835
     9.68000000    -0.03892694
     9.69000000    -0.03822502
     9.70000000    -0.03752261
     9.71000000    -0.03681972
     9.72000000    -0.03611636
     9.73000000    -0.03541255
     9.74000000    -0.03470830
     9.75000000    -0.03400362
     9.76000000    -0.03329852
     9.77000000    -0.03259302
     9.78000000    -0.03188713
     9.79000000    -0.03118086
     9.80000000    -0.03047423
     9.81000000    -0.02976723
     9.82000000    -0.02905989
     9.83000000    -0.02835222
     9.84000000    -0.02764422
     9.85000000    -0.02693591
     9.86000000    -0.02622730
     9.87000000    -0.02551839
     9.88000000    -0.02480920
     9.89000000    -0.02409974
     9.90000000    -0.02339002
     9.91000000    -0.02268005
     9.92000000    -0.02196983
     9.93000000    -0.02125939
     9.94000000    -0.02054871
     9.95000000    -0.01983783
     9.96000000    -0.01912673
     9.97000000    -0.01841545
     9.98000000    -0.01770397
     9.99000000    -0.01699231
    10.00000000    -0.01628049
    10.01000000    -0.01556850
    10.02000000    -0.01485635
    10.03000000    -0.01414406
    10.04000000    -0.01343164
    10.05000000    -0.01271908
    10.06000000    -0.01200640
    10.07000000    -0.01129361
    10.08000000    -0.01058070
    10.09000000    -0.00986770
    10.10000000    -0.00915461
    10.11000000    -0.00844143
    10.12000000    -0.00772818
    10.13000000    -0.00701485
    10.14000000    -0.00630146
    10.15000000    -0.00558801
    10.16000000    -0.00487452
    10.17000000    -0.00416098
    10.18000000    -0.00344740
    10.19000000    -0.00273379
    10.20000000    -0.00202016
    10.21000000    -0.00130651
    10.22000000    -0.00059285
    10.23000000     0.00012081
    10.24000000     0.00083448
    10.25000000     0.00154813
    10.26000000     0.00226178
    10.27000000     0.00297540
    10.28000000     0.00368900
    10.29000000     0.00440257
    10.30000000     0.00511611
    10.31000000     0.00582960
    10.32000000     0.00654304
    10.33000000     0.00725644
    10.34000000     0.00796977
    10.35000000     0.00868304
    10.36000000     0.00939624
    10.37000000     0.01010937
    10.38000000     0.01082242
    10.39000000     0.01153539
    10.40000000     0.01224826
    10.41000000     0.01296105
    10.42000000     0.01367373
    10.43000000     0.01438631
    10.44000000     0.01509878
    10.45000000     0.01581113
    10.46000000     0.01652337
    10.47000000     0.01723549
    10.48000000     0.01794747
    10.49000000     0.01865933
    10.50000000     0.01937105
    10.51000000     0.02008262
    10.52000000     0.02079406
    10.53000000     0.02150534
    10.54000000     0.02221646
    10.55000000     0.02292743
    10.56000000     0.02363824
    10.57000000     0.02434887
    10.58000000     0.02505934
    10.59000000     0.02576963
    10.60000000     0.02647974
    10.61000000     0.02718966
    10.62000000     0.02789940
    10.63000000     0.02860894
    10.64000000     0.02931829
    10.65000000     0.03002744
    10.66000000     0.03073638
    10.67000000     0.03144511
    10.68000000     0.03215364
    10.69000000     0.03286194
    10.70000000     0.03357003
    10.71000000     0.03427789
    10.72000000     0.03498553
    10.73000000     0.03569293
    10.74000000     0.03640010
    10.75000000     0.03710703
    10.76000000     0.03781372
    10.77000000     0.03852016
    10.78000000     0.03922636
    10.79000000     0.03993230
    10.80000000     0.04063798
    10.81000000     0.04134340
    10.82000000     0.04204856
    10.83000000     0.04275345
    10.84000000     0.04345807
    10.85000000     0.04416241
    10.86000000     0.04486648
    10.87000000     0.04557027
    10.88000000     0.04627377
    10.89000000     0.04697698
    10.90000000     0.04767990
    10.91000000     0.04838252
    10.92000000     0.04908485
    10.93000000     0.04978687
    10.94000000     0.05048859
    10.95000000     0.05119000
    10.96000000     0.05189110
    10.97000000     0.05259188
    10.98000000     0.05329235
    10.99000000     0.05399249
    11.00000000     0.05469231
    11.01000000     0.05539180
    11.02000000     0.05609096
    11.03000000     0.05678978
    11.04000000     0.05748826
    11.05000000     0.05818641
    11.06000000     0.05888421
    11.07000000     0.05958166
    11.08000000     0.06027876
    11.09000000     0.06097551
    11.10000000     0.06167190
    11.11000000     0.06236793
    11.12000000     0.06306360
    11.13000000     0.06375890
    11.14000000     0.06445383
    11.15000000     0.06514839
    11.16000000     0.06584257
    11.17000000     0.06653638
    11.18000000     0.06722980
    11.19000000     0.06792284
    11.20000000     0.06861549
    11.21000000     0.06930775
    11.22000000     0.06999961
    11.23000000     0.07069108
    11.24000000     0.07138214
    11.25000000     0.07207281
    11.26000000     0.07276307
    11.27000000     0.07345291
    11.28000000     0.07414235
    11.29000000     0.07483137
    11.30000000     0.07551997
    11.31000000     0.07620815
    11.32000000     0.07689591
    11.33000000     0.07758324
    11.34000000     0.07827014
    11.35000000     0.07895661
    11.36000000     0.07964264
    11.37000000     0.08032823
    11.38000000     0.08101338
    11.39000000     0.08169808
    11.40000000     0.08238234
    11.41000000     0.08306614
    11.42000000     0.08374949
    11.43000000     0.08443239
    11.44000000     0.08511482
    11.45000000     0.08579679
    11.46000000     0.08647830
    11.47000000     0.08715934
    11.48000000     0.08783990
    11.49000000     0.08852000
    11.50000000     0.08919961
    11.51000000     0.08987874
    11.52000000     0.09055740
    11.53000000     0.09123556
    11.54000000     0.09191324
    11.55000000     0.09259042
    11.56000000     0.09326711
    11.57000000     0.09394330
    11.58000000     0.09461899
    11.59000000     0.09529418
    11.60000000     0.09596886
    11.61000000     0.09664304
    11.62000000     0.09731670
    11.63000000     0.09798984
    11.64000000     0.09866247
    11.65000000     0.09933457
    11.66000000     0.10000616
    11.67000000     0.10067721
    11.68000000     0.10134774
    11.69000000     0.10201774
    11.70000000     0.10268720
    11.71000000     0.10335612
    11.72000000     0.10402450
    11.73000000     0.10469234
    11.74000000     0.10535963
    11.75000000     0.10602637
    11.76000000     0.10669256
    11.77000000     0.10735819
    11.78000000     0.10802327
    11.79000000     0.10868778
    11.80000000     0.10935173
    11.81000000     0.11001511
    11.82000000     0.11067793
    11.83000000     0.11134017
    11.84000000     0.11200184
    11.85000000     0.11266293
    11.86000000     0.11332344
    11.87000000     0.11398336
    11.88000000     0.11464270
    11.89000000     0.11530145
    11.90000000     0.11595961
    11.91000000     0.11661717
    11.92000000     0.11727413
    11.93000000     0.11793049
    11.94000000     0.11858625
    11.95000000     0.11924140
    11.96000000     0.11989595
    11.97000000     0.12054988
    11.98000000     0.12120320
    11.99000000     0.12185589
    12.00000000     0.12250797
    12.01000000     0.12315943
    12.02000000     0.12381026
    12.03000000     0.12446045
    12.04000000     0.12511002
    12.05000000     0.12575895
    12.06000000     0.12640725
    12.07000000     0.12705490
    12.08000000     0.12770191
    12.09000000     0.12834828
    12.10000000     0.12899400
    12.11000000     0.12963906
    12.12000000     0.13028347
    12.13000000     0.13092722
    12.14000000     0.13157032
    12.15000000     0.13221275
    12.16000000     0.13285451
    12.17000000     0.13349560
    12.18000000     0.13413603
    12.19000000     0.13477578
    12.20000000     0.13541485
    12.21000000     0.13605324
    12.22000000     0.13669095
    12.23000000     0.13732798
    12.24000000     0.13796431
    12.25000000     0.13859996
    12.26000000     0.13923491
    12.27000000     0.13986917
    12.28000000     0.14050272
    12.29000000     0.14113558
    12.30000000     0.14176772
    12.31000000     0.14239916
    12.32000000     0.14302989
    12.33000000     0.14365991
    12.34000000     0.14428921
    12.35000000     0.14491779
    12.36000000     0.14554565
    12.37000000     0.14617278
    12.38000000     0.14679919
    12.39000000     0.14742487
    12.40000000     0.14804981
    12.41000000     0.14867402
    12.42000000     0.14929749
    12.43000000     0.14992022
    12.44000000     0.15054221
    12.45000000     0.15116344
    12.46000000     0.15178393
    12.47000000     0.15240367
    12.48000000     0.15302265
    12.49000000     0.15364087
    12.50000000     0.15425833
    12.51000000     0.15487503
    12.52000000     0.15549096
    12.53000000     0.15610613
    12.54000000     0.15672052
    12.55000000     0.15733414
    12.56000000     0.15794698
    12.57000000     0.15855904
    12.58000000     0.15917032
    12.59000000     0.15978081
    12.60000000     0.16039051
    12.61000000     0.16099942
    12.62000000     0.16160754
    12.63000000     0.16221487
    12.64000000     0.16282139
    12.65000000     0.16342711
    12.66000000     0.16403203
    12.67000000     0.16463614
    12.68000000     0.16523944
    12.69000000     0.16584192
    12.70000000     0.16644360
    12.71000000     0.16704445
    12.72000000     0.16764448
    12.73000000     0.16824369
    12.74000000     0.16884207
    12.75000000     0.16943962
    12.76000000     0.17003634
    12.77000000     0.17063223
    12.78000000     0.17122728
    12.79000000     0.17182148
    12.80000000     0.17241485
    12.81000000     0.17300737
    12.82000000     0.17359904
    12.83000000     0.17418986
    12.84000000     0.17477983
    12.85000000     0.17536894
    12.86000000     0.17595720
    12.87000000     0.17654459
    12.88000000     0.17713111
    12.89000000     0.17771677
    12.90000000     0.17830156
    12.91000000     0.17888548
    12.92000000     0.17946853
    12.93000000     0.18005069
    12.94000000     0.18063198
    12.95000000     0.18121238
    12.96000000     0.18179190
    12.97000000     0.18237052
    12.98000000     0.18294826
    12.99000000     0.18352510
    13.00000000     0.18410105
    13.01000000     0.18467610
    13.02000000     0.18525025
    13.03000000     0.18582349
    13.04000000     0.18639583
    13.05000000     0.18696725
    13.06000000     0.18753777
    13.07000000     0.18810737
    13.08000000     0.18867605
    13.09000000     0.18924381
    13.10000000     0.18981065
    13.11000000     0.19037657
    13.12000000     0.19094156
    13.13000000     0.19150561
    13.14000000     0.19206874
    13.15000000     0.19263092
    13.16000000     0.19319217
    13.17000000     0.19375248
    13.18000000     0.19431185
    13.19000000     0.19487027
    13.20000000     0.19542774
    13.21000000     0.19598426
    13.22000000     0.19653982
    13.23000000     0.19709443
    13.24000000     0.19764808
    13.25000000     0.19820077
    13.26000000     0.19875250
    13.27000000     0.19930326
    13.28000000     0.19985305
    13.29000000     0.20040187
    13.30000000     0.20094971
    13.31000000     0.20149658
    13.32000000     0.20204246
    13.33000000     0.20258737
    13.34000000     0.20313129
    13.35000000     0.20367422
    13.36000000     0.20421617
    13.37000000     0.20475712
    13.38000000     0.20529708
    13.39000000     0.20583604
    13.40000000     0.20637400
    13.41000000     0.20691096
    13.42000000     0.20744692
    13.43000000     0.20798186
    13.44000000     0.20851580
    13.45000000     0.20904873
    13.46000000     0.20958064
    13.47000000     0.21011153
    13.48000000     0.21064141
    13.49000000     0.21117026
    13.50000000     0.21169809
    13.51000000     0.21222489
    13.52000000     0.21275066
    13.53000000     0.21327540
    13.54000000     0.21379911
    13.55000000     0.21432178
    13.56000000     0.21484341
    13.57000000     0.21536400
    13.58000000     0.21588354
    13.59000000     0.21640204
    13.60000000     0.21691949
    13.61000000     0.21743588
    13.62000000     0.21795123
    13.63000000     0.21846551
    13.64000000     0.21897874
    13.65000000     0.21949091
    13.66000000     0.22000201
    13.67000000     0.22051205
    13.68000000     0.22102102
    13.69000000     0.22152892
    13.70000000     0.22203574
    13.71000000     0.22254149
    13.72000000     0.22304616
    13.73000000     0.22354976
    13.74000000     0.22405227
    13.75000000     0.22455369
    13.76000000     0.22505403
    13.77000000     0.22555327
    13.78000000     0.22605143
    13.79000000     0.22654849
    13.80000000     0.22704445
    13.81000000     0.22753932
    13.82000000     0.22803308
    13.83000000     0.22852574
    13.84000000     0.22901730
    13.85000000     0.22950774
    13.86000000     0.22999708
    13.87000000     0.23048530
    13.88000000     0.23097240
    13.89000000     0.23145839
    13.90000000     0.23194326
    13.91000000     0.23242701
    13.92000000     0.23290963
    13.93000000     0.23339113
    13.94000000     0.23387149
    13.95000000     0.23435073
    13.96000000     0.23482883
    13.97000000     0.23530579
    13.98000000     0.23578162
    13.99000000     0.23625631
    14.00000000     0.23672985
    14.01000000     0.23720225
    14.02000000     0.23767350
    14.03000000     0.23814361
    14.04000000     0.23861256
    14.05000000     0.23908036
    14.06000000     0.23954700
    14.07000000     0.24001248
    14.08000000     0.24047681
    14.09000000     0.24093997
    14.10000000     0.24140196
    14.11000000     0.24186279
    14.12000000     0.24232245
    14.13000000     0.24278094
    14.14000000     0.24323825
    14.15000000     0.24369439
    14.16000000     0.24414935
    14.17000000     0.24460313
    14.18000000     0.24505573
    14.19000000     0.24550715
    14.20000000     0.24595738
    14.21000000     0.24640642
    14.22000000     0.24685426
    14.23000000     0.24730092
    14.24000000     0.24774638
    14.25000000     0.24819064
    14.26000000     0.24863371
    14.27000000     0.24907557
    14.28000000     0.24951623
    14.29000000     0.24995569
    14.30000000     0.25039393
    14.31000000     0.25083097
    14.32000000     0.25126679
    14.33000000     0.25170140
    14.34000000     0.25213480
    14.35000000     0.25256698
    14.36000000     0.25299793
    14.37000000     0.25342767
    14.38000000     0.25385618
    14.39000000     0.25428346
    14.40000000     0.25470952
    14.41000000     0.25513435
    14.42000000     0.25555794
    14.43000000     0.25598030
    14.44000000     0.25640142
    14.45000000     0.25682131
    14.46000000     0.25723995
    14.47000000     0.25765736
    14.48000000     0.25807351
    14.49000000     0.25848843
    14.50000000     0.25890209
    14.51000000     0.25931450
    14.52000000     0.25972566
    14.53000000     0.26013557
    14.54000000     0.26054422
    14.55000000     0.26095161
    14.56000000     0.26135775
    14.57000000     0.26176262
    14.58000000     0.26216622
    14.59000000     0.26256856
    14.60000000     0.26296964
    14.61000000     0.26336944
    14.62000000     0.26376797
    14.63000000     0.26416523
    14.64000000     0.26456121
    14.65000000     0.26495592
    14.66000000     0.26534935
    14.67000000     0.26574149
    14.68000000     0.26613235
    14.69000000     0.26652193
    14.70000000     0.26691022
    14.71000000     0.26729723
    14.72000000     0.26768294
    14.73000000     0.26806736
    14.74000000     0.26845049
    14.75000000     0.26883232
    14.76000000     0.26921285
    14.77000000     0.26959208
    14.78000000     0.26997001
    14.79000000     0.27034664
    14.80000000     0.27072197
    14.81000000     0.27109599
    14.82000000     0.27146869
    14.83000000     0.27184009
    14.84000000     0.27221018
    14.85000000     0.27257895
    14.86000000     0.27294641
    14.87000000     0.27331255
    14.88000000     0.27367737
    14.89000000     0.27404087
    14.90000000     0.27440305
    14.91000000     0.27476390
    14.92000000     0.27512343
    14.93000000     0.27548163
    14.94000000     0.27583850
    14.95000000     0.27619403
    14.96000000     0.27654824
    14.97000000     0.27690111
    14.98000000     0.27725265
    14.99000000     0.27760284
    15.00000000     0.27795170
    15.01000000     0.27829922
    15.02000000     0.27864539
    15.03000000     0.27899022
    15.04000000     0.27933370
    15.05000000     0.27967583
    15.06000000     0.28001662
    15.07000000     0.28035605
    15.08000000     0.28069413
    15.09000000     0.28103086
    15.10000000     0.28136623
    15.11000000     0.28170024
    15.12000000     0.28203289
    15.13000000     0.28236419
    15.14000000     0.28269412
    15.15000000     0.28302268
    15.16000000     0.28334988
    15.17000000     0.28367572
    15.18000000     0.28400018
    15.19000000     0.28432327
    15.20000000     0.28464500
    15.21000000     0.28496535
    15.22000000     0.28528432
    15.23000000     0.28560192
    15.24000000     0.28591814
    15.25000000     0.28623298
    15.26000000     0.28654643
    15.27000000     0.28685851
    15.28000000     0.28716920
    15.29000000     0.28747851
    15.30000000     0.28778643
    15.31000000     0.28809296
    15.32000000     0.28839810
    15.33000000     0.28870185
    15.34000000     0.28900421
    15.35000000     0.28930518
    15.36000000     0.28960474
    15.37000000     0.28990291
    15.38000000     0.29019968
    15.39000000     0.29049506
    15.40000000     0.29078903
    15.41000000     0.29108159
    15.42000000     0.29137276
    15.43000000     0.29166251
    15.44000000     0.29195086
    15.45000000     0.29223781
    15.46000000     0.29252334
    15.47000000     0.29280746
    15.48000000     0.29309017
    15.49000000     0.29337146
    15.50000000     0.29365134
    15.51000000     0.29392980
    15.52000000     0.29420685
    15.53000000     0.29448247
    15.54000000     0.29475668
    15.55000000     0.29502946
    15.56000000     0.29530082
    15.57000000     0.29557076
    15.58000000     0.29583927
    15.59000000     0.29610635
    15.60000000     0.29637200
    15.61000000     0.29663623
    15.62000000     0.29689902
    15.63000000     0.29716038
    15.64000000     0.29742031
    15.65000000     0.29767880
    15.66000000     0.29793586
    15.67000000     0.29819148
    15.68000000     0.29844566
    15.69000000     0.29869840
    15.70000000     0.29894970
    15.71000000     0.29919956
    15.72000000     0.29944798
    15.73000000     0.29969495
    15.74000000     0.29994048
    15.75000000     0.30018456
    15.76000000     0.30042719
    15.77000000     0.30066837
    15.78000000     0.30090810
    15.79000000     0.30114638
    15.80000000     0.30138321
    15.81000000     0.30161858
    15.82000000     0.30185250
    15.83000000     0.30208496
    15.84000000     0.30231597
    15.85000000     0.30254551
    15.86000000     0.30277360
    15.87000000     0.30300023
    15.88000000     0.30322540
    15.89000000     0.30344910
    15.90000000     0.30367134
    15.91000000     0.30389212
    15.92000000     0.30411143
    15.93000000     0.30432927
    15.94000000     0.30454564
    15.95000000     0.30476055
    15.96000000     0.30497398
    15.97000000     0.30518595
    15.98000000     0.30539644
    15.99000000     0.30560546
    16.00000000     0.30581301
    16.01000000     0.30601908
    16.02000000     0.30622367
    16.03000000     0.30642679
    16.04000000     0.30662843
    16.05000000     0.30682859
    16.06000000     0.30702727
    16.07000000     0.30722447
    16.08000000     0.30742019
    16.09000000     0.30761442
    16.10000000     0.30780718
    16.11000000     0.30799844
    16.12000000     0.30818822
    16.13000000     0.30837652
    16.14000000     0.30856333
    16.15000000     0.30874865
    16.16000000     0.30893248
    16.17000000     0.30911482
    16.18000000     0.30929566
    16.19000000     0.30947502
    16.20000000     0.30965289
    16.21000000     0.30982926
    16.22000000     0.31000414
    16.23000000     0.31017752
    16.24000000     0.31034940
    16.25000000     0.31051979
    16.26000000     0.31068868
    16.27000000     0.31085608
    16.28000000     0.31102197
    16.29000000     0.31118636
    16.30000000     0.31134925
    16.31000000     0.31151065
    16.32000000     0.31167053
    16.33000000     0.31182892
    16.34000000     0.31198580
    16.35000000     0.31214118
    16.36000000     0.31229505
    16.37000000     0.31244741
    16.38000000     0.31259827
    16.39000000     0.31274762
    16.40000000     0.31289546
    16.41000000     0.31304180
    16.42000000     0.31318662
    16.43000000     0.31332993
    16.44000000     0.31347173
    16.45000000     0.31361202
    16.46000000     0.31375080
    16.47000000     0.31388806
    16.48000000     0.31402381
    16.49000000     0.31415805
    16.50000000     0.31429077
    16.51000000     0.31442197
    16.52000000     0.31455166
    16.53000000     0.31467983
    16.54000000     0.31480648
    16.55000000     0.31493162
    16.56000000     0.31505523
    16.57000000     0.31517733
    16.58000000     0.31529791
    16.59000000     0.31541696
    16.60000000     0.31553450
    16.61000000     0.31565051
    16.62000000     0.31576500
    16.63000000     0.31587797
    16.64000000     0.31598941
    16.65000000     0.31609933
    16.66000000     0.31620772
    16.67000000     0.31631459
    16.68000000     0.31641994
    16.69000000     0.31652376
    16.70000000     0.31662605
    16.71000000     0.31672682
    16.72000000     0.31682605
    16.73000000     0.31692376
    16.74000000     0.31701994
    16.75000000     0.31711460
    16.76000000     0.31720772
    16.77000000     0.31729931
    16.78000000     0.31738937
    16.79000000     0.31747791
    16.80000000     0.31756491
    16.81000000     0.31765038
    16.82000000     0.31773431
    16.83000000     0.31781672
    16.84000000     0.31789759
    16.85000000     0.31797693
    16.86000000     0.31805473
    16.87000000     0.31813101
    16.88000000     0.31820574
    16.89000000     0.31827895
    16.90000000     0.31835061
    16.91000000     0.31842074
    16.92000000     0.31848934
    16.93000000     0.31855640
    16.94000000     0.31862193
    16.95000000     0.31868591
    16.96000000     0.31874836
    16.97000000     0.31880928
    16.98000000     0.31886865
    16.99000000     0.31892649
    17.00000000     0.31898279
    17.01000000     0.31903755
    17.02000000     0.31909077
    17.03000000     0.31914246
    17.04000000     0.31919260
    17.05000000     0.31924121
    17.06000000     0.31928827
    17.07000000     0.31933380
    17.08000000     0.31937778
    17.09000000     0.31942023
    17.10000000     0.31946113
    17.11000000     0.31950050
    17.12000000     0.31953832
    17.13000000     0.31957460
    17.14000000     0.31960935
    17.15000000     0.31964254
    17.16000000     0.31967420
    17.17000000     0.31970432
    17.18000000     0.31973289
    17.19000000     0.31975993
    17.20000000     0.31978542
    17.21000000     0.31980936
    17.22000000     0.31983177
    17.23000000     0.31985263
    17.24000000     0.31987195
    17.25000000     0.31988973
    17.26000000     0.31990597
    17.27000000     0.31992066
    17.28000000     0.31993381
    17.29000000     0.31994542
    17.30000000     0.31995548
    17.31000000     0.31996400
    17.32000000     0.31997098
    17.33000000     0.31997641
    17.34000000     0.31998030
    17.35000000     0.31998265
    17.36000000     0.31998346
    17.37000000     0.31998272
    17.38000000     0.31998044
    17.39000000     0.31997661
    17.40000000     0.31997124
    17.41000000     0.31996433
    17.42000000     0.31995588
    17.43000000     0.31994588
    17.44000000     0.31993434
    17.45000000     0.31992126
    17.46000000     0.31990663
    17.47000000     0.31989046
    17.48000000     0.31987275
    17.49000000     0.31985350
    17.50000000     0.31983270
    17.51000000     0.31981036
    17.52000000     0.31978648
    17.53000000     0.31976105
    17.54000000     0.31973409
    17.55000000     0.31970558
    17.56000000     0.31967553
    17.57000000     0.31964394
    17.58000000     0.31961081
    17.59000000     0.31957613
    17.60000000     0.31953992
    17.61000000     0.31950216
    17.62000000     0.31946286
    17.63000000     0.31942202
    17.64000000     0.31937964
    17.65000000     0.31933573
    17.66000000     0.31929027
    17.67000000     0.31924327
    17.68000000     0.31919473
    17.69000000     0.31914465
    17.70000000     0.31909303
    17.71000000     0.31903988
    17.72000000     0.31898518
    17.73000000     0.31892895
    17.74000000     0.31887118
    17.75000000     0.31881187
    17.76000000     0.31875102
    17.77000000     0.31868864
    17.78000000     0.31862472
    17.79000000     0.31855926
    17.80000000     0.31849227
    17.81000000     0.31842374
    17.82000000     0.31835368
    17.83000000     0.31828207
    17.84000000     0.31820894
    17.85000000     0.31813427
    17.86000000     0.31805806
    17.87000000     0.31798033
    17.88000000     0.31790106
    17.89000000     0.31782025
    17.90000000     0.31773791
    17.91000000     0.31765404
    17.92000000     0.31756864
    17.93000000     0.31748171
    17.94000000     0.31739324
    17.95000000     0.31730325
    17.96000000     0.31721172
    17.97000000     0.31711867
    17.98000000     0.31702408
    17.99000000     0.31692797
    18.00000000     0.31683033
    18.01000000     0.31673116
    18.02000000     0.31663046
    18.03000000     0.31652823
    18.04000000     0.31642448
    18.05000000     0.31631921
    18.06000000     0.31621240
    18.07000000     0.31610408
    18.08000000     0.31599423
    18.09000000     0.31588285
    18.10000000     0.31576995
    18.11000000     0.31565553
    18.12000000     0.31553958
    18.13000000     0.31542212
    18.14000000     0.31530313
    18.15000000     0.31518262
    18.16000000     0.31506059
    18.17000000     0.31493705
    18.18000000     0.31481198
    18.19000000     0.31468540
    18.20000000     0.31455729
    18.21000000     0.31442767
    18.22000000     0.31429654
    18.23000000     0.31416389
    18.24000000     0.31402972
    18.25000000     0.31389404
    18.26000000     0.31375685
    18.27000000     0.31361814
    18.28000000     0.31347792
    18.29000000     0.31333619
    18.30000000     0.31319294
    18.31000000     0.31304819
    18.32000000     0.31290193
    18.33000000     0.31275415
    18.34000000     0.31260487
    18.35000000     0.31245409
    18.36000000     0.31230179
    18.37000000     0.31214799
    18.38000000     0.31199268
    18.39000000     0.31183587
    18.40000000     0.31167756
    18.41000000     0.31151774
    18.42000000     0.31135642
    18.43000000     0.31119360
    18.44000000     0.31102927
    18.45000000     0.31086345
    18.46000000     0.31069613
    18.47000000     0.31052731
    18.48000000     0.31035699
    18.49000000     0.31018518
    18.50000000     0.31001186
    18.51000000     0.30983706
    18.52000000     0.30966076
    18.53000000     0.30948297
    18.54000000     0.30930368
    18.55000000     0.30912290
    18.56000000     0.30894063
    18.57000000     0.30875688
    18.58000000     0.30857163
    18.59000000     0.30838489
    18.60000000     0.30819667
    18.61000000     0.30800696
    18.62000000     0.30781577
    18.63000000     0.30762309
    18.64000000     0.30742893
    18.65000000     0.30723328
    18.66000000     0.30703615
    18.67000000     0.30683755
    18.68000000     0.30663746
    18.69000000     0.30643589
    18.70000000     0.30623285
    18.71000000     0.30602833
    18.72000000     0.30582233
    18.73000000     0.30561486
    18.74000000     0.30540592
    18.75000000     0.30519550
    18.76000000     0.30498361
    18.77000000     0.30477025
    18.78000000     0.30455542
    18.79000000     0.30433912
    18.80000000     0.30412135
    18.81000000     0.30390212
    18.82000000     0.30368142
    18.83000000     0.30345925
    18.84000000     0.30323562
    18.85000000     0.30301054
    18.86000000     0.30278398
    18.87000000     0.30255597
    18.88000000     0.30232650
    18.89000000     0.30209557
    18.90000000     0.30186319
    18.91000000     0.30162935
    18.92000000     0.30139405
    18.93000000     0.30115730
    18.94000000     0.30091910
    18.95000000     0.30067945
    18.96000000     0.30043834
    18.97000000     0.30019579
    18.98000000     0.29995179
    18.99000000     0.29970635
    19.00000000     0.29945945
    19.01000000     0.29921112
    19.02000000     0.29896134
    19.03000000     0.29871012
    19.04000000     0.29845746
    19.05000000     0.29820336
    19.06000000     0.29794782
    19.07000000     0.29769084
    19.08000000     0.29743243
    19.09000000     0.29717259
    19.10000000     0.29691131
    19.11000000     0.29664860
    19.12000000     0.29638446
    19.13000000     0.29611889
    19.14000000     0.29585189
    19.15000000     0.29558346
    19.16000000     0.29531361
    19.17000000     0.29504233
    19.18000000     0.29476964
    19.19000000     0.29449552
    19.20000000     0.29421998
    19.21000000     0.29394302
    19.22000000     0.29366464
    19.23000000     0.29338485
    19.24000000     0.29310364
    19.25000000     0.29282102
    19.26000000     0.29253699
    19.27000000     0.29225154
    19.28000000     0.29196469
    19.29000000     0.29167643
    19.30000000     0.29138676
    19.31000000     0.29109569
    19.32000000     0.29080321
    19.33000000     0.29050933
    19.34000000     0.29021405
    19.35000000     0.28991737
    19.36000000     0.28961929
    19.37000000     0.28931981
    19.38000000     0.28901894
    19.39000000     0.28871668
    19.40000000     0.28841302
    19.41000000     0.28810798
    19.42000000     0.28780154
    19.43000000     0.28749371
    19.44000000     0.28718450
    19.45000000     0.28687391
    19.46000000     0.28656193
    19.47000000     0.28624856
    19.48000000     0.28593382
    19.49000000     0.28561770
    19.50000000     0.28530020
    19.51000000     0.28498133
    19.52000000     0.28466108
    19.53000000     0.28433945
    19.54000000     0.28401646
    19.55000000     0.28369210
    19.56000000     0.28336637
    19.57000000     0.28303927
    19.58000000     0.28271081
    19.59000000     0.28238098
    19.60000000     0.28204979
    19.61000000     0.28171725
    19.62000000     0.28138334
    19.63000000     0.28104808
    19.64000000     0.28071146
    19.65000000     0.28037348
    19.66000000     0.28003416
    19.67000000     0.27969348
    19.68000000     0.27935146
    19.69000000     0.27900809
    19.70000000     0.27866337
    19.71000000     0.27831731
    19.72000000     0.27796991
    19.73000000     0.27762116
    19.74000000     0.27727108
    19.75000000     0.27691966
    19.76000000     0.27656690
    19.77000000     0.27621281
    19.78000000     0.27585739
    19.79000000     0.27550064
    19.80000000     0.27514256
    19.81000000     0.27478315
    19.82000000     0.27442242
    19.83000000     0.27406037
    19.84000000     0.27369699
    19.85000000     0.27333229
    19.86000000     0.27296628
    19.87000000     0.27259894
    19.88000000     0.27223030
    19.89000000     0.27186034
    19.90000000     0.27148907
    19.91000000     0.27111649
    19.92000000     0.27074260
    19.93000000     0.27036741
    19.94000000     0.26999091
    19.95000000     0.26961311
    19.96000000     0.26923401
    19.97000000     0.26885361
    19.98000000     0.26847192
    19.99000000     0.26808893
    20.00000000     0.26770465
    20.01000000     0.26731908
    20.02000000     0.26693221
    20.03000000     0.26654406
    20.04000000     0.26615463
    20.05000000     0.26576391
    20.06000000     0.26537191
    20.07000000     0.26497863
    20.08000000     0.26458407
    20.09000000     0.26418824
    20.10000000     0.26379113
    20.11000000     0.26339275
    20.12000000     0.26299310
    20.13000000     0.26259218
    20.14000000     0.26219000
    20.15000000     0.26178655
    20.16000000     0.26138184
    20.17000000     0.26097586
    20.18000000     0.26056863
    20.19000000     0.26016014
    20.20000000     0.25975040
    20.21000000     0.25933941
    20.22000000     0.25892716
    20.23000000     0.25851367
    20.24000000     0.25809892
    20.25000000     0.25768294
    20.26000000     0.25726571
    20.27000000     0.25684724
    20.28000000     0.25642753
    20.29000000     0.25600659
    20.30000000     0.25558441
    20.31000000     0.25516100
    20.32000000     0.25473635
    20.33000000     0.25431048
    20.34000000     0.25388339
    20.35000000     0.25345506
    20.36000000     0.25302552
    20.37000000     0.25259476
    20.38000000     0.25216277
    20.39000000     0.25172957
    20.40000000     0.25129516
    20.41000000     0.25085954
    20.42000000     0.25042270
    20.43000000     0.24998466
    20.44000000     0.24954541
    20.45000000     0.24910496
    20.46000000     0.24866331
    20.47000000     0.24822046
    20.48000000     0.24777641
    20.49000000     0.24733117
    20.50000000     0.24688473
    20.51000000     0.24643710
    20.52000000     0.24598829
    20.53000000     0.24553828
    20.54000000     0.24508710
    20.55000000     0.24463473
    20.56000000     0.24418118
    20.57000000     0.24372646
    20.58000000     0.24327056
    20.59000000     0.24281348
    20.60000000     0.24235524
    20.61000000     0.24189582
    20.62000000     0.24143524
    20.63000000     0.24097350
    20.64000000     0.24051059
    20.65000000     0.24004652
    20.66000000     0.23958130
    20.67000000     0.23911492
    20.68000000     0.23864739
    20.69000000     0.23817870
    20.70000000     0.23770887
    20.71000000     0.23723789
    20.72000000     0.23676577
    20.73000000     0.23629250
    20.74000000     0.23581810
    20.75000000     0.23534256
    20.76000000     0.23486588
    20.77000000     0.23438807
    20.78000000     0.23390913
    20.79000000     0.23342906
    20.80000000     0.23294787
    20.81000000     0.23246555
    20.82000000     0.23198212
    20.83000000     0.23149756
    20.84000000     0.23101189
    20.85000000     0.23052510
    20.86000000     0.23003720
    20.87000000     0.22954819
    20.88000000     0.22905808
    20.89000000     0.22856686
    20.90000000     0.22807453
    20.91000000     0.22758111
    20.92000000     0.22708659
    20.93000000     0.22659098
    20.94000000     0.22609427
    20.95000000     0.22559647
    20.96000000     0.22509758
    20.97000000     0.22459761
    20.98000000     0.22409656
    20.99000000     0.22359442
    21.00000000     0.22309121
    21.01000000     0.22258692
    21.02000000     0.22208155
    21.03000000     0.22157512
    21.04000000     0.22106762
    21.05000000     0.22055905
    21.06000000     0.22004942
    21.07000000     0.21953872
    21.08000000     0.21902697
    21.09000000     0.21851416
    21.10000000     0.21800030
    21.11000000     0.21748538
    21.12000000     0.21696942
    21.13000000     0.21645241
    21.14000000     0.21593436
    21.15000000     0.21541526
    21.16000000     0.21489513
    21.17000000     0.21437396
    21.18000000     0.21385176
    21.19000000     0.21332852
    21.20000000     0.21280426
    21.21000000     0.21227897
    21.22000000     0.21175265
    21.23000000     0.21122532
    21.24000000     0.21069696
    21.25000000     0.21016759
    21.26000000     0.20963721
    21.27000000     0.20910582
    21.28000000     0.20857341
    21.29000000     0.20804001
    21.30000000     0.20750559
    21.31000000     0.20697018
    21.32000000     0.20643377
    21.33000000     0.20589636
    21.34000000     0.20535796
    21.35000000     0.20481857
    21.36000000     0.20427820
    21.37000000     0.20373683
    21.38000000     0.20319449
    21.39000000     0.20265116
    21.40000000     0.20210686
    21.41000000     0.20156158
    21.42000000     0.20101534
    21.43000000     0.20046812
    21.44000000     0.19991993
    21.45000000     0.19937078
    21.46000000     0.19882067
    21.47000000     0.19826960
    21.48000000     0.19771757
    21.49000000     0.19716460
    21.50000000     0.19661066
    21.51000000     0.19605579
    21.52000000     0.19549996
    21.53000000     0.19494320
    21.54000000     0.19438549
    21.55000000     0.19382684
    21.56000000     0.19326726
    21.57000000     0.19270675
    21.58000000     0.19214531
    21.59000000     0.19158294
    21.60000000     0.19101965
    21.61000000     0.19045544
    21.62000000     0.18989031
    21.63000000     0.18932426
    21.64000000     0.18875730
    21.65000000     0.18818943
    21.66000000     0.18762066
    21.67000000     0.18705097
    21.68000000     0.18648039
    21.69000000     0.18590890
    21.70000000     0.18533652
    21.71000000     0.18476325
    21.72000000     0.18418908
    21.73000000     0.18361403
    21.74000000     0.18303809
    21.75000000     0.18246127
    21.76000000     0.18188357
    21.77000000     0.18130499
    21.78000000     0.18072554
    21.79000000     0.18014521
    21.80000000     0.17956402
    21.81000000     0.17898196
    21.82000000     0.17839903
    21.83000000     0.17781525
    21.84000000     0.17723061
    21.85000000     0.17664512
    21.86000000     0.17605877
    21.87000000     0.17547157
    21.88000000     0.17488353
    21.89000000     0.17429464
    21.90000000     0.17370492
    21.91000000     0.17311435
    21.92000000     0.17252295
    21.93000000     0.17193072
    21.94000000     0.17133766
    21.95000000     0.17074377
    21.96000000     0.17014906
    21.97000000     0.16955353
    21.98000000     0.16895719
    21.99000000     0.16836002
    22.00000000     0.16776205
    22.01000000     0.16716326
    22.02000000     0.16656367
    22.03000000     0.16596328
    22.04000000     0.16536209
    22.05000000     0.16476009
    22.06000000     0.16415731
    22.07000000     0.16355373
    22.08000000     0.16294936
    22.09000000     0.16234421
    22.10000000     0.16173828
    22.11000000     0.16113156
    22.12000000     0.16052407
    22.13000000     0.15991580
    22.14000000     0.15930676
    22.15000000     0.15869696
    22.16000000     0.15808639
    22.17000000     0.15747505
    22.18000000     0.15686296
    22.19000000     0.15625011
    22.20000000     0.15563651
    22.21000000     0.15502215
    22.22000000     0.15440705
    22.23000000     0.15379121
    22.24000000     0.15317462
    22.25000000     0.15255729
    22.26000000     0.15193923
    22.27000000     0.15132043
    22.28000000     0.15070091
    22.29000000     0.15008066
    22.30000000     0.14945968
    22.31000000     0.14883799
    22.32000000     0.14821557
    22.33000000     0.14759244
    22.34000000     0.14696860
    22.35000000     0.14634406
    22.36000000     0.14571880
    22.37000000     0.14509284
    22.38000000     0.14446619
    22.39000000     0.14383883
    22.40000000     0.14321078
    22.41000000     0.14258204
    22.42000000     0.14195262
    22.43000000     0.14132251
    22.44000000     0.14069172
    22.45000000     0.14006025
    22.46000000     0.13942810
    22.47000000     0.13879528
    22.48000000     0.13816179
    22.49000000     0.13752764
    22.50000000     0.13689282
    22.51000000     0.13625734
    22.52000000     0.13562121
    22.53000000     0.13498442
    22.54000000     0.13434698
    22.55000000     0.13370889
    22.56000000     0.13307016
    22.57000000     0.13243079
    22.58000000     0.13179077
    22.59000000     0.13115012
    22.60000000     0.13050884
    22.61000000     0.12986693
    22.62000000     0.12922440
    22.63000000     0.12858124
    22.64000000     0.12793746
    22.65000000     0.12729306
    22.66000000     0.12664805
    22.67000000     0.12600243
    22.68000000     0.12535620
    22.69000000     0.12470936
    22.70000000     0.12406193
    22.71000000     0.12341389
    22.72000000     0.12276526
    22.73000000     0.12211604
    22.74000000     0.12146623
    22.75000000     0.12081584
    22.76000000     0.12016486
    22.77000000     0.11951330
    22.78000000     0.11886117
    22.79000000     0.11820846
    22.80000000     0.11755518
    22.81000000     0.11690134
    22.82000000     0.11624693
    22.83000000     0.11559196
    22.84000000     0.11493644
    22.85000000     0.11428036
    22.86000000     0.11362372
    22.87000000     0.11296654
    22.88000000     0.11230882
    22.89000000     0.11165055
    22.90000000     0.11099175
    22.91000000     0.11033241
    22.92000000     0.10967254
    22.93000000     0.10901214
    22.94000000     0.10835121
    22.95000000     0.10768976
    22.96000000     0.10702779
    22.97000000     0.10636531
    22.98000000     0.10570231
    22.99000000     0.10503880
    23.00000000     0.10437479
    23.01000000     0.10371027
    23.02000000     0.10304526
    23.03000000     0.10237974
    23.04000000     0.10171373
    23.05000000     0.10104723
    23.06000000     0.10038025
    23.07000000     0.09971278
    23.08000000     0.09904483
    23.09000000     0.09837640
    23.10000000     0.09770750
    23.11000000     0.09703812
    23.12000000     0.09636828
    23.13000000     0.09569797
    23.14000000     0.09502721
    23.15000000     0.09435598
    23.16000000     0.09368430
    23.17000000     0.09301216
    23.18000000     0.09233958
    23.19000000     0.09166655
    23.20000000     0.09099308
    23.21000000     0.09031918
    23.22000000     0.08964483
    23.23000000     0.08897006
    23.24000000     0.08829485
    23.25000000     0.08761922
    23.26000000     0.08694317
    23.27000000     0.08626669
    23.28000000     0.08558980
    23.29000000     0.08491250
    23.30000000     0.08423479
    23.31000000     0.08355667
    23.32000000     0.08287815
    23.33000000     0.08219923
    23.34000000     0.08151992
    23.35000000     0.08084021
    23.36000000     0.08016011
    23.37000000     0.07947962
    23.38000000     0.07879875
    23.39000000     0.07811750
    23.40000000     0.07743588
    23.41000000     0.07675388
    23.42000000     0.07607151
    23.43000000     0.07538877
    23.44000000     0.07470567
    23.45000000     0.07402221
    23.46000000     0.07333839
    23.47000000     0.07265422
    23.48000000     0.07196970
    23.49000000     0.07128483
    23.50000000     0.07059962
    23.51000000     0.06991407
    23.52000000     0.06922818
    23.53000000     0.06854195
    23.54000000     0.06785540
    23.55000000     0.06716851
    23.56000000     0.06648131
    23.57000000     0.06579378
    23.58000000     0.06510594
    23.59000000     0.06441778
    23.60000000     0.06372931
    23.61000000     0.06304054
    23.62000000     0.06235146
    23.63000000     0.06166208
    23.64000000     0.06097240
    23.65000000     0.06028243
    23.66000000     0.05959217
    23.67000000     0.05890162
    23.68000000     0.05821078
    23.69000000     0.05751967
    23.70000000     0.05682828
    23.71000000     0.05613661
    23.72000000     0.05544467
    23.73000000     0.05475247
    23.74000000     0.05406000
    23.75000000     0.05336727
    23.76000000     0.05267429
    23.77000000     0.05198105
    23.78000000     0.05128755
    23.79000000     0.05059382
    23.80000000     0.04989983
    23.81000000     0.04920561
    23.82000000     0.04851115
    23.83000000     0.04781646
    23.84000000     0.04712153
    23.85000000     0.04642638
    23.86000000     0.04573100
    23.87000000     0.04503541
    23.88000000     0.04433959
    23.89000000     0.04364357
    23.90000000     0.04294733
    23.91000000     0.04225088
    23.92000000     0.04155423
    23.93000000     0.04085738
    23.94000000     0.04016034
    23.95000000     0.03946310
    23.96000000     0.03876567
    23.97000000     0.03806805
    23.98000000     0.03737025
    23.99000000     0.03667227
    24.00000000     0.03597411
    24.01000000     0.03527578
    24.02000000     0.03457728
    24.03000000     0.03387861
    24.04000000     0.03317978
    24.05000000     0.03248078
    24.06000000     0.03178164
    24.07000000     0.03108233
    24.08000000     0.03038288
    24.09000000     0.02968328
    24.10000000     0.02898354
    24.11000000     0.02828366
    24.12000000     0.02758364
    24.13000000     0.02688349
    24.14000000     0.02618321
    24.15000000     0.02548281
    24.16000000     0.02478228
    24.17000000     0.02408163
    24.18000000     0.02338087
    24.19000000     0.02267999
    24.20000000     0.02197900
    24.21000000     0.02127791
    24.22000000     0.02057671
    24.23000000     0.01987542
    24.24000000     0.01917403
    24.25000000     0.01847254
    24.26000000     0.01777097
    24.27000000     0.01706931
    24.28000000     0.01636757
    24.29000000     0.01566575
    24.30000000     0.01496386
    24.31000000     0.01426189
    24.32000000     0.01355986
    24.33000000     0.01285775
    24.34000000     0.01215559
    24.35000000     0.01145337
    24.36000000     0.01075109
    24.37000000     0.01004876
    24.38000000     0.00934639
    24.39000000     0.00864396
    24.40000000     0.00794150
    24.41000000     0.00723900
    24.42000000     0.00653646
    24.43000000     0.00583389
    24.44000000     0.00513129
    24.45000000     0.00442867
    24.46000000     0.00372603
    24.47000000     0.00302337
    24.48000000     0.00232069
    24.49000000     0.00161801
    24.50000000     0.00091531
    24.51000000     0.00021261
    24.52000000    -0.00049009
    24.53000000    -0.00119279
    24.54000000    -0.00189548
    24.55000000    -0.00259816
    24.56000000    -0.00330083
    24.57000000    -0.00400349
    24.58000000    -0.00470612
    24.59000000    -0.00540873
    24.60000000    -0.00611132
    24.61000000    -0.00681388
    24.62000000    -0.00751640
    24.63000000    -0.00821889
    24.64000000    -0.00892134
    24.65000000    -0.00962374
    24.66000000    -0.01032610
    24.67000000    -0.01102841
    24.68000000    -0.01173066
    24.69000000    -0.01243286
    24.70000000    -0.01313500
    24.71000000    -0.01383708
    24.72000000    -0.01453909
    24.73000000    -0.01524103
    24.74000000    -0.01594289
    24.75000000    -0.01664468
    24.76000000    -0.01734639
    24.77000000    -0.01804801
    24.78000000    -0.01874955
    24.79000000    -0.01945100
    24.80000000    -0.02015235
    24.81000000    -0.02085361
    24.82000000    -0.02155476
    24.83000000    -0.02225581
    24.84000000    -0.02295676
    24.85000000    -0.02365759
    24.86000000    -0.02435831
    24.87000000    -0.02505891
    24.88000000    -0.02575939
    24.89000000    -0.02645975
    24.90000000    -0.02715998
    24.91000000    -0.02786008
    24.92000000    -0.02856004
    24.93000000    -0.02925987
    24.94000000    -0.02995955
    24.95000000    -0.03065909
    24.96000000    -0.03135849
    24.97000000    -0.03205773
    24.98000000    -0.03275682
    24.99000000    -0.03345574
    25.00000000    -0.03415451
    25.01000000    -0.03485311
    25.02000000    -0.03555155
    25.03000000    -0.03624981
    25.04000000    -0.03694790
    25.05000000    -0.03764581
    25.06000000    -0.03834354
    25.07000000    -0.03904108
    25.08000000    -0.03973844
    25.09000000    -0.04043560
    25.10000000    -0.04113257
    25.11000000    -0.04182934
    25.12000000    -0.04252591
    25.13000000    -0.04322228
    25.14000000    -0.04391843
    25.15000000    -0.04461438
    25.16000000    -0.04531010
    25.17000000    -0.04600561
    25.18000000    -0.04670090
    25.19000000    -0.04739596
    25.20000000    -0.04809080
    25.21000000    -0.04878540
    25.22000000    -0.04947977
    25.23000000    -0.05017390
    25.24000000    -0.05086778
    25.25000000    -0.05156142
    25.26000000    -0.05225482
    25.27000000    -0.05294796
    25.28000000    -0.05364084
    25.29000000    -0.05433347
    25.30000000    -0.05502583
    25.31000000    -0.05571793
    25.32000000    -0.05640976
    25.33000000    -0.05710132
    25.34000000    -0.05779260
    25.35000000    -0.05848361
    25.36000000    -0.05917433
    25.37000000    -0.05986477
    25.38000000    -0.06055491
    25.39000000    -0.06124477
    25.40000000    -0.06193433
    25.41000000    -0.06262359
    25.42000000    -0.06331255
    25.43000000    -0.06400121
    25.44000000    -0.06468955
    25.45000000    -0.06537759
    25.46000000    -0.06606531
    25.47000000    -0.06675271
    25.48000000    -0.06743978
    25.49000000    -0.06812654
    25.50000000    -0.06881296
    25.51000000    -0.06949905
    25.52000000    -0.07018481
    25.53000000    -0.07087023
    25.54000000    -0.07155531
    25.55000000    -0.07224004
    25.56000000    -0.07292442
    25.57000000    -0.07360845
    25.58000000    -0.07429213
    25.59000000    -0.07497545
    25.60000000    -0.07565841
    25.61000000    -0.07634100
    25.62000000    -0.07702322
    25.63000000    -0.07770508
    25.64000000    -0.07838655
    25.65000000    -0.07906765
    25.66000000    -0.07974837
    25.67000000    -0.08042871
    25.68000000    -0.08110865
    25.69000000    -0.08178821
    25.70000000    -0.08246737
    25.71000000    -0.08314613
    25.72000000    -0.08382449
    25.73000000    -0.08450245
    25.74000000    -0.08518000
    25.75000000    -0.08585714
    25.76000000    -0.08653386
    25.77000000    -0.08721017
    25.78000000    -0.08788606
    25.79000000    -0.08856152
    25.80000000    -0.08923656
    25.81000000    -0.08991116
    25.82000000    -0.09058534
    25.83000000    -0.09125907
    25.84000000    -0.09193237
    25.85000000    -0.09260522
    25.86000000    -0.09327762
    25.87000000    -0.09394958
    25.88000000    -0.09462108
    25.89000000    -0.09529213
    25.90000000    -0.09596271
    25.91000000    -0.09663284
    25.92000000    -0.09730250
    25.93000000    -0.09797168
    25.94000000    -0.09864040
    25.95000000    -0.09930864
    25.96000000    -0.09997640
    25.97000000    -0.10064368
    25.98000000    -0.10131047
    25.99000000    -0.10197678
    26.00000000    -0.10264259
    26.01000000    -0.10330791
    26.02000000    -0.10397273
    26.03000000    -0.10463705
    26.04000000    -0.10530086
    26.05000000    -0.10596417
    26.06000000    -0.10662697
    26.07000000    -0.10728925
    26.08000000    -0.10795101
    26.09000000    -0.10861225
    26.10000000    -0.10927297
    26.11000000    -0.10993317
    26.12000000    -0.11059283
    26.13000000    -0.11125196
    26.14000000    -0.11191055
    26.15000000    -0.11256860
    26.16000000    -0.11322611
    26.17000000    -0.11388307
    26.18000000    -0.11453949
    26.19000000    -0.11519535
    26.20000000    -0.11585066
    26.21000000    -0.11650541
    26.22000000    -0.11715959
    26.23000000    -0.11781321
    26.24000000    -0.11846626
    26.25000000    -0.11911875
    26.26000000    -0.11977065
    26.27000000    -0.12042198
    26.28000000    -0.12107273
    26.29000000    -0.12172290
    26.30000000    -0.12237247
    26.31000000    -0.12302146
    26.32000000    -0.12366985
    26.33000000    -0.12431765
    26.34000000    -0.12496485
    26.35000000    -0.12561145
    26.36000000    -0.12625744
    26.37000000    -0.12690282
    26.38000000    -0.12754759
    26.39000000    -0.12819174
    26.40000000    -0.12883528
    26.41000000    -0.12947819
    26.42000000    -0.13012048
    26.43000000    -0.13076214
    26.44000000    -0.13140317
    26.45000000    -0.13204357
    26.46000000    -0.13268333
    26.47000000    -0.13332245
    26.48000000    -0.13396093
    26.49000000    -0.13459876
    26.50000000    -0.13523595
    26.51000000    -0.13587248
    26.52000000    -0.13650835
    26.53000000    -0.13714357
    26.54000000    -0.13777813
    26.55000000    -0.13841202
    26.56000000    -0.13904524
    26.57000000    -0.13967780
    26.58000000    -0.14030968
    26.59000000    -0.14094088
    26.60000000    -0.14157140
    26.61000000    -0.14220124
    26.62000000    -0.14283040
    26.63000000    -0.14345886
    26.64000000    -0.14408664
    26.65000000    -0.14471372
    26.66000000    -0.14534010
    26.67000000    -0.14596578
    26.68000000    -0.14659076
    26.69000000    -0.14721503
    26.70000000    -0.14783859
    26.71000000    -0.14846143
    26.72000000    -0.14908356
    26.73000000    -0.14970498
    26.74000000    -0.15032566
    26.75000000    -0.15094563
    26.76000000    -0.15156487
    26.77000000    -0.15218337
    26.78000000    -0.15280114
    26.79000000    -0.15341818
    26.80000000    -0.15403447
    26.81000000    -0.15465003
    26.82000000    -0.15526483
    26.83000000    -0.15587889
    26.84000000    -0.15649220
    26.85000000    -0.15710475
    26.86000000    -0.15771654
    26.87000000    -0.15832758
    26.88000000    -0.15893784
    26.89000000    -0.15954735
    26.90000000    -0.16015608
    26.91000000    -0.16076404
    26.92000000    -0.16137123
    26.93000000    -0.16197764
    26.94000000    -0.16258326
    26.95000000    -0.16318810
    26.96000000    -0.16379216
    26.97000000    -0.16439543
    26.98000000    -0.16499790
    26.99000000    -0.16559958
    27.00000000    -0.16620045
    27.01000000    -0.16680053
    27.02000000    -0.16739980
    27.03000000    -0.16799827
    27.04000000    -0.16859592
    27.05000000    -0.16919276
    27.06000000    -0.16978879
    27.07000000    -0.17038400
    27.08000000    -0.17097838
    27.09000000    -0.17157194
    27.10000000    -0.17216468
    27.11000000    -0.17275658
    27.12000000    -0.17334765
    27.13000000    -0.17393788
    27.14000000    -0.17452728
    27.15000000    -0.17511583
    27.16000000    -0.17570354
    27.17000000    -0.17629040
    27.18000000    -0.17687641
    27.19000000    -0.17746157
    27.20000000    -0.17804587
    27.21000000    -0.17862932
    27.22000000    -0.17921190
    27.23000000    -0.17979362
    27.24000000    -0.18037447
    27.25000000    -0.18095445
    27.26000000    -0.18153356
    27.27000000    -0.18211179
    27.28000000    -0.18268915
    27.29000000    -0.18326562
    27.30000000    -0.18384121
    27.31000000    -0.18441591
    27.32000000    -0.18498973
    27.33000000    -0.18556265
    27.34000000    -0.18613467
    27.35000000    -0.18670580
    27.36000000    -0.18727603
    27.37000000    -0.18784536
    27.38000000    -0.18841378
    27.39000000    -0.18898129
    27.40000000    -0.18954789
    27.41000000    -0.19011357
    27.42000000    -0.19067834
    27.43000000    -0.19124219
    27.44000000    -0.19180512
    27.45000000    -0.19236712
    27.46000000    -0.19292819
    27.47000000    -0.19348834
    27.48000000    -0.19404755
    27.49000000    -0.19460582
    27.50000000    -0.19516316
    27.51000000    -0.19571955
    27.52000000    -0.19627501
    27.53000000    -0.19682951
    27.54000000    -0.19738307
    27.55000000    -0.19793567
    27.56000000    -0.19848732
    27.57000000    -0.19903801
    27.58000000    -0.19958774
    27.59000000    -0.20013651
    27.60000000    -0.20068431
    27.61000000    -0.20123115
    27.62000000    -0.20177702
    27.63000000    -0.20232191
    27.64000000    -0.20286582
    27.65000000    -0.20340876
    27.66000000    -0.20395072
    27.67000000    -0.20449169
    27.68000000    -0.20503168
    27.69000000    -0.20557068
    27.70000000    -0.20610869
    27.71000000    -0.20664570
    27.72000000    -0.20718172
    27.73000000    -0.20771674
    27.74000000    -0.20825075
    27.75000000    -0.20878377
    27.76000000    -0.20931577
    27.77000000    -0.20984677
    27.78000000    -0.21037675
    27.79000000    -0.21090572
    27.80000000    -0.21143367
    27.81000000    -0.21196060
    27.82000000    -0.21248651
    27.83000000    -0.21301140
    27.84000000    -0.21353525
    27.85000000    -0.21405808
    27.86000000    -0.21457988
    27.87000000    -0.21510064
    27.88000000    -0.21562036
    27.89000000    -0.21613905
    27.90000000    -0.21665669
    27.91000000    -0.21717328
    27.92000000    -0.21768883
    27.93000000    -0.21820333
    27.94000000    -0.21871678
    27.95000000    -0.21922917
    27.96000000    -0.21974051
    27.97000000    -0.22025078
    27.98000000    -0.22075999
    27.99000000    -0.22126814
    28.00000000    -0.22177522
    28.01000000    -0.22228124
    28.02000000    -0.22278618
    28.03000000    -0.22329004
    28.04000000    -0.22379283
    28.05000000    -0.22429454
    28.06000000    -0.22479517
    28.07000000    -0.22529471
    28.08000000    -0.22579317
    28.09000000    -0.22629053
    28.10000000    -0.22678681
    28.11000000    -0.22728199
    28.12000000    -0.22777608
    28.13000000    -0.22826907
    28.14000000    -0.22876096
    28.15000000    -0.22925174
    28.16000000    -0.22974142
    28.17000000    -0.23022999
    28.18000000    -0.23071745
    28.19000000    -0.23120380
    28.20000000    -0.23168903
    28.21000000    -0.23217315
    28.22000000    -0.23265614
    28.23000000    -0.23313802
    28.24000000    -0.23361876
    28.25000000    -0.23409839
    28.26000000    -0.23457688
    28.27000000    -0.23505424
    28.28000000    -0.23553047
    28.29000000    -0.23600556
    28.30000000    -0.23647952
    28.31000000    -0.23695233
    28.32000000    -0.23742401
    28.33000000    -0.23789453
    28.34000000    -0.23836391
    28.35000000    -0.23883214
    28.36000000    -0.23929922
    28.37000000    -0.23976514
    28.38000000    -0.24022991
    28.39000000    -0.24069352
    28.40000000    -0.24115597
    28.41000000    -0.24161725
    28.42000000    -0.24207737
    28.43000000    -0.24253633
    28.44000000    -0.24299411
    28.45000000    -0.24345072
    28.46000000    -0.24390616
    28.47000000    -0.24436042
    28.48000000    -0.24481350
    28.49000000    -0.24526540
    28.50000000    -0.24571612
    28.51000000    -0.24616565
    28.52000000    -0.24661400
    28.53000000    -0.24706116
    28.54000000    -0.24750712
    28.55000000    -0.24795189
    28.56000000    -0.24839547
    28.57000000    -0.24883785
    28.58000000    -0.24927903
    28.59000000    -0.24971900
    28.60000000    -0.25015778
    28.61000000    -0.25059534
    28.62000000    -0.25103170
    28.63000000    -0.25146684
    28.64000000    -0.25190078
    28.65000000    -0.25233350
    28.66000000    -0.25276500
    28.67000000    -0.25319528
    28.68000000    -0.25362434
    28.69000000    -0.25405218
    28.70000000    -0.25447879
    28.71000000    -0.25490418
    28.72000000    -0.25532834
    28.73000000    -0.25575126
    28.74000000    -0.25617296
    28.75000000    -0.25659341
    28.76000000    -0.25701263
    28.77000000    -0.25743061
    28.78000000    -0.25784735
    28.79000000    -0.25826284
    28.80000000    -0.25867709
    28.81000000    -0.25909009
    28.82000000    -0.25950185
    28.83000000    -0.25991235
    28.84000000    -0.26032160
    28.85000000    -0.26072959
    28.86000000    -0.26113632
    28.87000000    -0.26154180
    28.88000000    -0.26194601
    28.89000000    -0.26234896
    28.90000000    -0.26275065
    28.91000000    -0.26315106
    28.92000000    -0.26355021
    28.93000000    -0.26394809
    28.94000000    -0.26434470
    28.95000000    -0.26474003
    28.96000000    -0.26513408
    28.97000000    -0.26552685
    28.98000000    -0.26591835
    28.99000000    -0.26630856
    29.00000000    -0.26669749
    29.01000000    -0.26708513
    29.02000000    -0.26747148
    29.03000000    -0.26785655
    29.04000000    -0.26824032
    29.05000000    -0.26862280
    29.06000000    -0.26900398
    29.07000000    -0.26938386
    29.08000000    -0.26976245
    29.09000000    -0.27013974
    29.10000000    -0.27051572
    29.11000000    -0.27089040
    29.12000000    -0.27126377
    29.13000000    -0.27163583
    29.14000000    -0.27200658
    29.15000000    -0.27237602
    29.16000000    -0.27274415
    29.17000000    -0.27311096
    29.18000000    -0.27347646
    29.19000000    -0.27384064
    29.20000000    -0.27420349
    29.21000000    -0.27456503
    29.22000000    -0.27492523
    29.23000000    -0.27528412
    29.24000000    -0.27564167
    29.25000000    -0.27599790
    29.26000000    -0.27635280
    29.27000000    -0.27670636
    29.28000000    -0.27705859
    29.29000000    -0.27740948
    29.30000000    -0.27775903
    29.31000000    -0.27810725
    29.32000000    -0.27845412
    29.33000000    -0.27879965
    29.34000000    -0.27914384
    29.35000000    -0.27948668
    29.36000000    -0.27982817
    29.37000000    -0.28016831
    29.38000000    -0.28050710
    29.39000000    -0.28084454
    29.40000000    -0.28118063
    29.41000000    -0.28151535
    29.42000000    -0.28184872
    29.43000000    -0.28218074
    29.44000000    -0.28251139
    29.45000000    -0.28284067
    29.46000000    -0.28316860
    29.47000000    -0.28349516
    29.48000000    -0.28382035
    29.49000000    -0.28414417
    29.50000000    -0.28446662
    29.51000000    -0.28478770
    29.52000000    -0.28510741
    29.53000000    -0.28542574
    29.54000000    -0.28574270
    29.55000000    -0.28605827
    29.56000000    -0.28637247
    29.57000000    -0.28668529
    29.58000000    -0.28699672
    29.59000000    -0.28730677
    29.60000000    -0.28761543
    29.61000000    -0.28792271
    29.62000000    -0.28822860
    29.63000000    -0.28853310
    29.64000000    -0.28883621
    29.65000000    -0.28913792
    29.66000000    -0.28943824
    29.67000000    -0.28973716
    29.68000000    -0.29003469
    29.69000000    -0.29033082
    29.70000000    -0.29062555
    29.71000000    -0.29091887
    29.72000000    -0.29121080
    29.73000000    -0.29150131
    29.74000000    -0.29179043
    29.75000000    -0.29207813
    29.76000000    -0.29236443
    29.77000000    -0.29264932
    29.78000000    -0.29293279
    29.79000000    -0.29321486
    29.80000000    -0.29349551
    29.81000000    -0.29377474
    29.82000000    -0.29405256
    29.83000000    -0.29432896
    29.84000000    -0.29460393
    29.85000000    -0.29487749
    29.86000000    -0.29514963
    29.87000000    -0.29542034
    29.88000000    -0.29568963
    29.89000000    -0.29595749
    29.90000000    -0.29622393
    29.91000000    -0.29648894
    29.92000000    -0.29675251
    29.93000000    -0.29701466
    29.94000000    -0.29727537
    29.95000000    -0.29753465
    29.96000000    -0.29779249
    29.97000000    -0.29804890
    29.98000000    -0.29830387
    29.99000000    -0.29855741
