#nl2j    7    6   11
     0.01000000     0.00000000
     0.02000000     0.00000000
     0.03000000     0.00000000
     0.04000000     0.00000000
     0.05000000     0.00000000
     0.06000000     0.00000000
     0.07000000     0.00000000
     0.08000000     0.00000000
     0.09000000     0.00000000
     0.10000000     0.00000000
     0.11000000     0.00000000
     0.12000000     0.00000000
     0.13000000     0.00000000
     0.14000000     0.00000000
     0.15000000     0.00000000
     0.16000000     0.00000000
     0.17000000     0.00000000
     0.18000000     0.00000000
     0.19000000     0.00000000
     0.20000000     0.00000000
     0.21000000     0.00000000
     0.22000000     0.00000000
     0.23000000     0.00000000
     0.24000000     0.00000000
     0.25000000     0.00000000
     0.26000000     0.00000000
     0.27000000     0.00000000
     0.28000000     0.00000000
     0.29000000     0.00000000
     0.30000000     0.00000000
     0.31000000     0.00000000
     0.32000000     0.00000000
     0.33000000     0.00000000
     0.34000000     0.00000000
     0.35000000     0.00000000
     0.36000000     0.00000000
     0.37000000     0.00000000
     0.38000000     0.00000000
     0.39000000     0.00000000
     0.40000000     0.00000000
     0.41000000     0.00000000
     0.42000000     0.00000000
     0.43000000     0.00000000
     0.44000000     0.00000000
     0.45000000     0.00000000
     0.46000000     0.00000000
     0.47000000     0.00000000
     0.48000000     0.00000000
     0.49000000     0.00000000
     0.50000000     0.00000000
     0.51000000     0.00000000
     0.52000000     0.00000000
     0.53000000     0.00000000
     0.54000000     0.00000000
     0.55000000     0.00000000
     0.56000000     0.00000000
     0.57000000     0.00000000
     0.58000000     0.00000000
     0.59000000     0.00000000
     0.60000000     0.00000000
     0.61000000     0.00000000
     0.62000000     0.00000000
     0.63000000     0.00000000
     0.64000000     0.00000000
     0.65000000     0.00000000
     0.66000000     0.00000000
     0.67000000     0.00000000
     0.68000000     0.00000000
     0.69000000     0.00000000
     0.70000000     0.00000000
     0.71000000     0.00000000
     0.72000000     0.00000000
     0.73000000     0.00000000
     0.74000000     0.00000001
     0.75000000     0.00000001
     0.76000000     0.00000001
     0.77000000     0.00000001
     0.78000000     0.00000001
     0.79000000     0.00000001
     0.80000000     0.00000001
     0.81000000     0.00000001
     0.82000000     0.00000001
     0.83000000     0.00000001
     0.84000000     0.00000001
     0.85000000     0.00000001
     0.86000000     0.00000001
     0.87000000     0.00000002
     0.88000000     0.00000002
     0.89000000     0.00000002
     0.90000000     0.00000002
     0.91000000     0.00000002
     0.92000000     0.00000002
     0.93000000     0.00000002
     0.94000000     0.00000003
     0.95000000     0.00000003
     0.96000000     0.00000003
     0.97000000     0.00000003
     0.98000000     0.00000004
     0.99000000     0.00000004
     1.00000000     0.00000004
     1.01000000     0.00000004
     1.02000000     0.00000005
     1.03000000     0.00000005
     1.04000000     0.00000005
     1.05000000     0.00000006
     1.06000000     0.00000006
     1.07000000     0.00000007
     1.08000000     0.00000007
     1.09000000     0.00000007
     1.10000000     0.00000008
     1.11000000     0.00000008
     1.12000000     0.00000009
     1.13000000     0.00000009
     1.14000000     0.00000010
     1.15000000     0.00000011
     1.16000000     0.00000011
     1.17000000     0.00000012
     1.18000000     0.00000013
     1.19000000     0.00000013
     1.20000000     0.00000014
     1.21000000     0.00000015
     1.22000000     0.00000016
     1.23000000     0.00000017
     1.24000000     0.00000018
     1.25000000     0.00000019
     1.26000000     0.00000020
     1.27000000     0.00000021
     1.28000000     0.00000022
     1.29000000     0.00000023
     1.30000000     0.00000024
     1.31000000     0.00000026
     1.32000000     0.00000027
     1.33000000     0.00000028
     1.34000000     0.00000030
     1.35000000     0.00000032
     1.36000000     0.00000033
     1.37000000     0.00000035
     1.38000000     0.00000037
     1.39000000     0.00000038
     1.40000000     0.00000040
     1.41000000     0.00000042
     1.42000000     0.00000044
     1.43000000     0.00000046
     1.44000000     0.00000049
     1.45000000     0.00000051
     1.46000000     0.00000053
     1.47000000     0.00000056
     1.48000000     0.00000058
     1.49000000     0.00000061
     1.50000000     0.00000064
     1.51000000     0.00000067
     1.52000000     0.00000070
     1.53000000     0.00000073
     1.54000000     0.00000076
     1.55000000     0.00000079
     1.56000000     0.00000083
     1.57000000     0.00000086
     1.58000000     0.00000090
     1.59000000     0.00000094
     1.60000000     0.00000098
     1.61000000     0.00000102
     1.62000000     0.00000106
     1.63000000     0.00000111
     1.64000000     0.00000115
     1.65000000     0.00000120
     1.66000000     0.00000125
     1.67000000     0.00000130
     1.68000000     0.00000135
     1.69000000     0.00000141
     1.70000000     0.00000146
     1.71000000     0.00000152
     1.72000000     0.00000158
     1.73000000     0.00000164
     1.74000000     0.00000170
     1.75000000     0.00000177
     1.76000000     0.00000184
     1.77000000     0.00000191
     1.78000000     0.00000198
     1.79000000     0.00000205
     1.80000000     0.00000213
     1.81000000     0.00000220
     1.82000000     0.00000228
     1.83000000     0.00000237
     1.84000000     0.00000245
     1.85000000     0.00000254
     1.86000000     0.00000263
     1.87000000     0.00000272
     1.88000000     0.00000282
     1.89000000     0.00000292
     1.90000000     0.00000302
     1.91000000     0.00000312
     1.92000000     0.00000323
     1.93000000     0.00000334
     1.94000000     0.00000345
     1.95000000     0.00000357
     1.96000000     0.00000369
     1.97000000     0.00000381
     1.98000000     0.00000394
     1.99000000     0.00000407
     2.00000000     0.00000420
     2.01000000     0.00000434
     2.02000000     0.00000448
     2.03000000     0.00000462
     2.04000000     0.00000477
     2.05000000     0.00000492
     2.06000000     0.00000507
     2.07000000     0.00000523
     2.08000000     0.00000539
     2.09000000     0.00000556
     2.10000000     0.00000573
     2.11000000     0.00000590
     2.12000000     0.00000608
     2.13000000     0.00000627
     2.14000000     0.00000646
     2.15000000     0.00000665
     2.16000000     0.00000685
     2.17000000     0.00000705
     2.18000000     0.00000725
     2.19000000     0.00000747
     2.20000000     0.00000768
     2.21000000     0.00000790
     2.22000000     0.00000813
     2.23000000     0.00000836
     2.24000000     0.00000860
     2.25000000     0.00000884
     2.26000000     0.00000909
     2.27000000     0.00000934
     2.28000000     0.00000960
     2.29000000     0.00000986
     2.30000000     0.00001014
     2.31000000     0.00001041
     2.32000000     0.00001069
     2.33000000     0.00001098
     2.34000000     0.00001128
     2.35000000     0.00001158
     2.36000000     0.00001188
     2.37000000     0.00001220
     2.38000000     0.00001251
     2.39000000     0.00001284
     2.40000000     0.00001317
     2.41000000     0.00001351
     2.42000000     0.00001386
     2.43000000     0.00001421
     2.44000000     0.00001457
     2.45000000     0.00001494
     2.46000000     0.00001531
     2.47000000     0.00001570
     2.48000000     0.00001609
     2.49000000     0.00001648
     2.50000000     0.00001689
     2.51000000     0.00001730
     2.52000000     0.00001772
     2.53000000     0.00001815
     2.54000000     0.00001858
     2.55000000     0.00001903
     2.56000000     0.00001948
     2.57000000     0.00001994
     2.58000000     0.00002041
     2.59000000     0.00002088
     2.60000000     0.00002137
     2.61000000     0.00002186
     2.62000000     0.00002237
     2.63000000     0.00002288
     2.64000000     0.00002340
     2.65000000     0.00002393
     2.66000000     0.00002447
     2.67000000     0.00002502
     2.68000000     0.00002557
     2.69000000     0.00002614
     2.70000000     0.00002672
     2.71000000     0.00002730
     2.72000000     0.00002790
     2.73000000     0.00002850
     2.74000000     0.00002912
     2.75000000     0.00002974
     2.76000000     0.00003038
     2.77000000     0.00003102
     2.78000000     0.00003168
     2.79000000     0.00003235
     2.80000000     0.00003302
     2.81000000     0.00003371
     2.82000000     0.00003441
     2.83000000     0.00003512
     2.84000000     0.00003583
     2.85000000     0.00003656
     2.86000000     0.00003731
     2.87000000     0.00003806
     2.88000000     0.00003882
     2.89000000     0.00003960
     2.90000000     0.00004038
     2.91000000     0.00004118
     2.92000000     0.00004199
     2.93000000     0.00004281
     2.94000000     0.00004364
     2.95000000     0.00004448
     2.96000000     0.00004534
     2.97000000     0.00004621
     2.98000000     0.00004709
     2.99000000     0.00004798
     3.00000000     0.00004888
     3.01000000     0.00004980
     3.02000000     0.00005073
     3.03000000     0.00005167
     3.04000000     0.00005262
     3.05000000     0.00005359
     3.06000000     0.00005457
     3.07000000     0.00005556
     3.08000000     0.00005656
     3.09000000     0.00005758
     3.10000000     0.00005861
     3.11000000     0.00005965
     3.12000000     0.00006070
     3.13000000     0.00006177
     3.14000000     0.00006285
     3.15000000     0.00006395
     3.16000000     0.00006506
     3.17000000     0.00006618
     3.18000000     0.00006731
     3.19000000     0.00006846
     3.20000000     0.00006962
     3.21000000     0.00007079
     3.22000000     0.00007198
     3.23000000     0.00007318
     3.24000000     0.00007440
     3.25000000     0.00007563
     3.26000000     0.00007687
     3.27000000     0.00007813
     3.28000000     0.00007940
     3.29000000     0.00008068
     3.30000000     0.00008198
     3.31000000     0.00008329
     3.32000000     0.00008462
     3.33000000     0.00008596
     3.34000000     0.00008731
     3.35000000     0.00008868
     3.36000000     0.00009006
     3.37000000     0.00009146
     3.38000000     0.00009287
     3.39000000     0.00009429
     3.40000000     0.00009573
     3.41000000     0.00009718
     3.42000000     0.00009865
     3.43000000     0.00010013
     3.44000000     0.00010162
     3.45000000     0.00010313
     3.46000000     0.00010465
     3.47000000     0.00010619
     3.48000000     0.00010774
     3.49000000     0.00010931
     3.50000000     0.00011089
     3.51000000     0.00011248
     3.52000000     0.00011409
     3.53000000     0.00011571
     3.54000000     0.00011734
     3.55000000     0.00011899
     3.56000000     0.00012065
     3.57000000     0.00012233
     3.58000000     0.00012402
     3.59000000     0.00012573
     3.60000000     0.00012745
     3.61000000     0.00012918
     3.62000000     0.00013092
     3.63000000     0.00013268
     3.64000000     0.00013446
     3.65000000     0.00013624
     3.66000000     0.00013805
     3.67000000     0.00013986
     3.68000000     0.00014169
     3.69000000     0.00014353
     3.70000000     0.00014538
     3.71000000     0.00014725
     3.72000000     0.00014913
     3.73000000     0.00015102
     3.74000000     0.00015293
     3.75000000     0.00015485
     3.76000000     0.00015678
     3.77000000     0.00015873
     3.78000000     0.00016069
     3.79000000     0.00016266
     3.80000000     0.00016464
     3.81000000     0.00016664
     3.82000000     0.00016864
     3.83000000     0.00017066
     3.84000000     0.00017270
     3.85000000     0.00017474
     3.86000000     0.00017680
     3.87000000     0.00017886
     3.88000000     0.00018094
     3.89000000     0.00018303
     3.90000000     0.00018514
     3.91000000     0.00018725
     3.92000000     0.00018937
     3.93000000     0.00019151
     3.94000000     0.00019366
     3.95000000     0.00019581
     3.96000000     0.00019798
     3.97000000     0.00020016
     3.98000000     0.00020235
     3.99000000     0.00020455
     4.00000000     0.00020676
     4.01000000     0.00020898
     4.02000000     0.00021120
     4.03000000     0.00021344
     4.04000000     0.00021569
     4.05000000     0.00021794
     4.06000000     0.00022021
     4.07000000     0.00022248
     4.08000000     0.00022477
     4.09000000     0.00022706
     4.10000000     0.00022936
     4.11000000     0.00023166
     4.12000000     0.00023398
     4.13000000     0.00023630
     4.14000000     0.00023863
     4.15000000     0.00024097
     4.16000000     0.00024331
     4.17000000     0.00024567
     4.18000000     0.00024802
     4.19000000     0.00025039
     4.20000000     0.00025276
     4.21000000     0.00025514
     4.22000000     0.00025752
     4.23000000     0.00025991
     4.24000000     0.00026230
     4.25000000     0.00026470
     4.26000000     0.00026710
     4.27000000     0.00026951
     4.28000000     0.00027192
     4.29000000     0.00027434
     4.30000000     0.00027676
     4.31000000     0.00027919
     4.32000000     0.00028161
     4.33000000     0.00028404
     4.34000000     0.00028648
     4.35000000     0.00028891
     4.36000000     0.00029135
     4.37000000     0.00029379
     4.38000000     0.00029624
     4.39000000     0.00029868
     4.40000000     0.00030113
     4.41000000     0.00030357
     4.42000000     0.00030602
     4.43000000     0.00030847
     4.44000000     0.00031092
     4.45000000     0.00031336
     4.46000000     0.00031581
     4.47000000     0.00031826
     4.48000000     0.00032071
     4.49000000     0.00032315
     4.50000000     0.00032559
     4.51000000     0.00032804
     4.52000000     0.00033048
     4.53000000     0.00033291
     4.54000000     0.00033535
     4.55000000     0.00033778
     4.56000000     0.00034021
     4.57000000     0.00034263
     4.58000000     0.00034505
     4.59000000     0.00034747
     4.60000000     0.00034988
     4.61000000     0.00035229
     4.62000000     0.00035469
     4.63000000     0.00035709
     4.64000000     0.00035948
     4.65000000     0.00036186
     4.66000000     0.00036424
     4.67000000     0.00036661
     4.68000000     0.00036897
     4.69000000     0.00037133
     4.70000000     0.00037368
     4.71000000     0.00037602
     4.72000000     0.00037835
     4.73000000     0.00038068
     4.74000000     0.00038299
     4.75000000     0.00038530
     4.76000000     0.00038760
     4.77000000     0.00038988
     4.78000000     0.00039216
     4.79000000     0.00039442
     4.80000000     0.00039668
     4.81000000     0.00039892
     4.82000000     0.00040115
     4.83000000     0.00040337
     4.84000000     0.00040558
     4.85000000     0.00040777
     4.86000000     0.00040995
     4.87000000     0.00041212
     4.88000000     0.00041427
     4.89000000     0.00041641
     4.90000000     0.00041854
     4.91000000     0.00042065
     4.92000000     0.00042275
     4.93000000     0.00042483
     4.94000000     0.00042690
     4.95000000     0.00042894
     4.96000000     0.00043098
     4.97000000     0.00043299
     4.98000000     0.00043499
     4.99000000     0.00043698
     5.00000000     0.00043894
     5.01000000     0.00044089
     5.02000000     0.00044282
     5.03000000     0.00044473
     5.04000000     0.00044662
     5.05000000     0.00044849
     5.06000000     0.00045034
     5.07000000     0.00045217
     5.08000000     0.00045399
     5.09000000     0.00045578
     5.10000000     0.00045755
     5.11000000     0.00045930
     5.12000000     0.00046103
     5.13000000     0.00046274
     5.14000000     0.00046442
     5.15000000     0.00046608
     5.16000000     0.00046772
     5.17000000     0.00046934
     5.18000000     0.00047093
     5.19000000     0.00047250
     5.20000000     0.00047405
     5.21000000     0.00047557
     5.22000000     0.00047707
     5.23000000     0.00047854
     5.24000000     0.00047999
     5.25000000     0.00048141
     5.26000000     0.00048281
     5.27000000     0.00048418
     5.28000000     0.00048552
     5.29000000     0.00048684
     5.30000000     0.00048813
     5.31000000     0.00048940
     5.32000000     0.00049063
     5.33000000     0.00049184
     5.34000000     0.00049303
     5.35000000     0.00049418
     5.36000000     0.00049531
     5.37000000     0.00049641
     5.38000000     0.00049747
     5.39000000     0.00049851
     5.40000000     0.00049953
     5.41000000     0.00050051
     5.42000000     0.00050146
     5.43000000     0.00050238
     5.44000000     0.00050327
     5.45000000     0.00050413
     5.46000000     0.00050496
     5.47000000     0.00050576
     5.48000000     0.00050653
     5.49000000     0.00050727
     5.50000000     0.00050798
     5.51000000     0.00050865
     5.52000000     0.00050930
     5.53000000     0.00050991
     5.54000000     0.00051049
     5.55000000     0.00051104
     5.56000000     0.00051155
     5.57000000     0.00051203
     5.58000000     0.00051248
     5.59000000     0.00051290
     5.60000000     0.00051328
     5.61000000     0.00051363
     5.62000000     0.00051395
     5.63000000     0.00051423
     5.64000000     0.00051448
     5.65000000     0.00051470
     5.66000000     0.00051488
     5.67000000     0.00051503
     5.68000000     0.00051514
     5.69000000     0.00051522
     5.70000000     0.00051527
     5.71000000     0.00051528
     5.72000000     0.00051526
     5.73000000     0.00051520
     5.74000000     0.00051511
     5.75000000     0.00051498
     5.76000000     0.00051482
     5.77000000     0.00051462
     5.78000000     0.00051439
     5.79000000     0.00051412
     5.80000000     0.00051382
     5.81000000     0.00051348
     5.82000000     0.00051311
     5.83000000     0.00051270
     5.84000000     0.00051226
     5.85000000     0.00051178
     5.86000000     0.00051127
     5.87000000     0.00051072
     5.88000000     0.00051014
     5.89000000     0.00050952
     5.90000000     0.00050887
     5.91000000     0.00050818
     5.92000000     0.00050745
     5.93000000     0.00050669
     5.94000000     0.00050590
     5.95000000     0.00050507
     5.96000000     0.00050420
     5.97000000     0.00050330
     5.98000000     0.00050237
     5.99000000     0.00050140
     6.00000000     0.00050039
     6.01000000     0.00049935
     6.02000000     0.00049828
     6.03000000     0.00049717
     6.04000000     0.00049603
     6.05000000     0.00049485
     6.06000000     0.00049364
     6.07000000     0.00049239
     6.08000000     0.00049111
     6.09000000     0.00048979
     6.10000000     0.00048844
     6.11000000     0.00048706
     6.12000000     0.00048564
     6.13000000     0.00048419
     6.14000000     0.00048271
     6.15000000     0.00048119
     6.16000000     0.00047964
     6.17000000     0.00047806
     6.18000000     0.00047644
     6.19000000     0.00047479
     6.20000000     0.00047311
     6.21000000     0.00047140
     6.22000000     0.00046965
     6.23000000     0.00046787
     6.24000000     0.00046606
     6.25000000     0.00046422
     6.26000000     0.00046235
     6.27000000     0.00046044
     6.28000000     0.00045850
     6.29000000     0.00045654
     6.30000000     0.00045454
     6.31000000     0.00045251
     6.32000000     0.00045046
     6.33000000     0.00044837
     6.34000000     0.00044625
     6.35000000     0.00044410
     6.36000000     0.00044193
     6.37000000     0.00043972
     6.38000000     0.00043749
     6.39000000     0.00043522
     6.40000000     0.00043293
     6.41000000     0.00043061
     6.42000000     0.00042826
     6.43000000     0.00042589
     6.44000000     0.00042349
     6.45000000     0.00042106
     6.46000000     0.00041860
     6.47000000     0.00041612
     6.48000000     0.00041361
     6.49000000     0.00041107
     6.50000000     0.00040851
     6.51000000     0.00040593
     6.52000000     0.00040332
     6.53000000     0.00040068
     6.54000000     0.00039802
     6.55000000     0.00039534
     6.56000000     0.00039263
     6.57000000     0.00038990
     6.58000000     0.00038714
     6.59000000     0.00038436
     6.60000000     0.00038156
     6.61000000     0.00037874
     6.62000000     0.00037589
     6.63000000     0.00037302
     6.64000000     0.00037013
     6.65000000     0.00036722
     6.66000000     0.00036429
     6.67000000     0.00036134
     6.68000000     0.00035836
     6.69000000     0.00035537
     6.70000000     0.00035236
     6.71000000     0.00034933
     6.72000000     0.00034628
     6.73000000     0.00034321
     6.74000000     0.00034012
     6.75000000     0.00033701
     6.76000000     0.00033389
     6.77000000     0.00033075
     6.78000000     0.00032759
     6.79000000     0.00032441
     6.80000000     0.00032122
     6.81000000     0.00031801
     6.82000000     0.00031479
     6.83000000     0.00031155
     6.84000000     0.00030829
     6.85000000     0.00030502
     6.86000000     0.00030174
     6.87000000     0.00029844
     6.88000000     0.00029512
     6.89000000     0.00029180
     6.90000000     0.00028845
     6.91000000     0.00028510
     6.92000000     0.00028173
     6.93000000     0.00027835
     6.94000000     0.00027496
     6.95000000     0.00027156
     6.96000000     0.00026814
     6.97000000     0.00026471
     6.98000000     0.00026127
     6.99000000     0.00025783
     7.00000000     0.00025437
     7.01000000     0.00025089
     7.02000000     0.00024741
     7.03000000     0.00024392
     7.04000000     0.00024042
     7.05000000     0.00023692
     7.06000000     0.00023340
     7.07000000     0.00022987
     7.08000000     0.00022634
     7.09000000     0.00022279
     7.10000000     0.00021924
     7.11000000     0.00021568
     7.12000000     0.00021212
     7.13000000     0.00020854
     7.14000000     0.00020496
     7.15000000     0.00020137
     7.16000000     0.00019778
     7.17000000     0.00019418
     7.18000000     0.00019057
     7.19000000     0.00018696
     7.20000000     0.00018334
     7.21000000     0.00017972
     7.22000000     0.00017609
     7.23000000     0.00017246
     7.24000000     0.00016882
     7.25000000     0.00016518
     7.26000000     0.00016153
     7.27000000     0.00015788
     7.28000000     0.00015423
     7.29000000     0.00015057
     7.30000000     0.00014690
     7.31000000     0.00014324
     7.32000000     0.00013957
     7.33000000     0.00013590
     7.34000000     0.00013222
     7.35000000     0.00012854
     7.36000000     0.00012486
     7.37000000     0.00012118
     7.38000000     0.00011749
     7.39000000     0.00011381
     7.40000000     0.00011012
     7.41000000     0.00010642
     7.42000000     0.00010273
     7.43000000     0.00009903
     7.44000000     0.00009534
     7.45000000     0.00009164
     7.46000000     0.00008794
     7.47000000     0.00008424
     7.48000000     0.00008054
     7.49000000     0.00007683
     7.50000000     0.00007313
     7.51000000     0.00006942
     7.52000000     0.00006572
     7.53000000     0.00006201
     7.54000000     0.00005830
     7.55000000     0.00005459
     7.56000000     0.00005089
     7.57000000     0.00004718
     7.58000000     0.00004347
     7.59000000     0.00003976
     7.60000000     0.00003605
     7.61000000     0.00003234
     7.62000000     0.00002863
     7.63000000     0.00002492
     7.64000000     0.00002121
     7.65000000     0.00001750
     7.66000000     0.00001378
     7.67000000     0.00001007
     7.68000000     0.00000636
     7.69000000     0.00000265
     7.70000000    -0.00000106
     7.71000000    -0.00000477
     7.72000000    -0.00000848
     7.73000000    -0.00001219
     7.74000000    -0.00001590
     7.75000000    -0.00001961
     7.76000000    -0.00002332
     7.77000000    -0.00002703
     7.78000000    -0.00003075
     7.79000000    -0.00003446
     7.80000000    -0.00003817
     7.81000000    -0.00004188
     7.82000000    -0.00004559
     7.83000000    -0.00004930
     7.84000000    -0.00005301
     7.85000000    -0.00005673
     7.86000000    -0.00006044
     7.87000000    -0.00006415
     7.88000000    -0.00006787
     7.89000000    -0.00007158
     7.90000000    -0.00007529
     7.91000000    -0.00007901
     7.92000000    -0.00008273
     7.93000000    -0.00008644
     7.94000000    -0.00009016
     7.95000000    -0.00009388
     7.96000000    -0.00009760
     7.97000000    -0.00010132
     7.98000000    -0.00010504
     7.99000000    -0.00010876
     8.00000000    -0.00011249
     8.01000000    -0.00011621
     8.02000000    -0.00011994
     8.03000000    -0.00012367
     8.04000000    -0.00012740
     8.05000000    -0.00013113
     8.06000000    -0.00013486
     8.07000000    -0.00013860
     8.08000000    -0.00014234
     8.09000000    -0.00014608
     8.10000000    -0.00014982
     8.11000000    -0.00015357
     8.12000000    -0.00015732
     8.13000000    -0.00016107
     8.14000000    -0.00016482
     8.15000000    -0.00016858
     8.16000000    -0.00017233
     8.17000000    -0.00017610
     8.18000000    -0.00017986
     8.19000000    -0.00018363
     8.20000000    -0.00018740
     8.21000000    -0.00019118
     8.22000000    -0.00019496
     8.23000000    -0.00019874
     8.24000000    -0.00020253
     8.25000000    -0.00020633
     8.26000000    -0.00021012
     8.27000000    -0.00021392
     8.28000000    -0.00021773
     8.29000000    -0.00022154
     8.30000000    -0.00022536
     8.31000000    -0.00022918
     8.32000000    -0.00023300
     8.33000000    -0.00023683
     8.34000000    -0.00024067
     8.35000000    -0.00024451
     8.36000000    -0.00024836
     8.37000000    -0.00025222
     8.38000000    -0.00025608
     8.39000000    -0.00025994
     8.40000000    -0.00026382
     8.41000000    -0.00026770
     8.42000000    -0.00027159
     8.43000000    -0.00027548
     8.44000000    -0.00027938
     8.45000000    -0.00028329
     8.46000000    -0.00028720
     8.47000000    -0.00029113
     8.48000000    -0.00029506
     8.49000000    -0.00029900
     8.50000000    -0.00030295
     8.51000000    -0.00030690
     8.52000000    -0.00031087
     8.53000000    -0.00031484
     8.54000000    -0.00031882
     8.55000000    -0.00032281
     8.56000000    -0.00032681
     8.57000000    -0.00033082
     8.58000000    -0.00033484
     8.59000000    -0.00033886
     8.60000000    -0.00034290
     8.61000000    -0.00034695
     8.62000000    -0.00035101
     8.63000000    -0.00035508
     8.64000000    -0.00035916
     8.65000000    -0.00036325
     8.66000000    -0.00036735
     8.67000000    -0.00037146
     8.68000000    -0.00037558
     8.69000000    -0.00037972
     8.70000000    -0.00038386
     8.71000000    -0.00038802
     8.72000000    -0.00039219
     8.73000000    -0.00039637
     8.74000000    -0.00040057
     8.75000000    -0.00040477
     8.76000000    -0.00040899
     8.77000000    -0.00041322
     8.78000000    -0.00041747
     8.79000000    -0.00042173
     8.80000000    -0.00042600
     8.81000000    -0.00043029
     8.82000000    -0.00043459
     8.83000000    -0.00043890
     8.84000000    -0.00044323
     8.85000000    -0.00044757
     8.86000000    -0.00045193
     8.87000000    -0.00045630
     8.88000000    -0.00046068
     8.89000000    -0.00046508
     8.90000000    -0.00046950
     8.91000000    -0.00047393
     8.92000000    -0.00047838
     8.93000000    -0.00048284
     8.94000000    -0.00048732
     8.95000000    -0.00049182
     8.96000000    -0.00049633
     8.97000000    -0.00050086
     8.98000000    -0.00050541
     8.99000000    -0.00050997
     9.00000000    -0.00051455
     9.01000000    -0.00051915
     9.02000000    -0.00052376
     9.03000000    -0.00052839
     9.04000000    -0.00053304
     9.05000000    -0.00053771
     9.06000000    -0.00054240
     9.07000000    -0.00054710
     9.08000000    -0.00055183
     9.09000000    -0.00055657
     9.10000000    -0.00056133
     9.11000000    -0.00056611
     9.12000000    -0.00057091
     9.13000000    -0.00057574
     9.14000000    -0.00058058
     9.15000000    -0.00058544
     9.16000000    -0.00059032
     9.17000000    -0.00059522
     9.18000000    -0.00060014
     9.19000000    -0.00060508
     9.20000000    -0.00061004
     9.21000000    -0.00061503
     9.22000000    -0.00062003
     9.23000000    -0.00062506
     9.24000000    -0.00063011
     9.25000000    -0.00063518
     9.26000000    -0.00064027
     9.27000000    -0.00064539
     9.28000000    -0.00065053
     9.29000000    -0.00065569
     9.30000000    -0.00066087
     9.31000000    -0.00066608
     9.32000000    -0.00067131
     9.33000000    -0.00067656
     9.34000000    -0.00068184
     9.35000000    -0.00068714
     9.36000000    -0.00069246
     9.37000000    -0.00069781
     9.38000000    -0.00070318
     9.39000000    -0.00070858
     9.40000000    -0.00071400
     9.41000000    -0.00071945
     9.42000000    -0.00072493
     9.43000000    -0.00073042
     9.44000000    -0.00073595
     9.45000000    -0.00074150
     9.46000000    -0.00074708
     9.47000000    -0.00075268
     9.48000000    -0.00075831
     9.49000000    -0.00076396
     9.50000000    -0.00076964
     9.51000000    -0.00077535
     9.52000000    -0.00078109
     9.53000000    -0.00078685
     9.54000000    -0.00079264
     9.55000000    -0.00079846
     9.56000000    -0.00080431
     9.57000000    -0.00081018
     9.58000000    -0.00081609
     9.59000000    -0.00082202
     9.60000000    -0.00082798
     9.61000000    -0.00083397
     9.62000000    -0.00083999
     9.63000000    -0.00084604
     9.64000000    -0.00085212
     9.65000000    -0.00085822
     9.66000000    -0.00086436
     9.67000000    -0.00087053
     9.68000000    -0.00087673
     9.69000000    -0.00088295
     9.70000000    -0.00088921
     9.71000000    -0.00089550
     9.72000000    -0.00090182
     9.73000000    -0.00090818
     9.74000000    -0.00091456
     9.75000000    -0.00092098
     9.76000000    -0.00092743
     9.77000000    -0.00093390
     9.78000000    -0.00094042
     9.79000000    -0.00094696
     9.80000000    -0.00095354
     9.81000000    -0.00096015
     9.82000000    -0.00096679
     9.83000000    -0.00097347
     9.84000000    -0.00098018
     9.85000000    -0.00098693
     9.86000000    -0.00099370
     9.87000000    -0.00100052
     9.88000000    -0.00100736
     9.89000000    -0.00101424
     9.90000000    -0.00102116
     9.91000000    -0.00102811
     9.92000000    -0.00103510
     9.93000000    -0.00104212
     9.94000000    -0.00104918
     9.95000000    -0.00105627
     9.96000000    -0.00106340
     9.97000000    -0.00107056
     9.98000000    -0.00107776
     9.99000000    -0.00108500
    10.00000000    -0.00109228
    10.01000000    -0.00109959
    10.02000000    -0.00110694
    10.03000000    -0.00111433
    10.04000000    -0.00112175
    10.05000000    -0.00112921
    10.06000000    -0.00113671
    10.07000000    -0.00114425
    10.08000000    -0.00115183
    10.09000000    -0.00115944
    10.10000000    -0.00116710
    10.11000000    -0.00117479
    10.12000000    -0.00118252
    10.13000000    -0.00119030
    10.14000000    -0.00119811
    10.15000000    -0.00120596
    10.16000000    -0.00121385
    10.17000000    -0.00122178
    10.18000000    -0.00122976
    10.19000000    -0.00123777
    10.20000000    -0.00124583
    10.21000000    -0.00125392
    10.22000000    -0.00126206
    10.23000000    -0.00127024
    10.24000000    -0.00127846
    10.25000000    -0.00128672
    10.26000000    -0.00129503
    10.27000000    -0.00130338
    10.28000000    -0.00131177
    10.29000000    -0.00132020
    10.30000000    -0.00132868
    10.31000000    -0.00133720
    10.32000000    -0.00134576
    10.33000000    -0.00135437
    10.34000000    -0.00136302
    10.35000000    -0.00137171
    10.36000000    -0.00138045
    10.37000000    -0.00138924
    10.38000000    -0.00139807
    10.39000000    -0.00140694
    10.40000000    -0.00141586
    10.41000000    -0.00142483
    10.42000000    -0.00143384
    10.43000000    -0.00144289
    10.44000000    -0.00145200
    10.45000000    -0.00146115
    10.46000000    -0.00147034
    10.47000000    -0.00147959
    10.48000000    -0.00148888
    10.49000000    -0.00149821
    10.50000000    -0.00150760
    10.51000000    -0.00151703
    10.52000000    -0.00152651
    10.53000000    -0.00153604
    10.54000000    -0.00154562
    10.55000000    -0.00155524
    10.56000000    -0.00156492
    10.57000000    -0.00157464
    10.58000000    -0.00158441
    10.59000000    -0.00159424
    10.60000000    -0.00160411
    10.61000000    -0.00161403
    10.62000000    -0.00162400
    10.63000000    -0.00163403
    10.64000000    -0.00164410
    10.65000000    -0.00165422
    10.66000000    -0.00166440
    10.67000000    -0.00167463
    10.68000000    -0.00168491
    10.69000000    -0.00169524
    10.70000000    -0.00170562
    10.71000000    -0.00171605
    10.72000000    -0.00172654
    10.73000000    -0.00173708
    10.74000000    -0.00174767
    10.75000000    -0.00175832
    10.76000000    -0.00176902
    10.77000000    -0.00177977
    10.78000000    -0.00179058
    10.79000000    -0.00180144
    10.80000000    -0.00181236
    10.81000000    -0.00182333
    10.82000000    -0.00183435
    10.83000000    -0.00184543
    10.84000000    -0.00185657
    10.85000000    -0.00186776
    10.86000000    -0.00187901
    10.87000000    -0.00189031
    10.88000000    -0.00190167
    10.89000000    -0.00191309
    10.90000000    -0.00192456
    10.91000000    -0.00193609
    10.92000000    -0.00194768
    10.93000000    -0.00195932
    10.94000000    -0.00197102
    10.95000000    -0.00198278
    10.96000000    -0.00199460
    10.97000000    -0.00200648
    10.98000000    -0.00201841
    10.99000000    -0.00203041
    11.00000000    -0.00204246
    11.01000000    -0.00205457
    11.02000000    -0.00206675
    11.03000000    -0.00207898
    11.04000000    -0.00209127
    11.05000000    -0.00210363
    11.06000000    -0.00211604
    11.07000000    -0.00212852
    11.08000000    -0.00214105
    11.09000000    -0.00215365
    11.10000000    -0.00216631
    11.11000000    -0.00217903
    11.12000000    -0.00219181
    11.13000000    -0.00220466
    11.14000000    -0.00221757
    11.15000000    -0.00223054
    11.16000000    -0.00224357
    11.17000000    -0.00225667
    11.18000000    -0.00226983
    11.19000000    -0.00228306
    11.20000000    -0.00229635
    11.21000000    -0.00230970
    11.22000000    -0.00232312
    11.23000000    -0.00233661
    11.24000000    -0.00235016
    11.25000000    -0.00236377
    11.26000000    -0.00237745
    11.27000000    -0.00239120
    11.28000000    -0.00240501
    11.29000000    -0.00241889
    11.30000000    -0.00243284
    11.31000000    -0.00244685
    11.32000000    -0.00246093
    11.33000000    -0.00247508
    11.34000000    -0.00248929
    11.35000000    -0.00250358
    11.36000000    -0.00251793
    11.37000000    -0.00253235
    11.38000000    -0.00254684
    11.39000000    -0.00256140
    11.40000000    -0.00257603
    11.41000000    -0.00259073
    11.42000000    -0.00260550
    11.43000000    -0.00262033
    11.44000000    -0.00263524
    11.45000000    -0.00265022
    11.46000000    -0.00266527
    11.47000000    -0.00268039
    11.48000000    -0.00269559
    11.49000000    -0.00271085
    11.50000000    -0.00272619
    11.51000000    -0.00274160
    11.52000000    -0.00275708
    11.53000000    -0.00277264
    11.54000000    -0.00278827
    11.55000000    -0.00280397
    11.56000000    -0.00281975
    11.57000000    -0.00283560
    11.58000000    -0.00285152
    11.59000000    -0.00286752
    11.60000000    -0.00288359
    11.61000000    -0.00289974
    11.62000000    -0.00291597
    11.63000000    -0.00293227
    11.64000000    -0.00294864
    11.65000000    -0.00296510
    11.66000000    -0.00298162
    11.67000000    -0.00299823
    11.68000000    -0.00301491
    11.69000000    -0.00303167
    11.70000000    -0.00304851
    11.71000000    -0.00306543
    11.72000000    -0.00308242
    11.73000000    -0.00309949
    11.74000000    -0.00311665
    11.75000000    -0.00313388
    11.76000000    -0.00315119
    11.77000000    -0.00316858
    11.78000000    -0.00318605
    11.79000000    -0.00320360
    11.80000000    -0.00322123
    11.81000000    -0.00323894
    11.82000000    -0.00325673
    11.83000000    -0.00327460
    11.84000000    -0.00329256
    11.85000000    -0.00331060
    11.86000000    -0.00332872
    11.87000000    -0.00334692
    11.88000000    -0.00336520
    11.89000000    -0.00338357
    11.90000000    -0.00340203
    11.91000000    -0.00342056
    11.92000000    -0.00343918
    11.93000000    -0.00345788
    11.94000000    -0.00347667
    11.95000000    -0.00349555
    11.96000000    -0.00351451
    11.97000000    -0.00353355
    11.98000000    -0.00355268
    11.99000000    -0.00357190
    12.00000000    -0.00359120
    12.01000000    -0.00361059
    12.02000000    -0.00363007
    12.03000000    -0.00364963
    12.04000000    -0.00366928
    12.05000000    -0.00368902
    12.06000000    -0.00370885
    12.07000000    -0.00372877
    12.08000000    -0.00374877
    12.09000000    -0.00376887
    12.10000000    -0.00378905
    12.11000000    -0.00380933
    12.12000000    -0.00382969
    12.13000000    -0.00385015
    12.14000000    -0.00387069
    12.15000000    -0.00389133
    12.16000000    -0.00391206
    12.17000000    -0.00393288
    12.18000000    -0.00395379
    12.19000000    -0.00397479
    12.20000000    -0.00399589
    12.21000000    -0.00401708
    12.22000000    -0.00403836
    12.23000000    -0.00405974
    12.24000000    -0.00408121
    12.25000000    -0.00410277
    12.26000000    -0.00412443
    12.27000000    -0.00414619
    12.28000000    -0.00416803
    12.29000000    -0.00418998
    12.30000000    -0.00421202
    12.31000000    -0.00423416
    12.32000000    -0.00425639
    12.33000000    -0.00427872
    12.34000000    -0.00430114
    12.35000000    -0.00432367
    12.36000000    -0.00434629
    12.37000000    -0.00436901
    12.38000000    -0.00439183
    12.39000000    -0.00441474
    12.40000000    -0.00443776
    12.41000000    -0.00446088
    12.42000000    -0.00448409
    12.43000000    -0.00450741
    12.44000000    -0.00453082
    12.45000000    -0.00455434
    12.46000000    -0.00457795
    12.47000000    -0.00460167
    12.48000000    -0.00462549
    12.49000000    -0.00464941
    12.50000000    -0.00467344
    12.51000000    -0.00469757
    12.52000000    -0.00472180
    12.53000000    -0.00474613
    12.54000000    -0.00477057
    12.55000000    -0.00479511
    12.56000000    -0.00481975
    12.57000000    -0.00484450
    12.58000000    -0.00486936
    12.59000000    -0.00489432
    12.60000000    -0.00491938
    12.61000000    -0.00494456
    12.62000000    -0.00496983
    12.63000000    -0.00499522
    12.64000000    -0.00502071
    12.65000000    -0.00504631
    12.66000000    -0.00507202
    12.67000000    -0.00509784
    12.68000000    -0.00512376
    12.69000000    -0.00514979
    12.70000000    -0.00517593
    12.71000000    -0.00520219
    12.72000000    -0.00522855
    12.73000000    -0.00525502
    12.74000000    -0.00528160
    12.75000000    -0.00530829
    12.76000000    -0.00533510
    12.77000000    -0.00536201
    12.78000000    -0.00538904
    12.79000000    -0.00541618
    12.80000000    -0.00544343
    12.81000000    -0.00547080
    12.82000000    -0.00549828
    12.83000000    -0.00552587
    12.84000000    -0.00555358
    12.85000000    -0.00558140
    12.86000000    -0.00560933
    12.87000000    -0.00563738
    12.88000000    -0.00566555
    12.89000000    -0.00569383
    12.90000000    -0.00572223
    12.91000000    -0.00575074
    12.92000000    -0.00577938
    12.93000000    -0.00580812
    12.94000000    -0.00583699
    12.95000000    -0.00586597
    12.96000000    -0.00589508
    12.97000000    -0.00592430
    12.98000000    -0.00595364
    12.99000000    -0.00598310
    13.00000000    -0.00601268
    13.01000000    -0.00604238
    13.02000000    -0.00607220
    13.03000000    -0.00610214
    13.04000000    -0.00613220
    13.05000000    -0.00616239
    13.06000000    -0.00619270
    13.07000000    -0.00622312
    13.08000000    -0.00625368
    13.09000000    -0.00628435
    13.10000000    -0.00631515
    13.11000000    -0.00634607
    13.12000000    -0.00637712
    13.13000000    -0.00640829
    13.14000000    -0.00643958
    13.15000000    -0.00647101
    13.16000000    -0.00650255
    13.17000000    -0.00653423
    13.18000000    -0.00656603
    13.19000000    -0.00659795
    13.20000000    -0.00663001
    13.21000000    -0.00666219
    13.22000000    -0.00669450
    13.23000000    -0.00672693
    13.24000000    -0.00675950
    13.25000000    -0.00679220
    13.26000000    -0.00682502
    13.27000000    -0.00685798
    13.28000000    -0.00689106
    13.29000000    -0.00692428
    13.30000000    -0.00695763
    13.31000000    -0.00699110
    13.32000000    -0.00702471
    13.33000000    -0.00705846
    13.34000000    -0.00709233
    13.35000000    -0.00712634
    13.36000000    -0.00716048
    13.37000000    -0.00719476
    13.38000000    -0.00722917
    13.39000000    -0.00726371
    13.40000000    -0.00729839
    13.41000000    -0.00733321
    13.42000000    -0.00736816
    13.43000000    -0.00740324
    13.44000000    -0.00743846
    13.45000000    -0.00747382
    13.46000000    -0.00750932
    13.47000000    -0.00754496
    13.48000000    -0.00758073
    13.49000000    -0.00761664
    13.50000000    -0.00765269
    13.51000000    -0.00768888
    13.52000000    -0.00772521
    13.53000000    -0.00776168
    13.54000000    -0.00779829
    13.55000000    -0.00783504
    13.56000000    -0.00787193
    13.57000000    -0.00790897
    13.58000000    -0.00794614
    13.59000000    -0.00798346
    13.60000000    -0.00802092
    13.61000000    -0.00805853
    13.62000000    -0.00809627
    13.63000000    -0.00813417
    13.64000000    -0.00817220
    13.65000000    -0.00821038
    13.66000000    -0.00824871
    13.67000000    -0.00828719
    13.68000000    -0.00832580
    13.69000000    -0.00836457
    13.70000000    -0.00840348
    13.71000000    -0.00844254
    13.72000000    -0.00848175
    13.73000000    -0.00852111
    13.74000000    -0.00856061
    13.75000000    -0.00860027
    13.76000000    -0.00864007
    13.77000000    -0.00868002
    13.78000000    -0.00872012
    13.79000000    -0.00876038
    13.80000000    -0.00880078
    13.81000000    -0.00884134
    13.82000000    -0.00888205
    13.83000000    -0.00892291
    13.84000000    -0.00896392
    13.85000000    -0.00900509
    13.86000000    -0.00904641
    13.87000000    -0.00908789
    13.88000000    -0.00912952
    13.89000000    -0.00917130
    13.90000000    -0.00921324
    13.91000000    -0.00925533
    13.92000000    -0.00929759
    13.93000000    -0.00933999
    13.94000000    -0.00938256
    13.95000000    -0.00942528
    13.96000000    -0.00946816
    13.97000000    -0.00951120
    13.98000000    -0.00955440
    13.99000000    -0.00959775
    14.00000000    -0.00964127
    14.01000000    -0.00968495
    14.02000000    -0.00972878
    14.03000000    -0.00977278
    14.04000000    -0.00981694
    14.05000000    -0.00986126
    14.06000000    -0.00990574
    14.07000000    -0.00995039
    14.08000000    -0.00999519
    14.09000000    -0.01004016
    14.10000000    -0.01008530
    14.11000000    -0.01013060
    14.12000000    -0.01017606
    14.13000000    -0.01022169
    14.14000000    -0.01026749
    14.15000000    -0.01031345
    14.16000000    -0.01035958
    14.17000000    -0.01040587
    14.18000000    -0.01045234
    14.19000000    -0.01049897
    14.20000000    -0.01054577
    14.21000000    -0.01059273
    14.22000000    -0.01063987
    14.23000000    -0.01068717
    14.24000000    -0.01073465
    14.25000000    -0.01078230
    14.26000000    -0.01083011
    14.27000000    -0.01087810
    14.28000000    -0.01092626
    14.29000000    -0.01097460
    14.30000000    -0.01102310
    14.31000000    -0.01107178
    14.32000000    -0.01112063
    14.33000000    -0.01116966
    14.34000000    -0.01121886
    14.35000000    -0.01126824
    14.36000000    -0.01131779
    14.37000000    -0.01136752
    14.38000000    -0.01141742
    14.39000000    -0.01146750
    14.40000000    -0.01151776
    14.41000000    -0.01156819
    14.42000000    -0.01161881
    14.43000000    -0.01166960
    14.44000000    -0.01172057
    14.45000000    -0.01177172
    14.46000000    -0.01182305
    14.47000000    -0.01187456
    14.48000000    -0.01192625
    14.49000000    -0.01197813
    14.50000000    -0.01203018
    14.51000000    -0.01208242
    14.52000000    -0.01213484
    14.53000000    -0.01218744
    14.54000000    -0.01224023
    14.55000000    -0.01229320
    14.56000000    -0.01234636
    14.57000000    -0.01239970
    14.58000000    -0.01245322
    14.59000000    -0.01250693
    14.60000000    -0.01256083
    14.61000000    -0.01261492
    14.62000000    -0.01266919
    14.63000000    -0.01272365
    14.64000000    -0.01277830
    14.65000000    -0.01283313
    14.66000000    -0.01288816
    14.67000000    -0.01294338
    14.68000000    -0.01299878
    14.69000000    -0.01305438
    14.70000000    -0.01311017
    14.71000000    -0.01316615
    14.72000000    -0.01322232
    14.73000000    -0.01327868
    14.74000000    -0.01333524
    14.75000000    -0.01339199
    14.76000000    -0.01344893
    14.77000000    -0.01350607
    14.78000000    -0.01356340
    14.79000000    -0.01362093
    14.80000000    -0.01367866
    14.81000000    -0.01373658
    14.82000000    -0.01379469
    14.83000000    -0.01385301
    14.84000000    -0.01391152
    14.85000000    -0.01397023
    14.86000000    -0.01402914
    14.87000000    -0.01408825
    14.88000000    -0.01414756
    14.89000000    -0.01420707
    14.90000000    -0.01426677
    14.91000000    -0.01432668
    14.92000000    -0.01438680
    14.93000000    -0.01444711
    14.94000000    -0.01450762
    14.95000000    -0.01456834
    14.96000000    -0.01462927
    14.97000000    -0.01469039
    14.98000000    -0.01475172
    14.99000000    -0.01481326
    15.00000000    -0.01487500
    15.01000000    -0.01493695
    15.02000000    -0.01499910
    15.03000000    -0.01506146
    15.04000000    -0.01512403
    15.05000000    -0.01518680
    15.06000000    -0.01524979
    15.07000000    -0.01531298
    15.08000000    -0.01537638
    15.09000000    -0.01543999
    15.10000000    -0.01550381
    15.11000000    -0.01556785
    15.12000000    -0.01563209
    15.13000000    -0.01569655
    15.14000000    -0.01576121
    15.15000000    -0.01582609
    15.16000000    -0.01589119
    15.17000000    -0.01595650
    15.18000000    -0.01602202
    15.19000000    -0.01608775
    15.20000000    -0.01615371
    15.21000000    -0.01621987
    15.22000000    -0.01628626
    15.23000000    -0.01635286
    15.24000000    -0.01641968
    15.25000000    -0.01648671
    15.26000000    -0.01655397
    15.27000000    -0.01662144
    15.28000000    -0.01668913
    15.29000000    -0.01675704
    15.30000000    -0.01682517
    15.31000000    -0.01689352
    15.32000000    -0.01696210
    15.33000000    -0.01703089
    15.34000000    -0.01709991
    15.35000000    -0.01716915
    15.36000000    -0.01723861
    15.37000000    -0.01730830
    15.38000000    -0.01737821
    15.39000000    -0.01744835
    15.40000000    -0.01751871
    15.41000000    -0.01758930
    15.42000000    -0.01766011
    15.43000000    -0.01773115
    15.44000000    -0.01780242
    15.45000000    -0.01787391
    15.46000000    -0.01794563
    15.47000000    -0.01801759
    15.48000000    -0.01808977
    15.49000000    -0.01816218
    15.50000000    -0.01823482
    15.51000000    -0.01830769
    15.52000000    -0.01838080
    15.53000000    -0.01845413
    15.54000000    -0.01852770
    15.55000000    -0.01860150
    15.56000000    -0.01867553
    15.57000000    -0.01874980
    15.58000000    -0.01882430
    15.59000000    -0.01889904
    15.60000000    -0.01897401
    15.61000000    -0.01904922
    15.62000000    -0.01912467
    15.63000000    -0.01920035
    15.64000000    -0.01927627
    15.65000000    -0.01935243
    15.66000000    -0.01942882
    15.67000000    -0.01950546
    15.68000000    -0.01958233
    15.69000000    -0.01965945
    15.70000000    -0.01973680
    15.71000000    -0.01981440
    15.72000000    -0.01989223
    15.73000000    -0.01997032
    15.74000000    -0.02004864
    15.75000000    -0.02012720
    15.76000000    -0.02020601
    15.77000000    -0.02028507
    15.78000000    -0.02036437
    15.79000000    -0.02044391
    15.80000000    -0.02052370
    15.81000000    -0.02060373
    15.82000000    -0.02068402
    15.83000000    -0.02076455
    15.84000000    -0.02084533
    15.85000000    -0.02092635
    15.86000000    -0.02100763
    15.87000000    -0.02108915
    15.88000000    -0.02117093
    15.89000000    -0.02125295
    15.90000000    -0.02133523
    15.91000000    -0.02141775
    15.92000000    -0.02150053
    15.93000000    -0.02158357
    15.94000000    -0.02166685
    15.95000000    -0.02175039
    15.96000000    -0.02183418
    15.97000000    -0.02191823
    15.98000000    -0.02200254
    15.99000000    -0.02208709
    16.00000000    -0.02217191
    16.01000000    -0.02225698
    16.02000000    -0.02234231
    16.03000000    -0.02242790
    16.04000000    -0.02251374
    16.05000000    -0.02259985
    16.06000000    -0.02268621
    16.07000000    -0.02277284
    16.08000000    -0.02285972
    16.09000000    -0.02294687
    16.10000000    -0.02303428
    16.11000000    -0.02312194
    16.12000000    -0.02320988
    16.13000000    -0.02329807
    16.14000000    -0.02338653
    16.15000000    -0.02347525
    16.16000000    -0.02356424
    16.17000000    -0.02365350
    16.18000000    -0.02374302
    16.19000000    -0.02383280
    16.20000000    -0.02392285
    16.21000000    -0.02401317
    16.22000000    -0.02410376
    16.23000000    -0.02419462
    16.24000000    -0.02428574
    16.25000000    -0.02437714
    16.26000000    -0.02446881
    16.27000000    -0.02456074
    16.28000000    -0.02465295
    16.29000000    -0.02474543
    16.30000000    -0.02483818
    16.31000000    -0.02493120
    16.32000000    -0.02502450
    16.33000000    -0.02511807
    16.34000000    -0.02521192
    16.35000000    -0.02530604
    16.36000000    -0.02540044
    16.37000000    -0.02549511
    16.38000000    -0.02559006
    16.39000000    -0.02568529
    16.40000000    -0.02578079
    16.41000000    -0.02587657
    16.42000000    -0.02597263
    16.43000000    -0.02606897
    16.44000000    -0.02616560
    16.45000000    -0.02626250
    16.46000000    -0.02635968
    16.47000000    -0.02645714
    16.48000000    -0.02655489
    16.49000000    -0.02665291
    16.50000000    -0.02675123
    16.51000000    -0.02684982
    16.52000000    -0.02694870
    16.53000000    -0.02704786
    16.54000000    -0.02714731
    16.55000000    -0.02724705
    16.56000000    -0.02734707
    16.57000000    -0.02744738
    16.58000000    -0.02754797
    16.59000000    -0.02764886
    16.60000000    -0.02775003
    16.61000000    -0.02785149
    16.62000000    -0.02795324
    16.63000000    -0.02805528
    16.64000000    -0.02815762
    16.65000000    -0.02826024
    16.66000000    -0.02836315
    16.67000000    -0.02846636
    16.68000000    -0.02856986
    16.69000000    -0.02867366
    16.70000000    -0.02877774
    16.71000000    -0.02888213
    16.72000000    -0.02898681
    16.73000000    -0.02909178
    16.74000000    -0.02919705
    16.75000000    -0.02930262
    16.76000000    -0.02940848
    16.77000000    -0.02951464
    16.78000000    -0.02962110
    16.79000000    -0.02972786
    16.80000000    -0.02983492
    16.81000000    -0.02994228
    16.82000000    -0.03004994
    16.83000000    -0.03015790
    16.84000000    -0.03026616
    16.85000000    -0.03037473
    16.86000000    -0.03048359
    16.87000000    -0.03059276
    16.88000000    -0.03070224
    16.89000000    -0.03081202
    16.90000000    -0.03092210
    16.91000000    -0.03103249
    16.92000000    -0.03114319
    16.93000000    -0.03125419
    16.94000000    -0.03136550
    16.95000000    -0.03147712
    16.96000000    -0.03158905
    16.97000000    -0.03170128
    16.98000000    -0.03181383
    16.99000000    -0.03192668
    17.00000000    -0.03203985
    17.01000000    -0.03215332
    17.02000000    -0.03226711
    17.03000000    -0.03238121
    17.04000000    -0.03249562
    17.05000000    -0.03261035
    17.06000000    -0.03272539
    17.07000000    -0.03284074
    17.08000000    -0.03295641
    17.09000000    -0.03307240
    17.10000000    -0.03318870
    17.11000000    -0.03330532
    17.12000000    -0.03342225
    17.13000000    -0.03353951
    17.14000000    -0.03365708
    17.15000000    -0.03377497
    17.16000000    -0.03389318
    17.17000000    -0.03401170
    17.18000000    -0.03413055
    17.19000000    -0.03424973
    17.20000000    -0.03436922
    17.21000000    -0.03448903
    17.22000000    -0.03460917
    17.23000000    -0.03472963
    17.24000000    -0.03485042
    17.25000000    -0.03497152
    17.26000000    -0.03509296
    17.27000000    -0.03521472
    17.28000000    -0.03533680
    17.29000000    -0.03545922
    17.30000000    -0.03558195
    17.31000000    -0.03570502
    17.32000000    -0.03582842
    17.33000000    -0.03595214
    17.34000000    -0.03607619
    17.35000000    -0.03620058
    17.36000000    -0.03632529
    17.37000000    -0.03645034
    17.38000000    -0.03657571
    17.39000000    -0.03670142
    17.40000000    -0.03682746
    17.41000000    -0.03695384
    17.42000000    -0.03708055
    17.43000000    -0.03720759
    17.44000000    -0.03733497
    17.45000000    -0.03746268
    17.46000000    -0.03759073
    17.47000000    -0.03771912
    17.48000000    -0.03784784
    17.49000000    -0.03797690
    17.50000000    -0.03810630
    17.51000000    -0.03823604
    17.52000000    -0.03836612
    17.53000000    -0.03849653
    17.54000000    -0.03862729
    17.55000000    -0.03875839
    17.56000000    -0.03888983
    17.57000000    -0.03902161
    17.58000000    -0.03915374
    17.59000000    -0.03928621
    17.60000000    -0.03941902
    17.61000000    -0.03955218
    17.62000000    -0.03968568
    17.63000000    -0.03981953
    17.64000000    -0.03995372
    17.65000000    -0.04008826
    17.66000000    -0.04022315
    17.67000000    -0.04035838
    17.68000000    -0.04049396
    17.69000000    -0.04062989
    17.70000000    -0.04076618
    17.71000000    -0.04090281
    17.72000000    -0.04103979
    17.73000000    -0.04117712
    17.74000000    -0.04131481
    17.75000000    -0.04145284
    17.76000000    -0.04159123
    17.77000000    -0.04172997
    17.78000000    -0.04186907
    17.79000000    -0.04200852
    17.80000000    -0.04214832
    17.81000000    -0.04228848
    17.82000000    -0.04242900
    17.83000000    -0.04256987
    17.84000000    -0.04271110
    17.85000000    -0.04285269
    17.86000000    -0.04299464
    17.87000000    -0.04313694
    17.88000000    -0.04327961
    17.89000000    -0.04342263
    17.90000000    -0.04356602
    17.91000000    -0.04370976
    17.92000000    -0.04385387
    17.93000000    -0.04399834
    17.94000000    -0.04414317
    17.95000000    -0.04428836
    17.96000000    -0.04443392
    17.97000000    -0.04457985
    17.98000000    -0.04472613
    17.99000000    -0.04487279
    18.00000000    -0.04501981
    18.01000000    -0.04516719
    18.02000000    -0.04531494
    18.03000000    -0.04546306
    18.04000000    -0.04561155
    18.05000000    -0.04576041
    18.06000000    -0.04590963
    18.07000000    -0.04605923
    18.08000000    -0.04620920
    18.09000000    -0.04635953
    18.10000000    -0.04651024
    18.11000000    -0.04666132
    18.12000000    -0.04681277
    18.13000000    -0.04696460
    18.14000000    -0.04711680
    18.15000000    -0.04726937
    18.16000000    -0.04742232
    18.17000000    -0.04757565
    18.18000000    -0.04772935
    18.19000000    -0.04788342
    18.20000000    -0.04803787
    18.21000000    -0.04819270
    18.22000000    -0.04834791
    18.23000000    -0.04850350
    18.24000000    -0.04865946
    18.25000000    -0.04881581
    18.26000000    -0.04897254
    18.27000000    -0.04912964
    18.28000000    -0.04928713
    18.29000000    -0.04944500
    18.30000000    -0.04960325
    18.31000000    -0.04976188
    18.32000000    -0.04992090
    18.33000000    -0.05008030
    18.34000000    -0.05024009
    18.35000000    -0.05040026
    18.36000000    -0.05056082
    18.37000000    -0.05072176
    18.38000000    -0.05088309
    18.39000000    -0.05104481
    18.40000000    -0.05120691
    18.41000000    -0.05136941
    18.42000000    -0.05153229
    18.43000000    -0.05169556
    18.44000000    -0.05185922
    18.45000000    -0.05202327
    18.46000000    -0.05218771
    18.47000000    -0.05235255
    18.48000000    -0.05251777
    18.49000000    -0.05268339
    18.50000000    -0.05284940
    18.51000000    -0.05301581
    18.52000000    -0.05318261
    18.53000000    -0.05334980
    18.54000000    -0.05351739
    18.55000000    -0.05368538
    18.56000000    -0.05385376
    18.57000000    -0.05402254
    18.58000000    -0.05419172
    18.59000000    -0.05436129
    18.60000000    -0.05453126
    18.61000000    -0.05470164
    18.62000000    -0.05487241
    18.63000000    -0.05504358
    18.64000000    -0.05521515
    18.65000000    -0.05538712
    18.66000000    -0.05555950
    18.67000000    -0.05573228
    18.68000000    -0.05590546
    18.69000000    -0.05607904
    18.70000000    -0.05625303
    18.71000000    -0.05642742
    18.72000000    -0.05660221
    18.73000000    -0.05677742
    18.74000000    -0.05695302
    18.75000000    -0.05712904
    18.76000000    -0.05730546
    18.77000000    -0.05748229
    18.78000000    -0.05765952
    18.79000000    -0.05783717
    18.80000000    -0.05801522
    18.81000000    -0.05819369
    18.82000000    -0.05837256
    18.83000000    -0.05855185
    18.84000000    -0.05873154
    18.85000000    -0.05891165
    18.86000000    -0.05909217
    18.87000000    -0.05927310
    18.88000000    -0.05945445
    18.89000000    -0.05963621
    18.90000000    -0.05981838
    18.91000000    -0.06000097
    18.92000000    -0.06018397
    18.93000000    -0.06036739
    18.94000000    -0.06055123
    18.95000000    -0.06073548
    18.96000000    -0.06092016
    18.97000000    -0.06110524
    18.98000000    -0.06129075
    18.99000000    -0.06147668
    19.00000000    -0.06166302
    19.01000000    -0.06184979
    19.02000000    -0.06203698
    19.03000000    -0.06222458
    19.04000000    -0.06241261
    19.05000000    -0.06260106
    19.06000000    -0.06278994
    19.07000000    -0.06297923
    19.08000000    -0.06316895
    19.09000000    -0.06335910
    19.10000000    -0.06354967
    19.11000000    -0.06374066
    19.12000000    -0.06393208
    19.13000000    -0.06412393
    19.14000000    -0.06431620
    19.15000000    -0.06450890
    19.16000000    -0.06470203
    19.17000000    -0.06489559
    19.18000000    -0.06508957
    19.19000000    -0.06528399
    19.20000000    -0.06547883
    19.21000000    -0.06567410
    19.22000000    -0.06586981
    19.23000000    -0.06606594
    19.24000000    -0.06626251
    19.25000000    -0.06645951
    19.26000000    -0.06665695
    19.27000000    -0.06685481
    19.28000000    -0.06705311
    19.29000000    -0.06725184
    19.30000000    -0.06745101
    19.31000000    -0.06765062
    19.32000000    -0.06785066
    19.33000000    -0.06805113
    19.34000000    -0.06825205
    19.35000000    -0.06845340
    19.36000000    -0.06865518
    19.37000000    -0.06885741
    19.38000000    -0.06906007
    19.39000000    -0.06926318
    19.40000000    -0.06946672
    19.41000000    -0.06967071
    19.42000000    -0.06987513
    19.43000000    -0.07008000
    19.44000000    -0.07028530
    19.45000000    -0.07049105
    19.46000000    -0.07069724
    19.47000000    -0.07090388
    19.48000000    -0.07111096
    19.49000000    -0.07131848
    19.50000000    -0.07152645
    19.51000000    -0.07173486
    19.52000000    -0.07194372
    19.53000000    -0.07215303
    19.54000000    -0.07236278
    19.55000000    -0.07257297
    19.56000000    -0.07278362
    19.57000000    -0.07299471
    19.58000000    -0.07320625
    19.59000000    -0.07341825
    19.60000000    -0.07363069
    19.61000000    -0.07384358
    19.62000000    -0.07405692
    19.63000000    -0.07427071
    19.64000000    -0.07448495
    19.65000000    -0.07469965
    19.66000000    -0.07491479
    19.67000000    -0.07513039
    19.68000000    -0.07534645
    19.69000000    -0.07556295
    19.70000000    -0.07577991
    19.71000000    -0.07599733
    19.72000000    -0.07621520
    19.73000000    -0.07643352
    19.74000000    -0.07665231
    19.75000000    -0.07687155
    19.76000000    -0.07709124
    19.77000000    -0.07731139
    19.78000000    -0.07753201
    19.79000000    -0.07775307
    19.80000000    -0.07797460
    19.81000000    -0.07819659
    19.82000000    -0.07841904
    19.83000000    -0.07864195
    19.84000000    -0.07886531
    19.85000000    -0.07908914
    19.86000000    -0.07931343
    19.87000000    -0.07953819
    19.88000000    -0.07976340
    19.89000000    -0.07998908
    19.90000000    -0.08021522
    19.91000000    -0.08044183
    19.92000000    -0.08066890
    19.93000000    -0.08089644
    19.94000000    -0.08112444
    19.95000000    -0.08135290
    19.96000000    -0.08158183
    19.97000000    -0.08181123
    19.98000000    -0.08204110
    19.99000000    -0.08227143
    20.00000000    -0.08250223
    20.01000000    -0.08273350
    20.02000000    -0.08296524
    20.03000000    -0.08319745
    20.04000000    -0.08343013
    20.05000000    -0.08366328
    20.06000000    -0.08389689
    20.07000000    -0.08413098
    20.08000000    -0.08436554
    20.09000000    -0.08460058
    20.10000000    -0.08483608
    20.11000000    -0.08507206
    20.12000000    -0.08530851
    20.13000000    -0.08554544
    20.14000000    -0.08578284
    20.15000000    -0.08602071
    20.16000000    -0.08625906
    20.17000000    -0.08649788
    20.18000000    -0.08673718
    20.19000000    -0.08697696
    20.20000000    -0.08721721
    20.21000000    -0.08745794
    20.22000000    -0.08769915
    20.23000000    -0.08794083
    20.24000000    -0.08818300
    20.25000000    -0.08842564
    20.26000000    -0.08866876
    20.27000000    -0.08891236
    20.28000000    -0.08915645
    20.29000000    -0.08940101
    20.30000000    -0.08964605
    20.31000000    -0.08989157
    20.32000000    -0.09013758
    20.33000000    -0.09038407
    20.34000000    -0.09063104
    20.35000000    -0.09087849
    20.36000000    -0.09112643
    20.37000000    -0.09137485
    20.38000000    -0.09162376
    20.39000000    -0.09187315
    20.40000000    -0.09212302
    20.41000000    -0.09237338
    20.42000000    -0.09262423
    20.43000000    -0.09287556
    20.44000000    -0.09312738
    20.45000000    -0.09337969
    20.46000000    -0.09363248
    20.47000000    -0.09388576
    20.48000000    -0.09413953
    20.49000000    -0.09439379
    20.50000000    -0.09464854
    20.51000000    -0.09490378
    20.52000000    -0.09515950
    20.53000000    -0.09541572
    20.54000000    -0.09567243
    20.55000000    -0.09592963
    20.56000000    -0.09618732
    20.57000000    -0.09644550
    20.58000000    -0.09670418
    20.59000000    -0.09696334
    20.60000000    -0.09722300
    20.61000000    -0.09748316
    20.62000000    -0.09774380
    20.63000000    -0.09800494
    20.64000000    -0.09826658
    20.65000000    -0.09852871
    20.66000000    -0.09879134
    20.67000000    -0.09905446
    20.68000000    -0.09931808
    20.69000000    -0.09958219
    20.70000000    -0.09984680
    20.71000000    -0.10011191
    20.72000000    -0.10037751
    20.73000000    -0.10064362
    20.74000000    -0.10091022
    20.75000000    -0.10117732
    20.76000000    -0.10144492
    20.77000000    -0.10171302
    20.78000000    -0.10198162
    20.79000000    -0.10225072
    20.80000000    -0.10252031
    20.81000000    -0.10279041
    20.82000000    -0.10306102
    20.83000000    -0.10333212
    20.84000000    -0.10360372
    20.85000000    -0.10387583
    20.86000000    -0.10414844
    20.87000000    -0.10442155
    20.88000000    -0.10469517
    20.89000000    -0.10496929
    20.90000000    -0.10524391
    20.91000000    -0.10551904
    20.92000000    -0.10579467
    20.93000000    -0.10607081
    20.94000000    -0.10634745
    20.95000000    -0.10662460
    20.96000000    -0.10690226
    20.97000000    -0.10718042
    20.98000000    -0.10745908
    20.99000000    -0.10773826
    21.00000000    -0.10801794
    21.01000000    -0.10829813
    21.02000000    -0.10857883
    21.03000000    -0.10886004
    21.04000000    -0.10914176
    21.05000000    -0.10942398
    21.06000000    -0.10970672
    21.07000000    -0.10998996
    21.08000000    -0.11027372
    21.09000000    -0.11055798
    21.10000000    -0.11084276
    21.11000000    -0.11112804
    21.12000000    -0.11141384
    21.13000000    -0.11170015
    21.14000000    -0.11198697
    21.15000000    -0.11227431
    21.16000000    -0.11256216
    21.17000000    -0.11285052
    21.18000000    -0.11313939
    21.19000000    -0.11342878
    21.20000000    -0.11371868
    21.21000000    -0.11400909
    21.22000000    -0.11430002
    21.23000000    -0.11459147
    21.24000000    -0.11488343
    21.25000000    -0.11517591
    21.26000000    -0.11546890
    21.27000000    -0.11576241
    21.28000000    -0.11605643
    21.29000000    -0.11635097
    21.30000000    -0.11664603
    21.31000000    -0.11694160
    21.32000000    -0.11723770
    21.33000000    -0.11753431
    21.34000000    -0.11783144
    21.35000000    -0.11812908
    21.36000000    -0.11842725
    21.37000000    -0.11872593
    21.38000000    -0.11902514
    21.39000000    -0.11932486
    21.40000000    -0.11962511
    21.41000000    -0.11992587
    21.42000000    -0.12022715
    21.43000000    -0.12052896
    21.44000000    -0.12083129
    21.45000000    -0.12113413
    21.46000000    -0.12143750
    21.47000000    -0.12174139
    21.48000000    -0.12204581
    21.49000000    -0.12235074
    21.50000000    -0.12265620
    21.51000000    -0.12296218
    21.52000000    -0.12326869
    21.53000000    -0.12357571
    21.54000000    -0.12388327
    21.55000000    -0.12419134
    21.56000000    -0.12449994
    21.57000000    -0.12480907
    21.58000000    -0.12511871
    21.59000000    -0.12542889
    21.60000000    -0.12573959
    21.61000000    -0.12605081
    21.62000000    -0.12636256
    21.63000000    -0.12667484
    21.64000000    -0.12698764
    21.65000000    -0.12730097
    21.66000000    -0.12761483
    21.67000000    -0.12792921
    21.68000000    -0.12824412
    21.69000000    -0.12855956
    21.70000000    -0.12887552
    21.71000000    -0.12919202
    21.72000000    -0.12950904
    21.73000000    -0.12982659
    21.74000000    -0.13014467
    21.75000000    -0.13046328
    21.76000000    -0.13078241
    21.77000000    -0.13110208
    21.78000000    -0.13142227
    21.79000000    -0.13174300
    21.80000000    -0.13206426
    21.81000000    -0.13238604
    21.82000000    -0.13270836
    21.83000000    -0.13303120
    21.84000000    -0.13335458
    21.85000000    -0.13367849
    21.86000000    -0.13400293
    21.87000000    -0.13432790
    21.88000000    -0.13465341
    21.89000000    -0.13497944
    21.90000000    -0.13530601
    21.91000000    -0.13563311
    21.92000000    -0.13596074
    21.93000000    -0.13628891
    21.94000000    -0.13661761
    21.95000000    -0.13694684
    21.96000000    -0.13727660
    21.97000000    -0.13760690
    21.98000000    -0.13793773
    21.99000000    -0.13826910
    22.00000000    -0.13860100
    22.01000000    -0.13893343
    22.02000000    -0.13926640
    22.03000000    -0.13959990
    22.04000000    -0.13993394
    22.05000000    -0.14026852
    22.06000000    -0.14060363
    22.07000000    -0.14093927
    22.08000000    -0.14127545
    22.09000000    -0.14161216
    22.10000000    -0.14194942
    22.11000000    -0.14228720
    22.12000000    -0.14262553
    22.13000000    -0.14296439
    22.14000000    -0.14330378
    22.15000000    -0.14364372
    22.16000000    -0.14398419
    22.17000000    -0.14432520
    22.18000000    -0.14466674
    22.19000000    -0.14500882
    22.20000000    -0.14535144
    22.21000000    -0.14569460
    22.22000000    -0.14603830
    22.23000000    -0.14638253
    22.24000000    -0.14672730
    22.25000000    -0.14707261
    22.26000000    -0.14741846
    22.27000000    -0.14776485
    22.28000000    -0.14811177
    22.29000000    -0.14845924
    22.30000000    -0.14880724
    22.31000000    -0.14915578
    22.32000000    -0.14950486
    22.33000000    -0.14985449
    22.34000000    -0.15020465
    22.35000000    -0.15055535
    22.36000000    -0.15090659
    22.37000000    -0.15125837
    22.38000000    -0.15161069
    22.39000000    -0.15196355
    22.40000000    -0.15231695
    22.41000000    -0.15267089
    22.42000000    -0.15302537
    22.43000000    -0.15338039
    22.44000000    -0.15373596
    22.45000000    -0.15409206
    22.46000000    -0.15444871
    22.47000000    -0.15480589
    22.48000000    -0.15516362
    22.49000000    -0.15552189
    22.50000000    -0.15588070
    22.51000000    -0.15624005
    22.52000000    -0.15659994
    22.53000000    -0.15696038
    22.54000000    -0.15732135
    22.55000000    -0.15768287
    22.56000000    -0.15804493
    22.57000000    -0.15840753
    22.58000000    -0.15877068
    22.59000000    -0.15913436
    22.60000000    -0.15949859
    22.61000000    -0.15986336
    22.62000000    -0.16022868
    22.63000000    -0.16059453
    22.64000000    -0.16096093
    22.65000000    -0.16132787
    22.66000000    -0.16169536
    22.67000000    -0.16206338
    22.68000000    -0.16243195
    22.69000000    -0.16280107
    22.70000000    -0.16317072
    22.71000000    -0.16354092
    22.72000000    -0.16391166
    22.73000000    -0.16428295
    22.74000000    -0.16465477
    22.75000000    -0.16502715
    22.76000000    -0.16540006
    22.77000000    -0.16577352
    22.78000000    -0.16614752
    22.79000000    -0.16652207
    22.80000000    -0.16689715
    22.81000000    -0.16727279
    22.82000000    -0.16764896
    22.83000000    -0.16802568
    22.84000000    -0.16840294
    22.85000000    -0.16878075
    22.86000000    -0.16915910
    22.87000000    -0.16953799
    22.88000000    -0.16991743
    22.89000000    -0.17029741
    22.90000000    -0.17067794
    22.91000000    -0.17105901
    22.92000000    -0.17144062
    22.93000000    -0.17182278
    22.94000000    -0.17220548
    22.95000000    -0.17258872
    22.96000000    -0.17297251
    22.97000000    -0.17335685
    22.98000000    -0.17374172
    22.99000000    -0.17412714
    23.00000000    -0.17451311
    23.01000000    -0.17489962
    23.02000000    -0.17528667
    23.03000000    -0.17567426
    23.04000000    -0.17606240
    23.05000000    -0.17645109
    23.06000000    -0.17684032
    23.07000000    -0.17723009
    23.08000000    -0.17762040
    23.09000000    -0.17801126
    23.10000000    -0.17840267
    23.11000000    -0.17879461
    23.12000000    -0.17918710
    23.13000000    -0.17958014
    23.14000000    -0.17997372
    23.15000000    -0.18036784
    23.16000000    -0.18076251
    23.17000000    -0.18115772
    23.18000000    -0.18155347
    23.19000000    -0.18194977
    23.20000000    -0.18234661
    23.21000000    -0.18274399
    23.22000000    -0.18314192
    23.23000000    -0.18354039
    23.24000000    -0.18393940
    23.25000000    -0.18433896
    23.26000000    -0.18473906
    23.27000000    -0.18513970
    23.28000000    -0.18554089
    23.29000000    -0.18594262
    23.30000000    -0.18634489
    23.31000000    -0.18674771
    23.32000000    -0.18715107
    23.33000000    -0.18755497
    23.34000000    -0.18795942
    23.35000000    -0.18836440
    23.36000000    -0.18876993
    23.37000000    -0.18917600
    23.38000000    -0.18958262
    23.39000000    -0.18998978
    23.40000000    -0.19039748
    23.41000000    -0.19080572
    23.42000000    -0.19121450
    23.43000000    -0.19162383
    23.44000000    -0.19203369
    23.45000000    -0.19244410
    23.46000000    -0.19285506
    23.47000000    -0.19326655
    23.48000000    -0.19367858
    23.49000000    -0.19409116
    23.50000000    -0.19450428
    23.51000000    -0.19491794
    23.52000000    -0.19533213
    23.53000000    -0.19574688
    23.54000000    -0.19616216
    23.55000000    -0.19657798
    23.56000000    -0.19699434
    23.57000000    -0.19741125
    23.58000000    -0.19782869
    23.59000000    -0.19824667
    23.60000000    -0.19866520
    23.61000000    -0.19908426
    23.62000000    -0.19950387
    23.63000000    -0.19992401
    23.64000000    -0.20034469
    23.65000000    -0.20076592
    23.66000000    -0.20118768
    23.67000000    -0.20160998
    23.68000000    -0.20203282
    23.69000000    -0.20245620
    23.70000000    -0.20288012
    23.71000000    -0.20330458
    23.72000000    -0.20372957
    23.73000000    -0.20415511
    23.74000000    -0.20458118
    23.75000000    -0.20500779
    23.76000000    -0.20543494
    23.77000000    -0.20586262
    23.78000000    -0.20629084
    23.79000000    -0.20671961
    23.80000000    -0.20714890
    23.81000000    -0.20757874
    23.82000000    -0.20800911
    23.83000000    -0.20844001
    23.84000000    -0.20887146
    23.85000000    -0.20930344
    23.86000000    -0.20973596
    23.87000000    -0.21016901
    23.88000000    -0.21060260
    23.89000000    -0.21103672
    23.90000000    -0.21147138
    23.91000000    -0.21190657
    23.92000000    -0.21234230
    23.93000000    -0.21277856
    23.94000000    -0.21321536
    23.95000000    -0.21365269
    23.96000000    -0.21409056
    23.97000000    -0.21452896
    23.98000000    -0.21496789
    23.99000000    -0.21540736
    24.00000000    -0.21584735
    24.01000000    -0.21628789
    24.02000000    -0.21672895
    24.03000000    -0.21717055
    24.04000000    -0.21761268
    24.05000000    -0.21805534
    24.06000000    -0.21849854
    24.07000000    -0.21894226
    24.08000000    -0.21938652
    24.09000000    -0.21983131
    24.10000000    -0.22027662
    24.11000000    -0.22072247
    24.12000000    -0.22116885
    24.13000000    -0.22161576
    24.14000000    -0.22206320
    24.15000000    -0.22251117
    24.16000000    -0.22295967
    24.17000000    -0.22340870
    24.18000000    -0.22385825
    24.19000000    -0.22430834
    24.20000000    -0.22475895
    24.21000000    -0.22521009
    24.22000000    -0.22566176
    24.23000000    -0.22611395
    24.24000000    -0.22656668
    24.25000000    -0.22701993
    24.26000000    -0.22747370
    24.27000000    -0.22792800
    24.28000000    -0.22838283
    24.29000000    -0.22883819
    24.30000000    -0.22929407
    24.31000000    -0.22975047
    24.32000000    -0.23020740
    24.33000000    -0.23066485
    24.34000000    -0.23112283
    24.35000000    -0.23158134
    24.36000000    -0.23204036
    24.37000000    -0.23249991
    24.38000000    -0.23295998
    24.39000000    -0.23342058
    24.40000000    -0.23388169
    24.41000000    -0.23434333
    24.42000000    -0.23480549
    24.43000000    -0.23526817
    24.44000000    -0.23573138
    24.45000000    -0.23619510
    24.46000000    -0.23665935
    24.47000000    -0.23712411
    24.48000000    -0.23758939
    24.49000000    -0.23805520
    24.50000000    -0.23852152
    24.51000000    -0.23898836
    24.52000000    -0.23945572
    24.53000000    -0.23992359
    24.54000000    -0.24039199
    24.55000000    -0.24086090
    24.56000000    -0.24133033
    24.57000000    -0.24180027
    24.58000000    -0.24227074
    24.59000000    -0.24274171
    24.60000000    -0.24321321
    24.61000000    -0.24368521
    24.62000000    -0.24415774
    24.63000000    -0.24463077
    24.64000000    -0.24510432
    24.65000000    -0.24557839
    24.66000000    -0.24605296
    24.67000000    -0.24652805
    24.68000000    -0.24700366
    24.69000000    -0.24747977
    24.70000000    -0.24795640
    24.71000000    -0.24843353
    24.72000000    -0.24891118
    24.73000000    -0.24938934
    24.74000000    -0.24986801
    24.75000000    -0.25034719
    24.76000000    -0.25082687
    24.77000000    -0.25130707
    24.78000000    -0.25178777
    24.79000000    -0.25226898
    24.80000000    -0.25275070
    24.81000000    -0.25323293
    24.82000000    -0.25371566
    24.83000000    -0.25419890
    24.84000000    -0.25468265
    24.85000000    -0.25516690
    24.86000000    -0.25565165
    24.87000000    -0.25613691
    24.88000000    -0.25662268
    24.89000000    -0.25710894
    24.90000000    -0.25759571
    24.91000000    -0.25808299
    24.92000000    -0.25857076
    24.93000000    -0.25905904
    24.94000000    -0.25954782
    24.95000000    -0.26003710
    24.96000000    -0.26052688
    24.97000000    -0.26101716
    24.98000000    -0.26150794
    24.99000000    -0.26199921
    25.00000000    -0.26249099
    25.01000000    -0.26298327
    25.02000000    -0.26347604
    25.03000000    -0.26396931
    25.04000000    -0.26446307
    25.05000000    -0.26495734
    25.06000000    -0.26545209
    25.07000000    -0.26594735
    25.08000000    -0.26644309
    25.09000000    -0.26693933
    25.10000000    -0.26743607
    25.11000000    -0.26793330
    25.12000000    -0.26843102
    25.13000000    -0.26892923
    25.14000000    -0.26942794
    25.15000000    -0.26992713
    25.16000000    -0.27042682
    25.17000000    -0.27092700
    25.18000000    -0.27142766
    25.19000000    -0.27192882
    25.20000000    -0.27243046
    25.21000000    -0.27293259
    25.22000000    -0.27343521
    25.23000000    -0.27393832
    25.24000000    -0.27444191
    25.25000000    -0.27494599
    25.26000000    -0.27545055
    25.27000000    -0.27595560
    25.28000000    -0.27646113
    25.29000000    -0.27696714
    25.30000000    -0.27747364
    25.31000000    -0.27798062
    25.32000000    -0.27848809
    25.33000000    -0.27899603
    25.34000000    -0.27950446
    25.35000000    -0.28001336
    25.36000000    -0.28052275
    25.37000000    -0.28103261
    25.38000000    -0.28154296
    25.39000000    -0.28205378
    25.40000000    -0.28256507
    25.41000000    -0.28307685
    25.42000000    -0.28358910
    25.43000000    -0.28410183
    25.44000000    -0.28461503
    25.45000000    -0.28512871
    25.46000000    -0.28564286
    25.47000000    -0.28615748
    25.48000000    -0.28667258
    25.49000000    -0.28718814
    25.50000000    -0.28770418
    25.51000000    -0.28822069
    25.52000000    -0.28873767
    25.53000000    -0.28925512
    25.54000000    -0.28977304
    25.55000000    -0.29029143
    25.56000000    -0.29081029
    25.57000000    -0.29132961
    25.58000000    -0.29184940
    25.59000000    -0.29236965
    25.60000000    -0.29289037
    25.61000000    -0.29341155
    25.62000000    -0.29393320
    25.63000000    -0.29445531
    25.64000000    -0.29497789
    25.65000000    -0.29550092
    25.66000000    -0.29602442
    25.67000000    -0.29654838
    25.68000000    -0.29707280
    25.69000000    -0.29759767
    25.70000000    -0.29812301
    25.71000000    -0.29864880
    25.72000000    -0.29917505
    25.73000000    -0.29970176
    25.74000000    -0.30022892
    25.75000000    -0.30075654
    25.76000000    -0.30128462
    25.77000000    -0.30181314
    25.78000000    -0.30234213
    25.79000000    -0.30287156
    25.80000000    -0.30340144
    25.81000000    -0.30393178
    25.82000000    -0.30446257
    25.83000000    -0.30499380
    25.84000000    -0.30552549
    25.85000000    -0.30605762
    25.86000000    -0.30659021
    25.87000000    -0.30712323
    25.88000000    -0.30765671
    25.89000000    -0.30819063
    25.90000000    -0.30872500
    25.91000000    -0.30925981
    25.92000000    -0.30979506
    25.93000000    -0.31033075
    25.94000000    -0.31086689
    25.95000000    -0.31140347
    25.96000000    -0.31194049
    25.97000000    -0.31247795
    25.98000000    -0.31301584
    25.99000000    -0.31355418
    26.00000000    -0.31409295
    26.01000000    -0.31463216
    26.02000000    -0.31517181
    26.03000000    -0.31571189
    26.04000000    -0.31625241
    26.05000000    -0.31679336
    26.06000000    -0.31733474
    26.07000000    -0.31787655
    26.08000000    -0.31841880
    26.09000000    -0.31896147
    26.10000000    -0.31950458
    26.11000000    -0.32004812
    26.12000000    -0.32059208
    26.13000000    -0.32113647
    26.14000000    -0.32168129
    26.15000000    -0.32222653
    26.16000000    -0.32277220
    26.17000000    -0.32331829
    26.18000000    -0.32386481
    26.19000000    -0.32441175
    26.20000000    -0.32495911
    26.21000000    -0.32550689
    26.22000000    -0.32605509
    26.23000000    -0.32660372
    26.24000000    -0.32715276
    26.25000000    -0.32770221
    26.26000000    -0.32825209
    26.27000000    -0.32880238
    26.28000000    -0.32935309
    26.29000000    -0.32990421
    26.30000000    -0.33045575
    26.31000000    -0.33100769
    26.32000000    -0.33156005
    26.33000000    -0.33211283
    26.34000000    -0.33266601
    26.35000000    -0.33321960
    26.36000000    -0.33377360
    26.37000000    -0.33432801
    26.38000000    -0.33488282
    26.39000000    -0.33543804
    26.40000000    -0.33599367
    26.41000000    -0.33654970
    26.42000000    -0.33710613
    26.43000000    -0.33766297
    26.44000000    -0.33822021
    26.45000000    -0.33877785
    26.46000000    -0.33933589
    26.47000000    -0.33989433
    26.48000000    -0.34045316
    26.49000000    -0.34101240
    26.50000000    -0.34157203
    26.51000000    -0.34213206
    26.52000000    -0.34269248
    26.53000000    -0.34325329
    26.54000000    -0.34381450
    26.55000000    -0.34437610
    26.56000000    -0.34493809
    26.57000000    -0.34550047
    26.58000000    -0.34606324
    26.59000000    -0.34662640
    26.60000000    -0.34718994
    26.61000000    -0.34775388
    26.62000000    -0.34831820
    26.63000000    -0.34888290
    26.64000000    -0.34944798
    26.65000000    -0.35001345
    26.66000000    -0.35057930
    26.67000000    -0.35114554
    26.68000000    -0.35171215
    26.69000000    -0.35227914
    26.70000000    -0.35284651
    26.71000000    -0.35341426
    26.72000000    -0.35398238
    26.73000000    -0.35455088
    26.74000000    -0.35511975
    26.75000000    -0.35568899
    26.76000000    -0.35625861
    26.77000000    -0.35682860
    26.78000000    -0.35739896
    26.79000000    -0.35796969
    26.80000000    -0.35854079
    26.81000000    -0.35911225
    26.82000000    -0.35968408
    26.83000000    -0.36025628
    26.84000000    -0.36082884
    26.85000000    -0.36140177
    26.86000000    -0.36197505
    26.87000000    -0.36254870
    26.88000000    -0.36312271
    26.89000000    -0.36369708
    26.90000000    -0.36427181
    26.91000000    -0.36484689
    26.92000000    -0.36542234
    26.93000000    -0.36599813
    26.94000000    -0.36657429
    26.95000000    -0.36715079
    26.96000000    -0.36772765
    26.97000000    -0.36830486
    26.98000000    -0.36888242
    26.99000000    -0.36946033
    27.00000000    -0.37003859
    27.01000000    -0.37061719
    27.02000000    -0.37119614
    27.03000000    -0.37177544
    27.04000000    -0.37235508
    27.05000000    -0.37293507
    27.06000000    -0.37351539
    27.07000000    -0.37409606
    27.08000000    -0.37467707
    27.09000000    -0.37525841
    27.10000000    -0.37584010
    27.11000000    -0.37642212
    27.12000000    -0.37700448
    27.13000000    -0.37758717
    27.14000000    -0.37817019
    27.15000000    -0.37875355
    27.16000000    -0.37933724
    27.17000000    -0.37992126
    27.18000000    -0.38050561
    27.19000000    -0.38109029
    27.20000000    -0.38167529
    27.21000000    -0.38226062
    27.22000000    -0.38284628
    27.23000000    -0.38343226
    27.24000000    -0.38401856
    27.25000000    -0.38460518
    27.26000000    -0.38519213
    27.27000000    -0.38577939
    27.28000000    -0.38636697
    27.29000000    -0.38695487
    27.30000000    -0.38754309
    27.31000000    -0.38813162
    27.32000000    -0.38872046
    27.33000000    -0.38930962
    27.34000000    -0.38989909
    27.35000000    -0.39048886
    27.36000000    -0.39107895
    27.37000000    -0.39166935
    27.38000000    -0.39226005
    27.39000000    -0.39285106
    27.40000000    -0.39344238
    27.41000000    -0.39403399
    27.42000000    -0.39462591
    27.43000000    -0.39521814
    27.44000000    -0.39581066
    27.45000000    -0.39640348
    27.46000000    -0.39699660
    27.47000000    -0.39759001
    27.48000000    -0.39818372
    27.49000000    -0.39877773
    27.50000000    -0.39937203
    27.51000000    -0.39996662
    27.52000000    -0.40056150
    27.53000000    -0.40115667
    27.54000000    -0.40175213
    27.55000000    -0.40234787
    27.56000000    -0.40294390
    27.57000000    -0.40354022
    27.58000000    -0.40413682
    27.59000000    -0.40473371
    27.60000000    -0.40533087
    27.61000000    -0.40592831
    27.62000000    -0.40652604
    27.63000000    -0.40712404
    27.64000000    -0.40772232
    27.65000000    -0.40832087
    27.66000000    -0.40891970
    27.67000000    -0.40951879
    27.68000000    -0.41011817
    27.69000000    -0.41071781
    27.70000000    -0.41131772
    27.71000000    -0.41191789
    27.72000000    -0.41251834
    27.73000000    -0.41311905
    27.74000000    -0.41372002
    27.75000000    -0.41432126
    27.76000000    -0.41492276
    27.77000000    -0.41552452
    27.78000000    -0.41612654
    27.79000000    -0.41672881
    27.80000000    -0.41733134
    27.81000000    -0.41793413
    27.82000000    -0.41853717
    27.83000000    -0.41914047
    27.84000000    -0.41974402
    27.85000000    -0.42034781
    27.86000000    -0.42095186
    27.87000000    -0.42155615
    27.88000000    -0.42216069
    27.89000000    -0.42276548
    27.90000000    -0.42337051
    27.91000000    -0.42397578
    27.92000000    -0.42458129
    27.93000000    -0.42518704
    27.94000000    -0.42579303
    27.95000000    -0.42639926
    27.96000000    -0.42700573
    27.97000000    -0.42761243
    27.98000000    -0.42821936
    27.99000000    -0.42882653
    28.00000000    -0.42943392
    28.01000000    -0.43004155
    28.02000000    -0.43064940
    28.03000000    -0.43125748
    28.04000000    -0.43186579
    28.05000000    -0.43247432
    28.06000000    -0.43308307
    28.07000000    -0.43369205
    28.08000000    -0.43430124
    28.09000000    -0.43491066
    28.10000000    -0.43552029
    28.11000000    -0.43613014
    28.12000000    -0.43674020
    28.13000000    -0.43735048
    28.14000000    -0.43796097
    28.15000000    -0.43857166
    28.16000000    -0.43918257
    28.17000000    -0.43979369
    28.18000000    -0.44040501
    28.19000000    -0.44101654
    28.20000000    -0.44162828
    28.21000000    -0.44224021
    28.22000000    -0.44285235
    28.23000000    -0.44346468
    28.24000000    -0.44407722
    28.25000000    -0.44468995
    28.26000000    -0.44530288
    28.27000000    -0.44591600
    28.28000000    -0.44652932
    28.29000000    -0.44714282
    28.30000000    -0.44775652
    28.31000000    -0.44837041
    28.32000000    -0.44898448
    28.33000000    -0.44959874
    28.34000000    -0.45021318
    28.35000000    -0.45082781
    28.36000000    -0.45144262
    28.37000000    -0.45205760
    28.38000000    -0.45267277
    28.39000000    -0.45328812
    28.40000000    -0.45390364
    28.41000000    -0.45451933
    28.42000000    -0.45513520
    28.43000000    -0.45575124
    28.44000000    -0.45636745
    28.45000000    -0.45698383
    28.46000000    -0.45760038
    28.47000000    -0.45821709
    28.48000000    -0.45883397
    28.49000000    -0.45945101
    28.50000000    -0.46006821
    28.51000000    -0.46068557
    28.52000000    -0.46130310
    28.53000000    -0.46192077
    28.54000000    -0.46253861
    28.55000000    -0.46315660
    28.56000000    -0.46377474
    28.57000000    -0.46439303
    28.58000000    -0.46501147
    28.59000000    -0.46563006
    28.60000000    -0.46624880
    28.61000000    -0.46686769
    28.62000000    -0.46748671
    28.63000000    -0.46810588
    28.64000000    -0.46872520
    28.65000000    -0.46934465
    28.66000000    -0.46996424
    28.67000000    -0.47058396
    28.68000000    -0.47120382
    28.69000000    -0.47182382
    28.70000000    -0.47244394
    28.71000000    -0.47306420
    28.72000000    -0.47368459
    28.73000000    -0.47430510
    28.74000000    -0.47492574
    28.75000000    -0.47554650
    28.76000000    -0.47616739
    28.77000000    -0.47678840
    28.78000000    -0.47740953
    28.79000000    -0.47803077
    28.80000000    -0.47865214
    28.81000000    -0.47927362
    28.82000000    -0.47989521
    28.83000000    -0.48051691
    28.84000000    -0.48113873
    28.85000000    -0.48176066
    28.86000000    -0.48238269
    28.87000000    -0.48300483
    28.88000000    -0.48362707
    28.89000000    -0.48424942
    28.90000000    -0.48487187
    28.91000000    -0.48549441
    28.92000000    -0.48611706
    28.93000000    -0.48673980
    28.94000000    -0.48736264
    28.95000000    -0.48798557
    28.96000000    -0.48860860
    28.97000000    -0.48923171
    28.98000000    -0.48985492
    28.99000000    -0.49047821
    29.00000000    -0.49110158
    29.01000000    -0.49172504
    29.02000000    -0.49234859
    29.03000000    -0.49297221
    29.04000000    -0.49359591
    29.05000000    -0.49421970
    29.06000000    -0.49484355
    29.07000000    -0.49546749
    29.08000000    -0.49609149
    29.09000000    -0.49671557
    29.10000000    -0.49733971
    29.11000000    -0.49796393
    29.12000000    -0.49858821
    29.13000000    -0.49921256
    29.14000000    -0.49983697
    29.15000000    -0.50046144
    29.16000000    -0.50108597
    29.17000000    -0.50171056
    29.18000000    -0.50233521
    29.19000000    -0.50295991
    29.20000000    -0.50358467
    29.21000000    -0.50420947
    29.22000000    -0.50483433
    29.23000000    -0.50545924
    29.24000000    -0.50608419
    29.25000000    -0.50670919
    29.26000000    -0.50733424
    29.27000000    -0.50795932
    29.28000000    -0.50858445
    29.29000000    -0.50920961
    29.30000000    -0.50983481
    29.31000000    -0.51046005
    29.32000000    -0.51108532
    29.33000000    -0.51171063
    29.34000000    -0.51233596
    29.35000000    -0.51296132
    29.36000000    -0.51358671
    29.37000000    -0.51421213
    29.38000000    -0.51483757
    29.39000000    -0.51546303
    29.40000000    -0.51608851
    29.41000000    -0.51671401
    29.42000000    -0.51733953
    29.43000000    -0.51796507
    29.44000000    -0.51859061
    29.45000000    -0.51921617
    29.46000000    -0.51984174
    29.47000000    -0.52046732
    29.48000000    -0.52109291
    29.49000000    -0.52171850
    29.50000000    -0.52234409
    29.51000000    -0.52296969
    29.52000000    -0.52359528
    29.53000000    -0.52422088
    29.54000000    -0.52484647
    29.55000000    -0.52547205
    29.56000000    -0.52609763
    29.57000000    -0.52672321
    29.58000000    -0.52734877
    29.59000000    -0.52797432
    29.60000000    -0.52859985
    29.61000000    -0.52922537
    29.62000000    -0.52985087
    29.63000000    -0.53047636
    29.64000000    -0.53110182
    29.65000000    -0.53172726
    29.66000000    -0.53235268
    29.67000000    -0.53297807
    29.68000000    -0.53360344
    29.69000000    -0.53422877
    29.70000000    -0.53485408
    29.71000000    -0.53547935
    29.72000000    -0.53610459
    29.73000000    -0.53672979
    29.74000000    -0.53735495
    29.75000000    -0.53798007
    29.76000000    -0.53860515
    29.77000000    -0.53923019
    29.78000000    -0.53985518
    29.79000000    -0.54048013
    29.80000000    -0.54110503
    29.81000000    -0.54172988
    29.82000000    -0.54235467
    29.83000000    -0.54297941
    29.84000000    -0.54360410
    29.85000000    -0.54422872
    29.86000000    -0.54485329
    29.87000000    -0.54547780
    29.88000000    -0.54610224
    29.89000000    -0.54672662
    29.90000000    -0.54735094
    29.91000000    -0.54797518
    29.92000000    -0.54859936
    29.93000000    -0.54922346
    29.94000000    -0.54984749
    29.95000000    -0.55047144
    29.96000000    -0.55109532
    29.97000000    -0.55171912
    29.98000000    -0.55234284
    29.99000000    -0.55296647
