#nl2j    1    6   11
     0.01000000     0.00000000
     0.02000000     0.00000000
     0.03000000     0.00000000
     0.04000000     0.00000000
     0.05000000     0.00000000
     0.06000000     0.00000000
     0.07000000     0.00000000
     0.08000000     0.00000000
     0.09000000     0.00000000
     0.10000000     0.00000000
     0.11000000     0.00000000
     0.12000000     0.00000000
     0.13000000     0.00000000
     0.14000000     0.00000000
     0.15000000     0.00000000
     0.16000000     0.00000000
     0.17000000     0.00000000
     0.18000000     0.00000000
     0.19000000     0.00000000
     0.20000000     0.00000000
     0.21000000     0.00000000
     0.22000000     0.00000000
     0.23000000     0.00000000
     0.24000000     0.00000000
     0.25000000     0.00000000
     0.26000000     0.00000000
     0.27000000     0.00000000
     0.28000000     0.00000000
     0.29000000     0.00000001
     0.30000000     0.00000001
     0.31000000     0.00000001
     0.32000000     0.00000001
     0.33000000     0.00000002
     0.34000000     0.00000002
     0.35000000     0.00000002
     0.36000000     0.00000003
     0.37000000     0.00000003
     0.38000000     0.00000004
     0.39000000     0.00000005
     0.40000000     0.00000006
     0.41000000     0.00000007
     0.42000000     0.00000008
     0.43000000     0.00000010
     0.44000000     0.00000012
     0.45000000     0.00000014
     0.46000000     0.00000016
     0.47000000     0.00000018
     0.48000000     0.00000021
     0.49000000     0.00000025
     0.50000000     0.00000028
     0.51000000     0.00000033
     0.52000000     0.00000037
     0.53000000     0.00000043
     0.54000000     0.00000049
     0.55000000     0.00000055
     0.56000000     0.00000063
     0.57000000     0.00000071
     0.58000000     0.00000080
     0.59000000     0.00000090
     0.60000000     0.00000101
     0.61000000     0.00000113
     0.62000000     0.00000127
     0.63000000     0.00000142
     0.64000000     0.00000158
     0.65000000     0.00000176
     0.66000000     0.00000196
     0.67000000     0.00000217
     0.68000000     0.00000241
     0.69000000     0.00000267
     0.70000000     0.00000295
     0.71000000     0.00000325
     0.72000000     0.00000358
     0.73000000     0.00000394
     0.74000000     0.00000433
     0.75000000     0.00000475
     0.76000000     0.00000521
     0.77000000     0.00000570
     0.78000000     0.00000624
     0.79000000     0.00000681
     0.80000000     0.00000743
     0.81000000     0.00000810
     0.82000000     0.00000881
     0.83000000     0.00000958
     0.84000000     0.00001041
     0.85000000     0.00001129
     0.86000000     0.00001224
     0.87000000     0.00001326
     0.88000000     0.00001435
     0.89000000     0.00001551
     0.90000000     0.00001675
     0.91000000     0.00001808
     0.92000000     0.00001949
     0.93000000     0.00002100
     0.94000000     0.00002260
     0.95000000     0.00002431
     0.96000000     0.00002613
     0.97000000     0.00002806
     0.98000000     0.00003011
     0.99000000     0.00003228
     1.00000000     0.00003459
     1.01000000     0.00003703
     1.02000000     0.00003962
     1.03000000     0.00004237
     1.04000000     0.00004527
     1.05000000     0.00004834
     1.06000000     0.00005158
     1.07000000     0.00005501
     1.08000000     0.00005863
     1.09000000     0.00006244
     1.10000000     0.00006647
     1.11000000     0.00007071
     1.12000000     0.00007518
     1.13000000     0.00007989
     1.14000000     0.00008484
     1.15000000     0.00009005
     1.16000000     0.00009553
     1.17000000     0.00010129
     1.18000000     0.00010734
     1.19000000     0.00011369
     1.20000000     0.00012036
     1.21000000     0.00012735
     1.22000000     0.00013469
     1.23000000     0.00014238
     1.24000000     0.00015043
     1.25000000     0.00015887
     1.26000000     0.00016770
     1.27000000     0.00017694
     1.28000000     0.00018661
     1.29000000     0.00019672
     1.30000000     0.00020729
     1.31000000     0.00021833
     1.32000000     0.00022986
     1.33000000     0.00024190
     1.34000000     0.00025447
     1.35000000     0.00026758
     1.36000000     0.00028126
     1.37000000     0.00029552
     1.38000000     0.00031038
     1.39000000     0.00032587
     1.40000000     0.00034200
     1.41000000     0.00035879
     1.42000000     0.00037628
     1.43000000     0.00039447
     1.44000000     0.00041339
     1.45000000     0.00043307
     1.46000000     0.00045353
     1.47000000     0.00047479
     1.48000000     0.00049689
     1.49000000     0.00051983
     1.50000000     0.00054366
     1.51000000     0.00056839
     1.52000000     0.00059406
     1.53000000     0.00062070
     1.54000000     0.00064832
     1.55000000     0.00067696
     1.56000000     0.00070665
     1.57000000     0.00073743
     1.58000000     0.00076931
     1.59000000     0.00080233
     1.60000000     0.00083653
     1.61000000     0.00087194
     1.62000000     0.00090859
     1.63000000     0.00094651
     1.64000000     0.00098574
     1.65000000     0.00102632
     1.66000000     0.00106827
     1.67000000     0.00111164
     1.68000000     0.00115647
     1.69000000     0.00120279
     1.70000000     0.00125064
     1.71000000     0.00130006
     1.72000000     0.00135109
     1.73000000     0.00140378
     1.74000000     0.00145815
     1.75000000     0.00151426
     1.76000000     0.00157215
     1.77000000     0.00163186
     1.78000000     0.00169343
     1.79000000     0.00175691
     1.80000000     0.00182235
     1.81000000     0.00188979
     1.82000000     0.00195928
     1.83000000     0.00203087
     1.84000000     0.00210460
     1.85000000     0.00218053
     1.86000000     0.00225870
     1.87000000     0.00233917
     1.88000000     0.00242198
     1.89000000     0.00250720
     1.90000000     0.00259487
     1.91000000     0.00268504
     1.92000000     0.00277777
     1.93000000     0.00287312
     1.94000000     0.00297114
     1.95000000     0.00307189
     1.96000000     0.00317543
     1.97000000     0.00328181
     1.98000000     0.00339109
     1.99000000     0.00350333
     2.00000000     0.00361860
     2.01000000     0.00373696
     2.02000000     0.00385845
     2.03000000     0.00398316
     2.04000000     0.00411114
     2.05000000     0.00424246
     2.06000000     0.00437718
     2.07000000     0.00451536
     2.08000000     0.00465708
     2.09000000     0.00480240
     2.10000000     0.00495139
     2.11000000     0.00510412
     2.12000000     0.00526065
     2.13000000     0.00542106
     2.14000000     0.00558541
     2.15000000     0.00575379
     2.16000000     0.00592625
     2.17000000     0.00610288
     2.18000000     0.00628375
     2.19000000     0.00646892
     2.20000000     0.00665849
     2.21000000     0.00685251
     2.22000000     0.00705108
     2.23000000     0.00725426
     2.24000000     0.00746213
     2.25000000     0.00767478
     2.26000000     0.00789228
     2.27000000     0.00811470
     2.28000000     0.00834214
     2.29000000     0.00857467
     2.30000000     0.00881237
     2.31000000     0.00905533
     2.32000000     0.00930363
     2.33000000     0.00955734
     2.34000000     0.00981657
     2.35000000     0.01008138
     2.36000000     0.01035187
     2.37000000     0.01062812
     2.38000000     0.01091022
     2.39000000     0.01119825
     2.40000000     0.01149230
     2.41000000     0.01179247
     2.42000000     0.01209883
     2.43000000     0.01241147
     2.44000000     0.01273050
     2.45000000     0.01305599
     2.46000000     0.01338803
     2.47000000     0.01372673
     2.48000000     0.01407216
     2.49000000     0.01442442
     2.50000000     0.01478360
     2.51000000     0.01514980
     2.52000000     0.01552310
     2.53000000     0.01590361
     2.54000000     0.01629141
     2.55000000     0.01668660
     2.56000000     0.01708927
     2.57000000     0.01749951
     2.58000000     0.01791743
     2.59000000     0.01834312
     2.60000000     0.01877667
     2.61000000     0.01921817
     2.62000000     0.01966773
     2.63000000     0.02012544
     2.64000000     0.02059140
     2.65000000     0.02106569
     2.66000000     0.02154843
     2.67000000     0.02203970
     2.68000000     0.02253961
     2.69000000     0.02304825
     2.70000000     0.02356571
     2.71000000     0.02409210
     2.72000000     0.02462750
     2.73000000     0.02517203
     2.74000000     0.02572577
     2.75000000     0.02628883
     2.76000000     0.02686130
     2.77000000     0.02744327
     2.78000000     0.02803485
     2.79000000     0.02863613
     2.80000000     0.02924721
     2.81000000     0.02986818
     2.82000000     0.03049914
     2.83000000     0.03114020
     2.84000000     0.03179143
     2.85000000     0.03245295
     2.86000000     0.03312484
     2.87000000     0.03380721
     2.88000000     0.03450014
     2.89000000     0.03520373
     2.90000000     0.03591808
     2.91000000     0.03664327
     2.92000000     0.03737942
     2.93000000     0.03812659
     2.94000000     0.03888490
     2.95000000     0.03965443
     2.96000000     0.04043528
     2.97000000     0.04122753
     2.98000000     0.04203127
     2.99000000     0.04284661
     3.00000000     0.04367362
     3.01000000     0.04451240
     3.02000000     0.04536303
     3.03000000     0.04622560
     3.04000000     0.04710020
     3.05000000     0.04798692
     3.06000000     0.04888584
     3.07000000     0.04979704
     3.08000000     0.05072062
     3.09000000     0.05165665
     3.10000000     0.05260522
     3.11000000     0.05356640
     3.12000000     0.05454028
     3.13000000     0.05552694
     3.14000000     0.05652646
     3.15000000     0.05753891
     3.16000000     0.05856438
     3.17000000     0.05960293
     3.18000000     0.06065464
     3.19000000     0.06171959
     3.20000000     0.06279785
     3.21000000     0.06388949
     3.22000000     0.06499457
     3.23000000     0.06611318
     3.24000000     0.06724537
     3.25000000     0.06839122
     3.26000000     0.06955078
     3.27000000     0.07072412
     3.28000000     0.07191131
     3.29000000     0.07311241
     3.30000000     0.07432747
     3.31000000     0.07555656
     3.32000000     0.07679972
     3.33000000     0.07805703
     3.34000000     0.07932852
     3.35000000     0.08061426
     3.36000000     0.08191429
     3.37000000     0.08322866
     3.38000000     0.08455742
     3.39000000     0.08590062
     3.40000000     0.08725830
     3.41000000     0.08863050
     3.42000000     0.09001727
     3.43000000     0.09141864
     3.44000000     0.09283466
     3.45000000     0.09426535
     3.46000000     0.09571075
     3.47000000     0.09717089
     3.48000000     0.09864580
     3.49000000     0.10013552
     3.50000000     0.10164006
     3.51000000     0.10315945
     3.52000000     0.10469372
     3.53000000     0.10624287
     3.54000000     0.10780694
     3.55000000     0.10938594
     3.56000000     0.11097988
     3.57000000     0.11258877
     3.58000000     0.11421263
     3.59000000     0.11585146
     3.60000000     0.11750526
     3.61000000     0.11917405
     3.62000000     0.12085781
     3.63000000     0.12255656
     3.64000000     0.12427028
     3.65000000     0.12599897
     3.66000000     0.12774262
     3.67000000     0.12950123
     3.68000000     0.13127478
     3.69000000     0.13306325
     3.70000000     0.13486662
     3.71000000     0.13668489
     3.72000000     0.13851801
     3.73000000     0.14036598
     3.74000000     0.14222875
     3.75000000     0.14410631
     3.76000000     0.14599862
     3.77000000     0.14790565
     3.78000000     0.14982735
     3.79000000     0.15176368
     3.80000000     0.15371461
     3.81000000     0.15568009
     3.82000000     0.15766007
     3.83000000     0.15965450
     3.84000000     0.16166333
     3.85000000     0.16368650
     3.86000000     0.16572395
     3.87000000     0.16777562
     3.88000000     0.16984145
     3.89000000     0.17192137
     3.90000000     0.17401531
     3.91000000     0.17612320
     3.92000000     0.17824496
     3.93000000     0.18038052
     3.94000000     0.18252979
     3.95000000     0.18469270
     3.96000000     0.18686915
     3.97000000     0.18905905
     3.98000000     0.19126232
     3.99000000     0.19347886
     4.00000000     0.19570857
     4.01000000     0.19795136
     4.02000000     0.20020711
     4.03000000     0.20247572
     4.04000000     0.20475709
     4.05000000     0.20705109
     4.06000000     0.20935763
     4.07000000     0.21167657
     4.08000000     0.21400780
     4.09000000     0.21635119
     4.10000000     0.21870662
     4.11000000     0.22107396
     4.12000000     0.22345308
     4.13000000     0.22584383
     4.14000000     0.22824609
     4.15000000     0.23065972
     4.16000000     0.23308456
     4.17000000     0.23552047
     4.18000000     0.23796730
     4.19000000     0.24042491
     4.20000000     0.24289312
     4.21000000     0.24537180
     4.22000000     0.24786076
     4.23000000     0.25035986
     4.24000000     0.25286892
     4.25000000     0.25538778
     4.26000000     0.25791626
     4.27000000     0.26045418
     4.28000000     0.26300137
     4.29000000     0.26555765
     4.30000000     0.26812283
     4.31000000     0.27069672
     4.32000000     0.27327915
     4.33000000     0.27586990
     4.34000000     0.27846880
     4.35000000     0.28107563
     4.36000000     0.28369021
     4.37000000     0.28631232
     4.38000000     0.28894177
     4.39000000     0.29157834
     4.40000000     0.29422182
     4.41000000     0.29687200
     4.42000000     0.29952866
     4.43000000     0.30219158
     4.44000000     0.30486055
     4.45000000     0.30753532
     4.46000000     0.31021569
     4.47000000     0.31290142
     4.48000000     0.31559228
     4.49000000     0.31828803
     4.50000000     0.32098844
     4.51000000     0.32369326
     4.52000000     0.32640227
     4.53000000     0.32911520
     4.54000000     0.33183182
     4.55000000     0.33455188
     4.56000000     0.33727513
     4.57000000     0.34000131
     4.58000000     0.34273017
     4.59000000     0.34546145
     4.60000000     0.34819490
     4.61000000     0.35093024
     4.62000000     0.35366722
     4.63000000     0.35640557
     4.64000000     0.35914502
     4.65000000     0.36188530
     4.66000000     0.36462615
     4.67000000     0.36736728
     4.68000000     0.37010843
     4.69000000     0.37284931
     4.70000000     0.37558964
     4.71000000     0.37832915
     4.72000000     0.38106755
     4.73000000     0.38380456
     4.74000000     0.38653989
     4.75000000     0.38927326
     4.76000000     0.39200437
     4.77000000     0.39473294
     4.78000000     0.39745867
     4.79000000     0.40018127
     4.80000000     0.40290045
     4.81000000     0.40561591
     4.82000000     0.40832735
     4.83000000     0.41103447
     4.84000000     0.41373698
     4.85000000     0.41643458
     4.86000000     0.41912695
     4.87000000     0.42181381
     4.88000000     0.42449485
     4.89000000     0.42716976
     4.90000000     0.42983823
     4.91000000     0.43249997
     4.92000000     0.43515466
     4.93000000     0.43780200
     4.94000000     0.44044168
     4.95000000     0.44307338
     4.96000000     0.44569681
     4.97000000     0.44831166
     4.98000000     0.45091760
     4.99000000     0.45351434
     5.00000000     0.45610155
     5.01000000     0.45867894
     5.02000000     0.46124619
     5.03000000     0.46380298
     5.04000000     0.46634901
     5.05000000     0.46888397
     5.06000000     0.47140755
     5.07000000     0.47391942
     5.08000000     0.47641930
     5.09000000     0.47890685
     5.10000000     0.48138178
     5.11000000     0.48384378
     5.12000000     0.48629252
     5.13000000     0.48872772
     5.14000000     0.49114905
     5.15000000     0.49355622
     5.16000000     0.49594891
     5.17000000     0.49832681
     5.18000000     0.50068963
     5.19000000     0.50303707
     5.20000000     0.50536880
     5.21000000     0.50768454
     5.22000000     0.50998399
     5.23000000     0.51226684
     5.24000000     0.51453279
     5.25000000     0.51678155
     5.26000000     0.51901283
     5.27000000     0.52122632
     5.28000000     0.52342174
     5.29000000     0.52559879
     5.30000000     0.52775718
     5.31000000     0.52989663
     5.32000000     0.53201686
     5.33000000     0.53411757
     5.34000000     0.53619848
     5.35000000     0.53825931
     5.36000000     0.54029980
     5.37000000     0.54231965
     5.38000000     0.54431859
     5.39000000     0.54629636
     5.40000000     0.54825269
     5.41000000     0.55018730
     5.42000000     0.55209993
     5.43000000     0.55399033
     5.44000000     0.55585822
     5.45000000     0.55770337
     5.46000000     0.55952550
     5.47000000     0.56132437
     5.48000000     0.56309973
     5.49000000     0.56485134
     5.50000000     0.56657895
     5.51000000     0.56828233
     5.52000000     0.56996123
     5.53000000     0.57161543
     5.54000000     0.57324470
     5.55000000     0.57484880
     5.56000000     0.57642751
     5.57000000     0.57798063
     5.58000000     0.57950792
     5.59000000     0.58100917
     5.60000000     0.58248418
     5.61000000     0.58393275
     5.62000000     0.58535466
     5.63000000     0.58674973
     5.64000000     0.58811775
     5.65000000     0.58945854
     5.66000000     0.59077192
     5.67000000     0.59205769
     5.68000000     0.59331568
     5.69000000     0.59454571
     5.70000000     0.59574763
     5.71000000     0.59692125
     5.72000000     0.59806642
     5.73000000     0.59918299
     5.74000000     0.60027079
     5.75000000     0.60132969
     5.76000000     0.60235953
     5.77000000     0.60336018
     5.78000000     0.60433150
     5.79000000     0.60527336
     5.80000000     0.60618564
     5.81000000     0.60706822
     5.82000000     0.60792098
     5.83000000     0.60874380
     5.84000000     0.60953659
     5.85000000     0.61029924
     5.86000000     0.61103164
     5.87000000     0.61173372
     5.88000000     0.61240539
     5.89000000     0.61304656
     5.90000000     0.61365715
     5.91000000     0.61423709
     5.92000000     0.61478632
     5.93000000     0.61530477
     5.94000000     0.61579239
     5.95000000     0.61624913
     5.96000000     0.61667494
     5.97000000     0.61706977
     5.98000000     0.61743360
     5.99000000     0.61776639
     6.00000000     0.61806811
     6.01000000     0.61833876
     6.02000000     0.61857830
     6.03000000     0.61878673
     6.04000000     0.61896405
     6.05000000     0.61911026
     6.06000000     0.61922536
     6.07000000     0.61930937
     6.08000000     0.61936231
     6.09000000     0.61938418
     6.10000000     0.61937504
     6.11000000     0.61933489
     6.12000000     0.61926379
     6.13000000     0.61916179
     6.14000000     0.61902891
     6.15000000     0.61886523
     6.16000000     0.61867080
     6.17000000     0.61844569
     6.18000000     0.61818997
     6.19000000     0.61790370
     6.20000000     0.61758698
     6.21000000     0.61723989
     6.22000000     0.61686253
     6.23000000     0.61645497
     6.24000000     0.61601734
     6.25000000     0.61554974
     6.26000000     0.61505227
     6.27000000     0.61452506
     6.28000000     0.61396822
     6.29000000     0.61338189
     6.30000000     0.61276620
     6.31000000     0.61212129
     6.32000000     0.61144729
     6.33000000     0.61074436
     6.34000000     0.61001264
     6.35000000     0.60925230
     6.36000000     0.60846350
     6.37000000     0.60764639
     6.38000000     0.60680116
     6.39000000     0.60592798
     6.40000000     0.60502703
     6.41000000     0.60409850
     6.42000000     0.60314257
     6.43000000     0.60215944
     6.44000000     0.60114931
     6.45000000     0.60011237
     6.46000000     0.59904885
     6.47000000     0.59795894
     6.48000000     0.59684287
     6.49000000     0.59570085
     6.50000000     0.59453311
     6.51000000     0.59333988
     6.52000000     0.59212138
     6.53000000     0.59087785
     6.54000000     0.58960953
     6.55000000     0.58831667
     6.56000000     0.58699950
     6.57000000     0.58565829
     6.58000000     0.58429328
     6.59000000     0.58290473
     6.60000000     0.58149289
     6.61000000     0.58005805
     6.62000000     0.57860045
     6.63000000     0.57712036
     6.64000000     0.57561807
     6.65000000     0.57409385
     6.66000000     0.57254797
     6.67000000     0.57098072
     6.68000000     0.56939238
     6.69000000     0.56778323
     6.70000000     0.56615356
     6.71000000     0.56450367
     6.72000000     0.56283385
     6.73000000     0.56114439
     6.74000000     0.55943559
     6.75000000     0.55770774
     6.76000000     0.55596117
     6.77000000     0.55419615
     6.78000000     0.55241301
     6.79000000     0.55061204
     6.80000000     0.54879355
     6.81000000     0.54695786
     6.82000000     0.54510527
     6.83000000     0.54323610
     6.84000000     0.54135067
     6.85000000     0.53944927
     6.86000000     0.53753224
     6.87000000     0.53559988
     6.88000000     0.53365251
     6.89000000     0.53169046
     6.90000000     0.52971404
     6.91000000     0.52772356
     6.92000000     0.52571935
     6.93000000     0.52370173
     6.94000000     0.52167102
     6.95000000     0.51962753
     6.96000000     0.51757159
     6.97000000     0.51550352
     6.98000000     0.51342363
     6.99000000     0.51133226
     7.00000000     0.50922970
     7.01000000     0.50711629
     7.02000000     0.50499234
     7.03000000     0.50285818
     7.04000000     0.50071411
     7.05000000     0.49856045
     7.06000000     0.49639752
     7.07000000     0.49422563
     7.08000000     0.49204510
     7.09000000     0.48985624
     7.10000000     0.48765936
     7.11000000     0.48545477
     7.12000000     0.48324277
     7.13000000     0.48102368
     7.14000000     0.47879780
     7.15000000     0.47656543
     7.16000000     0.47432688
     7.17000000     0.47208244
     7.18000000     0.46983242
     7.19000000     0.46757712
     7.20000000     0.46531682
     7.21000000     0.46305181
     7.22000000     0.46078240
     7.23000000     0.45850887
     7.24000000     0.45623150
     7.25000000     0.45395059
     7.26000000     0.45166640
     7.27000000     0.44937922
     7.28000000     0.44708933
     7.29000000     0.44479701
     7.30000000     0.44250252
     7.31000000     0.44020613
     7.32000000     0.43790811
     7.33000000     0.43560872
     7.34000000     0.43330823
     7.35000000     0.43100690
     7.36000000     0.42870497
     7.37000000     0.42640270
     7.38000000     0.42410035
     7.39000000     0.42179815
     7.40000000     0.41949636
     7.41000000     0.41719521
     7.42000000     0.41489494
     7.43000000     0.41259579
     7.44000000     0.41029799
     7.45000000     0.40800176
     7.46000000     0.40570733
     7.47000000     0.40341492
     7.48000000     0.40112476
     7.49000000     0.39883705
     7.50000000     0.39655201
     7.51000000     0.39426986
     7.52000000     0.39199078
     7.53000000     0.38971500
     7.54000000     0.38744270
     7.55000000     0.38517408
     7.56000000     0.38290934
     7.57000000     0.38064867
     7.58000000     0.37839224
     7.59000000     0.37614025
     7.60000000     0.37389286
     7.61000000     0.37165027
     7.62000000     0.36941264
     7.63000000     0.36718013
     7.64000000     0.36495292
     7.65000000     0.36273117
     7.66000000     0.36051504
     7.67000000     0.35830468
     7.68000000     0.35610024
     7.69000000     0.35390188
     7.70000000     0.35170973
     7.71000000     0.34952395
     7.72000000     0.34734467
     7.73000000     0.34517203
     7.74000000     0.34300617
     7.75000000     0.34084720
     7.76000000     0.33869525
     7.77000000     0.33655046
     7.78000000     0.33441294
     7.79000000     0.33228281
     7.80000000     0.33016017
     7.81000000     0.32804515
     7.82000000     0.32593785
     7.83000000     0.32383837
     7.84000000     0.32174681
     7.85000000     0.31966328
     7.86000000     0.31758787
     7.87000000     0.31552067
     7.88000000     0.31346177
     7.89000000     0.31141125
     7.90000000     0.30936922
     7.91000000     0.30733573
     7.92000000     0.30531087
     7.93000000     0.30329473
     7.94000000     0.30128736
     7.95000000     0.29928884
     7.96000000     0.29729924
     7.97000000     0.29531862
     7.98000000     0.29334704
     7.99000000     0.29138457
     8.00000000     0.28943126
     8.01000000     0.28748716
     8.02000000     0.28555233
     8.03000000     0.28362682
     8.04000000     0.28171067
     8.05000000     0.27980394
     8.06000000     0.27790665
     8.07000000     0.27601885
     8.08000000     0.27414059
     8.09000000     0.27227189
     8.10000000     0.27041279
     8.11000000     0.26856332
     8.12000000     0.26672351
     8.13000000     0.26489339
     8.14000000     0.26307298
     8.15000000     0.26126231
     8.16000000     0.25946139
     8.17000000     0.25767025
     8.18000000     0.25588890
     8.19000000     0.25411736
     8.20000000     0.25235564
     8.21000000     0.25060376
     8.22000000     0.24886173
     8.23000000     0.24712954
     8.24000000     0.24540722
     8.25000000     0.24369476
     8.26000000     0.24199217
     8.27000000     0.24029945
     8.28000000     0.23861660
     8.29000000     0.23694362
     8.30000000     0.23528050
     8.31000000     0.23362725
     8.32000000     0.23198386
     8.33000000     0.23035031
     8.34000000     0.22872661
     8.35000000     0.22711273
     8.36000000     0.22550868
     8.37000000     0.22391444
     8.38000000     0.22232999
     8.39000000     0.22075532
     8.40000000     0.21919041
     8.41000000     0.21763526
     8.42000000     0.21608983
     8.43000000     0.21455411
     8.44000000     0.21302808
     8.45000000     0.21151172
     8.46000000     0.21000501
     8.47000000     0.20850792
     8.48000000     0.20702042
     8.49000000     0.20554250
     8.50000000     0.20407413
     8.51000000     0.20261528
     8.52000000     0.20116592
     8.53000000     0.19972603
     8.54000000     0.19829557
     8.55000000     0.19687452
     8.56000000     0.19546284
     8.57000000     0.19406050
     8.58000000     0.19266747
     8.59000000     0.19128372
     8.60000000     0.18990921
     8.61000000     0.18854391
     8.62000000     0.18718779
     8.63000000     0.18584080
     8.64000000     0.18450292
     8.65000000     0.18317411
     8.66000000     0.18185432
     8.67000000     0.18054353
     8.68000000     0.17924169
     8.69000000     0.17794876
     8.70000000     0.17666471
     8.71000000     0.17538950
     8.72000000     0.17412309
     8.73000000     0.17286543
     8.74000000     0.17161649
     8.75000000     0.17037622
     8.76000000     0.16914459
     8.77000000     0.16792155
     8.78000000     0.16670706
     8.79000000     0.16550108
     8.80000000     0.16430357
     8.81000000     0.16311448
     8.82000000     0.16193377
     8.83000000     0.16076139
     8.84000000     0.15959731
     8.85000000     0.15844148
     8.86000000     0.15729386
     8.87000000     0.15615440
     8.88000000     0.15502305
     8.89000000     0.15389978
     8.90000000     0.15278454
     8.91000000     0.15167728
     8.92000000     0.15057796
     8.93000000     0.14948654
     8.94000000     0.14840296
     8.95000000     0.14732719
     8.96000000     0.14625918
     8.97000000     0.14519889
     8.98000000     0.14414626
     8.99000000     0.14310126
     9.00000000     0.14206383
     9.01000000     0.14103394
     9.02000000     0.14001154
     9.03000000     0.13899657
     9.04000000     0.13798901
     9.05000000     0.13698880
     9.06000000     0.13599589
     9.07000000     0.13501024
     9.08000000     0.13403181
     9.09000000     0.13306055
     9.10000000     0.13209642
     9.11000000     0.13113936
     9.12000000     0.13018934
     9.13000000     0.12924631
     9.14000000     0.12831022
     9.15000000     0.12738104
     9.16000000     0.12645870
     9.17000000     0.12554318
     9.18000000     0.12463443
     9.19000000     0.12373239
     9.20000000     0.12283703
     9.21000000     0.12194831
     9.22000000     0.12106617
     9.23000000     0.12019057
     9.24000000     0.11932148
     9.25000000     0.11845884
     9.26000000     0.11760262
     9.27000000     0.11675276
     9.28000000     0.11590923
     9.29000000     0.11507198
     9.30000000     0.11424097
     9.31000000     0.11341616
     9.32000000     0.11259750
     9.33000000     0.11178495
     9.34000000     0.11097847
     9.35000000     0.11017801
     9.36000000     0.10938354
     9.37000000     0.10859501
     9.38000000     0.10781238
     9.39000000     0.10703561
     9.40000000     0.10626466
     9.41000000     0.10549948
     9.42000000     0.10474004
     9.43000000     0.10398629
     9.44000000     0.10323819
     9.45000000     0.10249571
     9.46000000     0.10175880
     9.47000000     0.10102742
     9.48000000     0.10030154
     9.49000000     0.09958110
     9.50000000     0.09886608
     9.51000000     0.09815644
     9.52000000     0.09745213
     9.53000000     0.09675311
     9.54000000     0.09605935
     9.55000000     0.09537082
     9.56000000     0.09468746
     9.57000000     0.09400924
     9.58000000     0.09333613
     9.59000000     0.09266809
     9.60000000     0.09200507
     9.61000000     0.09134705
     9.62000000     0.09069398
     9.63000000     0.09004583
     9.64000000     0.08940257
     9.65000000     0.08876415
     9.66000000     0.08813054
     9.67000000     0.08750170
     9.68000000     0.08687760
     9.69000000     0.08625820
     9.70000000     0.08564348
     9.71000000     0.08503338
     9.72000000     0.08442788
     9.73000000     0.08382694
     9.74000000     0.08323053
     9.75000000     0.08263862
     9.76000000     0.08205116
     9.77000000     0.08146814
     9.78000000     0.08088950
     9.79000000     0.08031522
     9.80000000     0.07974528
     9.81000000     0.07917962
     9.82000000     0.07861823
     9.83000000     0.07806106
     9.84000000     0.07750809
     9.85000000     0.07695928
     9.86000000     0.07641461
     9.87000000     0.07587404
     9.88000000     0.07533754
     9.89000000     0.07480507
     9.90000000     0.07427662
     9.91000000     0.07375214
     9.92000000     0.07323160
     9.93000000     0.07271498
     9.94000000     0.07220225
     9.95000000     0.07169337
     9.96000000     0.07118832
     9.97000000     0.07068707
     9.98000000     0.07018958
     9.99000000     0.06969584
    10.00000000     0.06920580
    10.01000000     0.06871944
    10.02000000     0.06823673
    10.03000000     0.06775765
    10.04000000     0.06728217
    10.05000000     0.06681025
    10.06000000     0.06634187
    10.07000000     0.06587701
    10.08000000     0.06541563
    10.09000000     0.06495772
    10.10000000     0.06450323
    10.11000000     0.06405215
    10.12000000     0.06360445
    10.13000000     0.06316010
    10.14000000     0.06271908
    10.15000000     0.06228135
    10.16000000     0.06184691
    10.17000000     0.06141571
    10.18000000     0.06098774
    10.19000000     0.06056297
    10.20000000     0.06014137
    10.21000000     0.05972292
    10.22000000     0.05930759
    10.23000000     0.05889537
    10.24000000     0.05848622
    10.25000000     0.05808013
    10.26000000     0.05767706
    10.27000000     0.05727700
    10.28000000     0.05687992
    10.29000000     0.05648580
    10.30000000     0.05609462
    10.31000000     0.05570635
    10.32000000     0.05532096
    10.33000000     0.05493845
    10.34000000     0.05455877
    10.35000000     0.05418193
    10.36000000     0.05380788
    10.37000000     0.05343661
    10.38000000     0.05306809
    10.39000000     0.05270232
    10.40000000     0.05233925
    10.41000000     0.05197888
    10.42000000     0.05162118
    10.43000000     0.05126613
    10.44000000     0.05091371
    10.45000000     0.05056390
    10.46000000     0.05021668
    10.47000000     0.04987203
    10.48000000     0.04952993
    10.49000000     0.04919035
    10.50000000     0.04885329
    10.51000000     0.04851872
    10.52000000     0.04818661
    10.53000000     0.04785696
    10.54000000     0.04752973
    10.55000000     0.04720492
    10.56000000     0.04688251
    10.57000000     0.04656246
    10.58000000     0.04624478
    10.59000000     0.04592943
    10.60000000     0.04561641
    10.61000000     0.04530568
    10.62000000     0.04499724
    10.63000000     0.04469106
    10.64000000     0.04438714
    10.65000000     0.04408544
    10.66000000     0.04378596
    10.67000000     0.04348867
    10.68000000     0.04319356
    10.69000000     0.04290062
    10.70000000     0.04260982
    10.71000000     0.04232114
    10.72000000     0.04203458
    10.73000000     0.04175012
    10.74000000     0.04146773
    10.75000000     0.04118740
    10.76000000     0.04090913
    10.77000000     0.04063288
    10.78000000     0.04035865
    10.79000000     0.04008642
    10.80000000     0.03981617
    10.81000000     0.03954789
    10.82000000     0.03928156
    10.83000000     0.03901717
    10.84000000     0.03875471
    10.85000000     0.03849415
    10.86000000     0.03823548
    10.87000000     0.03797870
    10.88000000     0.03772377
    10.89000000     0.03747070
    10.90000000     0.03721946
    10.91000000     0.03697004
    10.92000000     0.03672243
    10.93000000     0.03647661
    10.94000000     0.03623257
    10.95000000     0.03599029
    10.96000000     0.03574977
    10.97000000     0.03551098
    10.98000000     0.03527392
    10.99000000     0.03503857
    11.00000000     0.03480491
    11.01000000     0.03457294
    11.02000000     0.03434265
    11.03000000     0.03411401
    11.04000000     0.03388701
    11.05000000     0.03366165
    11.06000000     0.03343791
    11.07000000     0.03321578
    11.08000000     0.03299525
    11.09000000     0.03277629
    11.10000000     0.03255891
    11.11000000     0.03234309
    11.12000000     0.03212881
    11.13000000     0.03191607
    11.14000000     0.03170486
    11.15000000     0.03149515
    11.16000000     0.03128694
    11.17000000     0.03108023
    11.18000000     0.03087499
    11.19000000     0.03067121
    11.20000000     0.03046889
    11.21000000     0.03026801
    11.22000000     0.03006857
    11.23000000     0.02987055
    11.24000000     0.02967393
    11.25000000     0.02947872
    11.26000000     0.02928489
    11.27000000     0.02909245
    11.28000000     0.02890137
    11.29000000     0.02871165
    11.30000000     0.02852327
    11.31000000     0.02833623
    11.32000000     0.02815052
    11.33000000     0.02796613
    11.34000000     0.02778304
    11.35000000     0.02760124
    11.36000000     0.02742073
    11.37000000     0.02724150
    11.38000000     0.02706354
    11.39000000     0.02688683
    11.40000000     0.02671137
    11.41000000     0.02653715
    11.42000000     0.02636416
    11.43000000     0.02619239
    11.44000000     0.02602182
    11.45000000     0.02585246
    11.46000000     0.02568429
    11.47000000     0.02551730
    11.48000000     0.02535149
    11.49000000     0.02518684
    11.50000000     0.02502335
    11.51000000     0.02486100
    11.52000000     0.02469980
    11.53000000     0.02453972
    11.54000000     0.02438076
    11.55000000     0.02422292
    11.56000000     0.02406618
    11.57000000     0.02391054
    11.58000000     0.02375599
    11.59000000     0.02360252
    11.60000000     0.02345012
    11.61000000     0.02329878
    11.62000000     0.02314850
    11.63000000     0.02299926
    11.64000000     0.02285107
    11.65000000     0.02270390
    11.66000000     0.02255777
    11.67000000     0.02241264
    11.68000000     0.02226853
    11.69000000     0.02212542
    11.70000000     0.02198330
    11.71000000     0.02184217
    11.72000000     0.02170202
    11.73000000     0.02156284
    11.74000000     0.02142462
    11.75000000     0.02128736
    11.76000000     0.02115105
    11.77000000     0.02101569
    11.78000000     0.02088125
    11.79000000     0.02074775
    11.80000000     0.02061517
    11.81000000     0.02048351
    11.82000000     0.02035275
    11.83000000     0.02022290
    11.84000000     0.02009394
    11.85000000     0.01996587
    11.86000000     0.01983868
    11.87000000     0.01971236
    11.88000000     0.01958692
    11.89000000     0.01946233
    11.90000000     0.01933861
    11.91000000     0.01921573
    11.92000000     0.01909369
    11.93000000     0.01897249
    11.94000000     0.01885212
    11.95000000     0.01873258
    11.96000000     0.01861385
    11.97000000     0.01849594
    11.98000000     0.01837883
    11.99000000     0.01826253
    12.00000000     0.01814701
    12.01000000     0.01803229
    12.02000000     0.01791835
    12.03000000     0.01780519
    12.04000000     0.01769279
    12.05000000     0.01758117
    12.06000000     0.01747030
    12.07000000     0.01736019
    12.08000000     0.01725082
    12.09000000     0.01714220
    12.10000000     0.01703432
    12.11000000     0.01692717
    12.12000000     0.01682075
    12.13000000     0.01671505
    12.14000000     0.01661006
    12.15000000     0.01650579
    12.16000000     0.01640222
    12.17000000     0.01629936
    12.18000000     0.01619718
    12.19000000     0.01609570
    12.20000000     0.01599491
    12.21000000     0.01589480
    12.22000000     0.01579536
    12.23000000     0.01569659
    12.24000000     0.01559849
    12.25000000     0.01550105
    12.26000000     0.01540427
    12.27000000     0.01530813
    12.28000000     0.01521265
    12.29000000     0.01511781
    12.30000000     0.01502360
    12.31000000     0.01493003
    12.32000000     0.01483708
    12.33000000     0.01474476
    12.34000000     0.01465305
    12.35000000     0.01456197
    12.36000000     0.01447149
    12.37000000     0.01438162
    12.38000000     0.01429234
    12.39000000     0.01420367
    12.40000000     0.01411559
    12.41000000     0.01402810
    12.42000000     0.01394119
    12.43000000     0.01385486
    12.44000000     0.01376911
    12.45000000     0.01368393
    12.46000000     0.01359931
    12.47000000     0.01351526
    12.48000000     0.01343177
    12.49000000     0.01334883
    12.50000000     0.01326645
    12.51000000     0.01318461
    12.52000000     0.01310332
    12.53000000     0.01302257
    12.54000000     0.01294235
    12.55000000     0.01286266
    12.56000000     0.01278351
    12.57000000     0.01270487
    12.58000000     0.01262676
    12.59000000     0.01254916
    12.60000000     0.01247208
    12.61000000     0.01239551
    12.62000000     0.01231944
    12.63000000     0.01224387
    12.64000000     0.01216881
    12.65000000     0.01209424
    12.66000000     0.01202016
    12.67000000     0.01194656
    12.68000000     0.01187346
    12.69000000     0.01180083
    12.70000000     0.01172868
    12.71000000     0.01165701
    12.72000000     0.01158581
    12.73000000     0.01151507
    12.74000000     0.01144480
    12.75000000     0.01137499
    12.76000000     0.01130564
    12.77000000     0.01123674
    12.78000000     0.01116830
    12.79000000     0.01110030
    12.80000000     0.01103275
    12.81000000     0.01096564
    12.82000000     0.01089896
    12.83000000     0.01083273
    12.84000000     0.01076692
    12.85000000     0.01070155
    12.86000000     0.01063660
    12.87000000     0.01057208
    12.88000000     0.01050798
    12.89000000     0.01044429
    12.90000000     0.01038102
    12.91000000     0.01031816
    12.92000000     0.01025571
    12.93000000     0.01019366
    12.94000000     0.01013202
    12.95000000     0.01007078
    12.96000000     0.01000994
    12.97000000     0.00994949
    12.98000000     0.00988943
    12.99000000     0.00982976
    13.00000000     0.00977048
    13.01000000     0.00971158
    13.02000000     0.00965307
    13.03000000     0.00959493
    13.04000000     0.00953717
    13.05000000     0.00947978
    13.06000000     0.00942276
    13.07000000     0.00936611
    13.08000000     0.00930983
    13.09000000     0.00925390
    13.10000000     0.00919834
    13.11000000     0.00914314
    13.12000000     0.00908829
    13.13000000     0.00903380
    13.14000000     0.00897965
    13.15000000     0.00892586
    13.16000000     0.00887241
    13.17000000     0.00881930
    13.18000000     0.00876653
    13.19000000     0.00871410
    13.20000000     0.00866201
    13.21000000     0.00861025
    13.22000000     0.00855883
    13.23000000     0.00850773
    13.24000000     0.00845696
    13.25000000     0.00840652
    13.26000000     0.00835639
    13.27000000     0.00830659
    13.28000000     0.00825711
    13.29000000     0.00820794
    13.30000000     0.00815908
    13.31000000     0.00811054
    13.32000000     0.00806231
    13.33000000     0.00801438
    13.34000000     0.00796676
    13.35000000     0.00791944
    13.36000000     0.00787242
    13.37000000     0.00782571
    13.38000000     0.00777929
    13.39000000     0.00773316
    13.40000000     0.00768733
    13.41000000     0.00764178
    13.42000000     0.00759653
    13.43000000     0.00755156
    13.44000000     0.00750688
    13.45000000     0.00746248
    13.46000000     0.00741837
    13.47000000     0.00737453
    13.48000000     0.00733097
    13.49000000     0.00728768
    13.50000000     0.00724467
    13.51000000     0.00720193
    13.52000000     0.00715946
    13.53000000     0.00711726
    13.54000000     0.00707532
    13.55000000     0.00703365
    13.56000000     0.00699224
    13.57000000     0.00695109
    13.58000000     0.00691020
    13.59000000     0.00686957
    13.60000000     0.00682919
    13.61000000     0.00678907
    13.62000000     0.00674920
    13.63000000     0.00670958
    13.64000000     0.00667021
    13.65000000     0.00663108
    13.66000000     0.00659220
    13.67000000     0.00655357
    13.68000000     0.00651517
    13.69000000     0.00647702
    13.70000000     0.00643911
    13.71000000     0.00640143
    13.72000000     0.00636399
    13.73000000     0.00632678
    13.74000000     0.00628980
    13.75000000     0.00625306
    13.76000000     0.00621654
    13.77000000     0.00618026
    13.78000000     0.00614420
    13.79000000     0.00610836
    13.80000000     0.00607275
    13.81000000     0.00603736
    13.82000000     0.00600218
    13.83000000     0.00596723
    13.84000000     0.00593250
    13.85000000     0.00589798
    13.86000000     0.00586367
    13.87000000     0.00582958
    13.88000000     0.00579570
    13.89000000     0.00576203
    13.90000000     0.00572857
    13.91000000     0.00569532
    13.92000000     0.00566227
    13.93000000     0.00562943
    13.94000000     0.00559679
    13.95000000     0.00556435
    13.96000000     0.00553211
    13.97000000     0.00550007
    13.98000000     0.00546823
    13.99000000     0.00543659
    14.00000000     0.00540514
    14.01000000     0.00537389
    14.02000000     0.00534282
    14.03000000     0.00531195
    14.04000000     0.00528127
    14.05000000     0.00525078
    14.06000000     0.00522048
    14.07000000     0.00519036
    14.08000000     0.00516043
    14.09000000     0.00513068
    14.10000000     0.00510112
    14.11000000     0.00507173
    14.12000000     0.00504253
    14.13000000     0.00501351
    14.14000000     0.00498466
    14.15000000     0.00495599
    14.16000000     0.00492750
    14.17000000     0.00489918
    14.18000000     0.00487103
    14.19000000     0.00484306
    14.20000000     0.00481526
    14.21000000     0.00478763
    14.22000000     0.00476016
    14.23000000     0.00473287
    14.24000000     0.00470574
    14.25000000     0.00467877
    14.26000000     0.00465197
    14.27000000     0.00462534
    14.28000000     0.00459886
    14.29000000     0.00457255
    14.30000000     0.00454640
    14.31000000     0.00452041
    14.32000000     0.00449457
    14.33000000     0.00446889
    14.34000000     0.00444337
    14.35000000     0.00441801
    14.36000000     0.00439279
    14.37000000     0.00436773
    14.38000000     0.00434283
    14.39000000     0.00431807
    14.40000000     0.00429346
    14.41000000     0.00426901
    14.42000000     0.00424470
    14.43000000     0.00422053
    14.44000000     0.00419652
    14.45000000     0.00417265
    14.46000000     0.00414892
    14.47000000     0.00412534
    14.48000000     0.00410190
    14.49000000     0.00407860
    14.50000000     0.00405544
    14.51000000     0.00403242
    14.52000000     0.00400954
    14.53000000     0.00398680
    14.54000000     0.00396419
    14.55000000     0.00394173
    14.56000000     0.00391939
    14.57000000     0.00389719
    14.58000000     0.00387513
    14.59000000     0.00385319
    14.60000000     0.00383139
    14.61000000     0.00380972
    14.62000000     0.00378818
    14.63000000     0.00376677
    14.64000000     0.00374549
    14.65000000     0.00372433
    14.66000000     0.00370330
    14.67000000     0.00368240
    14.68000000     0.00366162
    14.69000000     0.00364097
    14.70000000     0.00362044
    14.71000000     0.00360003
    14.72000000     0.00357975
    14.73000000     0.00355959
    14.74000000     0.00353954
    14.75000000     0.00351962
    14.76000000     0.00349981
    14.77000000     0.00348013
    14.78000000     0.00346056
    14.79000000     0.00344111
    14.80000000     0.00342177
    14.81000000     0.00340255
    14.82000000     0.00338344
    14.83000000     0.00336445
    14.84000000     0.00334557
    14.85000000     0.00332680
    14.86000000     0.00330814
    14.87000000     0.00328960
    14.88000000     0.00327116
    14.89000000     0.00325283
    14.90000000     0.00323462
    14.91000000     0.00321651
    14.92000000     0.00319850
    14.93000000     0.00318061
    14.94000000     0.00316282
    14.95000000     0.00314513
    14.96000000     0.00312755
    14.97000000     0.00311008
    14.98000000     0.00309270
    14.99000000     0.00307543
    15.00000000     0.00305827
    15.01000000     0.00304120
    15.02000000     0.00302423
    15.03000000     0.00300737
    15.04000000     0.00299060
    15.05000000     0.00297393
    15.06000000     0.00295736
    15.07000000     0.00294089
    15.08000000     0.00292452
    15.09000000     0.00290824
    15.10000000     0.00289205
    15.11000000     0.00287597
    15.12000000     0.00285997
    15.13000000     0.00284407
    15.14000000     0.00282827
    15.15000000     0.00281255
    15.16000000     0.00279693
    15.17000000     0.00278140
    15.18000000     0.00276596
    15.19000000     0.00275062
    15.20000000     0.00273536
    15.21000000     0.00272019
    15.22000000     0.00270511
    15.23000000     0.00269012
    15.24000000     0.00267521
    15.25000000     0.00266039
    15.26000000     0.00264566
    15.27000000     0.00263102
    15.28000000     0.00261646
    15.29000000     0.00260198
    15.30000000     0.00258759
    15.31000000     0.00257329
    15.32000000     0.00255907
    15.33000000     0.00254493
    15.34000000     0.00253087
    15.35000000     0.00251689
    15.36000000     0.00250300
    15.37000000     0.00248918
    15.38000000     0.00247545
    15.39000000     0.00246180
    15.40000000     0.00244822
    15.41000000     0.00243473
    15.42000000     0.00242131
    15.43000000     0.00240797
    15.44000000     0.00239471
    15.45000000     0.00238152
    15.46000000     0.00236841
    15.47000000     0.00235538
    15.48000000     0.00234242
    15.49000000     0.00232954
    15.50000000     0.00231673
    15.51000000     0.00230400
    15.52000000     0.00229134
    15.53000000     0.00227875
    15.54000000     0.00226624
    15.55000000     0.00225379
    15.56000000     0.00224142
    15.57000000     0.00222912
    15.58000000     0.00221689
    15.59000000     0.00220474
    15.60000000     0.00219265
    15.61000000     0.00218063
    15.62000000     0.00216868
    15.63000000     0.00215680
    15.64000000     0.00214499
    15.65000000     0.00213324
    15.66000000     0.00212157
    15.67000000     0.00210995
    15.68000000     0.00209841
    15.69000000     0.00208693
    15.70000000     0.00207552
    15.71000000     0.00206418
    15.72000000     0.00205290
    15.73000000     0.00204168
    15.74000000     0.00203053
    15.75000000     0.00201944
    15.76000000     0.00200841
    15.77000000     0.00199745
    15.78000000     0.00198655
    15.79000000     0.00197572
    15.80000000     0.00196494
    15.81000000     0.00195423
    15.82000000     0.00194357
    15.83000000     0.00193298
    15.84000000     0.00192245
    15.85000000     0.00191198
    15.86000000     0.00190157
    15.87000000     0.00189122
    15.88000000     0.00188092
    15.89000000     0.00187069
    15.90000000     0.00186051
    15.91000000     0.00185039
    15.92000000     0.00184033
    15.93000000     0.00183032
    15.94000000     0.00182038
    15.95000000     0.00181049
    15.96000000     0.00180065
    15.97000000     0.00179087
    15.98000000     0.00178115
    15.99000000     0.00177148
    16.00000000     0.00176186
    16.01000000     0.00175230
    16.02000000     0.00174280
    16.03000000     0.00173335
    16.04000000     0.00172395
    16.05000000     0.00171460
    16.06000000     0.00170531
    16.07000000     0.00169607
    16.08000000     0.00168688
    16.09000000     0.00167775
    16.10000000     0.00166866
    16.11000000     0.00165963
    16.12000000     0.00165065
    16.13000000     0.00164171
    16.14000000     0.00163283
    16.15000000     0.00162400
    16.16000000     0.00161522
    16.17000000     0.00160648
    16.18000000     0.00159780
    16.19000000     0.00158917
    16.20000000     0.00158058
    16.21000000     0.00157204
    16.22000000     0.00156355
    16.23000000     0.00155511
    16.24000000     0.00154671
    16.25000000     0.00153836
    16.26000000     0.00153006
    16.27000000     0.00152181
    16.28000000     0.00151360
    16.29000000     0.00150543
    16.30000000     0.00149732
    16.31000000     0.00148924
    16.32000000     0.00148122
    16.33000000     0.00147323
    16.34000000     0.00146530
    16.35000000     0.00145740
    16.36000000     0.00144955
    16.37000000     0.00144175
    16.38000000     0.00143398
    16.39000000     0.00142626
    16.40000000     0.00141859
    16.41000000     0.00141095
    16.42000000     0.00140336
    16.43000000     0.00139581
    16.44000000     0.00138831
    16.45000000     0.00138084
    16.46000000     0.00137342
    16.47000000     0.00136603
    16.48000000     0.00135869
    16.49000000     0.00135139
    16.50000000     0.00134413
    16.51000000     0.00133691
    16.52000000     0.00132973
    16.53000000     0.00132259
    16.54000000     0.00131548
    16.55000000     0.00130842
    16.56000000     0.00130140
    16.57000000     0.00129441
    16.58000000     0.00128747
    16.59000000     0.00128056
    16.60000000     0.00127369
    16.61000000     0.00126686
    16.62000000     0.00126006
    16.63000000     0.00125331
    16.64000000     0.00124659
    16.65000000     0.00123990
    16.66000000     0.00123326
    16.67000000     0.00122665
    16.68000000     0.00122008
    16.69000000     0.00121354
    16.70000000     0.00120704
    16.71000000     0.00120057
    16.72000000     0.00119414
    16.73000000     0.00118775
    16.74000000     0.00118139
    16.75000000     0.00117506
    16.76000000     0.00116877
    16.77000000     0.00116252
    16.78000000     0.00115629
    16.79000000     0.00115011
    16.80000000     0.00114395
    16.81000000     0.00113783
    16.82000000     0.00113174
    16.83000000     0.00112569
    16.84000000     0.00111967
    16.85000000     0.00111368
    16.86000000     0.00110772
    16.87000000     0.00110180
    16.88000000     0.00109591
    16.89000000     0.00109005
    16.90000000     0.00108422
    16.91000000     0.00107843
    16.92000000     0.00107266
    16.93000000     0.00106693
    16.94000000     0.00106123
    16.95000000     0.00105556
    16.96000000     0.00104992
    16.97000000     0.00104431
    16.98000000     0.00103873
    16.99000000     0.00103318
    17.00000000     0.00102766
    17.01000000     0.00102217
    17.02000000     0.00101671
    17.03000000     0.00101128
    17.04000000     0.00100588
    17.05000000     0.00100051
    17.06000000     0.00099517
    17.07000000     0.00098985
    17.08000000     0.00098457
    17.09000000     0.00097931
    17.10000000     0.00097408
    17.11000000     0.00096888
    17.12000000     0.00096371
    17.13000000     0.00095856
    17.14000000     0.00095344
    17.15000000     0.00094835
    17.16000000     0.00094329
    17.17000000     0.00093825
    17.18000000     0.00093325
    17.19000000     0.00092826
    17.20000000     0.00092331
    17.21000000     0.00091838
    17.22000000     0.00091348
    17.23000000     0.00090860
    17.24000000     0.00090375
    17.25000000     0.00089892
    17.26000000     0.00089413
    17.27000000     0.00088935
    17.28000000     0.00088460
    17.29000000     0.00087988
    17.30000000     0.00087518
    17.31000000     0.00087051
    17.32000000     0.00086586
    17.33000000     0.00086124
    17.34000000     0.00085664
    17.35000000     0.00085207
    17.36000000     0.00084752
    17.37000000     0.00084299
    17.38000000     0.00083849
    17.39000000     0.00083401
    17.40000000     0.00082956
    17.41000000     0.00082513
    17.42000000     0.00082072
    17.43000000     0.00081633
    17.44000000     0.00081197
    17.45000000     0.00080763
    17.46000000     0.00080332
    17.47000000     0.00079902
    17.48000000     0.00079475
    17.49000000     0.00079051
    17.50000000     0.00078628
    17.51000000     0.00078208
    17.52000000     0.00077790
    17.53000000     0.00077374
    17.54000000     0.00076960
    17.55000000     0.00076548
    17.56000000     0.00076139
    17.57000000     0.00075731
    17.58000000     0.00075326
    17.59000000     0.00074923
    17.60000000     0.00074522
    17.61000000     0.00074123
    17.62000000     0.00073726
    17.63000000     0.00073332
    17.64000000     0.00072939
    17.65000000     0.00072548
    17.66000000     0.00072160
    17.67000000     0.00071773
    17.68000000     0.00071389
    17.69000000     0.00071006
    17.70000000     0.00070625
    17.71000000     0.00070247
    17.72000000     0.00069870
    17.73000000     0.00069495
    17.74000000     0.00069122
    17.75000000     0.00068751
    17.76000000     0.00068382
    17.77000000     0.00068015
    17.78000000     0.00067650
    17.79000000     0.00067287
    17.80000000     0.00066925
    17.81000000     0.00066566
    17.82000000     0.00066208
    17.83000000     0.00065852
    17.84000000     0.00065498
    17.85000000     0.00065146
    17.86000000     0.00064795
    17.87000000     0.00064446
    17.88000000     0.00064100
    17.89000000     0.00063754
    17.90000000     0.00063411
    17.91000000     0.00063069
    17.92000000     0.00062729
    17.93000000     0.00062391
    17.94000000     0.00062055
    17.95000000     0.00061720
    17.96000000     0.00061387
    17.97000000     0.00061056
    17.98000000     0.00060726
    17.99000000     0.00060398
    18.00000000     0.00060072
    18.01000000     0.00059747
    18.02000000     0.00059424
    18.03000000     0.00059102
    18.04000000     0.00058783
    18.05000000     0.00058464
    18.06000000     0.00058148
    18.07000000     0.00057833
    18.08000000     0.00057519
    18.09000000     0.00057207
    18.10000000     0.00056897
    18.11000000     0.00056588
    18.12000000     0.00056281
    18.13000000     0.00055975
    18.14000000     0.00055671
    18.15000000     0.00055369
    18.16000000     0.00055068
    18.17000000     0.00054768
    18.18000000     0.00054470
    18.19000000     0.00054173
    18.20000000     0.00053878
    18.21000000     0.00053584
    18.22000000     0.00053292
    18.23000000     0.00053001
    18.24000000     0.00052712
    18.25000000     0.00052424
    18.26000000     0.00052137
    18.27000000     0.00051852
    18.28000000     0.00051568
    18.29000000     0.00051286
    18.30000000     0.00051005
    18.31000000     0.00050725
    18.32000000     0.00050447
    18.33000000     0.00050170
    18.34000000     0.00049895
    18.35000000     0.00049621
    18.36000000     0.00049348
    18.37000000     0.00049077
    18.38000000     0.00048806
    18.39000000     0.00048538
    18.40000000     0.00048270
    18.41000000     0.00048004
    18.42000000     0.00047739
    18.43000000     0.00047475
    18.44000000     0.00047213
    18.45000000     0.00046952
    18.46000000     0.00046692
    18.47000000     0.00046433
    18.48000000     0.00046176
    18.49000000     0.00045920
    18.50000000     0.00045665
    18.51000000     0.00045411
    18.52000000     0.00045159
    18.53000000     0.00044907
    18.54000000     0.00044657
    18.55000000     0.00044408
    18.56000000     0.00044161
    18.57000000     0.00043914
    18.58000000     0.00043669
    18.59000000     0.00043425
    18.60000000     0.00043182
    18.61000000     0.00042940
    18.62000000     0.00042699
    18.63000000     0.00042460
    18.64000000     0.00042221
    18.65000000     0.00041984
    18.66000000     0.00041748
    18.67000000     0.00041512
    18.68000000     0.00041278
    18.69000000     0.00041045
    18.70000000     0.00040814
    18.71000000     0.00040583
    18.72000000     0.00040353
    18.73000000     0.00040125
    18.74000000     0.00039897
    18.75000000     0.00039671
    18.76000000     0.00039445
    18.77000000     0.00039221
    18.78000000     0.00038997
    18.79000000     0.00038775
    18.80000000     0.00038554
    18.81000000     0.00038333
    18.82000000     0.00038114
    18.83000000     0.00037896
    18.84000000     0.00037678
    18.85000000     0.00037462
    18.86000000     0.00037247
    18.87000000     0.00037032
    18.88000000     0.00036819
    18.89000000     0.00036607
    18.90000000     0.00036395
    18.91000000     0.00036185
    18.92000000     0.00035975
    18.93000000     0.00035767
    18.94000000     0.00035559
    18.95000000     0.00035352
    18.96000000     0.00035146
    18.97000000     0.00034942
    18.98000000     0.00034738
    18.99000000     0.00034535
    19.00000000     0.00034332
    19.01000000     0.00034131
    19.02000000     0.00033931
    19.03000000     0.00033731
    19.04000000     0.00033533
    19.05000000     0.00033335
    19.06000000     0.00033138
    19.07000000     0.00032942
    19.08000000     0.00032747
    19.09000000     0.00032553
    19.10000000     0.00032359
    19.11000000     0.00032167
    19.12000000     0.00031975
    19.13000000     0.00031784
    19.14000000     0.00031594
    19.15000000     0.00031404
    19.16000000     0.00031216
    19.17000000     0.00031028
    19.18000000     0.00030841
    19.19000000     0.00030655
    19.20000000     0.00030470
    19.21000000     0.00030286
    19.22000000     0.00030102
    19.23000000     0.00029919
    19.24000000     0.00029737
    19.25000000     0.00029555
    19.26000000     0.00029375
    19.27000000     0.00029195
    19.28000000     0.00029016
    19.29000000     0.00028837
    19.30000000     0.00028660
    19.31000000     0.00028483
    19.32000000     0.00028307
    19.33000000     0.00028131
    19.34000000     0.00027957
    19.35000000     0.00027783
    19.36000000     0.00027609
    19.37000000     0.00027437
    19.38000000     0.00027265
    19.39000000     0.00027094
    19.40000000     0.00026923
    19.41000000     0.00026754
    19.42000000     0.00026585
    19.43000000     0.00026416
    19.44000000     0.00026248
    19.45000000     0.00026081
    19.46000000     0.00025915
    19.47000000     0.00025749
    19.48000000     0.00025584
    19.49000000     0.00025420
    19.50000000     0.00025256
    19.51000000     0.00025093
    19.52000000     0.00024930
    19.53000000     0.00024769
    19.54000000     0.00024607
    19.55000000     0.00024447
    19.56000000     0.00024287
    19.57000000     0.00024127
    19.58000000     0.00023969
    19.59000000     0.00023811
    19.60000000     0.00023653
    19.61000000     0.00023496
    19.62000000     0.00023340
    19.63000000     0.00023184
    19.64000000     0.00023029
    19.65000000     0.00022874
    19.66000000     0.00022720
    19.67000000     0.00022567
    19.68000000     0.00022414
    19.69000000     0.00022262
    19.70000000     0.00022110
    19.71000000     0.00021959
    19.72000000     0.00021809
    19.73000000     0.00021658
    19.74000000     0.00021509
    19.75000000     0.00021360
    19.76000000     0.00021212
    19.77000000     0.00021064
    19.78000000     0.00020916
    19.79000000     0.00020770
    19.80000000     0.00020623
    19.81000000     0.00020478
    19.82000000     0.00020332
    19.83000000     0.00020188
    19.84000000     0.00020043
    19.85000000     0.00019900
    19.86000000     0.00019756
    19.87000000     0.00019614
    19.88000000     0.00019471
    19.89000000     0.00019330
    19.90000000     0.00019188
    19.91000000     0.00019048
    19.92000000     0.00018907
    19.93000000     0.00018768
    19.94000000     0.00018628
    19.95000000     0.00018489
    19.96000000     0.00018351
    19.97000000     0.00018213
    19.98000000     0.00018075
    19.99000000     0.00017938
    20.00000000     0.00017802
    20.01000000     0.00017665
    20.02000000     0.00017530
    20.03000000     0.00017394
    20.04000000     0.00017260
    20.05000000     0.00017125
    20.06000000     0.00016991
    20.07000000     0.00016858
    20.08000000     0.00016724
    20.09000000     0.00016592
    20.10000000     0.00016459
    20.11000000     0.00016327
    20.12000000     0.00016196
    20.13000000     0.00016065
    20.14000000     0.00015934
    20.15000000     0.00015804
    20.16000000     0.00015674
    20.17000000     0.00015544
    20.18000000     0.00015415
    20.19000000     0.00015286
    20.20000000     0.00015158
    20.21000000     0.00015030
    20.22000000     0.00014902
    20.23000000     0.00014775
    20.24000000     0.00014648
    20.25000000     0.00014522
    20.26000000     0.00014395
    20.27000000     0.00014270
    20.28000000     0.00014144
    20.29000000     0.00014019
    20.30000000     0.00013894
    20.31000000     0.00013770
    20.32000000     0.00013646
    20.33000000     0.00013522
    20.34000000     0.00013398
    20.35000000     0.00013275
    20.36000000     0.00013152
    20.37000000     0.00013030
    20.38000000     0.00012908
    20.39000000     0.00012786
    20.40000000     0.00012665
    20.41000000     0.00012543
    20.42000000     0.00012422
    20.43000000     0.00012302
    20.44000000     0.00012182
    20.45000000     0.00012062
    20.46000000     0.00011942
    20.47000000     0.00011823
    20.48000000     0.00011703
    20.49000000     0.00011585
    20.50000000     0.00011466
    20.51000000     0.00011348
    20.52000000     0.00011230
    20.53000000     0.00011112
    20.54000000     0.00010995
    20.55000000     0.00010878
    20.56000000     0.00010761
    20.57000000     0.00010644
    20.58000000     0.00010528
    20.59000000     0.00010412
    20.60000000     0.00010296
    20.61000000     0.00010180
    20.62000000     0.00010065
    20.63000000     0.00009950
    20.64000000     0.00009835
    20.65000000     0.00009720
    20.66000000     0.00009606
    20.67000000     0.00009492
    20.68000000     0.00009378
    20.69000000     0.00009264
    20.70000000     0.00009150
    20.71000000     0.00009037
    20.72000000     0.00008924
    20.73000000     0.00008811
    20.74000000     0.00008699
    20.75000000     0.00008586
    20.76000000     0.00008474
    20.77000000     0.00008362
    20.78000000     0.00008250
    20.79000000     0.00008139
    20.80000000     0.00008027
    20.81000000     0.00007916
    20.82000000     0.00007805
    20.83000000     0.00007694
    20.84000000     0.00007584
    20.85000000     0.00007473
    20.86000000     0.00007363
    20.87000000     0.00007253
    20.88000000     0.00007143
    20.89000000     0.00007033
    20.90000000     0.00006924
    20.91000000     0.00006814
    20.92000000     0.00006705
    20.93000000     0.00006596
    20.94000000     0.00006487
    20.95000000     0.00006378
    20.96000000     0.00006270
    20.97000000     0.00006161
    20.98000000     0.00006053
    20.99000000     0.00005945
    21.00000000     0.00005837
    21.01000000     0.00005729
    21.02000000     0.00005621
    21.03000000     0.00005514
    21.04000000     0.00005406
    21.05000000     0.00005299
    21.06000000     0.00005192
    21.07000000     0.00005085
    21.08000000     0.00004978
    21.09000000     0.00004871
    21.10000000     0.00004764
    21.11000000     0.00004657
    21.12000000     0.00004551
    21.13000000     0.00004444
    21.14000000     0.00004338
    21.15000000     0.00004232
    21.16000000     0.00004126
    21.17000000     0.00004020
    21.18000000     0.00003914
    21.19000000     0.00003808
    21.20000000     0.00003702
    21.21000000     0.00003597
    21.22000000     0.00003491
    21.23000000     0.00003386
    21.24000000     0.00003280
    21.25000000     0.00003175
    21.26000000     0.00003070
    21.27000000     0.00002965
    21.28000000     0.00002860
    21.29000000     0.00002755
    21.30000000     0.00002650
    21.31000000     0.00002545
    21.32000000     0.00002440
    21.33000000     0.00002335
    21.34000000     0.00002230
    21.35000000     0.00002126
    21.36000000     0.00002021
    21.37000000     0.00001917
    21.38000000     0.00001812
    21.39000000     0.00001708
    21.40000000     0.00001603
    21.41000000     0.00001499
    21.42000000     0.00001394
    21.43000000     0.00001290
    21.44000000     0.00001186
    21.45000000     0.00001082
    21.46000000     0.00000977
    21.47000000     0.00000873
    21.48000000     0.00000769
    21.49000000     0.00000665
    21.50000000     0.00000561
    21.51000000     0.00000456
    21.52000000     0.00000352
    21.53000000     0.00000248
    21.54000000     0.00000144
    21.55000000     0.00000040
    21.56000000     0.00000000
    21.57000000     0.00000000
    21.58000000     0.00000000
    21.59000000     0.00000000
    21.60000000     0.00000000
    21.61000000     0.00000000
    21.62000000     0.00000000
    21.63000000     0.00000000
    21.64000000     0.00000000
    21.65000000     0.00000000
    21.66000000     0.00000000
    21.67000000     0.00000000
    21.68000000     0.00000000
    21.69000000     0.00000000
    21.70000000     0.00000000
    21.71000000     0.00000000
    21.72000000     0.00000000
    21.73000000     0.00000000
    21.74000000     0.00000000
    21.75000000     0.00000000
    21.76000000     0.00000000
    21.77000000     0.00000000
    21.78000000     0.00000000
    21.79000000     0.00000000
    21.80000000     0.00000000
    21.81000000     0.00000000
    21.82000000     0.00000000
    21.83000000     0.00000000
    21.84000000     0.00000000
    21.85000000     0.00000000
    21.86000000     0.00000000
    21.87000000     0.00000000
    21.88000000     0.00000000
    21.89000000     0.00000000
    21.90000000     0.00000000
    21.91000000     0.00000000
    21.92000000     0.00000000
    21.93000000     0.00000000
    21.94000000     0.00000000
    21.95000000     0.00000000
    21.96000000     0.00000000
    21.97000000     0.00000000
    21.98000000     0.00000000
    21.99000000     0.00000000
    22.00000000     0.00000000
    22.01000000     0.00000000
    22.02000000     0.00000000
    22.03000000     0.00000000
    22.04000000     0.00000000
    22.05000000     0.00000000
    22.06000000     0.00000000
    22.07000000     0.00000000
    22.08000000     0.00000000
    22.09000000     0.00000000
    22.10000000     0.00000000
    22.11000000     0.00000000
    22.12000000     0.00000000
    22.13000000     0.00000000
    22.14000000     0.00000000
    22.15000000     0.00000000
    22.16000000     0.00000000
    22.17000000     0.00000000
    22.18000000     0.00000000
    22.19000000     0.00000000
    22.20000000     0.00000000
    22.21000000     0.00000000
    22.22000000     0.00000000
    22.23000000     0.00000000
    22.24000000     0.00000000
    22.25000000     0.00000000
    22.26000000     0.00000000
    22.27000000     0.00000000
    22.28000000     0.00000000
    22.29000000     0.00000000
    22.30000000     0.00000000
    22.31000000     0.00000000
    22.32000000     0.00000000
    22.33000000     0.00000000
    22.34000000     0.00000000
    22.35000000     0.00000000
    22.36000000     0.00000000
    22.37000000     0.00000000
    22.38000000     0.00000000
    22.39000000     0.00000000
    22.40000000     0.00000000
    22.41000000     0.00000000
    22.42000000     0.00000000
    22.43000000     0.00000000
    22.44000000     0.00000000
    22.45000000     0.00000000
    22.46000000     0.00000000
    22.47000000     0.00000000
    22.48000000     0.00000000
    22.49000000     0.00000000
    22.50000000     0.00000000
    22.51000000     0.00000000
    22.52000000     0.00000000
    22.53000000     0.00000000
    22.54000000     0.00000000
    22.55000000     0.00000000
    22.56000000     0.00000000
    22.57000000     0.00000000
    22.58000000     0.00000000
    22.59000000     0.00000000
    22.60000000     0.00000000
    22.61000000     0.00000000
    22.62000000     0.00000000
    22.63000000     0.00000000
    22.64000000     0.00000000
    22.65000000     0.00000000
    22.66000000     0.00000000
    22.67000000     0.00000000
    22.68000000     0.00000000
    22.69000000     0.00000000
    22.70000000     0.00000000
    22.71000000     0.00000000
    22.72000000     0.00000000
    22.73000000     0.00000000
    22.74000000     0.00000000
    22.75000000     0.00000000
    22.76000000     0.00000000
    22.77000000     0.00000000
    22.78000000     0.00000000
    22.79000000     0.00000000
    22.80000000     0.00000000
    22.81000000     0.00000000
    22.82000000     0.00000000
    22.83000000     0.00000000
    22.84000000     0.00000000
    22.85000000     0.00000000
    22.86000000     0.00000000
    22.87000000     0.00000000
    22.88000000     0.00000000
    22.89000000     0.00000000
    22.90000000     0.00000000
    22.91000000     0.00000000
    22.92000000     0.00000000
    22.93000000     0.00000000
    22.94000000     0.00000000
    22.95000000     0.00000000
    22.96000000     0.00000000
    22.97000000     0.00000000
    22.98000000     0.00000000
    22.99000000     0.00000000
    23.00000000     0.00000000
    23.01000000     0.00000000
    23.02000000     0.00000000
    23.03000000     0.00000000
    23.04000000     0.00000000
    23.05000000     0.00000000
    23.06000000     0.00000000
    23.07000000     0.00000000
    23.08000000     0.00000000
    23.09000000     0.00000000
    23.10000000     0.00000000
    23.11000000     0.00000000
    23.12000000     0.00000000
    23.13000000     0.00000000
    23.14000000     0.00000000
    23.15000000     0.00000000
    23.16000000     0.00000000
    23.17000000     0.00000000
    23.18000000     0.00000000
    23.19000000     0.00000000
    23.20000000     0.00000000
    23.21000000     0.00000000
    23.22000000     0.00000000
    23.23000000     0.00000000
    23.24000000     0.00000000
    23.25000000     0.00000000
    23.26000000     0.00000000
    23.27000000     0.00000000
    23.28000000     0.00000000
    23.29000000     0.00000000
    23.30000000     0.00000000
    23.31000000     0.00000000
    23.32000000     0.00000000
    23.33000000     0.00000000
    23.34000000     0.00000000
    23.35000000     0.00000000
    23.36000000     0.00000000
    23.37000000     0.00000000
    23.38000000     0.00000000
    23.39000000     0.00000000
    23.40000000     0.00000000
    23.41000000     0.00000000
    23.42000000     0.00000000
    23.43000000     0.00000000
    23.44000000     0.00000000
    23.45000000     0.00000000
    23.46000000     0.00000000
    23.47000000     0.00000000
    23.48000000     0.00000000
    23.49000000     0.00000000
    23.50000000     0.00000000
    23.51000000     0.00000000
    23.52000000     0.00000000
    23.53000000     0.00000000
    23.54000000     0.00000000
    23.55000000     0.00000000
    23.56000000     0.00000000
    23.57000000     0.00000000
    23.58000000     0.00000000
    23.59000000     0.00000000
    23.60000000     0.00000000
    23.61000000     0.00000000
    23.62000000     0.00000000
    23.63000000     0.00000000
    23.64000000     0.00000000
    23.65000000     0.00000000
    23.66000000     0.00000000
    23.67000000     0.00000000
    23.68000000     0.00000000
    23.69000000     0.00000000
    23.70000000     0.00000000
    23.71000000     0.00000000
    23.72000000     0.00000000
    23.73000000     0.00000000
    23.74000000     0.00000000
    23.75000000     0.00000000
    23.76000000     0.00000000
    23.77000000     0.00000000
    23.78000000     0.00000000
    23.79000000     0.00000000
    23.80000000     0.00000000
    23.81000000     0.00000000
    23.82000000     0.00000000
    23.83000000     0.00000000
    23.84000000     0.00000000
    23.85000000     0.00000000
    23.86000000     0.00000000
    23.87000000     0.00000000
    23.88000000     0.00000000
    23.89000000     0.00000000
    23.90000000     0.00000000
    23.91000000     0.00000000
    23.92000000     0.00000000
    23.93000000     0.00000000
    23.94000000     0.00000000
    23.95000000     0.00000000
    23.96000000     0.00000000
    23.97000000     0.00000000
    23.98000000     0.00000000
    23.99000000     0.00000000
    24.00000000     0.00000000
    24.01000000     0.00000000
    24.02000000     0.00000000
    24.03000000     0.00000000
    24.04000000     0.00000000
    24.05000000     0.00000000
    24.06000000     0.00000000
    24.07000000     0.00000000
    24.08000000     0.00000000
    24.09000000     0.00000000
    24.10000000     0.00000000
    24.11000000     0.00000000
    24.12000000     0.00000000
    24.13000000     0.00000000
    24.14000000     0.00000000
    24.15000000     0.00000000
    24.16000000     0.00000000
    24.17000000     0.00000000
    24.18000000     0.00000000
    24.19000000     0.00000000
    24.20000000     0.00000000
    24.21000000     0.00000000
    24.22000000     0.00000000
    24.23000000     0.00000000
    24.24000000     0.00000000
    24.25000000     0.00000000
    24.26000000     0.00000000
    24.27000000     0.00000000
    24.28000000     0.00000000
    24.29000000     0.00000000
    24.30000000     0.00000000
    24.31000000     0.00000000
    24.32000000     0.00000000
    24.33000000     0.00000000
    24.34000000     0.00000000
    24.35000000     0.00000000
    24.36000000     0.00000000
    24.37000000     0.00000000
    24.38000000     0.00000000
    24.39000000     0.00000000
    24.40000000     0.00000000
    24.41000000     0.00000000
    24.42000000     0.00000000
    24.43000000     0.00000000
    24.44000000     0.00000000
    24.45000000     0.00000000
    24.46000000     0.00000000
    24.47000000     0.00000000
    24.48000000     0.00000000
    24.49000000     0.00000000
    24.50000000     0.00000000
    24.51000000     0.00000000
    24.52000000     0.00000000
    24.53000000     0.00000000
    24.54000000     0.00000000
    24.55000000     0.00000000
    24.56000000     0.00000000
    24.57000000     0.00000000
    24.58000000     0.00000000
    24.59000000     0.00000000
    24.60000000     0.00000000
    24.61000000     0.00000000
    24.62000000     0.00000000
    24.63000000     0.00000000
    24.64000000     0.00000000
    24.65000000     0.00000000
    24.66000000     0.00000000
    24.67000000     0.00000000
    24.68000000     0.00000000
    24.69000000     0.00000000
    24.70000000     0.00000000
    24.71000000     0.00000000
    24.72000000     0.00000000
    24.73000000     0.00000000
    24.74000000     0.00000000
    24.75000000     0.00000000
    24.76000000     0.00000000
    24.77000000     0.00000000
    24.78000000     0.00000000
    24.79000000     0.00000000
    24.80000000     0.00000000
    24.81000000     0.00000000
    24.82000000     0.00000000
    24.83000000     0.00000000
    24.84000000     0.00000000
    24.85000000     0.00000000
    24.86000000     0.00000000
    24.87000000     0.00000000
    24.88000000     0.00000000
    24.89000000     0.00000000
    24.90000000     0.00000000
    24.91000000     0.00000000
    24.92000000     0.00000000
    24.93000000     0.00000000
    24.94000000     0.00000000
    24.95000000     0.00000000
    24.96000000     0.00000000
    24.97000000     0.00000000
    24.98000000     0.00000000
    24.99000000     0.00000000
    25.00000000     0.00000000
    25.01000000     0.00000000
    25.02000000     0.00000000
    25.03000000     0.00000000
    25.04000000     0.00000000
    25.05000000     0.00000000
    25.06000000     0.00000000
    25.07000000     0.00000000
    25.08000000     0.00000000
    25.09000000     0.00000000
    25.10000000     0.00000000
    25.11000000     0.00000000
    25.12000000     0.00000000
    25.13000000     0.00000000
    25.14000000     0.00000000
    25.15000000     0.00000000
    25.16000000     0.00000000
    25.17000000     0.00000000
    25.18000000     0.00000000
    25.19000000     0.00000000
    25.20000000     0.00000000
    25.21000000     0.00000000
    25.22000000     0.00000000
    25.23000000     0.00000000
    25.24000000     0.00000000
    25.25000000     0.00000000
    25.26000000     0.00000000
    25.27000000     0.00000000
    25.28000000     0.00000000
    25.29000000     0.00000000
    25.30000000     0.00000000
    25.31000000     0.00000000
    25.32000000     0.00000000
    25.33000000     0.00000000
    25.34000000     0.00000000
    25.35000000     0.00000000
    25.36000000     0.00000000
    25.37000000     0.00000000
    25.38000000     0.00000000
    25.39000000     0.00000000
    25.40000000     0.00000000
    25.41000000     0.00000000
    25.42000000     0.00000000
    25.43000000     0.00000000
    25.44000000     0.00000000
    25.45000000     0.00000000
    25.46000000     0.00000000
    25.47000000     0.00000000
    25.48000000     0.00000000
    25.49000000     0.00000000
    25.50000000     0.00000000
    25.51000000     0.00000000
    25.52000000     0.00000000
    25.53000000     0.00000000
    25.54000000     0.00000000
    25.55000000     0.00000000
    25.56000000     0.00000000
    25.57000000     0.00000000
    25.58000000     0.00000000
    25.59000000     0.00000000
    25.60000000     0.00000000
    25.61000000     0.00000000
    25.62000000     0.00000000
    25.63000000     0.00000000
    25.64000000     0.00000000
    25.65000000     0.00000000
    25.66000000     0.00000000
    25.67000000     0.00000000
    25.68000000     0.00000000
    25.69000000     0.00000000
    25.70000000     0.00000000
    25.71000000     0.00000000
    25.72000000     0.00000000
    25.73000000     0.00000000
    25.74000000     0.00000000
    25.75000000     0.00000000
    25.76000000     0.00000000
    25.77000000     0.00000000
    25.78000000     0.00000000
    25.79000000     0.00000000
    25.80000000     0.00000000
    25.81000000     0.00000000
    25.82000000     0.00000000
    25.83000000     0.00000000
    25.84000000     0.00000000
    25.85000000     0.00000000
    25.86000000     0.00000000
    25.87000000     0.00000000
    25.88000000     0.00000000
    25.89000000     0.00000000
    25.90000000     0.00000000
    25.91000000     0.00000000
    25.92000000     0.00000000
    25.93000000     0.00000000
    25.94000000     0.00000000
    25.95000000     0.00000000
    25.96000000     0.00000000
    25.97000000     0.00000000
    25.98000000     0.00000000
    25.99000000     0.00000000
    26.00000000     0.00000000
    26.01000000     0.00000000
    26.02000000     0.00000000
    26.03000000     0.00000000
    26.04000000     0.00000000
    26.05000000     0.00000000
    26.06000000     0.00000000
    26.07000000     0.00000000
    26.08000000     0.00000000
    26.09000000     0.00000000
    26.10000000     0.00000000
    26.11000000     0.00000000
    26.12000000     0.00000000
    26.13000000     0.00000000
    26.14000000     0.00000000
    26.15000000     0.00000000
    26.16000000     0.00000000
    26.17000000     0.00000000
    26.18000000     0.00000000
    26.19000000     0.00000000
    26.20000000     0.00000000
    26.21000000     0.00000000
    26.22000000     0.00000000
    26.23000000     0.00000000
    26.24000000     0.00000000
    26.25000000     0.00000000
    26.26000000     0.00000000
    26.27000000     0.00000000
    26.28000000     0.00000000
    26.29000000     0.00000000
    26.30000000     0.00000000
    26.31000000     0.00000000
    26.32000000     0.00000000
    26.33000000     0.00000000
    26.34000000     0.00000000
    26.35000000     0.00000000
    26.36000000     0.00000000
    26.37000000     0.00000000
    26.38000000     0.00000000
    26.39000000     0.00000000
    26.40000000     0.00000000
    26.41000000     0.00000000
    26.42000000     0.00000000
    26.43000000     0.00000000
    26.44000000     0.00000000
    26.45000000     0.00000000
    26.46000000     0.00000000
    26.47000000     0.00000000
    26.48000000     0.00000000
    26.49000000     0.00000000
    26.50000000     0.00000000
    26.51000000     0.00000000
    26.52000000     0.00000000
    26.53000000     0.00000000
    26.54000000     0.00000000
    26.55000000     0.00000000
    26.56000000     0.00000000
    26.57000000     0.00000000
    26.58000000     0.00000000
    26.59000000     0.00000000
    26.60000000     0.00000000
    26.61000000     0.00000000
    26.62000000     0.00000000
    26.63000000     0.00000000
    26.64000000     0.00000000
    26.65000000     0.00000000
    26.66000000     0.00000000
    26.67000000     0.00000000
    26.68000000     0.00000000
    26.69000000     0.00000000
    26.70000000     0.00000000
    26.71000000     0.00000000
    26.72000000     0.00000000
    26.73000000     0.00000000
    26.74000000     0.00000000
    26.75000000     0.00000000
    26.76000000     0.00000000
    26.77000000     0.00000000
    26.78000000     0.00000000
    26.79000000     0.00000000
    26.80000000     0.00000000
    26.81000000     0.00000000
    26.82000000     0.00000000
    26.83000000     0.00000000
    26.84000000     0.00000000
    26.85000000     0.00000000
    26.86000000     0.00000000
    26.87000000     0.00000000
    26.88000000     0.00000000
    26.89000000     0.00000000
    26.90000000     0.00000000
    26.91000000     0.00000000
    26.92000000     0.00000000
    26.93000000     0.00000000
    26.94000000     0.00000000
    26.95000000     0.00000000
    26.96000000     0.00000000
    26.97000000     0.00000000
    26.98000000     0.00000000
    26.99000000     0.00000000
    27.00000000     0.00000000
    27.01000000     0.00000000
    27.02000000     0.00000000
    27.03000000     0.00000000
    27.04000000     0.00000000
    27.05000000     0.00000000
    27.06000000     0.00000000
    27.07000000     0.00000000
    27.08000000     0.00000000
    27.09000000     0.00000000
    27.10000000     0.00000000
    27.11000000     0.00000000
    27.12000000     0.00000000
    27.13000000     0.00000000
    27.14000000     0.00000000
    27.15000000     0.00000000
    27.16000000     0.00000000
    27.17000000     0.00000000
    27.18000000     0.00000000
    27.19000000     0.00000000
    27.20000000     0.00000000
    27.21000000     0.00000000
    27.22000000     0.00000000
    27.23000000     0.00000000
    27.24000000     0.00000000
    27.25000000     0.00000000
    27.26000000     0.00000000
    27.27000000     0.00000000
    27.28000000     0.00000000
    27.29000000     0.00000000
    27.30000000     0.00000000
    27.31000000     0.00000000
    27.32000000     0.00000000
    27.33000000     0.00000000
    27.34000000     0.00000000
    27.35000000     0.00000000
    27.36000000     0.00000000
    27.37000000     0.00000000
    27.38000000     0.00000000
    27.39000000     0.00000000
    27.40000000     0.00000000
    27.41000000     0.00000000
    27.42000000     0.00000000
    27.43000000     0.00000000
    27.44000000     0.00000000
    27.45000000     0.00000000
    27.46000000     0.00000000
    27.47000000     0.00000000
    27.48000000     0.00000000
    27.49000000     0.00000000
    27.50000000     0.00000000
    27.51000000     0.00000000
    27.52000000     0.00000000
    27.53000000     0.00000000
    27.54000000     0.00000000
    27.55000000     0.00000000
    27.56000000     0.00000000
    27.57000000     0.00000000
    27.58000000     0.00000000
    27.59000000     0.00000000
    27.60000000     0.00000000
    27.61000000     0.00000000
    27.62000000     0.00000000
    27.63000000     0.00000000
    27.64000000     0.00000000
    27.65000000     0.00000000
    27.66000000     0.00000000
    27.67000000     0.00000000
    27.68000000     0.00000000
    27.69000000     0.00000000
    27.70000000     0.00000000
    27.71000000     0.00000000
    27.72000000     0.00000000
    27.73000000     0.00000000
    27.74000000     0.00000000
    27.75000000     0.00000000
    27.76000000     0.00000000
    27.77000000     0.00000000
    27.78000000     0.00000000
    27.79000000     0.00000000
    27.80000000     0.00000000
    27.81000000     0.00000000
    27.82000000     0.00000000
    27.83000000     0.00000000
    27.84000000     0.00000000
    27.85000000     0.00000000
    27.86000000     0.00000000
    27.87000000     0.00000000
    27.88000000     0.00000000
    27.89000000     0.00000000
    27.90000000     0.00000000
    27.91000000     0.00000000
    27.92000000     0.00000000
    27.93000000     0.00000000
    27.94000000     0.00000000
    27.95000000     0.00000000
    27.96000000     0.00000000
    27.97000000     0.00000000
    27.98000000     0.00000000
    27.99000000     0.00000000
    28.00000000     0.00000000
    28.01000000     0.00000000
    28.02000000     0.00000000
    28.03000000     0.00000000
    28.04000000     0.00000000
    28.05000000     0.00000000
    28.06000000     0.00000000
    28.07000000     0.00000000
    28.08000000     0.00000000
    28.09000000     0.00000000
    28.10000000     0.00000000
    28.11000000     0.00000000
    28.12000000     0.00000000
    28.13000000     0.00000000
    28.14000000     0.00000000
    28.15000000     0.00000000
    28.16000000     0.00000000
    28.17000000     0.00000000
    28.18000000     0.00000000
    28.19000000     0.00000000
    28.20000000     0.00000000
    28.21000000     0.00000000
    28.22000000     0.00000000
    28.23000000     0.00000000
    28.24000000     0.00000000
    28.25000000     0.00000000
    28.26000000     0.00000000
    28.27000000     0.00000000
    28.28000000     0.00000000
    28.29000000     0.00000000
    28.30000000     0.00000000
    28.31000000     0.00000000
    28.32000000     0.00000000
    28.33000000     0.00000000
    28.34000000     0.00000000
    28.35000000     0.00000000
    28.36000000     0.00000000
    28.37000000     0.00000000
    28.38000000     0.00000000
    28.39000000     0.00000000
    28.40000000     0.00000000
    28.41000000     0.00000000
    28.42000000     0.00000000
    28.43000000     0.00000000
    28.44000000     0.00000000
    28.45000000     0.00000000
    28.46000000     0.00000000
    28.47000000     0.00000000
    28.48000000     0.00000000
    28.49000000     0.00000000
    28.50000000     0.00000000
    28.51000000     0.00000000
    28.52000000     0.00000000
    28.53000000     0.00000000
    28.54000000     0.00000000
    28.55000000     0.00000000
    28.56000000     0.00000000
    28.57000000     0.00000000
    28.58000000     0.00000000
    28.59000000     0.00000000
    28.60000000     0.00000000
    28.61000000     0.00000000
    28.62000000     0.00000000
    28.63000000     0.00000000
    28.64000000     0.00000000
    28.65000000     0.00000000
    28.66000000     0.00000000
    28.67000000     0.00000000
    28.68000000     0.00000000
    28.69000000     0.00000000
    28.70000000     0.00000000
    28.71000000     0.00000000
    28.72000000     0.00000000
    28.73000000     0.00000000
    28.74000000     0.00000000
    28.75000000     0.00000000
    28.76000000     0.00000000
    28.77000000     0.00000000
    28.78000000     0.00000000
    28.79000000     0.00000000
    28.80000000     0.00000000
    28.81000000     0.00000000
    28.82000000     0.00000000
    28.83000000     0.00000000
    28.84000000     0.00000000
    28.85000000     0.00000000
    28.86000000     0.00000000
    28.87000000     0.00000000
    28.88000000     0.00000000
    28.89000000     0.00000000
    28.90000000     0.00000000
    28.91000000     0.00000000
    28.92000000     0.00000000
    28.93000000     0.00000000
    28.94000000     0.00000000
    28.95000000     0.00000000
    28.96000000     0.00000000
    28.97000000     0.00000000
    28.98000000     0.00000000
    28.99000000     0.00000000
    29.00000000     0.00000000
    29.01000000     0.00000000
    29.02000000     0.00000000
    29.03000000     0.00000000
    29.04000000     0.00000000
    29.05000000     0.00000000
    29.06000000     0.00000000
    29.07000000     0.00000000
    29.08000000     0.00000000
    29.09000000     0.00000000
    29.10000000     0.00000000
    29.11000000     0.00000000
    29.12000000     0.00000000
    29.13000000     0.00000000
    29.14000000     0.00000000
    29.15000000     0.00000000
    29.16000000     0.00000000
    29.17000000     0.00000000
    29.18000000     0.00000000
    29.19000000     0.00000000
    29.20000000     0.00000000
    29.21000000     0.00000000
    29.22000000     0.00000000
    29.23000000     0.00000000
    29.24000000     0.00000000
    29.25000000     0.00000000
    29.26000000     0.00000000
    29.27000000     0.00000000
    29.28000000     0.00000000
    29.29000000     0.00000000
    29.30000000     0.00000000
    29.31000000     0.00000000
    29.32000000     0.00000000
    29.33000000     0.00000000
    29.34000000     0.00000000
    29.35000000     0.00000000
    29.36000000     0.00000000
    29.37000000     0.00000000
    29.38000000     0.00000000
    29.39000000     0.00000000
    29.40000000     0.00000000
    29.41000000     0.00000000
    29.42000000     0.00000000
    29.43000000     0.00000000
    29.44000000     0.00000000
    29.45000000     0.00000000
    29.46000000     0.00000000
    29.47000000     0.00000000
    29.48000000     0.00000000
    29.49000000     0.00000000
    29.50000000     0.00000000
    29.51000000     0.00000000
    29.52000000     0.00000000
    29.53000000     0.00000000
    29.54000000     0.00000000
    29.55000000     0.00000000
    29.56000000     0.00000000
    29.57000000     0.00000000
    29.58000000     0.00000000
    29.59000000     0.00000000
    29.60000000     0.00000000
    29.61000000     0.00000000
    29.62000000     0.00000000
    29.63000000     0.00000000
    29.64000000     0.00000000
    29.65000000     0.00000000
    29.66000000     0.00000000
    29.67000000     0.00000000
    29.68000000     0.00000000
    29.69000000     0.00000000
    29.70000000     0.00000000
    29.71000000     0.00000000
    29.72000000     0.00000000
    29.73000000     0.00000000
    29.74000000     0.00000000
    29.75000000     0.00000000
    29.76000000     0.00000000
    29.77000000     0.00000000
    29.78000000     0.00000000
    29.79000000     0.00000000
    29.80000000     0.00000000
    29.81000000     0.00000000
    29.82000000     0.00000000
    29.83000000     0.00000000
    29.84000000     0.00000000
    29.85000000     0.00000000
    29.86000000     0.00000000
    29.87000000     0.00000000
    29.88000000     0.00000000
    29.89000000     0.00000000
    29.90000000     0.00000000
    29.91000000     0.00000000
    29.92000000     0.00000000
    29.93000000     0.00000000
    29.94000000     0.00000000
    29.95000000     0.00000000
    29.96000000     0.00000000
    29.97000000     0.00000000
    29.98000000     0.00000000
    29.99000000     0.00000000
