#nl2j    2    2    5
     0.01000000     0.00000005
     0.02000000     0.00000037
     0.03000000     0.00000124
     0.04000000     0.00000293
     0.05000000     0.00000572
     0.06000000     0.00000988
     0.07000000     0.00001569
     0.08000000     0.00002342
     0.09000000     0.00003334
     0.10000000     0.00004573
     0.11000000     0.00006085
     0.12000000     0.00007898
     0.13000000     0.00010040
     0.14000000     0.00012536
     0.15000000     0.00015415
     0.16000000     0.00018702
     0.17000000     0.00022426
     0.18000000     0.00026612
     0.19000000     0.00031287
     0.20000000     0.00036479
     0.21000000     0.00042213
     0.22000000     0.00048515
     0.23000000     0.00055413
     0.24000000     0.00062932
     0.25000000     0.00071098
     0.26000000     0.00079937
     0.27000000     0.00089476
     0.28000000     0.00099739
     0.29000000     0.00110753
     0.30000000     0.00122542
     0.31000000     0.00135132
     0.32000000     0.00148548
     0.33000000     0.00162815
     0.34000000     0.00177958
     0.35000000     0.00194001
     0.36000000     0.00210969
     0.37000000     0.00228886
     0.38000000     0.00247776
     0.39000000     0.00267664
     0.40000000     0.00288572
     0.41000000     0.00310525
     0.42000000     0.00333545
     0.43000000     0.00357657
     0.44000000     0.00382882
     0.45000000     0.00409244
     0.46000000     0.00436765
     0.47000000     0.00465467
     0.48000000     0.00495372
     0.49000000     0.00526503
     0.50000000     0.00558881
     0.51000000     0.00592527
     0.52000000     0.00627462
     0.53000000     0.00663708
     0.54000000     0.00701284
     0.55000000     0.00740212
     0.56000000     0.00780511
     0.57000000     0.00822202
     0.58000000     0.00865303
     0.59000000     0.00909835
     0.60000000     0.00955815
     0.61000000     0.01003264
     0.62000000     0.01052200
     0.63000000     0.01102640
     0.64000000     0.01154603
     0.65000000     0.01208106
     0.66000000     0.01263167
     0.67000000     0.01319803
     0.68000000     0.01378031
     0.69000000     0.01437866
     0.70000000     0.01499325
     0.71000000     0.01562425
     0.72000000     0.01627179
     0.73000000     0.01693604
     0.74000000     0.01761715
     0.75000000     0.01831526
     0.76000000     0.01903051
     0.77000000     0.01976304
     0.78000000     0.02051298
     0.79000000     0.02128048
     0.80000000     0.02206565
     0.81000000     0.02286862
     0.82000000     0.02368952
     0.83000000     0.02452846
     0.84000000     0.02538555
     0.85000000     0.02626092
     0.86000000     0.02715465
     0.87000000     0.02806687
     0.88000000     0.02899767
     0.89000000     0.02994714
     0.90000000     0.03091539
     0.91000000     0.03190249
     0.92000000     0.03290854
     0.93000000     0.03393361
     0.94000000     0.03497779
     0.95000000     0.03604115
     0.96000000     0.03712376
     0.97000000     0.03822568
     0.98000000     0.03934699
     0.99000000     0.04048773
     1.00000000     0.04164796
     1.01000000     0.04282774
     1.02000000     0.04402712
     1.03000000     0.04524612
     1.04000000     0.04648481
     1.05000000     0.04774320
     1.06000000     0.04902133
     1.07000000     0.05031924
     1.08000000     0.05163693
     1.09000000     0.05297444
     1.10000000     0.05433178
     1.11000000     0.05570896
     1.12000000     0.05710598
     1.13000000     0.05852285
     1.14000000     0.05995958
     1.15000000     0.06141614
     1.16000000     0.06289255
     1.17000000     0.06438877
     1.18000000     0.06590481
     1.19000000     0.06744062
     1.20000000     0.06899620
     1.21000000     0.07057150
     1.22000000     0.07216651
     1.23000000     0.07378117
     1.24000000     0.07541544
     1.25000000     0.07706929
     1.26000000     0.07874266
     1.27000000     0.08043550
     1.28000000     0.08214774
     1.29000000     0.08387933
     1.30000000     0.08563020
     1.31000000     0.08740028
     1.32000000     0.08918949
     1.33000000     0.09099776
     1.34000000     0.09282499
     1.35000000     0.09467112
     1.36000000     0.09653603
     1.37000000     0.09841965
     1.38000000     0.10032186
     1.39000000     0.10224257
     1.40000000     0.10418166
     1.41000000     0.10613903
     1.42000000     0.10811456
     1.43000000     0.11010812
     1.44000000     0.11211961
     1.45000000     0.11414888
     1.46000000     0.11619580
     1.47000000     0.11826024
     1.48000000     0.12034207
     1.49000000     0.12244113
     1.50000000     0.12455727
     1.51000000     0.12669036
     1.52000000     0.12884022
     1.53000000     0.13100670
     1.54000000     0.13318963
     1.55000000     0.13538886
     1.56000000     0.13760420
     1.57000000     0.13983548
     1.58000000     0.14208252
     1.59000000     0.14434514
     1.60000000     0.14662315
     1.61000000     0.14891637
     1.62000000     0.15122459
     1.63000000     0.15354762
     1.64000000     0.15588525
     1.65000000     0.15823729
     1.66000000     0.16060352
     1.67000000     0.16298373
     1.68000000     0.16537770
     1.69000000     0.16778521
     1.70000000     0.17020604
     1.71000000     0.17263996
     1.72000000     0.17508675
     1.73000000     0.17754616
     1.74000000     0.18001795
     1.75000000     0.18250190
     1.76000000     0.18499775
     1.77000000     0.18750526
     1.78000000     0.19002417
     1.79000000     0.19255423
     1.80000000     0.19509518
     1.81000000     0.19764676
     1.82000000     0.20020871
     1.83000000     0.20278076
     1.84000000     0.20536264
     1.85000000     0.20795407
     1.86000000     0.21055479
     1.87000000     0.21316450
     1.88000000     0.21578293
     1.89000000     0.21840979
     1.90000000     0.22104479
     1.91000000     0.22368764
     1.92000000     0.22633805
     1.93000000     0.22899572
     1.94000000     0.23166034
     1.95000000     0.23433163
     1.96000000     0.23700926
     1.97000000     0.23969294
     1.98000000     0.24238235
     1.99000000     0.24507719
     2.00000000     0.24777712
     2.01000000     0.25048185
     2.02000000     0.25319103
     2.03000000     0.25590437
     2.04000000     0.25862151
     2.05000000     0.26134215
     2.06000000     0.26406595
     2.07000000     0.26679258
     2.08000000     0.26952170
     2.09000000     0.27225298
     2.10000000     0.27498607
     2.11000000     0.27772065
     2.12000000     0.28045636
     2.13000000     0.28319286
     2.14000000     0.28592981
     2.15000000     0.28866686
     2.16000000     0.29140366
     2.17000000     0.29413985
     2.18000000     0.29687508
     2.19000000     0.29960900
     2.20000000     0.30234125
     2.21000000     0.30507148
     2.22000000     0.30779932
     2.23000000     0.31052441
     2.24000000     0.31324640
     2.25000000     0.31596491
     2.26000000     0.31867958
     2.27000000     0.32139004
     2.28000000     0.32409594
     2.29000000     0.32679689
     2.30000000     0.32949254
     2.31000000     0.33218250
     2.32000000     0.33486642
     2.33000000     0.33754390
     2.34000000     0.34021459
     2.35000000     0.34287811
     2.36000000     0.34553408
     2.37000000     0.34818213
     2.38000000     0.35082188
     2.39000000     0.35345295
     2.40000000     0.35607497
     2.41000000     0.35868756
     2.42000000     0.36129034
     2.43000000     0.36388293
     2.44000000     0.36646496
     2.45000000     0.36903604
     2.46000000     0.37159579
     2.47000000     0.37414384
     2.48000000     0.37667981
     2.49000000     0.37920331
     2.50000000     0.38171397
     2.51000000     0.38421140
     2.52000000     0.38669524
     2.53000000     0.38916509
     2.54000000     0.39162058
     2.55000000     0.39406133
     2.56000000     0.39648697
     2.57000000     0.39889711
     2.58000000     0.40129138
     2.59000000     0.40366939
     2.60000000     0.40603079
     2.61000000     0.40837518
     2.62000000     0.41070220
     2.63000000     0.41301147
     2.64000000     0.41530261
     2.65000000     0.41757526
     2.66000000     0.41982905
     2.67000000     0.42206359
     2.68000000     0.42427854
     2.69000000     0.42647350
     2.70000000     0.42864813
     2.71000000     0.43080205
     2.72000000     0.43293490
     2.73000000     0.43504631
     2.74000000     0.43713592
     2.75000000     0.43920338
     2.76000000     0.44124833
     2.77000000     0.44327040
     2.78000000     0.44526924
     2.79000000     0.44724450
     2.80000000     0.44919583
     2.81000000     0.45112287
     2.82000000     0.45302527
     2.83000000     0.45490270
     2.84000000     0.45675480
     2.85000000     0.45858123
     2.86000000     0.46038166
     2.87000000     0.46215573
     2.88000000     0.46390313
     2.89000000     0.46562350
     2.90000000     0.46731653
     2.91000000     0.46898188
     2.92000000     0.47061922
     2.93000000     0.47222823
     2.94000000     0.47380859
     2.95000000     0.47535998
     2.96000000     0.47688208
     2.97000000     0.47837457
     2.98000000     0.47983715
     2.99000000     0.48126950
     3.00000000     0.48267133
     3.01000000     0.48404232
     3.02000000     0.48538217
     3.03000000     0.48669060
     3.04000000     0.48796729
     3.05000000     0.48921198
     3.06000000     0.49042435
     3.07000000     0.49160414
     3.08000000     0.49275105
     3.09000000     0.49386481
     3.10000000     0.49494515
     3.11000000     0.49599179
     3.12000000     0.49700446
     3.13000000     0.49798290
     3.14000000     0.49892685
     3.15000000     0.49983605
     3.16000000     0.50071024
     3.17000000     0.50154918
     3.18000000     0.50235261
     3.19000000     0.50312029
     3.20000000     0.50385199
     3.21000000     0.50454747
     3.22000000     0.50520649
     3.23000000     0.50582883
     3.24000000     0.50641426
     3.25000000     0.50696257
     3.26000000     0.50747353
     3.27000000     0.50794693
     3.28000000     0.50838258
     3.29000000     0.50878025
     3.30000000     0.50913976
     3.31000000     0.50946090
     3.32000000     0.50974349
     3.33000000     0.50998734
     3.34000000     0.51019226
     3.35000000     0.51035809
     3.36000000     0.51048463
     3.37000000     0.51057173
     3.38000000     0.51061922
     3.39000000     0.51062694
     3.40000000     0.51059472
     3.41000000     0.51052243
     3.42000000     0.51040992
     3.43000000     0.51025703
     3.44000000     0.51006364
     3.45000000     0.50982961
     3.46000000     0.50955481
     3.47000000     0.50923912
     3.48000000     0.50888242
     3.49000000     0.50848460
     3.50000000     0.50804555
     3.51000000     0.50756515
     3.52000000     0.50704333
     3.53000000     0.50647997
     3.54000000     0.50587499
     3.55000000     0.50522831
     3.56000000     0.50453984
     3.57000000     0.50380951
     3.58000000     0.50303726
     3.59000000     0.50222301
     3.60000000     0.50136671
     3.61000000     0.50046830
     3.62000000     0.49952773
     3.63000000     0.49854497
     3.64000000     0.49751997
     3.65000000     0.49645269
     3.66000000     0.49534311
     3.67000000     0.49419121
     3.68000000     0.49299696
     3.69000000     0.49176036
     3.70000000     0.49048139
     3.71000000     0.48916005
     3.72000000     0.48779635
     3.73000000     0.48639030
     3.74000000     0.48494190
     3.75000000     0.48345117
     3.76000000     0.48191815
     3.77000000     0.48034285
     3.78000000     0.47872531
     3.79000000     0.47706558
     3.80000000     0.47536370
     3.81000000     0.47361971
     3.82000000     0.47183368
     3.83000000     0.47000566
     3.84000000     0.46813572
     3.85000000     0.46622394
     3.86000000     0.46427038
     3.87000000     0.46227514
     3.88000000     0.46023830
     3.89000000     0.45815995
     3.90000000     0.45604020
     3.91000000     0.45387914
     3.92000000     0.45167688
     3.93000000     0.44943355
     3.94000000     0.44714926
     3.95000000     0.44482413
     3.96000000     0.44245830
     3.97000000     0.44005190
     3.98000000     0.43760507
     3.99000000     0.43511796
     4.00000000     0.43259072
     4.01000000     0.43002352
     4.02000000     0.42741650
     4.03000000     0.42476984
     4.04000000     0.42208371
     4.05000000     0.41935830
     4.06000000     0.41659377
     4.07000000     0.41379033
     4.08000000     0.41094816
     4.09000000     0.40806747
     4.10000000     0.40514846
     4.11000000     0.40219133
     4.12000000     0.39919631
     4.13000000     0.39616361
     4.14000000     0.39309345
     4.15000000     0.38998607
     4.16000000     0.38684170
     4.17000000     0.38366058
     4.18000000     0.38044296
     4.19000000     0.37718909
     4.20000000     0.37389921
     4.21000000     0.37057359
     4.22000000     0.36721250
     4.23000000     0.36381620
     4.24000000     0.36038497
     4.25000000     0.35691908
     4.26000000     0.35341883
     4.27000000     0.34988449
     4.28000000     0.34631637
     4.29000000     0.34271476
     4.30000000     0.33907996
     4.31000000     0.33541228
     4.32000000     0.33171204
     4.33000000     0.32797955
     4.34000000     0.32421512
     4.35000000     0.32041910
     4.36000000     0.31659180
     4.37000000     0.31273356
     4.38000000     0.30884472
     4.39000000     0.30492562
     4.40000000     0.30097662
     4.41000000     0.29699806
     4.42000000     0.29299029
     4.43000000     0.28895369
     4.44000000     0.28488860
     4.45000000     0.28079541
     4.46000000     0.27667449
     4.47000000     0.27252620
     4.48000000     0.26835093
     4.49000000     0.26414907
     4.50000000     0.25992101
     4.51000000     0.25566713
     4.52000000     0.25138783
     4.53000000     0.24708352
     4.54000000     0.24275459
     4.55000000     0.23840145
     4.56000000     0.23402452
     4.57000000     0.22962420
     4.58000000     0.22520091
     4.59000000     0.22075509
     4.60000000     0.21628714
     4.61000000     0.21179750
     4.62000000     0.20728660
     4.63000000     0.20275487
     4.64000000     0.19820275
     4.65000000     0.19363069
     4.66000000     0.18903911
     4.67000000     0.18442848
     4.68000000     0.17979924
     4.69000000     0.17515185
     4.70000000     0.17048675
     4.71000000     0.16580441
     4.72000000     0.16110528
     4.73000000     0.15638984
     4.74000000     0.15165854
     4.75000000     0.14691185
     4.76000000     0.14215025
     4.77000000     0.13737421
     4.78000000     0.13258421
     4.79000000     0.12778071
     4.80000000     0.12296421
     4.81000000     0.11813518
     4.82000000     0.11329411
     4.83000000     0.10844149
     4.84000000     0.10357779
     4.85000000     0.09870352
     4.86000000     0.09381917
     4.87000000     0.08892522
     4.88000000     0.08402218
     4.89000000     0.07911054
     4.90000000     0.07419079
     4.91000000     0.06926345
     4.92000000     0.06432901
     4.93000000     0.05938796
     4.94000000     0.05444083
     4.95000000     0.04948810
     4.96000000     0.04453030
     4.97000000     0.03956792
     4.98000000     0.03460147
     4.99000000     0.02963146
     5.00000000     0.02465841
     5.01000000     0.01968282
     5.02000000     0.01470520
     5.03000000     0.00972606
     5.04000000     0.00474593
     5.05000000    -0.00023469
     5.06000000    -0.00521529
     5.07000000    -0.01019536
     5.08000000    -0.01517437
     5.09000000    -0.02015181
     5.10000000    -0.02512717
     5.11000000    -0.03009995
     5.12000000    -0.03506961
     5.13000000    -0.04003565
     5.14000000    -0.04499756
     5.15000000    -0.04995482
     5.16000000    -0.05490692
     5.17000000    -0.05985334
     5.18000000    -0.06479358
     5.19000000    -0.06972712
     5.20000000    -0.07465346
     5.21000000    -0.07957207
     5.22000000    -0.08448246
     5.23000000    -0.08938412
     5.24000000    -0.09427653
     5.25000000    -0.09915920
     5.26000000    -0.10403161
     5.27000000    -0.10889327
     5.28000000    -0.11374367
     5.29000000    -0.11858231
     5.30000000    -0.12340869
     5.31000000    -0.12822232
     5.32000000    -0.13302269
     5.33000000    -0.13780931
     5.34000000    -0.14258169
     5.35000000    -0.14733934
     5.36000000    -0.15208177
     5.37000000    -0.15680849
     5.38000000    -0.16151901
     5.39000000    -0.16621286
     5.40000000    -0.17088956
     5.41000000    -0.17554862
     5.42000000    -0.18018957
     5.43000000    -0.18481194
     5.44000000    -0.18941525
     5.45000000    -0.19399904
     5.46000000    -0.19856283
     5.47000000    -0.20310618
     5.48000000    -0.20762862
     5.49000000    -0.21212969
     5.50000000    -0.21660894
     5.51000000    -0.22106591
     5.52000000    -0.22550017
     5.53000000    -0.22991126
     5.54000000    -0.23429874
     5.55000000    -0.23866218
     5.56000000    -0.24300115
     5.57000000    -0.24731520
     5.58000000    -0.25160392
     5.59000000    -0.25586688
     5.60000000    -0.26010366
     5.61000000    -0.26431384
     5.62000000    -0.26849702
     5.63000000    -0.27265278
     5.64000000    -0.27678073
     5.65000000    -0.28088045
     5.66000000    -0.28495156
     5.67000000    -0.28899367
     5.68000000    -0.29300638
     5.69000000    -0.29698931
     5.70000000    -0.30094209
     5.71000000    -0.30486434
     5.72000000    -0.30875569
     5.73000000    -0.31261578
     5.74000000    -0.31644425
     5.75000000    -0.32024074
     5.76000000    -0.32400490
     5.77000000    -0.32773639
     5.78000000    -0.33143486
     5.79000000    -0.33509999
     5.80000000    -0.33873144
     5.81000000    -0.34232888
     5.82000000    -0.34589199
     5.83000000    -0.34942047
     5.84000000    -0.35291399
     5.85000000    -0.35637226
     5.86000000    -0.35979499
     5.87000000    -0.36318186
     5.88000000    -0.36653260
     5.89000000    -0.36984693
     5.90000000    -0.37312457
     5.91000000    -0.37636524
     5.92000000    -0.37956869
     5.93000000    -0.38273465
     5.94000000    -0.38586287
     5.95000000    -0.38895311
     5.96000000    -0.39200511
     5.97000000    -0.39501865
     5.98000000    -0.39799350
     5.99000000    -0.40092943
     6.00000000    -0.40382623
     6.01000000    -0.40668369
     6.02000000    -0.40950159
     6.03000000    -0.41227974
     6.04000000    -0.41501795
     6.05000000    -0.41771604
     6.06000000    -0.42037381
     6.07000000    -0.42299111
     6.08000000    -0.42556776
     6.09000000    -0.42810359
     6.10000000    -0.43059847
     6.11000000    -0.43305224
     6.12000000    -0.43546475
     6.13000000    -0.43783588
     6.14000000    -0.44016549
     6.15000000    -0.44245347
     6.16000000    -0.44469970
     6.17000000    -0.44690407
     6.18000000    -0.44906648
     6.19000000    -0.45118684
     6.20000000    -0.45326505
     6.21000000    -0.45530104
     6.22000000    -0.45729473
     6.23000000    -0.45924605
     6.24000000    -0.46115495
     6.25000000    -0.46302136
     6.26000000    -0.46484525
     6.27000000    -0.46662656
     6.28000000    -0.46836526
     6.29000000    -0.47006134
     6.30000000    -0.47171476
     6.31000000    -0.47332551
     6.32000000    -0.47489359
     6.33000000    -0.47641900
     6.34000000    -0.47790174
     6.35000000    -0.47934182
     6.36000000    -0.48073927
     6.37000000    -0.48209411
     6.38000000    -0.48340638
     6.39000000    -0.48467611
     6.40000000    -0.48590335
     6.41000000    -0.48708816
     6.42000000    -0.48823060
     6.43000000    -0.48933073
     6.44000000    -0.49038863
     6.45000000    -0.49140437
     6.46000000    -0.49237805
     6.47000000    -0.49330975
     6.48000000    -0.49419958
     6.49000000    -0.49504764
     6.50000000    -0.49585405
     6.51000000    -0.49661892
     6.52000000    -0.49734238
     6.53000000    -0.49802456
     6.54000000    -0.49866560
     6.55000000    -0.49926564
     6.56000000    -0.49982483
     6.57000000    -0.50034334
     6.58000000    -0.50082132
     6.59000000    -0.50125894
     6.60000000    -0.50165638
     6.61000000    -0.50201382
     6.62000000    -0.50233144
     6.63000000    -0.50260944
     6.64000000    -0.50284801
     6.65000000    -0.50304737
     6.66000000    -0.50320772
     6.67000000    -0.50332927
     6.68000000    -0.50341225
     6.69000000    -0.50345688
     6.70000000    -0.50346340
     6.71000000    -0.50343204
     6.72000000    -0.50336304
     6.73000000    -0.50325667
     6.74000000    -0.50311315
     6.75000000    -0.50293277
     6.76000000    -0.50271577
     6.77000000    -0.50246243
     6.78000000    -0.50217302
     6.79000000    -0.50184781
     6.80000000    -0.50148710
     6.81000000    -0.50109117
     6.82000000    -0.50066030
     6.83000000    -0.50019480
     6.84000000    -0.49969496
     6.85000000    -0.49916109
     6.86000000    -0.49859351
     6.87000000    -0.49799251
     6.88000000    -0.49735842
     6.89000000    -0.49669157
     6.90000000    -0.49599226
     6.91000000    -0.49526084
     6.92000000    -0.49449764
     6.93000000    -0.49370298
     6.94000000    -0.49287721
     6.95000000    -0.49202068
     6.96000000    -0.49113372
     6.97000000    -0.49021669
     6.98000000    -0.48926993
     6.99000000    -0.48829380
     7.00000000    -0.48728866
     7.01000000    -0.48625488
     7.02000000    -0.48519280
     7.03000000    -0.48410280
     7.04000000    -0.48298524
     7.05000000    -0.48184049
     7.06000000    -0.48066893
     7.07000000    -0.47947093
     7.08000000    -0.47824687
     7.09000000    -0.47699712
     7.10000000    -0.47572206
     7.11000000    -0.47442208
     7.12000000    -0.47309755
     7.13000000    -0.47174887
     7.14000000    -0.47037641
     7.15000000    -0.46898056
     7.16000000    -0.46756172
     7.17000000    -0.46612027
     7.18000000    -0.46465659
     7.19000000    -0.46317109
     7.20000000    -0.46166415
     7.21000000    -0.46013617
     7.22000000    -0.45858753
     7.23000000    -0.45701862
     7.24000000    -0.45542985
     7.25000000    -0.45382161
     7.26000000    -0.45219428
     7.27000000    -0.45054826
     7.28000000    -0.44888394
     7.29000000    -0.44720172
     7.30000000    -0.44550199
     7.31000000    -0.44378514
     7.32000000    -0.44205155
     7.33000000    -0.44030163
     7.34000000    -0.43853576
     7.35000000    -0.43675432
     7.36000000    -0.43495771
     7.37000000    -0.43314632
     7.38000000    -0.43132052
     7.39000000    -0.42948071
     7.40000000    -0.42762726
     7.41000000    -0.42576057
     7.42000000    -0.42388099
     7.43000000    -0.42198893
     7.44000000    -0.42008474
     7.45000000    -0.41816881
     7.46000000    -0.41624151
     7.47000000    -0.41430322
     7.48000000    -0.41235429
     7.49000000    -0.41039509
     7.50000000    -0.40842600
     7.51000000    -0.40644737
     7.52000000    -0.40445957
     7.53000000    -0.40246294
     7.54000000    -0.40045785
     7.55000000    -0.39844465
     7.56000000    -0.39642369
     7.57000000    -0.39439531
     7.58000000    -0.39235986
     7.59000000    -0.39031768
     7.60000000    -0.38826911
     7.61000000    -0.38621449
     7.62000000    -0.38415414
     7.63000000    -0.38208840
     7.64000000    -0.38001759
     7.65000000    -0.37794204
     7.66000000    -0.37586206
     7.67000000    -0.37377798
     7.68000000    -0.37169011
     7.69000000    -0.36959875
     7.70000000    -0.36750422
     7.71000000    -0.36540681
     7.72000000    -0.36330683
     7.73000000    -0.36120457
     7.74000000    -0.35910033
     7.75000000    -0.35699439
     7.76000000    -0.35488704
     7.77000000    -0.35277857
     7.78000000    -0.35066924
     7.79000000    -0.34855933
     7.80000000    -0.34644912
     7.81000000    -0.34433887
     7.82000000    -0.34222885
     7.83000000    -0.34011931
     7.84000000    -0.33801051
     7.85000000    -0.33590269
     7.86000000    -0.33379612
     7.87000000    -0.33169103
     7.88000000    -0.32958766
     7.89000000    -0.32748625
     7.90000000    -0.32538703
     7.91000000    -0.32329023
     7.92000000    -0.32119607
     7.93000000    -0.31910477
     7.94000000    -0.31701656
     7.95000000    -0.31493164
     7.96000000    -0.31285023
     7.97000000    -0.31077252
     7.98000000    -0.30869872
     7.99000000    -0.30662903
     8.00000000    -0.30456364
     8.01000000    -0.30250274
     8.02000000    -0.30044651
     8.03000000    -0.29839514
     8.04000000    -0.29634880
     8.05000000    -0.29430768
     8.06000000    -0.29227194
     8.07000000    -0.29024174
     8.08000000    -0.28821725
     8.09000000    -0.28619864
     8.10000000    -0.28418604
     8.11000000    -0.28217963
     8.12000000    -0.28017954
     8.13000000    -0.27818592
     8.14000000    -0.27619891
     8.15000000    -0.27421866
     8.16000000    -0.27224528
     8.17000000    -0.27027892
     8.18000000    -0.26831970
     8.19000000    -0.26636774
     8.20000000    -0.26442316
     8.21000000    -0.26248609
     8.22000000    -0.26055662
     8.23000000    -0.25863489
     8.24000000    -0.25672098
     8.25000000    -0.25481500
     8.26000000    -0.25291706
     8.27000000    -0.25102725
     8.28000000    -0.24914566
     8.29000000    -0.24727239
     8.30000000    -0.24540751
     8.31000000    -0.24355113
     8.32000000    -0.24170331
     8.33000000    -0.23986414
     8.34000000    -0.23803369
     8.35000000    -0.23621203
     8.36000000    -0.23439924
     8.37000000    -0.23259538
     8.38000000    -0.23080051
     8.39000000    -0.22901470
     8.40000000    -0.22723800
     8.41000000    -0.22547047
     8.42000000    -0.22371217
     8.43000000    -0.22196314
     8.44000000    -0.22022343
     8.45000000    -0.21849310
     8.46000000    -0.21677217
     8.47000000    -0.21506069
     8.48000000    -0.21335871
     8.49000000    -0.21166625
     8.50000000    -0.20998335
     8.51000000    -0.20831004
     8.52000000    -0.20664635
     8.53000000    -0.20499230
     8.54000000    -0.20334793
     8.55000000    -0.20171326
     8.56000000    -0.20008829
     8.57000000    -0.19847306
     8.58000000    -0.19686758
     8.59000000    -0.19527187
     8.60000000    -0.19368593
     8.61000000    -0.19210978
     8.62000000    -0.19054343
     8.63000000    -0.18898687
     8.64000000    -0.18744013
     8.65000000    -0.18590320
     8.66000000    -0.18437609
     8.67000000    -0.18285878
     8.68000000    -0.18135129
     8.69000000    -0.17985361
     8.70000000    -0.17836574
     8.71000000    -0.17688766
     8.72000000    -0.17541938
     8.73000000    -0.17396088
     8.74000000    -0.17251215
     8.75000000    -0.17107318
     8.76000000    -0.16964395
     8.77000000    -0.16822446
     8.78000000    -0.16681469
     8.79000000    -0.16541461
     8.80000000    -0.16402422
     8.81000000    -0.16264348
     8.82000000    -0.16127239
     8.83000000    -0.15991092
     8.84000000    -0.15855904
     8.85000000    -0.15721674
     8.86000000    -0.15588398
     8.87000000    -0.15456074
     8.88000000    -0.15324700
     8.89000000    -0.15194273
     8.90000000    -0.15064789
     8.91000000    -0.14936246
     8.92000000    -0.14808641
     8.93000000    -0.14681971
     8.94000000    -0.14556232
     8.95000000    -0.14431420
     8.96000000    -0.14307534
     8.97000000    -0.14184569
     8.98000000    -0.14062522
     8.99000000    -0.13941389
     9.00000000    -0.13821166
     9.01000000    -0.13701850
     9.02000000    -0.13583437
     9.03000000    -0.13465923
     9.04000000    -0.13349305
     9.05000000    -0.13233577
     9.06000000    -0.13118737
     9.07000000    -0.13004781
     9.08000000    -0.12891703
     9.09000000    -0.12779500
     9.10000000    -0.12668168
     9.11000000    -0.12557702
     9.12000000    -0.12448099
     9.13000000    -0.12339354
     9.14000000    -0.12231462
     9.15000000    -0.12124419
     9.16000000    -0.12018221
     9.17000000    -0.11912863
     9.18000000    -0.11808341
     9.19000000    -0.11704650
     9.20000000    -0.11601785
     9.21000000    -0.11499743
     9.22000000    -0.11398518
     9.23000000    -0.11298106
     9.24000000    -0.11198503
     9.25000000    -0.11099702
     9.26000000    -0.11001701
     9.27000000    -0.10904494
     9.28000000    -0.10808076
     9.29000000    -0.10712443
     9.30000000    -0.10617590
     9.31000000    -0.10523513
     9.32000000    -0.10430205
     9.33000000    -0.10337664
     9.34000000    -0.10245883
     9.35000000    -0.10154858
     9.36000000    -0.10064585
     9.37000000    -0.09975058
     9.38000000    -0.09886273
     9.39000000    -0.09798225
     9.40000000    -0.09710909
     9.41000000    -0.09624320
     9.42000000    -0.09538454
     9.43000000    -0.09453306
     9.44000000    -0.09368870
     9.45000000    -0.09285142
     9.46000000    -0.09202118
     9.47000000    -0.09119792
     9.48000000    -0.09038160
     9.49000000    -0.08957217
     9.50000000    -0.08876957
     9.51000000    -0.08797378
     9.52000000    -0.08718472
     9.53000000    -0.08640237
     9.54000000    -0.08562667
     9.55000000    -0.08485757
     9.56000000    -0.08409503
     9.57000000    -0.08333900
     9.58000000    -0.08258943
     9.59000000    -0.08184627
     9.60000000    -0.08110949
     9.61000000    -0.08037902
     9.62000000    -0.07965484
     9.63000000    -0.07893688
     9.64000000    -0.07822510
     9.65000000    -0.07751947
     9.66000000    -0.07681992
     9.67000000    -0.07612642
     9.68000000    -0.07543893
     9.69000000    -0.07475738
     9.70000000    -0.07408175
     9.71000000    -0.07341198
     9.72000000    -0.07274803
     9.73000000    -0.07208986
     9.74000000    -0.07143742
     9.75000000    -0.07079067
     9.76000000    -0.07014956
     9.77000000    -0.06951405
     9.78000000    -0.06888410
     9.79000000    -0.06825966
     9.80000000    -0.06764069
     9.81000000    -0.06702714
     9.82000000    -0.06641898
     9.83000000    -0.06581616
     9.84000000    -0.06521864
     9.85000000    -0.06462637
     9.86000000    -0.06403932
     9.87000000    -0.06345745
     9.88000000    -0.06288070
     9.89000000    -0.06230905
     9.90000000    -0.06174244
     9.91000000    -0.06118085
     9.92000000    -0.06062422
     9.93000000    -0.06007252
     9.94000000    -0.05952571
     9.95000000    -0.05898375
     9.96000000    -0.05844660
     9.97000000    -0.05791422
     9.98000000    -0.05738656
     9.99000000    -0.05686360
    10.00000000    -0.05634529
    10.01000000    -0.05583160
    10.02000000    -0.05532248
    10.03000000    -0.05481790
    10.04000000    -0.05431783
    10.05000000    -0.05382221
    10.06000000    -0.05333102
    10.07000000    -0.05284423
    10.08000000    -0.05236178
    10.09000000    -0.05188365
    10.10000000    -0.05140980
    10.11000000    -0.05094020
    10.12000000    -0.05047480
    10.13000000    -0.05001357
    10.14000000    -0.04955649
    10.15000000    -0.04910350
    10.16000000    -0.04865459
    10.17000000    -0.04820971
    10.18000000    -0.04776882
    10.19000000    -0.04733190
    10.20000000    -0.04689892
    10.21000000    -0.04646983
    10.22000000    -0.04604460
    10.23000000    -0.04562321
    10.24000000    -0.04520562
    10.25000000    -0.04479179
    10.26000000    -0.04438169
    10.27000000    -0.04397530
    10.28000000    -0.04357258
    10.29000000    -0.04317349
    10.30000000    -0.04277801
    10.31000000    -0.04238611
    10.32000000    -0.04199775
    10.33000000    -0.04161290
    10.34000000    -0.04123154
    10.35000000    -0.04085363
    10.36000000    -0.04047915
    10.37000000    -0.04010805
    10.38000000    -0.03974032
    10.39000000    -0.03937593
    10.40000000    -0.03901484
    10.41000000    -0.03865702
    10.42000000    -0.03830246
    10.43000000    -0.03795111
    10.44000000    -0.03760295
    10.45000000    -0.03725796
    10.46000000    -0.03691610
    10.47000000    -0.03657735
    10.48000000    -0.03624168
    10.49000000    -0.03590906
    10.50000000    -0.03557947
    10.51000000    -0.03525288
    10.52000000    -0.03492926
    10.53000000    -0.03460859
    10.54000000    -0.03429084
    10.55000000    -0.03397598
    10.56000000    -0.03366399
    10.57000000    -0.03335485
    10.58000000    -0.03304852
    10.59000000    -0.03274499
    10.60000000    -0.03244423
    10.61000000    -0.03214621
    10.62000000    -0.03185091
    10.63000000    -0.03155830
    10.64000000    -0.03126837
    10.65000000    -0.03098108
    10.66000000    -0.03069642
    10.67000000    -0.03041436
    10.68000000    -0.03013487
    10.69000000    -0.02985794
    10.70000000    -0.02958355
    10.71000000    -0.02931166
    10.72000000    -0.02904225
    10.73000000    -0.02877531
    10.74000000    -0.02851081
    10.75000000    -0.02824874
    10.76000000    -0.02798906
    10.77000000    -0.02773175
    10.78000000    -0.02747681
    10.79000000    -0.02722419
    10.80000000    -0.02697389
    10.81000000    -0.02672588
    10.82000000    -0.02648015
    10.83000000    -0.02623666
    10.84000000    -0.02599541
    10.85000000    -0.02575636
    10.86000000    -0.02551951
    10.87000000    -0.02528483
    10.88000000    -0.02505230
    10.89000000    -0.02482190
    10.90000000    -0.02459362
    10.91000000    -0.02436742
    10.92000000    -0.02414331
    10.93000000    -0.02392125
    10.94000000    -0.02370122
    10.95000000    -0.02348322
    10.96000000    -0.02326721
    10.97000000    -0.02305319
    10.98000000    -0.02284113
    10.99000000    -0.02263102
    11.00000000    -0.02242284
    11.01000000    -0.02221657
    11.02000000    -0.02201219
    11.03000000    -0.02180970
    11.04000000    -0.02160906
    11.05000000    -0.02141026
    11.06000000    -0.02121329
    11.07000000    -0.02101813
    11.08000000    -0.02082476
    11.09000000    -0.02063317
    11.10000000    -0.02044334
    11.11000000    -0.02025525
    11.12000000    -0.02006890
    11.13000000    -0.01988425
    11.14000000    -0.01970131
    11.15000000    -0.01952004
    11.16000000    -0.01934044
    11.17000000    -0.01916250
    11.18000000    -0.01898619
    11.19000000    -0.01881150
    11.20000000    -0.01863841
    11.21000000    -0.01846692
    11.22000000    -0.01829701
    11.23000000    -0.01812866
    11.24000000    -0.01796185
    11.25000000    -0.01779658
    11.26000000    -0.01763284
    11.27000000    -0.01747060
    11.28000000    -0.01730985
    11.29000000    -0.01715058
    11.30000000    -0.01699277
    11.31000000    -0.01683642
    11.32000000    -0.01668151
    11.33000000    -0.01652802
    11.34000000    -0.01637595
    11.35000000    -0.01622527
    11.36000000    -0.01607598
    11.37000000    -0.01592807
    11.38000000    -0.01578151
    11.39000000    -0.01563631
    11.40000000    -0.01549244
    11.41000000    -0.01534990
    11.42000000    -0.01520867
    11.43000000    -0.01506874
    11.44000000    -0.01493010
    11.45000000    -0.01479273
    11.46000000    -0.01465663
    11.47000000    -0.01452178
    11.48000000    -0.01438817
    11.49000000    -0.01425580
    11.50000000    -0.01412464
    11.51000000    -0.01399469
    11.52000000    -0.01386594
    11.53000000    -0.01373837
    11.54000000    -0.01361198
    11.55000000    -0.01348675
    11.56000000    -0.01336268
    11.57000000    -0.01323974
    11.58000000    -0.01311794
    11.59000000    -0.01299726
    11.60000000    -0.01287770
    11.61000000    -0.01275923
    11.62000000    -0.01264186
    11.63000000    -0.01252556
    11.64000000    -0.01241034
    11.65000000    -0.01229618
    11.66000000    -0.01218307
    11.67000000    -0.01207100
    11.68000000    -0.01195996
    11.69000000    -0.01184995
    11.70000000    -0.01174095
    11.71000000    -0.01163295
    11.72000000    -0.01152595
    11.73000000    -0.01141994
    11.74000000    -0.01131490
    11.75000000    -0.01121082
    11.76000000    -0.01110771
    11.77000000    -0.01100555
    11.78000000    -0.01090432
    11.79000000    -0.01080403
    11.80000000    -0.01070467
    11.81000000    -0.01060622
    11.82000000    -0.01050867
    11.83000000    -0.01041203
    11.84000000    -0.01031627
    11.85000000    -0.01022140
    11.86000000    -0.01012740
    11.87000000    -0.01003426
    11.88000000    -0.00994199
    11.89000000    -0.00985056
    11.90000000    -0.00975997
    11.91000000    -0.00967022
    11.92000000    -0.00958130
    11.93000000    -0.00949320
    11.94000000    -0.00940590
    11.95000000    -0.00931941
    11.96000000    -0.00923372
    11.97000000    -0.00914882
    11.98000000    -0.00906470
    11.99000000    -0.00898135
    12.00000000    -0.00889877
    12.01000000    -0.00881695
    12.02000000    -0.00873588
    12.03000000    -0.00865557
    12.04000000    -0.00857599
    12.05000000    -0.00849714
    12.06000000    -0.00841902
    12.07000000    -0.00834162
    12.08000000    -0.00826493
    12.09000000    -0.00818895
    12.10000000    -0.00811366
    12.11000000    -0.00803907
    12.12000000    -0.00796517
    12.13000000    -0.00789195
    12.14000000    -0.00781940
    12.15000000    -0.00774752
    12.16000000    -0.00767630
    12.17000000    -0.00760574
    12.18000000    -0.00753582
    12.19000000    -0.00746655
    12.20000000    -0.00739792
    12.21000000    -0.00732992
    12.22000000    -0.00726255
    12.23000000    -0.00719579
    12.24000000    -0.00712965
    12.25000000    -0.00706412
    12.26000000    -0.00699919
    12.27000000    -0.00693486
    12.28000000    -0.00687112
    12.29000000    -0.00680797
    12.30000000    -0.00674540
    12.31000000    -0.00668341
    12.32000000    -0.00662198
    12.33000000    -0.00656112
    12.34000000    -0.00650082
    12.35000000    -0.00644108
    12.36000000    -0.00638188
    12.37000000    -0.00632323
    12.38000000    -0.00626512
    12.39000000    -0.00620755
    12.40000000    -0.00615050
    12.41000000    -0.00609398
    12.42000000    -0.00603798
    12.43000000    -0.00598249
    12.44000000    -0.00592752
    12.45000000    -0.00587305
    12.46000000    -0.00581908
    12.47000000    -0.00576560
    12.48000000    -0.00571262
    12.49000000    -0.00566013
    12.50000000    -0.00560812
    12.51000000    -0.00555658
    12.52000000    -0.00550553
    12.53000000    -0.00545494
    12.54000000    -0.00540481
    12.55000000    -0.00535515
    12.56000000    -0.00530594
    12.57000000    -0.00525719
    12.58000000    -0.00520888
    12.59000000    -0.00516102
    12.60000000    -0.00511360
    12.61000000    -0.00506661
    12.62000000    -0.00502005
    12.63000000    -0.00497393
    12.64000000    -0.00492822
    12.65000000    -0.00488294
    12.66000000    -0.00483808
    12.67000000    -0.00479362
    12.68000000    -0.00474957
    12.69000000    -0.00470593
    12.70000000    -0.00466269
    12.71000000    -0.00461985
    12.72000000    -0.00457740
    12.73000000    -0.00453534
    12.74000000    -0.00449367
    12.75000000    -0.00445238
    12.76000000    -0.00441147
    12.77000000    -0.00437093
    12.78000000    -0.00433077
    12.79000000    -0.00429097
    12.80000000    -0.00425155
    12.81000000    -0.00421248
    12.82000000    -0.00417377
    12.83000000    -0.00413542
    12.84000000    -0.00409742
    12.85000000    -0.00405976
    12.86000000    -0.00402246
    12.87000000    -0.00398550
    12.88000000    -0.00394887
    12.89000000    -0.00391258
    12.90000000    -0.00387663
    12.91000000    -0.00384100
    12.92000000    -0.00380570
    12.93000000    -0.00377073
    12.94000000    -0.00373607
    12.95000000    -0.00370174
    12.96000000    -0.00366772
    12.97000000    -0.00363401
    12.98000000    -0.00360061
    12.99000000    -0.00356752
    13.00000000    -0.00353473
    13.01000000    -0.00350224
    13.02000000    -0.00347005
    13.03000000    -0.00343815
    13.04000000    -0.00340655
    13.05000000    -0.00337523
    13.06000000    -0.00334421
    13.07000000    -0.00331346
    13.08000000    -0.00328300
    13.09000000    -0.00325282
    13.10000000    -0.00322292
    13.11000000    -0.00319329
    13.12000000    -0.00316393
    13.13000000    -0.00313484
    13.14000000    -0.00310601
    13.15000000    -0.00307745
    13.16000000    -0.00304915
    13.17000000    -0.00302111
    13.18000000    -0.00299333
    13.19000000    -0.00296580
    13.20000000    -0.00293853
    13.21000000    -0.00291150
    13.22000000    -0.00288472
    13.23000000    -0.00285819
    13.24000000    -0.00283190
    13.25000000    -0.00280585
    13.26000000    -0.00278003
    13.27000000    -0.00275446
    13.28000000    -0.00272912
    13.29000000    -0.00270401
    13.30000000    -0.00267913
    13.31000000    -0.00265447
    13.32000000    -0.00263005
    13.33000000    -0.00260584
    13.34000000    -0.00258186
    13.35000000    -0.00255809
    13.36000000    -0.00253455
    13.37000000    -0.00251122
    13.38000000    -0.00248810
    13.39000000    -0.00246519
    13.40000000    -0.00244249
    13.41000000    -0.00242000
    13.42000000    -0.00239772
    13.43000000    -0.00237564
    13.44000000    -0.00235376
    13.45000000    -0.00233208
    13.46000000    -0.00231060
    13.47000000    -0.00228931
    13.48000000    -0.00226822
    13.49000000    -0.00224732
    13.50000000    -0.00222661
    13.51000000    -0.00220609
    13.52000000    -0.00218576
    13.53000000    -0.00216561
    13.54000000    -0.00214565
    13.55000000    -0.00212587
    13.56000000    -0.00210627
    13.57000000    -0.00208685
    13.58000000    -0.00206760
    13.59000000    -0.00204853
    13.60000000    -0.00202963
    13.61000000    -0.00201091
    13.62000000    -0.00199236
    13.63000000    -0.00197397
    13.64000000    -0.00195575
    13.65000000    -0.00193770
    13.66000000    -0.00191982
    13.67000000    -0.00190209
    13.68000000    -0.00188453
    13.69000000    -0.00186712
    13.70000000    -0.00184988
    13.71000000    -0.00183279
    13.72000000    -0.00181586
    13.73000000    -0.00179908
    13.74000000    -0.00178245
    13.75000000    -0.00176598
    13.76000000    -0.00174965
    13.77000000    -0.00173347
    13.78000000    -0.00171744
    13.79000000    -0.00170156
    13.80000000    -0.00168581
    13.81000000    -0.00167022
    13.82000000    -0.00165476
    13.83000000    -0.00163944
    13.84000000    -0.00162426
    13.85000000    -0.00160922
    13.86000000    -0.00159432
    13.87000000    -0.00157955
    13.88000000    -0.00156491
    13.89000000    -0.00155041
    13.90000000    -0.00153604
    13.91000000    -0.00152180
    13.92000000    -0.00150769
    13.93000000    -0.00149370
    13.94000000    -0.00147984
    13.95000000    -0.00146611
    13.96000000    -0.00145250
    13.97000000    -0.00143901
    13.98000000    -0.00142565
    13.99000000    -0.00141240
    14.00000000    -0.00139928
    14.01000000    -0.00138627
    14.02000000    -0.00137339
    14.03000000    -0.00136061
    14.04000000    -0.00134796
    14.05000000    -0.00133541
    14.06000000    -0.00132298
    14.07000000    -0.00131066
    14.08000000    -0.00129846
    14.09000000    -0.00128636
    14.10000000    -0.00127437
    14.11000000    -0.00126249
    14.12000000    -0.00125072
    14.13000000    -0.00123905
    14.14000000    -0.00122748
    14.15000000    -0.00121602
    14.16000000    -0.00120467
    14.17000000    -0.00119341
    14.18000000    -0.00118226
    14.19000000    -0.00117120
    14.20000000    -0.00116025
    14.21000000    -0.00114939
    14.22000000    -0.00113863
    14.23000000    -0.00112797
    14.24000000    -0.00111740
    14.25000000    -0.00110693
    14.26000000    -0.00109655
    14.27000000    -0.00108626
    14.28000000    -0.00107606
    14.29000000    -0.00106596
    14.30000000    -0.00105594
    14.31000000    -0.00104602
    14.32000000    -0.00103618
    14.33000000    -0.00102643
    14.34000000    -0.00101677
    14.35000000    -0.00100719
    14.36000000    -0.00099770
    14.37000000    -0.00098829
    14.38000000    -0.00097897
    14.39000000    -0.00096973
    14.40000000    -0.00096057
    14.41000000    -0.00095149
    14.42000000    -0.00094249
    14.43000000    -0.00093357
    14.44000000    -0.00092473
    14.45000000    -0.00091597
    14.46000000    -0.00090729
    14.47000000    -0.00089868
    14.48000000    -0.00089015
    14.49000000    -0.00088169
    14.50000000    -0.00087331
    14.51000000    -0.00086500
    14.52000000    -0.00085676
    14.53000000    -0.00084860
    14.54000000    -0.00084051
    14.55000000    -0.00083249
    14.56000000    -0.00082454
    14.57000000    -0.00081666
    14.58000000    -0.00080885
    14.59000000    -0.00080111
    14.60000000    -0.00079343
    14.61000000    -0.00078582
    14.62000000    -0.00077828
    14.63000000    -0.00077080
    14.64000000    -0.00076339
    14.65000000    -0.00075604
    14.66000000    -0.00074876
    14.67000000    -0.00074154
    14.68000000    -0.00073438
    14.69000000    -0.00072729
    14.70000000    -0.00072025
    14.71000000    -0.00071328
    14.72000000    -0.00070636
    14.73000000    -0.00069951
    14.74000000    -0.00069271
    14.75000000    -0.00068598
    14.76000000    -0.00067930
    14.77000000    -0.00067268
    14.78000000    -0.00066611
    14.79000000    -0.00065961
    14.80000000    -0.00065315
    14.81000000    -0.00064675
    14.82000000    -0.00064041
    14.83000000    -0.00063412
    14.84000000    -0.00062789
    14.85000000    -0.00062170
    14.86000000    -0.00061557
    14.87000000    -0.00060949
    14.88000000    -0.00060347
    14.89000000    -0.00059749
    14.90000000    -0.00059156
    14.91000000    -0.00058569
    14.92000000    -0.00057986
    14.93000000    -0.00057408
    14.94000000    -0.00056835
    14.95000000    -0.00056267
    14.96000000    -0.00055704
    14.97000000    -0.00055145
    14.98000000    -0.00054591
    14.99000000    -0.00054042
    15.00000000    -0.00053497
    15.01000000    -0.00052956
    15.02000000    -0.00052420
    15.03000000    -0.00051889
    15.04000000    -0.00051361
    15.05000000    -0.00050839
    15.06000000    -0.00050320
    15.07000000    -0.00049806
    15.08000000    -0.00049296
    15.09000000    -0.00048790
    15.10000000    -0.00048288
    15.11000000    -0.00047790
    15.12000000    -0.00047296
    15.13000000    -0.00046806
    15.14000000    -0.00046320
    15.15000000    -0.00045839
    15.16000000    -0.00045360
    15.17000000    -0.00044886
    15.18000000    -0.00044416
    15.19000000    -0.00043949
    15.20000000    -0.00043486
    15.21000000    -0.00043026
    15.22000000    -0.00042571
    15.23000000    -0.00042118
    15.24000000    -0.00041670
    15.25000000    -0.00041225
    15.26000000    -0.00040783
    15.27000000    -0.00040345
    15.28000000    -0.00039910
    15.29000000    -0.00039478
    15.30000000    -0.00039050
    15.31000000    -0.00038625
    15.32000000    -0.00038204
    15.33000000    -0.00037785
    15.34000000    -0.00037370
    15.35000000    -0.00036958
    15.36000000    -0.00036549
    15.37000000    -0.00036143
    15.38000000    -0.00035740
    15.39000000    -0.00035340
    15.40000000    -0.00034943
    15.41000000    -0.00034549
    15.42000000    -0.00034158
    15.43000000    -0.00033770
    15.44000000    -0.00033385
    15.45000000    -0.00033002
    15.46000000    -0.00032622
    15.47000000    -0.00032245
    15.48000000    -0.00031871
    15.49000000    -0.00031500
    15.50000000    -0.00031131
    15.51000000    -0.00030764
    15.52000000    -0.00030400
    15.53000000    -0.00030039
    15.54000000    -0.00029681
    15.55000000    -0.00029324
    15.56000000    -0.00028971
    15.57000000    -0.00028619
    15.58000000    -0.00028270
    15.59000000    -0.00027924
    15.60000000    -0.00027580
    15.61000000    -0.00027238
    15.62000000    -0.00026898
    15.63000000    -0.00026561
    15.64000000    -0.00026226
    15.65000000    -0.00025893
    15.66000000    -0.00025562
    15.67000000    -0.00025234
    15.68000000    -0.00024907
    15.69000000    -0.00024583
    15.70000000    -0.00024261
    15.71000000    -0.00023941
    15.72000000    -0.00023622
    15.73000000    -0.00023306
    15.74000000    -0.00022992
    15.75000000    -0.00022680
    15.76000000    -0.00022369
    15.77000000    -0.00022061
    15.78000000    -0.00021754
    15.79000000    -0.00021449
    15.80000000    -0.00021146
    15.81000000    -0.00020845
    15.82000000    -0.00020545
    15.83000000    -0.00020247
    15.84000000    -0.00019951
    15.85000000    -0.00019657
    15.86000000    -0.00019364
    15.87000000    -0.00019073
    15.88000000    -0.00018783
    15.89000000    -0.00018495
    15.90000000    -0.00018209
    15.91000000    -0.00017924
    15.92000000    -0.00017641
    15.93000000    -0.00017359
    15.94000000    -0.00017078
    15.95000000    -0.00016799
    15.96000000    -0.00016522
    15.97000000    -0.00016245
    15.98000000    -0.00015970
    15.99000000    -0.00015697
    16.00000000    -0.00015425
    16.01000000    -0.00015154
    16.02000000    -0.00014884
    16.03000000    -0.00014616
    16.04000000    -0.00014349
    16.05000000    -0.00014083
    16.06000000    -0.00013818
    16.07000000    -0.00013554
    16.08000000    -0.00013292
    16.09000000    -0.00013030
    16.10000000    -0.00012770
    16.11000000    -0.00012511
    16.12000000    -0.00012253
    16.13000000    -0.00011996
    16.14000000    -0.00011739
    16.15000000    -0.00011484
    16.16000000    -0.00011230
    16.17000000    -0.00010977
    16.18000000    -0.00010725
    16.19000000    -0.00010473
    16.20000000    -0.00010223
    16.21000000    -0.00009973
    16.22000000    -0.00009724
    16.23000000    -0.00009476
    16.24000000    -0.00009229
    16.25000000    -0.00008982
    16.26000000    -0.00008737
    16.27000000    -0.00008492
    16.28000000    -0.00008247
    16.29000000    -0.00008004
    16.30000000    -0.00007761
    16.31000000    -0.00007519
    16.32000000    -0.00007277
    16.33000000    -0.00007036
    16.34000000    -0.00006796
    16.35000000    -0.00006556
    16.36000000    -0.00006316
    16.37000000    -0.00006078
    16.38000000    -0.00005839
    16.39000000    -0.00005602
    16.40000000    -0.00005364
    16.41000000    -0.00005128
    16.42000000    -0.00004891
    16.43000000    -0.00004655
    16.44000000    -0.00004419
    16.45000000    -0.00004184
    16.46000000    -0.00003949
    16.47000000    -0.00003715
    16.48000000    -0.00003480
    16.49000000    -0.00003247
    16.50000000    -0.00003013
    16.51000000    -0.00002779
    16.52000000    -0.00002546
    16.53000000    -0.00002313
    16.54000000    -0.00002080
    16.55000000    -0.00001848
    16.56000000    -0.00001615
    16.57000000    -0.00001383
    16.58000000    -0.00001151
    16.59000000    -0.00000919
    16.60000000    -0.00000687
    16.61000000    -0.00000455
    16.62000000    -0.00000223
    16.63000000     0.00000000
    16.64000000     0.00000000
    16.65000000     0.00000000
    16.66000000     0.00000000
    16.67000000     0.00000000
    16.68000000     0.00000000
    16.69000000     0.00000000
    16.70000000     0.00000000
    16.71000000     0.00000000
    16.72000000     0.00000000
    16.73000000     0.00000000
    16.74000000     0.00000000
    16.75000000     0.00000000
    16.76000000     0.00000000
    16.77000000     0.00000000
    16.78000000     0.00000000
    16.79000000     0.00000000
    16.80000000     0.00000000
    16.81000000     0.00000000
    16.82000000     0.00000000
    16.83000000     0.00000000
    16.84000000     0.00000000
    16.85000000     0.00000000
    16.86000000     0.00000000
    16.87000000     0.00000000
    16.88000000     0.00000000
    16.89000000     0.00000000
    16.90000000     0.00000000
    16.91000000     0.00000000
    16.92000000     0.00000000
    16.93000000     0.00000000
    16.94000000     0.00000000
    16.95000000     0.00000000
    16.96000000     0.00000000
    16.97000000     0.00000000
    16.98000000     0.00000000
    16.99000000     0.00000000
    17.00000000     0.00000000
    17.01000000     0.00000000
    17.02000000     0.00000000
    17.03000000     0.00000000
    17.04000000     0.00000000
    17.05000000     0.00000000
    17.06000000     0.00000000
    17.07000000     0.00000000
    17.08000000     0.00000000
    17.09000000     0.00000000
    17.10000000     0.00000000
    17.11000000     0.00000000
    17.12000000     0.00000000
    17.13000000     0.00000000
    17.14000000     0.00000000
    17.15000000     0.00000000
    17.16000000     0.00000000
    17.17000000     0.00000000
    17.18000000     0.00000000
    17.19000000     0.00000000
    17.20000000     0.00000000
    17.21000000     0.00000000
    17.22000000     0.00000000
    17.23000000     0.00000000
    17.24000000     0.00000000
    17.25000000     0.00000000
    17.26000000     0.00000000
    17.27000000     0.00000000
    17.28000000     0.00000000
    17.29000000     0.00000000
    17.30000000     0.00000000
    17.31000000     0.00000000
    17.32000000     0.00000000
    17.33000000     0.00000000
    17.34000000     0.00000000
    17.35000000     0.00000000
    17.36000000     0.00000000
    17.37000000     0.00000000
    17.38000000     0.00000000
    17.39000000     0.00000000
    17.40000000     0.00000000
    17.41000000     0.00000000
    17.42000000     0.00000000
    17.43000000     0.00000000
    17.44000000     0.00000000
    17.45000000     0.00000000
    17.46000000     0.00000000
    17.47000000     0.00000000
    17.48000000     0.00000000
    17.49000000     0.00000000
    17.50000000     0.00000000
    17.51000000     0.00000000
    17.52000000     0.00000000
    17.53000000     0.00000000
    17.54000000     0.00000000
    17.55000000     0.00000000
    17.56000000     0.00000000
    17.57000000     0.00000000
    17.58000000     0.00000000
    17.59000000     0.00000000
    17.60000000     0.00000000
    17.61000000     0.00000000
    17.62000000     0.00000000
    17.63000000     0.00000000
    17.64000000     0.00000000
    17.65000000     0.00000000
    17.66000000     0.00000000
    17.67000000     0.00000000
    17.68000000     0.00000000
    17.69000000     0.00000000
    17.70000000     0.00000000
    17.71000000     0.00000000
    17.72000000     0.00000000
    17.73000000     0.00000000
    17.74000000     0.00000000
    17.75000000     0.00000000
    17.76000000     0.00000000
    17.77000000     0.00000000
    17.78000000     0.00000000
    17.79000000     0.00000000
    17.80000000     0.00000000
    17.81000000     0.00000000
    17.82000000     0.00000000
    17.83000000     0.00000000
    17.84000000     0.00000000
    17.85000000     0.00000000
    17.86000000     0.00000000
    17.87000000     0.00000000
    17.88000000     0.00000000
    17.89000000     0.00000000
    17.90000000     0.00000000
    17.91000000     0.00000000
    17.92000000     0.00000000
    17.93000000     0.00000000
    17.94000000     0.00000000
    17.95000000     0.00000000
    17.96000000     0.00000000
    17.97000000     0.00000000
    17.98000000     0.00000000
    17.99000000     0.00000000
    18.00000000     0.00000000
    18.01000000     0.00000000
    18.02000000     0.00000000
    18.03000000     0.00000000
    18.04000000     0.00000000
    18.05000000     0.00000000
    18.06000000     0.00000000
    18.07000000     0.00000000
    18.08000000     0.00000000
    18.09000000     0.00000000
    18.10000000     0.00000000
    18.11000000     0.00000000
    18.12000000     0.00000000
    18.13000000     0.00000000
    18.14000000     0.00000000
    18.15000000     0.00000000
    18.16000000     0.00000000
    18.17000000     0.00000000
    18.18000000     0.00000000
    18.19000000     0.00000000
    18.20000000     0.00000000
    18.21000000     0.00000000
    18.22000000     0.00000000
    18.23000000     0.00000000
    18.24000000     0.00000000
    18.25000000     0.00000000
    18.26000000     0.00000000
    18.27000000     0.00000000
    18.28000000     0.00000000
    18.29000000     0.00000000
    18.30000000     0.00000000
    18.31000000     0.00000000
    18.32000000     0.00000000
    18.33000000     0.00000000
    18.34000000     0.00000000
    18.35000000     0.00000000
    18.36000000     0.00000000
    18.37000000     0.00000000
    18.38000000     0.00000000
    18.39000000     0.00000000
    18.40000000     0.00000000
    18.41000000     0.00000000
    18.42000000     0.00000000
    18.43000000     0.00000000
    18.44000000     0.00000000
    18.45000000     0.00000000
    18.46000000     0.00000000
    18.47000000     0.00000000
    18.48000000     0.00000000
    18.49000000     0.00000000
    18.50000000     0.00000000
    18.51000000     0.00000000
    18.52000000     0.00000000
    18.53000000     0.00000000
    18.54000000     0.00000000
    18.55000000     0.00000000
    18.56000000     0.00000000
    18.57000000     0.00000000
    18.58000000     0.00000000
    18.59000000     0.00000000
    18.60000000     0.00000000
    18.61000000     0.00000000
    18.62000000     0.00000000
    18.63000000     0.00000000
    18.64000000     0.00000000
    18.65000000     0.00000000
    18.66000000     0.00000000
    18.67000000     0.00000000
    18.68000000     0.00000000
    18.69000000     0.00000000
    18.70000000     0.00000000
    18.71000000     0.00000000
    18.72000000     0.00000000
    18.73000000     0.00000000
    18.74000000     0.00000000
    18.75000000     0.00000000
    18.76000000     0.00000000
    18.77000000     0.00000000
    18.78000000     0.00000000
    18.79000000     0.00000000
    18.80000000     0.00000000
    18.81000000     0.00000000
    18.82000000     0.00000000
    18.83000000     0.00000000
    18.84000000     0.00000000
    18.85000000     0.00000000
    18.86000000     0.00000000
    18.87000000     0.00000000
    18.88000000     0.00000000
    18.89000000     0.00000000
    18.90000000     0.00000000
    18.91000000     0.00000000
    18.92000000     0.00000000
    18.93000000     0.00000000
    18.94000000     0.00000000
    18.95000000     0.00000000
    18.96000000     0.00000000
    18.97000000     0.00000000
    18.98000000     0.00000000
    18.99000000     0.00000000
    19.00000000     0.00000000
    19.01000000     0.00000000
    19.02000000     0.00000000
    19.03000000     0.00000000
    19.04000000     0.00000000
    19.05000000     0.00000000
    19.06000000     0.00000000
    19.07000000     0.00000000
    19.08000000     0.00000000
    19.09000000     0.00000000
    19.10000000     0.00000000
    19.11000000     0.00000000
    19.12000000     0.00000000
    19.13000000     0.00000000
    19.14000000     0.00000000
    19.15000000     0.00000000
    19.16000000     0.00000000
    19.17000000     0.00000000
    19.18000000     0.00000000
    19.19000000     0.00000000
    19.20000000     0.00000000
    19.21000000     0.00000000
    19.22000000     0.00000000
    19.23000000     0.00000000
    19.24000000     0.00000000
    19.25000000     0.00000000
    19.26000000     0.00000000
    19.27000000     0.00000000
    19.28000000     0.00000000
    19.29000000     0.00000000
    19.30000000     0.00000000
    19.31000000     0.00000000
    19.32000000     0.00000000
    19.33000000     0.00000000
    19.34000000     0.00000000
    19.35000000     0.00000000
    19.36000000     0.00000000
    19.37000000     0.00000000
    19.38000000     0.00000000
    19.39000000     0.00000000
    19.40000000     0.00000000
    19.41000000     0.00000000
    19.42000000     0.00000000
    19.43000000     0.00000000
    19.44000000     0.00000000
    19.45000000     0.00000000
    19.46000000     0.00000000
    19.47000000     0.00000000
    19.48000000     0.00000000
    19.49000000     0.00000000
    19.50000000     0.00000000
    19.51000000     0.00000000
    19.52000000     0.00000000
    19.53000000     0.00000000
    19.54000000     0.00000000
    19.55000000     0.00000000
    19.56000000     0.00000000
    19.57000000     0.00000000
    19.58000000     0.00000000
    19.59000000     0.00000000
    19.60000000     0.00000000
    19.61000000     0.00000000
    19.62000000     0.00000000
    19.63000000     0.00000000
    19.64000000     0.00000000
    19.65000000     0.00000000
    19.66000000     0.00000000
    19.67000000     0.00000000
    19.68000000     0.00000000
    19.69000000     0.00000000
    19.70000000     0.00000000
    19.71000000     0.00000000
    19.72000000     0.00000000
    19.73000000     0.00000000
    19.74000000     0.00000000
    19.75000000     0.00000000
    19.76000000     0.00000000
    19.77000000     0.00000000
    19.78000000     0.00000000
    19.79000000     0.00000000
    19.80000000     0.00000000
    19.81000000     0.00000000
    19.82000000     0.00000000
    19.83000000     0.00000000
    19.84000000     0.00000000
    19.85000000     0.00000000
    19.86000000     0.00000000
    19.87000000     0.00000000
    19.88000000     0.00000000
    19.89000000     0.00000000
    19.90000000     0.00000000
    19.91000000     0.00000000
    19.92000000     0.00000000
    19.93000000     0.00000000
    19.94000000     0.00000000
    19.95000000     0.00000000
    19.96000000     0.00000000
    19.97000000     0.00000000
    19.98000000     0.00000000
    19.99000000     0.00000000
    20.00000000     0.00000000
    20.01000000     0.00000000
    20.02000000     0.00000000
    20.03000000     0.00000000
    20.04000000     0.00000000
    20.05000000     0.00000000
    20.06000000     0.00000000
    20.07000000     0.00000000
    20.08000000     0.00000000
    20.09000000     0.00000000
    20.10000000     0.00000000
    20.11000000     0.00000000
    20.12000000     0.00000000
    20.13000000     0.00000000
    20.14000000     0.00000000
    20.15000000     0.00000000
    20.16000000     0.00000000
    20.17000000     0.00000000
    20.18000000     0.00000000
    20.19000000     0.00000000
    20.20000000     0.00000000
    20.21000000     0.00000000
    20.22000000     0.00000000
    20.23000000     0.00000000
    20.24000000     0.00000000
    20.25000000     0.00000000
    20.26000000     0.00000000
    20.27000000     0.00000000
    20.28000000     0.00000000
    20.29000000     0.00000000
    20.30000000     0.00000000
    20.31000000     0.00000000
    20.32000000     0.00000000
    20.33000000     0.00000000
    20.34000000     0.00000000
    20.35000000     0.00000000
    20.36000000     0.00000000
    20.37000000     0.00000000
    20.38000000     0.00000000
    20.39000000     0.00000000
    20.40000000     0.00000000
    20.41000000     0.00000000
    20.42000000     0.00000000
    20.43000000     0.00000000
    20.44000000     0.00000000
    20.45000000     0.00000000
    20.46000000     0.00000000
    20.47000000     0.00000000
    20.48000000     0.00000000
    20.49000000     0.00000000
    20.50000000     0.00000000
    20.51000000     0.00000000
    20.52000000     0.00000000
    20.53000000     0.00000000
    20.54000000     0.00000000
    20.55000000     0.00000000
    20.56000000     0.00000000
    20.57000000     0.00000000
    20.58000000     0.00000000
    20.59000000     0.00000000
    20.60000000     0.00000000
    20.61000000     0.00000000
    20.62000000     0.00000000
    20.63000000     0.00000000
    20.64000000     0.00000000
    20.65000000     0.00000000
    20.66000000     0.00000000
    20.67000000     0.00000000
    20.68000000     0.00000000
    20.69000000     0.00000000
    20.70000000     0.00000000
    20.71000000     0.00000000
    20.72000000     0.00000000
    20.73000000     0.00000000
    20.74000000     0.00000000
    20.75000000     0.00000000
    20.76000000     0.00000000
    20.77000000     0.00000000
    20.78000000     0.00000000
    20.79000000     0.00000000
    20.80000000     0.00000000
    20.81000000     0.00000000
    20.82000000     0.00000000
    20.83000000     0.00000000
    20.84000000     0.00000000
    20.85000000     0.00000000
    20.86000000     0.00000000
    20.87000000     0.00000000
    20.88000000     0.00000000
    20.89000000     0.00000000
    20.90000000     0.00000000
    20.91000000     0.00000000
    20.92000000     0.00000000
    20.93000000     0.00000000
    20.94000000     0.00000000
    20.95000000     0.00000000
    20.96000000     0.00000000
    20.97000000     0.00000000
    20.98000000     0.00000000
    20.99000000     0.00000000
    21.00000000     0.00000000
    21.01000000     0.00000000
    21.02000000     0.00000000
    21.03000000     0.00000000
    21.04000000     0.00000000
    21.05000000     0.00000000
    21.06000000     0.00000000
    21.07000000     0.00000000
    21.08000000     0.00000000
    21.09000000     0.00000000
    21.10000000     0.00000000
    21.11000000     0.00000000
    21.12000000     0.00000000
    21.13000000     0.00000000
    21.14000000     0.00000000
    21.15000000     0.00000000
    21.16000000     0.00000000
    21.17000000     0.00000000
    21.18000000     0.00000000
    21.19000000     0.00000000
    21.20000000     0.00000000
    21.21000000     0.00000000
    21.22000000     0.00000000
    21.23000000     0.00000000
    21.24000000     0.00000000
    21.25000000     0.00000000
    21.26000000     0.00000000
    21.27000000     0.00000000
    21.28000000     0.00000000
    21.29000000     0.00000000
    21.30000000     0.00000000
    21.31000000     0.00000000
    21.32000000     0.00000000
    21.33000000     0.00000000
    21.34000000     0.00000000
    21.35000000     0.00000000
    21.36000000     0.00000000
    21.37000000     0.00000000
    21.38000000     0.00000000
    21.39000000     0.00000000
    21.40000000     0.00000000
    21.41000000     0.00000000
    21.42000000     0.00000000
    21.43000000     0.00000000
    21.44000000     0.00000000
    21.45000000     0.00000000
    21.46000000     0.00000000
    21.47000000     0.00000000
    21.48000000     0.00000000
    21.49000000     0.00000000
    21.50000000     0.00000000
    21.51000000     0.00000000
    21.52000000     0.00000000
    21.53000000     0.00000000
    21.54000000     0.00000000
    21.55000000     0.00000000
    21.56000000     0.00000000
    21.57000000     0.00000000
    21.58000000     0.00000000
    21.59000000     0.00000000
    21.60000000     0.00000000
    21.61000000     0.00000000
    21.62000000     0.00000000
    21.63000000     0.00000000
    21.64000000     0.00000000
    21.65000000     0.00000000
    21.66000000     0.00000000
    21.67000000     0.00000000
    21.68000000     0.00000000
    21.69000000     0.00000000
    21.70000000     0.00000000
    21.71000000     0.00000000
    21.72000000     0.00000000
    21.73000000     0.00000000
    21.74000000     0.00000000
    21.75000000     0.00000000
    21.76000000     0.00000000
    21.77000000     0.00000000
    21.78000000     0.00000000
    21.79000000     0.00000000
    21.80000000     0.00000000
    21.81000000     0.00000000
    21.82000000     0.00000000
    21.83000000     0.00000000
    21.84000000     0.00000000
    21.85000000     0.00000000
    21.86000000     0.00000000
    21.87000000     0.00000000
    21.88000000     0.00000000
    21.89000000     0.00000000
    21.90000000     0.00000000
    21.91000000     0.00000000
    21.92000000     0.00000000
    21.93000000     0.00000000
    21.94000000     0.00000000
    21.95000000     0.00000000
    21.96000000     0.00000000
    21.97000000     0.00000000
    21.98000000     0.00000000
    21.99000000     0.00000000
    22.00000000     0.00000000
    22.01000000     0.00000000
    22.02000000     0.00000000
    22.03000000     0.00000000
    22.04000000     0.00000000
    22.05000000     0.00000000
    22.06000000     0.00000000
    22.07000000     0.00000000
    22.08000000     0.00000000
    22.09000000     0.00000000
    22.10000000     0.00000000
    22.11000000     0.00000000
    22.12000000     0.00000000
    22.13000000     0.00000000
    22.14000000     0.00000000
    22.15000000     0.00000000
    22.16000000     0.00000000
    22.17000000     0.00000000
    22.18000000     0.00000000
    22.19000000     0.00000000
    22.20000000     0.00000000
    22.21000000     0.00000000
    22.22000000     0.00000000
    22.23000000     0.00000000
    22.24000000     0.00000000
    22.25000000     0.00000000
    22.26000000     0.00000000
    22.27000000     0.00000000
    22.28000000     0.00000000
    22.29000000     0.00000000
    22.30000000     0.00000000
    22.31000000     0.00000000
    22.32000000     0.00000000
    22.33000000     0.00000000
    22.34000000     0.00000000
    22.35000000     0.00000000
    22.36000000     0.00000000
    22.37000000     0.00000000
    22.38000000     0.00000000
    22.39000000     0.00000000
    22.40000000     0.00000000
    22.41000000     0.00000000
    22.42000000     0.00000000
    22.43000000     0.00000000
    22.44000000     0.00000000
    22.45000000     0.00000000
    22.46000000     0.00000000
    22.47000000     0.00000000
    22.48000000     0.00000000
    22.49000000     0.00000000
    22.50000000     0.00000000
    22.51000000     0.00000000
    22.52000000     0.00000000
    22.53000000     0.00000000
    22.54000000     0.00000000
    22.55000000     0.00000000
    22.56000000     0.00000000
    22.57000000     0.00000000
    22.58000000     0.00000000
    22.59000000     0.00000000
    22.60000000     0.00000000
    22.61000000     0.00000000
    22.62000000     0.00000000
    22.63000000     0.00000000
    22.64000000     0.00000000
    22.65000000     0.00000000
    22.66000000     0.00000000
    22.67000000     0.00000000
    22.68000000     0.00000000
    22.69000000     0.00000000
    22.70000000     0.00000000
    22.71000000     0.00000000
    22.72000000     0.00000000
    22.73000000     0.00000000
    22.74000000     0.00000000
    22.75000000     0.00000000
    22.76000000     0.00000000
    22.77000000     0.00000000
    22.78000000     0.00000000
    22.79000000     0.00000000
    22.80000000     0.00000000
    22.81000000     0.00000000
    22.82000000     0.00000000
    22.83000000     0.00000000
    22.84000000     0.00000000
    22.85000000     0.00000000
    22.86000000     0.00000000
    22.87000000     0.00000000
    22.88000000     0.00000000
    22.89000000     0.00000000
    22.90000000     0.00000000
    22.91000000     0.00000000
    22.92000000     0.00000000
    22.93000000     0.00000000
    22.94000000     0.00000000
    22.95000000     0.00000000
    22.96000000     0.00000000
    22.97000000     0.00000000
    22.98000000     0.00000000
    22.99000000     0.00000000
    23.00000000     0.00000000
    23.01000000     0.00000000
    23.02000000     0.00000000
    23.03000000     0.00000000
    23.04000000     0.00000000
    23.05000000     0.00000000
    23.06000000     0.00000000
    23.07000000     0.00000000
    23.08000000     0.00000000
    23.09000000     0.00000000
    23.10000000     0.00000000
    23.11000000     0.00000000
    23.12000000     0.00000000
    23.13000000     0.00000000
    23.14000000     0.00000000
    23.15000000     0.00000000
    23.16000000     0.00000000
    23.17000000     0.00000000
    23.18000000     0.00000000
    23.19000000     0.00000000
    23.20000000     0.00000000
    23.21000000     0.00000000
    23.22000000     0.00000000
    23.23000000     0.00000000
    23.24000000     0.00000000
    23.25000000     0.00000000
    23.26000000     0.00000000
    23.27000000     0.00000000
    23.28000000     0.00000000
    23.29000000     0.00000000
    23.30000000     0.00000000
    23.31000000     0.00000000
    23.32000000     0.00000000
    23.33000000     0.00000000
    23.34000000     0.00000000
    23.35000000     0.00000000
    23.36000000     0.00000000
    23.37000000     0.00000000
    23.38000000     0.00000000
    23.39000000     0.00000000
    23.40000000     0.00000000
    23.41000000     0.00000000
    23.42000000     0.00000000
    23.43000000     0.00000000
    23.44000000     0.00000000
    23.45000000     0.00000000
    23.46000000     0.00000000
    23.47000000     0.00000000
    23.48000000     0.00000000
    23.49000000     0.00000000
    23.50000000     0.00000000
    23.51000000     0.00000000
    23.52000000     0.00000000
    23.53000000     0.00000000
    23.54000000     0.00000000
    23.55000000     0.00000000
    23.56000000     0.00000000
    23.57000000     0.00000000
    23.58000000     0.00000000
    23.59000000     0.00000000
    23.60000000     0.00000000
    23.61000000     0.00000000
    23.62000000     0.00000000
    23.63000000     0.00000000
    23.64000000     0.00000000
    23.65000000     0.00000000
    23.66000000     0.00000000
    23.67000000     0.00000000
    23.68000000     0.00000000
    23.69000000     0.00000000
    23.70000000     0.00000000
    23.71000000     0.00000000
    23.72000000     0.00000000
    23.73000000     0.00000000
    23.74000000     0.00000000
    23.75000000     0.00000000
    23.76000000     0.00000000
    23.77000000     0.00000000
    23.78000000     0.00000000
    23.79000000     0.00000000
    23.80000000     0.00000000
    23.81000000     0.00000000
    23.82000000     0.00000000
    23.83000000     0.00000000
    23.84000000     0.00000000
    23.85000000     0.00000000
    23.86000000     0.00000000
    23.87000000     0.00000000
    23.88000000     0.00000000
    23.89000000     0.00000000
    23.90000000     0.00000000
    23.91000000     0.00000000
    23.92000000     0.00000000
    23.93000000     0.00000000
    23.94000000     0.00000000
    23.95000000     0.00000000
    23.96000000     0.00000000
    23.97000000     0.00000000
    23.98000000     0.00000000
    23.99000000     0.00000000
    24.00000000     0.00000000
    24.01000000     0.00000000
    24.02000000     0.00000000
    24.03000000     0.00000000
    24.04000000     0.00000000
    24.05000000     0.00000000
    24.06000000     0.00000000
    24.07000000     0.00000000
    24.08000000     0.00000000
    24.09000000     0.00000000
    24.10000000     0.00000000
    24.11000000     0.00000000
    24.12000000     0.00000000
    24.13000000     0.00000000
    24.14000000     0.00000000
    24.15000000     0.00000000
    24.16000000     0.00000000
    24.17000000     0.00000000
    24.18000000     0.00000000
    24.19000000     0.00000000
    24.20000000     0.00000000
    24.21000000     0.00000000
    24.22000000     0.00000000
    24.23000000     0.00000000
    24.24000000     0.00000000
    24.25000000     0.00000000
    24.26000000     0.00000000
    24.27000000     0.00000000
    24.28000000     0.00000000
    24.29000000     0.00000000
    24.30000000     0.00000000
    24.31000000     0.00000000
    24.32000000     0.00000000
    24.33000000     0.00000000
    24.34000000     0.00000000
    24.35000000     0.00000000
    24.36000000     0.00000000
    24.37000000     0.00000000
    24.38000000     0.00000000
    24.39000000     0.00000000
    24.40000000     0.00000000
    24.41000000     0.00000000
    24.42000000     0.00000000
    24.43000000     0.00000000
    24.44000000     0.00000000
    24.45000000     0.00000000
    24.46000000     0.00000000
    24.47000000     0.00000000
    24.48000000     0.00000000
    24.49000000     0.00000000
    24.50000000     0.00000000
    24.51000000     0.00000000
    24.52000000     0.00000000
    24.53000000     0.00000000
    24.54000000     0.00000000
    24.55000000     0.00000000
    24.56000000     0.00000000
    24.57000000     0.00000000
    24.58000000     0.00000000
    24.59000000     0.00000000
    24.60000000     0.00000000
    24.61000000     0.00000000
    24.62000000     0.00000000
    24.63000000     0.00000000
    24.64000000     0.00000000
    24.65000000     0.00000000
    24.66000000     0.00000000
    24.67000000     0.00000000
    24.68000000     0.00000000
    24.69000000     0.00000000
    24.70000000     0.00000000
    24.71000000     0.00000000
    24.72000000     0.00000000
    24.73000000     0.00000000
    24.74000000     0.00000000
    24.75000000     0.00000000
    24.76000000     0.00000000
    24.77000000     0.00000000
    24.78000000     0.00000000
    24.79000000     0.00000000
    24.80000000     0.00000000
    24.81000000     0.00000000
    24.82000000     0.00000000
    24.83000000     0.00000000
    24.84000000     0.00000000
    24.85000000     0.00000000
    24.86000000     0.00000000
    24.87000000     0.00000000
    24.88000000     0.00000000
    24.89000000     0.00000000
    24.90000000     0.00000000
    24.91000000     0.00000000
    24.92000000     0.00000000
    24.93000000     0.00000000
    24.94000000     0.00000000
    24.95000000     0.00000000
    24.96000000     0.00000000
    24.97000000     0.00000000
    24.98000000     0.00000000
    24.99000000     0.00000000
    25.00000000     0.00000000
    25.01000000     0.00000000
    25.02000000     0.00000000
    25.03000000     0.00000000
    25.04000000     0.00000000
    25.05000000     0.00000000
    25.06000000     0.00000000
    25.07000000     0.00000000
    25.08000000     0.00000000
    25.09000000     0.00000000
    25.10000000     0.00000000
    25.11000000     0.00000000
    25.12000000     0.00000000
    25.13000000     0.00000000
    25.14000000     0.00000000
    25.15000000     0.00000000
    25.16000000     0.00000000
    25.17000000     0.00000000
    25.18000000     0.00000000
    25.19000000     0.00000000
    25.20000000     0.00000000
    25.21000000     0.00000000
    25.22000000     0.00000000
    25.23000000     0.00000000
    25.24000000     0.00000000
    25.25000000     0.00000000
    25.26000000     0.00000000
    25.27000000     0.00000000
    25.28000000     0.00000000
    25.29000000     0.00000000
    25.30000000     0.00000000
    25.31000000     0.00000000
    25.32000000     0.00000000
    25.33000000     0.00000000
    25.34000000     0.00000000
    25.35000000     0.00000000
    25.36000000     0.00000000
    25.37000000     0.00000000
    25.38000000     0.00000000
    25.39000000     0.00000000
    25.40000000     0.00000000
    25.41000000     0.00000000
    25.42000000     0.00000000
    25.43000000     0.00000000
    25.44000000     0.00000000
    25.45000000     0.00000000
    25.46000000     0.00000000
    25.47000000     0.00000000
    25.48000000     0.00000000
    25.49000000     0.00000000
    25.50000000     0.00000000
    25.51000000     0.00000000
    25.52000000     0.00000000
    25.53000000     0.00000000
    25.54000000     0.00000000
    25.55000000     0.00000000
    25.56000000     0.00000000
    25.57000000     0.00000000
    25.58000000     0.00000000
    25.59000000     0.00000000
    25.60000000     0.00000000
    25.61000000     0.00000000
    25.62000000     0.00000000
    25.63000000     0.00000000
    25.64000000     0.00000000
    25.65000000     0.00000000
    25.66000000     0.00000000
    25.67000000     0.00000000
    25.68000000     0.00000000
    25.69000000     0.00000000
    25.70000000     0.00000000
    25.71000000     0.00000000
    25.72000000     0.00000000
    25.73000000     0.00000000
    25.74000000     0.00000000
    25.75000000     0.00000000
    25.76000000     0.00000000
    25.77000000     0.00000000
    25.78000000     0.00000000
    25.79000000     0.00000000
    25.80000000     0.00000000
    25.81000000     0.00000000
    25.82000000     0.00000000
    25.83000000     0.00000000
    25.84000000     0.00000000
    25.85000000     0.00000000
    25.86000000     0.00000000
    25.87000000     0.00000000
    25.88000000     0.00000000
    25.89000000     0.00000000
    25.90000000     0.00000000
    25.91000000     0.00000000
    25.92000000     0.00000000
    25.93000000     0.00000000
    25.94000000     0.00000000
    25.95000000     0.00000000
    25.96000000     0.00000000
    25.97000000     0.00000000
    25.98000000     0.00000000
    25.99000000     0.00000000
    26.00000000     0.00000000
    26.01000000     0.00000000
    26.02000000     0.00000000
    26.03000000     0.00000000
    26.04000000     0.00000000
    26.05000000     0.00000000
    26.06000000     0.00000000
    26.07000000     0.00000000
    26.08000000     0.00000000
    26.09000000     0.00000000
    26.10000000     0.00000000
    26.11000000     0.00000000
    26.12000000     0.00000000
    26.13000000     0.00000000
    26.14000000     0.00000000
    26.15000000     0.00000000
    26.16000000     0.00000000
    26.17000000     0.00000000
    26.18000000     0.00000000
    26.19000000     0.00000000
    26.20000000     0.00000000
    26.21000000     0.00000000
    26.22000000     0.00000000
    26.23000000     0.00000000
    26.24000000     0.00000000
    26.25000000     0.00000000
    26.26000000     0.00000000
    26.27000000     0.00000000
    26.28000000     0.00000000
    26.29000000     0.00000000
    26.30000000     0.00000000
    26.31000000     0.00000000
    26.32000000     0.00000000
    26.33000000     0.00000000
    26.34000000     0.00000000
    26.35000000     0.00000000
    26.36000000     0.00000000
    26.37000000     0.00000000
    26.38000000     0.00000000
    26.39000000     0.00000000
    26.40000000     0.00000000
    26.41000000     0.00000000
    26.42000000     0.00000000
    26.43000000     0.00000000
    26.44000000     0.00000000
    26.45000000     0.00000000
    26.46000000     0.00000000
    26.47000000     0.00000000
    26.48000000     0.00000000
    26.49000000     0.00000000
    26.50000000     0.00000000
    26.51000000     0.00000000
    26.52000000     0.00000000
    26.53000000     0.00000000
    26.54000000     0.00000000
    26.55000000     0.00000000
    26.56000000     0.00000000
    26.57000000     0.00000000
    26.58000000     0.00000000
    26.59000000     0.00000000
    26.60000000     0.00000000
    26.61000000     0.00000000
    26.62000000     0.00000000
    26.63000000     0.00000000
    26.64000000     0.00000000
    26.65000000     0.00000000
    26.66000000     0.00000000
    26.67000000     0.00000000
    26.68000000     0.00000000
    26.69000000     0.00000000
    26.70000000     0.00000000
    26.71000000     0.00000000
    26.72000000     0.00000000
    26.73000000     0.00000000
    26.74000000     0.00000000
    26.75000000     0.00000000
    26.76000000     0.00000000
    26.77000000     0.00000000
    26.78000000     0.00000000
    26.79000000     0.00000000
    26.80000000     0.00000000
    26.81000000     0.00000000
    26.82000000     0.00000000
    26.83000000     0.00000000
    26.84000000     0.00000000
    26.85000000     0.00000000
    26.86000000     0.00000000
    26.87000000     0.00000000
    26.88000000     0.00000000
    26.89000000     0.00000000
    26.90000000     0.00000000
    26.91000000     0.00000000
    26.92000000     0.00000000
    26.93000000     0.00000000
    26.94000000     0.00000000
    26.95000000     0.00000000
    26.96000000     0.00000000
    26.97000000     0.00000000
    26.98000000     0.00000000
    26.99000000     0.00000000
    27.00000000     0.00000000
    27.01000000     0.00000000
    27.02000000     0.00000000
    27.03000000     0.00000000
    27.04000000     0.00000000
    27.05000000     0.00000000
    27.06000000     0.00000000
    27.07000000     0.00000000
    27.08000000     0.00000000
    27.09000000     0.00000000
    27.10000000     0.00000000
    27.11000000     0.00000000
    27.12000000     0.00000000
    27.13000000     0.00000000
    27.14000000     0.00000000
    27.15000000     0.00000000
    27.16000000     0.00000000
    27.17000000     0.00000000
    27.18000000     0.00000000
    27.19000000     0.00000000
    27.20000000     0.00000000
    27.21000000     0.00000000
    27.22000000     0.00000000
    27.23000000     0.00000000
    27.24000000     0.00000000
    27.25000000     0.00000000
    27.26000000     0.00000000
    27.27000000     0.00000000
    27.28000000     0.00000000
    27.29000000     0.00000000
    27.30000000     0.00000000
    27.31000000     0.00000000
    27.32000000     0.00000000
    27.33000000     0.00000000
    27.34000000     0.00000000
    27.35000000     0.00000000
    27.36000000     0.00000000
    27.37000000     0.00000000
    27.38000000     0.00000000
    27.39000000     0.00000000
    27.40000000     0.00000000
    27.41000000     0.00000000
    27.42000000     0.00000000
    27.43000000     0.00000000
    27.44000000     0.00000000
    27.45000000     0.00000000
    27.46000000     0.00000000
    27.47000000     0.00000000
    27.48000000     0.00000000
    27.49000000     0.00000000
    27.50000000     0.00000000
    27.51000000     0.00000000
    27.52000000     0.00000000
    27.53000000     0.00000000
    27.54000000     0.00000000
    27.55000000     0.00000000
    27.56000000     0.00000000
    27.57000000     0.00000000
    27.58000000     0.00000000
    27.59000000     0.00000000
    27.60000000     0.00000000
    27.61000000     0.00000000
    27.62000000     0.00000000
    27.63000000     0.00000000
    27.64000000     0.00000000
    27.65000000     0.00000000
    27.66000000     0.00000000
    27.67000000     0.00000000
    27.68000000     0.00000000
    27.69000000     0.00000000
    27.70000000     0.00000000
    27.71000000     0.00000000
    27.72000000     0.00000000
    27.73000000     0.00000000
    27.74000000     0.00000000
    27.75000000     0.00000000
    27.76000000     0.00000000
    27.77000000     0.00000000
    27.78000000     0.00000000
    27.79000000     0.00000000
    27.80000000     0.00000000
    27.81000000     0.00000000
    27.82000000     0.00000000
    27.83000000     0.00000000
    27.84000000     0.00000000
    27.85000000     0.00000000
    27.86000000     0.00000000
    27.87000000     0.00000000
    27.88000000     0.00000000
    27.89000000     0.00000000
    27.90000000     0.00000000
    27.91000000     0.00000000
    27.92000000     0.00000000
    27.93000000     0.00000000
    27.94000000     0.00000000
    27.95000000     0.00000000
    27.96000000     0.00000000
    27.97000000     0.00000000
    27.98000000     0.00000000
    27.99000000     0.00000000
    28.00000000     0.00000000
    28.01000000     0.00000000
    28.02000000     0.00000000
    28.03000000     0.00000000
    28.04000000     0.00000000
    28.05000000     0.00000000
    28.06000000     0.00000000
    28.07000000     0.00000000
    28.08000000     0.00000000
    28.09000000     0.00000000
    28.10000000     0.00000000
    28.11000000     0.00000000
    28.12000000     0.00000000
    28.13000000     0.00000000
    28.14000000     0.00000000
    28.15000000     0.00000000
    28.16000000     0.00000000
    28.17000000     0.00000000
    28.18000000     0.00000000
    28.19000000     0.00000000
    28.20000000     0.00000000
    28.21000000     0.00000000
    28.22000000     0.00000000
    28.23000000     0.00000000
    28.24000000     0.00000000
    28.25000000     0.00000000
    28.26000000     0.00000000
    28.27000000     0.00000000
    28.28000000     0.00000000
    28.29000000     0.00000000
    28.30000000     0.00000000
    28.31000000     0.00000000
    28.32000000     0.00000000
    28.33000000     0.00000000
    28.34000000     0.00000000
    28.35000000     0.00000000
    28.36000000     0.00000000
    28.37000000     0.00000000
    28.38000000     0.00000000
    28.39000000     0.00000000
    28.40000000     0.00000000
    28.41000000     0.00000000
    28.42000000     0.00000000
    28.43000000     0.00000000
    28.44000000     0.00000000
    28.45000000     0.00000000
    28.46000000     0.00000000
    28.47000000     0.00000000
    28.48000000     0.00000000
    28.49000000     0.00000000
    28.50000000     0.00000000
    28.51000000     0.00000000
    28.52000000     0.00000000
    28.53000000     0.00000000
    28.54000000     0.00000000
    28.55000000     0.00000000
    28.56000000     0.00000000
    28.57000000     0.00000000
    28.58000000     0.00000000
    28.59000000     0.00000000
    28.60000000     0.00000000
    28.61000000     0.00000000
    28.62000000     0.00000000
    28.63000000     0.00000000
    28.64000000     0.00000000
    28.65000000     0.00000000
    28.66000000     0.00000000
    28.67000000     0.00000000
    28.68000000     0.00000000
    28.69000000     0.00000000
    28.70000000     0.00000000
    28.71000000     0.00000000
    28.72000000     0.00000000
    28.73000000     0.00000000
    28.74000000     0.00000000
    28.75000000     0.00000000
    28.76000000     0.00000000
    28.77000000     0.00000000
    28.78000000     0.00000000
    28.79000000     0.00000000
    28.80000000     0.00000000
    28.81000000     0.00000000
    28.82000000     0.00000000
    28.83000000     0.00000000
    28.84000000     0.00000000
    28.85000000     0.00000000
    28.86000000     0.00000000
    28.87000000     0.00000000
    28.88000000     0.00000000
    28.89000000     0.00000000
    28.90000000     0.00000000
    28.91000000     0.00000000
    28.92000000     0.00000000
    28.93000000     0.00000000
    28.94000000     0.00000000
    28.95000000     0.00000000
    28.96000000     0.00000000
    28.97000000     0.00000000
    28.98000000     0.00000000
    28.99000000     0.00000000
    29.00000000     0.00000000
    29.01000000     0.00000000
    29.02000000     0.00000000
    29.03000000     0.00000000
    29.04000000     0.00000000
    29.05000000     0.00000000
    29.06000000     0.00000000
    29.07000000     0.00000000
    29.08000000     0.00000000
    29.09000000     0.00000000
    29.10000000     0.00000000
    29.11000000     0.00000000
    29.12000000     0.00000000
    29.13000000     0.00000000
    29.14000000     0.00000000
    29.15000000     0.00000000
    29.16000000     0.00000000
    29.17000000     0.00000000
    29.18000000     0.00000000
    29.19000000     0.00000000
    29.20000000     0.00000000
    29.21000000     0.00000000
    29.22000000     0.00000000
    29.23000000     0.00000000
    29.24000000     0.00000000
    29.25000000     0.00000000
    29.26000000     0.00000000
    29.27000000     0.00000000
    29.28000000     0.00000000
    29.29000000     0.00000000
    29.30000000     0.00000000
    29.31000000     0.00000000
    29.32000000     0.00000000
    29.33000000     0.00000000
    29.34000000     0.00000000
    29.35000000     0.00000000
    29.36000000     0.00000000
    29.37000000     0.00000000
    29.38000000     0.00000000
    29.39000000     0.00000000
    29.40000000     0.00000000
    29.41000000     0.00000000
    29.42000000     0.00000000
    29.43000000     0.00000000
    29.44000000     0.00000000
    29.45000000     0.00000000
    29.46000000     0.00000000
    29.47000000     0.00000000
    29.48000000     0.00000000
    29.49000000     0.00000000
    29.50000000     0.00000000
    29.51000000     0.00000000
    29.52000000     0.00000000
    29.53000000     0.00000000
    29.54000000     0.00000000
    29.55000000     0.00000000
    29.56000000     0.00000000
    29.57000000     0.00000000
    29.58000000     0.00000000
    29.59000000     0.00000000
    29.60000000     0.00000000
    29.61000000     0.00000000
    29.62000000     0.00000000
    29.63000000     0.00000000
    29.64000000     0.00000000
    29.65000000     0.00000000
    29.66000000     0.00000000
    29.67000000     0.00000000
    29.68000000     0.00000000
    29.69000000     0.00000000
    29.70000000     0.00000000
    29.71000000     0.00000000
    29.72000000     0.00000000
    29.73000000     0.00000000
    29.74000000     0.00000000
    29.75000000     0.00000000
    29.76000000     0.00000000
    29.77000000     0.00000000
    29.78000000     0.00000000
    29.79000000     0.00000000
    29.80000000     0.00000000
    29.81000000     0.00000000
    29.82000000     0.00000000
    29.83000000     0.00000000
    29.84000000     0.00000000
    29.85000000     0.00000000
    29.86000000     0.00000000
    29.87000000     0.00000000
    29.88000000     0.00000000
    29.89000000     0.00000000
    29.90000000     0.00000000
    29.91000000     0.00000000
    29.92000000     0.00000000
    29.93000000     0.00000000
    29.94000000     0.00000000
    29.95000000     0.00000000
    29.96000000     0.00000000
    29.97000000     0.00000000
    29.98000000     0.00000000
    29.99000000     0.00000000
