#nl2j    1    1    3
     0.01000000     0.00000688
     0.02000000     0.00002631
     0.03000000     0.00005895
     0.04000000     0.00010468
     0.05000000     0.00016350
     0.06000000     0.00023538
     0.07000000     0.00032034
     0.08000000     0.00041836
     0.09000000     0.00052944
     0.10000000     0.00065357
     0.11000000     0.00079075
     0.12000000     0.00094096
     0.13000000     0.00110421
     0.14000000     0.00128049
     0.15000000     0.00146978
     0.16000000     0.00167208
     0.17000000     0.00188738
     0.18000000     0.00211567
     0.19000000     0.00235694
     0.20000000     0.00261118
     0.21000000     0.00287837
     0.22000000     0.00315851
     0.23000000     0.00345158
     0.24000000     0.00375757
     0.25000000     0.00407646
     0.26000000     0.00440824
     0.27000000     0.00475289
     0.28000000     0.00511040
     0.29000000     0.00548076
     0.30000000     0.00586394
     0.31000000     0.00625992
     0.32000000     0.00666870
     0.33000000     0.00709024
     0.34000000     0.00752454
     0.35000000     0.00797157
     0.36000000     0.00843131
     0.37000000     0.00890374
     0.38000000     0.00938883
     0.39000000     0.00988657
     0.40000000     0.01039694
     0.41000000     0.01091991
     0.42000000     0.01145545
     0.43000000     0.01200354
     0.44000000     0.01256416
     0.45000000     0.01313728
     0.46000000     0.01372287
     0.47000000     0.01432092
     0.48000000     0.01493138
     0.49000000     0.01555423
     0.50000000     0.01618945
     0.51000000     0.01683700
     0.52000000     0.01749685
     0.53000000     0.01816898
     0.54000000     0.01885336
     0.55000000     0.01954994
     0.56000000     0.02025871
     0.57000000     0.02097962
     0.58000000     0.02171265
     0.59000000     0.02245776
     0.60000000     0.02321492
     0.61000000     0.02398409
     0.62000000     0.02476523
     0.63000000     0.02555832
     0.64000000     0.02636331
     0.65000000     0.02718017
     0.66000000     0.02800886
     0.67000000     0.02884934
     0.68000000     0.02970157
     0.69000000     0.03056552
     0.70000000     0.03144115
     0.71000000     0.03232841
     0.72000000     0.03322726
     0.73000000     0.03413766
     0.74000000     0.03505958
     0.75000000     0.03599296
     0.76000000     0.03693777
     0.77000000     0.03789396
     0.78000000     0.03886149
     0.79000000     0.03984032
     0.80000000     0.04083039
     0.81000000     0.04183166
     0.82000000     0.04284409
     0.83000000     0.04386764
     0.84000000     0.04490224
     0.85000000     0.04594786
     0.86000000     0.04700445
     0.87000000     0.04807196
     0.88000000     0.04915034
     0.89000000     0.05023954
     0.90000000     0.05133951
     0.91000000     0.05245019
     0.92000000     0.05357155
     0.93000000     0.05470352
     0.94000000     0.05584606
     0.95000000     0.05699911
     0.96000000     0.05816262
     0.97000000     0.05933653
     0.98000000     0.06052080
     0.99000000     0.06171536
     1.00000000     0.06292016
     1.01000000     0.06413515
     1.02000000     0.06536026
     1.03000000     0.06659545
     1.04000000     0.06784066
     1.05000000     0.06909583
     1.06000000     0.07036089
     1.07000000     0.07163580
     1.08000000     0.07292049
     1.09000000     0.07421491
     1.10000000     0.07551899
     1.11000000     0.07683268
     1.12000000     0.07815590
     1.13000000     0.07948862
     1.14000000     0.08083075
     1.15000000     0.08218224
     1.16000000     0.08354302
     1.17000000     0.08491304
     1.18000000     0.08629223
     1.19000000     0.08768052
     1.20000000     0.08907786
     1.21000000     0.09048417
     1.22000000     0.09189940
     1.23000000     0.09332347
     1.24000000     0.09475632
     1.25000000     0.09619789
     1.26000000     0.09764810
     1.27000000     0.09910689
     1.28000000     0.10057420
     1.29000000     0.10204995
     1.30000000     0.10353407
     1.31000000     0.10502650
     1.32000000     0.10652717
     1.33000000     0.10803601
     1.34000000     0.10955295
     1.35000000     0.11107791
     1.36000000     0.11261083
     1.37000000     0.11415163
     1.38000000     0.11570025
     1.39000000     0.11725661
     1.40000000     0.11882064
     1.41000000     0.12039226
     1.42000000     0.12197141
     1.43000000     0.12355801
     1.44000000     0.12515199
     1.45000000     0.12675327
     1.46000000     0.12836177
     1.47000000     0.12997743
     1.48000000     0.13160016
     1.49000000     0.13322990
     1.50000000     0.13486656
     1.51000000     0.13651007
     1.52000000     0.13816035
     1.53000000     0.13981733
     1.54000000     0.14148092
     1.55000000     0.14315106
     1.56000000     0.14482766
     1.57000000     0.14651064
     1.58000000     0.14819993
     1.59000000     0.14989545
     1.60000000     0.15159711
     1.61000000     0.15330484
     1.62000000     0.15501855
     1.63000000     0.15673818
     1.64000000     0.15846363
     1.65000000     0.16019483
     1.66000000     0.16193169
     1.67000000     0.16367413
     1.68000000     0.16542208
     1.69000000     0.16717545
     1.70000000     0.16893415
     1.71000000     0.17069811
     1.72000000     0.17246725
     1.73000000     0.17424147
     1.74000000     0.17602070
     1.75000000     0.17780485
     1.76000000     0.17959383
     1.77000000     0.18138758
     1.78000000     0.18318599
     1.79000000     0.18498898
     1.80000000     0.18679648
     1.81000000     0.18860839
     1.82000000     0.19042464
     1.83000000     0.19224512
     1.84000000     0.19406977
     1.85000000     0.19589848
     1.86000000     0.19773119
     1.87000000     0.19956779
     1.88000000     0.20140820
     1.89000000     0.20325234
     1.90000000     0.20510012
     1.91000000     0.20695146
     1.92000000     0.20880625
     1.93000000     0.21066442
     1.94000000     0.21252588
     1.95000000     0.21439054
     1.96000000     0.21625831
     1.97000000     0.21812910
     1.98000000     0.22000283
     1.99000000     0.22187940
     2.00000000     0.22375873
     2.01000000     0.22564072
     2.02000000     0.22752530
     2.03000000     0.22941236
     2.04000000     0.23130182
     2.05000000     0.23319359
     2.06000000     0.23508757
     2.07000000     0.23698369
     2.08000000     0.23888184
     2.09000000     0.24078194
     2.10000000     0.24268390
     2.11000000     0.24458763
     2.12000000     0.24649303
     2.13000000     0.24840001
     2.14000000     0.25030849
     2.15000000     0.25221837
     2.16000000     0.25412956
     2.17000000     0.25604197
     2.18000000     0.25795551
     2.19000000     0.25987009
     2.20000000     0.26178561
     2.21000000     0.26370198
     2.22000000     0.26561912
     2.23000000     0.26753692
     2.24000000     0.26945530
     2.25000000     0.27137416
     2.26000000     0.27329342
     2.27000000     0.27521298
     2.28000000     0.27713275
     2.29000000     0.27905263
     2.30000000     0.28097253
     2.31000000     0.28289237
     2.32000000     0.28481204
     2.33000000     0.28673146
     2.34000000     0.28865053
     2.35000000     0.29056916
     2.36000000     0.29248726
     2.37000000     0.29440473
     2.38000000     0.29632148
     2.39000000     0.29823743
     2.40000000     0.30015247
     2.41000000     0.30206651
     2.42000000     0.30397947
     2.43000000     0.30589124
     2.44000000     0.30780173
     2.45000000     0.30971086
     2.46000000     0.31161853
     2.47000000     0.31352465
     2.48000000     0.31542911
     2.49000000     0.31733184
     2.50000000     0.31923274
     2.51000000     0.32113171
     2.52000000     0.32302867
     2.53000000     0.32492351
     2.54000000     0.32681616
     2.55000000     0.32870650
     2.56000000     0.33059446
     2.57000000     0.33247994
     2.58000000     0.33436285
     2.59000000     0.33624309
     2.60000000     0.33812058
     2.61000000     0.33999521
     2.62000000     0.34186691
     2.63000000     0.34373557
     2.64000000     0.34560111
     2.65000000     0.34746342
     2.66000000     0.34932243
     2.67000000     0.35117804
     2.68000000     0.35303016
     2.69000000     0.35487869
     2.70000000     0.35672354
     2.71000000     0.35856463
     2.72000000     0.36040186
     2.73000000     0.36223515
     2.74000000     0.36406439
     2.75000000     0.36588950
     2.76000000     0.36771039
     2.77000000     0.36952697
     2.78000000     0.37133914
     2.79000000     0.37314683
     2.80000000     0.37494993
     2.81000000     0.37674836
     2.82000000     0.37854202
     2.83000000     0.38033084
     2.84000000     0.38211471
     2.85000000     0.38389355
     2.86000000     0.38566727
     2.87000000     0.38743578
     2.88000000     0.38919899
     2.89000000     0.39095682
     2.90000000     0.39270917
     2.91000000     0.39445596
     2.92000000     0.39619710
     2.93000000     0.39793250
     2.94000000     0.39966207
     2.95000000     0.40138573
     2.96000000     0.40310339
     2.97000000     0.40481496
     2.98000000     0.40652036
     2.99000000     0.40821949
     3.00000000     0.40991228
     3.01000000     0.41159863
     3.02000000     0.41327846
     3.03000000     0.41495169
     3.04000000     0.41661823
     3.05000000     0.41827799
     3.06000000     0.41993089
     3.07000000     0.42157685
     3.08000000     0.42321578
     3.09000000     0.42484759
     3.10000000     0.42647221
     3.11000000     0.42808955
     3.12000000     0.42969952
     3.13000000     0.43130204
     3.14000000     0.43289704
     3.15000000     0.43448443
     3.16000000     0.43606412
     3.17000000     0.43763604
     3.18000000     0.43920010
     3.19000000     0.44075622
     3.20000000     0.44230432
     3.21000000     0.44384432
     3.22000000     0.44537615
     3.23000000     0.44689971
     3.24000000     0.44841494
     3.25000000     0.44992175
     3.26000000     0.45142006
     3.27000000     0.45290979
     3.28000000     0.45439087
     3.29000000     0.45586322
     3.30000000     0.45732676
     3.31000000     0.45878142
     3.32000000     0.46022711
     3.33000000     0.46166376
     3.34000000     0.46309130
     3.35000000     0.46450964
     3.36000000     0.46591872
     3.37000000     0.46731846
     3.38000000     0.46870878
     3.39000000     0.47008961
     3.40000000     0.47146088
     3.41000000     0.47282251
     3.42000000     0.47417443
     3.43000000     0.47551656
     3.44000000     0.47684885
     3.45000000     0.47817120
     3.46000000     0.47948356
     3.47000000     0.48078585
     3.48000000     0.48207800
     3.49000000     0.48335995
     3.50000000     0.48463161
     3.51000000     0.48589292
     3.52000000     0.48714382
     3.53000000     0.48838424
     3.54000000     0.48961410
     3.55000000     0.49083334
     3.56000000     0.49204189
     3.57000000     0.49323969
     3.58000000     0.49442667
     3.59000000     0.49560277
     3.60000000     0.49676791
     3.61000000     0.49792204
     3.62000000     0.49906509
     3.63000000     0.50019700
     3.64000000     0.50131770
     3.65000000     0.50242714
     3.66000000     0.50352524
     3.67000000     0.50461195
     3.68000000     0.50568721
     3.69000000     0.50675095
     3.70000000     0.50780312
     3.71000000     0.50884366
     3.72000000     0.50987250
     3.73000000     0.51088959
     3.74000000     0.51189487
     3.75000000     0.51288828
     3.76000000     0.51386977
     3.77000000     0.51483928
     3.78000000     0.51579675
     3.79000000     0.51674213
     3.80000000     0.51767537
     3.81000000     0.51859640
     3.82000000     0.51950517
     3.83000000     0.52040164
     3.84000000     0.52128575
     3.85000000     0.52215744
     3.86000000     0.52301667
     3.87000000     0.52386339
     3.88000000     0.52469754
     3.89000000     0.52551907
     3.90000000     0.52632794
     3.91000000     0.52712409
     3.92000000     0.52790749
     3.93000000     0.52867807
     3.94000000     0.52943580
     3.95000000     0.53018063
     3.96000000     0.53091251
     3.97000000     0.53163140
     3.98000000     0.53233725
     3.99000000     0.53303002
     4.00000000     0.53370966
     4.01000000     0.53437614
     4.02000000     0.53502942
     4.03000000     0.53566944
     4.04000000     0.53629617
     4.05000000     0.53690957
     4.06000000     0.53750961
     4.07000000     0.53809623
     4.08000000     0.53866941
     4.09000000     0.53922911
     4.10000000     0.53977528
     4.11000000     0.54030790
     4.12000000     0.54082692
     4.13000000     0.54133232
     4.14000000     0.54182406
     4.15000000     0.54230211
     4.16000000     0.54276642
     4.17000000     0.54321698
     4.18000000     0.54365375
     4.19000000     0.54407670
     4.20000000     0.54448579
     4.21000000     0.54488101
     4.22000000     0.54526231
     4.23000000     0.54562968
     4.24000000     0.54598308
     4.25000000     0.54632249
     4.26000000     0.54664789
     4.27000000     0.54695924
     4.28000000     0.54725653
     4.29000000     0.54753973
     4.30000000     0.54780882
     4.31000000     0.54806377
     4.32000000     0.54830456
     4.33000000     0.54853117
     4.34000000     0.54874359
     4.35000000     0.54894179
     4.36000000     0.54912576
     4.37000000     0.54929547
     4.38000000     0.54945092
     4.39000000     0.54959207
     4.40000000     0.54971893
     4.41000000     0.54983147
     4.42000000     0.54992967
     4.43000000     0.55001354
     4.44000000     0.55008304
     4.45000000     0.55013818
     4.46000000     0.55017894
     4.47000000     0.55020531
     4.48000000     0.55021728
     4.49000000     0.55021484
     4.50000000     0.55019799
     4.51000000     0.55016672
     4.52000000     0.55012101
     4.53000000     0.55006087
     4.54000000     0.54998630
     4.55000000     0.54989728
     4.56000000     0.54979381
     4.57000000     0.54967590
     4.58000000     0.54954353
     4.59000000     0.54939672
     4.60000000     0.54923546
     4.61000000     0.54905974
     4.62000000     0.54886958
     4.63000000     0.54866498
     4.64000000     0.54844593
     4.65000000     0.54821245
     4.66000000     0.54796453
     4.67000000     0.54770219
     4.68000000     0.54742543
     4.69000000     0.54713426
     4.70000000     0.54682868
     4.71000000     0.54650871
     4.72000000     0.54617435
     4.73000000     0.54582563
     4.74000000     0.54546254
     4.75000000     0.54508510
     4.76000000     0.54469333
     4.77000000     0.54428723
     4.78000000     0.54386683
     4.79000000     0.54343215
     4.80000000     0.54298318
     4.81000000     0.54251997
     4.82000000     0.54204252
     4.83000000     0.54155085
     4.84000000     0.54104498
     4.85000000     0.54052494
     4.86000000     0.53999075
     4.87000000     0.53944242
     4.88000000     0.53888000
     4.89000000     0.53830349
     4.90000000     0.53771292
     4.91000000     0.53710833
     4.92000000     0.53648973
     4.93000000     0.53585716
     4.94000000     0.53521065
     4.95000000     0.53455022
     4.96000000     0.53387591
     4.97000000     0.53318775
     4.98000000     0.53248577
     4.99000000     0.53177001
     5.00000000     0.53104050
     5.01000000     0.53029727
     5.02000000     0.52954036
     5.03000000     0.52876982
     5.04000000     0.52798567
     5.05000000     0.52718795
     5.06000000     0.52637672
     5.07000000     0.52555200
     5.08000000     0.52471384
     5.09000000     0.52386228
     5.10000000     0.52299736
     5.11000000     0.52211914
     5.12000000     0.52122765
     5.13000000     0.52032295
     5.14000000     0.51940507
     5.15000000     0.51847407
     5.16000000     0.51752999
     5.17000000     0.51657289
     5.18000000     0.51560282
     5.19000000     0.51461983
     5.20000000     0.51362397
     5.21000000     0.51261529
     5.22000000     0.51159386
     5.23000000     0.51055972
     5.24000000     0.50951293
     5.25000000     0.50845355
     5.26000000     0.50738163
     5.27000000     0.50629725
     5.28000000     0.50520044
     5.29000000     0.50409129
     5.30000000     0.50296985
     5.31000000     0.50183617
     5.32000000     0.50069034
     5.33000000     0.49953240
     5.34000000     0.49836243
     5.35000000     0.49718049
     5.36000000     0.49598665
     5.37000000     0.49478098
     5.38000000     0.49356355
     5.39000000     0.49233442
     5.40000000     0.49109367
     5.41000000     0.48984137
     5.42000000     0.48857759
     5.43000000     0.48730240
     5.44000000     0.48601589
     5.45000000     0.48471813
     5.46000000     0.48340918
     5.47000000     0.48208914
     5.48000000     0.48075807
     5.49000000     0.47941606
     5.50000000     0.47806318
     5.51000000     0.47669952
     5.52000000     0.47532516
     5.53000000     0.47394018
     5.54000000     0.47254467
     5.55000000     0.47113870
     5.56000000     0.46972237
     5.57000000     0.46829576
     5.58000000     0.46685895
     5.59000000     0.46541204
     5.60000000     0.46395511
     5.61000000     0.46248825
     5.62000000     0.46101155
     5.63000000     0.45952511
     5.64000000     0.45802901
     5.65000000     0.45652334
     5.66000000     0.45500821
     5.67000000     0.45348370
     5.68000000     0.45194992
     5.69000000     0.45040695
     5.70000000     0.44885489
     5.71000000     0.44729384
     5.72000000     0.44572390
     5.73000000     0.44414517
     5.74000000     0.44255774
     5.75000000     0.44096172
     5.76000000     0.43935722
     5.77000000     0.43774432
     5.78000000     0.43612314
     5.79000000     0.43449377
     5.80000000     0.43285633
     5.81000000     0.43121092
     5.82000000     0.42955764
     5.83000000     0.42789660
     5.84000000     0.42622790
     5.85000000     0.42455167
     5.86000000     0.42286799
     5.87000000     0.42117699
     5.88000000     0.41947877
     5.89000000     0.41777345
     5.90000000     0.41606113
     5.91000000     0.41434193
     5.92000000     0.41261596
     5.93000000     0.41088333
     5.94000000     0.40914416
     5.95000000     0.40739856
     5.96000000     0.40564665
     5.97000000     0.40388854
     5.98000000     0.40212435
     5.99000000     0.40035419
     6.00000000     0.39857819
     6.01000000     0.39679646
     6.02000000     0.39500912
     6.03000000     0.39321629
     6.04000000     0.39141808
     6.05000000     0.38961463
     6.06000000     0.38780604
     6.07000000     0.38599244
     6.08000000     0.38417396
     6.09000000     0.38235071
     6.10000000     0.38052281
     6.11000000     0.37869039
     6.12000000     0.37685358
     6.13000000     0.37501249
     6.14000000     0.37316725
     6.15000000     0.37131798
     6.16000000     0.36946482
     6.17000000     0.36760787
     6.18000000     0.36574728
     6.19000000     0.36388317
     6.20000000     0.36201565
     6.21000000     0.36014486
     6.22000000     0.35827093
     6.23000000     0.35639398
     6.24000000     0.35451414
     6.25000000     0.35263153
     6.26000000     0.35074629
     6.27000000     0.34885854
     6.28000000     0.34696841
     6.29000000     0.34507603
     6.30000000     0.34318153
     6.31000000     0.34128503
     6.32000000     0.33938666
     6.33000000     0.33748656
     6.34000000     0.33558484
     6.35000000     0.33368165
     6.36000000     0.33177711
     6.37000000     0.32987134
     6.38000000     0.32796448
     6.39000000     0.32605665
     6.40000000     0.32414799
     6.41000000     0.32223862
     6.42000000     0.32032867
     6.43000000     0.31841828
     6.44000000     0.31650756
     6.45000000     0.31459665
     6.46000000     0.31268568
     6.47000000     0.31077477
     6.48000000     0.30886405
     6.49000000     0.30695365
     6.50000000     0.30504370
     6.51000000     0.30313432
     6.52000000     0.30122565
     6.53000000     0.29931780
     6.54000000     0.29741091
     6.55000000     0.29550510
     6.56000000     0.29360049
     6.57000000     0.29169722
     6.58000000     0.28979541
     6.59000000     0.28789517
     6.60000000     0.28599665
     6.61000000     0.28409995
     6.62000000     0.28220521
     6.63000000     0.28031254
     6.64000000     0.27842207
     6.65000000     0.27653393
     6.66000000     0.27464822
     6.67000000     0.27276508
     6.68000000     0.27088462
     6.69000000     0.26900696
     6.70000000     0.26713223
     6.71000000     0.26526053
     6.72000000     0.26339199
     6.73000000     0.26152673
     6.74000000     0.25966486
     6.75000000     0.25780649
     6.76000000     0.25595174
     6.77000000     0.25410073
     6.78000000     0.25225356
     6.79000000     0.25041035
     6.80000000     0.24857122
     6.81000000     0.24673627
     6.82000000     0.24490561
     6.83000000     0.24307935
     6.84000000     0.24125760
     6.85000000     0.23944047
     6.86000000     0.23762806
     6.87000000     0.23582048
     6.88000000     0.23401783
     6.89000000     0.23222021
     6.90000000     0.23042773
     6.91000000     0.22864049
     6.92000000     0.22685859
     6.93000000     0.22508212
     6.94000000     0.22331119
     6.95000000     0.22154590
     6.96000000     0.21978633
     6.97000000     0.21803258
     6.98000000     0.21628475
     6.99000000     0.21454293
     7.00000000     0.21280721
     7.01000000     0.21107767
     7.02000000     0.20935442
     7.03000000     0.20763753
     7.04000000     0.20592709
     7.05000000     0.20422318
     7.06000000     0.20252590
     7.07000000     0.20083531
     7.08000000     0.19915152
     7.09000000     0.19747458
     7.10000000     0.19580458
     7.11000000     0.19414161
     7.12000000     0.19248572
     7.13000000     0.19083701
     7.14000000     0.18919553
     7.15000000     0.18756137
     7.16000000     0.18593459
     7.17000000     0.18431526
     7.18000000     0.18270345
     7.19000000     0.18109923
     7.20000000     0.17950266
     7.21000000     0.17791379
     7.22000000     0.17633271
     7.23000000     0.17475945
     7.24000000     0.17319409
     7.25000000     0.17163668
     7.26000000     0.17008728
     7.27000000     0.16854593
     7.28000000     0.16701270
     7.29000000     0.16548764
     7.30000000     0.16397079
     7.31000000     0.16246220
     7.32000000     0.16096192
     7.33000000     0.15947000
     7.34000000     0.15798648
     7.35000000     0.15651140
     7.36000000     0.15504480
     7.37000000     0.15358673
     7.38000000     0.15213722
     7.39000000     0.15069630
     7.40000000     0.14926402
     7.41000000     0.14784040
     7.42000000     0.14642548
     7.43000000     0.14501928
     7.44000000     0.14362185
     7.45000000     0.14223320
     7.46000000     0.14085336
     7.47000000     0.13948236
     7.48000000     0.13812022
     7.49000000     0.13676696
     7.50000000     0.13542260
     7.51000000     0.13408716
     7.52000000     0.13276065
     7.53000000     0.13144311
     7.54000000     0.13013453
     7.55000000     0.12883493
     7.56000000     0.12754433
     7.57000000     0.12626273
     7.58000000     0.12499015
     7.59000000     0.12372659
     7.60000000     0.12247205
     7.61000000     0.12122655
     7.62000000     0.11999008
     7.63000000     0.11876265
     7.64000000     0.11754427
     7.65000000     0.11633492
     7.66000000     0.11513461
     7.67000000     0.11394334
     7.68000000     0.11276109
     7.69000000     0.11158788
     7.70000000     0.11042368
     7.71000000     0.10926849
     7.72000000     0.10812231
     7.73000000     0.10698512
     7.74000000     0.10585691
     7.75000000     0.10473767
     7.76000000     0.10362739
     7.77000000     0.10252604
     7.78000000     0.10143363
     7.79000000     0.10035011
     7.80000000     0.09927549
     7.81000000     0.09820974
     7.82000000     0.09715284
     7.83000000     0.09610477
     7.84000000     0.09506551
     7.85000000     0.09403504
     7.86000000     0.09301332
     7.87000000     0.09200034
     7.88000000     0.09099606
     7.89000000     0.09000047
     7.90000000     0.08901354
     7.91000000     0.08803523
     7.92000000     0.08706551
     7.93000000     0.08610437
     7.94000000     0.08515175
     7.95000000     0.08420765
     7.96000000     0.08327201
     7.97000000     0.08234480
     7.98000000     0.08142600
     7.99000000     0.08051556
     8.00000000     0.07961346
     8.01000000     0.07871965
     8.02000000     0.07783410
     8.03000000     0.07695677
     8.04000000     0.07608762
     8.05000000     0.07522661
     8.06000000     0.07437370
     8.07000000     0.07352885
     8.08000000     0.07269203
     8.09000000     0.07186318
     8.10000000     0.07104227
     8.11000000     0.07022926
     8.12000000     0.06942410
     8.13000000     0.06862674
     8.14000000     0.06783716
     8.15000000     0.06705529
     8.16000000     0.06628109
     8.17000000     0.06551453
     8.18000000     0.06475555
     8.19000000     0.06400411
     8.20000000     0.06326016
     8.21000000     0.06252366
     8.22000000     0.06179455
     8.23000000     0.06107279
     8.24000000     0.06035834
     8.25000000     0.05965114
     8.26000000     0.05895115
     8.27000000     0.05825832
     8.28000000     0.05757259
     8.29000000     0.05689393
     8.30000000     0.05622228
     8.31000000     0.05555759
     8.32000000     0.05489981
     8.33000000     0.05424889
     8.34000000     0.05360479
     8.35000000     0.05296745
     8.36000000     0.05233682
     8.37000000     0.05171286
     8.38000000     0.05109550
     8.39000000     0.05048471
     8.40000000     0.04988043
     8.41000000     0.04928261
     8.42000000     0.04869120
     8.43000000     0.04810615
     8.44000000     0.04752741
     8.45000000     0.04695492
     8.46000000     0.04638864
     8.47000000     0.04582852
     8.48000000     0.04527451
     8.49000000     0.04472655
     8.50000000     0.04418459
     8.51000000     0.04364859
     8.52000000     0.04311849
     8.53000000     0.04259425
     8.54000000     0.04207581
     8.55000000     0.04156312
     8.56000000     0.04105613
     8.57000000     0.04055480
     8.58000000     0.04005907
     8.59000000     0.03956889
     8.60000000     0.03908421
     8.61000000     0.03860499
     8.62000000     0.03813117
     8.63000000     0.03766271
     8.64000000     0.03719955
     8.65000000     0.03674166
     8.66000000     0.03628896
     8.67000000     0.03584143
     8.68000000     0.03539901
     8.69000000     0.03496166
     8.70000000     0.03452931
     8.71000000     0.03410194
     8.72000000     0.03367949
     8.73000000     0.03326191
     8.74000000     0.03284915
     8.75000000     0.03244117
     8.76000000     0.03203793
     8.77000000     0.03163937
     8.78000000     0.03124545
     8.79000000     0.03085613
     8.80000000     0.03047135
     8.81000000     0.03009108
     8.82000000     0.02971526
     8.83000000     0.02934385
     8.84000000     0.02897682
     8.85000000     0.02861411
     8.86000000     0.02825567
     8.87000000     0.02790148
     8.88000000     0.02755147
     8.89000000     0.02720562
     8.90000000     0.02686387
     8.91000000     0.02652618
     8.92000000     0.02619252
     8.93000000     0.02586284
     8.94000000     0.02553709
     8.95000000     0.02521524
     8.96000000     0.02489724
     8.97000000     0.02458305
     8.98000000     0.02427264
     8.99000000     0.02396597
     9.00000000     0.02366298
     9.01000000     0.02336365
     9.02000000     0.02306793
     9.03000000     0.02277579
     9.04000000     0.02248718
     9.05000000     0.02220207
     9.06000000     0.02192041
     9.07000000     0.02164218
     9.08000000     0.02136734
     9.09000000     0.02109584
     9.10000000     0.02082765
     9.11000000     0.02056273
     9.12000000     0.02030104
     9.13000000     0.02004256
     9.14000000     0.01978725
     9.15000000     0.01953506
     9.16000000     0.01928597
     9.17000000     0.01903993
     9.18000000     0.01879693
     9.19000000     0.01855691
     9.20000000     0.01831985
     9.21000000     0.01808571
     9.22000000     0.01785446
     9.23000000     0.01762607
     9.24000000     0.01740051
     9.25000000     0.01717774
     9.26000000     0.01695772
     9.27000000     0.01674044
     9.28000000     0.01652585
     9.29000000     0.01631393
     9.30000000     0.01610464
     9.31000000     0.01589796
     9.32000000     0.01569385
     9.33000000     0.01549229
     9.34000000     0.01529324
     9.35000000     0.01509668
     9.36000000     0.01490257
     9.37000000     0.01471089
     9.38000000     0.01452161
     9.39000000     0.01433470
     9.40000000     0.01415013
     9.41000000     0.01396788
     9.42000000     0.01378792
     9.43000000     0.01361021
     9.44000000     0.01343474
     9.45000000     0.01326148
     9.46000000     0.01309039
     9.47000000     0.01292147
     9.48000000     0.01275467
     9.49000000     0.01258997
     9.50000000     0.01242735
     9.51000000     0.01226679
     9.52000000     0.01210826
     9.53000000     0.01195173
     9.54000000     0.01179718
     9.55000000     0.01164459
     9.56000000     0.01149393
     9.57000000     0.01134518
     9.58000000     0.01119831
     9.59000000     0.01105331
     9.60000000     0.01091015
     9.61000000     0.01076881
     9.62000000     0.01062927
     9.63000000     0.01049150
     9.64000000     0.01035548
     9.65000000     0.01022120
     9.66000000     0.01008862
     9.67000000     0.00995773
     9.68000000     0.00982852
     9.69000000     0.00970095
     9.70000000     0.00957501
     9.71000000     0.00945067
     9.72000000     0.00932793
     9.73000000     0.00920675
     9.74000000     0.00908712
     9.75000000     0.00896903
     9.76000000     0.00885244
     9.77000000     0.00873735
     9.78000000     0.00862373
     9.79000000     0.00851156
     9.80000000     0.00840084
     9.81000000     0.00829153
     9.82000000     0.00818363
     9.83000000     0.00807711
     9.84000000     0.00797195
     9.85000000     0.00786815
     9.86000000     0.00776568
     9.87000000     0.00766453
     9.88000000     0.00756468
     9.89000000     0.00746612
     9.90000000     0.00736882
     9.91000000     0.00727277
     9.92000000     0.00717796
     9.93000000     0.00708437
     9.94000000     0.00699199
     9.95000000     0.00690080
     9.96000000     0.00681078
     9.97000000     0.00672193
     9.98000000     0.00663422
     9.99000000     0.00654764
    10.00000000     0.00646218
    10.01000000     0.00637782
    10.02000000     0.00629456
    10.03000000     0.00621237
    10.04000000     0.00613124
    10.05000000     0.00605116
    10.06000000     0.00597211
    10.07000000     0.00589409
    10.08000000     0.00581708
    10.09000000     0.00574106
    10.10000000     0.00566603
    10.11000000     0.00559197
    10.12000000     0.00551887
    10.13000000     0.00544671
    10.14000000     0.00537549
    10.15000000     0.00530519
    10.16000000     0.00523581
    10.17000000     0.00516732
    10.18000000     0.00509972
    10.19000000     0.00503300
    10.20000000     0.00496715
    10.21000000     0.00490214
    10.22000000     0.00483799
    10.23000000     0.00477466
    10.24000000     0.00471216
    10.25000000     0.00465047
    10.26000000     0.00458958
    10.27000000     0.00452948
    10.28000000     0.00447017
    10.29000000     0.00441162
    10.30000000     0.00435383
    10.31000000     0.00429680
    10.32000000     0.00424051
    10.33000000     0.00418495
    10.34000000     0.00413011
    10.35000000     0.00407599
    10.36000000     0.00402257
    10.37000000     0.00396985
    10.38000000     0.00391781
    10.39000000     0.00386645
    10.40000000     0.00381576
    10.41000000     0.00376573
    10.42000000     0.00371635
    10.43000000     0.00366761
    10.44000000     0.00361951
    10.45000000     0.00357203
    10.46000000     0.00352518
    10.47000000     0.00347893
    10.48000000     0.00343329
    10.49000000     0.00338824
    10.50000000     0.00334378
    10.51000000     0.00329990
    10.52000000     0.00325660
    10.53000000     0.00321385
    10.54000000     0.00317167
    10.55000000     0.00313003
    10.56000000     0.00308894
    10.57000000     0.00304838
    10.58000000     0.00300836
    10.59000000     0.00296885
    10.60000000     0.00292987
    10.61000000     0.00289139
    10.62000000     0.00285341
    10.63000000     0.00281593
    10.64000000     0.00277894
    10.65000000     0.00274243
    10.66000000     0.00270640
    10.67000000     0.00267083
    10.68000000     0.00263574
    10.69000000     0.00260110
    10.70000000     0.00256691
    10.71000000     0.00253317
    10.72000000     0.00249988
    10.73000000     0.00246701
    10.74000000     0.00243458
    10.75000000     0.00240257
    10.76000000     0.00237098
    10.77000000     0.00233980
    10.78000000     0.00230902
    10.79000000     0.00227866
    10.80000000     0.00224868
    10.81000000     0.00221910
    10.82000000     0.00218991
    10.83000000     0.00216110
    10.84000000     0.00213266
    10.85000000     0.00210460
    10.86000000     0.00207690
    10.87000000     0.00204956
    10.88000000     0.00202259
    10.89000000     0.00199596
    10.90000000     0.00196968
    10.91000000     0.00194375
    10.92000000     0.00191816
    10.93000000     0.00189290
    10.94000000     0.00186797
    10.95000000     0.00184336
    10.96000000     0.00181908
    10.97000000     0.00179512
    10.98000000     0.00177147
    10.99000000     0.00174812
    11.00000000     0.00172509
    11.01000000     0.00170235
    11.02000000     0.00167991
    11.03000000     0.00165777
    11.04000000     0.00163591
    11.05000000     0.00161434
    11.06000000     0.00159306
    11.07000000     0.00157205
    11.08000000     0.00155131
    11.09000000     0.00153085
    11.10000000     0.00151065
    11.11000000     0.00149072
    11.12000000     0.00147105
    11.13000000     0.00145163
    11.14000000     0.00143247
    11.15000000     0.00141356
    11.16000000     0.00139490
    11.17000000     0.00137648
    11.18000000     0.00135830
    11.19000000     0.00134036
    11.20000000     0.00132265
    11.21000000     0.00130517
    11.22000000     0.00128793
    11.23000000     0.00127090
    11.24000000     0.00125410
    11.25000000     0.00123752
    11.26000000     0.00122116
    11.27000000     0.00120501
    11.28000000     0.00118907
    11.29000000     0.00117333
    11.30000000     0.00115781
    11.31000000     0.00114248
    11.32000000     0.00112736
    11.33000000     0.00111243
    11.34000000     0.00109770
    11.35000000     0.00108316
    11.36000000     0.00106880
    11.37000000     0.00105464
    11.38000000     0.00104066
    11.39000000     0.00102686
    11.40000000     0.00101325
    11.41000000     0.00099981
    11.42000000     0.00098654
    11.43000000     0.00097345
    11.44000000     0.00096053
    11.45000000     0.00094777
    11.46000000     0.00093518
    11.47000000     0.00092276
    11.48000000     0.00091050
    11.49000000     0.00089839
    11.50000000     0.00088645
    11.51000000     0.00087466
    11.52000000     0.00086302
    11.53000000     0.00085153
    11.54000000     0.00084019
    11.55000000     0.00082900
    11.56000000     0.00081796
    11.57000000     0.00080706
    11.58000000     0.00079629
    11.59000000     0.00078567
    11.60000000     0.00077519
    11.61000000     0.00076484
    11.62000000     0.00075463
    11.63000000     0.00074455
    11.64000000     0.00073460
    11.65000000     0.00072477
    11.66000000     0.00071508
    11.67000000     0.00070551
    11.68000000     0.00069606
    11.69000000     0.00068673
    11.70000000     0.00067753
    11.71000000     0.00066844
    11.72000000     0.00065948
    11.73000000     0.00065062
    11.74000000     0.00064188
    11.75000000     0.00063326
    11.76000000     0.00062474
    11.77000000     0.00061633
    11.78000000     0.00060804
    11.79000000     0.00059984
    11.80000000     0.00059176
    11.81000000     0.00058378
    11.82000000     0.00057589
    11.83000000     0.00056811
    11.84000000     0.00056043
    11.85000000     0.00055285
    11.86000000     0.00054537
    11.87000000     0.00053798
    11.88000000     0.00053068
    11.89000000     0.00052348
    11.90000000     0.00051637
    11.91000000     0.00050935
    11.92000000     0.00050242
    11.93000000     0.00049558
    11.94000000     0.00048882
    11.95000000     0.00048215
    11.96000000     0.00047557
    11.97000000     0.00046906
    11.98000000     0.00046264
    11.99000000     0.00045630
    12.00000000     0.00045005
    12.01000000     0.00044387
    12.02000000     0.00043776
    12.03000000     0.00043174
    12.04000000     0.00042579
    12.05000000     0.00041991
    12.06000000     0.00041411
    12.07000000     0.00040838
    12.08000000     0.00040272
    12.09000000     0.00039714
    12.10000000     0.00039162
    12.11000000     0.00038617
    12.12000000     0.00038079
    12.13000000     0.00037548
    12.14000000     0.00037023
    12.15000000     0.00036504
    12.16000000     0.00035993
    12.17000000     0.00035487
    12.18000000     0.00034988
    12.19000000     0.00034494
    12.20000000     0.00034007
    12.21000000     0.00033526
    12.22000000     0.00033050
    12.23000000     0.00032581
    12.24000000     0.00032117
    12.25000000     0.00031659
    12.26000000     0.00031206
    12.27000000     0.00030759
    12.28000000     0.00030317
    12.29000000     0.00029880
    12.30000000     0.00029449
    12.31000000     0.00029023
    12.32000000     0.00028602
    12.33000000     0.00028186
    12.34000000     0.00027775
    12.35000000     0.00027369
    12.36000000     0.00026967
    12.37000000     0.00026570
    12.38000000     0.00026178
    12.39000000     0.00025791
    12.40000000     0.00025408
    12.41000000     0.00025030
    12.42000000     0.00024655
    12.43000000     0.00024286
    12.44000000     0.00023920
    12.45000000     0.00023559
    12.46000000     0.00023202
    12.47000000     0.00022849
    12.48000000     0.00022500
    12.49000000     0.00022154
    12.50000000     0.00021813
    12.51000000     0.00021476
    12.52000000     0.00021142
    12.53000000     0.00020812
    12.54000000     0.00020486
    12.55000000     0.00020163
    12.56000000     0.00019844
    12.57000000     0.00019528
    12.58000000     0.00019216
    12.59000000     0.00018907
    12.60000000     0.00018601
    12.61000000     0.00018299
    12.62000000     0.00018000
    12.63000000     0.00017704
    12.64000000     0.00017411
    12.65000000     0.00017121
    12.66000000     0.00016834
    12.67000000     0.00016550
    12.68000000     0.00016269
    12.69000000     0.00015991
    12.70000000     0.00015716
    12.71000000     0.00015443
    12.72000000     0.00015174
    12.73000000     0.00014906
    12.74000000     0.00014642
    12.75000000     0.00014380
    12.76000000     0.00014120
    12.77000000     0.00013863
    12.78000000     0.00013609
    12.79000000     0.00013356
    12.80000000     0.00013107
    12.81000000     0.00012859
    12.82000000     0.00012614
    12.83000000     0.00012371
    12.84000000     0.00012130
    12.85000000     0.00011891
    12.86000000     0.00011654
    12.87000000     0.00011419
    12.88000000     0.00011187
    12.89000000     0.00010956
    12.90000000     0.00010727
    12.91000000     0.00010500
    12.92000000     0.00010275
    12.93000000     0.00010052
    12.94000000     0.00009830
    12.95000000     0.00009611
    12.96000000     0.00009393
    12.97000000     0.00009176
    12.98000000     0.00008961
    12.99000000     0.00008748
    13.00000000     0.00008536
    13.01000000     0.00008326
    13.02000000     0.00008117
    13.03000000     0.00007910
    13.04000000     0.00007704
    13.05000000     0.00007499
    13.06000000     0.00007296
    13.07000000     0.00007094
    13.08000000     0.00006893
    13.09000000     0.00006694
    13.10000000     0.00006495
    13.11000000     0.00006298
    13.12000000     0.00006102
    13.13000000     0.00005907
    13.14000000     0.00005713
    13.15000000     0.00005519
    13.16000000     0.00005327
    13.17000000     0.00005136
    13.18000000     0.00004946
    13.19000000     0.00004757
    13.20000000     0.00004568
    13.21000000     0.00004380
    13.22000000     0.00004193
    13.23000000     0.00004007
    13.24000000     0.00003821
    13.25000000     0.00003637
    13.26000000     0.00003452
    13.27000000     0.00003269
    13.28000000     0.00003086
    13.29000000     0.00002903
    13.30000000     0.00002721
    13.31000000     0.00002540
    13.32000000     0.00002358
    13.33000000     0.00002178
    13.34000000     0.00001997
    13.35000000     0.00001818
    13.36000000     0.00001638
    13.37000000     0.00001459
    13.38000000     0.00001279
    13.39000000     0.00001101
    13.40000000     0.00000922
    13.41000000     0.00000743
    13.42000000     0.00000565
    13.43000000     0.00000387
    13.44000000     0.00000209
    13.45000000     0.00000030
    13.46000000     0.00000000
    13.47000000     0.00000000
    13.48000000     0.00000000
    13.49000000     0.00000000
    13.50000000     0.00000000
    13.51000000     0.00000000
    13.52000000     0.00000000
    13.53000000     0.00000000
    13.54000000     0.00000000
    13.55000000     0.00000000
    13.56000000     0.00000000
    13.57000000     0.00000000
    13.58000000     0.00000000
    13.59000000     0.00000000
    13.60000000     0.00000000
    13.61000000     0.00000000
    13.62000000     0.00000000
    13.63000000     0.00000000
    13.64000000     0.00000000
    13.65000000     0.00000000
    13.66000000     0.00000000
    13.67000000     0.00000000
    13.68000000     0.00000000
    13.69000000     0.00000000
    13.70000000     0.00000000
    13.71000000     0.00000000
    13.72000000     0.00000000
    13.73000000     0.00000000
    13.74000000     0.00000000
    13.75000000     0.00000000
    13.76000000     0.00000000
    13.77000000     0.00000000
    13.78000000     0.00000000
    13.79000000     0.00000000
    13.80000000     0.00000000
    13.81000000     0.00000000
    13.82000000     0.00000000
    13.83000000     0.00000000
    13.84000000     0.00000000
    13.85000000     0.00000000
    13.86000000     0.00000000
    13.87000000     0.00000000
    13.88000000     0.00000000
    13.89000000     0.00000000
    13.90000000     0.00000000
    13.91000000     0.00000000
    13.92000000     0.00000000
    13.93000000     0.00000000
    13.94000000     0.00000000
    13.95000000     0.00000000
    13.96000000     0.00000000
    13.97000000     0.00000000
    13.98000000     0.00000000
    13.99000000     0.00000000
    14.00000000     0.00000000
    14.01000000     0.00000000
    14.02000000     0.00000000
    14.03000000     0.00000000
    14.04000000     0.00000000
    14.05000000     0.00000000
    14.06000000     0.00000000
    14.07000000     0.00000000
    14.08000000     0.00000000
    14.09000000     0.00000000
    14.10000000     0.00000000
    14.11000000     0.00000000
    14.12000000     0.00000000
    14.13000000     0.00000000
    14.14000000     0.00000000
    14.15000000     0.00000000
    14.16000000     0.00000000
    14.17000000     0.00000000
    14.18000000     0.00000000
    14.19000000     0.00000000
    14.20000000     0.00000000
    14.21000000     0.00000000
    14.22000000     0.00000000
    14.23000000     0.00000000
    14.24000000     0.00000000
    14.25000000     0.00000000
    14.26000000     0.00000000
    14.27000000     0.00000000
    14.28000000     0.00000000
    14.29000000     0.00000000
    14.30000000     0.00000000
    14.31000000     0.00000000
    14.32000000     0.00000000
    14.33000000     0.00000000
    14.34000000     0.00000000
    14.35000000     0.00000000
    14.36000000     0.00000000
    14.37000000     0.00000000
    14.38000000     0.00000000
    14.39000000     0.00000000
    14.40000000     0.00000000
    14.41000000     0.00000000
    14.42000000     0.00000000
    14.43000000     0.00000000
    14.44000000     0.00000000
    14.45000000     0.00000000
    14.46000000     0.00000000
    14.47000000     0.00000000
    14.48000000     0.00000000
    14.49000000     0.00000000
    14.50000000     0.00000000
    14.51000000     0.00000000
    14.52000000     0.00000000
    14.53000000     0.00000000
    14.54000000     0.00000000
    14.55000000     0.00000000
    14.56000000     0.00000000
    14.57000000     0.00000000
    14.58000000     0.00000000
    14.59000000     0.00000000
    14.60000000     0.00000000
    14.61000000     0.00000000
    14.62000000     0.00000000
    14.63000000     0.00000000
    14.64000000     0.00000000
    14.65000000     0.00000000
    14.66000000     0.00000000
    14.67000000     0.00000000
    14.68000000     0.00000000
    14.69000000     0.00000000
    14.70000000     0.00000000
    14.71000000     0.00000000
    14.72000000     0.00000000
    14.73000000     0.00000000
    14.74000000     0.00000000
    14.75000000     0.00000000
    14.76000000     0.00000000
    14.77000000     0.00000000
    14.78000000     0.00000000
    14.79000000     0.00000000
    14.80000000     0.00000000
    14.81000000     0.00000000
    14.82000000     0.00000000
    14.83000000     0.00000000
    14.84000000     0.00000000
    14.85000000     0.00000000
    14.86000000     0.00000000
    14.87000000     0.00000000
    14.88000000     0.00000000
    14.89000000     0.00000000
    14.90000000     0.00000000
    14.91000000     0.00000000
    14.92000000     0.00000000
    14.93000000     0.00000000
    14.94000000     0.00000000
    14.95000000     0.00000000
    14.96000000     0.00000000
    14.97000000     0.00000000
    14.98000000     0.00000000
    14.99000000     0.00000000
    15.00000000     0.00000000
    15.01000000     0.00000000
    15.02000000     0.00000000
    15.03000000     0.00000000
    15.04000000     0.00000000
    15.05000000     0.00000000
    15.06000000     0.00000000
    15.07000000     0.00000000
    15.08000000     0.00000000
    15.09000000     0.00000000
    15.10000000     0.00000000
    15.11000000     0.00000000
    15.12000000     0.00000000
    15.13000000     0.00000000
    15.14000000     0.00000000
    15.15000000     0.00000000
    15.16000000     0.00000000
    15.17000000     0.00000000
    15.18000000     0.00000000
    15.19000000     0.00000000
    15.20000000     0.00000000
    15.21000000     0.00000000
    15.22000000     0.00000000
    15.23000000     0.00000000
    15.24000000     0.00000000
    15.25000000     0.00000000
    15.26000000     0.00000000
    15.27000000     0.00000000
    15.28000000     0.00000000
    15.29000000     0.00000000
    15.30000000     0.00000000
    15.31000000     0.00000000
    15.32000000     0.00000000
    15.33000000     0.00000000
    15.34000000     0.00000000
    15.35000000     0.00000000
    15.36000000     0.00000000
    15.37000000     0.00000000
    15.38000000     0.00000000
    15.39000000     0.00000000
    15.40000000     0.00000000
    15.41000000     0.00000000
    15.42000000     0.00000000
    15.43000000     0.00000000
    15.44000000     0.00000000
    15.45000000     0.00000000
    15.46000000     0.00000000
    15.47000000     0.00000000
    15.48000000     0.00000000
    15.49000000     0.00000000
    15.50000000     0.00000000
    15.51000000     0.00000000
    15.52000000     0.00000000
    15.53000000     0.00000000
    15.54000000     0.00000000
    15.55000000     0.00000000
    15.56000000     0.00000000
    15.57000000     0.00000000
    15.58000000     0.00000000
    15.59000000     0.00000000
    15.60000000     0.00000000
    15.61000000     0.00000000
    15.62000000     0.00000000
    15.63000000     0.00000000
    15.64000000     0.00000000
    15.65000000     0.00000000
    15.66000000     0.00000000
    15.67000000     0.00000000
    15.68000000     0.00000000
    15.69000000     0.00000000
    15.70000000     0.00000000
    15.71000000     0.00000000
    15.72000000     0.00000000
    15.73000000     0.00000000
    15.74000000     0.00000000
    15.75000000     0.00000000
    15.76000000     0.00000000
    15.77000000     0.00000000
    15.78000000     0.00000000
    15.79000000     0.00000000
    15.80000000     0.00000000
    15.81000000     0.00000000
    15.82000000     0.00000000
    15.83000000     0.00000000
    15.84000000     0.00000000
    15.85000000     0.00000000
    15.86000000     0.00000000
    15.87000000     0.00000000
    15.88000000     0.00000000
    15.89000000     0.00000000
    15.90000000     0.00000000
    15.91000000     0.00000000
    15.92000000     0.00000000
    15.93000000     0.00000000
    15.94000000     0.00000000
    15.95000000     0.00000000
    15.96000000     0.00000000
    15.97000000     0.00000000
    15.98000000     0.00000000
    15.99000000     0.00000000
    16.00000000     0.00000000
    16.01000000     0.00000000
    16.02000000     0.00000000
    16.03000000     0.00000000
    16.04000000     0.00000000
    16.05000000     0.00000000
    16.06000000     0.00000000
    16.07000000     0.00000000
    16.08000000     0.00000000
    16.09000000     0.00000000
    16.10000000     0.00000000
    16.11000000     0.00000000
    16.12000000     0.00000000
    16.13000000     0.00000000
    16.14000000     0.00000000
    16.15000000     0.00000000
    16.16000000     0.00000000
    16.17000000     0.00000000
    16.18000000     0.00000000
    16.19000000     0.00000000
    16.20000000     0.00000000
    16.21000000     0.00000000
    16.22000000     0.00000000
    16.23000000     0.00000000
    16.24000000     0.00000000
    16.25000000     0.00000000
    16.26000000     0.00000000
    16.27000000     0.00000000
    16.28000000     0.00000000
    16.29000000     0.00000000
    16.30000000     0.00000000
    16.31000000     0.00000000
    16.32000000     0.00000000
    16.33000000     0.00000000
    16.34000000     0.00000000
    16.35000000     0.00000000
    16.36000000     0.00000000
    16.37000000     0.00000000
    16.38000000     0.00000000
    16.39000000     0.00000000
    16.40000000     0.00000000
    16.41000000     0.00000000
    16.42000000     0.00000000
    16.43000000     0.00000000
    16.44000000     0.00000000
    16.45000000     0.00000000
    16.46000000     0.00000000
    16.47000000     0.00000000
    16.48000000     0.00000000
    16.49000000     0.00000000
    16.50000000     0.00000000
    16.51000000     0.00000000
    16.52000000     0.00000000
    16.53000000     0.00000000
    16.54000000     0.00000000
    16.55000000     0.00000000
    16.56000000     0.00000000
    16.57000000     0.00000000
    16.58000000     0.00000000
    16.59000000     0.00000000
    16.60000000     0.00000000
    16.61000000     0.00000000
    16.62000000     0.00000000
    16.63000000     0.00000000
    16.64000000     0.00000000
    16.65000000     0.00000000
    16.66000000     0.00000000
    16.67000000     0.00000000
    16.68000000     0.00000000
    16.69000000     0.00000000
    16.70000000     0.00000000
    16.71000000     0.00000000
    16.72000000     0.00000000
    16.73000000     0.00000000
    16.74000000     0.00000000
    16.75000000     0.00000000
    16.76000000     0.00000000
    16.77000000     0.00000000
    16.78000000     0.00000000
    16.79000000     0.00000000
    16.80000000     0.00000000
    16.81000000     0.00000000
    16.82000000     0.00000000
    16.83000000     0.00000000
    16.84000000     0.00000000
    16.85000000     0.00000000
    16.86000000     0.00000000
    16.87000000     0.00000000
    16.88000000     0.00000000
    16.89000000     0.00000000
    16.90000000     0.00000000
    16.91000000     0.00000000
    16.92000000     0.00000000
    16.93000000     0.00000000
    16.94000000     0.00000000
    16.95000000     0.00000000
    16.96000000     0.00000000
    16.97000000     0.00000000
    16.98000000     0.00000000
    16.99000000     0.00000000
    17.00000000     0.00000000
    17.01000000     0.00000000
    17.02000000     0.00000000
    17.03000000     0.00000000
    17.04000000     0.00000000
    17.05000000     0.00000000
    17.06000000     0.00000000
    17.07000000     0.00000000
    17.08000000     0.00000000
    17.09000000     0.00000000
    17.10000000     0.00000000
    17.11000000     0.00000000
    17.12000000     0.00000000
    17.13000000     0.00000000
    17.14000000     0.00000000
    17.15000000     0.00000000
    17.16000000     0.00000000
    17.17000000     0.00000000
    17.18000000     0.00000000
    17.19000000     0.00000000
    17.20000000     0.00000000
    17.21000000     0.00000000
    17.22000000     0.00000000
    17.23000000     0.00000000
    17.24000000     0.00000000
    17.25000000     0.00000000
    17.26000000     0.00000000
    17.27000000     0.00000000
    17.28000000     0.00000000
    17.29000000     0.00000000
    17.30000000     0.00000000
    17.31000000     0.00000000
    17.32000000     0.00000000
    17.33000000     0.00000000
    17.34000000     0.00000000
    17.35000000     0.00000000
    17.36000000     0.00000000
    17.37000000     0.00000000
    17.38000000     0.00000000
    17.39000000     0.00000000
    17.40000000     0.00000000
    17.41000000     0.00000000
    17.42000000     0.00000000
    17.43000000     0.00000000
    17.44000000     0.00000000
    17.45000000     0.00000000
    17.46000000     0.00000000
    17.47000000     0.00000000
    17.48000000     0.00000000
    17.49000000     0.00000000
    17.50000000     0.00000000
    17.51000000     0.00000000
    17.52000000     0.00000000
    17.53000000     0.00000000
    17.54000000     0.00000000
    17.55000000     0.00000000
    17.56000000     0.00000000
    17.57000000     0.00000000
    17.58000000     0.00000000
    17.59000000     0.00000000
    17.60000000     0.00000000
    17.61000000     0.00000000
    17.62000000     0.00000000
    17.63000000     0.00000000
    17.64000000     0.00000000
    17.65000000     0.00000000
    17.66000000     0.00000000
    17.67000000     0.00000000
    17.68000000     0.00000000
    17.69000000     0.00000000
    17.70000000     0.00000000
    17.71000000     0.00000000
    17.72000000     0.00000000
    17.73000000     0.00000000
    17.74000000     0.00000000
    17.75000000     0.00000000
    17.76000000     0.00000000
    17.77000000     0.00000000
    17.78000000     0.00000000
    17.79000000     0.00000000
    17.80000000     0.00000000
    17.81000000     0.00000000
    17.82000000     0.00000000
    17.83000000     0.00000000
    17.84000000     0.00000000
    17.85000000     0.00000000
    17.86000000     0.00000000
    17.87000000     0.00000000
    17.88000000     0.00000000
    17.89000000     0.00000000
    17.90000000     0.00000000
    17.91000000     0.00000000
    17.92000000     0.00000000
    17.93000000     0.00000000
    17.94000000     0.00000000
    17.95000000     0.00000000
    17.96000000     0.00000000
    17.97000000     0.00000000
    17.98000000     0.00000000
    17.99000000     0.00000000
    18.00000000     0.00000000
    18.01000000     0.00000000
    18.02000000     0.00000000
    18.03000000     0.00000000
    18.04000000     0.00000000
    18.05000000     0.00000000
    18.06000000     0.00000000
    18.07000000     0.00000000
    18.08000000     0.00000000
    18.09000000     0.00000000
    18.10000000     0.00000000
    18.11000000     0.00000000
    18.12000000     0.00000000
    18.13000000     0.00000000
    18.14000000     0.00000000
    18.15000000     0.00000000
    18.16000000     0.00000000
    18.17000000     0.00000000
    18.18000000     0.00000000
    18.19000000     0.00000000
    18.20000000     0.00000000
    18.21000000     0.00000000
    18.22000000     0.00000000
    18.23000000     0.00000000
    18.24000000     0.00000000
    18.25000000     0.00000000
    18.26000000     0.00000000
    18.27000000     0.00000000
    18.28000000     0.00000000
    18.29000000     0.00000000
    18.30000000     0.00000000
    18.31000000     0.00000000
    18.32000000     0.00000000
    18.33000000     0.00000000
    18.34000000     0.00000000
    18.35000000     0.00000000
    18.36000000     0.00000000
    18.37000000     0.00000000
    18.38000000     0.00000000
    18.39000000     0.00000000
    18.40000000     0.00000000
    18.41000000     0.00000000
    18.42000000     0.00000000
    18.43000000     0.00000000
    18.44000000     0.00000000
    18.45000000     0.00000000
    18.46000000     0.00000000
    18.47000000     0.00000000
    18.48000000     0.00000000
    18.49000000     0.00000000
    18.50000000     0.00000000
    18.51000000     0.00000000
    18.52000000     0.00000000
    18.53000000     0.00000000
    18.54000000     0.00000000
    18.55000000     0.00000000
    18.56000000     0.00000000
    18.57000000     0.00000000
    18.58000000     0.00000000
    18.59000000     0.00000000
    18.60000000     0.00000000
    18.61000000     0.00000000
    18.62000000     0.00000000
    18.63000000     0.00000000
    18.64000000     0.00000000
    18.65000000     0.00000000
    18.66000000     0.00000000
    18.67000000     0.00000000
    18.68000000     0.00000000
    18.69000000     0.00000000
    18.70000000     0.00000000
    18.71000000     0.00000000
    18.72000000     0.00000000
    18.73000000     0.00000000
    18.74000000     0.00000000
    18.75000000     0.00000000
    18.76000000     0.00000000
    18.77000000     0.00000000
    18.78000000     0.00000000
    18.79000000     0.00000000
    18.80000000     0.00000000
    18.81000000     0.00000000
    18.82000000     0.00000000
    18.83000000     0.00000000
    18.84000000     0.00000000
    18.85000000     0.00000000
    18.86000000     0.00000000
    18.87000000     0.00000000
    18.88000000     0.00000000
    18.89000000     0.00000000
    18.90000000     0.00000000
    18.91000000     0.00000000
    18.92000000     0.00000000
    18.93000000     0.00000000
    18.94000000     0.00000000
    18.95000000     0.00000000
    18.96000000     0.00000000
    18.97000000     0.00000000
    18.98000000     0.00000000
    18.99000000     0.00000000
    19.00000000     0.00000000
    19.01000000     0.00000000
    19.02000000     0.00000000
    19.03000000     0.00000000
    19.04000000     0.00000000
    19.05000000     0.00000000
    19.06000000     0.00000000
    19.07000000     0.00000000
    19.08000000     0.00000000
    19.09000000     0.00000000
    19.10000000     0.00000000
    19.11000000     0.00000000
    19.12000000     0.00000000
    19.13000000     0.00000000
    19.14000000     0.00000000
    19.15000000     0.00000000
    19.16000000     0.00000000
    19.17000000     0.00000000
    19.18000000     0.00000000
    19.19000000     0.00000000
    19.20000000     0.00000000
    19.21000000     0.00000000
    19.22000000     0.00000000
    19.23000000     0.00000000
    19.24000000     0.00000000
    19.25000000     0.00000000
    19.26000000     0.00000000
    19.27000000     0.00000000
    19.28000000     0.00000000
    19.29000000     0.00000000
    19.30000000     0.00000000
    19.31000000     0.00000000
    19.32000000     0.00000000
    19.33000000     0.00000000
    19.34000000     0.00000000
    19.35000000     0.00000000
    19.36000000     0.00000000
    19.37000000     0.00000000
    19.38000000     0.00000000
    19.39000000     0.00000000
    19.40000000     0.00000000
    19.41000000     0.00000000
    19.42000000     0.00000000
    19.43000000     0.00000000
    19.44000000     0.00000000
    19.45000000     0.00000000
    19.46000000     0.00000000
    19.47000000     0.00000000
    19.48000000     0.00000000
    19.49000000     0.00000000
    19.50000000     0.00000000
    19.51000000     0.00000000
    19.52000000     0.00000000
    19.53000000     0.00000000
    19.54000000     0.00000000
    19.55000000     0.00000000
    19.56000000     0.00000000
    19.57000000     0.00000000
    19.58000000     0.00000000
    19.59000000     0.00000000
    19.60000000     0.00000000
    19.61000000     0.00000000
    19.62000000     0.00000000
    19.63000000     0.00000000
    19.64000000     0.00000000
    19.65000000     0.00000000
    19.66000000     0.00000000
    19.67000000     0.00000000
    19.68000000     0.00000000
    19.69000000     0.00000000
    19.70000000     0.00000000
    19.71000000     0.00000000
    19.72000000     0.00000000
    19.73000000     0.00000000
    19.74000000     0.00000000
    19.75000000     0.00000000
    19.76000000     0.00000000
    19.77000000     0.00000000
    19.78000000     0.00000000
    19.79000000     0.00000000
    19.80000000     0.00000000
    19.81000000     0.00000000
    19.82000000     0.00000000
    19.83000000     0.00000000
    19.84000000     0.00000000
    19.85000000     0.00000000
    19.86000000     0.00000000
    19.87000000     0.00000000
    19.88000000     0.00000000
    19.89000000     0.00000000
    19.90000000     0.00000000
    19.91000000     0.00000000
    19.92000000     0.00000000
    19.93000000     0.00000000
    19.94000000     0.00000000
    19.95000000     0.00000000
    19.96000000     0.00000000
    19.97000000     0.00000000
    19.98000000     0.00000000
    19.99000000     0.00000000
    20.00000000     0.00000000
    20.01000000     0.00000000
    20.02000000     0.00000000
    20.03000000     0.00000000
    20.04000000     0.00000000
    20.05000000     0.00000000
    20.06000000     0.00000000
    20.07000000     0.00000000
    20.08000000     0.00000000
    20.09000000     0.00000000
    20.10000000     0.00000000
    20.11000000     0.00000000
    20.12000000     0.00000000
    20.13000000     0.00000000
    20.14000000     0.00000000
    20.15000000     0.00000000
    20.16000000     0.00000000
    20.17000000     0.00000000
    20.18000000     0.00000000
    20.19000000     0.00000000
    20.20000000     0.00000000
    20.21000000     0.00000000
    20.22000000     0.00000000
    20.23000000     0.00000000
    20.24000000     0.00000000
    20.25000000     0.00000000
    20.26000000     0.00000000
    20.27000000     0.00000000
    20.28000000     0.00000000
    20.29000000     0.00000000
    20.30000000     0.00000000
    20.31000000     0.00000000
    20.32000000     0.00000000
    20.33000000     0.00000000
    20.34000000     0.00000000
    20.35000000     0.00000000
    20.36000000     0.00000000
    20.37000000     0.00000000
    20.38000000     0.00000000
    20.39000000     0.00000000
    20.40000000     0.00000000
    20.41000000     0.00000000
    20.42000000     0.00000000
    20.43000000     0.00000000
    20.44000000     0.00000000
    20.45000000     0.00000000
    20.46000000     0.00000000
    20.47000000     0.00000000
    20.48000000     0.00000000
    20.49000000     0.00000000
    20.50000000     0.00000000
    20.51000000     0.00000000
    20.52000000     0.00000000
    20.53000000     0.00000000
    20.54000000     0.00000000
    20.55000000     0.00000000
    20.56000000     0.00000000
    20.57000000     0.00000000
    20.58000000     0.00000000
    20.59000000     0.00000000
    20.60000000     0.00000000
    20.61000000     0.00000000
    20.62000000     0.00000000
    20.63000000     0.00000000
    20.64000000     0.00000000
    20.65000000     0.00000000
    20.66000000     0.00000000
    20.67000000     0.00000000
    20.68000000     0.00000000
    20.69000000     0.00000000
    20.70000000     0.00000000
    20.71000000     0.00000000
    20.72000000     0.00000000
    20.73000000     0.00000000
    20.74000000     0.00000000
    20.75000000     0.00000000
    20.76000000     0.00000000
    20.77000000     0.00000000
    20.78000000     0.00000000
    20.79000000     0.00000000
    20.80000000     0.00000000
    20.81000000     0.00000000
    20.82000000     0.00000000
    20.83000000     0.00000000
    20.84000000     0.00000000
    20.85000000     0.00000000
    20.86000000     0.00000000
    20.87000000     0.00000000
    20.88000000     0.00000000
    20.89000000     0.00000000
    20.90000000     0.00000000
    20.91000000     0.00000000
    20.92000000     0.00000000
    20.93000000     0.00000000
    20.94000000     0.00000000
    20.95000000     0.00000000
    20.96000000     0.00000000
    20.97000000     0.00000000
    20.98000000     0.00000000
    20.99000000     0.00000000
    21.00000000     0.00000000
    21.01000000     0.00000000
    21.02000000     0.00000000
    21.03000000     0.00000000
    21.04000000     0.00000000
    21.05000000     0.00000000
    21.06000000     0.00000000
    21.07000000     0.00000000
    21.08000000     0.00000000
    21.09000000     0.00000000
    21.10000000     0.00000000
    21.11000000     0.00000000
    21.12000000     0.00000000
    21.13000000     0.00000000
    21.14000000     0.00000000
    21.15000000     0.00000000
    21.16000000     0.00000000
    21.17000000     0.00000000
    21.18000000     0.00000000
    21.19000000     0.00000000
    21.20000000     0.00000000
    21.21000000     0.00000000
    21.22000000     0.00000000
    21.23000000     0.00000000
    21.24000000     0.00000000
    21.25000000     0.00000000
    21.26000000     0.00000000
    21.27000000     0.00000000
    21.28000000     0.00000000
    21.29000000     0.00000000
    21.30000000     0.00000000
    21.31000000     0.00000000
    21.32000000     0.00000000
    21.33000000     0.00000000
    21.34000000     0.00000000
    21.35000000     0.00000000
    21.36000000     0.00000000
    21.37000000     0.00000000
    21.38000000     0.00000000
    21.39000000     0.00000000
    21.40000000     0.00000000
    21.41000000     0.00000000
    21.42000000     0.00000000
    21.43000000     0.00000000
    21.44000000     0.00000000
    21.45000000     0.00000000
    21.46000000     0.00000000
    21.47000000     0.00000000
    21.48000000     0.00000000
    21.49000000     0.00000000
    21.50000000     0.00000000
    21.51000000     0.00000000
    21.52000000     0.00000000
    21.53000000     0.00000000
    21.54000000     0.00000000
    21.55000000     0.00000000
    21.56000000     0.00000000
    21.57000000     0.00000000
    21.58000000     0.00000000
    21.59000000     0.00000000
    21.60000000     0.00000000
    21.61000000     0.00000000
    21.62000000     0.00000000
    21.63000000     0.00000000
    21.64000000     0.00000000
    21.65000000     0.00000000
    21.66000000     0.00000000
    21.67000000     0.00000000
    21.68000000     0.00000000
    21.69000000     0.00000000
    21.70000000     0.00000000
    21.71000000     0.00000000
    21.72000000     0.00000000
    21.73000000     0.00000000
    21.74000000     0.00000000
    21.75000000     0.00000000
    21.76000000     0.00000000
    21.77000000     0.00000000
    21.78000000     0.00000000
    21.79000000     0.00000000
    21.80000000     0.00000000
    21.81000000     0.00000000
    21.82000000     0.00000000
    21.83000000     0.00000000
    21.84000000     0.00000000
    21.85000000     0.00000000
    21.86000000     0.00000000
    21.87000000     0.00000000
    21.88000000     0.00000000
    21.89000000     0.00000000
    21.90000000     0.00000000
    21.91000000     0.00000000
    21.92000000     0.00000000
    21.93000000     0.00000000
    21.94000000     0.00000000
    21.95000000     0.00000000
    21.96000000     0.00000000
    21.97000000     0.00000000
    21.98000000     0.00000000
    21.99000000     0.00000000
    22.00000000     0.00000000
    22.01000000     0.00000000
    22.02000000     0.00000000
    22.03000000     0.00000000
    22.04000000     0.00000000
    22.05000000     0.00000000
    22.06000000     0.00000000
    22.07000000     0.00000000
    22.08000000     0.00000000
    22.09000000     0.00000000
    22.10000000     0.00000000
    22.11000000     0.00000000
    22.12000000     0.00000000
    22.13000000     0.00000000
    22.14000000     0.00000000
    22.15000000     0.00000000
    22.16000000     0.00000000
    22.17000000     0.00000000
    22.18000000     0.00000000
    22.19000000     0.00000000
    22.20000000     0.00000000
    22.21000000     0.00000000
    22.22000000     0.00000000
    22.23000000     0.00000000
    22.24000000     0.00000000
    22.25000000     0.00000000
    22.26000000     0.00000000
    22.27000000     0.00000000
    22.28000000     0.00000000
    22.29000000     0.00000000
    22.30000000     0.00000000
    22.31000000     0.00000000
    22.32000000     0.00000000
    22.33000000     0.00000000
    22.34000000     0.00000000
    22.35000000     0.00000000
    22.36000000     0.00000000
    22.37000000     0.00000000
    22.38000000     0.00000000
    22.39000000     0.00000000
    22.40000000     0.00000000
    22.41000000     0.00000000
    22.42000000     0.00000000
    22.43000000     0.00000000
    22.44000000     0.00000000
    22.45000000     0.00000000
    22.46000000     0.00000000
    22.47000000     0.00000000
    22.48000000     0.00000000
    22.49000000     0.00000000
    22.50000000     0.00000000
    22.51000000     0.00000000
    22.52000000     0.00000000
    22.53000000     0.00000000
    22.54000000     0.00000000
    22.55000000     0.00000000
    22.56000000     0.00000000
    22.57000000     0.00000000
    22.58000000     0.00000000
    22.59000000     0.00000000
    22.60000000     0.00000000
    22.61000000     0.00000000
    22.62000000     0.00000000
    22.63000000     0.00000000
    22.64000000     0.00000000
    22.65000000     0.00000000
    22.66000000     0.00000000
    22.67000000     0.00000000
    22.68000000     0.00000000
    22.69000000     0.00000000
    22.70000000     0.00000000
    22.71000000     0.00000000
    22.72000000     0.00000000
    22.73000000     0.00000000
    22.74000000     0.00000000
    22.75000000     0.00000000
    22.76000000     0.00000000
    22.77000000     0.00000000
    22.78000000     0.00000000
    22.79000000     0.00000000
    22.80000000     0.00000000
    22.81000000     0.00000000
    22.82000000     0.00000000
    22.83000000     0.00000000
    22.84000000     0.00000000
    22.85000000     0.00000000
    22.86000000     0.00000000
    22.87000000     0.00000000
    22.88000000     0.00000000
    22.89000000     0.00000000
    22.90000000     0.00000000
    22.91000000     0.00000000
    22.92000000     0.00000000
    22.93000000     0.00000000
    22.94000000     0.00000000
    22.95000000     0.00000000
    22.96000000     0.00000000
    22.97000000     0.00000000
    22.98000000     0.00000000
    22.99000000     0.00000000
    23.00000000     0.00000000
    23.01000000     0.00000000
    23.02000000     0.00000000
    23.03000000     0.00000000
    23.04000000     0.00000000
    23.05000000     0.00000000
    23.06000000     0.00000000
    23.07000000     0.00000000
    23.08000000     0.00000000
    23.09000000     0.00000000
    23.10000000     0.00000000
    23.11000000     0.00000000
    23.12000000     0.00000000
    23.13000000     0.00000000
    23.14000000     0.00000000
    23.15000000     0.00000000
    23.16000000     0.00000000
    23.17000000     0.00000000
    23.18000000     0.00000000
    23.19000000     0.00000000
    23.20000000     0.00000000
    23.21000000     0.00000000
    23.22000000     0.00000000
    23.23000000     0.00000000
    23.24000000     0.00000000
    23.25000000     0.00000000
    23.26000000     0.00000000
    23.27000000     0.00000000
    23.28000000     0.00000000
    23.29000000     0.00000000
    23.30000000     0.00000000
    23.31000000     0.00000000
    23.32000000     0.00000000
    23.33000000     0.00000000
    23.34000000     0.00000000
    23.35000000     0.00000000
    23.36000000     0.00000000
    23.37000000     0.00000000
    23.38000000     0.00000000
    23.39000000     0.00000000
    23.40000000     0.00000000
    23.41000000     0.00000000
    23.42000000     0.00000000
    23.43000000     0.00000000
    23.44000000     0.00000000
    23.45000000     0.00000000
    23.46000000     0.00000000
    23.47000000     0.00000000
    23.48000000     0.00000000
    23.49000000     0.00000000
    23.50000000     0.00000000
    23.51000000     0.00000000
    23.52000000     0.00000000
    23.53000000     0.00000000
    23.54000000     0.00000000
    23.55000000     0.00000000
    23.56000000     0.00000000
    23.57000000     0.00000000
    23.58000000     0.00000000
    23.59000000     0.00000000
    23.60000000     0.00000000
    23.61000000     0.00000000
    23.62000000     0.00000000
    23.63000000     0.00000000
    23.64000000     0.00000000
    23.65000000     0.00000000
    23.66000000     0.00000000
    23.67000000     0.00000000
    23.68000000     0.00000000
    23.69000000     0.00000000
    23.70000000     0.00000000
    23.71000000     0.00000000
    23.72000000     0.00000000
    23.73000000     0.00000000
    23.74000000     0.00000000
    23.75000000     0.00000000
    23.76000000     0.00000000
    23.77000000     0.00000000
    23.78000000     0.00000000
    23.79000000     0.00000000
    23.80000000     0.00000000
    23.81000000     0.00000000
    23.82000000     0.00000000
    23.83000000     0.00000000
    23.84000000     0.00000000
    23.85000000     0.00000000
    23.86000000     0.00000000
    23.87000000     0.00000000
    23.88000000     0.00000000
    23.89000000     0.00000000
    23.90000000     0.00000000
    23.91000000     0.00000000
    23.92000000     0.00000000
    23.93000000     0.00000000
    23.94000000     0.00000000
    23.95000000     0.00000000
    23.96000000     0.00000000
    23.97000000     0.00000000
    23.98000000     0.00000000
    23.99000000     0.00000000
    24.00000000     0.00000000
    24.01000000     0.00000000
    24.02000000     0.00000000
    24.03000000     0.00000000
    24.04000000     0.00000000
    24.05000000     0.00000000
    24.06000000     0.00000000
    24.07000000     0.00000000
    24.08000000     0.00000000
    24.09000000     0.00000000
    24.10000000     0.00000000
    24.11000000     0.00000000
    24.12000000     0.00000000
    24.13000000     0.00000000
    24.14000000     0.00000000
    24.15000000     0.00000000
    24.16000000     0.00000000
    24.17000000     0.00000000
    24.18000000     0.00000000
    24.19000000     0.00000000
    24.20000000     0.00000000
    24.21000000     0.00000000
    24.22000000     0.00000000
    24.23000000     0.00000000
    24.24000000     0.00000000
    24.25000000     0.00000000
    24.26000000     0.00000000
    24.27000000     0.00000000
    24.28000000     0.00000000
    24.29000000     0.00000000
    24.30000000     0.00000000
    24.31000000     0.00000000
    24.32000000     0.00000000
    24.33000000     0.00000000
    24.34000000     0.00000000
    24.35000000     0.00000000
    24.36000000     0.00000000
    24.37000000     0.00000000
    24.38000000     0.00000000
    24.39000000     0.00000000
    24.40000000     0.00000000
    24.41000000     0.00000000
    24.42000000     0.00000000
    24.43000000     0.00000000
    24.44000000     0.00000000
    24.45000000     0.00000000
    24.46000000     0.00000000
    24.47000000     0.00000000
    24.48000000     0.00000000
    24.49000000     0.00000000
    24.50000000     0.00000000
    24.51000000     0.00000000
    24.52000000     0.00000000
    24.53000000     0.00000000
    24.54000000     0.00000000
    24.55000000     0.00000000
    24.56000000     0.00000000
    24.57000000     0.00000000
    24.58000000     0.00000000
    24.59000000     0.00000000
    24.60000000     0.00000000
    24.61000000     0.00000000
    24.62000000     0.00000000
    24.63000000     0.00000000
    24.64000000     0.00000000
    24.65000000     0.00000000
    24.66000000     0.00000000
    24.67000000     0.00000000
    24.68000000     0.00000000
    24.69000000     0.00000000
    24.70000000     0.00000000
    24.71000000     0.00000000
    24.72000000     0.00000000
    24.73000000     0.00000000
    24.74000000     0.00000000
    24.75000000     0.00000000
    24.76000000     0.00000000
    24.77000000     0.00000000
    24.78000000     0.00000000
    24.79000000     0.00000000
    24.80000000     0.00000000
    24.81000000     0.00000000
    24.82000000     0.00000000
    24.83000000     0.00000000
    24.84000000     0.00000000
    24.85000000     0.00000000
    24.86000000     0.00000000
    24.87000000     0.00000000
    24.88000000     0.00000000
    24.89000000     0.00000000
    24.90000000     0.00000000
    24.91000000     0.00000000
    24.92000000     0.00000000
    24.93000000     0.00000000
    24.94000000     0.00000000
    24.95000000     0.00000000
    24.96000000     0.00000000
    24.97000000     0.00000000
    24.98000000     0.00000000
    24.99000000     0.00000000
    25.00000000     0.00000000
    25.01000000     0.00000000
    25.02000000     0.00000000
    25.03000000     0.00000000
    25.04000000     0.00000000
    25.05000000     0.00000000
    25.06000000     0.00000000
    25.07000000     0.00000000
    25.08000000     0.00000000
    25.09000000     0.00000000
    25.10000000     0.00000000
    25.11000000     0.00000000
    25.12000000     0.00000000
    25.13000000     0.00000000
    25.14000000     0.00000000
    25.15000000     0.00000000
    25.16000000     0.00000000
    25.17000000     0.00000000
    25.18000000     0.00000000
    25.19000000     0.00000000
    25.20000000     0.00000000
    25.21000000     0.00000000
    25.22000000     0.00000000
    25.23000000     0.00000000
    25.24000000     0.00000000
    25.25000000     0.00000000
    25.26000000     0.00000000
    25.27000000     0.00000000
    25.28000000     0.00000000
    25.29000000     0.00000000
    25.30000000     0.00000000
    25.31000000     0.00000000
    25.32000000     0.00000000
    25.33000000     0.00000000
    25.34000000     0.00000000
    25.35000000     0.00000000
    25.36000000     0.00000000
    25.37000000     0.00000000
    25.38000000     0.00000000
    25.39000000     0.00000000
    25.40000000     0.00000000
    25.41000000     0.00000000
    25.42000000     0.00000000
    25.43000000     0.00000000
    25.44000000     0.00000000
    25.45000000     0.00000000
    25.46000000     0.00000000
    25.47000000     0.00000000
    25.48000000     0.00000000
    25.49000000     0.00000000
    25.50000000     0.00000000
    25.51000000     0.00000000
    25.52000000     0.00000000
    25.53000000     0.00000000
    25.54000000     0.00000000
    25.55000000     0.00000000
    25.56000000     0.00000000
    25.57000000     0.00000000
    25.58000000     0.00000000
    25.59000000     0.00000000
    25.60000000     0.00000000
    25.61000000     0.00000000
    25.62000000     0.00000000
    25.63000000     0.00000000
    25.64000000     0.00000000
    25.65000000     0.00000000
    25.66000000     0.00000000
    25.67000000     0.00000000
    25.68000000     0.00000000
    25.69000000     0.00000000
    25.70000000     0.00000000
    25.71000000     0.00000000
    25.72000000     0.00000000
    25.73000000     0.00000000
    25.74000000     0.00000000
    25.75000000     0.00000000
    25.76000000     0.00000000
    25.77000000     0.00000000
    25.78000000     0.00000000
    25.79000000     0.00000000
    25.80000000     0.00000000
    25.81000000     0.00000000
    25.82000000     0.00000000
    25.83000000     0.00000000
    25.84000000     0.00000000
    25.85000000     0.00000000
    25.86000000     0.00000000
    25.87000000     0.00000000
    25.88000000     0.00000000
    25.89000000     0.00000000
    25.90000000     0.00000000
    25.91000000     0.00000000
    25.92000000     0.00000000
    25.93000000     0.00000000
    25.94000000     0.00000000
    25.95000000     0.00000000
    25.96000000     0.00000000
    25.97000000     0.00000000
    25.98000000     0.00000000
    25.99000000     0.00000000
    26.00000000     0.00000000
    26.01000000     0.00000000
    26.02000000     0.00000000
    26.03000000     0.00000000
    26.04000000     0.00000000
    26.05000000     0.00000000
    26.06000000     0.00000000
    26.07000000     0.00000000
    26.08000000     0.00000000
    26.09000000     0.00000000
    26.10000000     0.00000000
    26.11000000     0.00000000
    26.12000000     0.00000000
    26.13000000     0.00000000
    26.14000000     0.00000000
    26.15000000     0.00000000
    26.16000000     0.00000000
    26.17000000     0.00000000
    26.18000000     0.00000000
    26.19000000     0.00000000
    26.20000000     0.00000000
    26.21000000     0.00000000
    26.22000000     0.00000000
    26.23000000     0.00000000
    26.24000000     0.00000000
    26.25000000     0.00000000
    26.26000000     0.00000000
    26.27000000     0.00000000
    26.28000000     0.00000000
    26.29000000     0.00000000
    26.30000000     0.00000000
    26.31000000     0.00000000
    26.32000000     0.00000000
    26.33000000     0.00000000
    26.34000000     0.00000000
    26.35000000     0.00000000
    26.36000000     0.00000000
    26.37000000     0.00000000
    26.38000000     0.00000000
    26.39000000     0.00000000
    26.40000000     0.00000000
    26.41000000     0.00000000
    26.42000000     0.00000000
    26.43000000     0.00000000
    26.44000000     0.00000000
    26.45000000     0.00000000
    26.46000000     0.00000000
    26.47000000     0.00000000
    26.48000000     0.00000000
    26.49000000     0.00000000
    26.50000000     0.00000000
    26.51000000     0.00000000
    26.52000000     0.00000000
    26.53000000     0.00000000
    26.54000000     0.00000000
    26.55000000     0.00000000
    26.56000000     0.00000000
    26.57000000     0.00000000
    26.58000000     0.00000000
    26.59000000     0.00000000
    26.60000000     0.00000000
    26.61000000     0.00000000
    26.62000000     0.00000000
    26.63000000     0.00000000
    26.64000000     0.00000000
    26.65000000     0.00000000
    26.66000000     0.00000000
    26.67000000     0.00000000
    26.68000000     0.00000000
    26.69000000     0.00000000
    26.70000000     0.00000000
    26.71000000     0.00000000
    26.72000000     0.00000000
    26.73000000     0.00000000
    26.74000000     0.00000000
    26.75000000     0.00000000
    26.76000000     0.00000000
    26.77000000     0.00000000
    26.78000000     0.00000000
    26.79000000     0.00000000
    26.80000000     0.00000000
    26.81000000     0.00000000
    26.82000000     0.00000000
    26.83000000     0.00000000
    26.84000000     0.00000000
    26.85000000     0.00000000
    26.86000000     0.00000000
    26.87000000     0.00000000
    26.88000000     0.00000000
    26.89000000     0.00000000
    26.90000000     0.00000000
    26.91000000     0.00000000
    26.92000000     0.00000000
    26.93000000     0.00000000
    26.94000000     0.00000000
    26.95000000     0.00000000
    26.96000000     0.00000000
    26.97000000     0.00000000
    26.98000000     0.00000000
    26.99000000     0.00000000
    27.00000000     0.00000000
    27.01000000     0.00000000
    27.02000000     0.00000000
    27.03000000     0.00000000
    27.04000000     0.00000000
    27.05000000     0.00000000
    27.06000000     0.00000000
    27.07000000     0.00000000
    27.08000000     0.00000000
    27.09000000     0.00000000
    27.10000000     0.00000000
    27.11000000     0.00000000
    27.12000000     0.00000000
    27.13000000     0.00000000
    27.14000000     0.00000000
    27.15000000     0.00000000
    27.16000000     0.00000000
    27.17000000     0.00000000
    27.18000000     0.00000000
    27.19000000     0.00000000
    27.20000000     0.00000000
    27.21000000     0.00000000
    27.22000000     0.00000000
    27.23000000     0.00000000
    27.24000000     0.00000000
    27.25000000     0.00000000
    27.26000000     0.00000000
    27.27000000     0.00000000
    27.28000000     0.00000000
    27.29000000     0.00000000
    27.30000000     0.00000000
    27.31000000     0.00000000
    27.32000000     0.00000000
    27.33000000     0.00000000
    27.34000000     0.00000000
    27.35000000     0.00000000
    27.36000000     0.00000000
    27.37000000     0.00000000
    27.38000000     0.00000000
    27.39000000     0.00000000
    27.40000000     0.00000000
    27.41000000     0.00000000
    27.42000000     0.00000000
    27.43000000     0.00000000
    27.44000000     0.00000000
    27.45000000     0.00000000
    27.46000000     0.00000000
    27.47000000     0.00000000
    27.48000000     0.00000000
    27.49000000     0.00000000
    27.50000000     0.00000000
    27.51000000     0.00000000
    27.52000000     0.00000000
    27.53000000     0.00000000
    27.54000000     0.00000000
    27.55000000     0.00000000
    27.56000000     0.00000000
    27.57000000     0.00000000
    27.58000000     0.00000000
    27.59000000     0.00000000
    27.60000000     0.00000000
    27.61000000     0.00000000
    27.62000000     0.00000000
    27.63000000     0.00000000
    27.64000000     0.00000000
    27.65000000     0.00000000
    27.66000000     0.00000000
    27.67000000     0.00000000
    27.68000000     0.00000000
    27.69000000     0.00000000
    27.70000000     0.00000000
    27.71000000     0.00000000
    27.72000000     0.00000000
    27.73000000     0.00000000
    27.74000000     0.00000000
    27.75000000     0.00000000
    27.76000000     0.00000000
    27.77000000     0.00000000
    27.78000000     0.00000000
    27.79000000     0.00000000
    27.80000000     0.00000000
    27.81000000     0.00000000
    27.82000000     0.00000000
    27.83000000     0.00000000
    27.84000000     0.00000000
    27.85000000     0.00000000
    27.86000000     0.00000000
    27.87000000     0.00000000
    27.88000000     0.00000000
    27.89000000     0.00000000
    27.90000000     0.00000000
    27.91000000     0.00000000
    27.92000000     0.00000000
    27.93000000     0.00000000
    27.94000000     0.00000000
    27.95000000     0.00000000
    27.96000000     0.00000000
    27.97000000     0.00000000
    27.98000000     0.00000000
    27.99000000     0.00000000
    28.00000000     0.00000000
    28.01000000     0.00000000
    28.02000000     0.00000000
    28.03000000     0.00000000
    28.04000000     0.00000000
    28.05000000     0.00000000
    28.06000000     0.00000000
    28.07000000     0.00000000
    28.08000000     0.00000000
    28.09000000     0.00000000
    28.10000000     0.00000000
    28.11000000     0.00000000
    28.12000000     0.00000000
    28.13000000     0.00000000
    28.14000000     0.00000000
    28.15000000     0.00000000
    28.16000000     0.00000000
    28.17000000     0.00000000
    28.18000000     0.00000000
    28.19000000     0.00000000
    28.20000000     0.00000000
    28.21000000     0.00000000
    28.22000000     0.00000000
    28.23000000     0.00000000
    28.24000000     0.00000000
    28.25000000     0.00000000
    28.26000000     0.00000000
    28.27000000     0.00000000
    28.28000000     0.00000000
    28.29000000     0.00000000
    28.30000000     0.00000000
    28.31000000     0.00000000
    28.32000000     0.00000000
    28.33000000     0.00000000
    28.34000000     0.00000000
    28.35000000     0.00000000
    28.36000000     0.00000000
    28.37000000     0.00000000
    28.38000000     0.00000000
    28.39000000     0.00000000
    28.40000000     0.00000000
    28.41000000     0.00000000
    28.42000000     0.00000000
    28.43000000     0.00000000
    28.44000000     0.00000000
    28.45000000     0.00000000
    28.46000000     0.00000000
    28.47000000     0.00000000
    28.48000000     0.00000000
    28.49000000     0.00000000
    28.50000000     0.00000000
    28.51000000     0.00000000
    28.52000000     0.00000000
    28.53000000     0.00000000
    28.54000000     0.00000000
    28.55000000     0.00000000
    28.56000000     0.00000000
    28.57000000     0.00000000
    28.58000000     0.00000000
    28.59000000     0.00000000
    28.60000000     0.00000000
    28.61000000     0.00000000
    28.62000000     0.00000000
    28.63000000     0.00000000
    28.64000000     0.00000000
    28.65000000     0.00000000
    28.66000000     0.00000000
    28.67000000     0.00000000
    28.68000000     0.00000000
    28.69000000     0.00000000
    28.70000000     0.00000000
    28.71000000     0.00000000
    28.72000000     0.00000000
    28.73000000     0.00000000
    28.74000000     0.00000000
    28.75000000     0.00000000
    28.76000000     0.00000000
    28.77000000     0.00000000
    28.78000000     0.00000000
    28.79000000     0.00000000
    28.80000000     0.00000000
    28.81000000     0.00000000
    28.82000000     0.00000000
    28.83000000     0.00000000
    28.84000000     0.00000000
    28.85000000     0.00000000
    28.86000000     0.00000000
    28.87000000     0.00000000
    28.88000000     0.00000000
    28.89000000     0.00000000
    28.90000000     0.00000000
    28.91000000     0.00000000
    28.92000000     0.00000000
    28.93000000     0.00000000
    28.94000000     0.00000000
    28.95000000     0.00000000
    28.96000000     0.00000000
    28.97000000     0.00000000
    28.98000000     0.00000000
    28.99000000     0.00000000
    29.00000000     0.00000000
    29.01000000     0.00000000
    29.02000000     0.00000000
    29.03000000     0.00000000
    29.04000000     0.00000000
    29.05000000     0.00000000
    29.06000000     0.00000000
    29.07000000     0.00000000
    29.08000000     0.00000000
    29.09000000     0.00000000
    29.10000000     0.00000000
    29.11000000     0.00000000
    29.12000000     0.00000000
    29.13000000     0.00000000
    29.14000000     0.00000000
    29.15000000     0.00000000
    29.16000000     0.00000000
    29.17000000     0.00000000
    29.18000000     0.00000000
    29.19000000     0.00000000
    29.20000000     0.00000000
    29.21000000     0.00000000
    29.22000000     0.00000000
    29.23000000     0.00000000
    29.24000000     0.00000000
    29.25000000     0.00000000
    29.26000000     0.00000000
    29.27000000     0.00000000
    29.28000000     0.00000000
    29.29000000     0.00000000
    29.30000000     0.00000000
    29.31000000     0.00000000
    29.32000000     0.00000000
    29.33000000     0.00000000
    29.34000000     0.00000000
    29.35000000     0.00000000
    29.36000000     0.00000000
    29.37000000     0.00000000
    29.38000000     0.00000000
    29.39000000     0.00000000
    29.40000000     0.00000000
    29.41000000     0.00000000
    29.42000000     0.00000000
    29.43000000     0.00000000
    29.44000000     0.00000000
    29.45000000     0.00000000
    29.46000000     0.00000000
    29.47000000     0.00000000
    29.48000000     0.00000000
    29.49000000     0.00000000
    29.50000000     0.00000000
    29.51000000     0.00000000
    29.52000000     0.00000000
    29.53000000     0.00000000
    29.54000000     0.00000000
    29.55000000     0.00000000
    29.56000000     0.00000000
    29.57000000     0.00000000
    29.58000000     0.00000000
    29.59000000     0.00000000
    29.60000000     0.00000000
    29.61000000     0.00000000
    29.62000000     0.00000000
    29.63000000     0.00000000
    29.64000000     0.00000000
    29.65000000     0.00000000
    29.66000000     0.00000000
    29.67000000     0.00000000
    29.68000000     0.00000000
    29.69000000     0.00000000
    29.70000000     0.00000000
    29.71000000     0.00000000
    29.72000000     0.00000000
    29.73000000     0.00000000
    29.74000000     0.00000000
    29.75000000     0.00000000
    29.76000000     0.00000000
    29.77000000     0.00000000
    29.78000000     0.00000000
    29.79000000     0.00000000
    29.80000000     0.00000000
    29.81000000     0.00000000
    29.82000000     0.00000000
    29.83000000     0.00000000
    29.84000000     0.00000000
    29.85000000     0.00000000
    29.86000000     0.00000000
    29.87000000     0.00000000
    29.88000000     0.00000000
    29.89000000     0.00000000
    29.90000000     0.00000000
    29.91000000     0.00000000
    29.92000000     0.00000000
    29.93000000     0.00000000
    29.94000000     0.00000000
    29.95000000     0.00000000
    29.96000000     0.00000000
    29.97000000     0.00000000
    29.98000000     0.00000000
    29.99000000     0.00000000
