#nl2j    5    1    3
     0.01000000     0.00000688
     0.02000000     0.00002632
     0.03000000     0.00005895
     0.04000000     0.00010468
     0.05000000     0.00016347
     0.06000000     0.00023530
     0.07000000     0.00032015
     0.08000000     0.00041799
     0.09000000     0.00052881
     0.10000000     0.00065258
     0.11000000     0.00078925
     0.12000000     0.00093879
     0.13000000     0.00110117
     0.14000000     0.00127634
     0.15000000     0.00146426
     0.16000000     0.00166488
     0.17000000     0.00187814
     0.18000000     0.00210399
     0.19000000     0.00234237
     0.20000000     0.00259322
     0.21000000     0.00285647
     0.22000000     0.00313206
     0.23000000     0.00341991
     0.24000000     0.00371994
     0.25000000     0.00403208
     0.26000000     0.00435625
     0.27000000     0.00469237
     0.28000000     0.00504033
     0.29000000     0.00540007
     0.30000000     0.00577147
     0.31000000     0.00615444
     0.32000000     0.00654888
     0.33000000     0.00695469
     0.34000000     0.00737177
     0.35000000     0.00780000
     0.36000000     0.00823927
     0.37000000     0.00868946
     0.38000000     0.00915046
     0.39000000     0.00962215
     0.40000000     0.01010441
     0.41000000     0.01059710
     0.42000000     0.01110009
     0.43000000     0.01161326
     0.44000000     0.01213647
     0.45000000     0.01266959
     0.46000000     0.01321246
     0.47000000     0.01376496
     0.48000000     0.01432693
     0.49000000     0.01489822
     0.50000000     0.01547869
     0.51000000     0.01606819
     0.52000000     0.01666655
     0.53000000     0.01727361
     0.54000000     0.01788923
     0.55000000     0.01851323
     0.56000000     0.01914545
     0.57000000     0.01978573
     0.58000000     0.02043389
     0.59000000     0.02108976
     0.60000000     0.02175317
     0.61000000     0.02242394
     0.62000000     0.02310189
     0.63000000     0.02378685
     0.64000000     0.02447863
     0.65000000     0.02517705
     0.66000000     0.02588192
     0.67000000     0.02659305
     0.68000000     0.02731026
     0.69000000     0.02803335
     0.70000000     0.02876213
     0.71000000     0.02949641
     0.72000000     0.03023599
     0.73000000     0.03098066
     0.74000000     0.03173024
     0.75000000     0.03248451
     0.76000000     0.03324329
     0.77000000     0.03400635
     0.78000000     0.03477351
     0.79000000     0.03554454
     0.80000000     0.03631925
     0.81000000     0.03709743
     0.82000000     0.03787885
     0.83000000     0.03866332
     0.84000000     0.03945063
     0.85000000     0.04024054
     0.86000000     0.04103286
     0.87000000     0.04182737
     0.88000000     0.04262385
     0.89000000     0.04342209
     0.90000000     0.04422186
     0.91000000     0.04502294
     0.92000000     0.04582513
     0.93000000     0.04662820
     0.94000000     0.04743192
     0.95000000     0.04823609
     0.96000000     0.04904047
     0.97000000     0.04984484
     0.98000000     0.05064899
     0.99000000     0.05145269
     1.00000000     0.05225572
     1.01000000     0.05305786
     1.02000000     0.05385888
     1.03000000     0.05465856
     1.04000000     0.05545668
     1.05000000     0.05625301
     1.06000000     0.05704733
     1.07000000     0.05783942
     1.08000000     0.05862906
     1.09000000     0.05941603
     1.10000000     0.06020009
     1.11000000     0.06098104
     1.12000000     0.06175865
     1.13000000     0.06253269
     1.14000000     0.06330296
     1.15000000     0.06406922
     1.16000000     0.06483126
     1.17000000     0.06558886
     1.18000000     0.06634181
     1.19000000     0.06708988
     1.20000000     0.06783286
     1.21000000     0.06857054
     1.22000000     0.06930270
     1.23000000     0.07002912
     1.24000000     0.07074960
     1.25000000     0.07146392
     1.26000000     0.07217187
     1.27000000     0.07287325
     1.28000000     0.07356784
     1.29000000     0.07425545
     1.30000000     0.07493585
     1.31000000     0.07560886
     1.32000000     0.07627426
     1.33000000     0.07693186
     1.34000000     0.07758145
     1.35000000     0.07822285
     1.36000000     0.07885584
     1.37000000     0.07948024
     1.38000000     0.08009586
     1.39000000     0.08070250
     1.40000000     0.08129998
     1.41000000     0.08188810
     1.42000000     0.08246668
     1.43000000     0.08303554
     1.44000000     0.08359449
     1.45000000     0.08414335
     1.46000000     0.08468196
     1.47000000     0.08521012
     1.48000000     0.08572768
     1.49000000     0.08623445
     1.50000000     0.08673026
     1.51000000     0.08721496
     1.52000000     0.08768838
     1.53000000     0.08815035
     1.54000000     0.08860071
     1.55000000     0.08903931
     1.56000000     0.08946600
     1.57000000     0.08988061
     1.58000000     0.09028301
     1.59000000     0.09067304
     1.60000000     0.09105055
     1.61000000     0.09141542
     1.62000000     0.09176749
     1.63000000     0.09210664
     1.64000000     0.09243272
     1.65000000     0.09274561
     1.66000000     0.09304518
     1.67000000     0.09333131
     1.68000000     0.09360386
     1.69000000     0.09386273
     1.70000000     0.09410780
     1.71000000     0.09433895
     1.72000000     0.09455607
     1.73000000     0.09475906
     1.74000000     0.09494781
     1.75000000     0.09512222
     1.76000000     0.09528219
     1.77000000     0.09542764
     1.78000000     0.09555845
     1.79000000     0.09567456
     1.80000000     0.09577587
     1.81000000     0.09586230
     1.82000000     0.09593377
     1.83000000     0.09599021
     1.84000000     0.09603155
     1.85000000     0.09605771
     1.86000000     0.09606863
     1.87000000     0.09606425
     1.88000000     0.09604452
     1.89000000     0.09600937
     1.90000000     0.09595875
     1.91000000     0.09589262
     1.92000000     0.09581093
     1.93000000     0.09571364
     1.94000000     0.09560072
     1.95000000     0.09547212
     1.96000000     0.09532782
     1.97000000     0.09516779
     1.98000000     0.09499201
     1.99000000     0.09480045
     2.00000000     0.09459310
     2.01000000     0.09436995
     2.02000000     0.09413098
     2.03000000     0.09387620
     2.04000000     0.09360560
     2.05000000     0.09331917
     2.06000000     0.09301693
     2.07000000     0.09269889
     2.08000000     0.09236504
     2.09000000     0.09201542
     2.10000000     0.09165004
     2.11000000     0.09126893
     2.12000000     0.09087210
     2.13000000     0.09045959
     2.14000000     0.09003144
     2.15000000     0.08958767
     2.16000000     0.08912834
     2.17000000     0.08865348
     2.18000000     0.08816314
     2.19000000     0.08765737
     2.20000000     0.08713624
     2.21000000     0.08659979
     2.22000000     0.08604810
     2.23000000     0.08548122
     2.24000000     0.08489922
     2.25000000     0.08430218
     2.26000000     0.08369017
     2.27000000     0.08306328
     2.28000000     0.08242158
     2.29000000     0.08176516
     2.30000000     0.08109412
     2.31000000     0.08040854
     2.32000000     0.07970852
     2.33000000     0.07899416
     2.34000000     0.07826557
     2.35000000     0.07752285
     2.36000000     0.07676612
     2.37000000     0.07599548
     2.38000000     0.07521105
     2.39000000     0.07441295
     2.40000000     0.07360131
     2.41000000     0.07277625
     2.42000000     0.07193791
     2.43000000     0.07108641
     2.44000000     0.07022188
     2.45000000     0.06934448
     2.46000000     0.06845434
     2.47000000     0.06755160
     2.48000000     0.06663642
     2.49000000     0.06570895
     2.50000000     0.06476933
     2.51000000     0.06381773
     2.52000000     0.06285431
     2.53000000     0.06187923
     2.54000000     0.06089265
     2.55000000     0.05989474
     2.56000000     0.05888568
     2.57000000     0.05786564
     2.58000000     0.05683480
     2.59000000     0.05579332
     2.60000000     0.05474141
     2.61000000     0.05367923
     2.62000000     0.05260699
     2.63000000     0.05152486
     2.64000000     0.05043304
     2.65000000     0.04933172
     2.66000000     0.04822110
     2.67000000     0.04710139
     2.68000000     0.04597277
     2.69000000     0.04483546
     2.70000000     0.04368966
     2.71000000     0.04253558
     2.72000000     0.04137342
     2.73000000     0.04020341
     2.74000000     0.03902576
     2.75000000     0.03784067
     2.76000000     0.03664838
     2.77000000     0.03544910
     2.78000000     0.03424305
     2.79000000     0.03303046
     2.80000000     0.03181155
     2.81000000     0.03058655
     2.82000000     0.02935569
     2.83000000     0.02811919
     2.84000000     0.02687730
     2.85000000     0.02563025
     2.86000000     0.02437826
     2.87000000     0.02312159
     2.88000000     0.02186045
     2.89000000     0.02059511
     2.90000000     0.01932579
     2.91000000     0.01805273
     2.92000000     0.01677619
     2.93000000     0.01549640
     2.94000000     0.01421361
     2.95000000     0.01292806
     2.96000000     0.01164001
     2.97000000     0.01034970
     2.98000000     0.00905738
     2.99000000     0.00776330
     3.00000000     0.00646771
     3.01000000     0.00517085
     3.02000000     0.00387300
     3.03000000     0.00257438
     3.04000000     0.00127527
     3.05000000    -0.00002410
     3.06000000    -0.00132346
     3.07000000    -0.00262256
     3.08000000    -0.00392115
     3.09000000    -0.00521897
     3.10000000    -0.00651577
     3.11000000    -0.00781129
     3.12000000    -0.00910527
     3.13000000    -0.01039747
     3.14000000    -0.01168763
     3.15000000    -0.01297549
     3.16000000    -0.01426080
     3.17000000    -0.01554330
     3.18000000    -0.01682274
     3.19000000    -0.01809887
     3.20000000    -0.01937142
     3.21000000    -0.02064016
     3.22000000    -0.02190482
     3.23000000    -0.02316515
     3.24000000    -0.02442090
     3.25000000    -0.02567183
     3.26000000    -0.02691767
     3.27000000    -0.02815819
     3.28000000    -0.02939313
     3.29000000    -0.03062224
     3.30000000    -0.03184528
     3.31000000    -0.03306200
     3.32000000    -0.03427215
     3.33000000    -0.03547550
     3.34000000    -0.03667180
     3.35000000    -0.03786081
     3.36000000    -0.03904228
     3.37000000    -0.04021599
     3.38000000    -0.04138169
     3.39000000    -0.04253914
     3.40000000    -0.04368811
     3.41000000    -0.04482837
     3.42000000    -0.04595968
     3.43000000    -0.04708183
     3.44000000    -0.04819456
     3.45000000    -0.04929767
     3.46000000    -0.05039093
     3.47000000    -0.05147410
     3.48000000    -0.05254698
     3.49000000    -0.05360934
     3.50000000    -0.05466097
     3.51000000    -0.05570164
     3.52000000    -0.05673115
     3.53000000    -0.05774928
     3.54000000    -0.05875583
     3.55000000    -0.05975059
     3.56000000    -0.06073336
     3.57000000    -0.06170392
     3.58000000    -0.06266209
     3.59000000    -0.06360766
     3.60000000    -0.06454045
     3.61000000    -0.06546025
     3.62000000    -0.06636687
     3.63000000    -0.06726014
     3.64000000    -0.06813986
     3.65000000    -0.06900585
     3.66000000    -0.06985794
     3.67000000    -0.07069594
     3.68000000    -0.07151968
     3.69000000    -0.07232900
     3.70000000    -0.07312371
     3.71000000    -0.07390366
     3.72000000    -0.07466869
     3.73000000    -0.07541863
     3.74000000    -0.07615333
     3.75000000    -0.07687263
     3.76000000    -0.07757639
     3.77000000    -0.07826445
     3.78000000    -0.07893667
     3.79000000    -0.07959292
     3.80000000    -0.08023304
     3.81000000    -0.08085692
     3.82000000    -0.08146441
     3.83000000    -0.08205539
     3.84000000    -0.08262974
     3.85000000    -0.08318733
     3.86000000    -0.08372804
     3.87000000    -0.08425176
     3.88000000    -0.08475839
     3.89000000    -0.08524780
     3.90000000    -0.08571990
     3.91000000    -0.08617459
     3.92000000    -0.08661177
     3.93000000    -0.08703134
     3.94000000    -0.08743322
     3.95000000    -0.08781732
     3.96000000    -0.08818356
     3.97000000    -0.08853185
     3.98000000    -0.08886213
     3.99000000    -0.08917432
     4.00000000    -0.08946836
     4.01000000    -0.08974417
     4.02000000    -0.09000170
     4.03000000    -0.09024089
     4.04000000    -0.09046169
     4.05000000    -0.09066406
     4.06000000    -0.09084793
     4.07000000    -0.09101329
     4.08000000    -0.09116007
     4.09000000    -0.09128826
     4.10000000    -0.09139782
     4.11000000    -0.09148872
     4.12000000    -0.09156095
     4.13000000    -0.09161449
     4.14000000    -0.09164931
     4.15000000    -0.09166541
     4.16000000    -0.09166279
     4.17000000    -0.09164143
     4.18000000    -0.09160135
     4.19000000    -0.09154254
     4.20000000    -0.09146502
     4.21000000    -0.09136879
     4.22000000    -0.09125388
     4.23000000    -0.09112030
     4.24000000    -0.09096808
     4.25000000    -0.09079725
     4.26000000    -0.09060784
     4.27000000    -0.09039988
     4.28000000    -0.09017342
     4.29000000    -0.08992849
     4.30000000    -0.08966515
     4.31000000    -0.08938345
     4.32000000    -0.08908344
     4.33000000    -0.08876519
     4.34000000    -0.08842874
     4.35000000    -0.08807418
     4.36000000    -0.08770157
     4.37000000    -0.08731099
     4.38000000    -0.08690251
     4.39000000    -0.08647622
     4.40000000    -0.08603220
     4.41000000    -0.08557054
     4.42000000    -0.08509133
     4.43000000    -0.08459468
     4.44000000    -0.08408067
     4.45000000    -0.08354942
     4.46000000    -0.08300103
     4.47000000    -0.08243562
     4.48000000    -0.08185329
     4.49000000    -0.08125416
     4.50000000    -0.08063837
     4.51000000    -0.08000603
     4.52000000    -0.07935727
     4.53000000    -0.07869222
     4.54000000    -0.07801103
     4.55000000    -0.07731382
     4.56000000    -0.07660074
     4.57000000    -0.07587194
     4.58000000    -0.07512757
     4.59000000    -0.07436777
     4.60000000    -0.07359271
     4.61000000    -0.07280253
     4.62000000    -0.07199741
     4.63000000    -0.07117751
     4.64000000    -0.07034300
     4.65000000    -0.06949404
     4.66000000    -0.06863082
     4.67000000    -0.06775351
     4.68000000    -0.06686228
     4.69000000    -0.06595733
     4.70000000    -0.06503883
     4.71000000    -0.06410699
     4.72000000    -0.06316198
     4.73000000    -0.06220400
     4.74000000    -0.06123325
     4.75000000    -0.06024994
     4.76000000    -0.05925425
     4.77000000    -0.05824640
     4.78000000    -0.05722659
     4.79000000    -0.05619504
     4.80000000    -0.05515195
     4.81000000    -0.05409755
     4.82000000    -0.05303204
     4.83000000    -0.05195565
     4.84000000    -0.05086860
     4.85000000    -0.04977111
     4.86000000    -0.04866340
     4.87000000    -0.04754572
     4.88000000    -0.04641828
     4.89000000    -0.04528132
     4.90000000    -0.04413508
     4.91000000    -0.04297978
     4.92000000    -0.04181567
     4.93000000    -0.04064298
     4.94000000    -0.03946197
     4.95000000    -0.03827286
     4.96000000    -0.03707591
     4.97000000    -0.03587136
     4.98000000    -0.03465946
     4.99000000    -0.03344046
     5.00000000    -0.03221461
     5.01000000    -0.03098217
     5.02000000    -0.02974338
     5.03000000    -0.02849849
     5.04000000    -0.02724778
     5.05000000    -0.02599149
     5.06000000    -0.02472988
     5.07000000    -0.02346320
     5.08000000    -0.02219173
     5.09000000    -0.02091572
     5.10000000    -0.01963544
     5.11000000    -0.01835114
     5.12000000    -0.01706309
     5.13000000    -0.01577155
     5.14000000    -0.01447679
     5.15000000    -0.01317907
     5.16000000    -0.01187866
     5.17000000    -0.01057583
     5.18000000    -0.00927084
     5.19000000    -0.00796395
     5.20000000    -0.00665544
     5.21000000    -0.00534558
     5.22000000    -0.00403462
     5.23000000    -0.00272284
     5.24000000    -0.00141051
     5.25000000    -0.00009789
     5.26000000     0.00121475
     5.27000000     0.00252714
     5.28000000     0.00383902
     5.29000000     0.00515012
     5.30000000     0.00646017
     5.31000000     0.00776890
     5.32000000     0.00907606
     5.33000000     0.01038138
     5.34000000     0.01168458
     5.35000000     0.01298542
     5.36000000     0.01428361
     5.37000000     0.01557892
     5.38000000     0.01687106
     5.39000000     0.01815978
     5.40000000     0.01944483
     5.41000000     0.02072593
     5.42000000     0.02200284
     5.43000000     0.02327530
     5.44000000     0.02454306
     5.45000000     0.02580585
     5.46000000     0.02706343
     5.47000000     0.02831554
     5.48000000     0.02956193
     5.49000000     0.03080237
     5.50000000     0.03203659
     5.51000000     0.03326435
     5.52000000     0.03448542
     5.53000000     0.03569954
     5.54000000     0.03690647
     5.55000000     0.03810599
     5.56000000     0.03929785
     5.57000000     0.04048181
     5.58000000     0.04165765
     5.59000000     0.04282512
     5.60000000     0.04398401
     5.61000000     0.04513409
     5.62000000     0.04627513
     5.63000000     0.04740691
     5.64000000     0.04852921
     5.65000000     0.04964180
     5.66000000     0.05074449
     5.67000000     0.05183704
     5.68000000     0.05291926
     5.69000000     0.05399092
     5.70000000     0.05505184
     5.71000000     0.05610180
     5.72000000     0.05714060
     5.73000000     0.05816805
     5.74000000     0.05918395
     5.75000000     0.06018810
     5.76000000     0.06118033
     5.77000000     0.06216043
     5.78000000     0.06312824
     5.79000000     0.06408356
     5.80000000     0.06502621
     5.81000000     0.06595604
     5.82000000     0.06687285
     5.83000000     0.06777649
     5.84000000     0.06866678
     5.85000000     0.06954357
     5.86000000     0.07040669
     5.87000000     0.07125599
     5.88000000     0.07209131
     5.89000000     0.07291251
     5.90000000     0.07371944
     5.91000000     0.07451196
     5.92000000     0.07528992
     5.93000000     0.07605319
     5.94000000     0.07680163
     5.95000000     0.07753513
     5.96000000     0.07825354
     5.97000000     0.07895675
     5.98000000     0.07964465
     5.99000000     0.08031710
     6.00000000     0.08097401
     6.01000000     0.08161526
     6.02000000     0.08224074
     6.03000000     0.08285037
     6.04000000     0.08344403
     6.05000000     0.08402164
     6.06000000     0.08458310
     6.07000000     0.08512833
     6.08000000     0.08565725
     6.09000000     0.08616977
     6.10000000     0.08666582
     6.11000000     0.08714533
     6.12000000     0.08760823
     6.13000000     0.08805445
     6.14000000     0.08848394
     6.15000000     0.08889664
     6.16000000     0.08929250
     6.17000000     0.08967145
     6.18000000     0.09003347
     6.19000000     0.09037851
     6.20000000     0.09070652
     6.21000000     0.09101748
     6.22000000     0.09131136
     6.23000000     0.09158812
     6.24000000     0.09184774
     6.25000000     0.09209021
     6.26000000     0.09231551
     6.27000000     0.09252363
     6.28000000     0.09271455
     6.29000000     0.09288828
     6.30000000     0.09304481
     6.31000000     0.09318414
     6.32000000     0.09330629
     6.33000000     0.09341125
     6.34000000     0.09349906
     6.35000000     0.09356971
     6.36000000     0.09362324
     6.37000000     0.09365967
     6.38000000     0.09367902
     6.39000000     0.09368133
     6.40000000     0.09366663
     6.41000000     0.09363496
     6.42000000     0.09358637
     6.43000000     0.09352089
     6.44000000     0.09343858
     6.45000000     0.09333949
     6.46000000     0.09322367
     6.47000000     0.09309119
     6.48000000     0.09294210
     6.49000000     0.09277647
     6.50000000     0.09259437
     6.51000000     0.09239587
     6.52000000     0.09218105
     6.53000000     0.09194998
     6.54000000     0.09170275
     6.55000000     0.09143944
     6.56000000     0.09116013
     6.57000000     0.09086493
     6.58000000     0.09055391
     6.59000000     0.09022718
     6.60000000     0.08988483
     6.61000000     0.08952697
     6.62000000     0.08915370
     6.63000000     0.08876513
     6.64000000     0.08836137
     6.65000000     0.08794253
     6.66000000     0.08750873
     6.67000000     0.08706008
     6.68000000     0.08659670
     6.69000000     0.08611872
     6.70000000     0.08562626
     6.71000000     0.08511945
     6.72000000     0.08459841
     6.73000000     0.08406329
     6.74000000     0.08351421
     6.75000000     0.08295131
     6.76000000     0.08237472
     6.77000000     0.08178460
     6.78000000     0.08118107
     6.79000000     0.08056429
     6.80000000     0.07993440
     6.81000000     0.07929155
     6.82000000     0.07863588
     6.83000000     0.07796755
     6.84000000     0.07728671
     6.85000000     0.07659352
     6.86000000     0.07588813
     6.87000000     0.07517069
     6.88000000     0.07444138
     6.89000000     0.07370034
     6.90000000     0.07294774
     6.91000000     0.07218375
     6.92000000     0.07140851
     6.93000000     0.07062221
     6.94000000     0.06982501
     6.95000000     0.06901706
     6.96000000     0.06819855
     6.97000000     0.06736964
     6.98000000     0.06653050
     6.99000000     0.06568130
     7.00000000     0.06482221
     7.01000000     0.06395340
     7.02000000     0.06307505
     7.03000000     0.06218732
     7.04000000     0.06129040
     7.05000000     0.06038445
     7.06000000     0.05946965
     7.07000000     0.05854618
     7.08000000     0.05761420
     7.09000000     0.05667389
     7.10000000     0.05572544
     7.11000000     0.05476900
     7.12000000     0.05380477
     7.13000000     0.05283290
     7.14000000     0.05185359
     7.15000000     0.05086700
     7.16000000     0.04987331
     7.17000000     0.04887268
     7.18000000     0.04786531
     7.19000000     0.04685135
     7.20000000     0.04583099
     7.21000000     0.04480439
     7.22000000     0.04377173
     7.23000000     0.04273318
     7.24000000     0.04168892
     7.25000000     0.04063910
     7.26000000     0.03958390
     7.27000000     0.03852350
     7.28000000     0.03745806
     7.29000000     0.03638774
     7.30000000     0.03531271
     7.31000000     0.03423315
     7.32000000     0.03314920
     7.33000000     0.03206105
     7.34000000     0.03096884
     7.35000000     0.02987275
     7.36000000     0.02877293
     7.37000000     0.02766954
     7.38000000     0.02656274
     7.39000000     0.02545269
     7.40000000     0.02433953
     7.41000000     0.02322344
     7.42000000     0.02210455
     7.43000000     0.02098303
     7.44000000     0.01985901
     7.45000000     0.01873266
     7.46000000     0.01760411
     7.47000000     0.01647352
     7.48000000     0.01534103
     7.49000000     0.01420677
     7.50000000     0.01307090
     7.51000000     0.01193355
     7.52000000     0.01079486
     7.53000000     0.00965496
     7.54000000     0.00851399
     7.55000000     0.00737209
     7.56000000     0.00622938
     7.57000000     0.00508600
     7.58000000     0.00394207
     7.59000000     0.00279772
     7.60000000     0.00165307
     7.61000000     0.00050825
     7.62000000    -0.00063663
     7.63000000    -0.00178144
     7.64000000    -0.00292606
     7.65000000    -0.00407039
     7.66000000    -0.00521431
     7.67000000    -0.00635770
     7.68000000    -0.00750046
     7.69000000    -0.00864247
     7.70000000    -0.00978364
     7.71000000    -0.01092386
     7.72000000    -0.01206302
     7.73000000    -0.01320102
     7.74000000    -0.01433777
     7.75000000    -0.01547317
     7.76000000    -0.01660712
     7.77000000    -0.01773954
     7.78000000    -0.01887032
     7.79000000    -0.01999938
     7.80000000    -0.02112663
     7.81000000    -0.02225199
     7.82000000    -0.02337538
     7.83000000    -0.02449670
     7.84000000    -0.02561589
     7.85000000    -0.02673285
     7.86000000    -0.02784752
     7.87000000    -0.02895983
     7.88000000    -0.03006969
     7.89000000    -0.03117704
     7.90000000    -0.03228180
     7.91000000    -0.03338392
     7.92000000    -0.03448332
     7.93000000    -0.03557994
     7.94000000    -0.03667372
     7.95000000    -0.03776460
     7.96000000    -0.03885252
     7.97000000    -0.03993742
     7.98000000    -0.04101925
     7.99000000    -0.04209795
     8.00000000    -0.04317347
     8.01000000    -0.04424576
     8.02000000    -0.04531477
     8.03000000    -0.04638046
     8.04000000    -0.04744277
     8.05000000    -0.04850167
     8.06000000    -0.04955712
     8.07000000    -0.05060906
     8.08000000    -0.05165747
     8.09000000    -0.05270230
     8.10000000    -0.05374352
     8.11000000    -0.05478110
     8.12000000    -0.05581499
     8.13000000    -0.05684517
     8.14000000    -0.05787161
     8.15000000    -0.05889427
     8.16000000    -0.05991314
     8.17000000    -0.06092818
     8.18000000    -0.06193936
     8.19000000    -0.06294667
     8.20000000    -0.06395008
     8.21000000    -0.06494957
     8.22000000    -0.06594512
     8.23000000    -0.06693672
     8.24000000    -0.06792433
     8.25000000    -0.06890795
     8.26000000    -0.06988756
     8.27000000    -0.07086315
     8.28000000    -0.07183471
     8.29000000    -0.07280221
     8.30000000    -0.07376566
     8.31000000    -0.07472504
     8.32000000    -0.07568034
     8.33000000    -0.07663155
     8.34000000    -0.07757867
     8.35000000    -0.07852169
     8.36000000    -0.07946061
     8.37000000    -0.08039542
     8.38000000    -0.08132612
     8.39000000    -0.08225271
     8.40000000    -0.08317519
     8.41000000    -0.08409354
     8.42000000    -0.08500779
     8.43000000    -0.08591792
     8.44000000    -0.08682394
     8.45000000    -0.08772585
     8.46000000    -0.08862366
     8.47000000    -0.08951737
     8.48000000    -0.09040697
     8.49000000    -0.09129249
     8.50000000    -0.09217393
     8.51000000    -0.09305129
     8.52000000    -0.09392457
     8.53000000    -0.09479380
     8.54000000    -0.09565897
     8.55000000    -0.09652010
     8.56000000    -0.09737720
     8.57000000    -0.09823028
     8.58000000    -0.09907934
     8.59000000    -0.09992440
     8.60000000    -0.10076547
     8.61000000    -0.10160257
     8.62000000    -0.10243570
     8.63000000    -0.10326489
     8.64000000    -0.10409014
     8.65000000    -0.10491147
     8.66000000    -0.10572889
     8.67000000    -0.10654242
     8.68000000    -0.10735208
     8.69000000    -0.10815787
     8.70000000    -0.10895982
     8.71000000    -0.10975795
     8.72000000    -0.11055226
     8.73000000    -0.11134279
     8.74000000    -0.11212953
     8.75000000    -0.11291252
     8.76000000    -0.11369177
     8.77000000    -0.11446730
     8.78000000    -0.11523912
     8.79000000    -0.11600726
     8.80000000    -0.11677173
     8.81000000    -0.11753256
     8.82000000    -0.11828977
     8.83000000    -0.11904336
     8.84000000    -0.11979337
     8.85000000    -0.12053981
     8.86000000    -0.12128271
     8.87000000    -0.12202208
     8.88000000    -0.12275794
     8.89000000    -0.12349032
     8.90000000    -0.12421923
     8.91000000    -0.12494470
     8.92000000    -0.12566674
     8.93000000    -0.12638538
     8.94000000    -0.12710064
     8.95000000    -0.12781254
     8.96000000    -0.12852110
     8.97000000    -0.12922634
     8.98000000    -0.12992829
     8.99000000    -0.13062696
     9.00000000    -0.13132238
     9.01000000    -0.13201457
     9.02000000    -0.13270354
     9.03000000    -0.13338932
     9.04000000    -0.13407194
     9.05000000    -0.13475141
     9.06000000    -0.13542776
     9.07000000    -0.13610100
     9.08000000    -0.13677116
     9.09000000    -0.13743826
     9.10000000    -0.13810232
     9.11000000    -0.13876336
     9.12000000    -0.13942141
     9.13000000    -0.14007648
     9.14000000    -0.14072859
     9.15000000    -0.14137778
     9.16000000    -0.14202405
     9.17000000    -0.14266743
     9.18000000    -0.14330794
     9.19000000    -0.14394560
     9.20000000    -0.14458044
     9.21000000    -0.14521247
     9.22000000    -0.14584171
     9.23000000    -0.14646819
     9.24000000    -0.14709192
     9.25000000    -0.14771292
     9.26000000    -0.14833123
     9.27000000    -0.14894685
     9.28000000    -0.14955980
     9.29000000    -0.15017011
     9.30000000    -0.15077780
     9.31000000    -0.15138288
     9.32000000    -0.15198538
     9.33000000    -0.15258532
     9.34000000    -0.15318271
     9.35000000    -0.15377758
     9.36000000    -0.15436994
     9.37000000    -0.15495981
     9.38000000    -0.15554721
     9.39000000    -0.15613217
     9.40000000    -0.15671469
     9.41000000    -0.15729481
     9.42000000    -0.15787253
     9.43000000    -0.15844787
     9.44000000    -0.15902086
     9.45000000    -0.15959151
     9.46000000    -0.16015985
     9.47000000    -0.16072587
     9.48000000    -0.16128962
     9.49000000    -0.16185110
     9.50000000    -0.16241032
     9.51000000    -0.16296732
     9.52000000    -0.16352210
     9.53000000    -0.16407468
     9.54000000    -0.16462509
     9.55000000    -0.16517332
     9.56000000    -0.16571941
     9.57000000    -0.16626337
     9.58000000    -0.16680522
     9.59000000    -0.16734496
     9.60000000    -0.16788262
     9.61000000    -0.16841822
     9.62000000    -0.16895176
     9.63000000    -0.16948327
     9.64000000    -0.17001276
     9.65000000    -0.17054025
     9.66000000    -0.17106574
     9.67000000    -0.17158926
     9.68000000    -0.17211082
     9.69000000    -0.17263044
     9.70000000    -0.17314813
     9.71000000    -0.17366390
     9.72000000    -0.17417776
     9.73000000    -0.17468975
     9.74000000    -0.17519985
     9.75000000    -0.17570810
     9.76000000    -0.17621451
     9.77000000    -0.17671908
     9.78000000    -0.17722183
     9.79000000    -0.17772277
     9.80000000    -0.17822193
     9.81000000    -0.17871930
     9.82000000    -0.17921491
     9.83000000    -0.17970877
     9.84000000    -0.18020088
     9.85000000    -0.18069127
     9.86000000    -0.18117994
     9.87000000    -0.18166690
     9.88000000    -0.18215217
     9.89000000    -0.18263577
     9.90000000    -0.18311769
     9.91000000    -0.18359796
     9.92000000    -0.18407658
     9.93000000    -0.18455357
     9.94000000    -0.18502894
     9.95000000    -0.18550269
     9.96000000    -0.18597485
     9.97000000    -0.18644541
     9.98000000    -0.18691440
     9.99000000    -0.18738181
    10.00000000    -0.18784767
    10.01000000    -0.18831198
    10.02000000    -0.18877476
    10.03000000    -0.18923600
    10.04000000    -0.18969573
    10.05000000    -0.19015396
    10.06000000    -0.19061068
    10.07000000    -0.19106591
    10.08000000    -0.19151967
    10.09000000    -0.19197196
    10.10000000    -0.19242279
    10.11000000    -0.19287216
    10.12000000    -0.19332010
    10.13000000    -0.19376660
    10.14000000    -0.19421167
    10.15000000    -0.19465533
    10.16000000    -0.19509758
    10.17000000    -0.19553844
    10.18000000    -0.19597790
    10.19000000    -0.19641598
    10.20000000    -0.19685269
    10.21000000    -0.19728803
    10.22000000    -0.19772201
    10.23000000    -0.19815464
    10.24000000    -0.19858593
    10.25000000    -0.19901588
    10.26000000    -0.19944450
    10.27000000    -0.19987181
    10.28000000    -0.20029779
    10.29000000    -0.20072248
    10.30000000    -0.20114586
    10.31000000    -0.20156795
    10.32000000    -0.20198876
    10.33000000    -0.20240828
    10.34000000    -0.20282654
    10.35000000    -0.20324353
    10.36000000    -0.20365925
    10.37000000    -0.20407373
    10.38000000    -0.20448696
    10.39000000    -0.20489895
    10.40000000    -0.20530970
    10.41000000    -0.20571923
    10.42000000    -0.20612753
    10.43000000    -0.20653462
    10.44000000    -0.20694049
    10.45000000    -0.20734516
    10.46000000    -0.20774863
    10.47000000    -0.20815091
    10.48000000    -0.20855199
    10.49000000    -0.20895190
    10.50000000    -0.20935062
    10.51000000    -0.20974817
    10.52000000    -0.21014455
    10.53000000    -0.21053977
    10.54000000    -0.21093383
    10.55000000    -0.21132674
    10.56000000    -0.21171850
    10.57000000    -0.21210911
    10.58000000    -0.21249858
    10.59000000    -0.21288692
    10.60000000    -0.21327413
    10.61000000    -0.21366021
    10.62000000    -0.21404517
    10.63000000    -0.21442901
    10.64000000    -0.21481173
    10.65000000    -0.21519335
    10.66000000    -0.21557386
    10.67000000    -0.21595327
    10.68000000    -0.21633158
    10.69000000    -0.21670880
    10.70000000    -0.21708492
    10.71000000    -0.21745996
    10.72000000    -0.21783392
    10.73000000    -0.21820680
    10.74000000    -0.21857860
    10.75000000    -0.21894932
    10.76000000    -0.21931898
    10.77000000    -0.21968757
    10.78000000    -0.22005510
    10.79000000    -0.22042157
    10.80000000    -0.22078698
    10.81000000    -0.22115134
    10.82000000    -0.22151465
    10.83000000    -0.22187690
    10.84000000    -0.22223812
    10.85000000    -0.22259829
    10.86000000    -0.22295743
    10.87000000    -0.22331552
    10.88000000    -0.22367258
    10.89000000    -0.22402862
    10.90000000    -0.22438362
    10.91000000    -0.22473759
    10.92000000    -0.22509055
    10.93000000    -0.22544248
    10.94000000    -0.22579339
    10.95000000    -0.22614328
    10.96000000    -0.22649216
    10.97000000    -0.22684003
    10.98000000    -0.22718689
    10.99000000    -0.22753274
    11.00000000    -0.22787758
    11.01000000    -0.22822142
    11.02000000    -0.22856426
    11.03000000    -0.22890610
    11.04000000    -0.22924693
    11.05000000    -0.22958678
    11.06000000    -0.22992562
    11.07000000    -0.23026348
    11.08000000    -0.23060034
    11.09000000    -0.23093622
    11.10000000    -0.23127110
    11.11000000    -0.23160500
    11.12000000    -0.23193792
    11.13000000    -0.23226985
    11.14000000    -0.23260080
    11.15000000    -0.23293077
    11.16000000    -0.23325976
    11.17000000    -0.23358777
    11.18000000    -0.23391481
    11.19000000    -0.23424087
    11.20000000    -0.23456596
    11.21000000    -0.23489007
    11.22000000    -0.23521322
    11.23000000    -0.23553539
    11.24000000    -0.23585660
    11.25000000    -0.23617683
    11.26000000    -0.23649610
    11.27000000    -0.23681440
    11.28000000    -0.23713174
    11.29000000    -0.23744812
    11.30000000    -0.23776353
    11.31000000    -0.23807798
    11.32000000    -0.23839147
    11.33000000    -0.23870399
    11.34000000    -0.23901556
    11.35000000    -0.23932617
    11.36000000    -0.23963582
    11.37000000    -0.23994451
    11.38000000    -0.24025225
    11.39000000    -0.24055902
    11.40000000    -0.24086485
    11.41000000    -0.24116972
    11.42000000    -0.24147363
    11.43000000    -0.24177659
    11.44000000    -0.24207860
    11.45000000    -0.24237965
    11.46000000    -0.24267975
    11.47000000    -0.24297890
    11.48000000    -0.24327710
    11.49000000    -0.24357435
    11.50000000    -0.24387064
    11.51000000    -0.24416599
    11.52000000    -0.24446038
    11.53000000    -0.24475383
    11.54000000    -0.24504633
    11.55000000    -0.24533787
    11.56000000    -0.24562847
    11.57000000    -0.24591812
    11.58000000    -0.24620682
    11.59000000    -0.24649457
    11.60000000    -0.24678138
    11.61000000    -0.24706723
    11.62000000    -0.24735214
    11.63000000    -0.24763610
    11.64000000    -0.24791912
    11.65000000    -0.24820118
    11.66000000    -0.24848230
    11.67000000    -0.24876247
    11.68000000    -0.24904169
    11.69000000    -0.24931996
    11.70000000    -0.24959729
    11.71000000    -0.24987367
    11.72000000    -0.25014910
    11.73000000    -0.25042358
    11.74000000    -0.25069712
    11.75000000    -0.25096970
    11.76000000    -0.25124134
    11.77000000    -0.25151203
    11.78000000    -0.25178178
    11.79000000    -0.25205057
    11.80000000    -0.25231841
    11.81000000    -0.25258531
    11.82000000    -0.25285126
    11.83000000    -0.25311625
    11.84000000    -0.25338030
    11.85000000    -0.25364340
    11.86000000    -0.25390554
    11.87000000    -0.25416674
    11.88000000    -0.25442699
    11.89000000    -0.25468628
    11.90000000    -0.25494462
    11.91000000    -0.25520202
    11.92000000    -0.25545846
    11.93000000    -0.25571394
    11.94000000    -0.25596848
    11.95000000    -0.25622206
    11.96000000    -0.25647468
    11.97000000    -0.25672636
    11.98000000    -0.25697708
    11.99000000    -0.25722684
    12.00000000    -0.25747565
    12.01000000    -0.25772350
    12.02000000    -0.25797040
    12.03000000    -0.25821634
    12.04000000    -0.25846132
    12.05000000    -0.25870534
    12.06000000    -0.25894841
    12.07000000    -0.25919052
    12.08000000    -0.25943167
    12.09000000    -0.25967186
    12.10000000    -0.25991109
    12.11000000    -0.26014936
    12.12000000    -0.26038667
    12.13000000    -0.26062301
    12.14000000    -0.26085840
    12.15000000    -0.26109282
    12.16000000    -0.26132628
    12.17000000    -0.26155877
    12.18000000    -0.26179030
    12.19000000    -0.26202086
    12.20000000    -0.26225046
    12.21000000    -0.26247909
    12.22000000    -0.26270675
    12.23000000    -0.26293345
    12.24000000    -0.26315918
    12.25000000    -0.26338394
    12.26000000    -0.26360773
    12.27000000    -0.26383055
    12.28000000    -0.26405240
    12.29000000    -0.26427327
    12.30000000    -0.26449318
    12.31000000    -0.26471211
    12.32000000    -0.26493007
    12.33000000    -0.26514705
    12.34000000    -0.26536306
    12.35000000    -0.26557809
    12.36000000    -0.26579215
    12.37000000    -0.26600523
    12.38000000    -0.26621733
    12.39000000    -0.26642846
    12.40000000    -0.26663860
    12.41000000    -0.26684777
    12.42000000    -0.26705595
    12.43000000    -0.26726316
    12.44000000    -0.26746938
    12.45000000    -0.26767461
    12.46000000    -0.26787887
    12.47000000    -0.26808214
    12.48000000    -0.26828443
    12.49000000    -0.26848572
    12.50000000    -0.26868604
    12.51000000    -0.26888536
    12.52000000    -0.26908370
    12.53000000    -0.26928105
    12.54000000    -0.26947741
    12.55000000    -0.26967278
    12.56000000    -0.26986716
    12.57000000    -0.27006054
    12.58000000    -0.27025294
    12.59000000    -0.27044434
    12.60000000    -0.27063475
    12.61000000    -0.27082416
    12.62000000    -0.27101257
    12.63000000    -0.27119999
    12.64000000    -0.27138641
    12.65000000    -0.27157184
    12.66000000    -0.27175626
    12.67000000    -0.27193969
    12.68000000    -0.27212211
    12.69000000    -0.27230354
    12.70000000    -0.27248396
    12.71000000    -0.27266338
    12.72000000    -0.27284179
    12.73000000    -0.27301920
    12.74000000    -0.27319561
    12.75000000    -0.27337101
    12.76000000    -0.27354540
    12.77000000    -0.27371878
    12.78000000    -0.27389116
    12.79000000    -0.27406253
    12.80000000    -0.27423288
    12.81000000    -0.27440223
    12.82000000    -0.27457057
    12.83000000    -0.27473789
    12.84000000    -0.27490420
    12.85000000    -0.27506949
    12.86000000    -0.27523377
    12.87000000    -0.27539704
    12.88000000    -0.27555928
    12.89000000    -0.27572051
    12.90000000    -0.27588073
    12.91000000    -0.27603992
    12.92000000    -0.27619810
    12.93000000    -0.27635525
    12.94000000    -0.27651138
    12.95000000    -0.27666649
    12.96000000    -0.27682058
    12.97000000    -0.27697364
    12.98000000    -0.27712568
    12.99000000    -0.27727669
    13.00000000    -0.27742668
    13.01000000    -0.27757564
    13.02000000    -0.27772357
    13.03000000    -0.27787048
    13.04000000    -0.27801635
    13.05000000    -0.27816120
    13.06000000    -0.27830501
    13.07000000    -0.27844780
    13.08000000    -0.27858955
    13.09000000    -0.27873026
    13.10000000    -0.27886994
    13.11000000    -0.27900859
    13.12000000    -0.27914620
    13.13000000    -0.27928278
    13.14000000    -0.27941832
    13.15000000    -0.27955282
    13.16000000    -0.27968628
    13.17000000    -0.27981870
    13.18000000    -0.27995008
    13.19000000    -0.28008042
    13.20000000    -0.28020972
    13.21000000    -0.28033798
    13.22000000    -0.28046519
    13.23000000    -0.28059136
    13.24000000    -0.28071648
    13.25000000    -0.28084056
    13.26000000    -0.28096359
    13.27000000    -0.28108557
    13.28000000    -0.28120651
    13.29000000    -0.28132640
    13.30000000    -0.28144523
    13.31000000    -0.28156302
    13.32000000    -0.28167976
    13.33000000    -0.28179544
    13.34000000    -0.28191007
    13.35000000    -0.28202365
    13.36000000    -0.28213617
    13.37000000    -0.28224764
    13.38000000    -0.28235806
    13.39000000    -0.28246741
    13.40000000    -0.28257571
    13.41000000    -0.28268296
    13.42000000    -0.28278914
    13.43000000    -0.28289427
    13.44000000    -0.28299833
    13.45000000    -0.28310134
    13.46000000    -0.28320328
    13.47000000    -0.28330416
    13.48000000    -0.28340398
    13.49000000    -0.28350274
    13.50000000    -0.28360043
    13.51000000    -0.28369705
    13.52000000    -0.28379262
    13.53000000    -0.28388711
    13.54000000    -0.28398054
    13.55000000    -0.28407290
    13.56000000    -0.28416419
    13.57000000    -0.28425441
    13.58000000    -0.28434356
    13.59000000    -0.28443165
    13.60000000    -0.28451866
    13.61000000    -0.28460460
    13.62000000    -0.28468946
    13.63000000    -0.28477326
    13.64000000    -0.28485598
    13.65000000    -0.28493763
    13.66000000    -0.28501820
    13.67000000    -0.28509769
    13.68000000    -0.28517611
    13.69000000    -0.28525345
    13.70000000    -0.28532972
    13.71000000    -0.28540491
    13.72000000    -0.28547901
    13.73000000    -0.28555204
    13.74000000    -0.28562399
    13.75000000    -0.28569486
    13.76000000    -0.28576464
    13.77000000    -0.28583335
    13.78000000    -0.28590097
    13.79000000    -0.28596750
    13.80000000    -0.28603296
    13.81000000    -0.28609733
    13.82000000    -0.28616061
    13.83000000    -0.28622281
    13.84000000    -0.28628392
    13.85000000    -0.28634395
    13.86000000    -0.28640289
    13.87000000    -0.28646074
    13.88000000    -0.28651750
    13.89000000    -0.28657317
    13.90000000    -0.28662776
    13.91000000    -0.28668125
    13.92000000    -0.28673365
    13.93000000    -0.28678496
    13.94000000    -0.28683518
    13.95000000    -0.28688431
    13.96000000    -0.28693234
    13.97000000    -0.28697928
    13.98000000    -0.28702513
    13.99000000    -0.28706988
    14.00000000    -0.28711353
    14.01000000    -0.28715609
    14.02000000    -0.28719756
    14.03000000    -0.28723792
    14.04000000    -0.28727719
    14.05000000    -0.28731537
    14.06000000    -0.28735244
    14.07000000    -0.28738841
    14.08000000    -0.28742329
    14.09000000    -0.28745707
    14.10000000    -0.28748974
    14.11000000    -0.28752132
    14.12000000    -0.28755179
    14.13000000    -0.28758116
    14.14000000    -0.28760943
    14.15000000    -0.28763660
    14.16000000    -0.28766267
    14.17000000    -0.28768763
    14.18000000    -0.28771148
    14.19000000    -0.28773424
    14.20000000    -0.28775588
    14.21000000    -0.28777643
    14.22000000    -0.28779586
    14.23000000    -0.28781419
    14.24000000    -0.28783142
    14.25000000    -0.28784754
    14.26000000    -0.28786254
    14.27000000    -0.28787645
    14.28000000    -0.28788924
    14.29000000    -0.28790092
    14.30000000    -0.28791150
    14.31000000    -0.28792097
    14.32000000    -0.28792932
    14.33000000    -0.28793657
    14.34000000    -0.28794270
    14.35000000    -0.28794773
    14.36000000    -0.28795164
    14.37000000    -0.28795444
    14.38000000    -0.28795613
    14.39000000    -0.28795671
    14.40000000    -0.28795617
    14.41000000    -0.28795452
    14.42000000    -0.28795176
    14.43000000    -0.28794788
    14.44000000    -0.28794289
    14.45000000    -0.28793679
    14.46000000    -0.28792956
    14.47000000    -0.28792123
    14.48000000    -0.28791178
    14.49000000    -0.28790121
    14.50000000    -0.28788953
    14.51000000    -0.28787673
    14.52000000    -0.28786281
    14.53000000    -0.28784778
    14.54000000    -0.28783163
    14.55000000    -0.28781436
    14.56000000    -0.28779597
    14.57000000    -0.28777647
    14.58000000    -0.28775585
    14.59000000    -0.28773410
    14.60000000    -0.28771124
    14.61000000    -0.28768726
    14.62000000    -0.28766216
    14.63000000    -0.28763595
    14.64000000    -0.28760861
    14.65000000    -0.28758015
    14.66000000    -0.28755057
    14.67000000    -0.28751987
    14.68000000    -0.28748805
    14.69000000    -0.28745511
    14.70000000    -0.28742104
    14.71000000    -0.28738586
    14.72000000    -0.28734955
    14.73000000    -0.28731212
    14.74000000    -0.28727357
    14.75000000    -0.28723390
    14.76000000    -0.28719310
    14.77000000    -0.28715118
    14.78000000    -0.28710814
    14.79000000    -0.28706398
    14.80000000    -0.28701869
    14.81000000    -0.28697228
    14.82000000    -0.28692475
    14.83000000    -0.28687609
    14.84000000    -0.28682631
    14.85000000    -0.28677540
    14.86000000    -0.28672337
    14.87000000    -0.28667022
    14.88000000    -0.28661594
    14.89000000    -0.28656054
    14.90000000    -0.28650401
    14.91000000    -0.28644636
    14.92000000    -0.28638759
    14.93000000    -0.28632768
    14.94000000    -0.28626666
    14.95000000    -0.28620451
    14.96000000    -0.28614123
    14.97000000    -0.28607683
    14.98000000    -0.28601130
    14.99000000    -0.28594465
    15.00000000    -0.28587687
    15.01000000    -0.28580797
    15.02000000    -0.28573794
    15.03000000    -0.28566679
    15.04000000    -0.28559451
    15.05000000    -0.28552110
    15.06000000    -0.28544657
    15.07000000    -0.28537092
    15.08000000    -0.28529413
    15.09000000    -0.28521623
    15.10000000    -0.28513719
    15.11000000    -0.28505703
    15.12000000    -0.28497575
    15.13000000    -0.28489333
    15.14000000    -0.28480980
    15.15000000    -0.28472514
    15.16000000    -0.28463935
    15.17000000    -0.28455243
    15.18000000    -0.28446439
    15.19000000    -0.28437523
    15.20000000    -0.28428494
    15.21000000    -0.28419352
    15.22000000    -0.28410098
    15.23000000    -0.28400731
    15.24000000    -0.28391252
    15.25000000    -0.28381660
    15.26000000    -0.28371955
    15.27000000    -0.28362138
    15.28000000    -0.28352209
    15.29000000    -0.28342167
    15.30000000    -0.28332013
    15.31000000    -0.28321746
    15.32000000    -0.28311366
    15.33000000    -0.28300875
    15.34000000    -0.28290270
    15.35000000    -0.28279554
    15.36000000    -0.28268724
    15.37000000    -0.28257783
    15.38000000    -0.28246729
    15.39000000    -0.28235563
    15.40000000    -0.28224284
    15.41000000    -0.28212893
    15.42000000    -0.28201389
    15.43000000    -0.28189773
    15.44000000    -0.28178045
    15.45000000    -0.28166205
    15.46000000    -0.28154252
    15.47000000    -0.28142187
    15.48000000    -0.28130010
    15.49000000    -0.28117721
    15.50000000    -0.28105319
    15.51000000    -0.28092805
    15.52000000    -0.28080179
    15.53000000    -0.28067441
    15.54000000    -0.28054591
    15.55000000    -0.28041628
    15.56000000    -0.28028554
    15.57000000    -0.28015368
    15.58000000    -0.28002069
    15.59000000    -0.27988658
    15.60000000    -0.27975136
    15.61000000    -0.27961501
    15.62000000    -0.27947755
    15.63000000    -0.27933897
    15.64000000    -0.27919927
    15.65000000    -0.27905845
    15.66000000    -0.27891651
    15.67000000    -0.27877345
    15.68000000    -0.27862928
    15.69000000    -0.27848398
    15.70000000    -0.27833757
    15.71000000    -0.27819005
    15.72000000    -0.27804141
    15.73000000    -0.27789165
    15.74000000    -0.27774077
    15.75000000    -0.27758878
    15.76000000    -0.27743568
    15.77000000    -0.27728146
    15.78000000    -0.27712613
    15.79000000    -0.27696968
    15.80000000    -0.27681212
    15.81000000    -0.27665344
    15.82000000    -0.27649365
    15.83000000    -0.27633275
    15.84000000    -0.27617074
    15.85000000    -0.27600761
    15.86000000    -0.27584337
    15.87000000    -0.27567802
    15.88000000    -0.27551156
    15.89000000    -0.27534399
    15.90000000    -0.27517531
    15.91000000    -0.27500552
    15.92000000    -0.27483463
    15.93000000    -0.27466262
    15.94000000    -0.27448950
    15.95000000    -0.27431528
    15.96000000    -0.27413995
    15.97000000    -0.27396351
    15.98000000    -0.27378596
    15.99000000    -0.27360731
    16.00000000    -0.27342756
    16.01000000    -0.27324670
    16.02000000    -0.27306473
    16.03000000    -0.27288166
    16.04000000    -0.27269748
    16.05000000    -0.27251221
    16.06000000    -0.27232582
    16.07000000    -0.27213834
    16.08000000    -0.27194976
    16.09000000    -0.27176007
    16.10000000    -0.27156928
    16.11000000    -0.27137740
    16.12000000    -0.27118441
    16.13000000    -0.27099032
    16.14000000    -0.27079514
    16.15000000    -0.27059885
    16.16000000    -0.27040147
    16.17000000    -0.27020299
    16.18000000    -0.27000342
    16.19000000    -0.26980275
    16.20000000    -0.26960098
    16.21000000    -0.26939812
    16.22000000    -0.26919417
    16.23000000    -0.26898912
    16.24000000    -0.26878297
    16.25000000    -0.26857574
    16.26000000    -0.26836741
    16.27000000    -0.26815799
    16.28000000    -0.26794749
    16.29000000    -0.26773589
    16.30000000    -0.26752320
    16.31000000    -0.26730942
    16.32000000    -0.26709455
    16.33000000    -0.26687860
    16.34000000    -0.26666156
    16.35000000    -0.26644343
    16.36000000    -0.26622422
    16.37000000    -0.26600392
    16.38000000    -0.26578254
    16.39000000    -0.26556008
    16.40000000    -0.26533653
    16.41000000    -0.26511190
    16.42000000    -0.26488618
    16.43000000    -0.26465939
    16.44000000    -0.26443152
    16.45000000    -0.26420256
    16.46000000    -0.26397253
    16.47000000    -0.26374142
    16.48000000    -0.26350923
    16.49000000    -0.26327596
    16.50000000    -0.26304162
    16.51000000    -0.26280620
    16.52000000    -0.26256971
    16.53000000    -0.26233214
    16.54000000    -0.26209351
    16.55000000    -0.26185379
    16.56000000    -0.26161301
    16.57000000    -0.26137116
    16.58000000    -0.26112823
    16.59000000    -0.26088424
    16.60000000    -0.26063918
    16.61000000    -0.26039305
    16.62000000    -0.26014585
    16.63000000    -0.25989758
    16.64000000    -0.25964825
    16.65000000    -0.25939786
    16.66000000    -0.25914640
    16.67000000    -0.25889388
    16.68000000    -0.25864030
    16.69000000    -0.25838565
    16.70000000    -0.25812995
    16.71000000    -0.25787318
    16.72000000    -0.25761536
    16.73000000    -0.25735648
    16.74000000    -0.25709654
    16.75000000    -0.25683554
    16.76000000    -0.25657349
    16.77000000    -0.25631038
    16.78000000    -0.25604622
    16.79000000    -0.25578101
    16.80000000    -0.25551474
    16.81000000    -0.25524743
    16.82000000    -0.25497906
    16.83000000    -0.25470964
    16.84000000    -0.25443918
    16.85000000    -0.25416767
    16.86000000    -0.25389511
    16.87000000    -0.25362150
    16.88000000    -0.25334685
    16.89000000    -0.25307116
    16.90000000    -0.25279442
    16.91000000    -0.25251664
    16.92000000    -0.25223782
    16.93000000    -0.25195796
    16.94000000    -0.25167706
    16.95000000    -0.25139512
    16.96000000    -0.25111214
    16.97000000    -0.25082813
    16.98000000    -0.25054308
    16.99000000    -0.25025700
    17.00000000    -0.24996988
    17.01000000    -0.24968173
    17.02000000    -0.24939255
    17.03000000    -0.24910234
    17.04000000    -0.24881110
    17.05000000    -0.24851883
    17.06000000    -0.24822553
    17.07000000    -0.24793121
    17.08000000    -0.24763586
    17.09000000    -0.24733949
    17.10000000    -0.24704209
    17.11000000    -0.24674367
    17.12000000    -0.24644423
    17.13000000    -0.24614377
    17.14000000    -0.24584229
    17.15000000    -0.24553979
    17.16000000    -0.24523627
    17.17000000    -0.24493174
    17.18000000    -0.24462620
    17.19000000    -0.24431963
    17.20000000    -0.24401206
    17.21000000    -0.24370347
    17.22000000    -0.24339388
    17.23000000    -0.24308327
    17.24000000    -0.24277166
    17.25000000    -0.24245903
    17.26000000    -0.24214540
    17.27000000    -0.24183077
    17.28000000    -0.24151513
    17.29000000    -0.24119849
    17.30000000    -0.24088085
    17.31000000    -0.24056220
    17.32000000    -0.24024256
    17.33000000    -0.23992192
    17.34000000    -0.23960028
    17.35000000    -0.23927764
    17.36000000    -0.23895401
    17.37000000    -0.23862939
    17.38000000    -0.23830377
    17.39000000    -0.23797716
    17.40000000    -0.23764957
    17.41000000    -0.23732098
    17.42000000    -0.23699140
    17.43000000    -0.23666084
    17.44000000    -0.23632929
    17.45000000    -0.23599676
    17.46000000    -0.23566324
    17.47000000    -0.23532875
    17.48000000    -0.23499327
    17.49000000    -0.23465681
    17.50000000    -0.23431938
    17.51000000    -0.23398096
    17.52000000    -0.23364157
    17.53000000    -0.23330121
    17.54000000    -0.23295987
    17.55000000    -0.23261757
    17.56000000    -0.23227429
    17.57000000    -0.23193004
    17.58000000    -0.23158482
    17.59000000    -0.23123864
    17.60000000    -0.23089149
    17.61000000    -0.23054337
    17.62000000    -0.23019429
    17.63000000    -0.22984425
    17.64000000    -0.22949325
    17.65000000    -0.22914130
    17.66000000    -0.22878838
    17.67000000    -0.22843450
    17.68000000    -0.22807968
    17.69000000    -0.22772389
    17.70000000    -0.22736716
    17.71000000    -0.22700947
    17.72000000    -0.22665083
    17.73000000    -0.22629125
    17.74000000    -0.22593071
    17.75000000    -0.22556923
    17.76000000    -0.22520681
    17.77000000    -0.22484344
    17.78000000    -0.22447913
    17.79000000    -0.22411388
    17.80000000    -0.22374769
    17.81000000    -0.22338057
    17.82000000    -0.22301250
    17.83000000    -0.22264350
    17.84000000    -0.22227357
    17.85000000    -0.22190271
    17.86000000    -0.22153091
    17.87000000    -0.22115819
    17.88000000    -0.22078453
    17.89000000    -0.22040996
    17.90000000    -0.22003445
    17.91000000    -0.21965802
    17.92000000    -0.21928067
    17.93000000    -0.21890240
    17.94000000    -0.21852321
    17.95000000    -0.21814310
    17.96000000    -0.21776207
    17.97000000    -0.21738013
    17.98000000    -0.21699728
    17.99000000    -0.21661351
    18.00000000    -0.21622883
    18.01000000    -0.21584324
    18.02000000    -0.21545675
    18.03000000    -0.21506935
    18.04000000    -0.21468104
    18.05000000    -0.21429183
    18.06000000    -0.21390172
    18.07000000    -0.21351071
    18.08000000    -0.21311880
    18.09000000    -0.21272599
    18.10000000    -0.21233228
    18.11000000    -0.21193768
    18.12000000    -0.21154219
    18.13000000    -0.21114581
    18.14000000    -0.21074854
    18.15000000    -0.21035038
    18.16000000    -0.20995133
    18.17000000    -0.20955139
    18.18000000    -0.20915058
    18.19000000    -0.20874888
    18.20000000    -0.20834630
    18.21000000    -0.20794284
    18.22000000    -0.20753851
    18.23000000    -0.20713329
    18.24000000    -0.20672721
    18.25000000    -0.20632025
    18.26000000    -0.20591242
    18.27000000    -0.20550372
    18.28000000    -0.20509415
    18.29000000    -0.20468372
    18.30000000    -0.20427242
    18.31000000    -0.20386026
    18.32000000    -0.20344724
    18.33000000    -0.20303335
    18.34000000    -0.20261861
    18.35000000    -0.20220302
    18.36000000    -0.20178656
    18.37000000    -0.20136926
    18.38000000    -0.20095110
    18.39000000    -0.20053209
    18.40000000    -0.20011223
    18.41000000    -0.19969153
    18.42000000    -0.19926998
    18.43000000    -0.19884759
    18.44000000    -0.19842435
    18.45000000    -0.19800028
    18.46000000    -0.19757537
    18.47000000    -0.19714962
    18.48000000    -0.19672303
    18.49000000    -0.19629561
    18.50000000    -0.19586736
    18.51000000    -0.19543828
    18.52000000    -0.19500837
    18.53000000    -0.19457764
    18.54000000    -0.19414608
    18.55000000    -0.19371369
    18.56000000    -0.19328049
    18.57000000    -0.19284646
    18.58000000    -0.19241162
    18.59000000    -0.19197596
    18.60000000    -0.19153948
    18.61000000    -0.19110219
    18.62000000    -0.19066409
    18.63000000    -0.19022518
    18.64000000    -0.18978547
    18.65000000    -0.18934495
    18.66000000    -0.18890362
    18.67000000    -0.18846149
    18.68000000    -0.18801856
    18.69000000    -0.18757483
    18.70000000    -0.18713030
    18.71000000    -0.18668498
    18.72000000    -0.18623887
    18.73000000    -0.18579196
    18.74000000    -0.18534426
    18.75000000    -0.18489578
    18.76000000    -0.18444650
    18.77000000    -0.18399645
    18.78000000    -0.18354561
    18.79000000    -0.18309398
    18.80000000    -0.18264158
    18.81000000    -0.18218841
    18.82000000    -0.18173445
    18.83000000    -0.18127973
    18.84000000    -0.18082423
    18.85000000    -0.18036796
    18.86000000    -0.17991092
    18.87000000    -0.17945312
    18.88000000    -0.17899455
    18.89000000    -0.17853522
    18.90000000    -0.17807512
    18.91000000    -0.17761427
    18.92000000    -0.17715266
    18.93000000    -0.17669030
    18.94000000    -0.17622718
    18.95000000    -0.17576331
    18.96000000    -0.17529869
    18.97000000    -0.17483333
    18.98000000    -0.17436721
    18.99000000    -0.17390036
    19.00000000    -0.17343276
    19.01000000    -0.17296442
    19.02000000    -0.17249534
    19.03000000    -0.17202552
    19.04000000    -0.17155497
    19.05000000    -0.17108369
    19.06000000    -0.17061168
    19.07000000    -0.17013894
    19.08000000    -0.16966547
    19.09000000    -0.16919128
    19.10000000    -0.16871636
    19.11000000    -0.16824072
    19.12000000    -0.16776436
    19.13000000    -0.16728729
    19.14000000    -0.16680950
    19.15000000    -0.16633100
    19.16000000    -0.16585178
    19.17000000    -0.16537186
    19.18000000    -0.16489123
    19.19000000    -0.16440989
    19.20000000    -0.16392785
    19.21000000    -0.16344511
    19.22000000    -0.16296167
    19.23000000    -0.16247753
    19.24000000    -0.16199269
    19.25000000    -0.16150716
    19.26000000    -0.16102094
    19.27000000    -0.16053403
    19.28000000    -0.16004643
    19.29000000    -0.15955815
    19.30000000    -0.15906918
    19.31000000    -0.15857953
    19.32000000    -0.15808920
    19.33000000    -0.15759820
    19.34000000    -0.15710651
    19.35000000    -0.15661416
    19.36000000    -0.15612113
    19.37000000    -0.15562743
    19.38000000    -0.15513307
    19.39000000    -0.15463804
    19.40000000    -0.15414234
    19.41000000    -0.15364599
    19.42000000    -0.15314897
    19.43000000    -0.15265130
    19.44000000    -0.15215297
    19.45000000    -0.15165399
    19.46000000    -0.15115436
    19.47000000    -0.15065408
    19.48000000    -0.15015315
    19.49000000    -0.14965158
    19.50000000    -0.14914936
    19.51000000    -0.14864650
    19.52000000    -0.14814301
    19.53000000    -0.14763887
    19.54000000    -0.14713411
    19.55000000    -0.14662871
    19.56000000    -0.14612268
    19.57000000    -0.14561602
    19.58000000    -0.14510873
    19.59000000    -0.14460083
    19.60000000    -0.14409230
    19.61000000    -0.14358315
    19.62000000    -0.14307338
    19.63000000    -0.14256299
    19.64000000    -0.14205200
    19.65000000    -0.14154039
    19.66000000    -0.14102817
    19.67000000    -0.14051534
    19.68000000    -0.14000191
    19.69000000    -0.13948788
    19.70000000    -0.13897325
    19.71000000    -0.13845801
    19.72000000    -0.13794218
    19.73000000    -0.13742576
    19.74000000    -0.13690875
    19.75000000    -0.13639114
    19.76000000    -0.13587295
    19.77000000    -0.13535417
    19.78000000    -0.13483481
    19.79000000    -0.13431486
    19.80000000    -0.13379434
    19.81000000    -0.13327324
    19.82000000    -0.13275156
    19.83000000    -0.13222932
    19.84000000    -0.13170650
    19.85000000    -0.13118311
    19.86000000    -0.13065916
    19.87000000    -0.13013464
    19.88000000    -0.12960957
    19.89000000    -0.12908393
    19.90000000    -0.12855774
    19.91000000    -0.12803099
    19.92000000    -0.12750368
    19.93000000    -0.12697583
    19.94000000    -0.12644743
    19.95000000    -0.12591848
    19.96000000    -0.12538899
    19.97000000    -0.12485896
    19.98000000    -0.12432838
    19.99000000    -0.12379727
    20.00000000    -0.12326563
    20.01000000    -0.12273345
    20.02000000    -0.12220074
    20.03000000    -0.12166750
    20.04000000    -0.12113374
    20.05000000    -0.12059945
    20.06000000    -0.12006465
    20.07000000    -0.11952932
    20.08000000    -0.11899347
    20.09000000    -0.11845711
    20.10000000    -0.11792024
    20.11000000    -0.11738286
    20.12000000    -0.11684497
    20.13000000    -0.11630657
    20.14000000    -0.11576767
    20.15000000    -0.11522827
    20.16000000    -0.11468837
    20.17000000    -0.11414797
    20.18000000    -0.11360708
    20.19000000    -0.11306570
    20.20000000    -0.11252382
    20.21000000    -0.11198146
    20.22000000    -0.11143862
    20.23000000    -0.11089529
    20.24000000    -0.11035148
    20.25000000    -0.10980719
    20.26000000    -0.10926243
    20.27000000    -0.10871719
    20.28000000    -0.10817148
    20.29000000    -0.10762530
    20.30000000    -0.10707866
    20.31000000    -0.10653155
    20.32000000    -0.10598398
    20.33000000    -0.10543595
    20.34000000    -0.10488746
    20.35000000    -0.10433852
    20.36000000    -0.10378912
    20.37000000    -0.10323927
    20.38000000    -0.10268898
    20.39000000    -0.10213824
    20.40000000    -0.10158705
    20.41000000    -0.10103543
    20.42000000    -0.10048336
    20.43000000    -0.09993086
    20.44000000    -0.09937793
    20.45000000    -0.09882456
    20.46000000    -0.09827077
    20.47000000    -0.09771654
    20.48000000    -0.09716190
    20.49000000    -0.09660683
    20.50000000    -0.09605134
    20.51000000    -0.09549543
    20.52000000    -0.09493911
    20.53000000    -0.09438237
    20.54000000    -0.09382523
    20.55000000    -0.09326768
    20.56000000    -0.09270972
    20.57000000    -0.09215136
    20.58000000    -0.09159259
    20.59000000    -0.09103343
    20.60000000    -0.09047387
    20.61000000    -0.08991392
    20.62000000    -0.08935358
    20.63000000    -0.08879285
    20.64000000    -0.08823173
    20.65000000    -0.08767023
    20.66000000    -0.08710835
    20.67000000    -0.08654609
    20.68000000    -0.08598345
    20.69000000    -0.08542043
    20.70000000    -0.08485705
    20.71000000    -0.08429329
    20.72000000    -0.08372917
    20.73000000    -0.08316468
    20.74000000    -0.08259983
    20.75000000    -0.08203462
    20.76000000    -0.08146905
    20.77000000    -0.08090313
    20.78000000    -0.08033685
    20.79000000    -0.07977023
    20.80000000    -0.07920326
    20.81000000    -0.07863594
    20.82000000    -0.07806827
    20.83000000    -0.07750027
    20.84000000    -0.07693193
    20.85000000    -0.07636326
    20.86000000    -0.07579425
    20.87000000    -0.07522491
    20.88000000    -0.07465524
    20.89000000    -0.07408525
    20.90000000    -0.07351493
    20.91000000    -0.07294429
    20.92000000    -0.07237334
    20.93000000    -0.07180207
    20.94000000    -0.07123048
    20.95000000    -0.07065858
    20.96000000    -0.07008638
    20.97000000    -0.06951387
    20.98000000    -0.06894105
    20.99000000    -0.06836794
    21.00000000    -0.06779452
    21.01000000    -0.06722081
    21.02000000    -0.06664681
    21.03000000    -0.06607251
    21.04000000    -0.06549792
    21.05000000    -0.06492305
    21.06000000    -0.06434790
    21.07000000    -0.06377246
    21.08000000    -0.06319675
    21.09000000    -0.06262076
    21.10000000    -0.06204449
    21.11000000    -0.06146796
    21.12000000    -0.06089115
    21.13000000    -0.06031408
    21.14000000    -0.05973674
    21.15000000    -0.05915915
    21.16000000    -0.05858129
    21.17000000    -0.05800318
    21.18000000    -0.05742481
    21.19000000    -0.05684620
    21.20000000    -0.05626733
    21.21000000    -0.05568822
    21.22000000    -0.05510886
    21.23000000    -0.05452926
    21.24000000    -0.05394943
    21.25000000    -0.05336936
    21.26000000    -0.05278905
    21.27000000    -0.05220851
    21.28000000    -0.05162775
    21.29000000    -0.05104675
    21.30000000    -0.05046554
    21.31000000    -0.04988410
    21.32000000    -0.04930244
    21.33000000    -0.04872057
    21.34000000    -0.04813849
    21.35000000    -0.04755619
    21.36000000    -0.04697369
    21.37000000    -0.04639098
    21.38000000    -0.04580806
    21.39000000    -0.04522495
    21.40000000    -0.04464163
    21.41000000    -0.04405812
    21.42000000    -0.04347442
    21.43000000    -0.04289053
    21.44000000    -0.04230645
    21.45000000    -0.04172218
    21.46000000    -0.04113773
    21.47000000    -0.04055310
    21.48000000    -0.03996829
    21.49000000    -0.03938331
    21.50000000    -0.03879815
    21.51000000    -0.03821282
    21.52000000    -0.03762733
    21.53000000    -0.03704167
    21.54000000    -0.03645585
    21.55000000    -0.03586986
    21.56000000    -0.03528372
    21.57000000    -0.03469743
    21.58000000    -0.03411098
    21.59000000    -0.03352438
    21.60000000    -0.03293764
    21.61000000    -0.03235075
    21.62000000    -0.03176371
    21.63000000    -0.03117654
    21.64000000    -0.03058924
    21.65000000    -0.03000179
    21.66000000    -0.02941422
    21.67000000    -0.02882651
    21.68000000    -0.02823868
    21.69000000    -0.02765073
    21.70000000    -0.02706265
    21.71000000    -0.02647446
    21.72000000    -0.02588614
    21.73000000    -0.02529772
    21.74000000    -0.02470918
    21.75000000    -0.02412053
    21.76000000    -0.02353178
    21.77000000    -0.02294293
    21.78000000    -0.02235397
    21.79000000    -0.02176491
    21.80000000    -0.02117576
    21.81000000    -0.02058652
    21.82000000    -0.01999719
    21.83000000    -0.01940776
    21.84000000    -0.01881825
    21.85000000    -0.01822866
    21.86000000    -0.01763899
    21.87000000    -0.01704924
    21.88000000    -0.01645942
    21.89000000    -0.01586952
    21.90000000    -0.01527956
    21.91000000    -0.01468952
    21.92000000    -0.01409942
    21.93000000    -0.01350926
    21.94000000    -0.01291904
    21.95000000    -0.01232877
    21.96000000    -0.01173844
    21.97000000    -0.01114805
    21.98000000    -0.01055762
    21.99000000    -0.00996714
    22.00000000    -0.00937662
    22.01000000    -0.00878605
    22.02000000    -0.00819545
    22.03000000    -0.00760481
    22.04000000    -0.00701414
    22.05000000    -0.00642344
    22.06000000    -0.00583270
    22.07000000    -0.00524195
    22.08000000    -0.00465117
    22.09000000    -0.00406037
    22.10000000    -0.00346955
    22.11000000    -0.00287871
    22.12000000    -0.00228786
    22.13000000    -0.00169701
    22.14000000    -0.00110614
    22.15000000    -0.00051527
    22.16000000     0.00007560
    22.17000000     0.00066647
    22.18000000     0.00125734
    22.19000000     0.00184820
    22.20000000     0.00243906
    22.21000000     0.00302990
    22.22000000     0.00362073
    22.23000000     0.00421155
    22.24000000     0.00480234
    22.25000000     0.00539312
    22.26000000     0.00598387
    22.27000000     0.00657459
    22.28000000     0.00716529
    22.29000000     0.00775595
    22.30000000     0.00834658
    22.31000000     0.00893717
    22.32000000     0.00952773
    22.33000000     0.01011824
    22.34000000     0.01070871
    22.35000000     0.01129912
    22.36000000     0.01188949
    22.37000000     0.01247981
    22.38000000     0.01307007
    22.39000000     0.01366027
    22.40000000     0.01425042
    22.41000000     0.01484050
    22.42000000     0.01543051
    22.43000000     0.01602046
    22.44000000     0.01661033
    22.45000000     0.01720013
    22.46000000     0.01778986
    22.47000000     0.01837951
    22.48000000     0.01896907
    22.49000000     0.01955855
    22.50000000     0.02014795
    22.51000000     0.02073725
    22.52000000     0.02132647
    22.53000000     0.02191559
    22.54000000     0.02250461
    22.55000000     0.02309353
    22.56000000     0.02368235
    22.57000000     0.02427107
    22.58000000     0.02485968
    22.59000000     0.02544817
    22.60000000     0.02603656
    22.61000000     0.02662483
    22.62000000     0.02721298
    22.63000000     0.02780101
    22.64000000     0.02838892
    22.65000000     0.02897670
    22.66000000     0.02956435
    22.67000000     0.03015188
    22.68000000     0.03073927
    22.69000000     0.03132652
    22.70000000     0.03191363
    22.71000000     0.03250060
    22.72000000     0.03308743
    22.73000000     0.03367411
    22.74000000     0.03426065
    22.75000000     0.03484703
    22.76000000     0.03543325
    22.77000000     0.03601932
    22.78000000     0.03660523
    22.79000000     0.03719097
    22.80000000     0.03777655
    22.81000000     0.03836197
    22.82000000     0.03894721
    22.83000000     0.03953228
    22.84000000     0.04011717
    22.85000000     0.04070189
    22.86000000     0.04128643
    22.87000000     0.04187078
    22.88000000     0.04245495
    22.89000000     0.04303892
    22.90000000     0.04362271
    22.91000000     0.04420630
    22.92000000     0.04478970
    22.93000000     0.04537290
    22.94000000     0.04595590
    22.95000000     0.04653869
    22.96000000     0.04712127
    22.97000000     0.04770365
    22.98000000     0.04828581
    22.99000000     0.04886776
    23.00000000     0.04944949
    23.01000000     0.05003101
    23.02000000     0.05061230
    23.03000000     0.05119336
    23.04000000     0.05177420
    23.05000000     0.05235481
    23.06000000     0.05293518
    23.07000000     0.05351532
    23.08000000     0.05409522
    23.09000000     0.05467488
    23.10000000     0.05525430
    23.11000000     0.05583347
    23.12000000     0.05641240
    23.13000000     0.05699107
    23.14000000     0.05756949
    23.15000000     0.05814765
    23.16000000     0.05872555
    23.17000000     0.05930320
    23.18000000     0.05988057
    23.19000000     0.06045769
    23.20000000     0.06103453
    23.21000000     0.06161110
    23.22000000     0.06218740
    23.23000000     0.06276342
    23.24000000     0.06333916
    23.25000000     0.06391462
    23.26000000     0.06448979
    23.27000000     0.06506468
    23.28000000     0.06563928
    23.29000000     0.06621358
    23.30000000     0.06678759
    23.31000000     0.06736131
    23.32000000     0.06793472
    23.33000000     0.06850783
    23.34000000     0.06908063
    23.35000000     0.06965313
    23.36000000     0.07022532
    23.37000000     0.07079719
    23.38000000     0.07136875
    23.39000000     0.07193999
    23.40000000     0.07251091
    23.41000000     0.07308151
    23.42000000     0.07365178
    23.43000000     0.07422172
    23.44000000     0.07479133
    23.45000000     0.07536061
    23.46000000     0.07592955
    23.47000000     0.07649815
    23.48000000     0.07706642
    23.49000000     0.07763433
    23.50000000     0.07820191
    23.51000000     0.07876913
    23.52000000     0.07933600
    23.53000000     0.07990252
    23.54000000     0.08046868
    23.55000000     0.08103448
    23.56000000     0.08159992
    23.57000000     0.08216500
    23.58000000     0.08272971
    23.59000000     0.08329405
    23.60000000     0.08385802
    23.61000000     0.08442162
    23.62000000     0.08498483
    23.63000000     0.08554767
    23.64000000     0.08611013
    23.65000000     0.08667220
    23.66000000     0.08723389
    23.67000000     0.08779518
    23.68000000     0.08835609
    23.69000000     0.08891660
    23.70000000     0.08947671
    23.71000000     0.09003642
    23.72000000     0.09059573
    23.73000000     0.09115464
    23.74000000     0.09171313
    23.75000000     0.09227122
    23.76000000     0.09282890
    23.77000000     0.09338616
    23.78000000     0.09394300
    23.79000000     0.09449943
    23.80000000     0.09505543
    23.81000000     0.09561101
    23.82000000     0.09616616
    23.83000000     0.09672088
    23.84000000     0.09727516
    23.85000000     0.09782902
    23.86000000     0.09838243
    23.87000000     0.09893541
    23.88000000     0.09948794
    23.89000000     0.10004003
    23.90000000     0.10059167
    23.91000000     0.10114286
    23.92000000     0.10169360
    23.93000000     0.10224388
    23.94000000     0.10279371
    23.95000000     0.10334307
    23.96000000     0.10389197
    23.97000000     0.10444041
    23.98000000     0.10498839
    23.99000000     0.10553589
    24.00000000     0.10608292
    24.01000000     0.10662947
    24.02000000     0.10717555
    24.03000000     0.10772115
    24.04000000     0.10826626
    24.05000000     0.10881089
    24.06000000     0.10935504
    24.07000000     0.10989869
    24.08000000     0.11044185
    24.09000000     0.11098452
    24.10000000     0.11152669
    24.11000000     0.11206836
    24.12000000     0.11260953
    24.13000000     0.11315020
    24.14000000     0.11369035
    24.15000000     0.11423000
    24.16000000     0.11476914
    24.17000000     0.11530776
    24.18000000     0.11584587
    24.19000000     0.11638346
    24.20000000     0.11692052
    24.21000000     0.11745706
    24.22000000     0.11799308
    24.23000000     0.11852857
    24.24000000     0.11906352
    24.25000000     0.11959794
    24.26000000     0.12013183
    24.27000000     0.12066518
    24.28000000     0.12119798
    24.29000000     0.12173024
    24.30000000     0.12226196
    24.31000000     0.12279313
    24.32000000     0.12332375
    24.33000000     0.12385381
    24.34000000     0.12438332
    24.35000000     0.12491227
    24.36000000     0.12544067
    24.37000000     0.12596849
    24.38000000     0.12649576
    24.39000000     0.12702245
    24.40000000     0.12754858
    24.41000000     0.12807413
    24.42000000     0.12859911
    24.43000000     0.12912352
    24.44000000     0.12964734
    24.45000000     0.13017058
    24.46000000     0.13069324
    24.47000000     0.13121531
    24.48000000     0.13173679
    24.49000000     0.13225768
    24.50000000     0.13277797
    24.51000000     0.13329767
    24.52000000     0.13381678
    24.53000000     0.13433528
    24.54000000     0.13485317
    24.55000000     0.13537047
    24.56000000     0.13588715
    24.57000000     0.13640322
    24.58000000     0.13691869
    24.59000000     0.13743353
    24.60000000     0.13794776
    24.61000000     0.13846137
    24.62000000     0.13897436
    24.63000000     0.13948672
    24.64000000     0.13999846
    24.65000000     0.14050956
    24.66000000     0.14102004
    24.67000000     0.14152988
    24.68000000     0.14203909
    24.69000000     0.14254765
    24.70000000     0.14305558
    24.71000000     0.14356286
    24.72000000     0.14406950
    24.73000000     0.14457549
    24.74000000     0.14508083
    24.75000000     0.14558552
    24.76000000     0.14608956
    24.77000000     0.14659293
    24.78000000     0.14709565
    24.79000000     0.14759771
    24.80000000     0.14809910
    24.81000000     0.14859983
    24.82000000     0.14909989
    24.83000000     0.14959927
    24.84000000     0.15009799
    24.85000000     0.15059603
    24.86000000     0.15109339
    24.87000000     0.15159007
    24.88000000     0.15208607
    24.89000000     0.15258139
    24.90000000     0.15307602
    24.91000000     0.15356996
    24.92000000     0.15406321
    24.93000000     0.15455576
    24.94000000     0.15504762
    24.95000000     0.15553879
    24.96000000     0.15602925
    24.97000000     0.15651901
    24.98000000     0.15700806
    24.99000000     0.15749641
    25.00000000     0.15798405
    25.01000000     0.15847098
    25.02000000     0.15895720
    25.03000000     0.15944269
    25.04000000     0.15992747
    25.05000000     0.16041153
    25.06000000     0.16089487
    25.07000000     0.16137749
    25.08000000     0.16185937
    25.09000000     0.16234053
    25.10000000     0.16282095
    25.11000000     0.16330065
    25.12000000     0.16377960
    25.13000000     0.16425782
    25.14000000     0.16473530
    25.15000000     0.16521204
    25.16000000     0.16568803
    25.17000000     0.16616327
    25.18000000     0.16663777
    25.19000000     0.16711151
    25.20000000     0.16758451
    25.21000000     0.16805674
    25.22000000     0.16852822
    25.23000000     0.16899894
    25.24000000     0.16946890
    25.25000000     0.16993809
    25.26000000     0.17040652
    25.27000000     0.17087417
    25.28000000     0.17134106
    25.29000000     0.17180718
    25.30000000     0.17227252
    25.31000000     0.17273708
    25.32000000     0.17320086
    25.33000000     0.17366387
    25.34000000     0.17412609
    25.35000000     0.17458752
    25.36000000     0.17504817
    25.37000000     0.17550802
    25.38000000     0.17596709
    25.39000000     0.17642536
    25.40000000     0.17688283
    25.41000000     0.17733951
    25.42000000     0.17779538
    25.43000000     0.17825046
    25.44000000     0.17870473
    25.45000000     0.17915819
    25.46000000     0.17961084
    25.47000000     0.18006269
    25.48000000     0.18051372
    25.49000000     0.18096393
    25.50000000     0.18141333
    25.51000000     0.18186191
    25.52000000     0.18230967
    25.53000000     0.18275660
    25.54000000     0.18320271
    25.55000000     0.18364799
    25.56000000     0.18409245
    25.57000000     0.18453607
    25.58000000     0.18497886
    25.59000000     0.18542081
    25.60000000     0.18586192
    25.61000000     0.18630220
    25.62000000     0.18674163
    25.63000000     0.18718022
    25.64000000     0.18761796
    25.65000000     0.18805486
    25.66000000     0.18849091
    25.67000000     0.18892610
    25.68000000     0.18936044
    25.69000000     0.18979393
    25.70000000     0.19022655
    25.71000000     0.19065832
    25.72000000     0.19108923
    25.73000000     0.19151927
    25.74000000     0.19194845
    25.75000000     0.19237675
    25.76000000     0.19280419
    25.77000000     0.19323076
    25.78000000     0.19365645
    25.79000000     0.19408127
    25.80000000     0.19450521
    25.81000000     0.19492827
    25.82000000     0.19535045
    25.83000000     0.19577175
    25.84000000     0.19619215
    25.85000000     0.19661168
    25.86000000     0.19703031
    25.87000000     0.19744805
    25.88000000     0.19786490
    25.89000000     0.19828085
    25.90000000     0.19869591
    25.91000000     0.19911007
    25.92000000     0.19952332
    25.93000000     0.19993568
    25.94000000     0.20034713
    25.95000000     0.20075767
    25.96000000     0.20116730
    25.97000000     0.20157603
    25.98000000     0.20198384
    25.99000000     0.20239073
    26.00000000     0.20279671
    26.01000000     0.20320178
    26.02000000     0.20360592
    26.03000000     0.20400914
    26.04000000     0.20441144
    26.05000000     0.20481281
    26.06000000     0.20521325
    26.07000000     0.20561277
    26.08000000     0.20601135
    26.09000000     0.20640900
    26.10000000     0.20680572
    26.11000000     0.20720150
    26.12000000     0.20759634
    26.13000000     0.20799024
    26.14000000     0.20838320
    26.15000000     0.20877522
    26.16000000     0.20916628
    26.17000000     0.20955641
    26.18000000     0.20994558
    26.19000000     0.21033380
    26.20000000     0.21072107
    26.21000000     0.21110738
    26.22000000     0.21149274
    26.23000000     0.21187713
    26.24000000     0.21226057
    26.25000000     0.21264305
    26.26000000     0.21302456
    26.27000000     0.21340510
    26.28000000     0.21378468
    26.29000000     0.21416329
    26.30000000     0.21454093
    26.31000000     0.21491760
    26.32000000     0.21529329
    26.33000000     0.21566801
    26.34000000     0.21604174
    26.35000000     0.21641450
    26.36000000     0.21678628
    26.37000000     0.21715707
    26.38000000     0.21752688
    26.39000000     0.21789571
    26.40000000     0.21826354
    26.41000000     0.21863038
    26.42000000     0.21899624
    26.43000000     0.21936110
    26.44000000     0.21972496
    26.45000000     0.22008783
    26.46000000     0.22044970
    26.47000000     0.22081056
    26.48000000     0.22117043
    26.49000000     0.22152930
    26.50000000     0.22188715
    26.51000000     0.22224400
    26.52000000     0.22259985
    26.53000000     0.22295468
    26.54000000     0.22330850
    26.55000000     0.22366131
    26.56000000     0.22401310
    26.57000000     0.22436387
    26.58000000     0.22471363
    26.59000000     0.22506237
    26.60000000     0.22541008
    26.61000000     0.22575677
    26.62000000     0.22610244
    26.63000000     0.22644708
    26.64000000     0.22679069
    26.65000000     0.22713327
    26.66000000     0.22747482
    26.67000000     0.22781534
    26.68000000     0.22815482
    26.69000000     0.22849327
    26.70000000     0.22883068
    26.71000000     0.22916705
    26.72000000     0.22950238
    26.73000000     0.22983666
    26.74000000     0.23016990
    26.75000000     0.23050210
    26.76000000     0.23083325
    26.77000000     0.23116335
    26.78000000     0.23149240
    26.79000000     0.23182040
    26.80000000     0.23214734
    26.81000000     0.23247323
    26.82000000     0.23279806
    26.83000000     0.23312184
    26.84000000     0.23344456
    26.85000000     0.23376621
    26.86000000     0.23408680
    26.87000000     0.23440633
    26.88000000     0.23472479
    26.89000000     0.23504219
    26.90000000     0.23535852
    26.91000000     0.23567377
    26.92000000     0.23598796
    26.93000000     0.23630107
    26.94000000     0.23661311
    26.95000000     0.23692407
    26.96000000     0.23723396
    26.97000000     0.23754277
    26.98000000     0.23785049
    26.99000000     0.23815714
    27.00000000     0.23846270
    27.01000000     0.23876717
    27.02000000     0.23907056
    27.03000000     0.23937287
    27.04000000     0.23967408
    27.05000000     0.23997420
    27.06000000     0.24027324
    27.07000000     0.24057118
    27.08000000     0.24086802
    27.09000000     0.24116377
    27.10000000     0.24145842
    27.11000000     0.24175197
    27.12000000     0.24204443
    27.13000000     0.24233578
    27.14000000     0.24262602
    27.15000000     0.24291517
    27.16000000     0.24320321
    27.17000000     0.24349014
    27.18000000     0.24377596
    27.19000000     0.24406067
    27.20000000     0.24434428
    27.21000000     0.24462677
    27.22000000     0.24490814
    27.23000000     0.24518841
    27.24000000     0.24546755
    27.25000000     0.24574558
    27.26000000     0.24602249
    27.27000000     0.24629827
    27.28000000     0.24657294
    27.29000000     0.24684649
    27.30000000     0.24711891
    27.31000000     0.24739020
    27.32000000     0.24766037
    27.33000000     0.24792941
    27.34000000     0.24819732
    27.35000000     0.24846410
    27.36000000     0.24872974
    27.37000000     0.24899426
    27.38000000     0.24925764
    27.39000000     0.24951988
    27.40000000     0.24978099
    27.41000000     0.25004096
    27.42000000     0.25029979
    27.43000000     0.25055748
    27.44000000     0.25081403
    27.45000000     0.25106944
    27.46000000     0.25132370
    27.47000000     0.25157681
    27.48000000     0.25182878
    27.49000000     0.25207960
    27.50000000     0.25232928
    27.51000000     0.25257780
    27.52000000     0.25282517
    27.53000000     0.25307139
    27.54000000     0.25331645
    27.55000000     0.25356036
    27.56000000     0.25380312
    27.57000000     0.25404471
    27.58000000     0.25428515
    27.59000000     0.25452443
    27.60000000     0.25476255
    27.61000000     0.25499951
    27.62000000     0.25523530
    27.63000000     0.25546993
    27.64000000     0.25570340
    27.65000000     0.25593569
    27.66000000     0.25616682
    27.67000000     0.25639679
    27.68000000     0.25662558
    27.69000000     0.25685320
    27.70000000     0.25707965
    27.71000000     0.25730493
    27.72000000     0.25752904
    27.73000000     0.25775197
    27.74000000     0.25797372
    27.75000000     0.25819429
    27.76000000     0.25841369
    27.77000000     0.25863191
    27.78000000     0.25884895
    27.79000000     0.25906481
    27.80000000     0.25927948
    27.81000000     0.25949297
    27.82000000     0.25970528
    27.83000000     0.25991640
    27.84000000     0.26012634
    27.85000000     0.26033509
    27.86000000     0.26054265
    27.87000000     0.26074902
    27.88000000     0.26095420
    27.89000000     0.26115819
    27.90000000     0.26136098
    27.91000000     0.26156259
    27.92000000     0.26176300
    27.93000000     0.26196221
    27.94000000     0.26216023
    27.95000000     0.26235705
    27.96000000     0.26255267
    27.97000000     0.26274709
    27.98000000     0.26294032
    27.99000000     0.26313234
    28.00000000     0.26332316
    28.01000000     0.26351278
    28.02000000     0.26370119
    28.03000000     0.26388840
    28.04000000     0.26407441
    28.05000000     0.26425920
    28.06000000     0.26444280
    28.07000000     0.26462518
    28.08000000     0.26480635
    28.09000000     0.26498632
    28.10000000     0.26516507
    28.11000000     0.26534261
    28.12000000     0.26551894
    28.13000000     0.26569405
    28.14000000     0.26586795
    28.15000000     0.26604064
    28.16000000     0.26621211
    28.17000000     0.26638236
    28.18000000     0.26655140
    28.19000000     0.26671922
    28.20000000     0.26688582
    28.21000000     0.26705120
    28.22000000     0.26721535
    28.23000000     0.26737829
    28.24000000     0.26754000
    28.25000000     0.26770049
    28.26000000     0.26785976
    28.27000000     0.26801780
    28.28000000     0.26817462
    28.29000000     0.26833021
    28.30000000     0.26848457
    28.31000000     0.26863771
    28.32000000     0.26878962
    28.33000000     0.26894029
    28.34000000     0.26908974
    28.35000000     0.26923796
    28.36000000     0.26938494
    28.37000000     0.26953070
    28.38000000     0.26967522
    28.39000000     0.26981850
    28.40000000     0.26996056
    28.41000000     0.27010138
    28.42000000     0.27024096
    28.43000000     0.27037930
    28.44000000     0.27051641
    28.45000000     0.27065228
    28.46000000     0.27078692
    28.47000000     0.27092031
    28.48000000     0.27105246
    28.49000000     0.27118338
    28.50000000     0.27131305
    28.51000000     0.27144148
    28.52000000     0.27156867
    28.53000000     0.27169461
    28.54000000     0.27181932
    28.55000000     0.27194277
    28.56000000     0.27206499
    28.57000000     0.27218596
    28.58000000     0.27230568
    28.59000000     0.27242415
    28.60000000     0.27254138
    28.61000000     0.27265736
    28.62000000     0.27277209
    28.63000000     0.27288558
    28.64000000     0.27299781
    28.65000000     0.27310879
    28.66000000     0.27321853
    28.67000000     0.27332701
    28.68000000     0.27343424
    28.69000000     0.27354022
    28.70000000     0.27364494
    28.71000000     0.27374842
    28.72000000     0.27385064
    28.73000000     0.27395160
    28.74000000     0.27405131
    28.75000000     0.27414976
    28.76000000     0.27424696
    28.77000000     0.27434290
    28.78000000     0.27443759
    28.79000000     0.27453102
    28.80000000     0.27462319
    28.81000000     0.27471410
    28.82000000     0.27480375
    28.83000000     0.27489215
    28.84000000     0.27497928
    28.85000000     0.27506516
    28.86000000     0.27514977
    28.87000000     0.27523313
    28.88000000     0.27531522
    28.89000000     0.27539605
    28.90000000     0.27547562
    28.91000000     0.27555392
    28.92000000     0.27563097
    28.93000000     0.27570675
    28.94000000     0.27578126
    28.95000000     0.27585451
    28.96000000     0.27592650
    28.97000000     0.27599722
    28.98000000     0.27606668
    28.99000000     0.27613487
    29.00000000     0.27620180
    29.01000000     0.27626746
    29.02000000     0.27633185
    29.03000000     0.27639497
    29.04000000     0.27645683
    29.05000000     0.27651742
    29.06000000     0.27657675
    29.07000000     0.27663480
    29.08000000     0.27669158
    29.09000000     0.27674710
    29.10000000     0.27680135
    29.11000000     0.27685433
    29.12000000     0.27690603
    29.13000000     0.27695647
    29.14000000     0.27700564
    29.15000000     0.27705353
    29.16000000     0.27710016
    29.17000000     0.27714552
    29.18000000     0.27718960
    29.19000000     0.27723241
    29.20000000     0.27727395
    29.21000000     0.27731422
    29.22000000     0.27735321
    29.23000000     0.27739093
    29.24000000     0.27742738
    29.25000000     0.27746256
    29.26000000     0.27749646
    29.27000000     0.27752909
    29.28000000     0.27756045
    29.29000000     0.27759053
    29.30000000     0.27761934
    29.31000000     0.27764687
    29.32000000     0.27767313
    29.33000000     0.27769812
    29.34000000     0.27772183
    29.35000000     0.27774427
    29.36000000     0.27776543
    29.37000000     0.27778531
    29.38000000     0.27780392
    29.39000000     0.27782126
    29.40000000     0.27783732
    29.41000000     0.27785210
    29.42000000     0.27786561
    29.43000000     0.27787784
    29.44000000     0.27788880
    29.45000000     0.27789848
    29.46000000     0.27790688
    29.47000000     0.27791401
    29.48000000     0.27791986
    29.49000000     0.27792444
    29.50000000     0.27792774
    29.51000000     0.27792976
    29.52000000     0.27793051
    29.53000000     0.27792998
    29.54000000     0.27792817
    29.55000000     0.27792509
    29.56000000     0.27792072
    29.57000000     0.27791509
    29.58000000     0.27790817
    29.59000000     0.27789998
    29.60000000     0.27789052
    29.61000000     0.27787977
    29.62000000     0.27786775
    29.63000000     0.27785445
    29.64000000     0.27783988
    29.65000000     0.27782403
    29.66000000     0.27780690
    29.67000000     0.27778850
    29.68000000     0.27776882
    29.69000000     0.27774786
    29.70000000     0.27772563
    29.71000000     0.27770212
    29.72000000     0.27767733
    29.73000000     0.27765127
    29.74000000     0.27762393
    29.75000000     0.27759531
    29.76000000     0.27756542
    29.77000000     0.27753426
    29.78000000     0.27750181
    29.79000000     0.27746809
    29.80000000     0.27743310
    29.81000000     0.27739683
    29.82000000     0.27735929
    29.83000000     0.27732047
    29.84000000     0.27728037
    29.85000000     0.27723900
    29.86000000     0.27719636
    29.87000000     0.27715244
    29.88000000     0.27710724
    29.89000000     0.27706077
    29.90000000     0.27701303
    29.91000000     0.27696402
    29.92000000     0.27691373
    29.93000000     0.27686216
    29.94000000     0.27680932
    29.95000000     0.27675521
    29.96000000     0.27669983
    29.97000000     0.27664317
    29.98000000     0.27658525
    29.99000000     0.27652605
