#nl2j    2    7   15
     0.01000000     0.00000000
     0.02000000    -0.00000000
     0.03000000    -0.00000000
     0.04000000    -0.00000000
     0.05000000    -0.00000000
     0.06000000    -0.00000000
     0.07000000    -0.00000000
     0.08000000    -0.00000000
     0.09000000    -0.00000000
     0.10000000    -0.00000000
     0.11000000    -0.00000000
     0.12000000    -0.00000000
     0.13000000    -0.00000000
     0.14000000    -0.00000000
     0.15000000    -0.00000000
     0.16000000    -0.00000000
     0.17000000    -0.00000000
     0.18000000    -0.00000000
     0.19000000    -0.00000000
     0.20000000    -0.00000000
     0.21000000    -0.00000000
     0.22000000    -0.00000000
     0.23000000    -0.00000000
     0.24000000    -0.00000000
     0.25000000    -0.00000000
     0.26000000    -0.00000000
     0.27000000    -0.00000000
     0.28000000    -0.00000000
     0.29000000    -0.00000000
     0.30000000    -0.00000000
     0.31000000    -0.00000000
     0.32000000    -0.00000000
     0.33000000    -0.00000000
     0.34000000    -0.00000000
     0.35000000    -0.00000000
     0.36000000    -0.00000000
     0.37000000    -0.00000000
     0.38000000    -0.00000000
     0.39000000    -0.00000000
     0.40000000    -0.00000000
     0.41000000    -0.00000000
     0.42000000    -0.00000000
     0.43000000    -0.00000000
     0.44000000    -0.00000001
     0.45000000    -0.00000001
     0.46000000    -0.00000001
     0.47000000    -0.00000001
     0.48000000    -0.00000001
     0.49000000    -0.00000001
     0.50000000    -0.00000002
     0.51000000    -0.00000002
     0.52000000    -0.00000002
     0.53000000    -0.00000002
     0.54000000    -0.00000003
     0.55000000    -0.00000003
     0.56000000    -0.00000004
     0.57000000    -0.00000004
     0.58000000    -0.00000005
     0.59000000    -0.00000006
     0.60000000    -0.00000007
     0.61000000    -0.00000008
     0.62000000    -0.00000009
     0.63000000    -0.00000010
     0.64000000    -0.00000011
     0.65000000    -0.00000012
     0.66000000    -0.00000014
     0.67000000    -0.00000016
     0.68000000    -0.00000018
     0.69000000    -0.00000020
     0.70000000    -0.00000022
     0.71000000    -0.00000025
     0.72000000    -0.00000028
     0.73000000    -0.00000031
     0.74000000    -0.00000035
     0.75000000    -0.00000039
     0.76000000    -0.00000043
     0.77000000    -0.00000048
     0.78000000    -0.00000053
     0.79000000    -0.00000059
     0.80000000    -0.00000065
     0.81000000    -0.00000071
     0.82000000    -0.00000079
     0.83000000    -0.00000087
     0.84000000    -0.00000095
     0.85000000    -0.00000104
     0.86000000    -0.00000115
     0.87000000    -0.00000126
     0.88000000    -0.00000137
     0.89000000    -0.00000150
     0.90000000    -0.00000164
     0.91000000    -0.00000179
     0.92000000    -0.00000195
     0.93000000    -0.00000213
     0.94000000    -0.00000232
     0.95000000    -0.00000252
     0.96000000    -0.00000273
     0.97000000    -0.00000297
     0.98000000    -0.00000322
     0.99000000    -0.00000348
     1.00000000    -0.00000377
     1.01000000    -0.00000408
     1.02000000    -0.00000441
     1.03000000    -0.00000476
     1.04000000    -0.00000514
     1.05000000    -0.00000554
     1.06000000    -0.00000597
     1.07000000    -0.00000642
     1.08000000    -0.00000691
     1.09000000    -0.00000743
     1.10000000    -0.00000798
     1.11000000    -0.00000857
     1.12000000    -0.00000920
     1.13000000    -0.00000986
     1.14000000    -0.00001057
     1.15000000    -0.00001131
     1.16000000    -0.00001211
     1.17000000    -0.00001295
     1.18000000    -0.00001384
     1.19000000    -0.00001479
     1.20000000    -0.00001579
     1.21000000    -0.00001685
     1.22000000    -0.00001797
     1.23000000    -0.00001916
     1.24000000    -0.00002041
     1.25000000    -0.00002173
     1.26000000    -0.00002312
     1.27000000    -0.00002460
     1.28000000    -0.00002615
     1.29000000    -0.00002778
     1.30000000    -0.00002951
     1.31000000    -0.00003132
     1.32000000    -0.00003324
     1.33000000    -0.00003525
     1.34000000    -0.00003736
     1.35000000    -0.00003959
     1.36000000    -0.00004193
     1.37000000    -0.00004439
     1.38000000    -0.00004697
     1.39000000    -0.00004968
     1.40000000    -0.00005252
     1.41000000    -0.00005550
     1.42000000    -0.00005863
     1.43000000    -0.00006191
     1.44000000    -0.00006534
     1.45000000    -0.00006894
     1.46000000    -0.00007271
     1.47000000    -0.00007665
     1.48000000    -0.00008078
     1.49000000    -0.00008510
     1.50000000    -0.00008961
     1.51000000    -0.00009433
     1.52000000    -0.00009926
     1.53000000    -0.00010442
     1.54000000    -0.00010980
     1.55000000    -0.00011542
     1.56000000    -0.00012128
     1.57000000    -0.00012740
     1.58000000    -0.00013378
     1.59000000    -0.00014043
     1.60000000    -0.00014737
     1.61000000    -0.00015460
     1.62000000    -0.00016213
     1.63000000    -0.00016997
     1.64000000    -0.00017814
     1.65000000    -0.00018665
     1.66000000    -0.00019549
     1.67000000    -0.00020470
     1.68000000    -0.00021428
     1.69000000    -0.00022423
     1.70000000    -0.00023458
     1.71000000    -0.00024534
     1.72000000    -0.00025652
     1.73000000    -0.00026813
     1.74000000    -0.00028019
     1.75000000    -0.00029271
     1.76000000    -0.00030570
     1.77000000    -0.00031919
     1.78000000    -0.00033318
     1.79000000    -0.00034769
     1.80000000    -0.00036274
     1.81000000    -0.00037834
     1.82000000    -0.00039452
     1.83000000    -0.00041127
     1.84000000    -0.00042864
     1.85000000    -0.00044662
     1.86000000    -0.00046525
     1.87000000    -0.00048453
     1.88000000    -0.00050449
     1.89000000    -0.00052514
     1.90000000    -0.00054652
     1.91000000    -0.00056863
     1.92000000    -0.00059149
     1.93000000    -0.00061514
     1.94000000    -0.00063958
     1.95000000    -0.00066484
     1.96000000    -0.00069095
     1.97000000    -0.00071793
     1.98000000    -0.00074579
     1.99000000    -0.00077457
     2.00000000    -0.00080429
     2.01000000    -0.00083497
     2.02000000    -0.00086663
     2.03000000    -0.00089931
     2.04000000    -0.00093303
     2.05000000    -0.00096781
     2.06000000    -0.00100369
     2.07000000    -0.00104068
     2.08000000    -0.00107883
     2.09000000    -0.00111815
     2.10000000    -0.00115867
     2.11000000    -0.00120043
     2.12000000    -0.00124346
     2.13000000    -0.00128778
     2.14000000    -0.00133343
     2.15000000    -0.00138044
     2.16000000    -0.00142884
     2.17000000    -0.00147867
     2.18000000    -0.00152995
     2.19000000    -0.00158272
     2.20000000    -0.00163702
     2.21000000    -0.00169288
     2.22000000    -0.00175034
     2.23000000    -0.00180942
     2.24000000    -0.00187018
     2.25000000    -0.00193264
     2.26000000    -0.00199685
     2.27000000    -0.00206284
     2.28000000    -0.00213065
     2.29000000    -0.00220033
     2.30000000    -0.00227190
     2.31000000    -0.00234542
     2.32000000    -0.00242092
     2.33000000    -0.00249844
     2.34000000    -0.00257804
     2.35000000    -0.00265974
     2.36000000    -0.00274361
     2.37000000    -0.00282967
     2.38000000    -0.00291797
     2.39000000    -0.00300857
     2.40000000    -0.00310150
     2.41000000    -0.00319682
     2.42000000    -0.00329456
     2.43000000    -0.00339479
     2.44000000    -0.00349755
     2.45000000    -0.00360288
     2.46000000    -0.00371084
     2.47000000    -0.00382147
     2.48000000    -0.00393484
     2.49000000    -0.00405099
     2.50000000    -0.00416997
     2.51000000    -0.00429184
     2.52000000    -0.00441665
     2.53000000    -0.00454445
     2.54000000    -0.00467531
     2.55000000    -0.00480927
     2.56000000    -0.00494639
     2.57000000    -0.00508673
     2.58000000    -0.00523035
     2.59000000    -0.00537730
     2.60000000    -0.00552765
     2.61000000    -0.00568145
     2.62000000    -0.00583876
     2.63000000    -0.00599965
     2.64000000    -0.00616417
     2.65000000    -0.00633239
     2.66000000    -0.00650437
     2.67000000    -0.00668017
     2.68000000    -0.00685985
     2.69000000    -0.00704349
     2.70000000    -0.00723115
     2.71000000    -0.00742289
     2.72000000    -0.00761877
     2.73000000    -0.00781887
     2.74000000    -0.00802325
     2.75000000    -0.00823199
     2.76000000    -0.00844514
     2.77000000    -0.00866278
     2.78000000    -0.00888497
     2.79000000    -0.00911180
     2.80000000    -0.00934332
     2.81000000    -0.00957962
     2.82000000    -0.00982075
     2.83000000    -0.01006681
     2.84000000    -0.01031785
     2.85000000    -0.01057395
     2.86000000    -0.01083519
     2.87000000    -0.01110164
     2.88000000    -0.01137337
     2.89000000    -0.01165047
     2.90000000    -0.01193300
     2.91000000    -0.01222105
     2.92000000    -0.01251470
     2.93000000    -0.01281401
     2.94000000    -0.01311907
     2.95000000    -0.01342996
     2.96000000    -0.01374675
     2.97000000    -0.01406953
     2.98000000    -0.01439838
     2.99000000    -0.01473337
     3.00000000    -0.01507459
     3.01000000    -0.01542212
     3.02000000    -0.01577604
     3.03000000    -0.01613643
     3.04000000    -0.01650338
     3.05000000    -0.01687696
     3.06000000    -0.01725727
     3.07000000    -0.01764438
     3.08000000    -0.01803838
     3.09000000    -0.01843936
     3.10000000    -0.01884740
     3.11000000    -0.01926257
     3.12000000    -0.01968498
     3.13000000    -0.02011470
     3.14000000    -0.02055182
     3.15000000    -0.02099643
     3.16000000    -0.02144861
     3.17000000    -0.02190845
     3.18000000    -0.02237604
     3.19000000    -0.02285145
     3.20000000    -0.02333479
     3.21000000    -0.02382614
     3.22000000    -0.02432558
     3.23000000    -0.02483321
     3.24000000    -0.02534910
     3.25000000    -0.02587336
     3.26000000    -0.02640606
     3.27000000    -0.02694729
     3.28000000    -0.02749715
     3.29000000    -0.02805573
     3.30000000    -0.02862310
     3.31000000    -0.02919936
     3.32000000    -0.02978459
     3.33000000    -0.03037889
     3.34000000    -0.03098235
     3.35000000    -0.03159505
     3.36000000    -0.03221707
     3.37000000    -0.03284852
     3.38000000    -0.03348947
     3.39000000    -0.03414001
     3.40000000    -0.03480024
     3.41000000    -0.03547023
     3.42000000    -0.03615009
     3.43000000    -0.03683988
     3.44000000    -0.03753971
     3.45000000    -0.03824966
     3.46000000    -0.03896981
     3.47000000    -0.03970025
     3.48000000    -0.04044107
     3.49000000    -0.04119236
     3.50000000    -0.04195419
     3.51000000    -0.04272665
     3.52000000    -0.04350984
     3.53000000    -0.04430382
     3.54000000    -0.04510870
     3.55000000    -0.04592454
     3.56000000    -0.04675143
     3.57000000    -0.04758947
     3.58000000    -0.04843871
     3.59000000    -0.04929926
     3.60000000    -0.05017119
     3.61000000    -0.05105457
     3.62000000    -0.05194950
     3.63000000    -0.05285605
     3.64000000    -0.05377429
     3.65000000    -0.05470431
     3.66000000    -0.05564619
     3.67000000    -0.05659999
     3.68000000    -0.05756580
     3.69000000    -0.05854369
     3.70000000    -0.05953373
     3.71000000    -0.06053600
     3.72000000    -0.06155058
     3.73000000    -0.06257752
     3.74000000    -0.06361691
     3.75000000    -0.06466881
     3.76000000    -0.06573330
     3.77000000    -0.06681044
     3.78000000    -0.06790029
     3.79000000    -0.06900293
     3.80000000    -0.07011842
     3.81000000    -0.07124683
     3.82000000    -0.07238821
     3.83000000    -0.07354263
     3.84000000    -0.07471015
     3.85000000    -0.07589083
     3.86000000    -0.07708473
     3.87000000    -0.07829191
     3.88000000    -0.07951242
     3.89000000    -0.08074632
     3.90000000    -0.08199365
     3.91000000    -0.08325449
     3.92000000    -0.08452886
     3.93000000    -0.08581683
     3.94000000    -0.08711845
     3.95000000    -0.08843375
     3.96000000    -0.08976279
     3.97000000    -0.09110561
     3.98000000    -0.09246226
     3.99000000    -0.09383277
     4.00000000    -0.09521718
     4.01000000    -0.09661553
     4.02000000    -0.09802787
     4.03000000    -0.09945422
     4.04000000    -0.10089461
     4.05000000    -0.10234909
     4.06000000    -0.10381767
     4.07000000    -0.10530040
     4.08000000    -0.10679728
     4.09000000    -0.10830836
     4.10000000    -0.10983365
     4.11000000    -0.11137318
     4.12000000    -0.11292696
     4.13000000    -0.11449502
     4.14000000    -0.11607736
     4.15000000    -0.11767401
     4.16000000    -0.11928497
     4.17000000    -0.12091025
     4.18000000    -0.12254987
     4.19000000    -0.12420384
     4.20000000    -0.12587214
     4.21000000    -0.12755479
     4.22000000    -0.12925180
     4.23000000    -0.13096314
     4.24000000    -0.13268883
     4.25000000    -0.13442886
     4.26000000    -0.13618321
     4.27000000    -0.13795189
     4.28000000    -0.13973487
     4.29000000    -0.14153214
     4.30000000    -0.14334369
     4.31000000    -0.14516949
     4.32000000    -0.14700953
     4.33000000    -0.14886378
     4.34000000    -0.15073222
     4.35000000    -0.15261481
     4.36000000    -0.15451153
     4.37000000    -0.15642235
     4.38000000    -0.15834723
     4.39000000    -0.16028613
     4.40000000    -0.16223901
     4.41000000    -0.16420583
     4.42000000    -0.16618655
     4.43000000    -0.16818112
     4.44000000    -0.17018949
     4.45000000    -0.17221160
     4.46000000    -0.17424741
     4.47000000    -0.17629685
     4.48000000    -0.17835986
     4.49000000    -0.18043639
     4.50000000    -0.18252637
     4.51000000    -0.18462973
     4.52000000    -0.18674640
     4.53000000    -0.18887631
     4.54000000    -0.19101938
     4.55000000    -0.19317554
     4.56000000    -0.19534470
     4.57000000    -0.19752679
     4.58000000    -0.19972171
     4.59000000    -0.20192937
     4.60000000    -0.20414970
     4.61000000    -0.20638259
     4.62000000    -0.20862794
     4.63000000    -0.21088566
     4.64000000    -0.21315564
     4.65000000    -0.21543779
     4.66000000    -0.21773198
     4.67000000    -0.22003812
     4.68000000    -0.22235609
     4.69000000    -0.22468577
     4.70000000    -0.22702705
     4.71000000    -0.22937980
     4.72000000    -0.23174389
     4.73000000    -0.23411922
     4.74000000    -0.23650563
     4.75000000    -0.23890300
     4.76000000    -0.24131120
     4.77000000    -0.24373009
     4.78000000    -0.24615952
     4.79000000    -0.24859935
     4.80000000    -0.25104944
     4.81000000    -0.25350964
     4.82000000    -0.25597979
     4.83000000    -0.25845974
     4.84000000    -0.26094934
     4.85000000    -0.26344841
     4.86000000    -0.26595681
     4.87000000    -0.26847435
     4.88000000    -0.27100088
     4.89000000    -0.27353623
     4.90000000    -0.27608021
     4.91000000    -0.27863265
     4.92000000    -0.28119337
     4.93000000    -0.28376220
     4.94000000    -0.28633893
     4.95000000    -0.28892339
     4.96000000    -0.29151539
     4.97000000    -0.29411472
     4.98000000    -0.29672121
     4.99000000    -0.29933463
     5.00000000    -0.30195481
     5.01000000    -0.30458152
     5.02000000    -0.30721457
     5.03000000    -0.30985374
     5.04000000    -0.31249882
     5.05000000    -0.31514960
     5.06000000    -0.31780587
     5.07000000    -0.32046739
     5.08000000    -0.32313395
     5.09000000    -0.32580533
     5.10000000    -0.32848129
     5.11000000    -0.33116161
     5.12000000    -0.33384605
     5.13000000    -0.33653439
     5.14000000    -0.33922637
     5.15000000    -0.34192177
     5.16000000    -0.34462034
     5.17000000    -0.34732183
     5.18000000    -0.35002601
     5.19000000    -0.35273261
     5.20000000    -0.35544140
     5.21000000    -0.35815211
     5.22000000    -0.36086450
     5.23000000    -0.36357829
     5.24000000    -0.36629324
     5.25000000    -0.36900909
     5.26000000    -0.37172555
     5.27000000    -0.37444238
     5.28000000    -0.37715930
     5.29000000    -0.37987605
     5.30000000    -0.38259234
     5.31000000    -0.38530791
     5.32000000    -0.38802248
     5.33000000    -0.39073577
     5.34000000    -0.39344750
     5.35000000    -0.39615740
     5.36000000    -0.39886517
     5.37000000    -0.40157053
     5.38000000    -0.40427320
     5.39000000    -0.40697289
     5.40000000    -0.40966930
     5.41000000    -0.41236215
     5.42000000    -0.41505115
     5.43000000    -0.41773599
     5.44000000    -0.42041639
     5.45000000    -0.42309205
     5.46000000    -0.42576266
     5.47000000    -0.42842794
     5.48000000    -0.43108757
     5.49000000    -0.43374126
     5.50000000    -0.43638870
     5.51000000    -0.43902959
     5.52000000    -0.44166363
     5.53000000    -0.44429050
     5.54000000    -0.44690990
     5.55000000    -0.44952153
     5.56000000    -0.45212507
     5.57000000    -0.45472022
     5.58000000    -0.45730666
     5.59000000    -0.45988409
     5.60000000    -0.46245219
     5.61000000    -0.46501065
     5.62000000    -0.46755915
     5.63000000    -0.47009740
     5.64000000    -0.47262506
     5.65000000    -0.47514184
     5.66000000    -0.47764741
     5.67000000    -0.48014146
     5.68000000    -0.48262369
     5.69000000    -0.48509376
     5.70000000    -0.48755137
     5.71000000    -0.48999621
     5.72000000    -0.49242797
     5.73000000    -0.49484632
     5.74000000    -0.49725095
     5.75000000    -0.49964156
     5.76000000    -0.50201783
     5.77000000    -0.50437944
     5.78000000    -0.50672609
     5.79000000    -0.50905747
     5.80000000    -0.51137326
     5.81000000    -0.51367315
     5.82000000    -0.51595684
     5.83000000    -0.51822401
     5.84000000    -0.52047437
     5.85000000    -0.52270760
     5.86000000    -0.52492340
     5.87000000    -0.52712147
     5.88000000    -0.52930150
     5.89000000    -0.53146319
     5.90000000    -0.53360624
     5.91000000    -0.53573036
     5.92000000    -0.53783524
     5.93000000    -0.53992059
     5.94000000    -0.54198612
     5.95000000    -0.54403153
     5.96000000    -0.54605653
     5.97000000    -0.54806084
     5.98000000    -0.55004417
     5.99000000    -0.55200623
     6.00000000    -0.55394675
     6.01000000    -0.55586543
     6.02000000    -0.55776201
     6.03000000    -0.55963620
     6.04000000    -0.56148774
     6.05000000    -0.56331635
     6.06000000    -0.56512176
     6.07000000    -0.56690372
     6.08000000    -0.56866194
     6.09000000    -0.57039618
     6.10000000    -0.57210617
     6.11000000    -0.57379167
     6.12000000    -0.57545241
     6.13000000    -0.57708816
     6.14000000    -0.57869866
     6.15000000    -0.58028367
     6.16000000    -0.58184295
     6.17000000    -0.58337627
     6.18000000    -0.58488339
     6.19000000    -0.58636409
     6.20000000    -0.58781814
     6.21000000    -0.58924531
     6.22000000    -0.59064539
     6.23000000    -0.59201816
     6.24000000    -0.59336342
     6.25000000    -0.59468095
     6.26000000    -0.59597055
     6.27000000    -0.59723202
     6.28000000    -0.59846518
     6.29000000    -0.59966982
     6.30000000    -0.60084576
     6.31000000    -0.60199281
     6.32000000    -0.60311081
     6.33000000    -0.60419958
     6.34000000    -0.60525894
     6.35000000    -0.60628873
     6.36000000    -0.60728880
     6.37000000    -0.60825898
     6.38000000    -0.60919913
     6.39000000    -0.61010910
     6.40000000    -0.61098874
     6.41000000    -0.61183793
     6.42000000    -0.61265653
     6.43000000    -0.61344442
     6.44000000    -0.61420146
     6.45000000    -0.61492756
     6.46000000    -0.61562259
     6.47000000    -0.61628645
     6.48000000    -0.61691904
     6.49000000    -0.61752026
     6.50000000    -0.61809002
     6.51000000    -0.61862825
     6.52000000    -0.61913485
     6.53000000    -0.61960976
     6.54000000    -0.62005290
     6.55000000    -0.62046422
     6.56000000    -0.62084365
     6.57000000    -0.62119115
     6.58000000    -0.62150667
     6.59000000    -0.62179016
     6.60000000    -0.62204160
     6.61000000    -0.62226095
     6.62000000    -0.62244819
     6.63000000    -0.62260331
     6.64000000    -0.62272629
     6.65000000    -0.62281712
     6.66000000    -0.62287580
     6.67000000    -0.62290235
     6.68000000    -0.62289677
     6.69000000    -0.62285907
     6.70000000    -0.62278929
     6.71000000    -0.62268746
     6.72000000    -0.62255359
     6.73000000    -0.62238775
     6.74000000    -0.62218997
     6.75000000    -0.62196031
     6.76000000    -0.62169883
     6.77000000    -0.62140559
     6.78000000    -0.62108066
     6.79000000    -0.62072411
     6.80000000    -0.62033604
     6.81000000    -0.61991652
     6.82000000    -0.61946566
     6.83000000    -0.61898355
     6.84000000    -0.61847030
     6.85000000    -0.61792602
     6.86000000    -0.61735082
     6.87000000    -0.61674484
     6.88000000    -0.61610819
     6.89000000    -0.61544101
     6.90000000    -0.61474345
     6.91000000    -0.61401565
     6.92000000    -0.61325775
     6.93000000    -0.61246993
     6.94000000    -0.61165233
     6.95000000    -0.61080513
     6.96000000    -0.60992850
     6.97000000    -0.60902262
     6.98000000    -0.60808767
     6.99000000    -0.60712385
     7.00000000    -0.60613134
     7.01000000    -0.60511035
     7.02000000    -0.60406108
     7.03000000    -0.60298373
     7.04000000    -0.60187854
     7.05000000    -0.60074571
     7.06000000    -0.59958547
     7.07000000    -0.59839804
     7.08000000    -0.59718367
     7.09000000    -0.59594259
     7.10000000    -0.59467505
     7.11000000    -0.59338129
     7.12000000    -0.59206156
     7.13000000    -0.59071612
     7.14000000    -0.58934523
     7.15000000    -0.58794916
     7.16000000    -0.58652816
     7.17000000    -0.58508253
     7.18000000    -0.58361253
     7.19000000    -0.58211844
     7.20000000    -0.58060055
     7.21000000    -0.57905915
     7.22000000    -0.57749452
     7.23000000    -0.57590696
     7.24000000    -0.57429676
     7.25000000    -0.57266424
     7.26000000    -0.57100969
     7.27000000    -0.56933342
     7.28000000    -0.56763574
     7.29000000    -0.56591696
     7.30000000    -0.56417740
     7.31000000    -0.56241738
     7.32000000    -0.56063721
     7.33000000    -0.55883722
     7.34000000    -0.55701774
     7.35000000    -0.55517909
     7.36000000    -0.55332159
     7.37000000    -0.55144559
     7.38000000    -0.54955141
     7.39000000    -0.54763939
     7.40000000    -0.54570987
     7.41000000    -0.54376318
     7.42000000    -0.54179965
     7.43000000    -0.53981964
     7.44000000    -0.53782348
     7.45000000    -0.53581152
     7.46000000    -0.53378409
     7.47000000    -0.53174155
     7.48000000    -0.52968423
     7.49000000    -0.52761248
     7.50000000    -0.52552664
     7.51000000    -0.52342707
     7.52000000    -0.52131411
     7.53000000    -0.51918810
     7.54000000    -0.51704939
     7.55000000    -0.51489833
     7.56000000    -0.51273526
     7.57000000    -0.51056052
     7.58000000    -0.50837447
     7.59000000    -0.50617744
     7.60000000    -0.50396979
     7.61000000    -0.50175185
     7.62000000    -0.49952396
     7.63000000    -0.49728647
     7.64000000    -0.49503971
     7.65000000    -0.49278403
     7.66000000    -0.49051976
     7.67000000    -0.48824725
     7.68000000    -0.48596681
     7.69000000    -0.48367880
     7.70000000    -0.48138353
     7.71000000    -0.47908134
     7.72000000    -0.47677255
     7.73000000    -0.47445750
     7.74000000    -0.47213651
     7.75000000    -0.46980990
     7.76000000    -0.46747798
     7.77000000    -0.46514108
     7.78000000    -0.46279952
     7.79000000    -0.46045360
     7.80000000    -0.45810363
     7.81000000    -0.45574993
     7.82000000    -0.45339280
     7.83000000    -0.45103254
     7.84000000    -0.44866945
     7.85000000    -0.44630383
     7.86000000    -0.44393597
     7.87000000    -0.44156617
     7.88000000    -0.43919472
     7.89000000    -0.43682189
     7.90000000    -0.43444798
     7.91000000    -0.43207325
     7.92000000    -0.42969799
     7.93000000    -0.42732248
     7.94000000    -0.42494697
     7.95000000    -0.42257174
     7.96000000    -0.42019704
     7.97000000    -0.41782315
     7.98000000    -0.41545031
     7.99000000    -0.41307877
     8.00000000    -0.41070879
     8.01000000    -0.40834062
     8.02000000    -0.40597449
     8.03000000    -0.40361064
     8.04000000    -0.40124931
     8.05000000    -0.39889072
     8.06000000    -0.39653512
     8.07000000    -0.39418271
     8.08000000    -0.39183373
     8.09000000    -0.38948839
     8.10000000    -0.38714689
     8.11000000    -0.38480946
     8.12000000    -0.38247629
     8.13000000    -0.38014759
     8.14000000    -0.37782356
     8.15000000    -0.37550439
     8.16000000    -0.37319026
     8.17000000    -0.37088138
     8.18000000    -0.36857792
     8.19000000    -0.36628006
     8.20000000    -0.36398798
     8.21000000    -0.36170185
     8.22000000    -0.35942184
     8.23000000    -0.35714811
     8.24000000    -0.35488083
     8.25000000    -0.35262015
     8.26000000    -0.35036622
     8.27000000    -0.34811921
     8.28000000    -0.34587924
     8.29000000    -0.34364647
     8.30000000    -0.34142104
     8.31000000    -0.33920308
     8.32000000    -0.33699273
     8.33000000    -0.33479011
     8.34000000    -0.33259535
     8.35000000    -0.33040857
     8.36000000    -0.32822989
     8.37000000    -0.32605943
     8.38000000    -0.32389729
     8.39000000    -0.32174360
     8.40000000    -0.31959844
     8.41000000    -0.31746193
     8.42000000    -0.31533416
     8.43000000    -0.31321523
     8.44000000    -0.31110523
     8.45000000    -0.30900425
     8.46000000    -0.30691238
     8.47000000    -0.30482970
     8.48000000    -0.30275629
     8.49000000    -0.30069223
     8.50000000    -0.29863758
     8.51000000    -0.29659244
     8.52000000    -0.29455685
     8.53000000    -0.29253089
     8.54000000    -0.29051461
     8.55000000    -0.28850809
     8.56000000    -0.28651138
     8.57000000    -0.28452452
     8.58000000    -0.28254758
     8.59000000    -0.28058061
     8.60000000    -0.27862364
     8.61000000    -0.27667672
     8.62000000    -0.27473990
     8.63000000    -0.27281321
     8.64000000    -0.27089670
     8.65000000    -0.26899039
     8.66000000    -0.26709431
     8.67000000    -0.26520851
     8.68000000    -0.26333300
     8.69000000    -0.26146781
     8.70000000    -0.25961296
     8.71000000    -0.25776848
     8.72000000    -0.25593438
     8.73000000    -0.25411068
     8.74000000    -0.25229739
     8.75000000    -0.25049453
     8.76000000    -0.24870211
     8.77000000    -0.24692014
     8.78000000    -0.24514862
     8.79000000    -0.24338756
     8.80000000    -0.24163697
     8.81000000    -0.23989684
     8.82000000    -0.23816717
     8.83000000    -0.23644797
     8.84000000    -0.23473923
     8.85000000    -0.23304094
     8.86000000    -0.23135311
     8.87000000    -0.22967571
     8.88000000    -0.22800874
     8.89000000    -0.22635220
     8.90000000    -0.22470606
     8.91000000    -0.22307032
     8.92000000    -0.22144495
     8.93000000    -0.21982995
     8.94000000    -0.21822529
     8.95000000    -0.21663096
     8.96000000    -0.21504693
     8.97000000    -0.21347319
     8.98000000    -0.21190971
     8.99000000    -0.21035647
     9.00000000    -0.20881344
     9.01000000    -0.20728060
     9.02000000    -0.20575792
     9.03000000    -0.20424537
     9.04000000    -0.20274292
     9.05000000    -0.20125055
     9.06000000    -0.19976822
     9.07000000    -0.19829590
     9.08000000    -0.19683356
     9.09000000    -0.19538117
     9.10000000    -0.19393868
     9.11000000    -0.19250608
     9.12000000    -0.19108331
     9.13000000    -0.18967035
     9.14000000    -0.18826715
     9.15000000    -0.18687368
     9.16000000    -0.18548991
     9.17000000    -0.18411578
     9.18000000    -0.18275127
     9.19000000    -0.18139633
     9.20000000    -0.18005092
     9.21000000    -0.17871499
     9.22000000    -0.17738852
     9.23000000    -0.17607144
     9.24000000    -0.17476373
     9.25000000    -0.17346534
     9.26000000    -0.17217622
     9.27000000    -0.17089633
     9.28000000    -0.16962563
     9.29000000    -0.16836407
     9.30000000    -0.16711160
     9.31000000    -0.16586818
     9.32000000    -0.16463376
     9.33000000    -0.16340830
     9.34000000    -0.16219175
     9.35000000    -0.16098406
     9.36000000    -0.15978518
     9.37000000    -0.15859508
     9.38000000    -0.15741369
     9.39000000    -0.15624097
     9.40000000    -0.15507688
     9.41000000    -0.15392137
     9.42000000    -0.15277438
     9.43000000    -0.15163587
     9.44000000    -0.15050579
     9.45000000    -0.14938409
     9.46000000    -0.14827072
     9.47000000    -0.14716563
     9.48000000    -0.14606878
     9.49000000    -0.14498011
     9.50000000    -0.14389957
     9.51000000    -0.14282712
     9.52000000    -0.14176270
     9.53000000    -0.14070627
     9.54000000    -0.13965777
     9.55000000    -0.13861717
     9.56000000    -0.13758439
     9.57000000    -0.13655941
     9.58000000    -0.13554216
     9.59000000    -0.13453260
     9.60000000    -0.13353068
     9.61000000    -0.13253635
     9.62000000    -0.13154955
     9.63000000    -0.13057025
     9.64000000    -0.12959839
     9.65000000    -0.12863391
     9.66000000    -0.12767679
     9.67000000    -0.12672695
     9.68000000    -0.12578436
     9.69000000    -0.12484896
     9.70000000    -0.12392071
     9.71000000    -0.12299955
     9.72000000    -0.12208545
     9.73000000    -0.12117835
     9.74000000    -0.12027819
     9.75000000    -0.11938495
     9.76000000    -0.11849855
     9.77000000    -0.11761897
     9.78000000    -0.11674615
     9.79000000    -0.11588004
     9.80000000    -0.11502059
     9.81000000    -0.11416776
     9.82000000    -0.11332151
     9.83000000    -0.11248178
     9.84000000    -0.11164852
     9.85000000    -0.11082170
     9.86000000    -0.11000126
     9.87000000    -0.10918716
     9.88000000    -0.10837935
     9.89000000    -0.10757779
     9.90000000    -0.10678242
     9.91000000    -0.10599322
     9.92000000    -0.10521012
     9.93000000    -0.10443309
     9.94000000    -0.10366208
     9.95000000    -0.10289705
     9.96000000    -0.10213795
     9.97000000    -0.10138473
     9.98000000    -0.10063736
     9.99000000    -0.09989579
    10.00000000    -0.09915998
    10.01000000    -0.09842988
    10.02000000    -0.09770545
    10.03000000    -0.09698665
    10.04000000    -0.09627343
    10.05000000    -0.09556576
    10.06000000    -0.09486359
    10.07000000    -0.09416688
    10.08000000    -0.09347558
    10.09000000    -0.09278966
    10.10000000    -0.09210908
    10.11000000    -0.09143379
    10.12000000    -0.09076375
    10.13000000    -0.09009893
    10.14000000    -0.08943928
    10.15000000    -0.08878476
    10.16000000    -0.08813534
    10.17000000    -0.08749097
    10.18000000    -0.08685161
    10.19000000    -0.08621724
    10.20000000    -0.08558780
    10.21000000    -0.08496326
    10.22000000    -0.08434358
    10.23000000    -0.08372872
    10.24000000    -0.08311865
    10.25000000    -0.08251332
    10.26000000    -0.08191271
    10.27000000    -0.08131677
    10.28000000    -0.08072547
    10.29000000    -0.08013877
    10.30000000    -0.07955663
    10.31000000    -0.07897902
    10.32000000    -0.07840590
    10.33000000    -0.07783724
    10.34000000    -0.07727301
    10.35000000    -0.07671316
    10.36000000    -0.07615766
    10.37000000    -0.07560648
    10.38000000    -0.07505958
    10.39000000    -0.07451693
    10.40000000    -0.07397850
    10.41000000    -0.07344425
    10.42000000    -0.07291415
    10.43000000    -0.07238817
    10.44000000    -0.07186627
    10.45000000    -0.07134842
    10.46000000    -0.07083459
    10.47000000    -0.07032474
    10.48000000    -0.06981885
    10.49000000    -0.06931688
    10.50000000    -0.06881880
    10.51000000    -0.06832458
    10.52000000    -0.06783419
    10.53000000    -0.06734760
    10.54000000    -0.06686478
    10.55000000    -0.06638569
    10.56000000    -0.06591032
    10.57000000    -0.06543862
    10.58000000    -0.06497056
    10.59000000    -0.06450613
    10.60000000    -0.06404529
    10.61000000    -0.06358801
    10.62000000    -0.06313426
    10.63000000    -0.06268401
    10.64000000    -0.06223724
    10.65000000    -0.06179391
    10.66000000    -0.06135401
    10.67000000    -0.06091750
    10.68000000    -0.06048435
    10.69000000    -0.06005454
    10.70000000    -0.05962804
    10.71000000    -0.05920483
    10.72000000    -0.05878487
    10.73000000    -0.05836814
    10.74000000    -0.05795462
    10.75000000    -0.05754428
    10.76000000    -0.05713709
    10.77000000    -0.05673303
    10.78000000    -0.05633207
    10.79000000    -0.05593419
    10.80000000    -0.05553936
    10.81000000    -0.05514755
    10.82000000    -0.05475875
    10.83000000    -0.05437293
    10.84000000    -0.05399007
    10.85000000    -0.05361013
    10.86000000    -0.05323311
    10.87000000    -0.05285896
    10.88000000    -0.05248768
    10.89000000    -0.05211923
    10.90000000    -0.05175360
    10.91000000    -0.05139076
    10.92000000    -0.05103069
    10.93000000    -0.05067336
    10.94000000    -0.05031876
    10.95000000    -0.04996686
    10.96000000    -0.04961764
    10.97000000    -0.04927108
    10.98000000    -0.04892716
    10.99000000    -0.04858585
    11.00000000    -0.04824713
    11.01000000    -0.04791099
    11.02000000    -0.04757740
    11.03000000    -0.04724635
    11.04000000    -0.04691780
    11.05000000    -0.04659175
    11.06000000    -0.04626817
    11.07000000    -0.04594703
    11.08000000    -0.04562833
    11.09000000    -0.04531204
    11.10000000    -0.04499815
    11.11000000    -0.04468662
    11.12000000    -0.04437745
    11.13000000    -0.04407061
    11.14000000    -0.04376609
    11.15000000    -0.04346387
    11.16000000    -0.04316392
    11.17000000    -0.04286623
    11.18000000    -0.04257079
    11.19000000    -0.04227757
    11.20000000    -0.04198655
    11.21000000    -0.04169773
    11.22000000    -0.04141107
    11.23000000    -0.04112657
    11.24000000    -0.04084420
    11.25000000    -0.04056395
    11.26000000    -0.04028580
    11.27000000    -0.04000973
    11.28000000    -0.03973573
    11.29000000    -0.03946379
    11.30000000    -0.03919387
    11.31000000    -0.03892598
    11.32000000    -0.03866009
    11.33000000    -0.03839618
    11.34000000    -0.03813424
    11.35000000    -0.03787426
    11.36000000    -0.03761621
    11.37000000    -0.03736009
    11.38000000    -0.03710587
    11.39000000    -0.03685355
    11.40000000    -0.03660310
    11.41000000    -0.03635451
    11.42000000    -0.03610777
    11.43000000    -0.03586287
    11.44000000    -0.03561978
    11.45000000    -0.03537849
    11.46000000    -0.03513899
    11.47000000    -0.03490126
    11.48000000    -0.03466530
    11.49000000    -0.03443108
    11.50000000    -0.03419859
    11.51000000    -0.03396782
    11.52000000    -0.03373875
    11.53000000    -0.03351138
    11.54000000    -0.03328568
    11.55000000    -0.03306165
    11.56000000    -0.03283926
    11.57000000    -0.03261852
    11.58000000    -0.03239939
    11.59000000    -0.03218188
    11.60000000    -0.03196597
    11.61000000    -0.03175165
    11.62000000    -0.03153889
    11.63000000    -0.03132770
    11.64000000    -0.03111806
    11.65000000    -0.03090995
    11.66000000    -0.03070337
    11.67000000    -0.03049829
    11.68000000    -0.03029472
    11.69000000    -0.03009264
    11.70000000    -0.02989203
    11.71000000    -0.02969289
    11.72000000    -0.02949520
    11.73000000    -0.02929895
    11.74000000    -0.02910413
    11.75000000    -0.02891073
    11.76000000    -0.02871873
    11.77000000    -0.02852814
    11.78000000    -0.02833893
    11.79000000    -0.02815109
    11.80000000    -0.02796462
    11.81000000    -0.02777950
    11.82000000    -0.02759572
    11.83000000    -0.02741327
    11.84000000    -0.02723215
    11.85000000    -0.02705233
    11.86000000    -0.02687382
    11.87000000    -0.02669660
    11.88000000    -0.02652065
    11.89000000    -0.02634598
    11.90000000    -0.02617257
    11.91000000    -0.02600041
    11.92000000    -0.02582948
    11.93000000    -0.02565979
    11.94000000    -0.02549132
    11.95000000    -0.02532406
    11.96000000    -0.02515801
    11.97000000    -0.02499314
    11.98000000    -0.02482946
    11.99000000    -0.02466696
    12.00000000    -0.02450562
    12.01000000    -0.02434543
    12.02000000    -0.02418640
    12.03000000    -0.02402850
    12.04000000    -0.02387173
    12.05000000    -0.02371608
    12.06000000    -0.02356154
    12.07000000    -0.02340810
    12.08000000    -0.02325576
    12.09000000    -0.02310451
    12.10000000    -0.02295433
    12.11000000    -0.02280522
    12.12000000    -0.02265717
    12.13000000    -0.02251018
    12.14000000    -0.02236423
    12.15000000    -0.02221932
    12.16000000    -0.02207543
    12.17000000    -0.02193257
    12.18000000    -0.02179072
    12.19000000    -0.02164987
    12.20000000    -0.02151002
    12.21000000    -0.02137116
    12.22000000    -0.02123328
    12.23000000    -0.02109638
    12.24000000    -0.02096044
    12.25000000    -0.02082546
    12.26000000    -0.02069144
    12.27000000    -0.02055836
    12.28000000    -0.02042621
    12.29000000    -0.02029500
    12.30000000    -0.02016471
    12.31000000    -0.02003533
    12.32000000    -0.01990687
    12.33000000    -0.01977930
    12.34000000    -0.01965264
    12.35000000    -0.01952685
    12.36000000    -0.01940196
    12.37000000    -0.01927793
    12.38000000    -0.01915478
    12.39000000    -0.01903248
    12.40000000    -0.01891104
    12.41000000    -0.01879045
    12.42000000    -0.01867070
    12.43000000    -0.01855179
    12.44000000    -0.01843370
    12.45000000    -0.01831644
    12.46000000    -0.01820000
    12.47000000    -0.01808436
    12.48000000    -0.01796953
    12.49000000    -0.01785550
    12.50000000    -0.01774226
    12.51000000    -0.01762980
    12.52000000    -0.01751813
    12.53000000    -0.01740723
    12.54000000    -0.01729710
    12.55000000    -0.01718773
    12.56000000    -0.01707912
    12.57000000    -0.01697126
    12.58000000    -0.01686414
    12.59000000    -0.01675777
    12.60000000    -0.01665213
    12.61000000    -0.01654721
    12.62000000    -0.01644303
    12.63000000    -0.01633955
    12.64000000    -0.01623680
    12.65000000    -0.01613474
    12.66000000    -0.01603340
    12.67000000    -0.01593274
    12.68000000    -0.01583278
    12.69000000    -0.01573350
    12.70000000    -0.01563491
    12.71000000    -0.01553699
    12.72000000    -0.01543974
    12.73000000    -0.01534316
    12.74000000    -0.01524724
    12.75000000    -0.01515197
    12.76000000    -0.01505736
    12.77000000    -0.01496339
    12.78000000    -0.01487007
    12.79000000    -0.01477738
    12.80000000    -0.01468532
    12.81000000    -0.01459389
    12.82000000    -0.01450308
    12.83000000    -0.01441289
    12.84000000    -0.01432331
    12.85000000    -0.01423434
    12.86000000    -0.01414598
    12.87000000    -0.01405821
    12.88000000    -0.01397104
    12.89000000    -0.01388447
    12.90000000    -0.01379847
    12.91000000    -0.01371306
    12.92000000    -0.01362823
    12.93000000    -0.01354398
    12.94000000    -0.01346029
    12.95000000    -0.01337716
    12.96000000    -0.01329460
    12.97000000    -0.01321260
    12.98000000    -0.01313114
    12.99000000    -0.01305024
    13.00000000    -0.01296988
    13.01000000    -0.01289006
    13.02000000    -0.01281078
    13.03000000    -0.01273203
    13.04000000    -0.01265381
    13.05000000    -0.01257612
    13.06000000    -0.01249894
    13.07000000    -0.01242229
    13.08000000    -0.01234615
    13.09000000    -0.01227051
    13.10000000    -0.01219539
    13.11000000    -0.01212076
    13.12000000    -0.01204664
    13.13000000    -0.01197301
    13.14000000    -0.01189987
    13.15000000    -0.01182722
    13.16000000    -0.01175505
    13.17000000    -0.01168336
    13.18000000    -0.01161216
    13.19000000    -0.01154142
    13.20000000    -0.01147116
    13.21000000    -0.01140136
    13.22000000    -0.01133203
    13.23000000    -0.01126315
    13.24000000    -0.01119474
    13.25000000    -0.01112678
    13.26000000    -0.01105926
    13.27000000    -0.01099220
    13.28000000    -0.01092558
    13.29000000    -0.01085940
    13.30000000    -0.01079366
    13.31000000    -0.01072835
    13.32000000    -0.01066347
    13.33000000    -0.01059902
    13.34000000    -0.01053500
    13.35000000    -0.01047139
    13.36000000    -0.01040821
    13.37000000    -0.01034544
    13.38000000    -0.01028309
    13.39000000    -0.01022115
    13.40000000    -0.01015961
    13.41000000    -0.01009848
    13.42000000    -0.01003774
    13.43000000    -0.00997741
    13.44000000    -0.00991747
    13.45000000    -0.00985793
    13.46000000    -0.00979877
    13.47000000    -0.00974000
    13.48000000    -0.00968162
    13.49000000    -0.00962362
    13.50000000    -0.00956599
    13.51000000    -0.00950874
    13.52000000    -0.00945187
    13.53000000    -0.00939537
    13.54000000    -0.00933923
    13.55000000    -0.00928346
    13.56000000    -0.00922806
    13.57000000    -0.00917301
    13.58000000    -0.00911832
    13.59000000    -0.00906399
    13.60000000    -0.00901001
    13.61000000    -0.00895638
    13.62000000    -0.00890310
    13.63000000    -0.00885016
    13.64000000    -0.00879757
    13.65000000    -0.00874531
    13.66000000    -0.00869340
    13.67000000    -0.00864182
    13.68000000    -0.00859057
    13.69000000    -0.00853966
    13.70000000    -0.00848907
    13.71000000    -0.00843881
    13.72000000    -0.00838887
    13.73000000    -0.00833926
    13.74000000    -0.00828996
    13.75000000    -0.00824099
    13.76000000    -0.00819232
    13.77000000    -0.00814397
    13.78000000    -0.00809594
    13.79000000    -0.00804820
    13.80000000    -0.00800078
    13.81000000    -0.00795366
    13.82000000    -0.00790684
    13.83000000    -0.00786032
    13.84000000    -0.00781410
    13.85000000    -0.00776818
    13.86000000    -0.00772255
    13.87000000    -0.00767721
    13.88000000    -0.00763216
    13.89000000    -0.00758739
    13.90000000    -0.00754292
    13.91000000    -0.00749872
    13.92000000    -0.00745481
    13.93000000    -0.00741118
    13.94000000    -0.00736783
    13.95000000    -0.00732475
    13.96000000    -0.00728194
    13.97000000    -0.00723941
    13.98000000    -0.00719715
    13.99000000    -0.00715515
    14.00000000    -0.00711342
    14.01000000    -0.00707196
    14.02000000    -0.00703076
    14.03000000    -0.00698982
    14.04000000    -0.00694914
    14.05000000    -0.00690872
    14.06000000    -0.00686855
    14.07000000    -0.00682863
    14.08000000    -0.00678897
    14.09000000    -0.00674956
    14.10000000    -0.00671040
    14.11000000    -0.00667148
    14.12000000    -0.00663281
    14.13000000    -0.00659438
    14.14000000    -0.00655619
    14.15000000    -0.00651825
    14.16000000    -0.00648054
    14.17000000    -0.00644307
    14.18000000    -0.00640583
    14.19000000    -0.00636883
    14.20000000    -0.00633206
    14.21000000    -0.00629552
    14.22000000    -0.00625921
    14.23000000    -0.00622313
    14.24000000    -0.00618727
    14.25000000    -0.00615164
    14.26000000    -0.00611623
    14.27000000    -0.00608104
    14.28000000    -0.00604607
    14.29000000    -0.00601132
    14.30000000    -0.00597678
    14.31000000    -0.00594246
    14.32000000    -0.00590835
    14.33000000    -0.00587446
    14.34000000    -0.00584078
    14.35000000    -0.00580730
    14.36000000    -0.00577404
    14.37000000    -0.00574098
    14.38000000    -0.00570813
    14.39000000    -0.00567548
    14.40000000    -0.00564303
    14.41000000    -0.00561078
    14.42000000    -0.00557874
    14.43000000    -0.00554689
    14.44000000    -0.00551524
    14.45000000    -0.00548378
    14.46000000    -0.00545252
    14.47000000    -0.00542145
    14.48000000    -0.00539057
    14.49000000    -0.00535989
    14.50000000    -0.00532939
    14.51000000    -0.00529908
    14.52000000    -0.00526896
    14.53000000    -0.00523902
    14.54000000    -0.00520927
    14.55000000    -0.00517970
    14.56000000    -0.00515031
    14.57000000    -0.00512110
    14.58000000    -0.00509207
    14.59000000    -0.00506322
    14.60000000    -0.00503455
    14.61000000    -0.00500605
    14.62000000    -0.00497773
    14.63000000    -0.00494958
    14.64000000    -0.00492160
    14.65000000    -0.00489379
    14.66000000    -0.00486616
    14.67000000    -0.00483869
    14.68000000    -0.00481139
    14.69000000    -0.00478425
    14.70000000    -0.00475729
    14.71000000    -0.00473048
    14.72000000    -0.00470384
    14.73000000    -0.00467736
    14.74000000    -0.00465104
    14.75000000    -0.00462489
    14.76000000    -0.00459889
    14.77000000    -0.00457305
    14.78000000    -0.00454736
    14.79000000    -0.00452183
    14.80000000    -0.00449646
    14.81000000    -0.00447124
    14.82000000    -0.00444617
    14.83000000    -0.00442126
    14.84000000    -0.00439649
    14.85000000    -0.00437188
    14.86000000    -0.00434741
    14.87000000    -0.00432309
    14.88000000    -0.00429892
    14.89000000    -0.00427490
    14.90000000    -0.00425101
    14.91000000    -0.00422728
    14.92000000    -0.00420368
    14.93000000    -0.00418023
    14.94000000    -0.00415692
    14.95000000    -0.00413375
    14.96000000    -0.00411072
    14.97000000    -0.00408782
    14.98000000    -0.00406507
    14.99000000    -0.00404245
    15.00000000    -0.00401997
    15.01000000    -0.00399762
    15.02000000    -0.00397540
    15.03000000    -0.00395332
    15.04000000    -0.00393137
    15.05000000    -0.00390955
    15.06000000    -0.00388786
    15.07000000    -0.00386630
    15.08000000    -0.00384487
    15.09000000    -0.00382357
    15.10000000    -0.00380240
    15.11000000    -0.00378135
    15.12000000    -0.00376042
    15.13000000    -0.00373962
    15.14000000    -0.00371895
    15.15000000    -0.00369840
    15.16000000    -0.00367796
    15.17000000    -0.00365766
    15.18000000    -0.00363747
    15.19000000    -0.00361740
    15.20000000    -0.00359745
    15.21000000    -0.00357762
    15.22000000    -0.00355790
    15.23000000    -0.00353831
    15.24000000    -0.00351883
    15.25000000    -0.00349946
    15.26000000    -0.00348021
    15.27000000    -0.00346107
    15.28000000    -0.00344205
    15.29000000    -0.00342313
    15.30000000    -0.00340433
    15.31000000    -0.00338564
    15.32000000    -0.00336706
    15.33000000    -0.00334859
    15.34000000    -0.00333023
    15.35000000    -0.00331197
    15.36000000    -0.00329383
    15.37000000    -0.00327579
    15.38000000    -0.00325785
    15.39000000    -0.00324002
    15.40000000    -0.00322230
    15.41000000    -0.00320468
    15.42000000    -0.00318716
    15.43000000    -0.00316975
    15.44000000    -0.00315243
    15.45000000    -0.00313522
    15.46000000    -0.00311811
    15.47000000    -0.00310110
    15.48000000    -0.00308419
    15.49000000    -0.00306738
    15.50000000    -0.00305066
    15.51000000    -0.00303404
    15.52000000    -0.00301752
    15.53000000    -0.00300110
    15.54000000    -0.00298477
    15.55000000    -0.00296854
    15.56000000    -0.00295240
    15.57000000    -0.00293635
    15.58000000    -0.00292040
    15.59000000    -0.00290454
    15.60000000    -0.00288877
    15.61000000    -0.00287309
    15.62000000    -0.00285751
    15.63000000    -0.00284201
    15.64000000    -0.00282661
    15.65000000    -0.00281129
    15.66000000    -0.00279606
    15.67000000    -0.00278092
    15.68000000    -0.00276587
    15.69000000    -0.00275090
    15.70000000    -0.00273602
    15.71000000    -0.00272123
    15.72000000    -0.00270652
    15.73000000    -0.00269190
    15.74000000    -0.00267736
    15.75000000    -0.00266290
    15.76000000    -0.00264853
    15.77000000    -0.00263424
    15.78000000    -0.00262003
    15.79000000    -0.00260590
    15.80000000    -0.00259186
    15.81000000    -0.00257789
    15.82000000    -0.00256400
    15.83000000    -0.00255020
    15.84000000    -0.00253647
    15.85000000    -0.00252282
    15.86000000    -0.00250925
    15.87000000    -0.00249576
    15.88000000    -0.00248234
    15.89000000    -0.00246900
    15.90000000    -0.00245574
    15.91000000    -0.00244255
    15.92000000    -0.00242944
    15.93000000    -0.00241640
    15.94000000    -0.00240344
    15.95000000    -0.00239055
    15.96000000    -0.00237773
    15.97000000    -0.00236499
    15.98000000    -0.00235232
    15.99000000    -0.00233972
    16.00000000    -0.00232719
    16.01000000    -0.00231473
    16.02000000    -0.00230235
    16.03000000    -0.00229003
    16.04000000    -0.00227778
    16.05000000    -0.00226561
    16.06000000    -0.00225350
    16.07000000    -0.00224146
    16.08000000    -0.00222948
    16.09000000    -0.00221758
    16.10000000    -0.00220574
    16.11000000    -0.00219397
    16.12000000    -0.00218226
    16.13000000    -0.00217063
    16.14000000    -0.00215905
    16.15000000    -0.00214754
    16.16000000    -0.00213610
    16.17000000    -0.00212472
    16.18000000    -0.00211340
    16.19000000    -0.00210215
    16.20000000    -0.00209096
    16.21000000    -0.00207984
    16.22000000    -0.00206877
    16.23000000    -0.00205777
    16.24000000    -0.00204683
    16.25000000    -0.00203595
    16.26000000    -0.00202513
    16.27000000    -0.00201437
    16.28000000    -0.00200367
    16.29000000    -0.00199303
    16.30000000    -0.00198245
    16.31000000    -0.00197193
    16.32000000    -0.00196147
    16.33000000    -0.00195106
    16.34000000    -0.00194072
    16.35000000    -0.00193043
    16.36000000    -0.00192020
    16.37000000    -0.00191002
    16.38000000    -0.00189990
    16.39000000    -0.00188984
    16.40000000    -0.00187983
    16.41000000    -0.00186988
    16.42000000    -0.00185999
    16.43000000    -0.00185014
    16.44000000    -0.00184036
    16.45000000    -0.00183062
    16.46000000    -0.00182094
    16.47000000    -0.00181132
    16.48000000    -0.00180174
    16.49000000    -0.00179222
    16.50000000    -0.00178275
    16.51000000    -0.00177334
    16.52000000    -0.00176397
    16.53000000    -0.00175466
    16.54000000    -0.00174540
    16.55000000    -0.00173619
    16.56000000    -0.00172703
    16.57000000    -0.00171792
    16.58000000    -0.00170885
    16.59000000    -0.00169984
    16.60000000    -0.00169088
    16.61000000    -0.00168197
    16.62000000    -0.00167310
    16.63000000    -0.00166429
    16.64000000    -0.00165552
    16.65000000    -0.00164680
    16.66000000    -0.00163813
    16.67000000    -0.00162950
    16.68000000    -0.00162092
    16.69000000    -0.00161239
    16.70000000    -0.00160391
    16.71000000    -0.00159547
    16.72000000    -0.00158707
    16.73000000    -0.00157872
    16.74000000    -0.00157042
    16.75000000    -0.00156216
    16.76000000    -0.00155395
    16.77000000    -0.00154578
    16.78000000    -0.00153766
    16.79000000    -0.00152958
    16.80000000    -0.00152154
    16.81000000    -0.00151354
    16.82000000    -0.00150559
    16.83000000    -0.00149768
    16.84000000    -0.00148982
    16.85000000    -0.00148199
    16.86000000    -0.00147421
    16.87000000    -0.00146647
    16.88000000    -0.00145878
    16.89000000    -0.00145112
    16.90000000    -0.00144350
    16.91000000    -0.00143593
    16.92000000    -0.00142839
    16.93000000    -0.00142090
    16.94000000    -0.00141344
    16.95000000    -0.00140603
    16.96000000    -0.00139865
    16.97000000    -0.00139132
    16.98000000    -0.00138402
    16.99000000    -0.00137676
    17.00000000    -0.00136955
    17.01000000    -0.00136236
    17.02000000    -0.00135522
    17.03000000    -0.00134812
    17.04000000    -0.00134105
    17.05000000    -0.00133402
    17.06000000    -0.00132703
    17.07000000    -0.00132007
    17.08000000    -0.00131315
    17.09000000    -0.00130627
    17.10000000    -0.00129942
    17.11000000    -0.00129261
    17.12000000    -0.00128584
    17.13000000    -0.00127910
    17.14000000    -0.00127240
    17.15000000    -0.00126573
    17.16000000    -0.00125910
    17.17000000    -0.00125250
    17.18000000    -0.00124594
    17.19000000    -0.00123941
    17.20000000    -0.00123292
    17.21000000    -0.00122646
    17.22000000    -0.00122003
    17.23000000    -0.00121364
    17.24000000    -0.00120728
    17.25000000    -0.00120095
    17.26000000    -0.00119465
    17.27000000    -0.00118839
    17.28000000    -0.00118217
    17.29000000    -0.00117597
    17.30000000    -0.00116981
    17.31000000    -0.00116367
    17.32000000    -0.00115757
    17.33000000    -0.00115151
    17.34000000    -0.00114547
    17.35000000    -0.00113946
    17.36000000    -0.00113349
    17.37000000    -0.00112754
    17.38000000    -0.00112163
    17.39000000    -0.00111575
    17.40000000    -0.00110990
    17.41000000    -0.00110407
    17.42000000    -0.00109828
    17.43000000    -0.00109252
    17.44000000    -0.00108678
    17.45000000    -0.00108108
    17.46000000    -0.00107541
    17.47000000    -0.00106976
    17.48000000    -0.00106414
    17.49000000    -0.00105856
    17.50000000    -0.00105300
    17.51000000    -0.00104747
    17.52000000    -0.00104196
    17.53000000    -0.00103649
    17.54000000    -0.00103104
    17.55000000    -0.00102562
    17.56000000    -0.00102023
    17.57000000    -0.00101486
    17.58000000    -0.00100953
    17.59000000    -0.00100422
    17.60000000    -0.00099893
    17.61000000    -0.00099368
    17.62000000    -0.00098845
    17.63000000    -0.00098324
    17.64000000    -0.00097806
    17.65000000    -0.00097291
    17.66000000    -0.00096779
    17.67000000    -0.00096269
    17.68000000    -0.00095761
    17.69000000    -0.00095256
    17.70000000    -0.00094754
    17.71000000    -0.00094254
    17.72000000    -0.00093757
    17.73000000    -0.00093262
    17.74000000    -0.00092769
    17.75000000    -0.00092279
    17.76000000    -0.00091792
    17.77000000    -0.00091307
    17.78000000    -0.00090824
    17.79000000    -0.00090344
    17.80000000    -0.00089866
    17.81000000    -0.00089390
    17.82000000    -0.00088917
    17.83000000    -0.00088446
    17.84000000    -0.00087977
    17.85000000    -0.00087511
    17.86000000    -0.00087047
    17.87000000    -0.00086585
    17.88000000    -0.00086126
    17.89000000    -0.00085669
    17.90000000    -0.00085214
    17.91000000    -0.00084761
    17.92000000    -0.00084311
    17.93000000    -0.00083862
    17.94000000    -0.00083416
    17.95000000    -0.00082972
    17.96000000    -0.00082531
    17.97000000    -0.00082091
    17.98000000    -0.00081653
    17.99000000    -0.00081218
    18.00000000    -0.00080785
    18.01000000    -0.00080354
    18.02000000    -0.00079924
    18.03000000    -0.00079497
    18.04000000    -0.00079072
    18.05000000    -0.00078649
    18.06000000    -0.00078229
    18.07000000    -0.00077810
    18.08000000    -0.00077393
    18.09000000    -0.00076978
    18.10000000    -0.00076565
    18.11000000    -0.00076154
    18.12000000    -0.00075745
    18.13000000    -0.00075338
    18.14000000    -0.00074933
    18.15000000    -0.00074530
    18.16000000    -0.00074128
    18.17000000    -0.00073729
    18.18000000    -0.00073332
    18.19000000    -0.00072936
    18.20000000    -0.00072542
    18.21000000    -0.00072150
    18.22000000    -0.00071760
    18.23000000    -0.00071372
    18.24000000    -0.00070986
    18.25000000    -0.00070601
    18.26000000    -0.00070218
    18.27000000    -0.00069837
    18.28000000    -0.00069458
    18.29000000    -0.00069080
    18.30000000    -0.00068705
    18.31000000    -0.00068331
    18.32000000    -0.00067959
    18.33000000    -0.00067588
    18.34000000    -0.00067219
    18.35000000    -0.00066852
    18.36000000    -0.00066487
    18.37000000    -0.00066123
    18.38000000    -0.00065761
    18.39000000    -0.00065400
    18.40000000    -0.00065042
    18.41000000    -0.00064684
    18.42000000    -0.00064329
    18.43000000    -0.00063975
    18.44000000    -0.00063623
    18.45000000    -0.00063272
    18.46000000    -0.00062923
    18.47000000    -0.00062575
    18.48000000    -0.00062229
    18.49000000    -0.00061885
    18.50000000    -0.00061542
    18.51000000    -0.00061201
    18.52000000    -0.00060861
    18.53000000    -0.00060523
    18.54000000    -0.00060186
    18.55000000    -0.00059851
    18.56000000    -0.00059517
    18.57000000    -0.00059185
    18.58000000    -0.00058854
    18.59000000    -0.00058524
    18.60000000    -0.00058197
    18.61000000    -0.00057870
    18.62000000    -0.00057545
    18.63000000    -0.00057221
    18.64000000    -0.00056899
    18.65000000    -0.00056579
    18.66000000    -0.00056259
    18.67000000    -0.00055941
    18.68000000    -0.00055625
    18.69000000    -0.00055309
    18.70000000    -0.00054995
    18.71000000    -0.00054683
    18.72000000    -0.00054372
    18.73000000    -0.00054062
    18.74000000    -0.00053753
    18.75000000    -0.00053446
    18.76000000    -0.00053140
    18.77000000    -0.00052836
    18.78000000    -0.00052533
    18.79000000    -0.00052231
    18.80000000    -0.00051930
    18.81000000    -0.00051631
    18.82000000    -0.00051332
    18.83000000    -0.00051035
    18.84000000    -0.00050740
    18.85000000    -0.00050445
    18.86000000    -0.00050152
    18.87000000    -0.00049860
    18.88000000    -0.00049569
    18.89000000    -0.00049280
    18.90000000    -0.00048992
    18.91000000    -0.00048704
    18.92000000    -0.00048418
    18.93000000    -0.00048134
    18.94000000    -0.00047850
    18.95000000    -0.00047568
    18.96000000    -0.00047286
    18.97000000    -0.00047006
    18.98000000    -0.00046727
    18.99000000    -0.00046449
    19.00000000    -0.00046172
    19.01000000    -0.00045897
    19.02000000    -0.00045622
    19.03000000    -0.00045349
    19.04000000    -0.00045076
    19.05000000    -0.00044805
    19.06000000    -0.00044535
    19.07000000    -0.00044266
    19.08000000    -0.00043998
    19.09000000    -0.00043731
    19.10000000    -0.00043465
    19.11000000    -0.00043200
    19.12000000    -0.00042936
    19.13000000    -0.00042673
    19.14000000    -0.00042411
    19.15000000    -0.00042150
    19.16000000    -0.00041890
    19.17000000    -0.00041632
    19.18000000    -0.00041374
    19.19000000    -0.00041117
    19.20000000    -0.00040861
    19.21000000    -0.00040606
    19.22000000    -0.00040352
    19.23000000    -0.00040099
    19.24000000    -0.00039847
    19.25000000    -0.00039596
    19.26000000    -0.00039346
    19.27000000    -0.00039097
    19.28000000    -0.00038849
    19.29000000    -0.00038601
    19.30000000    -0.00038355
    19.31000000    -0.00038110
    19.32000000    -0.00037865
    19.33000000    -0.00037621
    19.34000000    -0.00037378
    19.35000000    -0.00037136
    19.36000000    -0.00036895
    19.37000000    -0.00036655
    19.38000000    -0.00036416
    19.39000000    -0.00036177
    19.40000000    -0.00035940
    19.41000000    -0.00035703
    19.42000000    -0.00035467
    19.43000000    -0.00035232
    19.44000000    -0.00034998
    19.45000000    -0.00034764
    19.46000000    -0.00034532
    19.47000000    -0.00034300
    19.48000000    -0.00034069
    19.49000000    -0.00033838
    19.50000000    -0.00033609
    19.51000000    -0.00033380
    19.52000000    -0.00033152
    19.53000000    -0.00032925
    19.54000000    -0.00032699
    19.55000000    -0.00032473
    19.56000000    -0.00032249
    19.57000000    -0.00032024
    19.58000000    -0.00031801
    19.59000000    -0.00031579
    19.60000000    -0.00031357
    19.61000000    -0.00031136
    19.62000000    -0.00030915
    19.63000000    -0.00030695
    19.64000000    -0.00030477
    19.65000000    -0.00030258
    19.66000000    -0.00030041
    19.67000000    -0.00029824
    19.68000000    -0.00029608
    19.69000000    -0.00029392
    19.70000000    -0.00029177
    19.71000000    -0.00028963
    19.72000000    -0.00028750
    19.73000000    -0.00028537
    19.74000000    -0.00028325
    19.75000000    -0.00028113
    19.76000000    -0.00027902
    19.77000000    -0.00027692
    19.78000000    -0.00027482
    19.79000000    -0.00027273
    19.80000000    -0.00027065
    19.81000000    -0.00026857
    19.82000000    -0.00026650
    19.83000000    -0.00026444
    19.84000000    -0.00026238
    19.85000000    -0.00026033
    19.86000000    -0.00025828
    19.87000000    -0.00025624
    19.88000000    -0.00025420
    19.89000000    -0.00025217
    19.90000000    -0.00025015
    19.91000000    -0.00024813
    19.92000000    -0.00024612
    19.93000000    -0.00024411
    19.94000000    -0.00024211
    19.95000000    -0.00024012
    19.96000000    -0.00023813
    19.97000000    -0.00023614
    19.98000000    -0.00023416
    19.99000000    -0.00023219
    20.00000000    -0.00023022
    20.01000000    -0.00022825
    20.02000000    -0.00022630
    20.03000000    -0.00022434
    20.04000000    -0.00022239
    20.05000000    -0.00022045
    20.06000000    -0.00021851
    20.07000000    -0.00021658
    20.08000000    -0.00021465
    20.09000000    -0.00021273
    20.10000000    -0.00021081
    20.11000000    -0.00020889
    20.12000000    -0.00020698
    20.13000000    -0.00020508
    20.14000000    -0.00020318
    20.15000000    -0.00020128
    20.16000000    -0.00019939
    20.17000000    -0.00019751
    20.18000000    -0.00019562
    20.19000000    -0.00019375
    20.20000000    -0.00019187
    20.21000000    -0.00019000
    20.22000000    -0.00018814
    20.23000000    -0.00018628
    20.24000000    -0.00018442
    20.25000000    -0.00018257
    20.26000000    -0.00018072
    20.27000000    -0.00017888
    20.28000000    -0.00017703
    20.29000000    -0.00017520
    20.30000000    -0.00017337
    20.31000000    -0.00017154
    20.32000000    -0.00016971
    20.33000000    -0.00016789
    20.34000000    -0.00016607
    20.35000000    -0.00016426
    20.36000000    -0.00016245
    20.37000000    -0.00016064
    20.38000000    -0.00015884
    20.39000000    -0.00015704
    20.40000000    -0.00015524
    20.41000000    -0.00015345
    20.42000000    -0.00015166
    20.43000000    -0.00014988
    20.44000000    -0.00014809
    20.45000000    -0.00014631
    20.46000000    -0.00014454
    20.47000000    -0.00014277
    20.48000000    -0.00014100
    20.49000000    -0.00013923
    20.50000000    -0.00013747
    20.51000000    -0.00013571
    20.52000000    -0.00013395
    20.53000000    -0.00013219
    20.54000000    -0.00013044
    20.55000000    -0.00012869
    20.56000000    -0.00012695
    20.57000000    -0.00012520
    20.58000000    -0.00012346
    20.59000000    -0.00012172
    20.60000000    -0.00011999
    20.61000000    -0.00011826
    20.62000000    -0.00011653
    20.63000000    -0.00011480
    20.64000000    -0.00011307
    20.65000000    -0.00011135
    20.66000000    -0.00010963
    20.67000000    -0.00010791
    20.68000000    -0.00010620
    20.69000000    -0.00010449
    20.70000000    -0.00010277
    20.71000000    -0.00010107
    20.72000000    -0.00009936
    20.73000000    -0.00009766
    20.74000000    -0.00009595
    20.75000000    -0.00009425
    20.76000000    -0.00009256
    20.77000000    -0.00009086
    20.78000000    -0.00008917
    20.79000000    -0.00008747
    20.80000000    -0.00008578
    20.81000000    -0.00008410
    20.82000000    -0.00008241
    20.83000000    -0.00008072
    20.84000000    -0.00007904
    20.85000000    -0.00007736
    20.86000000    -0.00007568
    20.87000000    -0.00007400
    20.88000000    -0.00007233
    20.89000000    -0.00007065
    20.90000000    -0.00006898
    20.91000000    -0.00006731
    20.92000000    -0.00006563
    20.93000000    -0.00006397
    20.94000000    -0.00006230
    20.95000000    -0.00006063
    20.96000000    -0.00005897
    20.97000000    -0.00005730
    20.98000000    -0.00005564
    20.99000000    -0.00005398
    21.00000000    -0.00005232
    21.01000000    -0.00005066
    21.02000000    -0.00004900
    21.03000000    -0.00004734
    21.04000000    -0.00004569
    21.05000000    -0.00004403
    21.06000000    -0.00004238
    21.07000000    -0.00004073
    21.08000000    -0.00003907
    21.09000000    -0.00003742
    21.10000000    -0.00003577
    21.11000000    -0.00003412
    21.12000000    -0.00003247
    21.13000000    -0.00003082
    21.14000000    -0.00002918
    21.15000000    -0.00002753
    21.16000000    -0.00002588
    21.17000000    -0.00002424
    21.18000000    -0.00002259
    21.19000000    -0.00002095
    21.20000000    -0.00001930
    21.21000000    -0.00001766
    21.22000000    -0.00001601
    21.23000000    -0.00001437
    21.24000000    -0.00001273
    21.25000000    -0.00001108
    21.26000000    -0.00000944
    21.27000000    -0.00000780
    21.28000000    -0.00000616
    21.29000000    -0.00000451
    21.30000000    -0.00000287
    21.31000000    -0.00000123
    21.32000000     0.00000000
    21.33000000     0.00000000
    21.34000000     0.00000000
    21.35000000     0.00000000
    21.36000000     0.00000000
    21.37000000     0.00000000
    21.38000000     0.00000000
    21.39000000     0.00000000
    21.40000000     0.00000000
    21.41000000     0.00000000
    21.42000000     0.00000000
    21.43000000     0.00000000
    21.44000000     0.00000000
    21.45000000     0.00000000
    21.46000000     0.00000000
    21.47000000     0.00000000
    21.48000000     0.00000000
    21.49000000     0.00000000
    21.50000000     0.00000000
    21.51000000     0.00000000
    21.52000000     0.00000000
    21.53000000     0.00000000
    21.54000000     0.00000000
    21.55000000     0.00000000
    21.56000000     0.00000000
    21.57000000     0.00000000
    21.58000000     0.00000000
    21.59000000     0.00000000
    21.60000000     0.00000000
    21.61000000     0.00000000
    21.62000000     0.00000000
    21.63000000     0.00000000
    21.64000000     0.00000000
    21.65000000     0.00000000
    21.66000000     0.00000000
    21.67000000     0.00000000
    21.68000000     0.00000000
    21.69000000     0.00000000
    21.70000000     0.00000000
    21.71000000     0.00000000
    21.72000000     0.00000000
    21.73000000     0.00000000
    21.74000000     0.00000000
    21.75000000     0.00000000
    21.76000000     0.00000000
    21.77000000     0.00000000
    21.78000000     0.00000000
    21.79000000     0.00000000
    21.80000000     0.00000000
    21.81000000     0.00000000
    21.82000000     0.00000000
    21.83000000     0.00000000
    21.84000000     0.00000000
    21.85000000     0.00000000
    21.86000000     0.00000000
    21.87000000     0.00000000
    21.88000000     0.00000000
    21.89000000     0.00000000
    21.90000000     0.00000000
    21.91000000     0.00000000
    21.92000000     0.00000000
    21.93000000     0.00000000
    21.94000000     0.00000000
    21.95000000     0.00000000
    21.96000000     0.00000000
    21.97000000     0.00000000
    21.98000000     0.00000000
    21.99000000     0.00000000
    22.00000000     0.00000000
    22.01000000     0.00000000
    22.02000000     0.00000000
    22.03000000     0.00000000
    22.04000000     0.00000000
    22.05000000     0.00000000
    22.06000000     0.00000000
    22.07000000     0.00000000
    22.08000000     0.00000000
    22.09000000     0.00000000
    22.10000000     0.00000000
    22.11000000     0.00000000
    22.12000000     0.00000000
    22.13000000     0.00000000
    22.14000000     0.00000000
    22.15000000     0.00000000
    22.16000000     0.00000000
    22.17000000     0.00000000
    22.18000000     0.00000000
    22.19000000     0.00000000
    22.20000000     0.00000000
    22.21000000     0.00000000
    22.22000000     0.00000000
    22.23000000     0.00000000
    22.24000000     0.00000000
    22.25000000     0.00000000
    22.26000000     0.00000000
    22.27000000     0.00000000
    22.28000000     0.00000000
    22.29000000     0.00000000
    22.30000000     0.00000000
    22.31000000     0.00000000
    22.32000000     0.00000000
    22.33000000     0.00000000
    22.34000000     0.00000000
    22.35000000     0.00000000
    22.36000000     0.00000000
    22.37000000     0.00000000
    22.38000000     0.00000000
    22.39000000     0.00000000
    22.40000000     0.00000000
    22.41000000     0.00000000
    22.42000000     0.00000000
    22.43000000     0.00000000
    22.44000000     0.00000000
    22.45000000     0.00000000
    22.46000000     0.00000000
    22.47000000     0.00000000
    22.48000000     0.00000000
    22.49000000     0.00000000
    22.50000000     0.00000000
    22.51000000     0.00000000
    22.52000000     0.00000000
    22.53000000     0.00000000
    22.54000000     0.00000000
    22.55000000     0.00000000
    22.56000000     0.00000000
    22.57000000     0.00000000
    22.58000000     0.00000000
    22.59000000     0.00000000
    22.60000000     0.00000000
    22.61000000     0.00000000
    22.62000000     0.00000000
    22.63000000     0.00000000
    22.64000000     0.00000000
    22.65000000     0.00000000
    22.66000000     0.00000000
    22.67000000     0.00000000
    22.68000000     0.00000000
    22.69000000     0.00000000
    22.70000000     0.00000000
    22.71000000     0.00000000
    22.72000000     0.00000000
    22.73000000     0.00000000
    22.74000000     0.00000000
    22.75000000     0.00000000
    22.76000000     0.00000000
    22.77000000     0.00000000
    22.78000000     0.00000000
    22.79000000     0.00000000
    22.80000000     0.00000000
    22.81000000     0.00000000
    22.82000000     0.00000000
    22.83000000     0.00000000
    22.84000000     0.00000000
    22.85000000     0.00000000
    22.86000000     0.00000000
    22.87000000     0.00000000
    22.88000000     0.00000000
    22.89000000     0.00000000
    22.90000000     0.00000000
    22.91000000     0.00000000
    22.92000000     0.00000000
    22.93000000     0.00000000
    22.94000000     0.00000000
    22.95000000     0.00000000
    22.96000000     0.00000000
    22.97000000     0.00000000
    22.98000000     0.00000000
    22.99000000     0.00000000
    23.00000000     0.00000000
    23.01000000     0.00000000
    23.02000000     0.00000000
    23.03000000     0.00000000
    23.04000000     0.00000000
    23.05000000     0.00000000
    23.06000000     0.00000000
    23.07000000     0.00000000
    23.08000000     0.00000000
    23.09000000     0.00000000
    23.10000000     0.00000000
    23.11000000     0.00000000
    23.12000000     0.00000000
    23.13000000     0.00000000
    23.14000000     0.00000000
    23.15000000     0.00000000
    23.16000000     0.00000000
    23.17000000     0.00000000
    23.18000000     0.00000000
    23.19000000     0.00000000
    23.20000000     0.00000000
    23.21000000     0.00000000
    23.22000000     0.00000000
    23.23000000     0.00000000
    23.24000000     0.00000000
    23.25000000     0.00000000
    23.26000000     0.00000000
    23.27000000     0.00000000
    23.28000000     0.00000000
    23.29000000     0.00000000
    23.30000000     0.00000000
    23.31000000     0.00000000
    23.32000000     0.00000000
    23.33000000     0.00000000
    23.34000000     0.00000000
    23.35000000     0.00000000
    23.36000000     0.00000000
    23.37000000     0.00000000
    23.38000000     0.00000000
    23.39000000     0.00000000
    23.40000000     0.00000000
    23.41000000     0.00000000
    23.42000000     0.00000000
    23.43000000     0.00000000
    23.44000000     0.00000000
    23.45000000     0.00000000
    23.46000000     0.00000000
    23.47000000     0.00000000
    23.48000000     0.00000000
    23.49000000     0.00000000
    23.50000000     0.00000000
    23.51000000     0.00000000
    23.52000000     0.00000000
    23.53000000     0.00000000
    23.54000000     0.00000000
    23.55000000     0.00000000
    23.56000000     0.00000000
    23.57000000     0.00000000
    23.58000000     0.00000000
    23.59000000     0.00000000
    23.60000000     0.00000000
    23.61000000     0.00000000
    23.62000000     0.00000000
    23.63000000     0.00000000
    23.64000000     0.00000000
    23.65000000     0.00000000
    23.66000000     0.00000000
    23.67000000     0.00000000
    23.68000000     0.00000000
    23.69000000     0.00000000
    23.70000000     0.00000000
    23.71000000     0.00000000
    23.72000000     0.00000000
    23.73000000     0.00000000
    23.74000000     0.00000000
    23.75000000     0.00000000
    23.76000000     0.00000000
    23.77000000     0.00000000
    23.78000000     0.00000000
    23.79000000     0.00000000
    23.80000000     0.00000000
    23.81000000     0.00000000
    23.82000000     0.00000000
    23.83000000     0.00000000
    23.84000000     0.00000000
    23.85000000     0.00000000
    23.86000000     0.00000000
    23.87000000     0.00000000
    23.88000000     0.00000000
    23.89000000     0.00000000
    23.90000000     0.00000000
    23.91000000     0.00000000
    23.92000000     0.00000000
    23.93000000     0.00000000
    23.94000000     0.00000000
    23.95000000     0.00000000
    23.96000000     0.00000000
    23.97000000     0.00000000
    23.98000000     0.00000000
    23.99000000     0.00000000
    24.00000000     0.00000000
    24.01000000     0.00000000
    24.02000000     0.00000000
    24.03000000     0.00000000
    24.04000000     0.00000000
    24.05000000     0.00000000
    24.06000000     0.00000000
    24.07000000     0.00000000
    24.08000000     0.00000000
    24.09000000     0.00000000
    24.10000000     0.00000000
    24.11000000     0.00000000
    24.12000000     0.00000000
    24.13000000     0.00000000
    24.14000000     0.00000000
    24.15000000     0.00000000
    24.16000000     0.00000000
    24.17000000     0.00000000
    24.18000000     0.00000000
    24.19000000     0.00000000
    24.20000000     0.00000000
    24.21000000     0.00000000
    24.22000000     0.00000000
    24.23000000     0.00000000
    24.24000000     0.00000000
    24.25000000     0.00000000
    24.26000000     0.00000000
    24.27000000     0.00000000
    24.28000000     0.00000000
    24.29000000     0.00000000
    24.30000000     0.00000000
    24.31000000     0.00000000
    24.32000000     0.00000000
    24.33000000     0.00000000
    24.34000000     0.00000000
    24.35000000     0.00000000
    24.36000000     0.00000000
    24.37000000     0.00000000
    24.38000000     0.00000000
    24.39000000     0.00000000
    24.40000000     0.00000000
    24.41000000     0.00000000
    24.42000000     0.00000000
    24.43000000     0.00000000
    24.44000000     0.00000000
    24.45000000     0.00000000
    24.46000000     0.00000000
    24.47000000     0.00000000
    24.48000000     0.00000000
    24.49000000     0.00000000
    24.50000000     0.00000000
    24.51000000     0.00000000
    24.52000000     0.00000000
    24.53000000     0.00000000
    24.54000000     0.00000000
    24.55000000     0.00000000
    24.56000000     0.00000000
    24.57000000     0.00000000
    24.58000000     0.00000000
    24.59000000     0.00000000
    24.60000000     0.00000000
    24.61000000     0.00000000
    24.62000000     0.00000000
    24.63000000     0.00000000
    24.64000000     0.00000000
    24.65000000     0.00000000
    24.66000000     0.00000000
    24.67000000     0.00000000
    24.68000000     0.00000000
    24.69000000     0.00000000
    24.70000000     0.00000000
    24.71000000     0.00000000
    24.72000000     0.00000000
    24.73000000     0.00000000
    24.74000000     0.00000000
    24.75000000     0.00000000
    24.76000000     0.00000000
    24.77000000     0.00000000
    24.78000000     0.00000000
    24.79000000     0.00000000
    24.80000000     0.00000000
    24.81000000     0.00000000
    24.82000000     0.00000000
    24.83000000     0.00000000
    24.84000000     0.00000000
    24.85000000     0.00000000
    24.86000000     0.00000000
    24.87000000     0.00000000
    24.88000000     0.00000000
    24.89000000     0.00000000
    24.90000000     0.00000000
    24.91000000     0.00000000
    24.92000000     0.00000000
    24.93000000     0.00000000
    24.94000000     0.00000000
    24.95000000     0.00000000
    24.96000000     0.00000000
    24.97000000     0.00000000
    24.98000000     0.00000000
    24.99000000     0.00000000
    25.00000000     0.00000000
    25.01000000     0.00000000
    25.02000000     0.00000000
    25.03000000     0.00000000
    25.04000000     0.00000000
    25.05000000     0.00000000
    25.06000000     0.00000000
    25.07000000     0.00000000
    25.08000000     0.00000000
    25.09000000     0.00000000
    25.10000000     0.00000000
    25.11000000     0.00000000
    25.12000000     0.00000000
    25.13000000     0.00000000
    25.14000000     0.00000000
    25.15000000     0.00000000
    25.16000000     0.00000000
    25.17000000     0.00000000
    25.18000000     0.00000000
    25.19000000     0.00000000
    25.20000000     0.00000000
    25.21000000     0.00000000
    25.22000000     0.00000000
    25.23000000     0.00000000
    25.24000000     0.00000000
    25.25000000     0.00000000
    25.26000000     0.00000000
    25.27000000     0.00000000
    25.28000000     0.00000000
    25.29000000     0.00000000
    25.30000000     0.00000000
    25.31000000     0.00000000
    25.32000000     0.00000000
    25.33000000     0.00000000
    25.34000000     0.00000000
    25.35000000     0.00000000
    25.36000000     0.00000000
    25.37000000     0.00000000
    25.38000000     0.00000000
    25.39000000     0.00000000
    25.40000000     0.00000000
    25.41000000     0.00000000
    25.42000000     0.00000000
    25.43000000     0.00000000
    25.44000000     0.00000000
    25.45000000     0.00000000
    25.46000000     0.00000000
    25.47000000     0.00000000
    25.48000000     0.00000000
    25.49000000     0.00000000
    25.50000000     0.00000000
    25.51000000     0.00000000
    25.52000000     0.00000000
    25.53000000     0.00000000
    25.54000000     0.00000000
    25.55000000     0.00000000
    25.56000000     0.00000000
    25.57000000     0.00000000
    25.58000000     0.00000000
    25.59000000     0.00000000
    25.60000000     0.00000000
    25.61000000     0.00000000
    25.62000000     0.00000000
    25.63000000     0.00000000
    25.64000000     0.00000000
    25.65000000     0.00000000
    25.66000000     0.00000000
    25.67000000     0.00000000
    25.68000000     0.00000000
    25.69000000     0.00000000
    25.70000000     0.00000000
    25.71000000     0.00000000
    25.72000000     0.00000000
    25.73000000     0.00000000
    25.74000000     0.00000000
    25.75000000     0.00000000
    25.76000000     0.00000000
    25.77000000     0.00000000
    25.78000000     0.00000000
    25.79000000     0.00000000
    25.80000000     0.00000000
    25.81000000     0.00000000
    25.82000000     0.00000000
    25.83000000     0.00000000
    25.84000000     0.00000000
    25.85000000     0.00000000
    25.86000000     0.00000000
    25.87000000     0.00000000
    25.88000000     0.00000000
    25.89000000     0.00000000
    25.90000000     0.00000000
    25.91000000     0.00000000
    25.92000000     0.00000000
    25.93000000     0.00000000
    25.94000000     0.00000000
    25.95000000     0.00000000
    25.96000000     0.00000000
    25.97000000     0.00000000
    25.98000000     0.00000000
    25.99000000     0.00000000
    26.00000000     0.00000000
    26.01000000     0.00000000
    26.02000000     0.00000000
    26.03000000     0.00000000
    26.04000000     0.00000000
    26.05000000     0.00000000
    26.06000000     0.00000000
    26.07000000     0.00000000
    26.08000000     0.00000000
    26.09000000     0.00000000
    26.10000000     0.00000000
    26.11000000     0.00000000
    26.12000000     0.00000000
    26.13000000     0.00000000
    26.14000000     0.00000000
    26.15000000     0.00000000
    26.16000000     0.00000000
    26.17000000     0.00000000
    26.18000000     0.00000000
    26.19000000     0.00000000
    26.20000000     0.00000000
    26.21000000     0.00000000
    26.22000000     0.00000000
    26.23000000     0.00000000
    26.24000000     0.00000000
    26.25000000     0.00000000
    26.26000000     0.00000000
    26.27000000     0.00000000
    26.28000000     0.00000000
    26.29000000     0.00000000
    26.30000000     0.00000000
    26.31000000     0.00000000
    26.32000000     0.00000000
    26.33000000     0.00000000
    26.34000000     0.00000000
    26.35000000     0.00000000
    26.36000000     0.00000000
    26.37000000     0.00000000
    26.38000000     0.00000000
    26.39000000     0.00000000
    26.40000000     0.00000000
    26.41000000     0.00000000
    26.42000000     0.00000000
    26.43000000     0.00000000
    26.44000000     0.00000000
    26.45000000     0.00000000
    26.46000000     0.00000000
    26.47000000     0.00000000
    26.48000000     0.00000000
    26.49000000     0.00000000
    26.50000000     0.00000000
    26.51000000     0.00000000
    26.52000000     0.00000000
    26.53000000     0.00000000
    26.54000000     0.00000000
    26.55000000     0.00000000
    26.56000000     0.00000000
    26.57000000     0.00000000
    26.58000000     0.00000000
    26.59000000     0.00000000
    26.60000000     0.00000000
    26.61000000     0.00000000
    26.62000000     0.00000000
    26.63000000     0.00000000
    26.64000000     0.00000000
    26.65000000     0.00000000
    26.66000000     0.00000000
    26.67000000     0.00000000
    26.68000000     0.00000000
    26.69000000     0.00000000
    26.70000000     0.00000000
    26.71000000     0.00000000
    26.72000000     0.00000000
    26.73000000     0.00000000
    26.74000000     0.00000000
    26.75000000     0.00000000
    26.76000000     0.00000000
    26.77000000     0.00000000
    26.78000000     0.00000000
    26.79000000     0.00000000
    26.80000000     0.00000000
    26.81000000     0.00000000
    26.82000000     0.00000000
    26.83000000     0.00000000
    26.84000000     0.00000000
    26.85000000     0.00000000
    26.86000000     0.00000000
    26.87000000     0.00000000
    26.88000000     0.00000000
    26.89000000     0.00000000
    26.90000000     0.00000000
    26.91000000     0.00000000
    26.92000000     0.00000000
    26.93000000     0.00000000
    26.94000000     0.00000000
    26.95000000     0.00000000
    26.96000000     0.00000000
    26.97000000     0.00000000
    26.98000000     0.00000000
    26.99000000     0.00000000
    27.00000000     0.00000000
    27.01000000     0.00000000
    27.02000000     0.00000000
    27.03000000     0.00000000
    27.04000000     0.00000000
    27.05000000     0.00000000
    27.06000000     0.00000000
    27.07000000     0.00000000
    27.08000000     0.00000000
    27.09000000     0.00000000
    27.10000000     0.00000000
    27.11000000     0.00000000
    27.12000000     0.00000000
    27.13000000     0.00000000
    27.14000000     0.00000000
    27.15000000     0.00000000
    27.16000000     0.00000000
    27.17000000     0.00000000
    27.18000000     0.00000000
    27.19000000     0.00000000
    27.20000000     0.00000000
    27.21000000     0.00000000
    27.22000000     0.00000000
    27.23000000     0.00000000
    27.24000000     0.00000000
    27.25000000     0.00000000
    27.26000000     0.00000000
    27.27000000     0.00000000
    27.28000000     0.00000000
    27.29000000     0.00000000
    27.30000000     0.00000000
    27.31000000     0.00000000
    27.32000000     0.00000000
    27.33000000     0.00000000
    27.34000000     0.00000000
    27.35000000     0.00000000
    27.36000000     0.00000000
    27.37000000     0.00000000
    27.38000000     0.00000000
    27.39000000     0.00000000
    27.40000000     0.00000000
    27.41000000     0.00000000
    27.42000000     0.00000000
    27.43000000     0.00000000
    27.44000000     0.00000000
    27.45000000     0.00000000
    27.46000000     0.00000000
    27.47000000     0.00000000
    27.48000000     0.00000000
    27.49000000     0.00000000
    27.50000000     0.00000000
    27.51000000     0.00000000
    27.52000000     0.00000000
    27.53000000     0.00000000
    27.54000000     0.00000000
    27.55000000     0.00000000
    27.56000000     0.00000000
    27.57000000     0.00000000
    27.58000000     0.00000000
    27.59000000     0.00000000
    27.60000000     0.00000000
    27.61000000     0.00000000
    27.62000000     0.00000000
    27.63000000     0.00000000
    27.64000000     0.00000000
    27.65000000     0.00000000
    27.66000000     0.00000000
    27.67000000     0.00000000
    27.68000000     0.00000000
    27.69000000     0.00000000
    27.70000000     0.00000000
    27.71000000     0.00000000
    27.72000000     0.00000000
    27.73000000     0.00000000
    27.74000000     0.00000000
    27.75000000     0.00000000
    27.76000000     0.00000000
    27.77000000     0.00000000
    27.78000000     0.00000000
    27.79000000     0.00000000
    27.80000000     0.00000000
    27.81000000     0.00000000
    27.82000000     0.00000000
    27.83000000     0.00000000
    27.84000000     0.00000000
    27.85000000     0.00000000
    27.86000000     0.00000000
    27.87000000     0.00000000
    27.88000000     0.00000000
    27.89000000     0.00000000
    27.90000000     0.00000000
    27.91000000     0.00000000
    27.92000000     0.00000000
    27.93000000     0.00000000
    27.94000000     0.00000000
    27.95000000     0.00000000
    27.96000000     0.00000000
    27.97000000     0.00000000
    27.98000000     0.00000000
    27.99000000     0.00000000
    28.00000000     0.00000000
    28.01000000     0.00000000
    28.02000000     0.00000000
    28.03000000     0.00000000
    28.04000000     0.00000000
    28.05000000     0.00000000
    28.06000000     0.00000000
    28.07000000     0.00000000
    28.08000000     0.00000000
    28.09000000     0.00000000
    28.10000000     0.00000000
    28.11000000     0.00000000
    28.12000000     0.00000000
    28.13000000     0.00000000
    28.14000000     0.00000000
    28.15000000     0.00000000
    28.16000000     0.00000000
    28.17000000     0.00000000
    28.18000000     0.00000000
    28.19000000     0.00000000
    28.20000000     0.00000000
    28.21000000     0.00000000
    28.22000000     0.00000000
    28.23000000     0.00000000
    28.24000000     0.00000000
    28.25000000     0.00000000
    28.26000000     0.00000000
    28.27000000     0.00000000
    28.28000000     0.00000000
    28.29000000     0.00000000
    28.30000000     0.00000000
    28.31000000     0.00000000
    28.32000000     0.00000000
    28.33000000     0.00000000
    28.34000000     0.00000000
    28.35000000     0.00000000
    28.36000000     0.00000000
    28.37000000     0.00000000
    28.38000000     0.00000000
    28.39000000     0.00000000
    28.40000000     0.00000000
    28.41000000     0.00000000
    28.42000000     0.00000000
    28.43000000     0.00000000
    28.44000000     0.00000000
    28.45000000     0.00000000
    28.46000000     0.00000000
    28.47000000     0.00000000
    28.48000000     0.00000000
    28.49000000     0.00000000
    28.50000000     0.00000000
    28.51000000     0.00000000
    28.52000000     0.00000000
    28.53000000     0.00000000
    28.54000000     0.00000000
    28.55000000     0.00000000
    28.56000000     0.00000000
    28.57000000     0.00000000
    28.58000000     0.00000000
    28.59000000     0.00000000
    28.60000000     0.00000000
    28.61000000     0.00000000
    28.62000000     0.00000000
    28.63000000     0.00000000
    28.64000000     0.00000000
    28.65000000     0.00000000
    28.66000000     0.00000000
    28.67000000     0.00000000
    28.68000000     0.00000000
    28.69000000     0.00000000
    28.70000000     0.00000000
    28.71000000     0.00000000
    28.72000000     0.00000000
    28.73000000     0.00000000
    28.74000000     0.00000000
    28.75000000     0.00000000
    28.76000000     0.00000000
    28.77000000     0.00000000
    28.78000000     0.00000000
    28.79000000     0.00000000
    28.80000000     0.00000000
    28.81000000     0.00000000
    28.82000000     0.00000000
    28.83000000     0.00000000
    28.84000000     0.00000000
    28.85000000     0.00000000
    28.86000000     0.00000000
    28.87000000     0.00000000
    28.88000000     0.00000000
    28.89000000     0.00000000
    28.90000000     0.00000000
    28.91000000     0.00000000
    28.92000000     0.00000000
    28.93000000     0.00000000
    28.94000000     0.00000000
    28.95000000     0.00000000
    28.96000000     0.00000000
    28.97000000     0.00000000
    28.98000000     0.00000000
    28.99000000     0.00000000
    29.00000000     0.00000000
    29.01000000     0.00000000
    29.02000000     0.00000000
    29.03000000     0.00000000
    29.04000000     0.00000000
    29.05000000     0.00000000
    29.06000000     0.00000000
    29.07000000     0.00000000
    29.08000000     0.00000000
    29.09000000     0.00000000
    29.10000000     0.00000000
    29.11000000     0.00000000
    29.12000000     0.00000000
    29.13000000     0.00000000
    29.14000000     0.00000000
    29.15000000     0.00000000
    29.16000000     0.00000000
    29.17000000     0.00000000
    29.18000000     0.00000000
    29.19000000     0.00000000
    29.20000000     0.00000000
    29.21000000     0.00000000
    29.22000000     0.00000000
    29.23000000     0.00000000
    29.24000000     0.00000000
    29.25000000     0.00000000
    29.26000000     0.00000000
    29.27000000     0.00000000
    29.28000000     0.00000000
    29.29000000     0.00000000
    29.30000000     0.00000000
    29.31000000     0.00000000
    29.32000000     0.00000000
    29.33000000     0.00000000
    29.34000000     0.00000000
    29.35000000     0.00000000
    29.36000000     0.00000000
    29.37000000     0.00000000
    29.38000000     0.00000000
    29.39000000     0.00000000
    29.40000000     0.00000000
    29.41000000     0.00000000
    29.42000000     0.00000000
    29.43000000     0.00000000
    29.44000000     0.00000000
    29.45000000     0.00000000
    29.46000000     0.00000000
    29.47000000     0.00000000
    29.48000000     0.00000000
    29.49000000     0.00000000
    29.50000000     0.00000000
    29.51000000     0.00000000
    29.52000000     0.00000000
    29.53000000     0.00000000
    29.54000000     0.00000000
    29.55000000     0.00000000
    29.56000000     0.00000000
    29.57000000     0.00000000
    29.58000000     0.00000000
    29.59000000     0.00000000
    29.60000000     0.00000000
    29.61000000     0.00000000
    29.62000000     0.00000000
    29.63000000     0.00000000
    29.64000000     0.00000000
    29.65000000     0.00000000
    29.66000000     0.00000000
    29.67000000     0.00000000
    29.68000000     0.00000000
    29.69000000     0.00000000
    29.70000000     0.00000000
    29.71000000     0.00000000
    29.72000000     0.00000000
    29.73000000     0.00000000
    29.74000000     0.00000000
    29.75000000     0.00000000
    29.76000000     0.00000000
    29.77000000     0.00000000
    29.78000000     0.00000000
    29.79000000     0.00000000
    29.80000000     0.00000000
    29.81000000     0.00000000
    29.82000000     0.00000000
    29.83000000     0.00000000
    29.84000000     0.00000000
    29.85000000     0.00000000
    29.86000000     0.00000000
    29.87000000     0.00000000
    29.88000000     0.00000000
    29.89000000     0.00000000
    29.90000000     0.00000000
    29.91000000     0.00000000
    29.92000000     0.00000000
    29.93000000     0.00000000
    29.94000000     0.00000000
    29.95000000     0.00000000
    29.96000000     0.00000000
    29.97000000     0.00000000
    29.98000000     0.00000000
    29.99000000     0.00000000
