0.06   0.0868433
0.08   0.0869966
0.1   0.0871629
0.12   0.0873508
0.14   0.0875639
0.16   0.0878036
0.18   0.0880706
0.2   0.0883652
0.22   0.0886872
0.24   0.0890364
0.26   0.0894123
0.28   0.0898146
0.3   0.0902425
0.32   0.0906956
0.34   0.091173
0.36   0.091674
0.38   0.0921978
0.4   0.0927437
0.42   0.0933106
0.44   0.0938977
0.46   0.0945041
0.48   0.0951288
0.5   0.0957708
0.52   0.0964291
0.54   0.0971026
0.56   0.0977903
0.58   0.0984911
0.6   0.0992039
0.62   0.0999277
0.64   0.100661
0.66   0.101404
0.68   0.102154
0.7   0.10291
0.72   0.103672
0.74   0.104439
0.76   0.105208
0.78   0.10598
0.8   0.106753
0.82   0.107525
0.84   0.108297
0.86   0.109067
0.88   0.109833
0.9   0.110596
0.92   0.111353
0.94   0.112105
0.96   0.112849
0.98   0.113586
1   0.114314
1.02   0.115032
1.04   0.11574
1.06   0.116436
1.08   0.11712
1.1   0.117792
1.12   0.11845
1.14   0.119093
1.16   0.119721
1.18   0.120334
1.2   0.12093
1.22   0.121509
1.24   0.12207
1.26   0.122612
1.28   0.123136
1.3   0.12364
1.32   0.124124
1.34   0.124587
1.36   0.125028
1.38   0.125448
1.4   0.125846
1.42   0.12622
1.44   0.126571
1.46   0.126898
1.48   0.1272
1.5   0.127477
1.52   0.127729
1.54   0.127954
1.56   0.128153
1.58   0.128325
1.6   0.128469
1.62   0.128585
1.64   0.128672
1.66   0.12873
1.68   0.128758
1.7   0.128756
1.72   0.128723
1.74   0.128658
1.76   0.128562
1.78   0.128433
1.8   0.12827
1.82   0.128075
1.84   0.127844
1.86   0.127579
1.88   0.127279
1.9   0.126943
1.92   0.12657
1.94   0.12616
1.96   0.125713
1.98   0.125228
2   0.124704
2.02   0.124141
2.04   0.123539
2.06   0.122897
2.08   0.122215
2.1   0.121492
2.12   0.120728
2.14   0.119923
2.16   0.119077
2.18   0.11819
2.2   0.117261
2.22   0.11629
2.24   0.115278
2.26   0.114224
2.28   0.113129
2.3   0.111994
2.32   0.110818
2.34   0.109602
2.36   0.108347
2.38   0.107052
2.4   0.10572
2.42   0.104351
2.44   0.102946
2.46   0.101506
2.48   0.100032
2.5   0.098526
2.52   0.0969887
2.54   0.0954219
2.56   0.0938273
2.58   0.0922066
2.6   0.0905615
2.62   0.088894
2.64   0.087206
2.66   0.0854997
2.68   0.083777
2.7   0.0820403
2.72   0.0802916
2.74   0.0785332
2.76   0.0767675
2.78   0.0749967
2.8   0.0732232
2.82   0.0714491
2.84   0.0696768
2.86   0.0679086
2.88   0.0661466
2.9   0.0643931
2.92   0.0626501
2.94   0.0609198
2.96   0.0592041
2.98   0.0575048
3   0.0558239
3.02   0.054163
3.04   0.0525239
3.06   0.0509079
3.08   0.0493165
3.1   0.0477511
3.12   0.0462128
3.14   0.0447028
3.16   0.043222
3.18   0.0417712
3.2   0.0403513
3.22   0.0389629
3.24   0.0376065
3.26   0.0362826
3.28   0.0349915
3.3   0.0337335
3.32   0.0325087
3.34   0.0313172
3.36   0.0301589
3.38   0.0290338
3.4   0.0279418
3.42   0.0268825
3.44   0.0258557
3.46   0.024861
3.48   0.0238981
3.5   0.0229665
3.52   0.0220656
3.54   0.021195
3.56   0.020354
3.58   0.0195422
3.6   0.0187588
3.62   0.0180033
3.64   0.0172749
3.66   0.016573
3.68   0.015897
3.7   0.015246
3.72   0.0146195
3.74   0.0140168
3.76   0.013437
3.78   0.0128796
3.8   0.0123438
3.82   0.011829
3.84   0.0113345
3.86   0.0108595
3.88   0.0104035
3.9   0.00996581
3.92   0.00954577
3.94   0.00914276
3.96   0.00875616
3.98   0.0083854
4   0.00802987
4.02   0.00768902
4.04   0.00736229
4.06   0.00704914
4.08   0.00674905
4.1   0.00646153
4.12   0.00618606
4.14   0.00592219
4.16   0.00566945
4.18   0.00542739
4.2   0.00519559
4.22   0.00497363
4.24   0.00476111
4.26   0.00455765
4.28   0.00436287
4.3   0.00417641
4.32   0.00399793
4.34   0.00382709
4.36   0.00366358
4.38   0.00350709
4.4   0.00335732
4.42   0.00321399
4.44   0.00307683
4.46   0.00294557
4.48   0.00281996
4.5   0.00269977
4.52   0.00258475
4.54   0.00247469
4.56   0.00236938
4.58   0.00226861
4.6   0.00217218
4.62   0.00207991
4.64   0.00199162
4.66   0.00190714
4.68   0.00182629
4.7   0.00174894
4.72   0.00167491
4.74   0.00160407
4.76   0.00153628
4.78   0.00147141
4.8   0.00140933
4.82   0.00134992
4.84   0.00129306
4.86   0.00123864
4.88   0.00118656
4.9   0.00113672
4.92   0.00108901
4.94   0.00104334
4.96   0.000999633
4.98   0.000957793
5   0.000917742
5.02   0.000879402
5.04   0.000842699
5.06   0.000807561
5.08   0.000773921
5.1   0.000741714
5.12   0.000710877
5.14   0.000681351
5.16   0.000653079
5.18   0.000626007
5.2   0.000600083
5.22   0.000575258
5.24   0.000551483
5.26   0.000528713
5.28   0.000506906
5.3   0.000486018
5.32   0.000466012
5.34   0.000446848
5.36   0.000428491
5.38   0.000410906
5.4   0.00039406
5.42   0.00037792
5.44   0.000362457
5.46   0.000347642
5.48   0.000333447
5.5   0.000319845
5.52   0.00030681
5.54   0.00029432
5.56   0.00028235
5.58   0.000270879
5.6   0.000259884
5.62   0.000249346
5.64   0.000239246
5.66   0.000229564
5.68   0.000220284
5.7   0.000211387
5.72   0.000202858
5.74   0.000194682
5.76   0.000186843
5.78   0.000179326
5.8   0.000172119
5.82   0.000165209
5.84   0.000158582
5.86   0.000152228
5.88   0.000146134
5.9   0.000140289
5.92   0.000134684
5.94   0.000129308
5.96   0.000124151
5.98   0.000119205
6   0.000114461
6.02   0.000109909
6.04   0.000105543
6.06   0.000101354
6.08   9.73348e-05
6.1   9.34788e-05
6.12   8.97791e-05
6.14   8.62291e-05
6.16   8.28226e-05
6.18   7.95537e-05
6.2   7.64167e-05
6.22   7.34061e-05
6.24   7.05169e-05
6.26   6.77438e-05
6.28   6.50822e-05
6.3   6.25275e-05
6.32   6.00753e-05
6.34   5.77214e-05
6.36   5.54617e-05
6.38   5.32924e-05
6.4   5.12098e-05
6.42   4.92104e-05
6.44   4.72907e-05
6.46   4.54475e-05
6.48   4.36777e-05
6.5   4.19783e-05
6.52   4.03464e-05
6.54   3.87793e-05
6.56   3.72744e-05
6.58   3.58291e-05
6.6   3.4441e-05
6.62   3.31079e-05
6.64   3.18274e-05
6.66   3.05975e-05
6.68   2.94161e-05
6.7   2.82813e-05
6.72   2.71911e-05
6.74   2.61439e-05
6.76   2.51378e-05
6.78   2.41712e-05
6.8   2.32426e-05
6.82   2.23503e-05
6.84   2.1493e-05
6.86   2.06693e-05
6.88   1.98778e-05
6.9   1.91172e-05
6.92   1.83862e-05
6.94   1.76838e-05
6.96   1.70088e-05
6.98   1.636e-05
7   1.57365e-05
7.02   1.51372e-05
7.04   1.45612e-05
7.06   1.40075e-05
7.08   1.34753e-05
7.1   1.29637e-05
7.12   1.24719e-05
7.14   1.19991e-05
7.16   1.15446e-05
7.18   1.11077e-05
7.2   1.06876e-05
7.22   1.02837e-05
7.24   9.89534e-06
7.26   9.52193e-06
7.28   9.16289e-06
7.3   8.81764e-06
7.32   8.48564e-06
7.34   8.16638e-06
7.36   7.85936e-06
7.38   7.56409e-06
7.4   7.28013e-06
7.42   7.00702e-06
7.44   6.74435e-06
7.46   6.49171e-06
7.48   6.2487e-06
7.5   6.01496e-06
7.52   5.79012e-06
7.54   5.57384e-06
7.56   5.36579e-06
7.58   5.16564e-06
7.6   4.9731e-06
7.62   4.78786e-06
7.64   4.60964e-06
7.66   4.43818e-06
7.68   4.27321e-06
7.7   4.11448e-06
7.72   3.96175e-06
7.74   3.81479e-06
7.76   3.67338e-06
7.78   3.5373e-06
7.8   3.40635e-06
7.82   3.28034e-06
7.84   3.15907e-06
7.86   3.04236e-06
7.88   2.93003e-06
7.9   2.82193e-06
7.92   2.71788e-06
7.94   2.61774e-06
7.96   2.52134e-06
7.98   2.42856e-06
8   2.33925e-06
8.02   2.25328e-06
8.04   2.17053e-06
8.06   2.09086e-06
8.08   2.01417e-06
8.1   1.94034e-06
8.12   1.86926e-06
8.14   1.80083e-06
8.16   1.73494e-06
8.18   1.67151e-06
8.2   1.61043e-06
8.22   1.55163e-06
8.24   1.495e-06
8.26   1.44048e-06
8.28   1.38797e-06
8.3   1.33741e-06
8.32   1.28873e-06
8.34   1.24184e-06
8.36   1.19669e-06
8.38   1.15321e-06
8.4   1.11133e-06
8.42   1.071e-06
8.44   1.03215e-06
8.46   9.94737e-07
8.48   9.58701e-07
8.5   9.23992e-07
8.52   8.90559e-07
8.54   8.58354e-07
8.56   8.27333e-07
8.58   7.97451e-07
8.6   7.68665e-07
8.62   7.40934e-07
8.64   7.1422e-07
8.66   6.88483e-07
8.68   6.63689e-07
8.7   6.39801e-07
8.72   6.16787e-07
8.74   5.94613e-07
8.76   5.73249e-07
8.78   5.52664e-07
8.8   5.32829e-07
8.82   5.13717e-07
8.84   4.95302e-07
8.86   4.77556e-07
8.88   4.60456e-07
8.9   4.43978e-07
8.92   4.28098e-07
8.94   4.12795e-07
8.96   3.98047e-07
8.98   3.83833e-07
9   3.70135e-07
9.02   3.56933e-07
9.04   3.44209e-07
9.06   3.31946e-07
9.08   3.20126e-07
9.1   3.08732e-07
9.12   2.97751e-07
9.14   2.87166e-07
9.16   2.76962e-07
9.18   2.67127e-07
9.2   2.57645e-07
9.22   2.48506e-07
9.24   2.39695e-07
9.26   2.31201e-07
9.28   2.23012e-07
9.3   2.15118e-07
9.32   2.07507e-07
9.34   2.0017e-07
9.36   1.93095e-07
9.38   1.86274e-07
9.4   1.79698e-07
9.42   1.73357e-07
9.44   1.67243e-07
9.46   1.61347e-07
9.48   1.55663e-07
9.5   1.50181e-07
9.52   1.44896e-07
9.54   1.39798e-07
9.56   1.34883e-07
9.58   1.30143e-07
9.6   1.25572e-07
9.62   1.21164e-07
9.64   1.16912e-07
9.66   1.12812e-07
9.68   1.08858e-07
9.7   1.05044e-07
9.72   1.01366e-07
9.74   9.78178e-08
9.76   9.43959e-08
9.78   9.10953e-08
9.8   8.79117e-08
9.82   8.48409e-08
9.84   8.18789e-08
9.86   7.90216e-08
9.88   7.62654e-08
9.9   7.36067e-08
9.92   7.10418e-08
9.94   6.85676e-08
9.96   6.61807e-08
9.98   6.3878e-08
10   6.16565e-08
10.02   5.95133e-08
10.04   5.74456e-08
10.06   5.54506e-08
10.08   5.35259e-08
10.1   5.16689e-08
10.12   4.98771e-08
10.14   4.81483e-08
10.16   4.64803e-08
10.18   4.48707e-08
10.2   4.33177e-08
10.22   4.18191e-08
10.24   4.0373e-08
10.26   3.89776e-08
10.28   3.7631e-08
10.3   3.63316e-08
10.32   3.50776e-08
10.34   3.38674e-08
10.36   3.26996e-08
10.38   3.15725e-08
10.4   3.04848e-08
10.42   2.94351e-08
10.44   2.84219e-08
10.46   2.74441e-08
10.48   2.65003e-08
10.5   2.55894e-08
10.52   2.47103e-08
10.54   2.38617e-08
10.56   2.30426e-08
10.58   2.2252e-08
10.6   2.14888e-08
10.62   2.07522e-08
10.64   2.00411e-08
10.66   1.93547e-08
10.68   1.86922e-08
10.7   1.80525e-08
10.72   1.74351e-08
10.74   1.6839e-08
10.76   1.62635e-08
10.78   1.5708e-08
10.8   1.51717e-08
10.82   1.46539e-08
10.84   1.4154e-08
10.86   1.36714e-08
10.88   1.32054e-08
10.9   1.27555e-08
10.92   1.23211e-08
10.94   1.19017e-08
10.96   1.14967e-08
10.98   1.11057e-08
11   1.07282e-08
11.02   1.03636e-08
11.04   1.00116e-08
11.06   9.67168e-09
11.08   9.34345e-09
11.1   9.02648e-09
11.12   8.7204e-09
11.14   8.42482e-09
11.16   8.13939e-09
11.18   7.86373e-09
11.2   7.59753e-09
11.22   7.34044e-09
11.24   7.09216e-09
11.26   6.85238e-09
11.28   6.6208e-09
11.3   6.39713e-09
11.32   6.18112e-09
11.34   5.97248e-09
11.36   5.77097e-09
11.38   5.57634e-09
11.4   5.38835e-09
11.42   5.20677e-09
11.44   5.03138e-09
11.46   4.86197e-09
11.48   4.69833e-09
11.5   4.54026e-09
11.52   4.38757e-09
11.54   4.24007e-09
11.56   4.0976e-09
11.58   3.95996e-09
11.6   3.827e-09
11.62   3.69856e-09
11.64   3.57447e-09
11.66   3.4546e-09
11.68   3.3388e-09
11.7   3.22692e-09
11.72   3.11883e-09
11.74   3.0144e-09
11.76   2.91351e-09
11.78   2.81604e-09
11.8   2.72186e-09
11.82   2.63087e-09
11.84   2.54295e-09
11.86   2.45801e-09
11.88   2.37594e-09
11.9   2.29663e-09
11.92   2.22001e-09
11.94   2.14596e-09
11.96   2.07442e-09
11.98   2.00529e-09
12   1.93848e-09
12.02   1.87393e-09
12.04   1.81155e-09
12.06   1.75127e-09
12.08   1.69302e-09
12.1   1.63673e-09
12.12   1.58233e-09
12.14   1.52976e-09
12.16   1.47895e-09
12.18   1.42985e-09
12.2   1.3824e-09
12.22   1.33654e-09
12.24   1.29222e-09
12.26   1.24938e-09
12.28   1.20798e-09
12.3   1.16796e-09
12.32   1.12929e-09
12.34   1.09191e-09
12.36   1.05578e-09
12.38   1.02086e-09
12.4   9.87107e-10
12.42   9.54482e-10
12.44   9.22946e-10
12.46   8.92464e-10
12.48   8.62999e-10
12.5   8.34518e-10
12.52   8.06986e-10
12.54   7.80372e-10
12.56   7.54646e-10
12.58   7.29776e-10
12.6   7.05735e-10
12.62   6.82494e-10
12.64   6.60027e-10
12.66   6.38307e-10
12.68   6.17309e-10
12.7   5.97009e-10
12.72   5.77384e-10
12.74   5.58411e-10
12.76   5.40068e-10
12.78   5.22333e-10
12.8   5.05187e-10
12.82   4.8861e-10
12.84   4.72582e-10
12.86   4.57085e-10
12.88   4.42102e-10
12.9   4.27615e-10
12.92   4.13608e-10
12.94   4.00064e-10
12.96   3.86968e-10
12.98   3.74306e-10
13   3.62062e-10
13.02   3.50222e-10
13.04   3.38774e-10
13.06   3.27704e-10
13.08   3.16999e-10
13.1   3.06647e-10
13.12   2.96637e-10
13.14   2.86957e-10
13.16   2.77596e-10
13.18   2.68543e-10
13.2   2.59789e-10
13.22   2.51322e-10
13.24   2.43135e-10
13.26   2.35217e-10
13.28   2.27559e-10
13.3   2.20153e-10
13.32   2.12991e-10
13.34   2.06063e-10
13.36   1.99364e-10
13.38   1.92884e-10
13.4   1.86617e-10
13.42   1.80556e-10
13.44   1.74693e-10
13.46   1.69023e-10
13.48   1.63538e-10
13.5   1.58234e-10
13.52   1.53103e-10
13.54   1.4814e-10
13.56   1.43339e-10
13.58   1.38695e-10
13.6   1.34204e-10
13.62   1.29859e-10
13.64   1.25656e-10
13.66   1.21591e-10
13.68   1.17658e-10
13.7   1.13854e-10
13.72   1.10174e-10
13.74   1.06614e-10
13.76   1.0317e-10
13.78   9.98384e-11
13.8   9.66154e-11
13.82   9.34975e-11
13.84   9.04811e-11
13.86   8.75629e-11
13.88   8.47398e-11
13.9   8.20085e-11
13.92   7.93661e-11
13.94   7.68096e-11
13.96   7.43362e-11
13.98   7.19432e-11
14   6.96279e-11
14.02   6.73879e-11
14.04   6.52205e-11
14.06   6.31235e-11
14.08   6.10946e-11
14.1   5.91314e-11
14.12   5.72319e-11
14.14   5.5394e-11
14.16   5.36157e-11
14.18   5.18949e-11
14.2   5.02299e-11
14.22   4.86187e-11
14.24   4.70597e-11
14.26   4.55512e-11
14.28   4.40914e-11
14.3   4.26788e-11
14.32   4.13119e-11
14.34   3.99891e-11
14.36   3.87091e-11
14.38   3.74704e-11
14.4   3.62717e-11
14.42   3.51117e-11
14.44   3.3989e-11
14.46   3.29026e-11
14.48   3.18512e-11
14.5   3.08337e-11
14.52   2.9849e-11
14.54   2.8896e-11
14.56   2.79737e-11
14.58   2.7081e-11
14.6   2.62171e-11
14.62   2.5381e-11
14.64   2.45718e-11
14.66   2.37886e-11
14.68   2.30305e-11
14.7   2.22968e-11
14.72   2.15867e-11
14.74   2.08994e-11
14.76   2.02341e-11
14.78   1.95902e-11
14.8   1.89669e-11
14.82   1.83636e-11
14.84   1.77797e-11
14.86   1.72145e-11
14.88   1.66674e-11
14.9   1.61378e-11
14.92   1.56252e-11
14.94   1.5129e-11
14.96   1.46486e-11
14.98   1.41837e-11
15   1.37336e-11
15.02   1.32978e-11
15.04   1.28761e-11
15.06   1.24678e-11
15.08   1.20725e-11
15.1   1.16899e-11
15.12   1.13194e-11
15.14   1.09608e-11
15.16   1.06137e-11
15.18   1.02776e-11
15.2   9.95224e-12
15.22   9.63725e-12
15.24   9.3323e-12
15.26   9.03706e-12
15.28   8.75122e-12
15.3   8.47449e-12
15.32   8.20657e-12
15.34   7.94717e-12
15.36   7.69603e-12
15.38   7.45288e-12
15.4   7.21745e-12
15.42   6.98951e-12
15.44   6.76882e-12
15.46   6.55513e-12
15.48   6.34823e-12
15.5   6.14791e-12
15.52   5.95394e-12
15.54   5.76612e-12
15.56   5.58427e-12
15.58   5.40818e-12
15.6   5.23768e-12
15.62   5.07258e-12
15.64   4.91271e-12
15.66   4.75791e-12
15.68   4.60801e-12
15.7   4.46286e-12
15.72   4.32231e-12
15.74   4.1862e-12
15.76   4.05439e-12
15.78   3.92676e-12
15.8   3.80316e-12
15.82   3.68347e-12
15.84   3.56757e-12
15.86   3.45532e-12
15.88   3.34662e-12
15.9   3.24136e-12
15.92   3.13942e-12
15.94   3.04069e-12
15.96   2.94508e-12
15.98   2.85249e-12
16   2.76281e-12
16.02   2.67597e-12
16.04   2.59186e-12
16.06   2.5104e-12
16.08   2.43151e-12
16.1   2.3551e-12
16.12   2.2811e-12
16.14   2.20943e-12
16.16   2.14002e-12
16.18   2.07279e-12
16.2   2.00767e-12
16.22   1.9446e-12
16.24   1.88352e-12
16.26   1.82435e-12
16.28   1.76705e-12
16.3   1.71154e-12
16.32   1.65778e-12
16.34   1.60571e-12
16.36   1.55527e-12
16.38   1.50642e-12
16.4   1.45909e-12
16.42   1.41326e-12
16.44   1.36886e-12
16.46   1.32585e-12
16.48   1.28419e-12
16.5   1.24384e-12
16.52   1.20475e-12
16.54   1.16689e-12
16.56   1.13021e-12
16.58   1.09468e-12
16.6   1.06027e-12
16.62   1.02693e-12
16.64   9.94631e-13
16.66   9.63345e-13
16.68   9.33038e-13
16.7   9.03679e-13
16.72   8.75238e-13
16.74   8.47687e-13
16.76   8.20996e-13
16.78   7.95139e-13
16.8   7.7009e-13
16.82   7.45824e-13
16.84   7.22315e-13
16.86   6.9954e-13
16.88   6.77477e-13
16.9   6.56102e-13
16.92   6.35393e-13
16.94   6.15331e-13
16.96   5.95895e-13
16.98   5.77065e-13
17   5.58822e-13
17.02   5.41148e-13
17.04   5.24025e-13
17.06   5.07435e-13
17.08   4.91362e-13
17.1   4.7579e-13
17.12   4.60703e-13
17.14   4.46086e-13
17.16   4.31925e-13
17.18   4.18204e-13
17.2   4.0491e-13
17.22   3.9203e-13
17.24   3.79551e-13
17.26   3.6746e-13
17.28   3.55745e-13
17.3   3.44395e-13
17.32   3.33398e-13
17.34   3.22743e-13
17.36   3.1242e-13
17.38   3.02417e-13
17.4   2.92725e-13
17.42   2.83335e-13
17.44   2.74237e-13
17.46   2.65421e-13
17.48   2.5688e-13
17.5   2.48604e-13
17.52   2.40586e-13
17.54   2.32816e-13
17.56   2.25288e-13
17.58   2.17995e-13
17.6   2.10927e-13
17.62   2.0408e-13
17.64   1.97445e-13
17.66   1.91017e-13
17.68   1.84788e-13
17.7   1.78754e-13
17.72   1.72906e-13
17.74   1.67241e-13
17.76   1.61752e-13
17.78   1.56433e-13
17.8   1.5128e-13
17.82   1.46288e-13
17.84   1.4145e-13
17.86   1.36764e-13
17.88   1.32223e-13
17.9   1.27823e-13
17.92   1.23561e-13
17.94   1.19432e-13
17.96   1.15431e-13
17.98   1.11555e-13
18   1.078e-13
18.02   1.04163e-13
18.04   1.00639e-13
18.06   9.72248e-14
18.08   9.39177e-14
18.1   9.07141e-14
18.12   8.76108e-14
18.14   8.46048e-14
18.16   8.16931e-14
18.18   7.88728e-14
18.2   7.61412e-14
18.22   7.34955e-14
18.24   7.09331e-14
18.26   6.84515e-14
18.28   6.60483e-14
18.3   6.37211e-14
18.32   6.14676e-14
18.34   5.92855e-14
18.36   5.71728e-14
18.38   5.51273e-14
18.4   5.3147e-14
18.42   5.12301e-14
18.44   4.93745e-14
18.46   4.75784e-14
18.48   4.58402e-14
18.5   4.41581e-14
18.52   4.25304e-14
18.54   4.09556e-14
18.56   3.94321e-14
18.58   3.79583e-14
18.6   3.6533e-14
18.62   3.51546e-14
18.64   3.38218e-14
18.66   3.25333e-14
18.68   3.12879e-14
18.7   3.00843e-14
18.72   2.89214e-14
18.74   2.77979e-14
18.76   2.6713e-14
18.78   2.56653e-14
18.8   2.46541e-14
18.82   2.36782e-14
18.84   2.27367e-14
18.86   2.18288e-14
18.88   2.09534e-14
18.9   2.01099e-14
18.92   1.92973e-14
18.94   1.85149e-14
18.96   1.7762e-14
18.98   1.70378e-14
19   1.63416e-14
19.02   1.56728e-14
19.04   1.50307e-14
19.06   1.44147e-14
19.08   1.38243e-14
19.1   1.32589e-14
19.12   1.27179e-14
19.14   1.22009e-14
19.16   1.17074e-14
19.18   1.12369e-14
19.2   1.07891e-14
19.22   1.03634e-14
19.24   9.95959e-15
19.26   9.57724e-15
19.28   9.21603e-15
19.3   8.87565e-15
19.32   8.55582e-15
19.34   8.25628e-15
19.36   7.97678e-15
19.38   7.71712e-15
19.4   7.47709e-15
19.42   7.25652e-15
19.44   7.05528e-15
19.46   6.87321e-15
19.48   6.71024e-15
19.5   6.56627e-15
19.52   6.44124e-15
19.54   6.33512e-15
19.56   6.2479e-15
19.58   6.17958e-15
19.6   6.13021e-15
19.62   6.09983e-15
19.64   6.08854e-15
19.66   6.09643e-15
19.68   6.12365e-15
19.7   6.17034e-15
19.72   6.23669e-15
19.74   6.3229e-15
19.76   6.42922e-15
19.78   6.55591e-15
19.8   6.70325e-15
19.82   6.87157e-15
19.84   7.0612e-15
19.86   7.27254e-15
19.88   7.50599e-15
19.9   7.76199e-15
19.92   8.04102e-15
19.94   8.34357e-15
19.96   8.6702e-15
19.98   9.02147e-15
20   9.39801e-15
20.02   0
