0.06   0.0419549
0.08   0.042029
0.1   0.0421095
0.12   0.0422004
0.14   0.0423035
0.16   0.0424195
0.18   0.0425488
0.2   0.0426914
0.22   0.0428473
0.24   0.0430165
0.26   0.0431986
0.28   0.0433935
0.3   0.043601
0.32   0.0438206
0.34   0.0440521
0.36   0.0442952
0.38   0.0445493
0.4   0.0448143
0.42   0.0450896
0.44   0.0453748
0.46   0.0456695
0.48   0.0459732
0.5   0.0462854
0.52   0.0466057
0.54   0.0469336
0.56   0.0472686
0.58   0.0476101
0.6   0.0479578
0.62   0.0483109
0.64   0.0486691
0.66   0.0490318
0.68   0.0493985
0.7   0.0497686
0.72   0.0501417
0.74   0.0505172
0.76   0.0508946
0.78   0.0512734
0.8   0.0516531
0.82   0.0520332
0.84   0.0524131
0.86   0.0527924
0.88   0.0531707
0.9   0.0535473
0.92   0.053922
0.94   0.0542941
0.96   0.0546633
0.98   0.0550291
1   0.0553911
1.02   0.0557489
1.04   0.0561021
1.06   0.0564502
1.08   0.056793
1.1   0.0571299
1.12   0.0574607
1.14   0.057785
1.16   0.0581024
1.18   0.0584126
1.2   0.0587152
1.22   0.0590101
1.24   0.0592967
1.26   0.0595749
1.28   0.0598443
1.3   0.0601046
1.32   0.0603555
1.34   0.0605968
1.36   0.0608282
1.38   0.0610494
1.4   0.0612601
1.42   0.06146
1.44   0.0616489
1.46   0.0618266
1.48   0.0619927
1.5   0.062147
1.52   0.0622892
1.54   0.062419
1.56   0.0625363
1.58   0.0626406
1.6   0.0627318
1.62   0.0628096
1.64   0.0628736
1.66   0.0629237
1.68   0.0629595
1.7   0.0629807
1.72   0.0629871
1.74   0.0629783
1.76   0.0629541
1.78   0.0629142
1.8   0.0628583
1.82   0.062786
1.84   0.0626971
1.86   0.0625913
1.88   0.0624682
1.9   0.0623277
1.92   0.0621693
1.94   0.0619928
1.96   0.0617979
1.98   0.0615843
2   0.0613518
2.02   0.0611001
2.04   0.060829
2.06   0.0605381
2.08   0.0602274
2.1   0.0598965
2.12   0.0595454
2.14   0.0591738
2.16   0.0587817
2.18   0.0583689
2.2   0.0579353
2.22   0.057481
2.24   0.0570058
2.26   0.0565099
2.28   0.0559933
2.3   0.0554561
2.32   0.0548986
2.34   0.0543208
2.36   0.053723
2.38   0.0531057
2.4   0.052469
2.42   0.0518134
2.44   0.0511394
2.46   0.0504476
2.48   0.0497384
2.5   0.0490125
2.52   0.0482705
2.54   0.0475133
2.56   0.0467416
2.58   0.0459562
2.6   0.045158
2.62   0.0443479
2.64   0.043527
2.66   0.0426961
2.68   0.0418564
2.7   0.0410088
2.72   0.0401546
2.74   0.0392948
2.76   0.0384305
2.78   0.0375629
2.8   0.0366931
2.82   0.0358222
2.84   0.0349515
2.86   0.034082
2.88   0.0332148
2.9   0.032351
2.92   0.0314918
2.94   0.030638
2.96   0.0297908
2.98   0.0289511
3   0.0281198
3.02   0.0272978
3.04   0.026486
3.06   0.025685
3.08   0.0248957
3.1   0.0241187
3.12   0.0233546
3.14   0.022604
3.16   0.0218675
3.18   0.0211454
3.2   0.0204382
3.22   0.0197462
3.24   0.0190697
3.26   0.018409
3.28   0.0177642
3.3   0.0171356
3.32   0.0165232
3.34   0.015927
3.36   0.0153471
3.38   0.0147835
3.4   0.014236
3.42   0.0137047
3.44   0.0131893
3.46   0.0126898
3.48   0.0122058
3.5   0.0117373
3.52   0.0112841
3.54   0.0108457
3.56   0.0104221
3.58   0.0100128
3.6   0.00961767
3.62   0.00923633
3.64   0.00886847
3.66   0.00851378
3.68   0.00817192
3.7   0.00784256
3.72   0.00752536
3.74   0.00721999
3.76   0.0069261
3.78   0.00664335
3.8   0.00637142
3.82   0.00610995
3.84   0.00585862
3.86   0.0056171
3.88   0.00538506
3.9   0.0051622
3.92   0.00494818
3.94   0.00474271
3.96   0.00454549
3.98   0.00435622
4   0.0041746
4.02   0.00400037
4.04   0.00383325
4.06   0.00367297
4.08   0.00351928
4.1   0.00337191
4.12   0.00323064
4.14   0.00309522
4.16   0.00296542
4.18   0.00284102
4.2   0.00272182
4.22   0.0026076
4.24   0.00249815
4.26   0.0023933
4.28   0.00229286
4.3   0.00219663
4.32   0.00210446
4.34   0.00201618
4.36   0.00193162
4.38   0.00185063
4.4   0.00177307
4.42   0.00169879
4.44   0.00162765
4.46   0.00155952
4.48   0.00149428
4.5   0.0014318
4.52   0.00137197
4.54   0.00131468
4.56   0.00125981
4.58   0.00120727
4.6   0.00115696
4.62   0.00110878
4.64   0.00106265
4.66   0.00101846
4.68   0.000976153
4.7   0.000935634
4.72   0.00089683
4.74   0.000859669
4.76   0.000824079
4.78   0.000789993
4.8   0.000757348
4.82   0.000726081
4.84   0.000696133
4.86   0.000667449
4.88   0.000639973
4.9   0.000613655
4.92   0.000588444
4.94   0.000564293
4.96   0.000541158
4.98   0.000518993
5   0.000497759
5.02   0.000477414
5.04   0.000457922
5.06   0.000439245
5.08   0.000421349
5.1   0.0004042
5.12   0.000387767
5.14   0.000372019
5.16   0.000356927
5.18   0.000342463
5.2   0.0003286
5.22   0.000315312
5.24   0.000302576
5.26   0.000290368
5.28   0.000278665
5.3   0.000267446
5.32   0.00025669
5.34   0.000246379
5.36   0.000236492
5.38   0.000227012
5.4   0.000217923
5.42   0.000209207
5.44   0.000200849
5.46   0.000192833
5.48   0.000185146
5.5   0.000177773
5.52   0.000170701
5.54   0.000163919
5.56   0.000157412
5.58   0.000151171
5.6   0.000145184
5.62   0.00013944
5.64   0.000133929
5.66   0.000128642
5.68   0.000123569
5.7   0.000118701
5.72   0.00011403
5.74   0.000109548
5.76   0.000105246
5.78   0.000101118
5.8   9.71554e-05
5.82   9.33524e-05
5.84   8.97021e-05
5.86   8.61982e-05
5.88   8.28347e-05
5.9   7.96057e-05
5.92   7.65059e-05
5.94   7.35298e-05
5.96   7.06724e-05
5.98   6.79289e-05
6   6.52946e-05
6.02   6.2765e-05
6.04   6.03358e-05
6.06   5.80031e-05
6.08   5.57628e-05
6.1   5.36111e-05
6.12   5.15446e-05
6.14   4.95596e-05
6.16   4.76531e-05
6.18   4.58216e-05
6.2   4.40623e-05
6.22   4.23722e-05
6.24   4.07484e-05
6.26   3.91885e-05
6.28   3.76897e-05
6.3   3.62496e-05
6.32   3.48658e-05
6.34   3.35361e-05
6.36   3.22584e-05
6.38   3.10305e-05
6.4   2.98505e-05
6.42   2.87163e-05
6.44   2.76263e-05
6.46   2.65787e-05
6.48   2.55717e-05
6.5   2.46037e-05
6.52   2.36733e-05
6.54   2.27788e-05
6.56   2.1919e-05
6.58   2.10923e-05
6.6   2.02975e-05
6.62   1.95334e-05
6.64   1.87986e-05
6.66   1.80922e-05
6.68   1.74129e-05
6.7   1.67597e-05
6.72   1.61315e-05
6.74   1.55274e-05
6.76   1.49464e-05
6.78   1.43877e-05
6.8   1.38503e-05
6.82   1.33334e-05
6.84   1.28362e-05
6.86   1.2358e-05
6.88   1.1898e-05
6.9   1.14555e-05
6.92   1.10298e-05
6.94   1.06202e-05
6.96   1.02262e-05
6.98   9.84712e-06
7   9.48239e-06
7.02   9.13146e-06
7.04   8.7938e-06
7.06   8.46888e-06
7.08   8.15622e-06
7.1   7.85535e-06
7.12   7.5658e-06
7.14   7.28716e-06
7.16   7.01898e-06
7.18   6.76088e-06
7.2   6.51247e-06
7.22   6.27337e-06
7.24   6.04323e-06
7.26   5.8217e-06
7.28   5.60846e-06
7.3   5.40319e-06
7.32   5.20558e-06
7.34   5.01535e-06
7.36   4.8322e-06
7.38   4.65588e-06
7.4   4.48612e-06
7.42   4.32267e-06
7.44   4.16529e-06
7.46   4.01376e-06
7.48   3.86784e-06
7.5   3.72734e-06
7.52   3.59203e-06
7.54   3.46174e-06
7.56   3.33626e-06
7.58   3.21541e-06
7.6   3.09903e-06
7.62   2.98694e-06
7.64   2.87898e-06
7.66   2.775e-06
7.68   2.67485e-06
7.7   2.57837e-06
7.72   2.48545e-06
7.74   2.39593e-06
7.76   2.3097e-06
7.78   2.22662e-06
7.8   2.1466e-06
7.82   2.0695e-06
7.84   1.99522e-06
7.86   1.92365e-06
7.88   1.8547e-06
7.9   1.78827e-06
7.92   1.72426e-06
7.94   1.66258e-06
7.96   1.60314e-06
7.98   1.54587e-06
8   1.49068e-06
8.02   1.4375e-06
8.04   1.38625e-06
8.06   1.33686e-06
8.08   1.28926e-06
8.1   1.24338e-06
8.12   1.19916e-06
8.14   1.15655e-06
8.16   1.11547e-06
8.18   1.07588e-06
8.2   1.03772e-06
8.22   1.00093e-06
8.24   9.65473e-07
8.26   9.31292e-07
8.28   8.98341e-07
8.3   8.66576e-07
8.32   8.35953e-07
8.34   8.0643e-07
8.36   7.77968e-07
8.38   7.50526e-07
8.4   7.24069e-07
8.42   6.9856e-07
8.44   6.73965e-07
8.46   6.50249e-07
8.48   6.27382e-07
8.5   6.05333e-07
8.52   5.8407e-07
8.54   5.63567e-07
8.56   5.43795e-07
8.58   5.24728e-07
8.6   5.06341e-07
8.62   4.88608e-07
8.64   4.71506e-07
8.66   4.55012e-07
8.68   4.39104e-07
8.7   4.23761e-07
8.72   4.08963e-07
8.74   3.9469e-07
8.76   3.80922e-07
8.78   3.67643e-07
8.8   3.54833e-07
8.82   3.42477e-07
8.84   3.30558e-07
8.86   3.1906e-07
8.88   3.07968e-07
8.9   2.97267e-07
8.92   2.86944e-07
8.94   2.76985e-07
8.96   2.67377e-07
8.98   2.58107e-07
9   2.49163e-07
9.02   2.40534e-07
9.04   2.32209e-07
9.06   2.24175e-07
9.08   2.16424e-07
9.1   2.08945e-07
9.12   2.01728e-07
9.14   1.94764e-07
9.16   1.88044e-07
9.18   1.81559e-07
9.2   1.75302e-07
9.22   1.69263e-07
9.24   1.63435e-07
9.26   1.5781e-07
9.28   1.52382e-07
9.3   1.47143e-07
9.32   1.42087e-07
9.34   1.37208e-07
9.36   1.32498e-07
9.38   1.27952e-07
9.4   1.23564e-07
9.42   1.19329e-07
9.44   1.15242e-07
9.46   1.11296e-07
9.48   1.07487e-07
9.5   1.0381e-07
9.52   1.00261e-07
9.54   9.68348e-08
9.56   9.35274e-08
9.58   9.03345e-08
9.6   8.7252e-08
9.62   8.42762e-08
9.64   8.14033e-08
9.66   7.86297e-08
9.68   7.59518e-08
9.7   7.33664e-08
9.72   7.08702e-08
9.74   6.846e-08
9.76   6.61329e-08
9.78   6.3886e-08
9.8   6.17165e-08
9.82   5.96216e-08
9.84   5.75987e-08
9.86   5.56454e-08
9.88   5.37592e-08
9.9   5.19378e-08
9.92   5.01789e-08
9.94   4.84804e-08
9.96   4.68401e-08
9.98   4.5256e-08
10   4.37262e-08
10.02   4.22488e-08
10.04   4.08219e-08
10.06   3.94439e-08
10.08   3.81129e-08
10.1   3.68275e-08
10.12   3.55859e-08
10.14   3.43868e-08
10.16   3.32285e-08
10.18   3.21098e-08
10.2   3.10292e-08
10.22   2.99855e-08
10.24   2.89772e-08
10.26   2.80034e-08
10.28   2.70626e-08
10.3   2.61539e-08
10.32   2.5276e-08
10.34   2.4428e-08
10.36   2.36088e-08
10.38   2.28173e-08
10.4   2.20528e-08
10.42   2.13142e-08
10.44   2.06006e-08
10.46   1.99112e-08
10.48   1.92451e-08
10.5   1.86016e-08
10.52   1.79799e-08
10.54   1.73792e-08
10.56   1.67988e-08
10.58   1.62381e-08
10.6   1.56963e-08
10.62   1.51727e-08
10.64   1.46669e-08
10.66   1.41781e-08
10.68   1.37058e-08
10.7   1.32494e-08
10.72   1.28084e-08
10.74   1.23822e-08
10.76   1.19704e-08
10.78   1.15724e-08
10.8   1.11878e-08
10.82   1.08162e-08
10.84   1.0457e-08
10.86   1.01099e-08
10.88   9.7745e-09
10.9   9.45032e-09
10.92   9.13701e-09
10.94   8.83421e-09
10.96   8.54156e-09
10.98   8.25871e-09
11   7.98534e-09
11.02   7.72111e-09
11.04   7.46573e-09
11.06   7.21889e-09
11.08   6.98031e-09
11.1   6.7497e-09
11.12   6.52679e-09
11.14   6.31132e-09
11.16   6.10305e-09
11.18   5.90173e-09
11.2   5.70712e-09
11.22   5.519e-09
11.24   5.33715e-09
11.26   5.16136e-09
11.28   4.99142e-09
11.3   4.82714e-09
11.32   4.66832e-09
11.34   4.51479e-09
11.36   4.36636e-09
11.38   4.22286e-09
11.4   4.08413e-09
11.42   3.95001e-09
11.44   3.82034e-09
11.46   3.69497e-09
11.48   3.57376e-09
11.5   3.45656e-09
11.52   3.34326e-09
11.54   3.2337e-09
11.56   3.12778e-09
11.58   3.02536e-09
11.6   2.92632e-09
11.62   2.83057e-09
11.64   2.73798e-09
11.66   2.64845e-09
11.68   2.56188e-09
11.7   2.47817e-09
11.72   2.39722e-09
11.74   2.31895e-09
11.76   2.24326e-09
11.78   2.17006e-09
11.8   2.09927e-09
11.82   2.03082e-09
11.84   1.96463e-09
11.86   1.90061e-09
11.88   1.8387e-09
11.9   1.77883e-09
11.92   1.72093e-09
11.94   1.66493e-09
11.96   1.61077e-09
11.98   1.55839e-09
12   1.50773e-09
12.02   1.45874e-09
12.04   1.41135e-09
12.06   1.36552e-09
12.08   1.32119e-09
12.1   1.27831e-09
12.12   1.23684e-09
12.14   1.19673e-09
12.16   1.15793e-09
12.18   1.1204e-09
12.2   1.0841e-09
12.22   1.04899e-09
12.24   1.01503e-09
12.26   9.82174e-10
12.28   9.50394e-10
12.3   9.19653e-10
12.32   8.89916e-10
12.34   8.61149e-10
12.36   8.33322e-10
12.38   8.06402e-10
12.4   7.8036e-10
12.42   7.55167e-10
12.44   7.30796e-10
12.46   7.07218e-10
12.48   6.84409e-10
12.5   6.62342e-10
12.52   6.40993e-10
12.54   6.20339e-10
12.56   6.00357e-10
12.58   5.81024e-10
12.6   5.6232e-10
12.62   5.44223e-10
12.64   5.26715e-10
12.66   5.09775e-10
12.68   4.93384e-10
12.7   4.77526e-10
12.72   4.62182e-10
12.74   4.47336e-10
12.76   4.32971e-10
12.78   4.19071e-10
12.8   4.05622e-10
12.82   3.92609e-10
12.84   3.80016e-10
12.86   3.67832e-10
12.88   3.56041e-10
12.9   3.44632e-10
12.92   3.33592e-10
12.94   3.22908e-10
12.96   3.1257e-10
12.98   3.02566e-10
13   2.92885e-10
13.02   2.83516e-10
13.04   2.7445e-10
13.06   2.65676e-10
13.08   2.57186e-10
13.1   2.48969e-10
13.12   2.41016e-10
13.14   2.33321e-10
13.16   2.25873e-10
13.18   2.18664e-10
13.2   2.11688e-10
13.22   2.04937e-10
13.24   1.98402e-10
13.26   1.92078e-10
13.28   1.85957e-10
13.3   1.80033e-10
13.32   1.74299e-10
13.34   1.68749e-10
13.36   1.63378e-10
13.38   1.58179e-10
13.4   1.53147e-10
13.42   1.48276e-10
13.44   1.43562e-10
13.46   1.38998e-10
13.48   1.34581e-10
13.5   1.30306e-10
13.52   1.26167e-10
13.54   1.22161e-10
13.56   1.18284e-10
13.58   1.1453e-10
13.6   1.10897e-10
13.62   1.07379e-10
13.64   1.03975e-10
13.66   1.00679e-10
13.68   9.74881e-11
13.7   9.43994e-11
13.72   9.14094e-11
13.74   8.85149e-11
13.76   8.57128e-11
13.78   8.30001e-11
13.8   8.0374e-11
13.82   7.78316e-11
13.84   7.53703e-11
13.86   7.29874e-11
13.88   7.06805e-11
13.9   6.84471e-11
13.92   6.62848e-11
13.94   6.41914e-11
13.96   6.21646e-11
13.98   6.02023e-11
14   5.83024e-11
14.02   5.6463e-11
14.04   5.4682e-11
14.06   5.29577e-11
14.08   5.12881e-11
14.1   4.96716e-11
14.12   4.81065e-11
14.14   4.6591e-11
14.16   4.51236e-11
14.18   4.37028e-11
14.2   4.23271e-11
14.22   4.0995e-11
14.24   3.97052e-11
14.26   3.84562e-11
14.28   3.72468e-11
14.3   3.60758e-11
14.32   3.49418e-11
14.34   3.38437e-11
14.36   3.27804e-11
14.38   3.17508e-11
14.4   3.07537e-11
14.42   2.97882e-11
14.44   2.88532e-11
14.46   2.79477e-11
14.48   2.70709e-11
14.5   2.62218e-11
14.52   2.53995e-11
14.54   2.46032e-11
14.56   2.3832e-11
14.58   2.30852e-11
14.6   2.23619e-11
14.62   2.16614e-11
14.64   2.09831e-11
14.66   2.03261e-11
14.68   1.96898e-11
14.7   1.90736e-11
14.72   1.84768e-11
14.74   1.78988e-11
14.76   1.7339e-11
14.78   1.67969e-11
14.8   1.62718e-11
14.82   1.57632e-11
14.84   1.52706e-11
14.86   1.47935e-11
14.88   1.43314e-11
14.9   1.38839e-11
14.92   1.34504e-11
14.94   1.30305e-11
14.96   1.26238e-11
14.98   1.22299e-11
15   1.18483e-11
15.02   1.14788e-11
15.04   1.11208e-11
15.06   1.0774e-11
15.08   1.04382e-11
15.1   1.01128e-11
15.12   9.79769e-12
15.14   9.49242e-12
15.16   9.19673e-12
15.18   8.91029e-12
15.2   8.63283e-12
15.22   8.36406e-12
15.24   8.1037e-12
15.26   7.85148e-12
15.28   7.60716e-12
15.3   7.37048e-12
15.32   7.14121e-12
15.34   6.9191e-12
15.36   6.70393e-12
15.38   6.49549e-12
15.4   6.29357e-12
15.42   6.09795e-12
15.44   5.90843e-12
15.46   5.72484e-12
15.48   5.54698e-12
15.5   5.37466e-12
15.52   5.20773e-12
15.54   5.046e-12
15.56   4.88931e-12
15.58   4.73752e-12
15.6   4.59045e-12
15.62   4.44796e-12
15.64   4.30992e-12
15.66   4.17617e-12
15.68   4.04659e-12
15.7   3.92105e-12
15.72   3.79941e-12
15.74   3.68156e-12
15.76   3.56738e-12
15.78   3.45675e-12
15.8   3.34956e-12
15.82   3.2457e-12
15.84   3.14507e-12
15.86   3.04757e-12
15.88   2.9531e-12
15.9   2.86156e-12
15.92   2.77287e-12
15.94   2.68693e-12
15.96   2.60366e-12
15.98   2.52297e-12
16   2.44479e-12
16.02   2.36904e-12
16.04   2.29563e-12
16.06   2.2245e-12
16.08   2.15558e-12
16.1   2.08879e-12
16.12   2.02408e-12
16.14   1.96137e-12
16.16   1.9006e-12
16.18   1.84171e-12
16.2   1.78465e-12
16.22   1.72936e-12
16.24   1.67577e-12
16.26   1.62385e-12
16.28   1.57353e-12
16.3   1.52477e-12
16.32   1.47752e-12
16.34   1.43173e-12
16.36   1.38735e-12
16.38   1.34435e-12
16.4   1.30268e-12
16.42   1.26229e-12
16.44   1.22315e-12
16.46   1.18522e-12
16.48   1.14846e-12
16.5   1.11284e-12
16.52   1.07832e-12
16.54   1.04486e-12
16.56   1.01244e-12
16.58   9.81012e-13
16.6   9.50557e-13
16.62   9.21042e-13
16.64   8.92437e-13
16.66   8.64714e-13
16.68   8.37846e-13
16.7   8.11806e-13
16.72   7.86569e-13
16.74   7.62109e-13
16.76   7.38403e-13
16.78   7.15428e-13
16.8   6.93159e-13
16.82   6.71577e-13
16.84   6.50659e-13
16.86   6.30385e-13
16.88   6.10735e-13
16.9   5.9169e-13
16.92   5.73231e-13
16.94   5.5534e-13
16.96   5.37999e-13
16.98   5.21192e-13
17   5.04901e-13
17.02   4.89111e-13
17.04   4.73807e-13
17.06   4.58973e-13
17.08   4.44596e-13
17.1   4.3066e-13
17.12   4.17152e-13
17.14   4.0406e-13
17.16   3.91369e-13
17.18   3.79069e-13
17.2   3.67146e-13
17.22   3.5559e-13
17.24   3.44388e-13
17.26   3.33531e-13
17.28   3.23006e-13
17.3   3.12805e-13
17.32   3.02917e-13
17.34   2.93333e-13
17.36   2.84043e-13
17.38   2.75038e-13
17.4   2.66309e-13
17.42   2.57848e-13
17.44   2.49647e-13
17.46   2.41698e-13
17.48   2.33992e-13
17.5   2.26523e-13
17.52   2.19283e-13
17.54   2.12265e-13
17.56   2.05463e-13
17.58   1.98869e-13
17.6   1.92478e-13
17.62   1.86283e-13
17.64   1.80278e-13
17.66   1.74457e-13
17.68   1.68815e-13
17.7   1.63346e-13
17.72   1.58045e-13
17.74   1.52906e-13
17.76   1.47926e-13
17.78   1.43098e-13
17.8   1.38419e-13
17.82   1.33883e-13
17.84   1.29487e-13
17.86   1.25225e-13
17.88   1.21095e-13
17.9   1.17092e-13
17.92   1.13211e-13
17.94   1.0945e-13
17.96   1.05805e-13
17.98   1.02272e-13
18   9.88478e-14
18.02   9.55289e-14
18.04   9.23123e-14
18.06   8.91948e-14
18.08   8.61734e-14
18.1   8.32452e-14
18.12   8.04073e-14
18.14   7.76571e-14
18.16   7.49919e-14
18.18   7.2409e-14
18.2   6.99061e-14
18.22   6.74806e-14
18.24   6.51303e-14
18.26   6.28529e-14
18.28   6.06461e-14
18.3   5.85079e-14
18.32   5.64361e-14
18.34   5.44288e-14
18.36   5.24841e-14
18.38   5.06e-14
18.4   4.87747e-14
18.42   4.70065e-14
18.44   4.52937e-14
18.46   4.36346e-14
18.48   4.20277e-14
18.5   4.04712e-14
18.52   3.89639e-14
18.54   3.75041e-14
18.56   3.60905e-14
18.58   3.47217e-14
18.6   3.33964e-14
18.62   3.21133e-14
18.64   3.08712e-14
18.66   2.96689e-14
18.68   2.85051e-14
18.7   2.73789e-14
18.72   2.6289e-14
18.74   2.52344e-14
18.76   2.42141e-14
18.78   2.32272e-14
18.8   2.22726e-14
18.82   2.13495e-14
18.84   2.04568e-14
18.86   1.95939e-14
18.88   1.87597e-14
18.9   1.79536e-14
18.92   1.71747e-14
18.94   1.64223e-14
18.96   1.56956e-14
18.98   1.49939e-14
19   1.43166e-14
19.02   1.3663e-14
19.04   1.30324e-14
19.06   1.24242e-14
19.08   1.18379e-14
19.1   1.12728e-14
19.12   1.07284e-14
19.14   1.02041e-14
19.16   9.69954e-15
19.18   9.2141e-15
19.2   8.74734e-15
19.22   8.29878e-15
19.24   7.868e-15
19.26   7.45455e-15
19.28   7.05804e-15
19.3   6.67807e-15
19.32   6.31425e-15
19.34   5.96624e-15
19.36   5.63367e-15
19.38   5.31623e-15
19.4   5.01358e-15
19.42   4.72544e-15
19.44   4.4515e-15
19.46   4.19149e-15
19.48   3.94515e-15
19.5   3.71224e-15
19.52   3.49251e-15
19.54   3.28573e-15
19.56   3.09171e-15
19.58   2.91024e-15
19.6   2.74113e-15
19.62   2.58422e-15
19.64   2.43933e-15
19.66   2.30631e-15
19.68   2.18504e-15
19.7   2.07537e-15
19.72   1.9772e-15
19.74   1.89042e-15
19.76   1.81493e-15
19.78   1.75065e-15
19.8   1.69752e-15
19.82   1.65547e-15
19.84   1.62445e-15
19.86   1.60443e-15
19.88   1.59538e-15
19.9   1.59727e-15
19.92   1.61012e-15
19.94   1.63392e-15
19.96   1.6687e-15
19.98   1.71447e-15
20   1.77129e-15
20.02   0
