5.50814
5.50808
5.50798
5.50784
5.50766
5.50744
5.50719
5.50689
5.50655
5.50617
5.50575
5.50529
5.50479
5.50426
5.50368
5.50306
5.5024
5.5017
5.50096
5.50017
5.49935
5.49849
5.49758
5.49664
5.49565
5.49462
5.49355
5.49244
5.49128
5.49009
5.48885
5.48757
5.48624
5.48488
5.48347
5.48202
5.48052
5.47898
5.4774
5.47578
5.47411
5.47239
5.47064
5.46883
5.46699
5.4651
5.46316
5.46118
5.45915
5.45708
5.45496
5.4528
5.45058
5.44833
5.44602
5.44367
5.44128
5.43883
5.43634
5.4338
5.43121
5.42857
5.42589
5.42316
5.42038
5.41755
5.41467
5.41174
5.40876
5.40573
5.40265
5.39952
5.39635
5.39312
5.38984
5.38651
5.38313
5.37969
5.37621
5.37267
5.36908
5.36544
5.36175
5.35801
5.35421
5.35036
5.34646
5.34251
5.3385
5.33444
5.33032
5.32615
5.32193
5.31766
5.31333
5.30894
5.30451
5.30001
5.29547
5.29087
5.28621
5.2815
5.27674
5.27192
5.26705
5.26212
5.25714
5.2521
5.24701
5.24186
5.23666
5.2314
5.22609
5.22072
5.21529
5.20982
5.20428
5.1987
5.19305
5.18736
5.1816
5.1758
5.16993
5.16402
5.15805
5.15202
5.14594
5.13981
5.13362
5.12738
5.12108
5.11473
5.10833
5.10187
5.09536
5.08879
5.08218
5.07551
5.06879
5.06201
5.05519
5.04831
5.04138
5.03439
5.02736
5.02028
5.01314
5.00596
4.99872
4.99143
4.9841
4.97671
4.96928
4.9618
4.95427
4.94669
4.93906
4.93138
4.92366
4.91589
4.90808
4.90022
4.89231
4.88436
4.87636
4.86832
4.86024
4.85211
4.84393
4.83572
4.82746
4.81916
4.81082
4.80244
4.79402
4.78555
4.77705
4.76851
4.75993
4.75131
4.74265
4.73396
4.72523
4.71646
4.70766
4.69882
4.68995
4.68104
4.6721
4.66313
4.65412
4.64509
4.63602
4.62691
4.61778
4.60862
4.59943
4.59021
4.58097
4.57169
4.56239
4.55306
4.54371
4.53433
4.52492
4.51549
4.50604
4.49656
4.48707
4.47755
4.46801
4.45844
4.44886
4.43926
4.42964
4.42
4.41035
4.40067
4.39098
4.38128
4.37155
4.36182
4.35207
4.3423
4.33253
4.32274
4.31293
4.30312
4.2933
4.28347
4.27362
4.26377
4.25391
4.24404
4.23417
4.22428
4.2144
4.2045
4.1946
4.1847
4.17479
4.16488
4.15497
4.14505
4.13514
4.12522
4.1153
4.10538
4.09546
4.08555
4.07563
4.06572
4.05581
4.0459
4.03599
4.02609
4.0162
4.00631
3.99642
3.98654
3.97667
3.9668
3.95695
3.9471
3.93725
3.92742
3.9176
3.90778
3.89798
3.88819
3.8784
3.86863
3.85887
3.84913
3.83939
3.82967
3.81997
3.81027
3.80059
3.79093
3.78128
3.77165
3.76203
3.75243
3.74284
3.73327
3.72372
3.71419
3.70467
3.69517
3.68569
3.67623
3.66679
3.65737
3.64797
3.63859
3.62922
3.61988
3.61056
3.60126
3.59198
3.58273
3.57349
3.56428
3.55509
3.54592
3.53678
3.52765
3.51856
3.50948
3.50043
3.4914
3.4824
3.47342
3.46446
3.45553
3.44663
3.43775
3.42889
3.42006
3.41126
3.40248
3.39373
3.385
3.3763
3.36762
3.35898
3.35035
3.34176
3.33319
3.32465
3.31613
3.30764
3.29918
3.29075
3.28234
3.27396
3.26561
3.25728
3.24899
3.24072
3.23248
3.22426
3.21607
3.20792
3.19979
3.19168
3.18361
3.17556
3.16754
3.15955
3.15159
3.14365
3.13575
3.12787
3.12002
3.1122
3.1044
3.09664
3.0889
3.08119
3.07351
3.06586
3.05823
3.05064
3.04307
3.03553
3.02802
3.02053
3.01308
3.00565
2.99825
2.99088
2.98353
2.97622
2.96893
2.96167
2.95444
2.94723
2.94005
2.9329
2.92578
2.91869
2.91162
2.90458
2.89757
2.89058
2.88362
2.87669
2.86979
2.86291
2.85606
2.84924
2.84244
2.83567
2.82893
2.82221
2.81552
2.80886
2.80222
2.79561
2.78903
2.78247
2.77594
2.76943
2.76295
2.7565
2.75007
2.74367
2.73729
2.73094
2.72461
2.71831
2.71203
2.70578
2.69956
2.69336
2.68718
2.68103
2.6749
2.6688
2.66272
2.65667
2.65064
2.64463
2.63865
2.63269
2.62676
2.62085
2.61496
2.6091
2.60326
2.59745
2.59166
2.58589
2.58014
2.57442
2.56872
2.56304
2.55739
2.55176
2.54615
2.54056
2.535
2.52945
2.52393
2.51844
2.51296
2.5075
2.50207
2.49666
2.49127
2.4859
2.48056
2.47523
2.46993
2.46464
2.45938
2.45414
2.44892
2.44372
2.43854
2.43338
2.42824
2.42312
2.41802
2.41294
2.40788
2.40285
2.39783
2.39283
2.38785
2.38289
2.37795
2.37302
2.36812
2.36324
2.35837
2.35353
2.3487
2.34389
2.33911
2.33434
2.32958
2.32485
2.32013
2.31544
2.31076
2.3061
2.30145
2.29683
2.29222
2.28763
2.28306
2.2785
2.27396
2.26944
2.26494
2.26045
2.25599
2.25153
2.2471
2.24268
2.23828
2.23389
2.22952
2.22517
2.22084
2.21652
2.21221
2.20793
2.20366
2.1994
2.19516
2.19094
2.18673
2.18254
2.17836
2.1742
2.17005
2.16592
2.16181
2.15771
2.15362
2.14955
2.1455
2.14146
2.13743
2.13342
2.12943
2.12545
2.12148
2.11753
2.11359
2.10966
2.10576
2.10186
2.09798
2.09411
2.09026
2.08642
2.08259
2.07878
2.07498
2.0712
2.06743
2.06367
2.05992
2.05619
2.05247
2.04877
2.04508
2.0414
2.03773
2.03408
2.03044
2.02681
2.0232
2.0196
2.01601
2.01243
2.00887
2.00531
2.00177
1.99825
1.99473
1.99123
1.98774
1.98426
1.98079
1.97734
1.97389
1.97046
1.96704
1.96364
1.96024
1.95686
1.95348
1.95012
1.94677
1.94343
1.94011
1.93679
1.93348
1.93019
1.92691
1.92364
1.92038
1.91713
1.91389
1.91066
1.90744
1.90423
1.90104
1.89785
1.89468
1.89151
1.88836
1.88522
1.88208
1.87896
1.87585
1.87274
1.86965
1.86657
1.8635
1.86044
1.85738
1.85434
1.85131
1.84829
1.84527
1.84227
1.83928
1.83629
1.83332
1.83035
1.8274
1.82445
1.82152
1.81859
1.81567
1.81277
1.80987
1.80698
1.8041
1.80122
1.79836
1.79551
1.79266
1.78983
1.787
1.78418
1.78138
1.77858
1.77578
1.773
1.77023
1.76746
1.76471
1.76196
1.75922
1.75649
1.75376
1.75105
1.74834
1.74564
1.74296
1.74027
1.7376
1.73494
1.73228
1.72963
1.72699
1.72436
1.72173
1.71912
1.71651
1.71391
1.71131
1.70873
1.70615
1.70358
1.70102
1.69846
1.69592
1.69338
1.69085
1.68832
1.68581
1.6833
1.68079
1.6783
1.67581
1.67333
1.67086
1.6684
1.66594
1.66349
1.66104
1.65861
1.65618
1.65376
1.65134
1.64893
1.64653
1.64414
1.64175
1.63937
1.637
1.63463
1.63227
1.62992
1.62757
1.62523
1.6229
1.62057
1.61826
1.61594
1.61364
1.61134
1.60904
1.60676
1.60448
1.6022
1.59994
1.59767
1.59542
1.59317
1.59093
1.58869
1.58647
1.58424
1.58203
1.57981
1.57761
1.57541
1.57322
1.57103
1.56885
1.56668
1.56451
1.56235
1.56019
1.55804
1.5559
1.55376
1.55163
1.5495
1.54738
1.54526
1.54316
1.54105
1.53895
1.53686
1.53477
1.53269
1.53062
1.52855
1.52648
1.52443
1.52237
1.52033
1.51828
1.51625
1.51422
1.51219
1.51017
1.50816
1.50615
1.50414
1.50214
1.50015
1.49816
1.49618
1.4942
1.49223
1.49026
1.4883
1.48634
1.48439
1.48244
1.4805
1.47856
1.47663
1.47471
1.47278
1.47087
1.46896
1.46705
1.46515
1.46325
1.46136
1.45947
1.45759
1.45571
1.45384
1.45197
1.45011
1.44825
1.4464
1.44455
1.44271
1.44087
1.43903
1.4372
1.43538
1.43356
1.43174
1.42993
1.42812
1.42632
1.42452
1.42273
1.42094
1.41916
1.41738
1.4156
1.41383
1.41206
1.4103
1.40855
1.40679
1.40504
1.4033
1.40156
1.39982
1.39809
1.39636
1.39464
1.39292
1.39121
1.3895
1.38779
1.38609
1.38439
1.3827
1.38101
1.37932
1.37764
1.37596
1.37429
1.37262
1.37096
1.36929
1.36764
1.36598
1.36434
1.36269
1.36105
1.35941
1.35778
1.35615
1.35452
1.3529
1.35129
1.34967
1.34806
1.34646
1.34485
1.34325
1.34166
1.34007
1.33848
1.3369
1.33532
1.33374
1.33217
1.3306
1.32904
1.32748
1.32592
1.32437
1.32281
1.32127
1.31973
1.31819
1.31665
1.31512
1.31359
1.31206
1.31054
1.30902
1.30751
1.306
1.30449
1.30299
1.30149
1.29999
1.2985
1.29701
1.29552
1.29404
1.29256
1.29108
1.28961
1.28814
1.28667
1.28521
1.28375
1.28229
1.28084
1.27939
1.27794
1.2765
1.27505
1.27362
1.27218
1.27075
1.26933
1.2679
1.26648
1.26506
1.26365
1.26224
1.26083
1.25942
1.25802
1.25662
1.25523
1.25383
1.25244
1.25106
1.24967
1.24829
1.24692
1.24554
1.24417
1.2428
1.24144
1.24007
1.23872
1.23736
1.23601
1.23466
1.23331
1.23196
1.23062
1.22928
1.22795
1.22661
1.22528
1.22396
1.22263
1.22131
1.21999
1.21868
1.21736
1.21605
1.21475
1.21344
1.21214
1.21084
1.20955
1.20825
1.20696
1.20567
1.20439
1.20311
1.20183
1.20055
1.19928
1.198
1.19674
1.19547
1.19421
1.19295
1.19169
1.19043
1.18918
1.18793
1.18668
1.18544
1.18419
1.18296
1.18172
1.18048
1.17925
1.17802
1.1768
1.17557
1.17435
1.17313
1.17191
1.1707
1.16949
1.16828
1.16707
1.16587
1.16467
1.16347
1.16227
1.16108
1.15988
1.15869
1.15751
1.15632
1.15514
1.15396
1.15278
1.15161
1.15044
1.14927
1.1481
1.14693
1.14577
1.14461
1.14345
1.1423
1.14114
1.13999
1.13884
1.1377
1.13655
1.13541
1.13427
1.13313
1.132
1.13086
1.12973
1.12861
1.12748
1.12635
1.12523
1.12411
1.123
1.12188
1.12077
1.11966
1.11855
1.11744
1.11634
1.11524
1.11414
1.11304
1.11195
1.11085
1.10976
1.10867
1.10759
1.1065
1.10542
1.10434
1.10326
1.10218
1.10111
1.10004
1.09897
1.0979
1.09683
1.09577
1.09471
1.09365
1.09259
1.09154
1.09048
1.08943
1.08838
1.08734
1.08629
1.08525
1.08421
1.08317
1.08213
1.08109
1.08006
1.07903
1.078
1.07697
1.07595
1.07492
1.0739
1.07288
1.07186
1.07085
1.06983
1.06882
1.06781
1.0668
1.0658
1.06479
1.06379
1.06279
1.06179
1.06079
1.0598
1.05881
1.05781
1.05683
1.05584
1.05485
1.05387
1.05289
1.05191
1.05093
1.04995
1.04898
1.048
1.04703
1.04606
1.0451
1.04413
1.04317
1.0422
1.04124
1.04028
1.03933
1.03837
1.03742
1.03647
1.03552
1.03457
1.03362
1.03268
1.03174
1.03079
1.02985
1.02892
1.02798
1.02705
1.02611
1.02518
1.02425
1.02333
1.0224
1.02148
1.02055
1.01963
1.01871
1.01779
1.01688
1.01596
1.01505
1.01414
1.01323
1.01232
1.01142
1.01051
1.00961
1.00871
1.00781
1.00691
1.00601
1.00512
1.00423
1.00333
1.00244
1.00156
1.00067
0.999783
0.998899
0.998016
0.997136
0.996256
0.995379
0.994503
0.993628
0.992755
0.991883
0.991014
0.990145
0.989278
0.988413
0.987549
0.986686
0.985826
0.984966
0.984108
0.983252
0.982397
0.981543
0.980692
0.979841
0.978992
0.978145
0.977298
0.976454
0.975611
0.974769
0.973929
0.97309
0.972253
0.971417
0.970582
0.969749
0.968918
0.968087
0.967259
0.966431
0.965605
0.964781
0.963958
0.963136
0.962316
0.961497
0.960679
0.959863
0.959048
0.958235
0.957423
0.956613
0.955803
0.954995
0.954189
0.953384
0.95258
0.951777
0.950976
0.950177
0.949378
0.948581
0.947785
0.946991
0.946198
0.945406
0.944616
0.943827
0.943039
0.942253
0.941467
0.940684
0.939901
0.93912
0.93834
0.937561
0.936784
0.936008
0.935233
0.93446
0.933687
0.932916
0.932147
0.931378
0.930611
0.929845
0.929081
0.928317
0.927555
0.926794
0.926035
0.925276
0.924519
0.923763
0.923009
0.922255
0.921503
0.920752
0.920002
0.919254
0.918507
0.917761
0.917016
0.916272
0.91553
0.914788
0.914048
0.913309
0.912572
0.911835
0.9111
0.910366
0.909633
0.908901
0.90817
0.907441
0.906713
0.905986
0.90526
0.904535
0.903812
0.903089
0.902368
0.901648
0.900929
0.900211
0.899494
0.898779
0.898064
0.897351
0.896639
0.895928
0.895218
0.894509
0.893802
0.893095
0.89239
0.891685
0.890982
0.89028
0.889579
0.888879
0.888181
0.887483
0.886786
0.886091
0.885396
0.884703
0.884011
0.88332
0.88263
0.881941
0.881253
0.880566
0.87988
0.879196
0.878512
0.877829
0.877148
0.876467
0.875788
0.87511
0.874432
0.873756
0.873081
0.872407
0.871734
0.871062
0.870391
0.869721
0.869052
0.868384
0.867717
0.867051
0.866386
0.865722
0.865059
0.864397
0.863737
0.863077
0.862418
0.86176
0.861103
0.860448
0.859793
0.859139
0.858486
0.857834
0.857184
0.856534
0.855885
0.855237
0.85459
0.853944
0.853299
0.852655
0.852012
0.85137
0.850729
0.850089
0.84945
0.848812
0.848175
0.847538
0.846903
0.846269
0.845635
0.845003
0.844371
0.843741
0.843111
0.842482
0.841855
0.841228
0.840602
0.839977
0.839353
0.83873
0.838108
0.837486
0.836866
0.836247
0.835628
0.835011
0.834394
0.833778
0.833163
0.832549
0.831936
0.831324
0.830713
0.830103
0.829493
0.828885
0.828277
0.82767
0.827064
0.826459
0.825855
0.825252
0.82465
0.824048
0.823448
0.822848
0.822249
0.821651
0.821054
0.820458
0.819862
0.819268
0.818674
0.818081
0.817489
0.816898
0.816308
0.815719
0.81513
0.814543
0.813956
0.81337
0.812785
0.8122
0.811617
0.811034
0.810452
0.809871
0.809291
0.808712
0.808134
0.807556
0.806979
0.806403
0.805828
0.805254
0.80468
0.804107
0.803536
0.802965
0.802394
0.801825
0.801256
0.800688
0.800121
0.799555
0.79899
0.798425
0.797861
0.797298
0.796736
0.796174
0.795614
0.795054
0.794495
0.793936
0.793379
0.792822
0.792266
0.791711
0.791157
0.790603
0.79005
0.789498
0.788947
0.788396
0.787846
0.787297
0.786749
0.786202
0.785655
0.785109
0.784564
0.784019
0.783476
0.782933
0.782391
0.781849
0.781308
0.780769
0.780229
0.779691
0.779153
0.778616
0.77808
0.777545
0.77701
0.776476
0.775942
0.77541
0.774878
0.774347
0.773817
0.773287
0.772758
0.77223
0.771702
0.771176
0.77065
0.770124
0.7696
0.769076
0.768553
0.76803
0.767509
0.766988
0.766467
0.765948
0.765429
0.76491
0.764393
0.763876
0.76336
0.762845
0.76233
0.761816
0.761302
0.76079
0.760278
0.759767
0.759256
0.758746
0.758237
0.757728
0.757221
0.756713
0.756207
0.755701
0.755196
0.754691
0.754188
0.753685
0.753182
0.75268
0.752179
0.751679
0.751179
0.75068
0.750181
0.749684
0.749187
0.74869
0.748194
0.747699
0.747205
0.746711
0.746218
0.745725
0.745233
0.744742
0.744251
0.743761
0.743272
0.742783
0.742295
0.741808
0.741321
0.740835
0.74035
0.739865
0.739381
0.738897
0.738414
0.737932
0.73745
0.736969
0.736489
0.736009
0.73553
0.735051
0.734573
0.734096
0.733619
0.733143
0.732668
0.732193
0.731719
0.731245
0.730772
0.7303
0.729828
0.729357
0.728886
0.728416
0.727947
0.727478
0.72701
0.726543
0.726076
0.72561
0.725144
0.724679
0.724214
0.72375
0.723287
0.722824
0.722362
0.7219
0.721439
0.720979
0.720519
0.72006
0.719601
0.719143
0.718686
0.718229
0.717773
0.717317
0.716862
0.716407
0.715953
0.7155
0.715047
0.714595
0.714143
0.713692
0.713241
0.712791
0.712342
0.711893
0.711445
0.710997
0.71055
0.710103
0.709657
0.709212
0.708767
0.708323
0.707879
0.707435
0.706993
0.706551
0.706109
0.705668
0.705228
0.704788
0.704348
0.703909
0.703471
0.703033
0.702596
0.702159
0.701723
0.701288
0.700853
0.700418
0.699984
0.699551
0.699118
0.698686
0.698254
0.697823
0.697392
0.696962
0.696532
0.696103
0.695674
0.695246
0.694818
0.694391
0.693965
0.693539
0.693113
0.692688
0.692264
0.69184
0.691417
0.690994
0.690571
0.69015
0.689728
0.689307
0.688887
0.688467
0.688048
0.687629
0.687211
0.686793
0.686376
0.685959
0.685543
0.685127
0.684712
0.684297
0.683883
0.683469
0.683056
0.682644
0.682231
0.68182
0.681408
0.680998
0.680587
0.680178
0.679768
0.67936
0.678951
0.678544
0.678136
0.67773
0.677323
0.676917
0.676512
0.676107
0.675703
0.675299
0.674896
0.674493
0.67409
0.673688
0.673287
0.672886
0.672485
0.672085
0.671686
0.671287
0.670888
0.67049
0.670092
0.669695
0.669298
0.668902
0.668506
0.668111
0.667716
0.667321
0.666928
0.666534
0.666141
0.665749
0.665356
0.664965
0.664574
0.664183
0.663793
0.663403
0.663014
0.662625
0.662236
0.661848
0.661461
0.661074
0.660687
0.660301
0.659916
0.65953
0.659146
0.658761
0.658377
0.657994
0.657611
0.657228
0.656846
0.656465
0.656083
0.655703
0.655322
0.654942
0.654563
0.654184
0.653805
0.653427
0.653049
0.652672
0.652295
0.651919
0.651543
0.651167
0.650792
0.650418
0.650043
0.64967
0.649296
0.648923
0.648551
0.648179
0.647807
0.647436
0.647065
0.646695
0.646325
0.645955
0.645586
0.645217
0.644849
0.644481
0.644114
0.643747
0.64338
0.643014
0.642648
0.642283
0.641918
0.641553
0.641189
0.640826
0.640462
0.6401
0.639737
0.639375
0.639013
0.638652
0.638291
0.637931
0.637571
0.637211
0.636852
0.636493
0.636135
0.635777
0.635419
0.635062
0.634705
0.634349
0.633993
0.633638
0.633282
0.632928
0.632573
0.632219
0.631866
0.631512
0.63116
0.630807
0.630455
0.630104
0.629752
0.629402
0.629051
0.628701
0.628351
0.628002
0.627653
0.627305
0.626957
0.626609
0.626262
0.625915
0.625568
0.625222
0.624876
0.624531
0.624186
0.623841
0.623497
0.623153
0.622809
0.622466
0.622123
0.621781
0.621439
0.621097
0.620756
0.620415
0.620075
0.619734
0.619395
0.619055
0.618716
0.618378
0.618039
0.617701
0.617364
0.617027
0.61669
0.616353
0.616017
0.615682
0.615346
0.615011
0.614677
0.614343
0.614009
0.613675
0.613342
0.613009
0.612677
0.612345
0.612013
0.611682
0.611351
0.61102
0.61069
0.61036
0.61003
0.609701
0.609372
0.609044
0.608716
0.608388
0.60806
0.607733
0.607406
0.60708
0.606754
0.606428
0.606103
0.605778
0.605453
0.605129
0.604805
0.604482
0.604158
0.603835
0.603513
0.603191
0.602869
0.602547
0.602226
0.601905
0.601585
0.601265
0.600945
0.600625
0.600306
0.599987
0.599669
0.599351
0.599033
0.598715
0.598398
0.598082
0.597765
0.597449
0.597133
0.596818
0.596503
0.596188
0.595873
0.595559
0.595246
0.594932
0.594619
0.594306
0.593994
0.593682
0.59337
0.593058
0.592747
0.592436
0.592126
0.591816
0.591506
0.591196
0.590887
0.590578
0.59027
0.589961
0.589653
0.589346
0.589039
0.588732
0.588425
0.588119
0.587813
0.587507
0.587202
0.586897
0.586592
0.586288
0.585983
0.58568
0.585376
0.585073
0.58477
0.584468
0.584165
0.583864
0.583562
0.583261
0.58296
0.582659
0.582359
0.582059
0.581759
0.58146
0.58116
0.580862
0.580563
0.580265
0.579967
0.57967
0.579372
0.579075
0.578779
0.578482
0.578186
0.577891
0.577595
0.5773
0.577005
0.576711
0.576416
0.576122
0.575829
0.575535
0.575242
0.57495
0.574657
0.574365
0.574073
0.573782
0.57349
0.573199
0.572909
0.572618
0.572328
0.572038
0.571749
0.57146
0.571171
0.570882
0.570594
0.570306
0.570018
0.569731
0.569443
0.569157
0.56887
0.568584
0.568298
0.568012
0.567727
0.567441
0.567157
0.566872
0.566588
0.566304
0.56602
0.565736
0.565453
0.56517
0.564888
0.564606
0.564324
0.564042
0.56376
0.563479
0.563198
0.562918
0.562637
0.562357
0.562077
0.561798
0.561519
0.56124
0.560961
0.560683
0.560405
0.560127
0.559849
0.559572
0.559295
0.559018
0.558742
0.558465
0.55819
0.557914
0.557638
0.557363
0.557089
0.556814
0.55654
0.556266
0.555992
0.555718
0.555445
0.555172
0.5549
0.554627
0.554355
0.554083
0.553811
0.55354
0.553269
0.552998
0.552728
0.552457
0.552187
0.551918
0.551648
0.551379
0.55111
0.550841
0.550573
0.550305
0.550037
0.549769
0.549502
0.549234
0.548968
0.548701
0.548435
0.548168
0.547903
0.547637
0.547372
0.547107
0.546842
0.546577
0.546313
0.546049
0.545785
0.545522
0.545258
0.544995
0.544732
0.54447
0.544208
0.543946
0.543684
0.543422
0.543161
0.5429
0.542639
0.542379
0.542118
0.541858
0.541599
0.541339
0.54108
0.540821
0.540562
0.540304
0.540045
0.539787
0.53953
0.539272
0.539015
0.538758
0.538501
0.538244
0.537988
0.537732
0.537476
0.53722
0.536965
0.53671
0.536455
0.536201
0.535946
0.535692
0.535438
0.535185
0.534931
0.534678
0.534425
0.534172
0.53392
0.533668
0.533416
0.533164
0.532912
0.532661
0.53241
0.532159
0.531909
0.531659
0.531408
0.531159
0.530909
0.53066
0.53041
0.530162
0.529913
0.529664
0.529416
0.529168
0.52892
0.528673
0.528426
0.528179
0.527932
0.527685
0.527439
0.527193
0.526947
0.526701
0.526456
0.52621
0.525965
0.525721
0.525476
0.525232
0.524988
0.524744
0.5245
0.524257
0.524014
0.523771
0.523528
0.523286
0.523043
0.522801
0.522559
0.522318
0.522076
0.521835
0.521594
0.521354
0.521113
0.520873
0.520633
0.520393
0.520153
0.519914
0.519675
0.519436
0.519197
0.518959
0.51872
0.518482
0.518245
0.518007
0.517769
0.517532
0.517295
0.517059
0.516822
0.516586
0.51635
0.516114
0.515878
0.515643
0.515407
0.515172
0.514937
0.514703
0.514468
0.514234
0.514
0.513768
0.513535
330.33	-330.33
408.447	-78.117	

Iteration number =	2
1.06335
1.06335
1.06335
1.06335
1.06335
1.06335
1.06335
1.06335
1.06335
1.06335
1.06335
1.06335
1.06335
1.06335
1.06335
1.06335
1.06335
1.06335
1.06335
1.06335
1.06335
1.06335
1.06335
1.06335
1.06335
1.06335
1.06335
1.06335
1.06335
1.06335
1.06335
1.06335
1.06335
1.06335
1.06335
1.06335
1.06335
1.06335
1.06335
1.06335
1.06335
1.06335
1.06335
1.06335
1.06335
1.06335
1.06335
1.06335
1.06335
1.06335
1.06335
1.06335
1.06335
1.06335
1.06335
1.06335
1.06335
1.06335
1.06335
1.06335
1.06335
1.06335
1.06335
1.06335
1.06335
1.06335
1.06335
1.06335
1.06335
1.06335
1.06335
1.06335
1.06335
1.06335
1.06335
1.06335
1.06335
1.06335
1.06335
1.06335
1.06335
1.06335
1.06335
1.06335
1.06335
1.06335
1.06335
1.06335
1.06335
1.06335
1.06335
1.06335
1.06335
1.06335
1.06335
1.06335
1.06335
1.06335
1.06335
1.06335
1.06335
1.06335
1.06335
1.06335
1.06335
1.06335
1.06335
1.06335
1.06335
1.06335
1.06335
1.06335
1.06335
1.06335
1.06335
1.06335
1.06335
1.06335
1.06335
1.06335
1.06335
1.06335
1.06335
1.06335
1.06335
1.06335
1.06335
1.06335
1.06335
1.06335
1.06335
1.06335
1.06335
1.06335
1.06335
1.06335
1.06335
1.06335
1.06335
1.06335
1.06335
1.06335
1.06335
1.06335
1.06335
1.06335
1.06335
1.06335
1.06335
1.06335
1.06335
1.06335
1.06335
1.06335
1.06335
1.06335
1.06335
1.06335
1.06335
1.06335
1.06335
1.06335
1.06335
1.06335
1.06335
1.06335
1.06335
1.06335
1.06335
1.06335
1.06335
1.06335
1.06335
1.06335
1.06335
1.06335
1.06335
1.06335
1.06335
1.06335
1.06335
1.06335
1.06335
1.06335
1.06335
1.06335
1.06335
1.06335
1.06335
1.06335
1.06335
1.06335
1.06335
1.06335
1.06335
1.06335
1.06335
1.06335
1.06335
1.06335
1.06335
1.06335
1.06335
1.06335
1.06335
1.06335
1.06335
1.06335
1.06335
1.06335
1.06335
1.06335
1.06335
1.06335
1.06335
1.06335
1.06335
1.06335
1.06335
1.06335
1.06335
1.06335
1.06335
1.06335
1.06335
1.06335
1.06335
1.06335
1.06335
1.06335
1.06335
1.06335
1.06335
1.06335
1.06335
1.06335
1.06335
1.06335
1.06335
1.06335
1.06335
1.06335
1.06335
1.06335
1.06335
1.06335
1.06335
1.06335
1.06335
1.06335
1.06335
1.06335
1.06335
1.06335
1.06335
1.06335
1.06335
1.06335
1.06335
1.06335
1.06335
1.06335
1.06335
1.06335
1.06335
1.06335
1.06335
1.06335
1.06335
1.06335
1.06335
1.06335
1.06335
1.06335
1.06335
1.06335
1.06335
1.06335
1.06335
1.06335
1.06335
1.06335
1.06335
1.06335
1.06335
1.06335
1.06335
1.06335
1.06335
1.06335
1.06335
1.06335
1.06335
1.06335
1.06335
1.06335
1.06335
1.06335
1.06335
1.06335
1.06335
1.06335
1.06335
1.06335
1.06335
1.06335
1.06335
1.06335
1.06335
1.06335
1.06335
1.06335
1.06335
1.06335
1.06335
1.06335
1.06335
1.06335
1.06335
1.06335
1.06335
1.06335
1.06335
1.06335
1.06335
1.06335
1.06335
1.06335
1.06335
1.06335
1.06335
1.06335
1.06335
1.06335
1.06335
1.06335
1.06335
1.06335
1.06335
1.06335
1.06335
1.06335
1.06335
1.06335
1.06335
1.06335
1.06335
1.06335
1.06335
1.06335
1.06335
1.06335
1.06335
1.06335
1.06335
1.06335
1.06335
1.06335
1.06335
1.06335
1.06335
1.06335
1.06335
1.06335
1.06335
1.06335
1.06335
1.06335
1.06335
1.06335
1.06335
1.06335
1.06335
1.06335
1.06335
1.06335
1.06335
1.06335
1.06335
1.06335
1.06335
1.06335
1.06335
1.06335
1.06335
1.06335
1.06335
1.06335
1.06335
1.06335
1.06335
1.06335
1.06335
1.06335
1.06335
1.06335
1.06335
1.06335
1.06335
1.06335
1.06335
1.06335
1.06335
1.06335
1.06335
1.06335
1.06335
1.06335
1.06335
1.06335
1.06335
1.06335
1.06335
1.06335
1.06335
1.06335
1.06335
1.06335
1.06335
1.06335
1.06335
1.06335
1.06335
1.06335
1.06335
1.06335
1.06335
1.06335
1.06335
1.06335
1.06335
1.06335
1.06335
1.06335
1.06335
1.06335
1.06335
1.06335
1.06335
1.06335
1.06335
1.06335
1.06335
1.06335
1.06335
1.06335
1.06335
1.06335
1.06335
1.06335
1.06335
1.06335
1.06335
1.06335
1.06335
1.06335
1.06335
1.06335
1.06335
1.06335
1.06335
1.06335
1.06335
1.06335
1.06335
1.06335
1.06335
1.06335
1.06335
1.06335
1.06335
1.06335
1.06335
1.06335
1.06335
1.06335
1.06335
1.06335
1.06335
1.06335
1.06335
1.06335
1.06335
1.06335
1.06335
1.06335
1.06335
1.06335
1.06335
1.06335
1.06335
1.06335
1.06335
1.06335
1.06335
1.06335
1.06335
1.06335
1.06335
1.06335
1.06335
1.06335
1.06335
1.06335
1.06335
1.06335
1.06335
1.06335
1.06335
1.06335
1.06335
1.06335
1.06335
1.06335
1.06335
1.06335
1.06335
1.06335
1.06335
1.06335
1.06335
1.06335
1.06335
1.06335
1.06335
1.06335
1.06335
1.06335
1.06335
1.06335
1.06335
1.06335
1.06335
1.06335
1.06335
1.06335
1.06335
1.06335
1.06335
1.06335
1.06335
1.06335
1.06335
1.06335
1.06335
1.06335
1.06335
1.06335
1.06335
1.06335
1.06335
1.06335
1.06335
1.06335
1.06335
1.06335
1.06335
1.06335
1.06335
1.06335
1.06335
1.06335
1.06335
1.06335
1.06335
1.06335
1.06335
1.06335
1.06335
1.06335
1.06335
1.06335
1.06335
1.06335
1.06335
1.06335
1.06335
1.06335
1.06335
1.06335
1.06335
1.06335
1.06335
1.06335
1.06335
1.06335
1.06335
1.06335
1.06335
1.06335
1.06335
1.06335
1.06335
1.06335
1.06335
1.06335
1.06335
1.06335
1.06335
1.06335
1.06335
1.06335
1.06335
1.06335
1.06335
1.06335
1.06335
1.06335
1.06335
1.06335
1.06335
1.06335
1.06335
1.06335
1.06335
1.06335
1.06335
1.06335
1.06335
1.06335
1.06335
1.06335
1.06335
1.06335
1.06335
1.06335
1.06335
1.06335
1.06335
1.06335
1.06335
1.06335
1.06335
1.06335
1.06335
1.06335
1.06335
1.06335
1.06335
1.06335
1.06335
1.06335
1.06335
1.06335
1.06335
1.06335
1.06335
1.06335
1.06335
1.06335
1.06335
1.06335
1.06335
1.06335
1.06335
1.06335
1.06335
1.06335
1.06335
1.06335
1.06335
1.06335
1.06335
1.06335
1.06335
1.06335
1.06335
1.06335
1.06335
1.06335
1.06335
1.06335
1.06335
1.06335
1.06335
1.06335
1.06335
1.06335
1.06335
1.06335
1.06335
1.06335
1.06335
1.06335
1.06335
1.06335
1.06335
1.06335
1.06335
1.06335
1.06335
1.06335
1.06335
1.06335
1.06335
1.06335
1.06335
1.06335
1.06335
1.06335
1.06335
1.06335
1.06335
1.06335
1.06335
1.06335
1.06335
1.06335
1.06335
1.06335
1.06335
1.06335
1.06335
1.06335
1.06335
1.06335
1.06335
1.06335
1.06335
1.06335
1.06335
1.06335
1.06335
1.06335
1.06335
1.06335
1.06335
1.06335
1.06335
1.06335
1.06335
1.06335
1.06335
1.06335
1.06335
1.06335
1.06335
1.06335
1.06335
1.06335
1.06335
1.06335
1.06335
1.06335
1.06335
1.06335
1.06335
1.06335
1.06335
1.06335
1.06335
1.06335
1.06335
1.06335
1.06335
1.06335
1.06335
1.06335
1.06335
1.06335
1.06335
1.06335
1.06335
1.06335
1.06335
1.06335
1.06335
1.06335
1.06335
1.06335
1.06335
1.06335
1.06335
1.06335
1.06335
1.06335
1.06335
1.06335
1.06335
1.06335
1.06335
1.06335
1.06335
1.06335
1.06335
1.06335
1.06335
1.06335
1.06335
1.06335
1.06335
1.06335
1.06335
1.06335
1.06335
1.06335
1.06335
1.06335
1.06335
1.06335
1.06335
1.06335
1.06335
1.06335
1.06335
1.06335
1.06335
1.06335
1.06335
1.06335
1.06335
1.06335
1.06335
1.06335
1.06335
1.06335
1.06335
1.06335
1.06335
1.06335
1.06335
1.06335
1.06335
1.06335
1.06335
1.06335
1.06335
1.06335
1.06335
1.06335
1.06335
1.06335
1.06335
1.06335
1.06335
1.06335
1.06335
1.06335
1.06335
1.06335
1.06335
1.06335
1.06335
1.06335
1.06335
1.06335
1.06335
1.06335
1.06335
1.06335
1.06335
1.06335
1.06335
1.06335
1.06335
1.06335
1.06335
1.06335
1.06335
1.06335
1.06335
1.06335
1.06335
1.06335
1.06335
1.06335
1.06335
1.06335
1.06335
1.06335
1.06335
1.06335
1.06335
1.06335
1.06335
1.06335
1.06335
1.06335
1.06335
1.06335
1.06335
1.06335
1.06335
1.06335
1.06335
1.06335
1.06335
1.06335
1.06335
1.06335
1.06335
1.06335
1.06335
1.06335
1.06335
1.06335
1.06335
1.06335
1.06335
1.06335
1.06335
1.06335
1.06335
1.06335
1.06335
1.06335
1.06335
1.06335
1.06335
1.06335
1.06335
1.06335
1.06335
1.06335
1.06335
1.06335
1.06335
1.06335
1.06335
1.06335
1.06335
1.06335
1.06335
1.06335
1.06335
1.06335
1.06335
1.06335
1.06335
1.06335
1.06335
1.06335
1.06335
1.06335
1.06335
1.06335
1.06335
1.06335
1.06335
1.06335
1.06335
1.06335
1.06335
1.06335
1.06335
1.06335
1.06335
1.06335
1.06335
1.06335
1.06335
1.06335
1.06335
1.06335
1.06335
1.06335
1.06335
1.06335
1.06335
1.06335
1.06335
1.06335
1.06335
1.06335
1.06335
1.06335
1.06335
1.06335
1.06335
1.06335
1.06335
1.06335
1.06335
1.06335
1.06335
1.06335
1.06335
1.06335
1.06335
1.06335
1.06335
1.06335
1.06335
1.06335
1.06335
1.06335
1.06335
1.06335
1.06335
1.06335
1.06335
1.06335
1.06335
1.06335
1.06335
1.06335
1.06335
1.06335
1.06335
1.06335
1.06335
1.06335
1.06335
1.06335
1.06335
1.06335
1.06335
1.06335
1.06335
1.06335
1.06335
1.06335
1.06335
1.06335
1.06335
1.06335
1.06335
1.06335
1.06335
1.06335
1.06335
1.06335
1.06335
1.06335
1.06335
1.06335
1.06335
1.06335
1.06335
1.06335
1.06335
1.06335
1.06335
1.06335
1.06335
1.06335
1.06335
1.06335
1.06335
1.06335
1.06335
1.06335
1.06335
1.06335
1.06335
1.06335
1.06335
1.06335
1.06335
1.06335
1.06335
1.06335
1.06335
1.06335
1.06335
1.06335
1.06335
1.06335
1.06335
1.06335
1.06335
1.06335
1.06335
1.06335
1.06335
1.06335
1.06335
1.06335
1.06335
1.06335
1.06335
1.06335
1.06335
1.06335
1.06335
1.06335
1.06335
1.06335
1.06335
1.06335
1.06335
1.06335
1.06335
1.06335
1.06335
1.06335
1.06335
1.06335
1.06335
1.06335
1.06335
1.06335
1.06334
1.06334
1.06334
1.06334
1.06334
1.06334
1.06334
1.06334
1.06334
1.06334
1.06334
1.06334
1.06334
1.06334
1.06334
1.06334
1.06334
1.06334
1.06334
1.06334
1.06334
1.06334
1.06334
1.06334
1.06334
1.06334
1.06334
1.06334
1.06334
1.06334
1.06334
1.06334
1.06334
1.06334
1.06334
1.06334
1.06334
1.06334
1.06334
1.06334
1.06334
1.06334
1.06334
1.06334
1.06334
1.06334
1.06334
1.06334
1.06334
1.06334
1.06334
1.06334
1.06334
1.06334
1.06334
1.06334
1.06334
1.06334
1.06334
1.06334
1.06334
1.06334
1.06334
1.06334
1.06334
1.06334
1.06334
1.06334
1.06334
1.06334
1.06334
1.06334
1.06334
1.06334
1.06334
1.06334
1.06334
1.06334
1.06334
1.06334
1.06334
1.06334
1.06334
1.06334
1.06334
1.06334
1.06334
1.06334
1.06334
1.06334
1.06334
1.06334
1.06334
1.06334
1.06334
1.06334
1.06334
1.06334
1.06334
1.06334
1.06334
1.06334
1.06334
1.06334
1.06334
1.06334
1.06334
1.06334
1.06334
1.06334
1.06334
1.06334
1.06334
1.06334
1.06334
1.06334
1.06334
1.06334
1.06334
1.06334
1.06334
1.06334
1.06334
1.06334
1.06334
1.06334
1.06334
1.06334
1.06334
1.06334
1.06334
1.06334
1.06334
1.06334
1.06334
1.06334
1.06334
1.06334
1.06334
1.06334
1.06334
1.06334
1.06334
1.06334
1.06334
1.06334
1.06334
1.06334
1.06334
1.06334
1.06334
1.06334
1.06334
1.06334
1.06334
1.06334
1.06334
1.06334
1.06334
1.06334
1.06334
1.06334
1.06334
1.06334
1.06334
1.06334
1.06334
1.06334
1.06334
1.06334
1.06334
1.06333
1.06333
1.06333
1.06333
1.06333
1.06333
1.06333
1.06333
1.06333
1.06333
1.06333
1.06333
1.06333
1.06333
1.06333
1.06333
1.06333
1.06333
1.06333
1.06333
1.06333
1.06333
1.06333
1.06333
1.06333
1.06333
1.06333
1.06333
1.06333
1.06333
1.06333
1.06333
1.06333
1.06333
1.06333
1.06333
1.06333
1.06333
1.06333
1.06333
1.06333
1.06333
1.06333
1.06333
1.06333
1.06333
1.06333
1.06333
1.06333
1.06333
1.06333
1.06333
1.06333
1.06333
1.06333
1.06333
1.06333
1.06333
1.06333
1.06333
1.06333
1.06333
1.06333
1.06333
1.06333
1.06333
1.06333
1.06333
1.06333
1.06333
1.06333
1.06333
1.06333
1.06333
1.06333
1.06333
1.06333
1.06333
1.06333
1.06333
1.06333
1.06333
1.06333
1.06333
1.06332
1.06332
1.06332
1.06332
1.06332
1.06332
1.06332
1.06332
1.06332
1.06332
1.06332
1.06332
1.06332
1.06332
1.06332
1.06332
1.06332
1.06332
1.06332
1.06332
1.06332
1.06332
1.06332
1.06332
1.06332
1.06332
1.06332
1.06332
1.06332
1.06332
1.06332
1.06332
1.06332
1.06332
1.06332
1.06332
1.06332
1.06332
1.06332
1.06332
1.06332
1.06332
1.06332
1.06332
1.06332
1.06332
1.06332
1.06332
1.06332
1.06332
1.06332
1.06332
1.06332
1.06332
1.06332
1.06332
1.06331
1.06331
1.06331
1.06331
1.06331
1.06331
1.06331
1.06331
1.06331
1.06331
1.06331
1.06331
1.06331
1.06331
1.06331
1.06331
1.06331
1.06331
1.06331
1.06331
1.06331
1.06331
1.06331
1.06331
1.06331
1.06331
1.06331
1.06331
1.06331
1.06331
1.06331
1.06331
1.06331
1.06331
1.06331
1.06331
1.06331
1.06331
1.06331
1.06331
1.06331
1.06331
1.06331
1.0633
1.0633
1.0633
1.0633
1.0633
1.0633
1.0633
1.0633
1.0633
1.0633
1.0633
1.0633
1.0633
1.0633
1.0633
1.0633
1.0633
1.0633
1.0633
1.0633
1.0633
1.0633
1.0633
1.0633
1.0633
1.0633
1.0633
1.0633
1.0633
1.0633
1.0633
1.0633
1.0633
1.0633
1.06329
1.06329
1.06329
1.06329
1.06329
1.06329
1.06329
1.06329
1.06329
1.06329
1.06329
1.06329
1.06329
1.06329
1.06329
1.06329
1.06329
1.06329
1.06329
1.06329
1.06329
1.06329
1.06329
1.06329
1.06329
1.06329
1.06329
1.06329
1.06329
1.06328
1.06328
1.06328
1.06328
1.06328
1.06328
1.06328
1.06328
1.06328
1.06328
1.06328
1.06328
1.06328
1.06328
1.06328
1.06328
1.06328
1.06328
1.06328
1.06328
1.06328
1.06328
1.06328
1.06328
1.06328
1.06327
1.06327
1.06327
1.06327
1.06327
1.06327
1.06327
1.06327
1.06327
1.06327
1.06327
1.06327
1.06327
1.06327
1.06327
1.06327
1.06327
1.06327
1.06327
1.06327
1.06327
1.06327
1.06326
1.06326
1.06326
1.06326
1.06326
1.06326
1.06326
1.06326
1.06326
1.06326
1.06326
1.06326
1.06326
1.06326
1.06326
1.06326
1.06326
1.06326
1.06326
1.06325
1.06325
1.06325
1.06325
1.06325
1.06325
1.06325
1.06325
1.06325
1.06325
1.06325
1.06325
1.06325
1.06325
1.06325
1.06325
1.06325
1.06325
1.06324
1.06324
1.06324
1.06324
1.06324
1.06324
1.06324
1.06324
1.06324
1.06324
1.06324
1.06324
1.06324
1.06324
1.06324
1.06323
1.06323
1.06323
1.06323
1.06323
1.06323
1.06323
1.06323
1.06323
1.06323
1.06323
1.06323
1.06323
1.06323
1.06323
1.06322
1.06322
1.06322
1.06322
1.06322
1.06322
1.06322
1.06322
1.06322
1.06322
1.06322
1.06322
1.06322
1.06321
1.06321
1.06321
1.06321
1.06321
1.06321
1.06321
1.06321
1.06321
1.06321
1.06321
1.06321
1.0632
1.0632
1.0632
1.0632
1.0632
1.0632
1.0632
1.0632
1.0632
1.0632
1.0632
1.0632
1.06319
1.06319
1.06319
1.06319
1.06319
1.06319
1.06319
1.06319
1.06319
1.06319
1.06318
1.06318
1.06318
1.06318
1.06318
1.06318
1.06318
1.06318
1.06318
1.06318
1.06317
1.06317
1.06317
1.06317
1.06317
1.06317
1.06317
1.06317
1.06317
1.06316
1.06316
1.06316
1.06316
1.06316
1.06316
1.06316
1.06316
1.06316
1.06315
1.06315
1.06315
1.06315
1.06315
1.06315
1.06315
1.06315
1.06314
1.06314
1.06314
1.06314
1.06314
1.06314
1.06314
1.06314
1.06313
1.06313
1.06313
1.06313
1.06313
1.06313
1.06313
1.06312
1.06312
1.06312
1.06312
1.06312
1.06312
1.06312
1.06311
1.06311
1.06311
1.06311
1.06311
1.06311
1.0631
1.0631
1.0631
1.0631
1.0631
1.0631
1.0631
1.06309
1.06309
1.06309
1.06309
1.06309
1.06309
1.06308
1.06308
1.06308
1.06308
1.06308
1.06307
1.06307
1.06307
1.06307
1.06307
1.06307
1.06306
1.06306
1.06306
1.06306
1.06306
1.06305
1.06305
1.06305
1.06305
1.06305
1.06304
1.06304
1.06304
1.06304
1.06304
1.06303
1.06303
1.06303
1.06303
1.06302
1.06302
1.06302
1.06302
1.06302
1.06301
1.06301
1.06301
1.06301
1.063
1.063
1.063
1.063
1.06299
1.06299
1.06299
1.06299
1.06298
1.06298
1.06298
1.06298
1.06297
1.06297
1.06297
1.06296
1.06296
1.06296
1.06296
1.06295
1.06295
1.06295
1.06294
1.06294
1.06294
1.06293
1.06293
1.06293
1.06293
1.06292
1.06292
1.06292
1.06291
1.06291
1.06291
1.0629
1.0629
1.0629
1.06289
1.06289
1.06289
1.06288
1.06288
1.06287
1.06287
1.06287
1.06286
1.06286
1.06286
1.06285
1.06285
1.06284
1.06284
1.06284
1.06283
1.06283
1.06282
1.06282
1.06281
1.06281
1.06281
1.0628
1.0628
1.06279
1.06279
1.06278
1.06278
1.06277
1.06277
1.06276
1.06276
1.06275
1.06275
1.06274
1.06274
1.06273
1.06273
1.06272
1.06272
1.06271
1.06271
1.0627
1.0627
1.06269
1.06269
1.06268
1.06267
1.06267
1.06266
1.06266
1.06265
1.06264
1.06264
1.06263
1.06263
1.06262
1.06261
1.06261
1.0626
1.06259
1.06259
1.06258
1.06257
1.06256
1.06256
1.06255
1.06254
1.06254
1.06253
1.06252
1.06251
1.06251
1.0625
1.06249
1.06248
1.06247
1.06246
1.06246
1.06245
1.06244
1.06243
1.06242
1.06241
1.0624
1.0624
1.06239
1.06238
1.06237
1.06236
1.06235
1.06234
1.06233
1.06232
1.06231
1.0623
1.06229
1.06228
1.06227
1.06226
1.06224
1.06223
1.06222
1.06221
1.0622
1.06219
1.06218
1.06216
1.06215
1.06214
1.06213
1.06212
1.0621
1.06209
1.06208
1.06206
1.06205
1.06204
1.06202
1.06201
1.062
1.06198
1.06197
1.06195
1.06194
1.06192
1.06191
1.06189
1.06188
1.06186
1.06184
1.06183
1.06181
1.06179
1.06178
1.06176
1.06174
1.06173
1.06171
1.06169
1.06167
1.06165
1.06163
1.06162
1.0616
1.06158
1.06156
1.06154
1.06152
1.0615
1.06148
1.06145
1.06143
1.06141
1.06139
1.06137
1.06135
1.06132
1.0613
1.06128
1.06125
1.06123
1.0612
1.06118
1.06115
1.06113
1.0611
1.06108
1.06105
1.06102
1.061
1.06097
1.06094
1.06091
1.06088
1.06085
1.06082
1.06079
1.06076
1.06073
1.0607
1.06067
1.06064
1.06061
1.06057
1.06054
1.06051
1.06047
1.06044
1.0604
1.06037
1.06033
1.06029
1.06026
1.06022
1.06018
1.06014
1.0601
1.06006
1.06002
1.05998
1.05994
1.0599
1.05986
1.05981
1.05977
1.05972
1.05968
1.05963
1.05959
1.05954
1.05949
1.05944
1.0594
1.05935
1.0593
1.05924
1.05919
1.05914
1.05909
1.05903
1.05898
1.05892
1.05887
1.05881
1.05875
1.05869
1.05863
1.05857
1.05851
1.05845
1.05839
1.05832
1.05826
1.05819
1.05813
1.05806
1.05799
1.05792
1.05785
1.05778
1.05771
1.05763
1.05756
1.05748
1.05741
1.05733
1.05725
1.05717
1.05709
1.05701
1.05693
1.05684
1.05676
1.05667
1.05658
1.05649
1.0564
1.05631
1.05622
1.05612
1.05603
1.05593
1.05583
1.05573
1.05563
1.05553
1.05542
1.05532
1.05521
1.0551
1.05499
1.05488
1.05477
1.05465
1.05453
1.05442
1.0543
1.05418
1.05405
1.05393
1.0538
1.05367
1.05354
1.05341
1.05327
1.05314
1.053
1.05286
1.05272
1.05257
1.05243
1.05228
1.05213
1.05198
1.05182
1.05166
1.05151
1.05134
1.05118
1.05102
1.05085
1.05068
1.0505
1.05033
1.05015
1.04997
1.04979
1.0496
1.04941
1.04922
1.04903
1.04883
1.04863
1.04843
1.04822
1.04801
1.0478
1.04759
1.04737
1.04715
1.04693
1.0467
1.04647
1.04624
1.046
1.04576
1.04552
1.04527
1.04502
1.04477
1.04451
1.04425
1.04399
1.04372
1.04345
1.04317
1.04289
1.04261
1.04232
1.04203
1.04173
1.04143
1.04113
1.04082
1.0405
1.04018
1.03986
1.03953
1.0392
1.03887
1.03852
1.03818
1.03783
1.03747
1.03711
1.03674
1.03637
1.036
1.03561
1.03523
1.03483
1.03443
1.03403
1.03362
1.0332
1.03278
1.03235
1.03192
1.03148
1.03103
1.03058
1.03012
1.02965
1.02918
