0.02   0.140287
0.03   0.140292
0.04   0.140298
0.05   0.140305
0.06   0.140313
0.07   0.140322
0.08   0.140332
0.09   0.140343
0.1   0.140356
0.11   0.14037
0.12   0.140385
0.13   0.140402
0.14   0.140419
0.15   0.140438
0.16   0.140458
0.17   0.14048
0.18   0.140502
0.19   0.140526
0.2   0.140551
0.21   0.140577
0.22   0.140605
0.23   0.140633
0.24   0.140662
0.25   0.140693
0.26   0.140724
0.27   0.140757
0.28   0.140791
0.29   0.140825
0.3   0.140861
0.31   0.140898
0.32   0.140935
0.33   0.140973
0.34   0.141013
0.35   0.141053
0.36   0.141094
0.37   0.141135
0.38   0.141178
0.39   0.141221
0.4   0.141265
0.41   0.141309
0.42   0.141355
0.43   0.141401
0.44   0.141447
0.45   0.141494
0.46   0.141541
0.47   0.141589
0.48   0.141638
0.49   0.141687
0.5   0.141736
0.51   0.141786
0.52   0.141836
0.53   0.141886
0.54   0.141936
0.55   0.141987
0.56   0.142038
0.57   0.142089
0.58   0.14214
0.59   0.142191
0.6   0.142243
0.61   0.142294
0.62   0.142345
0.63   0.142396
0.64   0.142448
0.65   0.142499
0.66   0.14255
0.67   0.1426
0.68   0.142651
0.69   0.142701
0.7   0.142751
0.71   0.142801
0.72   0.14285
0.73   0.142899
0.74   0.142947
0.75   0.142995
0.76   0.143043
0.77   0.143089
0.78   0.143136
0.79   0.143182
0.8   0.143227
0.81   0.143272
0.82   0.143315
0.83   0.143359
0.84   0.143401
0.85   0.143443
0.86   0.143484
0.87   0.143524
0.88   0.143563
0.89   0.143602
0.9   0.143639
0.91   0.143676
0.92   0.143712
0.93   0.143746
0.94   0.14378
0.95   0.143813
0.96   0.143844
0.97   0.143875
0.98   0.143905
0.99   0.143933
1   0.143961
1.01   0.143987
1.02   0.144012
1.03   0.144036
1.04   0.144059
1.05   0.14408
1.06   0.144101
1.07   0.14412
1.08   0.144138
1.09   0.144155
1.1   0.14417
1.11   0.144185
1.12   0.144198
1.13   0.14421
1.14   0.14422
1.15   0.144229
1.16   0.144237
1.17   0.144244
1.18   0.144249
1.19   0.144253
1.2   0.144256
1.21   0.144258
1.22   0.144258
1.23   0.144257
1.24   0.144254
1.25   0.144251
1.26   0.144246
1.27   0.14424
1.28   0.144232
1.29   0.144224
1.3   0.144214
1.31   0.144203
1.32   0.14419
1.33   0.144177
1.34   0.144162
1.35   0.144146
1.36   0.144129
1.37   0.144111
1.38   0.144091
1.39   0.144071
1.4   0.144049
1.41   0.144026
1.42   0.144003
1.43   0.143978
1.44   0.143952
1.45   0.143925
1.46   0.143897
1.47   0.143868
1.48   0.143839
1.49   0.143808
1.5   0.143777
1.51   0.143744
1.52   0.143711
1.53   0.143677
1.54   0.143642
1.55   0.143607
1.56   0.14357
1.57   0.143534
1.58   0.143496
1.59   0.143458
1.6   0.143419
1.61   0.14338
1.62   0.14334
1.63   0.143299
1.64   0.143259
1.65   0.143217
1.66   0.143176
1.67   0.143134
1.68   0.143091
1.69   0.143049
1.7   0.143006
1.71   0.142963
1.72   0.14292
1.73   0.142876
1.74   0.142833
1.75   0.142789
1.76   0.142746
1.77   0.142702
1.78   0.142659
1.79   0.142615
1.8   0.142572
1.81   0.142529
1.82   0.142486
1.83   0.142443
1.84   0.142401
1.85   0.142359
1.86   0.142317
1.87   0.142276
1.88   0.142235
1.89   0.142194
1.9   0.142154
1.91   0.142115
1.92   0.142076
1.93   0.142038
1.94   0.142
1.95   0.141963
1.96   0.141927
1.97   0.141891
1.98   0.141857
1.99   0.141823
2   0.14179
2.01   0.141758
2.02   0.141727
2.03   0.141696
2.04   0.141667
2.05   0.141639
2.06   0.141612
2.07   0.141586
2.08   0.141561
2.09   0.141537
2.1   0.141514
2.11   0.141493
2.12   0.141472
2.13   0.141453
2.14   0.141436
2.15   0.141419
2.16   0.141404
2.17   0.14139
2.18   0.141378
2.19   0.141367
2.2   0.141357
2.21   0.141349
2.22   0.141342
2.23   0.141337
2.24   0.141333
2.25   0.141331
2.26   0.14133
2.27   0.141331
2.28   0.141333
2.29   0.141337
2.3   0.141343
2.31   0.14135
2.32   0.141358
2.33   0.141368
2.34   0.14138
2.35   0.141394
2.36   0.141409
2.37   0.141425
2.38   0.141444
2.39   0.141463
2.4   0.141485
2.41   0.141508
2.42   0.141533
2.43   0.141559
2.44   0.141587
2.45   0.141617
2.46   0.141648
2.47   0.141681
2.48   0.141715
2.49   0.141751
2.5   0.141789
2.51   0.141828
2.52   0.141869
2.53   0.141911
2.54   0.141955
2.55   0.142001
2.56   0.142047
2.57   0.142096
2.58   0.142146
2.59   0.142197
2.6   0.14225
2.61   0.142304
2.62   0.142359
2.63   0.142416
2.64   0.142474
2.65   0.142534
2.66   0.142595
2.67   0.142657
2.68   0.14272
2.69   0.142785
2.7   0.142851
2.71   0.142918
2.72   0.142986
2.73   0.143055
2.74   0.143125
2.75   0.143197
2.76   0.143269
2.77   0.143342
2.78   0.143416
2.79   0.143491
2.8   0.143567
2.81   0.143644
2.82   0.143722
2.83   0.1438
2.84   0.143879
2.85   0.143959
2.86   0.144039
2.87   0.14412
2.88   0.144202
2.89   0.144284
2.9   0.144366
2.91   0.144449
2.92   0.144532
2.93   0.144616
2.94   0.1447
2.95   0.144784
2.96   0.144868
2.97   0.144953
2.98   0.145038
2.99   0.145122
3   0.145207
3.01   0.145292
3.02   0.145377
3.03   0.145461
3.04   0.145546
3.05   0.14563
3.06   0.145715
3.07   0.145798
3.08   0.145882
3.09   0.145965
3.1   0.146048
3.11   0.14613
3.12   0.146212
3.13   0.146293
3.14   0.146374
3.15   0.146454
3.16   0.146533
3.17   0.146612
3.18   0.14669
3.19   0.146767
3.2   0.146844
3.21   0.146919
3.22   0.146994
3.23   0.147067
3.24   0.14714
3.25   0.147211
3.26   0.147282
3.27   0.147351
3.28   0.147419
3.29   0.147487
3.3   0.147552
3.31   0.147617
3.32   0.14768
3.33   0.147742
3.34   0.147803
3.35   0.147862
3.36   0.14792
3.37   0.147976
3.38   0.148031
3.39   0.148084
3.4   0.148136
3.41   0.148186
3.42   0.148235
3.43   0.148282
3.44   0.148327
3.45   0.148371
3.46   0.148413
3.47   0.148453
3.48   0.148492
3.49   0.148529
3.5   0.148564
3.51   0.148597
3.52   0.148629
3.53   0.148658
3.54   0.148686
3.55   0.148712
3.56   0.148736
3.57   0.148759
3.58   0.148779
3.59   0.148798
3.6   0.148814
3.61   0.148829
3.62   0.148842
3.63   0.148853
3.64   0.148862
3.65   0.148869
3.66   0.148874
3.67   0.148878
3.68   0.148879
3.69   0.148878
3.7   0.148876
3.71   0.148872
3.72   0.148866
3.73   0.148857
3.74   0.148847
3.75   0.148836
3.76   0.148822
3.77   0.148806
3.78   0.148789
3.79   0.14877
3.8   0.148749
3.81   0.148726
3.82   0.148702
3.83   0.148675
3.84   0.148647
3.85   0.148618
3.86   0.148586
3.87   0.148553
3.88   0.148519
3.89   0.148482
3.9   0.148444
3.91   0.148405
3.92   0.148364
3.93   0.148321
3.94   0.148277
3.95   0.148232
3.96   0.148185
3.97   0.148137
3.98   0.148087
3.99   0.148036
4   0.147984
4.01   0.14793
4.02   0.147876
4.03   0.14782
4.04   0.147763
4.05   0.147704
4.06   0.147645
4.07   0.147585
4.08   0.147523
4.09   0.147461
4.1   0.147398
4.11   0.147334
4.12   0.147269
4.13   0.147203
4.14   0.147137
4.15   0.147069
4.16   0.147001
4.17   0.146933
4.18   0.146864
4.19   0.146794
4.2   0.146724
4.21   0.146653
4.22   0.146582
4.23   0.14651
4.24   0.146438
4.25   0.146366
4.26   0.146293
4.27   0.146221
4.28   0.146148
4.29   0.146075
4.3   0.146001
4.31   0.145928
4.32   0.145855
4.33   0.145782
4.34   0.145708
4.35   0.145635
4.36   0.145562
4.37   0.145489
4.38   0.145417
4.39   0.145344
4.4   0.145272
4.41   0.1452
4.42   0.145129
4.43   0.145058
4.44   0.144987
4.45   0.144917
4.46   0.144847
4.47   0.144778
4.48   0.144709
4.49   0.144641
4.5   0.144574
4.51   0.144507
4.52   0.144441
4.53   0.144375
4.54   0.14431
4.55   0.144246
4.56   0.144183
4.57   0.14412
4.58   0.144059
4.59   0.143998
4.6   0.143938
4.61   0.143878
4.62   0.14382
4.63   0.143762
4.64   0.143706
4.65   0.14365
4.66   0.143595
4.67   0.143541
4.68   0.143488
4.69   0.143436
4.7   0.143385
4.71   0.143335
4.72   0.143286
4.73   0.143237
4.74   0.14319
4.75   0.143143
4.76   0.143098
4.77   0.143053
4.78   0.14301
4.79   0.142967
4.8   0.142925
4.81   0.142884
4.82   0.142844
4.83   0.142805
4.84   0.142767
4.85   0.142729
4.86   0.142692
4.87   0.142656
4.88   0.142621
4.89   0.142587
4.9   0.142553
4.91   0.14252
4.92   0.142487
4.93   0.142456
4.94   0.142424
4.95   0.142394
4.96   0.142363
4.97   0.142334
4.98   0.142305
4.99   0.142276
5   0.142247
5.01   0.142219
5.02   0.142191
5.03   0.142164
5.04   0.142136
5.05   0.142109
5.06   0.142081
5.07   0.142054
5.08   0.142027
5.09   0.141999
5.1   0.141972
5.11   0.141944
5.12   0.141916
5.13   0.141888
5.14   0.141859
5.15   0.14183
5.16   0.1418
5.17   0.14177
5.18   0.141739
5.19   0.141708
5.2   0.141676
5.21   0.141642
5.22   0.141608
5.23   0.141573
5.24   0.141537
5.25   0.1415
5.26   0.141461
5.27   0.141422
5.28   0.141381
5.29   0.141338
5.3   0.141294
5.31   0.141249
5.32   0.141201
5.33   0.141152
5.34   0.141101
5.35   0.141049
5.36   0.140994
5.37   0.140937
5.38   0.140878
5.39   0.140817
5.4   0.140754
5.41   0.140688
5.42   0.14062
5.43   0.140549
5.44   0.140475
5.45   0.140399
5.46   0.14032
5.47   0.140238
5.48   0.140153
5.49   0.140065
5.5   0.139974
5.51   0.13988
5.52   0.139782
5.53   0.139681
5.54   0.139577
5.55   0.139469
5.56   0.139357
5.57   0.139242
5.58   0.139123
5.59   0.139
5.6   0.138873
5.61   0.138742
5.62   0.138607
5.63   0.138468
5.64   0.138325
5.65   0.138177
5.66   0.138025
5.67   0.137869
5.68   0.137708
5.69   0.137542
5.7   0.137372
5.71   0.137197
5.72   0.137017
5.73   0.136833
5.74   0.136643
5.75   0.136449
5.76   0.136249
5.77   0.136044
5.78   0.135834
5.79   0.135619
5.8   0.135399
5.81   0.135173
5.82   0.134942
5.83   0.134706
5.84   0.134464
5.85   0.134216
5.86   0.133963
5.87   0.133705
5.88   0.133441
5.89   0.133171
5.9   0.132895
5.91   0.132614
5.92   0.132326
5.93   0.132033
5.94   0.131734
5.95   0.13143
5.96   0.131119
5.97   0.130802
5.98   0.13048
5.99   0.130151
6   0.129817
6.01   0.129476
6.02   0.12913
6.03   0.128777
6.04   0.128419
6.05   0.128054
6.06   0.127684
6.07   0.127307
6.08   0.126924
6.09   0.126536
6.1   0.126141
6.11   0.12574
6.12   0.125334
6.13   0.124921
6.14   0.124502
6.15   0.124078
6.16   0.123647
6.17   0.12321
6.18   0.122768
6.19   0.12232
6.2   0.121866
6.21   0.121406
6.22   0.12094
6.23   0.120469
6.24   0.119991
6.25   0.119509
6.26   0.11902
6.27   0.118526
6.28   0.118027
6.29   0.117522
6.3   0.117011
6.31   0.116495
6.32   0.115974
6.33   0.115448
6.34   0.114916
6.35   0.114379
6.36   0.113837
6.37   0.11329
6.38   0.112738
6.39   0.112182
6.4   0.11162
6.41   0.111054
6.42   0.110483
6.43   0.109907
6.44   0.109327
6.45   0.108742
6.46   0.108153
6.47   0.10756
6.48   0.106962
6.49   0.106361
6.5   0.105755
6.51   0.105145
6.52   0.104532
6.53   0.103915
6.54   0.103294
6.55   0.102669
6.56   0.102041
6.57   0.10141
6.58   0.100775
6.59   0.100138
6.6   0.0994967
6.61   0.0988527
6.62   0.0982059
6.63   0.0975562
6.64   0.0969038
6.65   0.0962489
6.66   0.0955914
6.67   0.0949316
6.68   0.0942695
6.69   0.0936052
6.7   0.0929388
6.71   0.0922704
6.72   0.0916002
6.73   0.0909282
6.74   0.0902546
6.75   0.0895794
6.76   0.0889028
6.77   0.0882249
6.78   0.0875457
6.79   0.0868655
6.8   0.0861842
6.81   0.085502
6.82   0.0848191
6.83   0.0841354
6.84   0.0834512
6.85   0.0827665
6.86   0.0820815
6.87   0.0813962
6.88   0.0807107
6.89   0.0800252
6.9   0.0793398
6.91   0.0786545
6.92   0.0779695
6.93   0.0772849
6.94   0.0766007
6.95   0.0759171
6.96   0.0752342
6.97   0.0745521
6.98   0.0738709
6.99   0.0731906
7   0.0725114
7.01   0.0718334
7.02   0.0711566
7.03   0.0704812
7.04   0.0698072
7.05   0.0691348
7.06   0.0684641
7.07   0.067795
7.08   0.0671278
7.09   0.0664625
7.1   0.0657992
7.11   0.0651379
7.12   0.0644789
7.13   0.063822
7.14   0.0631675
7.15   0.0625154
7.16   0.0618658
7.17   0.0612187
7.18   0.0605743
7.19   0.0599326
7.2   0.0592937
7.21   0.0586576
7.22   0.0580245
7.23   0.0573943
7.24   0.0567673
7.25   0.0561433
7.26   0.0555225
7.27   0.054905
7.28   0.0542908
7.29   0.05368
7.3   0.0530726
7.31   0.0524687
7.32   0.0518684
7.33   0.0512716
7.34   0.0506785
7.35   0.050089
7.36   0.0495033
7.37   0.0489214
7.38   0.0483433
7.39   0.0477691
7.4   0.0471989
7.41   0.0466325
7.42   0.0460702
7.43   0.0455119
7.44   0.0449576
7.45   0.0444075
7.46   0.0438615
7.47   0.0433196
7.48   0.042782
7.49   0.0422485
7.5   0.0417193
7.51   0.0411944
7.52   0.0406737
7.53   0.0401574
7.54   0.0396453
7.55   0.0391377
7.56   0.0386344
7.57   0.0381354
7.58   0.0376409
7.59   0.0371507
7.6   0.036665
7.61   0.0361837
7.62   0.0357068
7.63   0.0352344
7.64   0.0347664
7.65   0.0343029
7.66   0.0338438
7.67   0.0333892
7.68   0.032939
7.69   0.0324933
7.7   0.032052
7.71   0.0316152
7.72   0.0311828
7.73   0.0307549
7.74   0.0303314
7.75   0.0299124
7.76   0.0294977
7.77   0.0290875
7.78   0.0286816
7.79   0.0282802
7.8   0.0278831
7.81   0.0274904
7.82   0.027102
7.83   0.026718
7.84   0.0263383
7.85   0.0259628
7.86   0.0255917
7.87   0.0252248
7.88   0.0248622
7.89   0.0245038
7.9   0.0241496
7.91   0.0237996
7.92   0.0234537
7.93   0.023112
7.94   0.0227744
7.95   0.0224409
7.96   0.0221114
7.97   0.021786
7.98   0.0214646
7.99   0.0211472
8   0.0208338
8.01   0.0205243
8.02   0.0202187
8.03   0.019917
8.04   0.0196191
8.05   0.0193251
8.06   0.0190348
8.07   0.0187483
8.08   0.0184656
8.09   0.0181865
8.1   0.0179112
8.11   0.0176395
8.12   0.0173713
8.13   0.0171068
8.14   0.0168458
8.15   0.0165884
8.16   0.0163344
8.17   0.0160839
8.18   0.0158367
8.19   0.015593
8.2   0.0153527
8.21   0.0151156
8.22   0.0148819
8.23   0.0146514
8.24   0.0144241
8.25   0.0142001
8.26   0.0139792
8.27   0.0137614
8.28   0.0135467
8.29   0.0133351
8.3   0.0131265
8.31   0.0129209
8.32   0.0127182
8.33   0.0125185
8.34   0.0123217
8.35   0.0121278
8.36   0.0119366
8.37   0.0117483
8.38   0.0115628
8.39   0.0113799
8.4   0.0111998
8.41   0.0110224
8.42   0.0108475
8.43   0.0106753
8.44   0.0105057
8.45   0.0103386
8.46   0.010174
8.47   0.0100119
8.48   0.00985225
8.49   0.00969501
8.5   0.00954016
8.51   0.00938766
8.52   0.00923749
8.53   0.00908961
8.54   0.008944
8.55   0.00880062
8.56   0.00865945
8.57   0.00852046
8.58   0.00838361
8.59   0.00824889
8.6   0.00811625
8.61   0.00798568
8.62   0.00785714
8.63   0.00773061
8.64   0.00760606
8.65   0.00748346
8.66   0.00736278
8.67   0.007244
8.68   0.00712709
8.69   0.00701203
8.7   0.00689878
8.71   0.00678733
8.72   0.00667764
8.73   0.0065697
8.74   0.00646347
8.75   0.00635893
8.76   0.00625607
8.77   0.00615484
8.78   0.00605523
8.79   0.00595722
8.8   0.00586078
8.81   0.00576589
8.82   0.00567252
8.83   0.00558066
8.84   0.00549028
8.85   0.00540136
8.86   0.00531387
8.87   0.00522779
8.88   0.00514312
8.89   0.00505981
8.9   0.00497785
8.91   0.00489723
8.92   0.00481791
8.93   0.00473989
8.94   0.00466313
8.95   0.00458763
8.96   0.00451336
8.97   0.0044403
8.98   0.00436844
8.99   0.00429775
9   0.00422821
9.01   0.00415982
9.02   0.00409255
9.03   0.00402638
9.04   0.00396129
9.05   0.00389728
9.06   0.00383431
9.07   0.00377238
9.08   0.00371147
9.09   0.00365157
9.1   0.00359264
9.11   0.00353469
9.12   0.0034777
9.13   0.00342164
9.14   0.00336651
9.15   0.00331229
9.16   0.00325897
9.17   0.00320652
9.18   0.00315495
9.19   0.00310422
9.2   0.00305433
9.21   0.00300527
9.22   0.00295702
9.23   0.00290957
9.24   0.00286291
9.25   0.00281701
9.26   0.00277188
9.27   0.0027275
9.28   0.00268385
9.29   0.00264092
9.3   0.0025987
9.31   0.00255719
9.32   0.00251636
9.33   0.00247621
9.34   0.00243673
9.35   0.0023979
9.36   0.00235971
9.37   0.00232216
9.38   0.00228523
9.39   0.00224891
9.4   0.00221319
9.41   0.00217807
9.42   0.00214353
9.43   0.00210956
9.44   0.00207615
9.45   0.0020433
9.46   0.00201099
9.47   0.00197922
9.48   0.00194798
9.49   0.00191725
9.5   0.00188703
9.51   0.00185731
9.52   0.00182808
9.53   0.00179934
9.54   0.00177108
9.55   0.00174328
9.56   0.00171594
9.57   0.00168905
9.58   0.00166261
9.59   0.0016366
9.6   0.00161103
9.61   0.00158588
9.62   0.00156114
9.63   0.00153681
9.64   0.00151288
9.65   0.00148935
9.66   0.00146621
9.67   0.00144345
9.68   0.00142106
9.69   0.00139904
9.7   0.00137739
9.71   0.00135609
9.72   0.00133514
9.73   0.00131453
9.74   0.00129427
9.75   0.00127434
9.76   0.00125473
9.77   0.00123545
9.78   0.00121648
9.79   0.00119783
9.8   0.00117948
9.81   0.00116143
9.82   0.00114368
9.83   0.00112622
9.84   0.00110904
9.85   0.00109214
9.86   0.00107552
9.87   0.00105918
9.88   0.0010431
9.89   0.00102728
9.9   0.00101172
9.91   0.000996409
9.92   0.000981352
9.93   0.000966539
9.94   0.000951968
9.95   0.000937633
9.96   0.000923532
9.97   0.000909659
9.98   0.000896011
9.99   0.000882585
10   0.000869376
10.01   0.000856382
10.02   0.000843597
10.03   0.00083102
10.04   0.000818645
10.05   0.000806471
10.06   0.000794493
10.07   0.000782708
10.08   0.000771113
10.09   0.000759705
10.1   0.00074848
10.11   0.000737436
10.12   0.00072657
10.13   0.000715878
10.14   0.000705357
10.15   0.000695005
10.16   0.000684819
10.17   0.000674796
10.18   0.000664934
10.19   0.000655228
10.2   0.000645678
10.21   0.000636281
10.22   0.000627033
10.23   0.000617932
10.24   0.000608977
10.25   0.000600164
10.26   0.00059149
10.27   0.000582955
10.28   0.000574555
10.29   0.000566288
10.3   0.000558152
10.31   0.000550145
10.32   0.000542264
10.33   0.000534508
10.34   0.000526875
10.35   0.000519361
10.36   0.000511966
10.37   0.000504688
10.38   0.000497523
10.39   0.000490472
10.4   0.000483531
10.41   0.000476699
10.42   0.000469974
10.43   0.000463354
10.44   0.000456838
10.45   0.000450424
10.46   0.00044411
10.47   0.000437894
10.48   0.000431775
10.49   0.000425751
10.5   0.000419821
10.51   0.000413984
10.52   0.000408236
10.53   0.000402578
10.54   0.000397008
10.55   0.000391523
10.56   0.000386124
10.57   0.000380808
10.58   0.000375574
10.59   0.00037042
10.6   0.000365346
10.61   0.00036035
10.62   0.000355431
10.63   0.000350587
10.64   0.000345818
10.65   0.000341121
10.66   0.000336497
10.67   0.000331943
10.68   0.000327459
10.69   0.000323043
10.7   0.000318694
10.71   0.000314412
10.72   0.000310195
10.73   0.000306042
10.74   0.000301951
10.75   0.000297923
10.76   0.000293956
10.77   0.000290049
10.78   0.000286201
10.79   0.000282411
10.8   0.000278678
10.81   0.000275001
10.82   0.00027138
10.83   0.000267813
10.84   0.000264299
10.85   0.000260839
10.86   0.00025743
10.87   0.000254072
10.88   0.000250764
10.89   0.000247506
10.9   0.000244296
10.91   0.000241134
10.92   0.000238019
10.93   0.00023495
10.94   0.000231927
10.95   0.000228949
10.96   0.000226015
10.97   0.000223124
10.98   0.000220276
10.99   0.00021747
11   0.000214705
11.01   0.000211981
11.02   0.000209297
11.03   0.000206652
11.04   0.000204046
11.05   0.000201479
11.06   0.000198949
11.07   0.000196456
11.08   0.000193999
11.09   0.000191578
11.1   0.000189193
11.11   0.000186842
11.12   0.000184525
11.13   0.000182242
11.14   0.000179992
11.15   0.000177774
11.16   0.000175589
11.17   0.000173435
11.18   0.000171312
11.19   0.00016922
11.2   0.000167158
11.21   0.000165125
11.22   0.000163122
11.23   0.000161147
11.24   0.000159201
11.25   0.000157283
11.26   0.000155391
11.27   0.000153527
11.28   0.00015169
11.29   0.000149878
11.3   0.000148092
11.31   0.000146332
11.32   0.000144596
11.33   0.000142886
11.34   0.000141199
11.35   0.000139536
11.36   0.000137896
11.37   0.00013628
11.38   0.000134686
11.39   0.000133115
11.4   0.000131566
11.41   0.000130038
11.42   0.000128532
11.43   0.000127046
11.44   0.000125582
11.45   0.000124138
11.46   0.000122714
11.47   0.00012131
11.48   0.000119925
11.49   0.000118559
11.5   0.000117213
11.51   0.000115884
11.52   0.000114575
11.53   0.000113283
11.54   0.000112009
11.55   0.000110753
11.56   0.000109514
11.57   0.000108291
11.58   0.000107086
11.59   0.000105897
11.6   0.000104724
11.61   0.000103567
11.62   0.000102426
11.63   0.000101301
11.64   0.00010019
11.65   9.90952e-05
11.66   9.80148e-05
11.67   9.69489e-05
11.68   9.58975e-05
11.69   9.48603e-05
11.7   9.3837e-05
11.71   9.28274e-05
11.72   9.18314e-05
11.73   9.08488e-05
11.74   8.98793e-05
11.75   8.89227e-05
11.76   8.79789e-05
11.77   8.70477e-05
11.78   8.61289e-05
11.79   8.52223e-05
11.8   8.43277e-05
11.81   8.34449e-05
11.82   8.25738e-05
11.83   8.17143e-05
11.84   8.0866e-05
11.85   8.0029e-05
11.86   7.92029e-05
11.87   7.83877e-05
11.88   7.75832e-05
11.89   7.67892e-05
11.9   7.60055e-05
11.91   7.52321e-05
11.92   7.44688e-05
11.93   7.37154e-05
11.94   7.29718e-05
11.95   7.22379e-05
11.96   7.15134e-05
11.97   7.07984e-05
11.98   7.00925e-05
11.99   6.93958e-05
12   6.8708e-05
12.01   6.80291e-05
12.02   6.73589e-05
12.03   6.66972e-05
12.04   6.60441e-05
12.05   6.53992e-05
12.06   6.47627e-05
12.07   6.41342e-05
12.08   6.35137e-05
12.09   6.29011e-05
12.1   6.22962e-05
12.11   6.1699e-05
12.12   6.11094e-05
12.13   6.05272e-05
12.14   5.99523e-05
12.15   5.93846e-05
12.16   5.88241e-05
12.17   5.82706e-05
12.18   5.77241e-05
12.19   5.71843e-05
12.2   5.66513e-05
12.21   5.6125e-05
12.22   5.56052e-05
12.23   5.50918e-05
12.24   5.45848e-05
12.25   5.40841e-05
12.26   5.35896e-05
12.27   5.31012e-05
12.28   5.26187e-05
12.29   5.21423e-05
12.3   5.16716e-05
12.31   5.12068e-05
12.32   5.07476e-05
12.33   5.0294e-05
12.34   4.9846e-05
12.35   4.94034e-05
12.36   4.89662e-05
12.37   4.85343e-05
12.38   4.81077e-05
12.39   4.76862e-05
12.4   4.72698e-05
12.41   4.68584e-05
12.42   4.64519e-05
12.43   4.60504e-05
12.44   4.56536e-05
12.45   4.52617e-05
12.46   4.48743e-05
12.47   4.44917e-05
12.48   4.41135e-05
12.49   4.37399e-05
12.5   4.33707e-05
12.51   4.30059e-05
12.52   4.26454e-05
12.53   4.22892e-05
12.54   4.19371e-05
12.55   4.15892e-05
12.56   4.12454e-05
12.57   4.09056e-05
12.58   4.05698e-05
12.59   4.02379e-05
12.6   3.99099e-05
12.61   3.95857e-05
12.62   3.92653e-05
12.63   3.89486e-05
12.64   3.86356e-05
12.65   3.83262e-05
12.66   3.80203e-05
12.67   3.7718e-05
12.68   3.74192e-05
12.69   3.71238e-05
12.7   3.68318e-05
12.71   3.65431e-05
12.72   3.62577e-05
12.73   3.59756e-05
12.74   3.56966e-05
12.75   3.54209e-05
12.76   3.51482e-05
12.77   3.48787e-05
12.78   3.46122e-05
12.79   3.43487e-05
12.8   3.40882e-05
12.81   3.38306e-05
12.82   3.35759e-05
12.83   3.3324e-05
12.84   3.30749e-05
12.85   3.28287e-05
12.86   3.25851e-05
12.87   3.23443e-05
12.88   3.21061e-05
12.89   3.18706e-05
12.9   3.16377e-05
12.91   3.14073e-05
12.92   3.11795e-05
12.93   3.09542e-05
12.94   3.07314e-05
12.95   3.05109e-05
12.96   3.02929e-05
12.97   3.00773e-05
12.98   2.9864e-05
12.99   2.96531e-05
13   2.94444e-05
13.01   2.9238e-05
13.02   2.90338e-05
13.03   2.88318e-05
13.04   2.86319e-05
13.05   2.84342e-05
13.06   2.82387e-05
13.07   2.80452e-05
13.08   2.78538e-05
13.09   2.76644e-05
13.1   2.7477e-05
13.11   2.72917e-05
13.12   2.71083e-05
13.13   2.69268e-05
13.14   2.67472e-05
13.15   2.65695e-05
13.16   2.63937e-05
13.17   2.62197e-05
13.18   2.60476e-05
13.19   2.58772e-05
13.2   2.57087e-05
13.21   2.55418e-05
13.22   2.53767e-05
13.23   2.52133e-05
13.24   2.50516e-05
13.25   2.48916e-05
13.26   2.47332e-05
13.27   2.45764e-05
13.28   2.44212e-05
13.29   2.42677e-05
13.3   2.41156e-05
13.31   2.39652e-05
13.32   2.38162e-05
13.33   2.36688e-05
13.34   2.35229e-05
13.35   2.33784e-05
13.36   2.32354e-05
13.37   2.30938e-05
13.38   2.29536e-05
13.39   2.28149e-05
13.4   2.26775e-05
13.41   2.25415e-05
13.42   2.24068e-05
13.43   2.22735e-05
13.44   2.21415e-05
13.45   2.20108e-05
13.46   2.18814e-05
13.47   2.17533e-05
13.48   2.16264e-05
13.49   2.15008e-05
13.5   2.13763e-05
13.51   2.12531e-05
13.52   2.11311e-05
13.53   2.10103e-05
13.54   2.08907e-05
13.55   2.07722e-05
13.56   2.06548e-05
13.57   2.05386e-05
13.58   2.04234e-05
13.59   2.03094e-05
13.6   2.01965e-05
13.61   2.00846e-05
13.62   1.99739e-05
13.63   1.98641e-05
13.64   1.97554e-05
13.65   1.96477e-05
13.66   1.95411e-05
13.67   1.94354e-05
13.68   1.93307e-05
13.69   1.9227e-05
13.7   1.91243e-05
13.71   1.90225e-05
13.72   1.89217e-05
13.73   1.88218e-05
13.74   1.87228e-05
13.75   1.86247e-05
13.76   1.85276e-05
13.77   1.84313e-05
13.78   1.83359e-05
13.79   1.82414e-05
13.8   1.81477e-05
13.81   1.80549e-05
13.82   1.79629e-05
13.83   1.78717e-05
13.84   1.77814e-05
13.85   1.76919e-05
13.86   1.76032e-05
13.87   1.75153e-05
13.88   1.74281e-05
13.89   1.73417e-05
13.9   1.72561e-05
13.91   1.71713e-05
13.92   1.70872e-05
13.93   1.70039e-05
13.94   1.69212e-05
13.95   1.68393e-05
13.96   1.67581e-05
13.97   1.66777e-05
13.98   1.65979e-05
13.99   1.65188e-05
14   1.64404e-05
14.01   1.63626e-05
14.02   1.62856e-05
14.03   1.62092e-05
14.04   1.61334e-05
14.05   1.60583e-05
14.06   1.59838e-05
14.07   1.591e-05
14.08   1.58368e-05
14.09   1.57642e-05
14.1   1.56922e-05
14.11   1.56208e-05
14.12   1.555e-05
14.13   1.54798e-05
14.14   1.54102e-05
14.15   1.53411e-05
14.16   1.52726e-05
14.17   1.52047e-05
14.18   1.51374e-05
14.19   1.50706e-05
14.2   1.50043e-05
14.21   1.49386e-05
14.22   1.48734e-05
14.23   1.48087e-05
14.24   1.47446e-05
14.25   1.4681e-05
14.26   1.46179e-05
14.27   1.45553e-05
14.28   1.44931e-05
14.29   1.44315e-05
14.3   1.43704e-05
14.31   1.43097e-05
14.32   1.42496e-05
14.33   1.41899e-05
14.34   1.41306e-05
14.35   1.40719e-05
14.36   1.40136e-05
14.37   1.39557e-05
14.38   1.38983e-05
14.39   1.38413e-05
14.4   1.37848e-05
14.41   1.37287e-05
14.42   1.3673e-05
14.43   1.36177e-05
14.44   1.35629e-05
14.45   1.35085e-05
14.46   1.34544e-05
14.47   1.34008e-05
14.48   1.33476e-05
14.49   1.32948e-05
14.5   1.32424e-05
14.51   1.31903e-05
14.52   1.31387e-05
14.53   1.30874e-05
14.54   1.30365e-05
14.55   1.2986e-05
14.56   1.29358e-05
14.57   1.2886e-05
14.58   1.28366e-05
14.59   1.27875e-05
14.6   1.27388e-05
14.61   1.26904e-05
14.62   1.26423e-05
14.63   1.25946e-05
14.64   1.25473e-05
14.65   1.25002e-05
14.66   1.24535e-05
14.67   1.24072e-05
14.68   1.23611e-05
14.69   1.23154e-05
14.7   1.227e-05
14.71   1.22248e-05
14.72   1.218e-05
14.73   1.21356e-05
14.74   1.20914e-05
14.75   1.20475e-05
14.76   1.20039e-05
14.77   1.19606e-05
14.78   1.19176e-05
14.79   1.18748e-05
14.8   1.18324e-05
14.81   1.17902e-05
14.82   1.17483e-05
14.83   1.17067e-05
14.84   1.16654e-05
14.85   1.16243e-05
14.86   1.15835e-05
14.87   1.15429e-05
14.88   1.15027e-05
14.89   1.14626e-05
14.9   1.14228e-05
14.91   1.13833e-05
14.92   1.13441e-05
14.93   1.1305e-05
14.94   1.12662e-05
14.95   1.12277e-05
14.96   1.11894e-05
14.97   1.11513e-05
14.98   1.11135e-05
14.99   1.10759e-05
15   1.10385e-05
15.01   1.10014e-05
15.02   1.09645e-05
15.03   1.09278e-05
15.04   1.08913e-05
15.05   1.0855e-05
15.06   1.0819e-05
15.07   1.07831e-05
15.08   1.07475e-05
15.09   1.07121e-05
15.1   1.06769e-05
15.11   1.06419e-05
15.12   1.06071e-05
15.13   1.05725e-05
15.14   1.0538e-05
15.15   1.05038e-05
15.16   1.04698e-05
15.17   1.0436e-05
15.18   1.04023e-05
15.19   1.03689e-05
15.2   1.03356e-05
15.21   1.03025e-05
15.22   1.02696e-05
15.23   1.02369e-05
15.24   1.02043e-05
15.25   1.0172e-05
15.26   1.01398e-05
15.27   1.01077e-05
15.28   1.00759e-05
15.29   1.00442e-05
15.3   1.00126e-05
15.31   9.98128e-06
15.32   9.95008e-06
15.33   9.91904e-06
15.34   9.88816e-06
15.35   9.85744e-06
15.36   9.82687e-06
15.37   9.79646e-06
15.38   9.7662e-06
15.39   9.73609e-06
15.4   9.70613e-06
15.41   9.67632e-06
15.42   9.64666e-06
15.43   9.61714e-06
15.44   9.58776e-06
15.45   9.55852e-06
15.46   9.52943e-06
15.47   9.50047e-06
15.48   9.47165e-06
15.49   9.44297e-06
15.5   9.41441e-06
15.51   9.386e-06
15.52   9.35771e-06
15.53   9.32955e-06
15.54   9.30152e-06
15.55   9.27362e-06
15.56   9.24585e-06
15.57   9.2182e-06
15.58   9.19067e-06
15.59   9.16326e-06
15.6   9.13597e-06
15.61   9.10881e-06
15.62   9.08176e-06
15.63   9.05482e-06
15.64   9.02801e-06
15.65   9.0013e-06
15.66   8.97471e-06
15.67   8.94823e-06
15.68   8.92186e-06
15.69   8.8956e-06
15.7   8.86945e-06
15.71   8.84341e-06
15.72   8.81747e-06
15.73   8.79163e-06
15.74   8.7659e-06
15.75   8.74027e-06
15.76   8.71474e-06
15.77   8.68931e-06
15.78   8.66398e-06
15.79   8.63875e-06
15.8   8.61361e-06
15.81   8.58857e-06
15.82   8.56363e-06
15.83   8.53878e-06
15.84   8.51402e-06
15.85   8.48935e-06
15.86   8.46477e-06
15.87   8.44028e-06
15.88   8.41589e-06
15.89   8.39157e-06
15.9   8.36735e-06
15.91   8.34321e-06
15.92   8.31915e-06
15.93   8.29518e-06
15.94   8.27129e-06
15.95   8.24749e-06
15.96   8.22376e-06
15.97   8.20012e-06
15.98   8.17655e-06
15.99   8.15306e-06
16   8.12965e-06
16.01   8.10632e-06
16.02   8.08306e-06
16.03   8.05987e-06
16.04   8.03676e-06
16.05   8.01373e-06
16.06   7.99076e-06
16.07   7.96787e-06
16.08   7.94504e-06
16.09   7.92229e-06
16.1   7.89961e-06
16.11   7.87699e-06
16.12   7.85444e-06
16.13   7.83196e-06
16.14   7.80955e-06
16.15   7.7872e-06
16.16   7.76491e-06
16.17   7.74269e-06
16.18   7.72053e-06
16.19   7.69843e-06
16.2   7.6764e-06
16.21   7.65443e-06
16.22   7.63251e-06
16.23   7.61066e-06
16.24   7.58886e-06
16.25   7.56712e-06
16.26   7.54544e-06
16.27   7.52382e-06
16.28   7.50225e-06
16.29   7.48074e-06
16.3   7.45928e-06
16.31   7.43788e-06
16.32   7.41653e-06
16.33   7.39523e-06
16.34   7.37399e-06
16.35   7.3528e-06
16.36   7.33165e-06
16.37   7.31056e-06
16.38   7.28952e-06
16.39   7.26853e-06
16.4   7.24759e-06
16.41   7.22669e-06
16.42   7.20584e-06
16.43   7.18504e-06
16.44   7.16429e-06
16.45   7.14358e-06
16.46   7.12292e-06
16.47   7.1023e-06
16.48   7.08173e-06
16.49   7.0612e-06
16.5   7.04071e-06
16.51   7.02027e-06
16.52   6.99986e-06
16.53   6.97951e-06
16.54   6.95919e-06
16.55   6.93891e-06
16.56   6.91867e-06
16.57   6.89847e-06
16.58   6.87831e-06
16.59   6.85819e-06
16.6   6.83811e-06
16.61   6.81807e-06
16.62   6.79806e-06
16.63   6.77809e-06
16.64   6.75816e-06
16.65   6.73827e-06
16.66   6.7184e-06
16.67   6.69858e-06
16.68   6.67879e-06
16.69   6.65903e-06
16.7   6.63931e-06
16.71   6.61962e-06
16.72   6.59997e-06
16.73   6.58034e-06
16.74   6.56075e-06
16.75   6.5412e-06
16.76   6.52167e-06
16.77   6.50217e-06
16.78   6.48271e-06
16.79   6.46328e-06
16.8   6.44387e-06
16.81   6.4245e-06
16.82   6.40515e-06
16.83   6.38584e-06
16.84   6.36655e-06
16.85   6.34729e-06
16.86   6.32806e-06
16.87   6.30886e-06
16.88   6.28969e-06
16.89   6.27054e-06
16.9   6.25142e-06
16.91   6.23232e-06
16.92   6.21325e-06
16.93   6.19421e-06
16.94   6.17519e-06
16.95   6.1562e-06
16.96   6.13723e-06
16.97   6.11829e-06
16.98   6.09937e-06
16.99   6.08048e-06
17   6.06161e-06
17.01   6.04276e-06
17.02   6.02394e-06
17.03   6.00514e-06
17.04   5.98636e-06
17.05   5.96761e-06
17.06   5.94887e-06
17.07   5.93016e-06
17.08   5.91147e-06
17.09   5.8928e-06
17.1   5.87416e-06
17.11   5.85553e-06
17.12   5.83693e-06
17.13   5.81834e-06
17.14   5.79978e-06
17.15   5.78123e-06
17.16   5.76271e-06
17.17   5.7442e-06
17.18   5.72572e-06
17.19   5.70725e-06
17.2   5.68881e-06
17.21   5.67038e-06
17.22   5.65197e-06
17.23   5.63358e-06
17.24   5.61521e-06
17.25   5.59685e-06
17.26   5.57852e-06
17.27   5.5602e-06
17.28   5.5419e-06
17.29   5.52361e-06
17.3   5.50535e-06
17.31   5.4871e-06
17.32   5.46886e-06
17.33   5.45065e-06
17.34   5.43245e-06
17.35   5.41427e-06
17.36   5.3961e-06
17.37   5.37795e-06
17.38   5.35982e-06
17.39   5.3417e-06
17.4   5.3236e-06
17.41   5.30551e-06
17.42   5.28744e-06
17.43   5.26938e-06
17.44   5.25134e-06
17.45   5.23332e-06
17.46   5.21531e-06
17.47   5.19731e-06
17.48   5.17933e-06
17.49   5.16136e-06
17.5   5.14341e-06
17.51   5.12547e-06
17.52   5.10755e-06
17.53   5.08964e-06
17.54   5.07175e-06
17.55   5.05387e-06
17.56   5.036e-06
17.57   5.01815e-06
17.58   5.00031e-06
17.59   4.98249e-06
17.6   4.96468e-06
17.61   4.94688e-06
17.62   4.9291e-06
17.63   4.91133e-06
17.64   4.89358e-06
17.65   4.87583e-06
17.66   4.8581e-06
17.67   4.84039e-06
17.68   4.82269e-06
17.69   4.805e-06
17.7   4.78732e-06
17.71   4.76966e-06
17.72   4.75201e-06
17.73   4.73437e-06
17.74   4.71675e-06
17.75   4.69914e-06
17.76   4.68154e-06
17.77   4.66395e-06
17.78   4.64638e-06
17.79   4.62882e-06
17.8   4.61128e-06
17.81   4.59374e-06
17.82   4.57622e-06
17.83   4.55872e-06
17.84   4.54122e-06
17.85   4.52374e-06
17.86   4.50627e-06
17.87   4.48881e-06
17.88   4.47137e-06
17.89   4.45394e-06
17.9   4.43652e-06
17.91   4.41912e-06
17.92   4.40173e-06
17.93   4.38435e-06
17.94   4.36698e-06
17.95   4.34963e-06
17.96   4.33229e-06
17.97   4.31496e-06
17.98   4.29765e-06
17.99   4.28035e-06
18   4.26306e-06
18.01   4.24579e-06
18.02   4.22852e-06
18.03   4.21128e-06
18.04   4.19404e-06
18.05   4.17682e-06
18.06   4.15961e-06
18.07   4.14241e-06
18.08   4.12523e-06
18.09   4.10806e-06
18.1   4.09091e-06
18.11   4.07377e-06
18.12   4.05664e-06
18.13   4.03953e-06
18.14   4.02243e-06
18.15   4.00534e-06
18.16   3.98827e-06
18.17   3.97121e-06
18.18   3.95416e-06
18.19   3.93713e-06
18.2   3.92012e-06
18.21   3.90311e-06
18.22   3.88613e-06
18.23   3.86915e-06
18.24   3.85219e-06
18.25   3.83525e-06
18.26   3.81832e-06
18.27   3.80141e-06
18.28   3.78451e-06
18.29   3.76762e-06
18.3   3.75075e-06
18.31   3.73389e-06
18.32   3.71706e-06
18.33   3.70023e-06
18.34   3.68342e-06
18.35   3.66663e-06
18.36   3.64985e-06
18.37   3.63309e-06
18.38   3.61634e-06
18.39   3.59961e-06
18.4   3.5829e-06
18.41   3.5662e-06
18.42   3.54952e-06
18.43   3.53285e-06
18.44   3.5162e-06
18.45   3.49957e-06
18.46   3.48295e-06
18.47   3.46636e-06
18.48   3.44977e-06
18.49   3.43321e-06
18.5   3.41666e-06
18.51   3.40013e-06
18.52   3.38362e-06
18.53   3.36713e-06
18.54   3.35065e-06
18.55   3.33419e-06
18.56   3.31775e-06
18.57   3.30133e-06
18.58   3.28492e-06
18.59   3.26854e-06
18.6   3.25217e-06
18.61   3.23582e-06
18.62   3.21949e-06
18.63   3.20318e-06
18.64   3.18689e-06
18.65   3.17062e-06
18.66   3.15437e-06
18.67   3.13814e-06
18.68   3.12193e-06
18.69   3.10574e-06
18.7   3.08956e-06
18.71   3.07341e-06
18.72   3.05728e-06
18.73   3.04117e-06
18.74   3.02508e-06
18.75   3.00901e-06
18.76   2.99297e-06
18.77   2.97694e-06
18.78   2.96094e-06
18.79   2.94495e-06
18.8   2.92899e-06
18.81   2.91305e-06
18.82   2.89714e-06
18.83   2.88124e-06
18.84   2.86537e-06
18.85   2.84952e-06
18.86   2.8337e-06
18.87   2.81789e-06
18.88   2.80211e-06
18.89   2.78636e-06
18.9   2.77063e-06
18.91   2.75492e-06
18.92   2.73923e-06
18.93   2.72357e-06
18.94   2.70794e-06
18.95   2.69233e-06
18.96   2.67674e-06
18.97   2.66118e-06
18.98   2.64564e-06
18.99   2.63013e-06
19   2.61464e-06
19.01   2.59918e-06
19.02   2.58375e-06
19.03   2.56834e-06
19.04   2.55296e-06
19.05   2.53761e-06
19.06   2.52228e-06
19.07   2.50698e-06
19.08   2.4917e-06
19.09   2.47646e-06
19.1   2.46124e-06
19.11   2.44604e-06
19.12   2.43088e-06
19.13   2.41575e-06
19.14   2.40064e-06
19.15   2.38556e-06
19.16   2.37051e-06
19.17   2.35549e-06
19.18   2.3405e-06
19.19   2.32553e-06
19.2   2.3106e-06
19.21   2.2957e-06
19.22   2.28082e-06
19.23   2.26598e-06
19.24   2.25117e-06
19.25   2.23639e-06
19.26   2.22164e-06
19.27   2.20692e-06
19.28   2.19223e-06
19.29   2.17757e-06
19.3   2.16295e-06
19.31   2.14835e-06
19.32   2.13379e-06
19.33   2.11926e-06
19.34   2.10476e-06
19.35   2.0903e-06
19.36   2.07587e-06
19.37   2.06147e-06
19.38   2.04711e-06
19.39   2.03278e-06
19.4   2.01848e-06
19.41   2.00422e-06
19.42   1.98999e-06
19.43   1.9758e-06
19.44   1.96164e-06
19.45   1.94751e-06
19.46   1.93342e-06
19.47   1.91937e-06
19.48   1.90535e-06
19.49   1.89137e-06
19.5   1.87743e-06
19.51   1.86352e-06
19.52   1.84964e-06
19.53   1.83581e-06
19.54   1.82201e-06
19.55   1.80824e-06
19.56   1.79452e-06
19.57   1.78083e-06
19.58   1.76718e-06
19.59   1.75357e-06
19.6   1.74e-06
19.61   1.72646e-06
19.62   1.71297e-06
19.63   1.69951e-06
19.64   1.68609e-06
19.65   1.67271e-06
19.66   1.65937e-06
19.67   1.64607e-06
19.68   1.63282e-06
19.69   1.6196e-06
19.7   1.60642e-06
19.71   1.59328e-06
19.72   1.58018e-06
19.73   1.56713e-06
19.74   1.55411e-06
19.75   1.54114e-06
19.76   1.52821e-06
19.77   1.51532e-06
19.78   1.50247e-06
19.79   1.48967e-06
19.8   1.47691e-06
19.81   1.46419e-06
19.82   1.45151e-06
19.83   1.43888e-06
19.84   1.42629e-06
19.85   1.41375e-06
19.86   1.40125e-06
19.87   1.38879e-06
19.88   1.37638e-06
19.89   1.36401e-06
19.9   1.35169e-06
19.91   1.33941e-06
19.92   1.32718e-06
19.93   1.31499e-06
19.94   1.30285e-06
19.95   1.29075e-06
19.96   1.27871e-06
19.97   1.2667e-06
19.98   1.25475e-06
19.99   1.24284e-06
20   1.23097e-06
20.01   1.21916e-06
20.02   1.20739e-06
20.03   1.19567e-06
20.04   1.184e-06
20.05   1.17237e-06
20.06   1.1608e-06
20.07   1.14927e-06
20.08   1.13779e-06
20.09   1.12636e-06
20.1   1.11498e-06
20.11   1.10364e-06
20.12   1.09236e-06
20.13   1.08113e-06
20.14   1.06994e-06
20.15   1.05881e-06
20.16   1.04773e-06
20.17   1.03669e-06
20.18   1.02571e-06
20.19   1.01478e-06
20.2   1.0039e-06
20.21   9.93069e-07
20.22   9.82291e-07
20.23   9.71564e-07
20.24   9.6089e-07
20.25   9.50267e-07
20.26   9.39697e-07
20.27   9.29179e-07
20.28   9.18713e-07
20.29   9.083e-07
20.3   8.9794e-07
20.31   8.87633e-07
20.32   8.7738e-07
20.33   8.67179e-07
20.34   8.57033e-07
20.35   8.4694e-07
20.36   8.36901e-07
20.37   8.26917e-07
20.38   8.16986e-07
20.39   8.07111e-07
20.4   7.9729e-07
20.41   7.87523e-07
20.42   7.77812e-07
20.43   7.68156e-07
20.44   7.58556e-07
20.45   7.49011e-07
20.46   7.39522e-07
20.47   7.30088e-07
20.48   7.20711e-07
20.49   7.1139e-07
20.5   7.02125e-07
20.51   6.92917e-07
20.52   6.83765e-07
20.53   6.74671e-07
20.54   6.65633e-07
20.55   6.56652e-07
20.56   6.47729e-07
20.57   6.38864e-07
20.58   6.30056e-07
20.59   6.21305e-07
20.6   6.12613e-07
20.61   6.03979e-07
20.62   5.95403e-07
20.63   5.86885e-07
20.64   5.78426e-07
20.65   5.70025e-07
20.66   5.61684e-07
20.67   5.53401e-07
20.68   5.45177e-07
20.69   5.37013e-07
20.7   5.28908e-07
20.71   5.20862e-07
20.72   5.12877e-07
20.73   5.0495e-07
20.74   4.97084e-07
20.75   4.89278e-07
20.76   4.81532e-07
20.77   4.73846e-07
20.78   4.6622e-07
20.79   4.58655e-07
20.8   4.51151e-07
20.81   4.43708e-07
20.82   4.36325e-07
20.83   4.29003e-07
20.84   4.21743e-07
20.85   4.14543e-07
20.86   4.07405e-07
20.87   4.00329e-07
20.88   3.93314e-07
20.89   3.86361e-07
20.9   3.79469e-07
20.91   3.72639e-07
20.92   3.65872e-07
20.93   3.59166e-07
20.94   3.52523e-07
20.95   3.45942e-07
20.96   3.39423e-07
20.97   3.32967e-07
20.98   3.26573e-07
20.99   3.20243e-07
21   3.13974e-07
21.01   3.07769e-07
21.02   3.01627e-07
21.03   2.95547e-07
21.04   2.89531e-07
21.05   2.83578e-07
21.06   2.77689e-07
21.07   2.71862e-07
21.08   2.66099e-07
21.09   2.604e-07
21.1   2.54764e-07
21.11   2.49193e-07
21.12   2.43684e-07
21.13   2.3824e-07
21.14   2.32859e-07
21.15   2.27543e-07
21.16   2.2229e-07
21.17   2.17102e-07
21.18   2.11978e-07
21.19   2.06918e-07
21.2   2.01923e-07
21.21   1.96992e-07
21.22   1.92125e-07
21.23   1.87323e-07
21.24   1.82585e-07
21.25   1.77912e-07
21.26   1.73304e-07
21.27   1.6876e-07
21.28   1.64281e-07
21.29   1.59867e-07
21.3   1.55518e-07
21.31   1.51234e-07
21.32   1.47015e-07
21.33   1.42861e-07
21.34   1.38772e-07
21.35   1.34748e-07
21.36   1.3079e-07
21.37   1.26896e-07
21.38   1.23068e-07
21.39   1.19305e-07
21.4   1.15608e-07
21.41   1.11976e-07
21.42   1.08409e-07
21.43   1.04908e-07
21.44   1.01473e-07
21.45   9.81029e-08
21.46   9.47986e-08
21.47   9.15599e-08
21.48   8.83869e-08
21.49   8.52797e-08
21.5   8.22382e-08
21.51   7.92625e-08
21.52   7.63526e-08
21.53   7.35086e-08
21.54   7.07305e-08
21.55   6.80183e-08
21.56   6.53721e-08
21.57   6.27919e-08
21.58   6.02778e-08
21.59   5.78297e-08
21.6   5.54477e-08
21.61   5.31319e-08
21.62   5.08823e-08
21.63   4.86989e-08
21.64   4.65817e-08
21.65   4.45308e-08
21.66   4.25463e-08
21.67   4.06281e-08
21.68   3.87763e-08
21.69   3.69909e-08
21.7   3.52721e-08
21.71   3.36197e-08
21.72   3.20339e-08
21.73   3.05147e-08
21.74   2.90622e-08
21.75   2.76763e-08
21.76   2.63572e-08
21.77   2.51049e-08
21.78   2.39194e-08
21.79   2.28008e-08
21.8   2.17491e-08
21.81   2.07644e-08
21.82   1.98468e-08
21.83   1.89962e-08
21.84   1.82129e-08
21.85   1.74967e-08
21.86   1.68479e-08
21.87   1.62664e-08
21.88   1.57524e-08
21.89   1.53058e-08
21.9   1.49269e-08
21.91   1.46156e-08
21.92   1.4372e-08
21.93   1.41963e-08
21.94   1.40885e-08
21.95   1.40487e-08
21.96   1.40771e-08
21.97   1.41737e-08
21.98   1.43385e-08
21.99   1.45719e-08
22   1.48738e-08
22.01   1.52443e-08
