0.4   17.0011
0.6   -24.665
0.8   -39.2477
1   -45.9969
1.2   -49.6624
1.4   -51.8717
1.6   -53.3046
1.8   -54.2855
2   -54.9854
2.2   -55.5009
2.4   -55.89
2.6   -56.1888
2.8   -56.4207
3   -56.6009
3.2   -56.7394
3.4   -56.8422
3.6   -56.9126
3.8   -56.9512
4   -56.9566
4.2   -56.9246
4.4   -56.8483
4.6   -56.7177
4.8   -56.5187
5   -56.2319
5.2   -55.8323
5.4   -55.2874
5.6   -54.5565
5.8   -53.5901
6   -52.3309
6.2   -50.7163
6.4   -48.6843
6.6   -46.1839
6.8   -43.1883
7   -39.711
7.2   -35.8182
7.4   -31.6323
7.6   -27.3215
7.8   -23.0745
8   -19.0693
8.2   -15.4446
8.4   -12.2847
8.6   -9.61852
8.8   -7.43037
9   -5.67508
9.2   -4.29273
9.4   -3.21989
9.6   -2.39676
9.8   -1.77087
10   -1.29829
10.2   -0.943443
10.4   -0.678189
10.6   -0.480656
10.8   -0.334048
11   -0.225582
11.2   -0.145597
11.4   -0.0868307
11.6   -0.0438384
11.8   -0.0125539
12   0.0100549
12.2   0.0262447
12.4   0.0376933
12.6   0.0456466
12.8   0.0510289
13   0.0545253
13.2   0.0566434
13.4   0.0577588
13.6   0.058149
13.8   0.0580192
14   0.0575205
14.2   0.0567641
14.4   0.0558318
14.6   0.0547833
14.8   0.0536625
15   0.0525009
15.2   0.0513215
