0.02   -44.9994
0.03   -44.9994
0.04   -44.9994
0.05   -44.9994
0.06   -44.9993
0.07   -44.9993
0.08   -44.9993
0.09   -44.9993
0.1   -44.9993
0.11   -44.9993
0.12   -44.9993
0.13   -44.9993
0.14   -44.9993
0.15   -44.9993
0.16   -44.9992
0.17   -44.9992
0.18   -44.9992
0.19   -44.9992
0.2   -44.9992
0.21   -44.9992
0.22   -44.9992
0.23   -44.9992
0.24   -44.9991
0.25   -44.9991
0.26   -44.9991
0.27   -44.9991
0.28   -44.9991
0.29   -44.9991
0.3   -44.9991
0.31   -44.9991
0.32   -44.999
0.33   -44.999
0.34   -44.999
0.35   -44.999
0.36   -44.999
0.37   -44.999
0.38   -44.9989
0.39   -44.9989
0.4   -44.9989
0.41   -44.9989
0.42   -44.9989
0.43   -44.9989
0.44   -44.9988
0.45   -44.9988
0.46   -44.9988
0.47   -44.9988
0.48   -44.9988
0.49   -44.9988
0.5   -44.9987
0.51   -44.9987
0.52   -44.9987
0.53   -44.9987
0.54   -44.9987
0.55   -44.9986
0.56   -44.9986
0.57   -44.9986
0.58   -44.9986
0.59   -44.9986
0.6   -44.9985
0.61   -44.9985
0.62   -44.9985
0.63   -44.9985
0.64   -44.9984
0.65   -44.9984
0.66   -44.9984
0.67   -44.9984
0.68   -44.9984
0.69   -44.9983
0.7   -44.9983
0.71   -44.9983
0.72   -44.9983
0.73   -44.9982
0.74   -44.9982
0.75   -44.9982
0.76   -44.9981
0.77   -44.9981
0.78   -44.9981
0.79   -44.9981
0.8   -44.998
0.81   -44.998
0.82   -44.998
0.83   -44.9979
0.84   -44.9979
0.85   -44.9979
0.86   -44.9978
0.87   -44.9978
0.88   -44.9978
0.89   -44.9977
0.9   -44.9977
0.91   -44.9977
0.92   -44.9976
0.93   -44.9976
0.94   -44.9976
0.95   -44.9975
0.96   -44.9975
0.97   -44.9975
0.98   -44.9974
0.99   -44.9974
1   -44.9973
1.01   -44.9973
1.02   -44.9973
1.03   -44.9972
1.04   -44.9972
1.05   -44.9971
1.06   -44.9971
1.07   -44.9971
1.08   -44.997
1.09   -44.997
1.1   -44.9969
1.11   -44.9969
1.12   -44.9968
1.13   -44.9968
1.14   -44.9967
1.15   -44.9967
1.16   -44.9966
1.17   -44.9966
1.18   -44.9965
1.19   -44.9965
1.2   -44.9964
1.21   -44.9964
1.22   -44.9963
1.23   -44.9963
1.24   -44.9962
1.25   -44.9961
1.26   -44.9961
1.27   -44.996
1.28   -44.996
1.29   -44.9959
1.3   -44.9958
1.31   -44.9958
1.32   -44.9957
1.33   -44.9957
1.34   -44.9956
1.35   -44.9955
1.36   -44.9955
1.37   -44.9954
1.38   -44.9953
1.39   -44.9953
1.4   -44.9952
1.41   -44.9951
1.42   -44.995
1.43   -44.995
1.44   -44.9949
1.45   -44.9948
1.46   -44.9947
1.47   -44.9946
1.48   -44.9946
1.49   -44.9945
1.5   -44.9944
1.51   -44.9943
1.52   -44.9942
1.53   -44.9941
1.54   -44.9941
1.55   -44.994
1.56   -44.9939
1.57   -44.9938
1.58   -44.9937
1.59   -44.9936
1.6   -44.9935
1.61   -44.9934
1.62   -44.9933
1.63   -44.9932
1.64   -44.9931
1.65   -44.993
1.66   -44.9929
1.67   -44.9928
1.68   -44.9927
1.69   -44.9926
1.7   -44.9925
1.71   -44.9923
1.72   -44.9922
1.73   -44.9921
1.74   -44.992
1.75   -44.9919
1.76   -44.9918
1.77   -44.9916
1.78   -44.9915
1.79   -44.9914
1.8   -44.9912
1.81   -44.9911
1.82   -44.991
1.83   -44.9908
1.84   -44.9907
1.85   -44.9906
1.86   -44.9904
1.87   -44.9903
1.88   -44.9901
1.89   -44.99
1.9   -44.9898
1.91   -44.9897
1.92   -44.9895
1.93   -44.9894
1.94   -44.9892
1.95   -44.989
1.96   -44.9889
1.97   -44.9887
1.98   -44.9885
1.99   -44.9884
2   -44.9882
2.01   -44.988
2.02   -44.9878
2.03   -44.9877
2.04   -44.9875
2.05   -44.9873
2.06   -44.9871
2.07   -44.9869
2.08   -44.9867
2.09   -44.9865
2.1   -44.9863
2.11   -44.9861
2.12   -44.9859
2.13   -44.9857
2.14   -44.9855
2.15   -44.9852
2.16   -44.985
2.17   -44.9848
2.18   -44.9846
2.19   -44.9843
2.2   -44.9841
2.21   -44.9839
2.22   -44.9836
2.23   -44.9834
2.24   -44.9831
2.25   -44.9829
2.26   -44.9826
2.27   -44.9823
2.28   -44.9821
2.29   -44.9818
2.3   -44.9815
2.31   -44.9813
2.32   -44.981
2.33   -44.9807
2.34   -44.9804
2.35   -44.9801
2.36   -44.9798
2.37   -44.9795
2.38   -44.9792
2.39   -44.9789
2.4   -44.9786
2.41   -44.9782
2.42   -44.9779
2.43   -44.9776
2.44   -44.9772
2.45   -44.9769
2.46   -44.9766
2.47   -44.9762
2.48   -44.9758
2.49   -44.9755
2.5   -44.9751
2.51   -44.9747
2.52   -44.9744
2.53   -44.974
2.54   -44.9736
2.55   -44.9732
2.56   -44.9728
2.57   -44.9724
2.58   -44.972
2.59   -44.9715
2.6   -44.9711
2.61   -44.9707
2.62   -44.9702
2.63   -44.9698
2.64   -44.9693
2.65   -44.9689
2.66   -44.9684
2.67   -44.9679
2.68   -44.9675
2.69   -44.967
2.7   -44.9665
2.71   -44.966
2.72   -44.9655
2.73   -44.9649
2.74   -44.9644
2.75   -44.9639
2.76   -44.9633
2.77   -44.9628
2.78   -44.9622
2.79   -44.9616
2.8   -44.9611
2.81   -44.9605
2.82   -44.9599
2.83   -44.9593
2.84   -44.9587
2.85   -44.9581
2.86   -44.9574
2.87   -44.9568
2.88   -44.9561
2.89   -44.9555
2.9   -44.9548
2.91   -44.9541
2.92   -44.9534
2.93   -44.9527
2.94   -44.952
2.95   -44.9513
2.96   -44.9506
2.97   -44.9498
2.98   -44.9491
2.99   -44.9483
3   -44.9475
3.01   -44.9468
3.02   -44.946
3.03   -44.9451
3.04   -44.9443
3.05   -44.9435
3.06   -44.9426
3.07   -44.9418
3.08   -44.9409
3.09   -44.94
3.1   -44.9391
3.11   -44.9382
3.12   -44.9373
3.13   -44.9363
3.14   -44.9354
3.15   -44.9344
3.16   -44.9334
3.17   -44.9324
3.18   -44.9314
3.19   -44.9304
3.2   -44.9293
3.21   -44.9283
3.22   -44.9272
3.23   -44.9261
3.24   -44.925
3.25   -44.9239
3.26   -44.9227
3.27   -44.9216
3.28   -44.9204
3.29   -44.9192
3.3   -44.918
3.31   -44.9167
3.32   -44.9155
3.33   -44.9142
3.34   -44.9129
3.35   -44.9116
3.36   -44.9103
3.37   -44.909
3.38   -44.9076
3.39   -44.9062
3.4   -44.9048
3.41   -44.9034
3.42   -44.9019
3.43   -44.9005
3.44   -44.899
3.45   -44.8974
3.46   -44.8959
3.47   -44.8943
3.48   -44.8928
3.49   -44.8911
3.5   -44.8895
3.51   -44.8879
3.52   -44.8862
3.53   -44.8845
3.54   -44.8827
3.55   -44.881
3.56   -44.8792
3.57   -44.8774
3.58   -44.8755
3.59   -44.8737
3.6   -44.8718
3.61   -44.8699
3.62   -44.8679
3.63   -44.8659
3.64   -44.8639
3.65   -44.8619
3.66   -44.8598
3.67   -44.8577
3.68   -44.8556
3.69   -44.8534
3.7   -44.8512
3.71   -44.849
3.72   -44.8467
3.73   -44.8444
3.74   -44.8421
3.75   -44.8397
3.76   -44.8373
3.77   -44.8349
3.78   -44.8324
3.79   -44.8299
3.8   -44.8274
3.81   -44.8248
3.82   -44.8221
3.83   -44.8195
3.84   -44.8168
3.85   -44.814
3.86   -44.8112
3.87   -44.8084
3.88   -44.8055
3.89   -44.8026
3.9   -44.7997
3.91   -44.7967
3.92   -44.7936
3.93   -44.7906
3.94   -44.7874
3.95   -44.7842
3.96   -44.781
3.97   -44.7777
3.98   -44.7744
3.99   -44.771
4   -44.7676
4.01   -44.7641
4.02   -44.7606
4.03   -44.757
4.04   -44.7534
4.05   -44.7497
4.06   -44.746
4.07   -44.7422
4.08   -44.7383
4.09   -44.7344
4.1   -44.7304
4.11   -44.7264
4.12   -44.7223
4.13   -44.7182
4.14   -44.7139
4.15   -44.7097
4.16   -44.7053
4.17   -44.7009
4.18   -44.6965
4.19   -44.6919
4.2   -44.6873
4.21   -44.6827
4.22   -44.6779
4.23   -44.6731
4.24   -44.6682
4.25   -44.6633
4.26   -44.6583
4.27   -44.6532
4.28   -44.648
4.29   -44.6427
4.3   -44.6374
4.31   -44.632
4.32   -44.6265
4.33   -44.6209
4.34   -44.6153
4.35   -44.6096
4.36   -44.6037
4.37   -44.5978
4.38   -44.5918
4.39   -44.5858
4.4   -44.5796
4.41   -44.5733
4.42   -44.567
4.43   -44.5605
4.44   -44.554
4.45   -44.5473
4.46   -44.5406
4.47   -44.5338
4.48   -44.5268
4.49   -44.5198
4.5   -44.5126
4.51   -44.5054
4.52   -44.498
4.53   -44.4906
4.54   -44.483
4.55   -44.4753
4.56   -44.4675
4.57   -44.4596
4.58   -44.4516
4.59   -44.4434
4.6   -44.4352
4.61   -44.4268
4.62   -44.4183
4.63   -44.4097
4.64   -44.4009
4.65   -44.392
4.66   -44.383
4.67   -44.3738
4.68   -44.3646
4.69   -44.3551
4.7   -44.3456
4.71   -44.3359
4.72   -44.3261
4.73   -44.3161
4.74   -44.3059
4.75   -44.2957
4.76   -44.2853
4.77   -44.2747
4.78   -44.2639
4.79   -44.2531
4.8   -44.242
4.81   -44.2308
4.82   -44.2195
4.83   -44.2079
4.84   -44.1962
4.85   -44.1844
4.86   -44.1723
4.87   -44.1601
4.88   -44.1477
4.89   -44.1351
4.9   -44.1224
4.91   -44.1095
4.92   -44.0963
4.93   -44.083
4.94   -44.0695
4.95   -44.0558
4.96   -44.0419
4.97   -44.0278
4.98   -44.0135
4.99   -43.999
5   -43.9843
5.01   -43.9694
5.02   -43.9543
5.03   -43.9389
5.04   -43.9233
5.05   -43.9075
5.06   -43.8915
5.07   -43.8753
5.08   -43.8588
5.09   -43.842
5.1   -43.8251
5.11   -43.8079
5.12   -43.7904
5.13   -43.7728
5.14   -43.7548
5.15   -43.7366
5.16   -43.7182
5.17   -43.6994
5.18   -43.6805
5.19   -43.6612
5.2   -43.6417
5.21   -43.6219
5.22   -43.6018
5.23   -43.5814
5.24   -43.5608
5.25   -43.5398
5.26   -43.5186
5.27   -43.4971
5.28   -43.4752
5.29   -43.4531
5.3   -43.4307
5.31   -43.4079
5.32   -43.3848
5.33   -43.3614
5.34   -43.3377
5.35   -43.3136
5.36   -43.2892
5.37   -43.2645
5.38   -43.2394
5.39   -43.214
5.4   -43.1882
5.41   -43.1621
5.42   -43.1356
5.43   -43.1087
5.44   -43.0815
5.45   -43.0539
5.46   -43.0259
5.47   -42.9976
5.48   -42.9688
5.49   -42.9397
5.5   -42.9101
5.51   -42.8802
5.52   -42.8498
5.53   -42.8191
5.54   -42.7879
5.55   -42.7563
5.56   -42.7242
5.57   -42.6918
5.58   -42.6589
5.59   -42.6255
5.6   -42.5917
5.61   -42.5575
5.62   -42.5228
5.63   -42.4876
5.64   -42.452
5.65   -42.4158
5.66   -42.3792
5.67   -42.3422
5.68   -42.3046
5.69   -42.2665
5.7   -42.2279
5.71   -42.1889
5.72   -42.1493
5.73   -42.1092
5.74   -42.0685
5.75   -42.0273
5.76   -41.9856
5.77   -41.9434
5.78   -41.9006
5.79   -41.8572
5.8   -41.8133
5.81   -41.7689
5.82   -41.7238
5.83   -41.6782
5.84   -41.632
5.85   -41.5852
5.86   -41.5378
5.87   -41.4898
5.88   -41.4411
5.89   -41.3919
5.9   -41.3421
5.91   -41.2916
5.92   -41.2405
5.93   -41.1888
5.94   -41.1364
5.95   -41.0833
5.96   -41.0296
5.97   -40.9753
5.98   -40.9202
5.99   -40.8645
6   -40.8081
6.01   -40.751
6.02   -40.6933
6.03   -40.6348
6.04   -40.5756
6.05   -40.5157
6.06   -40.4551
6.07   -40.3937
6.08   -40.3316
6.09   -40.2688
6.1   -40.2053
6.11   -40.1409
6.12   -40.0759
6.13   -40.01
6.14   -39.9434
6.15   -39.8761
6.16   -39.8079
6.17   -39.7389
6.18   -39.6692
6.19   -39.5987
6.2   -39.5273
6.21   -39.4552
6.22   -39.3822
6.23   -39.3084
6.24   -39.2338
6.25   -39.1583
6.26   -39.082
6.27   -39.0049
6.28   -38.9269
6.29   -38.8481
6.3   -38.7684
6.31   -38.6878
6.32   -38.6064
6.33   -38.5241
6.34   -38.4409
6.35   -38.3568
6.36   -38.2719
6.37   -38.186
6.38   -38.0993
6.39   -38.0116
6.4   -37.9231
6.41   -37.8336
6.42   -37.7432
6.43   -37.6519
6.44   -37.5597
6.45   -37.4665
6.46   -37.3724
6.47   -37.2774
6.48   -37.1815
6.49   -37.0846
6.5   -36.9867
6.51   -36.888
6.52   -36.7882
6.53   -36.6876
6.54   -36.5859
6.55   -36.4834
6.56   -36.3798
6.57   -36.2753
6.58   -36.1699
6.59   -36.0635
6.6   -35.9561
6.61   -35.8478
6.62   -35.7385
6.63   -35.6282
6.64   -35.517
6.65   -35.4048
6.66   -35.2916
6.67   -35.1775
6.68   -35.0624
6.69   -34.9464
6.7   -34.8294
6.71   -34.7114
6.72   -34.5925
6.73   -34.4726
6.74   -34.3517
6.75   -34.2299
6.76   -34.1072
6.77   -33.9835
6.78   -33.8588
6.79   -33.7332
6.8   -33.6067
6.81   -33.4793
6.82   -33.3509
6.83   -33.2215
6.84   -33.0913
6.85   -32.9601
6.86   -32.8281
6.87   -32.6951
6.88   -32.5612
6.89   -32.4264
6.9   -32.2907
6.91   -32.1542
6.92   -32.0167
6.93   -31.8784
6.94   -31.7393
6.95   -31.5992
6.96   -31.4584
6.97   -31.3167
6.98   -31.1741
6.99   -31.0307
7   -30.8866
7.01   -30.7416
7.02   -30.5958
7.03   -30.4492
7.04   -30.3019
7.05   -30.1538
7.06   -30.0049
7.07   -29.8553
7.08   -29.705
7.09   -29.554
7.1   -29.4022
7.11   -29.2498
7.12   -29.0966
7.13   -28.9428
7.14   -28.7883
7.15   -28.6332
7.16   -28.4775
7.17   -28.3211
7.18   -28.1641
7.19   -28.0066
7.2   -27.8484
7.21   -27.6897
7.22   -27.5305
7.23   -27.3707
7.24   -27.2104
7.25   -27.0496
7.26   -26.8883
7.27   -26.7266
7.28   -26.5643
7.29   -26.4017
7.3   -26.2386
7.31   -26.0752
7.32   -25.9113
7.33   -25.7471
7.34   -25.5825
7.35   -25.4175
7.36   -25.2523
7.37   -25.0868
7.38   -24.9209
7.39   -24.7548
7.4   -24.5885
7.41   -24.4219
7.42   -24.2551
7.43   -24.0881
7.44   -23.921
7.45   -23.7537
7.46   -23.5862
7.47   -23.4186
7.48   -23.251
7.49   -23.0832
7.5   -22.9154
7.51   -22.7475
7.52   -22.5796
7.53   -22.4117
7.54   -22.2438
7.55   -22.0759
7.56   -21.9081
7.57   -21.7403
7.58   -21.5727
7.59   -21.4051
7.6   -21.2376
7.61   -21.0703
7.62   -20.9032
7.63   -20.7362
7.64   -20.5694
7.65   -20.4029
7.66   -20.2365
7.67   -20.0704
7.68   -19.9046
7.69   -19.7391
7.7   -19.5739
7.71   -19.409
7.72   -19.2444
7.73   -19.0802
7.74   -18.9163
7.75   -18.7529
7.76   -18.5898
7.77   -18.4272
7.78   -18.265
7.79   -18.1033
7.8   -17.942
7.81   -17.7813
7.82   -17.621
7.83   -17.4612
7.84   -17.302
7.85   -17.1433
7.86   -16.9852
7.87   -16.8277
7.88   -16.6708
7.89   -16.5144
7.9   -16.3587
7.91   -16.2036
7.92   -16.0492
7.93   -15.8954
7.94   -15.7423
7.95   -15.5899
7.96   -15.4382
7.97   -15.2871
7.98   -15.1369
7.99   -14.9873
8   -14.8385
8.01   -14.6904
8.02   -14.5431
8.03   -14.3966
8.04   -14.2509
8.05   -14.1059
8.06   -13.9618
8.07   -13.8185
8.08   -13.676
8.09   -13.5343
8.1   -13.3935
8.11   -13.2535
8.12   -13.1144
8.13   -12.9761
8.14   -12.8387
8.15   -12.7022
8.16   -12.5666
8.17   -12.4318
8.18   -12.298
8.19   -12.1651
8.2   -12.033
8.21   -11.9019
8.22   -11.7717
8.23   -11.6424
8.24   -11.5141
8.25   -11.3867
8.26   -11.2602
8.27   -11.1347
8.28   -11.0101
8.29   -10.8864
8.3   -10.7637
8.31   -10.642
8.32   -10.5212
8.33   -10.4013
8.34   -10.2825
8.35   -10.1645
8.36   -10.0476
8.37   -9.93158
8.38   -9.81654
8.39   -9.70247
8.4   -9.58936
8.41   -9.47722
8.42   -9.36604
8.43   -9.25582
8.44   -9.14657
8.45   -9.03829
8.46   -8.93096
8.47   -8.8246
8.48   -8.7192
8.49   -8.61476
8.5   -8.51127
8.51   -8.40874
8.52   -8.30717
8.53   -8.20654
8.54   -8.10687
8.55   -8.00814
8.56   -7.91036
8.57   -7.81352
8.58   -7.71762
8.59   -7.62265
8.6   -7.52862
8.61   -7.43552
8.62   -7.34334
8.63   -7.25208
8.64   -7.16174
8.65   -7.07232
8.66   -6.98381
8.67   -6.8962
8.68   -6.8095
8.69   -6.72369
8.7   -6.63878
8.71   -6.55475
8.72   -6.47161
8.73   -6.38935
8.74   -6.30796
8.75   -6.22745
8.76   -6.14779
8.77   -6.069
8.78   -5.99106
8.79   -5.91397
8.8   -5.83772
8.81   -5.76231
8.82   -5.68774
8.83   -5.61399
8.84   -5.54106
8.85   -5.46895
8.86   -5.39765
8.87   -5.32715
8.88   -5.25745
8.89   -5.18854
8.9   -5.12042
8.91   -5.05309
8.92   -4.98652
8.93   -4.92073
8.94   -4.8557
8.95   -4.79142
8.96   -4.72789
8.97   -4.66511
8.98   -4.60307
8.99   -4.54176
9   -4.48118
9.01   -4.42131
9.02   -4.36216
9.03   -4.30372
9.04   -4.24598
9.05   -4.18893
9.06   -4.13257
9.07   -4.0769
9.08   -4.0219
9.09   -3.96757
9.1   -3.9139
9.11   -3.8609
9.12   -3.80854
9.13   -3.75683
9.14   -3.70576
9.15   -3.65532
9.16   -3.6055
9.17   -3.55631
9.18   -3.50773
9.19   -3.45976
9.2   -3.41239
9.21   -3.36562
9.22   -3.31944
9.23   -3.27384
9.24   -3.22882
9.25   -3.18437
9.26   -3.14049
9.27   -3.09717
9.28   -3.0544
9.29   -3.01218
9.3   -2.9705
9.31   -2.92936
9.32   -2.88875
9.33   -2.84866
9.34   -2.80909
9.35   -2.77004
9.36   -2.73149
9.37   -2.69345
9.38   -2.6559
9.39   -2.61885
9.4   -2.58228
9.41   -2.54618
9.42   -2.51057
9.43   -2.47542
9.44   -2.44074
9.45   -2.40651
9.46   -2.37274
9.47   -2.33942
9.48   -2.30654
9.49   -2.27409
9.5   -2.24208
9.51   -2.2105
9.52   -2.17934
9.53   -2.14859
9.54   -2.11826
9.55   -2.08834
9.56   -2.05881
9.57   -2.02969
9.58   -2.00096
9.59   -1.97261
9.6   -1.94465
9.61   -1.91707
9.62   -1.88986
9.63   -1.86302
9.64   -1.83655
9.65   -1.81044
9.66   -1.78468
9.67   -1.75928
9.68   -1.73422
9.69   -1.7095
9.7   -1.68512
9.71   -1.66108
9.72   -1.63737
9.73   -1.61398
9.74   -1.59092
9.75   -1.56817
9.76   -1.54574
9.77   -1.52361
9.78   -1.50179
9.79   -1.48028
9.8   -1.45906
9.81   -1.43813
9.82   -1.4175
9.83   -1.39715
9.84   -1.37709
9.85   -1.3573
9.86   -1.33779
9.87   -1.31855
9.88   -1.29958
9.89   -1.28088
9.9   -1.26244
9.91   -1.24425
9.92   -1.22632
9.93   -1.20864
9.94   -1.19121
9.95   -1.17402
9.96   -1.15708
9.97   -1.14037
9.98   -1.1239
9.99   -1.10766
10   -1.09165
10.01   -1.07586
10.02   -1.0603
10.03   -1.04495
10.04   -1.02983
10.05   -1.01492
10.06   -1.00021
10.07   -0.985722
10.08   -0.971434
10.09   -0.957349
10.1   -0.943463
10.11   -0.929775
10.12   -0.916281
10.13   -0.902979
10.14   -0.889867
10.15   -0.876941
10.16   -0.864199
10.17   -0.851638
10.18   -0.839257
10.19   -0.827052
10.2   -0.815022
10.21   -0.803163
10.22   -0.791474
10.23   -0.779952
10.24   -0.768594
10.25   -0.7574
10.26   -0.746365
10.27   -0.735489
10.28   -0.724769
10.29   -0.714202
10.3   -0.703787
10.31   -0.693521
10.32   -0.683403
10.33   -0.67343
10.34   -0.663601
10.35   -0.653913
10.36   -0.644364
10.37   -0.634953
10.38   -0.625677
10.39   -0.616535
10.4   -0.607524
10.41   -0.598644
10.42   -0.589892
10.43   -0.581266
10.44   -0.572764
10.45   -0.564385
10.46   -0.556127
10.47   -0.547989
10.48   -0.539968
10.49   -0.532063
10.5   -0.524273
10.51   -0.516595
10.52   -0.509029
10.53   -0.501572
10.54   -0.494223
10.55   -0.48698
10.56   -0.479843
10.57   -0.472809
10.58   -0.465877
10.59   -0.459046
10.6   -0.452313
10.61   -0.445679
10.62   -0.439141
10.63   -0.432698
10.64   -0.426348
10.65   -0.420091
10.66   -0.413925
10.67   -0.407848
10.68   -0.40186
10.69   -0.395959
10.7   -0.390144
10.71   -0.384414
10.72   -0.378767
10.73   -0.373202
10.74   -0.367718
10.75   -0.362315
10.76   -0.35699
10.77   -0.351742
10.78   -0.346572
10.79   -0.341476
10.8   -0.336455
10.81   -0.331508
10.82   -0.326632
10.83   -0.321828
10.84   -0.317094
10.85   -0.312429
10.86   -0.307832
10.87   -0.303302
10.88   -0.298839
10.89   -0.294441
10.9   -0.290107
10.91   -0.285836
10.92   -0.281628
10.93   -0.277482
10.94   -0.273396
10.95   -0.26937
10.96   -0.265403
10.97   -0.261494
10.98   -0.257642
10.99   -0.253847
11   -0.250107
11.01   -0.246422
11.02   -0.242791
11.03   -0.239213
11.04   -0.235688
11.05   -0.232215
11.06   -0.228792
11.07   -0.225419
11.08   -0.222096
11.09   -0.218822
11.1   -0.215596
11.11   -0.212417
11.12   -0.209285
11.13   -0.206199
11.14   -0.203158
11.15   -0.200161
11.16   -0.197209
11.17   -0.1943
11.18   -0.191434
11.19   -0.18861
11.2   -0.185827
11.21   -0.183085
11.22   -0.180384
11.23   -0.177722
11.24   -0.1751
11.25   -0.172516
11.26   -0.169969
11.27   -0.167461
11.28   -0.164989
11.29   -0.162554
11.3   -0.160154
11.31   -0.15779
11.32   -0.15546
11.33   -0.153165
11.34   -0.150904
11.35   -0.148675
11.36   -0.14648
11.37   -0.144317
11.38   -0.142186
11.39   -0.140086
11.4   -0.138017
11.41   -0.135978
11.42   -0.13397
11.43   -0.131991
11.44   -0.130041
11.45   -0.12812
11.46   -0.126228
11.47   -0.124363
11.48   -0.122525
11.49   -0.120715
11.5   -0.118931
11.51   -0.117174
11.52   -0.115443
11.53   -0.113737
11.54   -0.112056
11.55   -0.1104
11.56   -0.108768
11.57   -0.107161
11.58   -0.105577
11.59   -0.104017
11.6   -0.102479
11.61   -0.100964
11.62   -0.099472
11.63   -0.0980016
11.64   -0.0965529
11.65   -0.0951255
11.66   -0.0937192
11.67   -0.0923336
11.68   -0.0909685
11.69   -0.0896236
11.7   -0.0882984
11.71   -0.0869929
11.72   -0.0857066
11.73   -0.0844392
11.74   -0.0831906
11.75   -0.0819604
11.76   -0.0807484
11.77   -0.0795543
11.78   -0.0783778
11.79   -0.0772186
11.8   -0.0760766
11.81   -0.0749514
11.82   -0.0738429
11.83   -0.0727507
11.84   -0.0716747
11.85   -0.0706145
11.86   -0.06957
11.87   -0.0685409
11.88   -0.067527
11.89   -0.0665281
11.9   -0.065544
11.91   -0.0645744
11.92   -0.0636191
11.93   -0.0626779
11.94   -0.0617506
11.95   -0.0608371
11.96   -0.059937
11.97   -0.0590502
11.98   -0.0581765
11.99   -0.0573158
12   -0.0564677
12.01   -0.0556322
12.02   -0.0548091
12.03   -0.0539981
12.04   -0.0531991
12.05   -0.0524119
12.06   -0.0516363
12.07   -0.0508722
12.08   -0.0501194
12.09   -0.0493777
12.1   -0.048647
12.11   -0.0479271
12.12   -0.0472178
12.13   -0.046519
12.14   -0.0458306
12.15   -0.0451523
12.16   -0.044484
12.17   -0.0438257
12.18   -0.043177
12.19   -0.042538
12.2   -0.0419084
12.21   -0.0412881
12.22   -0.040677
12.23   -0.0400749
12.24   -0.0394817
12.25   -0.0388974
12.26   -0.0383216
12.27   -0.0377544
12.28   -0.0371955
12.29   -0.0366449
12.3   -0.0361025
12.31   -0.0355681
12.32   -0.0350415
12.33   -0.0345228
12.34   -0.0340118
12.35   -0.0335083
12.36   -0.0330122
12.37   -0.0325235
12.38   -0.032042
12.39   -0.0315677
12.4   -0.0311003
12.41   -0.0306399
12.42   -0.0301863
12.43   -0.0297394
12.44   -0.0292991
12.45   -0.0288653
12.46   -0.028438
12.47   -0.028017
12.48   -0.0276022
12.49   -0.0271935
12.5   -0.0267909
12.51   -0.0263942
12.52   -0.0260034
12.53   -0.0256184
12.54   -0.0252391
12.55   -0.0248654
12.56   -0.0244972
12.57   -0.0241345
12.58   -0.0237772
12.59   -0.0234251
12.6   -0.0230782
12.61   -0.0227365
12.62   -0.0223998
12.63   -0.0220682
12.64   -0.0217414
12.65   -0.0214195
12.66   -0.0211023
12.67   -0.0207898
12.68   -0.020482
12.69   -0.0201787
12.7   -0.0198799
12.71   -0.0195855
12.72   -0.0192955
12.73   -0.0190097
12.74   -0.0187282
12.75   -0.0184509
12.76   -0.0181777
12.77   -0.0179085
12.78   -0.0176433
12.79   -0.017382
12.8   -0.0171246
12.81   -0.016871
12.82   -0.0166211
12.83   -0.016375
12.84   -0.0161325
12.85   -0.0158936
12.86   -0.0156582
12.87   -0.0154263
12.88   -0.0151979
12.89   -0.0149728
12.9   -0.014751
12.91   -0.0145326
12.92   -0.0143174
12.93   -0.0141053
12.94   -0.0138964
12.95   -0.0136906
12.96   -0.0134879
12.97   -0.0132881
12.98   -0.0130913
12.99   -0.0128974
13   -0.0127064
13.01   -0.0125182
13.02   -0.0123328
13.03   -0.0121502
13.04   -0.0119702
13.05   -0.0117929
13.06   -0.0116183
13.07   -0.0114462
13.08   -0.0112767
13.09   -0.0111096
13.1   -0.0109451
13.11   -0.010783
13.12   -0.0106233
13.13   -0.0104659
13.14   -0.0103109
13.15   -0.0101582
13.16   -0.0100077
13.17   -0.00985952
13.18   -0.00971349
13.19   -0.00956962
13.2   -0.00942788
13.21   -0.00928824
13.22   -0.00915066
13.23   -0.00901513
13.24   -0.0088816
13.25   -0.00875005
13.26   -0.00862044
13.27   -0.00849276
13.28   -0.00836697
13.29   -0.00824304
13.3   -0.00812094
13.31   -0.00800066
13.32   -0.00788215
13.33   -0.0077654
13.34   -0.00765038
13.35   -0.00753706
13.36   -0.00742542
13.37   -0.00731544
13.38   -0.00720708
13.39   -0.00710033
13.4   -0.00699515
13.41   -0.00689154
13.42   -0.00678946
13.43   -0.00668889
13.44   -0.00658981
13.45   -0.0064922
13.46   -0.00639604
13.47   -0.0063013
13.48   -0.00620796
13.49   -0.006116
13.5   -0.00602541
13.51   -0.00593616
13.52   -0.00584823
13.53   -0.0057616
13.54   -0.00567625
13.55   -0.00559217
13.56   -0.00550934
13.57   -0.00542773
13.58   -0.00534733
13.59   -0.00526812
13.6   -0.00519009
13.61   -0.00511321
13.62   -0.00503746
13.63   -0.00496284
13.64   -0.00488933
13.65   -0.00481691
13.66   -0.00474555
13.67   -0.00467526
13.68   -0.004606
13.69   -0.00453777
13.7   -0.00447055
13.71   -0.00440433
13.72   -0.00433909
13.73   -0.00427481
13.74   -0.00421149
13.75   -0.00414911
13.76   -0.00408764
13.77   -0.00402709
13.78   -0.00396744
13.79   -0.00390867
13.8   -0.00385077
13.81   -0.00379373
13.82   -0.00373753
13.83   -0.00368216
13.84   -0.00362762
13.85   -0.00357388
13.86   -0.00352094
13.87   -0.00346878
13.88   -0.0034174
13.89   -0.00336677
13.9   -0.0033169
13.91   -0.00326777
13.92   -0.00321936
13.93   -0.00317167
13.94   -0.00312468
13.95   -0.0030784
13.96   -0.0030328
13.97   -0.00298787
13.98   -0.00294361
13.99   -0.0029
14   -0.00285704
14.01   -0.00281472
14.02   -0.00277302
14.03   -0.00273194
14.04   -0.00269147
14.05   -0.0026516
14.06   -0.00261232
14.07   -0.00257363
14.08   -0.0025355
14.09   -0.00249794
14.1   -0.00246094
14.11   -0.00242448
14.12   -0.00238857
14.13   -0.00235318
14.14   -0.00231832
14.15   -0.00228398
14.16   -0.00225014
14.17   -0.00221681
14.18   -0.00218397
14.19   -0.00215162
14.2   -0.00211975
14.21   -0.00208834
14.22   -0.00205741
14.23   -0.00202693
14.24   -0.0019969
14.25   -0.00196732
14.26   -0.00193818
14.27   -0.00190947
14.28   -0.00188118
14.29   -0.00185331
14.3   -0.00182586
14.31   -0.00179881
14.32   -0.00177216
14.33   -0.00174591
14.34   -0.00172004
14.35   -0.00169456
14.36   -0.00166946
14.37   -0.00164473
14.38   -0.00162036
14.39   -0.00159636
14.4   -0.00157271
14.41   -0.00154941
14.42   -0.00152646
14.43   -0.00150385
14.44   -0.00148157
14.45   -0.00145962
14.46   -0.001438
14.47   -0.00141669
14.48   -0.00139571
14.49   -0.00137503
14.5   -0.00135466
14.51   -0.00133459
14.52   -0.00131482
14.53   -0.00129534
14.54   -0.00127616
14.55   -0.00125725
14.56   -0.00123863
14.57   -0.00122028
14.58   -0.0012022
14.59   -0.00118439
14.6   -0.00116684
14.61   -0.00114956
14.62   -0.00113253
14.63   -0.00111575
14.64   -0.00109922
14.65   -0.00108294
14.66   -0.00106689
14.67   -0.00105109
14.68   -0.00103552
14.69   -0.00102018
14.7   -0.00100506
14.71   -0.000990176
14.72   -0.000975507
14.73   -0.000961056
14.74   -0.000946818
14.75   -0.000932792
14.76   -0.000918973
14.77   -0.000905359
14.78   -0.000891947
14.79   -0.000878734
14.8   -0.000865716
14.81   -0.000852891
14.82   -0.000840256
14.83   -0.000827808
14.84   -0.000815545
14.85   -0.000803463
14.86   -0.00079156
14.87   -0.000779834
14.88   -0.000768281
14.89   -0.0007569
14.9   -0.000745687
14.91   -0.00073464
14.92   -0.000723757
14.93   -0.000713035
14.94   -0.000702472
14.95   -0.000692065
14.96   -0.000681813
14.97   -0.000671712
14.98   -0.000661761
14.99   -0.000651958
15   -0.000642299
15.01   -0.000632784
15.02   -0.00062341
15.03   -0.000614174
15.04   -0.000605076
15.05   -0.000596112
15.06   -0.000587281
15.07   -0.000578581
15.08   -0.000570009
15.09   -0.000561565
15.1   -0.000553246
15.11   -0.00054505
15.12   -0.000536975
15.13   -0.00052902
15.14   -0.000521183
15.15   -0.000513462
15.16   -0.000505856
15.17   -0.000498362
15.18   -0.000490979
15.19   -0.000483705
15.2   -0.000476539
15.21   -0.00046948
15.22   -0.000462525
15.23   -0.000455673
15.24   -0.000448922
15.25   -0.000442272
15.26   -0.00043572
15.27   -0.000429265
15.28   -0.000422905
15.29   -0.00041664
15.3   -0.000410468
15.31   -0.000404387
15.32   -0.000398397
15.33   -0.000392495
15.34   -0.00038668
15.35   -0.000380951
15.36   -0.000375308
15.37   -0.000369748
15.38   -0.00036427
15.39   -0.000358874
15.4   -0.000353557
15.41   -0.00034832
15.42   -0.000343159
15.43   -0.000338076
15.44   -0.000333067
15.45   -0.000328133
15.46   -0.000323272
15.47   -0.000318483
15.48   -0.000313765
15.49   -0.000309117
15.5   -0.000304537
15.51   -0.000300026
15.52   -0.000295581
15.53   -0.000291202
15.54   -0.000286888
15.55   -0.000282638
15.56   -0.000278451
15.57   -0.000274326
15.58   -0.000270262
15.59   -0.000266258
15.6   -0.000262314
15.61   -0.000258427
15.62   -0.000254599
15.63   -0.000250827
15.64   -0.000247111
15.65   -0.000243451
15.66   -0.000239844
15.67   -0.000236291
15.68   -0.00023279
15.69   -0.000229342
15.7   -0.000225944
15.71   -0.000222597
15.72   -0.000219299
15.73   -0.00021605
15.74   -0.00021285
15.75   -0.000209696
15.76   -0.00020659
15.77   -0.000203529
15.78   -0.000200514
15.79   -0.000197544
15.8   -0.000194617
15.81   -0.000191734
15.82   -0.000188894
15.83   -0.000186095
15.84   -0.000183338
15.85   -0.000180622
15.86   -0.000177946
15.87   -0.00017531
15.88   -0.000172713
15.89   -0.000170154
15.9   -0.000167634
15.91   -0.00016515
15.92   -0.000162704
15.93   -0.000160293
15.94   -0.000157919
15.95   -0.000155579
15.96   -0.000153274
15.97   -0.000151004
15.98   -0.000148767
15.99   -0.000146563
16   -0.000144391
16.01   -0.000142252
16.02   -0.000140145
16.03   -0.000138069
16.04   -0.000136023
16.05   -0.000134008
16.06   -0.000132023
16.07   -0.000130067
16.08   -0.00012814
16.09   -0.000126242
16.1   -0.000124372
16.11   -0.000122529
16.12   -0.000120714
16.13   -0.000118926
16.14   -0.000117164
16.15   -0.000115428
16.16   -0.000113718
16.17   -0.000112033
16.18   -0.000110374
16.19   -0.000108739
16.2   -0.000107128
16.21   -0.000105541
16.22   -0.000103977
16.23   -0.000102437
16.24   -0.000100919
16.25   -9.94241e-05
16.26   -9.79512e-05
16.27   -9.65001e-05
16.28   -9.50705e-05
16.29   -9.36621e-05
16.3   -9.22745e-05
16.31   -9.09075e-05
16.32   -8.95608e-05
16.33   -8.8234e-05
16.34   -8.69268e-05
16.35   -8.5639e-05
16.36   -8.43703e-05
16.37   -8.31204e-05
16.38   -8.1889e-05
16.39   -8.06759e-05
16.4   -7.94807e-05
16.41   -7.83033e-05
16.42   -7.71432e-05
16.43   -7.60004e-05
16.44   -7.48745e-05
16.45   -7.37653e-05
16.46   -7.26725e-05
16.47   -7.15959e-05
16.48   -7.05352e-05
16.49   -6.94902e-05
16.5   -6.84608e-05
16.51   -6.74466e-05
16.52   -6.64474e-05
16.53   -6.5463e-05
16.54   -6.44932e-05
16.55   -6.35378e-05
16.56   -6.25965e-05
16.57   -6.16691e-05
16.58   -6.07555e-05
16.59   -5.98555e-05
16.6   -5.89687e-05
16.61   -5.80952e-05
16.62   -5.72345e-05
16.63   -5.63866e-05
16.64   -5.55513e-05
16.65   -5.47283e-05
16.66   -5.39175e-05
16.67   -5.31188e-05
16.68   -5.23318e-05
16.69   -5.15566e-05
16.7   -5.07928e-05
16.71   -5.00403e-05
16.72   -4.9299e-05
16.73   -4.85686e-05
16.74   -4.78491e-05
16.75   -4.71403e-05
16.76   -4.64419e-05
16.77   -4.57539e-05
16.78   -4.50761e-05
16.79   -4.44083e-05
16.8   -4.37504e-05
16.81   -4.31022e-05
16.82   -4.24637e-05
16.83   -4.18346e-05
16.84   -4.12149e-05
16.85   -4.06043e-05
16.86   -4.00028e-05
16.87   -3.94101e-05
16.88   -3.88263e-05
16.89   -3.82511e-05
16.9   -3.76844e-05
16.91   -3.71261e-05
16.92   -3.65761e-05
16.93   -3.60343e-05
16.94   -3.55005e-05
16.95   -3.49745e-05
16.96   -3.44564e-05
16.97   -3.39459e-05
16.98   -3.3443e-05
16.99   -3.29476e-05
17   -3.24595e-05
17.01   -3.19786e-05
17.02   -3.15049e-05
17.03   -3.10382e-05
17.04   -3.05783e-05
17.05   -3.01253e-05
17.06   -2.9679e-05
17.07   -2.92394e-05
17.08   -2.88062e-05
17.09   -2.83794e-05
17.1   -2.7959e-05
17.11   -2.75448e-05
17.12   -2.71367e-05
17.13   -2.67347e-05
17.14   -2.63387e-05
17.15   -2.59485e-05
17.16   -2.55641e-05
17.17   -2.51853e-05
17.18   -2.48122e-05
17.19   -2.44446e-05
17.2   -2.40825e-05
17.21   -2.37257e-05
17.22   -2.33743e-05
17.23   -2.3028e-05
17.24   -2.26868e-05
17.25   -2.23507e-05
17.26   -2.20196e-05
17.27   -2.16934e-05
17.28   -2.1372e-05
17.29   -2.10554e-05
17.3   -2.07435e-05
17.31   -2.04362e-05
17.32   -2.01334e-05
17.33   -1.98352e-05
17.34   -1.95413e-05
17.35   -1.92518e-05
17.36   -1.89666e-05
17.37   -1.86856e-05
17.38   -1.84088e-05
17.39   -1.81361e-05
17.4   -1.78674e-05
17.41   -1.76027e-05
17.42   -1.73419e-05
17.43   -1.7085e-05
17.44   -1.68319e-05
17.45   -1.65826e-05
17.46   -1.63369e-05
17.47   -1.60949e-05
17.48   -1.58564e-05
17.49   -1.56215e-05
17.5   -1.53901e-05
17.51   -1.51621e-05
17.52   -1.49375e-05
17.53   -1.47162e-05
17.54   -1.44982e-05
17.55   -1.42834e-05
17.56   -1.40718e-05
17.57   -1.38633e-05
17.58   -1.3658e-05
17.59   -1.34556e-05
17.6   -1.32563e-05
17.61   -1.30599e-05
17.62   -1.28664e-05
17.63   -1.26758e-05
17.64   -1.2488e-05
17.65   -1.2303e-05
17.66   -1.21208e-05
17.67   -1.19412e-05
17.68   -1.17643e-05
17.69   -1.159e-05
17.7   -1.14183e-05
17.71   -1.12491e-05
17.72   -1.10825e-05
17.73   -1.09183e-05
17.74   -1.07566e-05
17.75   -1.05972e-05
17.76   -1.04402e-05
17.77   -1.02856e-05
17.78   -1.01332e-05
17.79   -9.98306e-06
17.8   -9.83516e-06
17.81   -9.68946e-06
17.82   -9.54591e-06
17.83   -9.4045e-06
17.84   -9.26517e-06
17.85   -9.12791e-06
17.86   -8.99269e-06
17.87   -8.85946e-06
17.88   -8.72822e-06
17.89   -8.59891e-06
17.9   -8.47152e-06
17.91   -8.34602e-06
17.92   -8.22238e-06
17.93   -8.10057e-06
17.94   -7.98056e-06
17.95   -7.86233e-06
17.96   -7.74586e-06
17.97   -7.6311e-06
17.98   -7.51805e-06
17.99   -7.40668e-06
18   -7.29695e-06
18.01   -7.18885e-06
18.02   -7.08235e-06
18.03   -6.97743e-06
18.04   -6.87406e-06
18.05   -6.77222e-06
18.06   -6.6719e-06
18.07   -6.57306e-06
18.08   -6.47568e-06
18.09   -6.37975e-06
18.1   -6.28523e-06
18.11   -6.19212e-06
18.12   -6.10039e-06
18.13   -6.01001e-06
18.14   -5.92098e-06
18.15   -5.83326e-06
18.16   -5.74684e-06
18.17   -5.66171e-06
18.18   -5.57783e-06
18.19   -5.4952e-06
18.2   -5.41379e-06
18.21   -5.33359e-06
18.22   -5.25457e-06
18.23   -5.17673e-06
18.24   -5.10004e-06
18.25   -5.02448e-06
18.26   -4.95005e-06
18.27   -4.87671e-06
18.28   -4.80447e-06
18.29   -4.73329e-06
18.3   -4.66317e-06
18.31   -4.59409e-06
18.32   -4.52603e-06
18.33   -4.45898e-06
18.34   -4.39292e-06
18.35   -4.32784e-06
18.36   -4.26372e-06
18.37   -4.20056e-06
18.38   -4.13833e-06
18.39   -4.07702e-06
18.4   -4.01662e-06
18.41   -3.95712e-06
18.42   -3.8985e-06
18.43   -3.84074e-06
18.44   -3.78384e-06
18.45   -3.72779e-06
18.46   -3.67256e-06
18.47   -3.61815e-06
18.48   -3.56455e-06
18.49   -3.51175e-06
18.5   -3.45972e-06
18.51   -3.40847e-06
18.52   -3.35797e-06
18.53   -3.30823e-06
18.54   -3.25922e-06
18.55   -3.21093e-06
18.56   -3.16336e-06
18.57   -3.1165e-06
18.58   -3.07033e-06
18.59   -3.02484e-06
18.6   -2.98003e-06
18.61   -2.93588e-06
18.62   -2.89239e-06
18.63   -2.84954e-06
18.64   -2.80733e-06
18.65   -2.76574e-06
18.66   -2.72476e-06
18.67   -2.6844e-06
18.68   -2.64463e-06
18.69   -2.60545e-06
18.7   -2.56685e-06
18.71   -2.52883e-06
18.72   -2.49136e-06
18.73   -2.45445e-06
18.74   -2.41809e-06
18.75   -2.38227e-06
18.76   -2.34698e-06
18.77   -2.31221e-06
18.78   -2.27795e-06
18.79   -2.24421e-06
18.8   -2.21096e-06
18.81   -2.17821e-06
18.82   -2.14594e-06
18.83   -2.11415e-06
18.84   -2.08283e-06
18.85   -2.05197e-06
18.86   -2.02157e-06
18.87   -1.99162e-06
18.88   -1.96212e-06
18.89   -1.93305e-06
18.9   -1.90441e-06
18.91   -1.8762e-06
18.92   -1.8484e-06
18.93   -1.82102e-06
18.94   -1.79404e-06
18.95   -1.76746e-06
18.96   -1.74128e-06
18.97   -1.71548e-06
18.98   -1.69007e-06
18.99   -1.66503e-06
19   -1.64037e-06
19.01   -1.61606e-06
19.02   -1.59212e-06
19.03   -1.56854e-06
19.04   -1.5453e-06
19.05   -1.52241e-06
19.06   -1.49985e-06
19.07   -1.47763e-06
19.08   -1.45574e-06
19.09   -1.43418e-06
19.1   -1.41293e-06
19.11   -1.392e-06
19.12   -1.37138e-06
19.13   -1.35106e-06
19.14   -1.33104e-06
19.15   -1.31133e-06
19.16   -1.2919e-06
19.17   -1.27276e-06
19.18   -1.2539e-06
19.19   -1.23533e-06
19.2   -1.21703e-06
19.21   -1.199e-06
19.22   -1.18124e-06
19.23   -1.16374e-06
19.24   -1.1465e-06
19.25   -1.12951e-06
19.26   -1.11278e-06
19.27   -1.09629e-06
19.28   -1.08005e-06
19.29   -1.06405e-06
19.3   -1.04829e-06
19.31   -1.03276e-06
19.32   -1.01746e-06
19.33   -1.00238e-06
19.34   -9.87535e-07
19.35   -9.72905e-07
19.36   -9.58492e-07
19.37   -9.44292e-07
19.38   -9.30303e-07
19.39   -9.16521e-07
19.4   -9.02943e-07
19.41   -8.89567e-07
19.42   -8.76388e-07
19.43   -8.63405e-07
19.44   -8.50614e-07
19.45   -8.38012e-07
19.46   -8.25598e-07
19.47   -8.13367e-07
19.48   -8.01317e-07
19.49   -7.89446e-07
19.5   -7.77751e-07
19.51   -7.66229e-07
19.52   -7.54877e-07
19.53   -7.43694e-07
19.54   -7.32677e-07
19.55   -7.21822e-07
19.56   -7.11129e-07
19.57   -7.00594e-07
19.58   -6.90215e-07
19.59   -6.7999e-07
19.6   -6.69916e-07
19.61   -6.59991e-07
19.62   -6.50214e-07
19.63   -6.40581e-07
19.64   -6.31091e-07
19.65   -6.21742e-07
19.66   -6.12531e-07
19.67   -6.03457e-07
19.68   -5.94517e-07
19.69   -5.85709e-07
19.7   -5.77032e-07
19.71   -5.68484e-07
19.72   -5.60062e-07
19.73   -5.51765e-07
19.74   -5.43591e-07
19.75   -5.35538e-07
19.76   -5.27604e-07
19.77   -5.19788e-07
19.78   -5.12087e-07
19.79   -5.04501e-07
19.8   -4.97027e-07
19.81   -4.89664e-07
19.82   -4.8241e-07
19.83   -4.75263e-07
19.84   -4.68222e-07
19.85   -4.61286e-07
19.86   -4.54452e-07
19.87   -4.4772e-07
19.88   -4.41087e-07
19.89   -4.34552e-07
19.9   -4.28115e-07
19.91   -4.21772e-07
19.92   -4.15524e-07
19.93   -4.09368e-07
19.94   -4.03304e-07
19.95   -3.97329e-07
19.96   -3.91443e-07
19.97   -3.85644e-07
19.98   -3.7993e-07
19.99   -3.74302e-07
20   -3.68757e-07
20.01   -3.63294e-07
