0.03   0.00169227
0.04   0.0019795
0.05   0.00235172
0.06   0.00275749
0.07   0.00317901
0.08   0.00360879
0.09   0.00404325
0.1   0.00448049
0.11   0.00491941
0.12   0.00535937
0.13   0.00579993
0.14   0.00624082
0.15   0.00668182
0.16   0.00712279
0.17   0.00756361
0.18   0.0080042
0.19   0.00844448
0.2   0.0088844
0.21   0.00932389
0.22   0.00976291
0.23   0.0102014
0.24   0.0106394
0.25   0.0110768
0.26   0.0115135
0.27   0.0119496
0.28   0.012385
0.29   0.0128197
0.3   0.0132536
0.31   0.0136868
0.32   0.0141192
0.33   0.0145507
0.34   0.0149814
0.35   0.0154112
0.36   0.01584
0.37   0.0162679
0.38   0.0166949
0.39   0.0171209
0.4   0.0175458
0.41   0.0179697
0.42   0.0183925
0.43   0.0188142
0.44   0.0192348
0.45   0.0196543
0.46   0.0200725
0.47   0.0204896
0.48   0.0209055
0.49   0.02132
0.5   0.0217334
0.51   0.0221454
0.52   0.0225561
0.53   0.0229654
0.54   0.0233734
0.55   0.02378
0.56   0.0241851
0.57   0.0245888
0.58   0.0249911
0.59   0.0253918
0.6   0.025791
0.61   0.0261887
0.62   0.0265848
0.63   0.0269794
0.64   0.0273723
0.65   0.0277636
0.66   0.0281532
0.67   0.0285411
0.68   0.0289274
0.69   0.0293119
0.7   0.0296947
0.71   0.0300757
0.72   0.0304549
0.73   0.0308323
0.74   0.0312078
0.75   0.0315815
0.76   0.0319534
0.77   0.0323233
0.78   0.0326913
0.79   0.0330573
0.8   0.0334214
0.81   0.0337835
0.82   0.0341436
0.83   0.0345017
0.84   0.0348577
0.85   0.0352116
0.86   0.0355635
0.87   0.0359132
0.88   0.0362608
0.89   0.0366063
0.9   0.0369496
0.91   0.0372907
0.92   0.0376296
0.93   0.0379663
0.94   0.0383007
0.95   0.0386329
0.96   0.0389627
0.97   0.0392903
0.98   0.0396156
0.99   0.0399385
1   0.040259
1.01   0.0405772
1.02   0.040893
1.03   0.0412064
1.04   0.0415173
1.05   0.0418258
1.06   0.0421319
1.07   0.0424354
1.08   0.0427365
1.09   0.0430351
1.1   0.0433311
1.11   0.0436246
1.12   0.0439155
1.13   0.0442038
1.14   0.0444896
1.15   0.0447727
1.16   0.0450533
1.17   0.0453311
1.18   0.0456064
1.19   0.0458789
1.2   0.0461488
1.21   0.046416
1.22   0.0466805
1.23   0.0469422
1.24   0.0472012
1.25   0.0474575
1.26   0.047711
1.27   0.0479617
1.28   0.0482096
1.29   0.0484548
1.3   0.0486971
1.31   0.0489365
1.32   0.0491732
1.33   0.0494069
1.34   0.0496379
1.35   0.0498659
1.36   0.0500911
1.37   0.0503133
1.38   0.0505326
1.39   0.0507491
1.4   0.0509626
1.41   0.0511731
1.42   0.0513807
1.43   0.0515853
1.44   0.051787
1.45   0.0519857
1.46   0.0521814
1.47   0.0523741
1.48   0.0525637
1.49   0.0527504
1.5   0.052934
1.51   0.0531147
1.52   0.0532922
1.53   0.0534667
1.54   0.0536382
1.55   0.0538066
1.56   0.0539719
1.57   0.0541341
1.58   0.0542933
1.59   0.0544494
1.6   0.0546023
1.61   0.0547522
1.62   0.0548989
1.63   0.0550426
1.64   0.0551831
1.65   0.0553205
1.66   0.0554547
1.67   0.0555858
1.68   0.0557138
1.69   0.0558386
1.7   0.0559603
1.71   0.0560788
1.72   0.0561942
1.73   0.0563064
1.74   0.0564154
1.75   0.0565213
1.76   0.056624
1.77   0.0567235
1.78   0.0568199
1.79   0.056913
1.8   0.057003
1.81   0.0570898
1.82   0.0571735
1.83   0.0572539
1.84   0.0573312
1.85   0.0574052
1.86   0.0574761
1.87   0.0575438
1.88   0.0576083
1.89   0.0576696
1.9   0.0577278
1.91   0.0577827
1.92   0.0578345
1.93   0.057883
1.94   0.0579284
1.95   0.0579706
1.96   0.0580096
1.97   0.0580455
1.98   0.0580781
1.99   0.0581076
2   0.0581339
2.01   0.0581571
2.02   0.058177
2.03   0.0581938
2.04   0.0582075
2.05   0.058218
2.06   0.0582253
2.07   0.0582295
2.08   0.0582305
2.09   0.0582284
2.1   0.0582231
2.11   0.0582147
2.12   0.0582032
2.13   0.0581886
2.14   0.0581708
2.15   0.0581499
2.16   0.0581259
2.17   0.0580989
2.18   0.0580687
2.19   0.0580354
2.2   0.0579991
2.21   0.0579597
2.22   0.0579172
2.23   0.0578716
2.24   0.057823
2.25   0.0577714
2.26   0.0577167
2.27   0.0576589
2.28   0.0575982
2.29   0.0575344
2.3   0.0574677
2.31   0.0573979
2.32   0.0573252
2.33   0.0572495
2.34   0.0571708
2.35   0.0570891
2.36   0.0570045
2.37   0.056917
2.38   0.0568265
2.39   0.0567331
2.4   0.0566368
2.41   0.0565376
2.42   0.0564355
2.43   0.0563306
2.44   0.0562228
2.45   0.0561121
2.46   0.0559986
2.47   0.0558823
2.48   0.0557631
2.49   0.0556411
2.5   0.0555164
2.51   0.0553889
2.52   0.0552585
2.53   0.0551255
2.54   0.0549897
2.55   0.0548512
2.56   0.0547099
2.57   0.054566
2.58   0.0544194
2.59   0.0542701
2.6   0.0541181
2.61   0.0539635
2.62   0.0538063
2.63   0.0536465
2.64   0.053484
2.65   0.053319
2.66   0.0531514
2.67   0.0529813
2.68   0.0528086
2.69   0.0526333
2.7   0.0524556
2.71   0.0522754
2.72   0.0520927
2.73   0.0519076
2.74   0.05172
2.75   0.05153
2.76   0.0513375
2.77   0.0511427
2.78   0.0509455
2.79   0.050746
2.8   0.0505441
2.81   0.0503399
2.82   0.0501333
2.83   0.0499245
2.84   0.0497134
2.85   0.0495001
2.86   0.0492845
2.87   0.0490667
2.88   0.0488468
2.89   0.0486246
2.9   0.0484003
2.91   0.0481738
2.92   0.0479452
2.93   0.0477145
2.94   0.0474817
2.95   0.0472469
2.96   0.04701
2.97   0.0467711
2.98   0.0465301
2.99   0.0462872
3   0.0460423
3.01   0.0457955
3.02   0.0455467
3.03   0.0452961
3.04   0.0450435
3.05   0.0447891
3.06   0.0445328
3.07   0.0442747
3.08   0.0440148
3.09   0.0437532
3.1   0.0434897
3.11   0.0432245
3.12   0.0429576
3.13   0.042689
3.14   0.0424187
3.15   0.0421468
3.16   0.0418732
3.17   0.041598
3.18   0.0413212
3.19   0.0410428
3.2   0.0407629
3.21   0.0404815
3.22   0.0401986
3.23   0.0399141
3.24   0.0396282
3.25   0.0393409
3.26   0.0390522
3.27   0.038762
3.28   0.0384705
3.29   0.0381776
3.3   0.0378834
3.31   0.0375879
3.32   0.0372912
3.33   0.0369931
3.34   0.0366938
3.35   0.0363934
3.36   0.0360917
3.37   0.0357888
3.38   0.0354848
3.39   0.0351797
3.4   0.0348735
3.41   0.0345662
3.42   0.0342578
3.43   0.0339484
3.44   0.033638
3.45   0.0333266
3.46   0.0330143
3.47   0.032701
3.48   0.0323868
3.49   0.0320717
3.5   0.0317558
3.51   0.031439
3.52   0.0311214
3.53   0.0308029
3.54   0.0304837
3.55   0.0301638
3.56   0.0298431
3.57   0.0295217
3.58   0.0291997
3.59   0.028877
3.6   0.0285536
3.61   0.0282297
3.62   0.0279051
3.63   0.02758
3.64   0.0272543
3.65   0.0269282
3.66   0.0266015
3.67   0.0262744
3.68   0.0259468
3.69   0.0256188
3.7   0.0252904
3.71   0.0249616
3.72   0.0246325
3.73   0.024303
3.74   0.0239733
3.75   0.0236432
3.76   0.0233129
3.77   0.0229824
3.78   0.0226516
3.79   0.0223207
3.8   0.0219896
3.81   0.0216583
3.82   0.021327
3.83   0.0209955
3.84   0.020664
3.85   0.0203324
3.86   0.0200008
3.87   0.0196691
3.88   0.0193375
3.89   0.019006
3.9   0.0186745
3.91   0.0183431
3.92   0.0180118
3.93   0.0176806
3.94   0.0173496
3.95   0.0170188
3.96   0.0166882
3.97   0.0163578
3.98   0.0160276
3.99   0.0156977
4   0.0153681
4.01   0.0150389
4.02   0.0147099
4.03   0.0143813
4.04   0.0140531
4.05   0.0137253
4.06   0.0133979
4.07   0.013071
4.08   0.0127445
4.09   0.0124185
4.1   0.012093
4.11   0.0117681
4.12   0.0114437
4.13   0.0111199
4.14   0.0107966
4.15   0.010474
4.16   0.0101521
4.17   0.00983074
4.18   0.0095101
4.19   0.00919017
4.2   0.00887095
4.21   0.00855248
4.22   0.00823476
4.23   0.00791783
4.24   0.0076017
4.25   0.0072864
4.26   0.00697193
4.27   0.00665833
4.28   0.00634561
4.29   0.00603379
4.3   0.00572289
4.31   0.00541293
4.32   0.00510393
4.33   0.00479592
4.34   0.0044889
4.35   0.00418289
4.36   0.00387793
4.37   0.00357401
4.38   0.00327118
4.39   0.00296943
4.4   0.00266879
4.41   0.00236929
4.42   0.00207093
4.43   0.00177373
4.44   0.00147772
4.45   0.00118291
4.46   0.000889314
4.47   0.000596955
4.48   0.000305848
4.49   1.60117e-05
4.5   -0.000272538
4.51   -0.000559785
4.52   -0.000845711
4.53   -0.0011303
4.54   -0.00141354
4.55   -0.0016954
4.56   -0.00197588
4.57   -0.00225496
4.58   -0.00253262
4.59   -0.00280885
4.6   -0.00308363
4.61   -0.00335694
4.62   -0.00362878
4.63   -0.00389912
4.64   -0.00416795
4.65   -0.00443526
4.66   -0.00470103
4.67   -0.00496525
4.68   -0.0052279
4.69   -0.00548897
4.7   -0.00574844
4.71   -0.00600631
4.72   -0.00626255
4.73   -0.00651716
4.74   -0.00677012
4.75   -0.00702141
4.76   -0.00727104
4.77   -0.00751897
4.78   -0.0077652
4.79   -0.00800972
4.8   -0.00825252
4.81   -0.00849358
4.82   -0.00873289
4.83   -0.00897044
4.84   -0.00920622
4.85   -0.00944022
4.86   -0.00967242
4.87   -0.00990282
4.88   -0.0101314
4.89   -0.0103582
4.9   -0.0105831
4.91   -0.0108062
4.92   -0.0110274
4.93   -0.0112467
4.94   -0.0114642
4.95   -0.0116798
4.96   -0.0118935
4.97   -0.0121053
4.98   -0.0123152
4.99   -0.0125231
5   -0.0127291
5.01   -0.0129332
5.02   -0.0131354
5.03   -0.0133356
5.04   -0.0135338
5.05   -0.01373
5.06   -0.0139243
5.07   -0.0141166
5.08   -0.0143069
5.09   -0.0144952
5.1   -0.0146816
5.11   -0.0148659
5.12   -0.0150481
5.13   -0.0152284
5.14   -0.0154066
5.15   -0.0155828
5.16   -0.015757
5.17   -0.0159291
5.18   -0.0160992
5.19   -0.0162672
5.2   -0.0164332
5.21   -0.0165971
5.22   -0.0167589
5.23   -0.0169186
5.24   -0.0170763
5.25   -0.0172319
5.26   -0.0173855
5.27   -0.0175369
5.28   -0.0176863
5.29   -0.0178336
5.3   -0.0179787
5.31   -0.0181218
5.32   -0.0182628
5.33   -0.0184017
5.34   -0.0185385
5.35   -0.0186732
5.36   -0.0188058
5.37   -0.0189363
5.38   -0.0190647
5.39   -0.019191
5.4   -0.0193152
5.41   -0.0194372
5.42   -0.0195572
5.43   -0.0196751
5.44   -0.0197909
5.45   -0.0199045
5.46   -0.0200161
5.47   -0.0201255
5.48   -0.0202329
5.49   -0.0203381
5.5   -0.0204413
5.51   -0.0205424
5.52   -0.0206414
5.53   -0.0207382
5.54   -0.020833
5.55   -0.0209257
5.56   -0.0210164
5.57   -0.0211049
5.58   -0.0211914
5.59   -0.0212758
5.6   -0.0213581
5.61   -0.0214384
5.62   -0.0215166
5.63   -0.0215927
5.64   -0.0216668
5.65   -0.0217388
5.66   -0.0218088
5.67   -0.0218768
5.68   -0.0219427
5.69   -0.0220066
5.7   -0.0220685
5.71   -0.0221284
5.72   -0.0221862
5.73   -0.022242
5.74   -0.0222959
5.75   -0.0223478
5.76   -0.0223976
5.77   -0.0224455
5.78   -0.0224914
5.79   -0.0225354
5.8   -0.0225774
5.81   -0.0226175
5.82   -0.0226556
5.83   -0.0226918
5.84   -0.022726
5.85   -0.0227584
5.86   -0.0227888
5.87   -0.0228174
5.88   -0.022844
5.89   -0.0228688
5.9   -0.0228917
5.91   -0.0229127
5.92   -0.0229319
5.93   -0.0229493
5.94   -0.0229648
5.95   -0.0229785
5.96   -0.0229904
5.97   -0.0230004
5.98   -0.0230087
5.99   -0.0230152
6   -0.02302
6.01   -0.0230229
6.02   -0.0230242
6.03   -0.0230237
6.04   -0.0230215
6.05   -0.0230175
6.06   -0.0230119
6.07   -0.0230046
6.08   -0.0229956
6.09   -0.0229849
6.1   -0.0229726
6.11   -0.0229586
6.12   -0.022943
6.13   -0.0229258
6.14   -0.022907
6.15   -0.0228866
6.16   -0.0228647
6.17   -0.0228412
6.18   -0.0228161
6.19   -0.0227895
6.2   -0.0227614
6.21   -0.0227317
6.22   -0.0227006
6.23   -0.022668
6.24   -0.0226339
6.25   -0.0225984
6.26   -0.0225614
6.27   -0.0225231
6.28   -0.0224833
6.29   -0.0224421
6.3   -0.0223995
6.31   -0.0223556
6.32   -0.0223104
6.33   -0.0222638
6.34   -0.0222158
6.35   -0.0221666
6.36   -0.0221161
6.37   -0.0220643
6.38   -0.0220113
6.39   -0.021957
6.4   -0.0219015
6.41   -0.0218448
6.42   -0.0217869
6.43   -0.0217278
6.44   -0.0216676
6.45   -0.0216062
6.46   -0.0215436
6.47   -0.02148
6.48   -0.0214153
6.49   -0.0213494
6.5   -0.0212825
6.51   -0.0212146
6.52   -0.0211456
6.53   -0.0210756
6.54   -0.0210047
6.55   -0.0209327
6.56   -0.0208597
6.57   -0.0207858
6.58   -0.020711
6.59   -0.0206353
6.6   -0.0205586
6.61   -0.0204811
6.62   -0.0204027
6.63   -0.0203234
6.64   -0.0202433
6.65   -0.0201624
6.66   -0.0200807
6.67   -0.0199982
6.68   -0.0199149
6.69   -0.0198309
6.7   -0.0197461
6.71   -0.0196606
6.72   -0.0195744
6.73   -0.0194875
6.74   -0.0194
6.75   -0.0193118
6.76   -0.0192229
6.77   -0.0191334
6.78   -0.0190434
6.79   -0.0189527
6.8   -0.0188615
6.81   -0.0187697
6.82   -0.0186773
6.83   -0.0185845
6.84   -0.0184911
6.85   -0.0183972
6.86   -0.0183029
6.87   -0.0182081
6.88   -0.0181128
6.89   -0.0180171
6.9   -0.017921
6.91   -0.0178245
6.92   -0.0177276
6.93   -0.0176304
6.94   -0.0175328
6.95   -0.0174348
6.96   -0.0173366
6.97   -0.017238
6.98   -0.0171391
6.99   -0.01704
7   -0.0169406
7.01   -0.0168409
7.02   -0.0167411
7.03   -0.016641
7.04   -0.0165407
7.05   -0.0164402
7.06   -0.0163395
7.07   -0.0162387
7.08   -0.0161377
7.09   -0.0160366
7.1   -0.0159353
7.11   -0.015834
7.12   -0.0157325
7.13   -0.015631
7.14   -0.0155294
7.15   -0.0154278
7.16   -0.0153261
7.17   -0.0152244
7.18   -0.0151227
7.19   -0.015021
7.2   -0.0149193
7.21   -0.0148176
7.22   -0.0147159
7.23   -0.0146143
7.24   -0.0145128
7.25   -0.0144113
7.26   -0.0143099
7.27   -0.0142086
7.28   -0.0141074
7.29   -0.0140063
7.3   -0.0139054
7.31   -0.0138046
7.32   -0.0137039
7.33   -0.0136034
7.34   -0.013503
7.35   -0.0134029
7.36   -0.0133029
7.37   -0.0132032
7.38   -0.0131036
7.39   -0.0130043
7.4   -0.0129051
7.41   -0.0128063
7.42   -0.0127076
7.43   -0.0126093
7.44   -0.0125112
7.45   -0.0124133
7.46   -0.0123158
7.47   -0.0122185
7.48   -0.0121216
7.49   -0.0120249
7.5   -0.0119286
7.51   -0.0118326
7.52   -0.0117369
7.53   -0.0116415
7.54   -0.0115465
7.55   -0.0114519
7.56   -0.0113576
7.57   -0.0112636
7.58   -0.0111701
7.59   -0.0110769
7.6   -0.0109841
7.61   -0.0108917
7.62   -0.0107997
7.63   -0.0107081
7.64   -0.0106169
7.65   -0.0105261
7.66   -0.0104357
7.67   -0.0103458
7.68   -0.0102563
7.69   -0.0101672
7.7   -0.0100786
7.71   -0.00999035
7.72   -0.0099026
7.73   -0.0098153
7.74   -0.00972846
7.75   -0.00964208
7.76   -0.00955616
7.77   -0.00947071
7.78   -0.00938573
7.79   -0.00930122
7.8   -0.00921719
7.81   -0.00913364
7.82   -0.00905058
7.83   -0.008968
7.84   -0.00888591
7.85   -0.00880432
7.86   -0.00872321
7.87   -0.00864261
7.88   -0.0085625
7.89   -0.0084829
7.9   -0.0084038
7.91   -0.0083252
7.92   -0.00824711
7.93   -0.00816953
7.94   -0.00809245
7.95   -0.00801589
7.96   -0.00793984
7.97   -0.00786431
7.98   -0.00778929
7.99   -0.00771478
8   -0.00764079
8.01   -0.00756732
8.02   -0.00749436
8.03   -0.00742192
8.04   -0.00735
8.05   -0.0072786
8.06   -0.00720772
8.07   -0.00713735
8.08   -0.00706751
8.09   -0.00699818
8.1   -0.00692937
8.11   -0.00686108
8.12   -0.00679331
8.13   -0.00672606
8.14   -0.00665932
8.15   -0.0065931
8.16   -0.00652739
8.17   -0.0064622
8.18   -0.00639752
8.19   -0.00633336
8.2   -0.0062697
8.21   -0.00620656
8.22   -0.00614393
8.23   -0.0060818
8.24   -0.00602019
8.25   -0.00595907
8.26   -0.00589847
8.27   -0.00583836
8.28   -0.00577876
8.29   -0.00571965
8.3   -0.00566105
8.31   -0.00560294
8.32   -0.00554533
8.33   -0.0054882
8.34   -0.00543157
8.35   -0.00537543
8.36   -0.00531978
8.37   -0.0052646
8.38   -0.00520992
8.39   -0.00515571
8.4   -0.00510198
8.41   -0.00504873
8.42   -0.00499595
8.43   -0.00494365
8.44   -0.00489181
8.45   -0.00484044
8.46   -0.00478954
8.47   -0.0047391
8.48   -0.00468912
8.49   -0.00463959
8.5   -0.00459052
8.51   -0.00454191
8.52   -0.00449374
8.53   -0.00444602
8.54   -0.00439875
8.55   -0.00435191
8.56   -0.00430552
8.57   -0.00425957
8.58   -0.00421404
8.59   -0.00416895
8.6   -0.00412429
8.61   -0.00408006
8.62   -0.00403624
8.63   -0.00399285
8.64   -0.00394988
8.65   -0.00390732
8.66   -0.00386517
8.67   -0.00382343
8.68   -0.0037821
8.69   -0.00374117
8.7   -0.00370064
8.71   -0.00366051
8.72   -0.00362078
8.73   -0.00358144
8.74   -0.00354248
8.75   -0.00350391
8.76   -0.00346573
8.77   -0.00342793
8.78   -0.0033905
8.79   -0.00335345
8.8   -0.00331677
8.81   -0.00328046
8.82   -0.00324452
8.83   -0.00320894
8.84   -0.00317372
8.85   -0.00313886
8.86   -0.00310435
8.87   -0.00307019
8.88   -0.00303639
8.89   -0.00300292
8.9   -0.00296981
8.91   -0.00293703
8.92   -0.00290459
8.93   -0.00287248
8.94   -0.00284071
8.95   -0.00280927
8.96   -0.00277815
8.97   -0.00274735
8.98   -0.00271688
8.99   -0.00268672
9   -0.00265688
9.01   -0.00262735
9.02   -0.00259813
9.03   -0.00256922
9.04   -0.00254061
9.05   -0.0025123
9.06   -0.0024843
9.07   -0.00245658
9.08   -0.00242916
9.09   -0.00240203
9.1   -0.00237519
9.11   -0.00234864
9.12   -0.00232236
9.13   -0.00229637
9.14   -0.00227066
9.15   -0.00224521
9.16   -0.00222005
9.17   -0.00219515
9.18   -0.00217051
9.19   -0.00214615
9.2   -0.00212204
9.21   -0.0020982
9.22   -0.00207461
9.23   -0.00205128
9.24   -0.00202819
9.25   -0.00200536
9.26   -0.00198278
9.27   -0.00196044
9.28   -0.00193834
9.29   -0.00191648
9.3   -0.00189487
9.31   -0.00187348
9.32   -0.00185233
9.33   -0.00183141
9.34   -0.00181072
9.35   -0.00179026
9.36   -0.00177002
9.37   -0.00175
9.38   -0.0017302
9.39   -0.00171062
9.4   -0.00169125
9.41   -0.00167209
9.42   -0.00165315
9.43   -0.00163442
9.44   -0.00161589
9.45   -0.00159757
9.46   -0.00157944
9.47   -0.00156152
9.48   -0.0015438
9.49   -0.00152628
9.5   -0.00150894
9.51   -0.0014918
9.52   -0.00147485
9.53   -0.00145809
9.54   -0.00144152
9.55   -0.00142513
9.56   -0.00140892
9.57   -0.00139289
9.58   -0.00137704
9.59   -0.00136137
9.6   -0.00134587
9.61   -0.00133054
9.62   -0.00131539
9.63   -0.0013004
9.64   -0.00128559
9.65   -0.00127094
9.66   -0.00125645
9.67   -0.00124212
9.68   -0.00122796
9.69   -0.00121395
9.7   -0.00120011
9.71   -0.00118641
9.72   -0.00117287
9.73   -0.00115949
9.74   -0.00114625
9.75   -0.00113316
9.76   -0.00112022
9.77   -0.00110743
9.78   -0.00109478
9.79   -0.00108227
9.8   -0.00106991
9.81   -0.00105768
9.82   -0.00104559
9.83   -0.00103364
9.84   -0.00102182
9.85   -0.00101014
9.86   -0.000998586
9.87   -0.000987165
9.88   -0.000975873
9.89   -0.00096471
9.9   -0.000953672
9.91   -0.00094276
9.92   -0.000931971
9.93   -0.000921305
9.94   -0.000910759
9.95   -0.000900334
9.96   -0.000890026
9.97   -0.000879836
9.98   -0.000869761
9.99   -0.000859801
10   -0.000849954
10.01   -0.000840219
10.02   -0.000830594
10.03   -0.000821079
10.04   -0.000811673
10.05   -0.000802373
10.06   -0.000793179
10.07   -0.00078409
10.08   -0.000775105
10.09   -0.000766221
10.1   -0.000757439
10.11   -0.000748758
10.12   -0.000740175
10.13   -0.00073169
10.14   -0.000723301
10.15   -0.000715009
10.16   -0.000706811
10.17   -0.000698707
10.18   -0.000690695
10.19   -0.000682775
10.2   -0.000674945
10.21   -0.000667205
10.22   -0.000659553
10.23   -0.000651989
10.24   -0.000644511
10.25   -0.000637118
10.26   -0.00062981
10.27   -0.000622586
10.28   -0.000615444
10.29   -0.000608384
10.3   -0.000601405
10.31   -0.000594506
10.32   -0.000587686
10.33   -0.000580944
10.34   -0.000574279
10.35   -0.00056769
10.36   -0.000561177
10.37   -0.000554738
10.38   -0.000548373
10.39   -0.000542081
10.4   -0.000535862
10.41   -0.000529713
10.42   -0.000523635
10.43   -0.000517627
10.44   -0.000511688
10.45   -0.000505816
10.46   -0.000500012
10.47   -0.000494275
10.48   -0.000488603
10.49   -0.000482997
10.5   -0.000477455
10.51   -0.000471976
10.52   -0.00046656
10.53   -0.000461207
10.54   -0.000455915
10.55   -0.000450684
10.56   -0.000445512
10.57   -0.0004404
10.58   -0.000435347
10.59   -0.000430352
10.6   -0.000425414
10.61   -0.000420533
10.62   -0.000415708
10.63   -0.000410938
10.64   -0.000406224
10.65   -0.000401563
10.66   -0.000396956
10.67   -0.000392402
10.68   -0.0003879
10.69   -0.00038345
10.7   -0.000379051
10.71   -0.000374702
10.72   -0.000370404
10.73   -0.000366155
10.74   -0.000361955
10.75   -0.000357803
10.76   -0.000353698
10.77   -0.000349641
10.78   -0.000345631
10.79   -0.000341667
10.8   -0.000337748
10.81   -0.000333874
10.82   -0.000330045
10.83   -0.00032626
10.84   -0.000322519
10.85   -0.00031882
10.86   -0.000315164
10.87   -0.00031155
10.88   -0.000307978
10.89   -0.000304446
10.9   -0.000300955
10.91   -0.000297505
10.92   -0.000294094
10.93   -0.000290722
10.94   -0.000287389
10.95   -0.000284095
10.96   -0.000280838
10.97   -0.000277619
10.98   -0.000274436
10.99   -0.000271291
11   -0.000268181
11.01   -0.000265108
11.02   -0.000262069
11.03   -0.000259066
11.04   -0.000256097
11.05   -0.000253162
11.06   -0.000250261
11.07   -0.000247394
11.08   -0.000244559
11.09   -0.000241757
11.1   -0.000238987
11.11   -0.000236249
11.12   -0.000233543
11.13   -0.000230867
11.14   -0.000228223
11.15   -0.000225609
11.16   -0.000223025
11.17   -0.00022047
11.18   -0.000217945
11.19   -0.000215449
11.2   -0.000212982
11.21   -0.000210543
11.22   -0.000208132
11.23   -0.000205749
11.24   -0.000203393
11.25   -0.000201065
11.26   -0.000198763
11.27   -0.000196487
11.28   -0.000194238
11.29   -0.000192015
11.3   -0.000189817
11.31   -0.000187644
11.32   -0.000185496
11.33   -0.000183374
11.34   -0.000181275
11.35   -0.000179201
11.36   -0.00017715
11.37   -0.000175123
11.38   -0.000173119
11.39   -0.000171139
11.4   -0.000169181
11.41   -0.000167246
11.42   -0.000165332
11.43   -0.000163441
11.44   -0.000161572
11.45   -0.000159724
11.46   -0.000157897
11.47   -0.000156091
11.48   -0.000154306
11.49   -0.000152542
11.5   -0.000150798
11.51   -0.000149074
11.52   -0.000147369
11.53   -0.000145684
11.54   -0.000144019
11.55   -0.000142373
11.56   -0.000140745
11.57   -0.000139137
11.58   -0.000137546
11.59   -0.000135974
11.6   -0.00013442
11.61   -0.000132884
11.62   -0.000131366
11.63   -0.000129865
11.64   -0.000128381
11.65   -0.000126914
11.66   -0.000125465
11.67   -0.000124031
11.68   -0.000122615
11.69   -0.000121214
11.7   -0.00011983
11.71   -0.000118461
11.72   -0.000117108
11.73   -0.000115771
11.74   -0.000114449
11.75   -0.000113142
11.76   -0.00011185
11.77   -0.000110573
11.78   -0.000109311
11.79   -0.000108063
11.8   -0.00010683
11.81   -0.00010561
11.82   -0.000104405
11.83   -0.000103213
11.84   -0.000102035
11.85   -0.000100871
11.86   -9.97199e-05
11.87   -9.85821e-05
11.88   -9.74573e-05
11.89   -9.63454e-05
11.9   -9.52463e-05
11.91   -9.41597e-05
11.92   -9.30857e-05
11.93   -9.20239e-05
11.94   -9.09743e-05
11.95   -8.99368e-05
11.96   -8.89111e-05
11.97   -8.78972e-05
11.98   -8.68949e-05
11.99   -8.59041e-05
12   -8.49247e-05
12.01   -8.39565e-05
12.02   -8.29993e-05
12.03   -8.20532e-05
12.04   -8.11179e-05
12.05   -8.01933e-05
12.06   -7.92793e-05
12.07   -7.83757e-05
12.08   -7.74825e-05
12.09   -7.65996e-05
12.1   -7.57267e-05
12.11   -7.48639e-05
12.12   -7.40109e-05
12.13   -7.31677e-05
12.14   -7.23342e-05
12.15   -7.15102e-05
12.16   -7.06956e-05
12.17   -6.98904e-05
12.18   -6.90944e-05
12.19   -6.83075e-05
12.2   -6.75296e-05
12.21   -6.67606e-05
12.22   -6.60004e-05
12.23   -6.52489e-05
12.24   -6.45061e-05
12.25   -6.37717e-05
12.26   -6.30457e-05
12.27   -6.2328e-05
12.28   -6.16186e-05
12.29   -6.09172e-05
12.3   -6.02239e-05
12.31   -5.95385e-05
12.32   -5.88609e-05
12.33   -5.81911e-05
12.34   -5.7529e-05
12.35   -5.68744e-05
12.36   -5.62274e-05
12.37   -5.55877e-05
12.38   -5.49553e-05
12.39   -5.43302e-05
12.4   -5.37122e-05
12.41   -5.31013e-05
12.42   -5.24973e-05
12.43   -5.19003e-05
12.44   -5.13101e-05
12.45   -5.07266e-05
12.46   -5.01498e-05
12.47   -4.95796e-05
12.48   -4.90159e-05
12.49   -4.84587e-05
12.5   -4.79078e-05
12.51   -4.73632e-05
12.52   -4.68249e-05
12.53   -4.62927e-05
12.54   -4.57665e-05
12.55   -4.52464e-05
12.56   -4.47322e-05
12.57   -4.42239e-05
12.58   -4.37214e-05
12.59   -4.32247e-05
12.6   -4.27336e-05
12.61   -4.22481e-05
12.62   -4.17681e-05
12.63   -4.12937e-05
12.64   -4.08246e-05
12.65   -4.0361e-05
12.66   -3.99026e-05
12.67   -3.94494e-05
12.68   -3.90014e-05
12.69   -3.85585e-05
12.7   -3.81207e-05
12.71   -3.76879e-05
12.72   -3.726e-05
12.73   -3.6837e-05
12.74   -3.64188e-05
12.75   -3.60054e-05
12.76   -3.55967e-05
12.77   -3.51927e-05
12.78   -3.47933e-05
12.79   -3.43984e-05
12.8   -3.4008e-05
12.81   -3.36221e-05
12.82   -3.32406e-05
12.83   -3.28635e-05
12.84   -3.24906e-05
12.85   -3.2122e-05
12.86   -3.17576e-05
12.87   -3.13974e-05
12.88   -3.10412e-05
12.89   -3.06891e-05
12.9   -3.03411e-05
12.91   -2.9997e-05
12.92   -2.96568e-05
12.93   -2.93205e-05
12.94   -2.8988e-05
12.95   -2.86593e-05
12.96   -2.83344e-05
12.97   -2.80132e-05
12.98   -2.76956e-05
12.99   -2.73816e-05
13   -2.70712e-05
13.01   -2.67644e-05
13.02   -2.64611e-05
13.03   -2.61612e-05
13.04   -2.58647e-05
13.05   -2.55716e-05
13.06   -2.52818e-05
13.07   -2.49953e-05
13.08   -2.47121e-05
13.09   -2.44322e-05
13.1   -2.41554e-05
13.11   -2.38817e-05
13.12   -2.36112e-05
13.13   -2.33438e-05
13.14   -2.30794e-05
13.15   -2.2818e-05
13.16   -2.25595e-05
13.17   -2.23041e-05
13.18   -2.20515e-05
13.19   -2.18018e-05
13.2   -2.15549e-05
13.21   -2.13109e-05
13.22   -2.10696e-05
13.23   -2.08311e-05
13.24   -2.05953e-05
13.25   -2.03622e-05
13.26   -2.01317e-05
13.27   -1.99038e-05
13.28   -1.96785e-05
13.29   -1.94558e-05
13.3   -1.92357e-05
13.31   -1.9018e-05
13.32   -1.88028e-05
13.33   -1.85901e-05
13.34   -1.83797e-05
13.35   -1.81718e-05
13.36   -1.79662e-05
13.37   -1.7763e-05
13.38   -1.7562e-05
13.39   -1.73634e-05
13.4   -1.7167e-05
13.41   -1.69729e-05
13.42   -1.67809e-05
13.43   -1.65911e-05
13.44   -1.64035e-05
13.45   -1.6218e-05
13.46   -1.60347e-05
13.47   -1.58534e-05
13.48   -1.56741e-05
13.49   -1.5497e-05
13.5   -1.53218e-05
13.51   -1.51486e-05
13.52   -1.49773e-05
13.53   -1.48081e-05
13.54   -1.46407e-05
13.55   -1.44752e-05
13.56   -1.43117e-05
13.57   -1.41499e-05
13.58   -1.399e-05
13.59   -1.3832e-05
13.6   -1.36757e-05
13.61   -1.35212e-05
13.62   -1.33684e-05
13.63   -1.32174e-05
13.64   -1.30681e-05
13.65   -1.29205e-05
13.66   -1.27746e-05
13.67   -1.26303e-05
13.68   -1.24876e-05
13.69   -1.23466e-05
13.7   -1.22072e-05
13.71   -1.20694e-05
13.72   -1.19331e-05
13.73   -1.17983e-05
13.74   -1.16651e-05
13.75   -1.15334e-05
13.76   -1.14032e-05
13.77   -1.12745e-05
13.78   -1.11472e-05
13.79   -1.10214e-05
13.8   -1.0897e-05
13.81   -1.0774e-05
13.82   -1.06525e-05
13.83   -1.05322e-05
13.84   -1.04134e-05
13.85   -1.02959e-05
13.86   -1.01797e-05
13.87   -1.00649e-05
13.88   -9.95131e-06
13.89   -9.83904e-06
13.9   -9.72805e-06
13.91   -9.61831e-06
13.92   -9.50982e-06
13.93   -9.40256e-06
13.94   -9.29651e-06
13.95   -9.19166e-06
13.96   -9.088e-06
13.97   -8.98551e-06
13.98   -8.88419e-06
13.99   -8.78401e-06
14   -8.68497e-06
14.01   -8.58705e-06
14.02   -8.49024e-06
14.03   -8.39452e-06
14.04   -8.29989e-06
14.05   -8.20633e-06
14.06   -8.11383e-06
14.07   -8.02237e-06
14.08   -7.93195e-06
14.09   -7.84256e-06
14.1   -7.75418e-06
14.11   -7.66679e-06
14.12   -7.5804e-06
14.13   -7.49498e-06
14.14   -7.41053e-06
14.15   -7.32704e-06
14.16   -7.24449e-06
14.17   -7.16287e-06
14.18   -7.08218e-06
14.19   -7.0024e-06
14.2   -6.92353e-06
14.21   -6.84554e-06
14.22   -6.76844e-06
14.23   -6.69221e-06
14.24   -6.61684e-06
14.25   -6.54233e-06
14.26   -6.46865e-06
14.27   -6.39581e-06
14.28   -6.3238e-06
14.29   -6.2526e-06
14.3   -6.1822e-06
14.31   -6.1126e-06
14.32   -6.04379e-06
14.33   -5.97575e-06
14.34   -5.90848e-06
14.35   -5.84198e-06
14.36   -5.77622e-06
14.37   -5.71121e-06
14.38   -5.64694e-06
14.39   -5.58338e-06
14.4   -5.52055e-06
14.41   -5.45843e-06
14.42   -5.39701e-06
14.43   -5.33629e-06
14.44   -5.27625e-06
14.45   -5.21688e-06
14.46   -5.15819e-06
14.47   -5.10017e-06
14.48   -5.04279e-06
14.49   -4.98607e-06
14.5   -4.92998e-06
14.51   -4.87453e-06
14.52   -4.81971e-06
14.53   -4.76551e-06
14.54   -4.71191e-06
14.55   -4.65893e-06
14.56   -4.60654e-06
14.57   -4.55474e-06
14.58   -4.50353e-06
14.59   -4.45289e-06
14.6   -4.40283e-06
14.61   -4.35333e-06
14.62   -4.30439e-06
14.63   -4.25601e-06
14.64   -4.20816e-06
14.65   -4.16086e-06
14.66   -4.1141e-06
14.67   -4.06786e-06
14.68   -4.02214e-06
14.69   -3.97694e-06
14.7   -3.93225e-06
14.71   -3.88806e-06
14.72   -3.84437e-06
14.73   -3.80118e-06
14.74   -3.75847e-06
14.75   -3.71624e-06
14.76   -3.67449e-06
14.77   -3.63321e-06
14.78   -3.5924e-06
14.79   -3.55205e-06
14.8   -3.51215e-06
14.81   -3.4727e-06
14.82   -3.4337e-06
14.83   -3.39513e-06
14.84   -3.357e-06
14.85   -3.31931e-06
14.86   -3.28203e-06
14.87   -3.24518e-06
14.88   -3.20874e-06
14.89   -3.17271e-06
14.9   -3.13709e-06
14.91   -3.10187e-06
14.92   -3.06705e-06
14.93   -3.03262e-06
14.94   -2.99858e-06
14.95   -2.96492e-06
14.96   -2.93164e-06
14.97   -2.89873e-06
14.98   -2.8662e-06
14.99   -2.83403e-06
15   -2.80223e-06
15.01   -2.77078e-06
15.02   -2.73969e-06
15.03   -2.70895e-06
15.04   -2.67856e-06
15.05   -2.6485e-06
15.06   -2.61879e-06
15.07   -2.58941e-06
15.08   -2.56036e-06
15.09   -2.53164e-06
15.1   -2.50324e-06
15.11   -2.47516e-06
15.12   -2.4474e-06
15.13   -2.41995e-06
15.14   -2.39281e-06
15.15   -2.36597e-06
15.16   -2.33944e-06
15.17   -2.31321e-06
15.18   -2.28727e-06
15.19   -2.26162e-06
15.2   -2.23626e-06
15.21   -2.21119e-06
15.22   -2.1864e-06
15.23   -2.16189e-06
15.24   -2.13765e-06
15.25   -2.11369e-06
15.26   -2.09e-06
15.27   -2.06657e-06
15.28   -2.04341e-06
15.29   -2.02051e-06
15.3   -1.99786e-06
15.31   -1.97547e-06
15.32   -1.95334e-06
15.33   -1.93145e-06
15.34   -1.9098e-06
15.35   -1.8884e-06
15.36   -1.86725e-06
15.37   -1.84633e-06
15.38   -1.82564e-06
15.39   -1.80519e-06
15.4   -1.78497e-06
15.41   -1.76497e-06
15.42   -1.7452e-06
15.43   -1.72565e-06
15.44   -1.70633e-06
15.45   -1.68721e-06
15.46   -1.66832e-06
15.47   -1.64964e-06
15.48   -1.63116e-06
15.49   -1.6129e-06
15.5   -1.59484e-06
15.51   -1.57698e-06
15.52   -1.55932e-06
15.53   -1.54186e-06
15.54   -1.5246e-06
15.55   -1.50753e-06
15.56   -1.49066e-06
15.57   -1.47397e-06
15.58   -1.45747e-06
15.59   -1.44116e-06
15.6   -1.42503e-06
15.61   -1.40908e-06
15.62   -1.39331e-06
15.63   -1.37772e-06
15.64   -1.3623e-06
15.65   -1.34706e-06
15.66   -1.33199e-06
15.67   -1.31708e-06
15.68   -1.30235e-06
15.69   -1.28778e-06
15.7   -1.27337e-06
15.71   -1.25912e-06
15.72   -1.24504e-06
15.73   -1.23111e-06
15.74   -1.21734e-06
15.75   -1.20373e-06
15.76   -1.19026e-06
15.77   -1.17695e-06
15.78   -1.16379e-06
15.79   -1.15077e-06
15.8   -1.13791e-06
15.81   -1.12518e-06
15.82   -1.1126e-06
15.83   -1.10016e-06
15.84   -1.08786e-06
15.85   -1.0757e-06
15.86   -1.06367e-06
15.87   -1.05178e-06
15.88   -1.04003e-06
15.89   -1.0284e-06
15.9   -1.01691e-06
15.91   -1.00554e-06
15.92   -9.94305e-07
15.93   -9.83193e-07
15.94   -9.72206e-07
15.95   -9.61342e-07
15.96   -9.506e-07
15.97   -9.39979e-07
15.98   -9.29477e-07
15.99   -9.19092e-07
16   -9.08825e-07
16.01   -8.98672e-07
16.02   -8.88633e-07
16.03   -8.78707e-07
16.04   -8.68893e-07
16.05   -8.59188e-07
16.06   -8.49592e-07
16.07   -8.40104e-07
16.08   -8.30723e-07
16.09   -8.21446e-07
16.1   -8.12274e-07
16.11   -8.03205e-07
16.12   -7.94237e-07
16.13   -7.8537e-07
16.14   -7.76602e-07
16.15   -7.67933e-07
16.16   -7.5936e-07
16.17   -7.50884e-07
16.18   -7.42503e-07
16.19   -7.34216e-07
16.2   -7.26022e-07
16.21   -7.1792e-07
16.22   -7.09909e-07
16.23   -7.01987e-07
16.24   -6.94155e-07
16.25   -6.8641e-07
16.26   -6.78752e-07
16.27   -6.7118e-07
16.28   -6.63693e-07
16.29   -6.56289e-07
16.3   -6.48969e-07
16.31   -6.41731e-07
16.32   -6.34574e-07
16.33   -6.27497e-07
16.34   -6.20499e-07
16.35   -6.1358e-07
16.36   -6.06738e-07
16.37   -5.99974e-07
16.38   -5.93285e-07
16.39   -5.8667e-07
16.4   -5.80131e-07
16.41   -5.73664e-07
16.42   -5.6727e-07
16.43   -5.60947e-07
16.44   -5.54696e-07
16.45   -5.48514e-07
16.46   -5.42402e-07
16.47   -5.36358e-07
16.48   -5.30382e-07
16.49   -5.24473e-07
16.5   -5.1863e-07
16.51   -5.12853e-07
16.52   -5.0714e-07
16.53   -5.01491e-07
16.54   -4.95906e-07
16.55   -4.90383e-07
16.56   -4.84923e-07
16.57   -4.79523e-07
16.58   -4.74184e-07
16.59   -4.68905e-07
16.6   -4.63684e-07
16.61   -4.58523e-07
16.62   -4.53419e-07
16.63   -4.48372e-07
16.64   -4.43382e-07
16.65   -4.38448e-07
16.66   -4.33569e-07
16.67   -4.28745e-07
16.68   -4.23975e-07
16.69   -4.19258e-07
16.7   -4.14594e-07
16.71   -4.09983e-07
16.72   -4.05423e-07
16.73   -4.00914e-07
16.74   -3.96456e-07
16.75   -3.92047e-07
16.76   -3.87689e-07
16.77   -3.83379e-07
16.78   -3.79117e-07
16.79   -3.74903e-07
16.8   -3.70736e-07
16.81   -3.66616e-07
16.82   -3.62542e-07
16.83   -3.58514e-07
16.84   -3.54531e-07
16.85   -3.50592e-07
16.86   -3.46698e-07
16.87   -3.42847e-07
16.88   -3.39039e-07
16.89   -3.35275e-07
16.9   -3.31552e-07
16.91   -3.27871e-07
16.92   -3.24231e-07
16.93   -3.20632e-07
16.94   -3.17074e-07
16.95   -3.13555e-07
16.96   -3.10076e-07
16.97   -3.06636e-07
16.98   -3.03234e-07
16.99   -2.99871e-07
17   -2.96545e-07
17.01   -2.93257e-07
17.02   -2.90005e-07
17.03   -2.8679e-07
17.04   -2.83611e-07
17.05   -2.80467e-07
17.06   -2.77359e-07
17.07   -2.74286e-07
17.08   -2.71247e-07
17.09   -2.68242e-07
17.1   -2.65271e-07
17.11   -2.62333e-07
17.12   -2.59429e-07
17.13   -2.56556e-07
17.14   -2.53716e-07
17.15   -2.50908e-07
17.16   -2.48132e-07
17.17   -2.45386e-07
17.18   -2.42672e-07
17.19   -2.39988e-07
17.2   -2.37334e-07
17.21   -2.3471e-07
17.22   -2.32115e-07
17.23   -2.29549e-07
17.24   -2.27012e-07
17.25   -2.24504e-07
17.26   -2.22024e-07
17.27   -2.19572e-07
17.28   -2.17147e-07
17.29   -2.1475e-07
17.3   -2.12379e-07
17.31   -2.10035e-07
17.32   -2.07718e-07
17.33   -2.05426e-07
17.34   -2.03161e-07
17.35   -2.0092e-07
17.36   -1.98705e-07
17.37   -1.96515e-07
17.38   -1.9435e-07
17.39   -1.92208e-07
17.4   -1.90091e-07
17.41   -1.87998e-07
17.42   -1.85929e-07
17.43   -1.83882e-07
17.44   -1.81859e-07
17.45   -1.79858e-07
17.46   -1.7788e-07
17.47   -1.75925e-07
17.48   -1.73991e-07
17.49   -1.72079e-07
17.5   -1.70189e-07
17.51   -1.6832e-07
17.52   -1.66472e-07
17.53   -1.64644e-07
17.54   -1.62838e-07
17.55   -1.61052e-07
17.56   -1.59286e-07
17.57   -1.5754e-07
17.58   -1.55813e-07
17.59   -1.54107e-07
17.6   -1.52419e-07
17.61   -1.5075e-07
17.62   -1.49101e-07
17.63   -1.4747e-07
17.64   -1.45857e-07
17.65   -1.44263e-07
17.66   -1.42687e-07
17.67   -1.41128e-07
17.68   -1.39588e-07
17.69   -1.38064e-07
17.7   -1.36558e-07
17.71   -1.35069e-07
17.72   -1.33597e-07
17.73   -1.32141e-07
17.74   -1.30703e-07
17.75   -1.2928e-07
17.76   -1.27873e-07
17.77   -1.26483e-07
17.78   -1.25108e-07
17.79   -1.23749e-07
17.8   -1.22406e-07
17.81   -1.21077e-07
17.82   -1.19764e-07
17.83   -1.18466e-07
17.84   -1.17182e-07
17.85   -1.15913e-07
17.86   -1.14659e-07
17.87   -1.13419e-07
17.88   -1.12193e-07
17.89   -1.10981e-07
17.9   -1.09783e-07
17.91   -1.08598e-07
17.92   -1.07427e-07
17.93   -1.0627e-07
17.94   -1.05125e-07
17.95   -1.03994e-07
17.96   -1.02876e-07
17.97   -1.01771e-07
17.98   -1.00678e-07
17.99   -9.95977e-08
18   -9.85299e-08
18.01   -9.74744e-08
18.02   -9.6431e-08
18.03   -9.53997e-08
18.04   -9.43802e-08
18.05   -9.33724e-08
18.06   -9.23763e-08
18.07   -9.13917e-08
18.08   -9.04184e-08
18.09   -8.94564e-08
18.1   -8.85055e-08
18.11   -8.75656e-08
18.12   -8.66366e-08
18.13   -8.57184e-08
18.14   -8.48108e-08
18.15   -8.39138e-08
18.16   -8.30272e-08
18.17   -8.21509e-08
18.18   -8.12848e-08
18.19   -8.04288e-08
18.2   -7.95828e-08
18.21   -7.87467e-08
18.22   -7.79204e-08
18.23   -7.71037e-08
18.24   -7.62966e-08
18.25   -7.54989e-08
18.26   -7.47107e-08
18.27   -7.39317e-08
18.28   -7.31618e-08
18.29   -7.2401e-08
18.3   -7.16492e-08
18.31   -7.09063e-08
18.32   -7.01722e-08
18.33   -6.94468e-08
18.34   -6.87299e-08
18.35   -6.80216e-08
18.36   -6.73217e-08
18.37   -6.66301e-08
18.38   -6.59468e-08
18.39   -6.52717e-08
18.4   -6.46046e-08
18.41   -6.39455e-08
18.42   -6.32943e-08
18.43   -6.26509e-08
18.44   -6.20153e-08
18.45   -6.13874e-08
18.46   -6.0767e-08
18.47   -6.01541e-08
18.48   -5.95487e-08
18.49   -5.89506e-08
18.5   -5.83598e-08
18.51   -5.77762e-08
18.52   -5.71997e-08
18.53   -5.66303e-08
18.54   -5.60679e-08
18.55   -5.55123e-08
18.56   -5.49637e-08
18.57   -5.44217e-08
18.58   -5.38865e-08
18.59   -5.3358e-08
18.6   -5.2836e-08
18.61   -5.23205e-08
18.62   -5.18114e-08
18.63   -5.13087e-08
18.64   -5.08123e-08
18.65   -5.03222e-08
18.66   -4.98382e-08
18.67   -4.93604e-08
18.68   -4.88886e-08
18.69   -4.84229e-08
18.7   -4.7963e-08
18.71   -4.75091e-08
18.72   -4.7061e-08
18.73   -4.66187e-08
18.74   -4.6182e-08
18.75   -4.57511e-08
18.76   -4.53257e-08
18.77   -4.49059e-08
18.78   -4.44916e-08
18.79   -4.40827e-08
18.8   -4.36792e-08
18.81   -4.32811e-08
18.82   -4.28883e-08
18.83   -4.25006e-08
18.84   -4.21182e-08
18.85   -4.1741e-08
18.86   -4.13688e-08
18.87   -4.10016e-08
18.88   -4.06395e-08
18.89   -4.02823e-08
18.9   -3.993e-08
18.91   -3.95826e-08
18.92   -3.924e-08
18.93   -3.89022e-08
18.94   -3.85691e-08
18.95   -3.82407e-08
18.96   -3.79169e-08
18.97   -3.75978e-08
18.98   -3.72832e-08
18.99   -3.69731e-08
19   -3.66676e-08
19.01   -3.63664e-08
19.02   -3.60697e-08
19.03   -3.57773e-08
19.04   -3.54893e-08
19.05   -3.52055e-08
19.06   -3.4926e-08
19.07   -3.46508e-08
19.08   -3.43797e-08
19.09   -3.41128e-08
19.1   -3.38499e-08
19.11   -3.35912e-08
19.12   -3.33365e-08
19.13   -3.30858e-08
19.14   -3.28391e-08
19.15   -3.25964e-08
19.16   -3.23576e-08
19.17   -3.21226e-08
19.18   -3.18915e-08
19.19   -3.16643e-08
19.2   -3.14408e-08
19.21   -3.12211e-08
19.22   -3.10052e-08
19.23   -3.07929e-08
19.24   -3.05844e-08
19.25   -3.03795e-08
19.26   -3.01782e-08
19.27   -2.99805e-08
19.28   -2.97864e-08
19.29   -2.95958e-08
19.3   -2.94088e-08
19.31   -2.92253e-08
19.32   -2.90452e-08
19.33   -2.88686e-08
19.34   -2.86954e-08
19.35   -2.85257e-08
19.36   -2.83593e-08
19.37   -2.81963e-08
19.38   -2.80366e-08
19.39   -2.78802e-08
19.4   -2.77271e-08
19.41   -2.75773e-08
19.42   -2.74308e-08
19.43   -2.72875e-08
19.44   -2.71474e-08
19.45   -2.70105e-08
19.46   -2.68767e-08
19.47   -2.67462e-08
19.48   -2.66187e-08
19.49   -2.64944e-08
19.5   -2.63732e-08
19.51   -2.62551e-08
19.52   -2.61401e-08
19.53   -2.60281e-08
19.54   -2.59192e-08
19.55   -2.58132e-08
19.56   -2.57103e-08
19.57   -2.56104e-08
19.58   -2.55135e-08
19.59   -2.54195e-08
19.6   -2.53285e-08
19.61   -2.52404e-08
19.62   -2.51553e-08
19.63   -2.50731e-08
19.64   -2.49937e-08
19.65   -2.49173e-08
19.66   -2.48437e-08
19.67   -2.4773e-08
19.68   -2.47052e-08
19.69   -2.46402e-08
19.7   -2.45781e-08
19.71   -2.45187e-08
19.72   -2.44622e-08
19.73   -2.44085e-08
19.74   -2.43576e-08
19.75   -2.43095e-08
19.76   -2.42641e-08
19.77   -2.42216e-08
19.78   -2.41818e-08
19.79   -2.41447e-08
19.8   -2.41104e-08
19.81   -2.40789e-08
19.82   -2.40501e-08
19.83   -2.4024e-08
19.84   -2.40007e-08
19.85   -2.398e-08
19.86   -2.39621e-08
19.87   -2.39469e-08
19.88   -2.39344e-08
19.89   -2.39246e-08
19.9   -2.39175e-08
19.91   -2.39131e-08
19.92   -2.39114e-08
19.93   -2.39124e-08
19.94   -2.39161e-08
19.95   -2.39224e-08
19.96   -2.39315e-08
19.97   -2.39432e-08
19.98   -2.39576e-08
19.99   -2.39746e-08
20   -2.39944e-08
20.01   -2.40168e-08
20.02   -2.40419e-08
20.03   -2.40697e-08
20.04   -2.41002e-08
20.05   -2.41333e-08
20.06   -2.41691e-08
20.07   -2.42076e-08
20.08   -2.42488e-08
20.09   -2.42926e-08
20.1   -2.43392e-08
20.11   -2.43884e-08
20.12   -2.44404e-08
20.13   -2.4495e-08
20.14   -2.45523e-08
20.15   -2.46123e-08
20.16   -2.46751e-08
20.17   -2.47405e-08
20.18   -2.48086e-08
20.19   -2.48795e-08
20.2   -2.49531e-08
20.21   -2.50295e-08
20.22   -2.51085e-08
20.23   -2.51903e-08
20.24   -2.52749e-08
20.25   -2.53622e-08
20.26   -2.54523e-08
20.27   -2.55452e-08
20.28   -2.56408e-08
20.29   -2.57392e-08
20.3   -2.58404e-08
20.31   -2.59445e-08
20.32   -2.60513e-08
20.33   -2.61609e-08
20.34   -2.62734e-08
20.35   -2.63888e-08
20.36   -2.65069e-08
20.37   -2.6628e-08
20.38   -2.67519e-08
20.39   -2.68787e-08
20.4   -2.70084e-08
20.41   -2.7141e-08
20.42   -2.72765e-08
20.43   -2.7415e-08
20.44   -2.75564e-08
20.45   -2.77008e-08
20.46   -2.78481e-08
20.47   -2.79984e-08
20.48   -2.81517e-08
20.49   -2.8308e-08
20.5   -2.84674e-08
20.51   -2.86298e-08
20.52   -2.87953e-08
20.53   -2.89638e-08
20.54   -2.91354e-08
20.55   -2.93101e-08
20.56   -2.9488e-08
20.57   -2.9669e-08
20.58   -2.98531e-08
20.59   -3.00405e-08
20.6   -3.0231e-08
20.61   -3.04247e-08
20.62   -3.06217e-08
20.63   -3.08219e-08
20.64   -3.10254e-08
20.65   -3.12321e-08
20.66   -3.14422e-08
20.67   -3.16556e-08
20.68   -3.18724e-08
20.69   -3.20925e-08
20.7   -3.2316e-08
20.71   -3.2543e-08
20.72   -3.27734e-08
20.73   -3.30072e-08
20.74   -3.32445e-08
20.75   -3.34853e-08
20.76   -3.37297e-08
20.77   -3.39776e-08
20.78   -3.42291e-08
20.79   -3.44842e-08
20.8   -3.47429e-08
20.81   -3.50053e-08
20.82   -3.52713e-08
20.83   -3.55411e-08
20.84   -3.58146e-08
20.85   -3.60918e-08
20.86   -3.63729e-08
20.87   -3.66577e-08
20.88   -3.69464e-08
20.89   -3.7239e-08
20.9   -3.75355e-08
20.91   -3.78359e-08
20.92   -3.81403e-08
20.93   -3.84487e-08
20.94   -3.87611e-08
20.95   -3.90776e-08
20.96   -3.93981e-08
20.97   -3.97228e-08
20.98   -4.00516e-08
20.99   -4.03846e-08
21   -4.07218e-08
21.01   -4.10633e-08
21.02   -4.14091e-08
21.03   -4.17591e-08
21.04   -4.21136e-08
21.05   -4.24724e-08
21.06   -4.28357e-08
21.07   -4.32035e-08
21.08   -4.35757e-08
21.09   -4.39525e-08
21.1   -4.43338e-08
21.11   -4.47198e-08
21.12   -4.51105e-08
21.13   -4.55058e-08
21.14   -4.59059e-08
21.15   -4.63108e-08
21.16   -4.67204e-08
21.17   -4.7135e-08
21.18   -4.75544e-08
21.19   -4.79788e-08
21.2   -4.84082e-08
21.21   -4.88426e-08
21.22   -4.92821e-08
21.23   -4.97267e-08
21.24   -5.01765e-08
21.25   -5.06314e-08
21.26   -5.10917e-08
21.27   -5.15573e-08
21.28   -5.20282e-08
21.29   -5.25045e-08
21.3   -5.29862e-08
21.31   -5.34735e-08
21.32   -5.39663e-08
21.33   -5.44647e-08
21.34   -5.49688e-08
21.35   -5.54785e-08
21.36   -5.59941e-08
21.37   -5.65154e-08
21.38   -5.70426e-08
21.39   -5.75757e-08
21.4   -5.81147e-08
21.41   -5.86598e-08
21.42   -5.9211e-08
21.43   -5.97683e-08
21.44   -6.03318e-08
21.45   -6.09015e-08
21.46   -6.14776e-08
21.47   -6.206e-08
21.48   -6.26489e-08
21.49   -6.32442e-08
21.5   -6.38461e-08
21.51   -6.44547e-08
21.52   -6.50698e-08
21.53   -6.56918e-08
21.54   -6.63205e-08
21.55   -6.69561e-08
21.56   -6.75986e-08
21.57   -6.82481e-08
21.58   -6.89047e-08
21.59   -6.95684e-08
21.6   -7.02393e-08
21.61   -7.09175e-08
21.62   -7.1603e-08
21.63   -7.22959e-08
21.64   -7.29963e-08
21.65   -7.37043e-08
21.66   -7.44198e-08
21.67   -7.51431e-08
21.68   -7.58742e-08
21.69   -7.6613e-08
21.7   -7.73599e-08
21.71   -7.81147e-08
21.72   -7.88776e-08
21.73   -7.96486e-08
21.74   -8.04279e-08
21.75   -8.12155e-08
21.76   -8.20115e-08
21.77   -8.2816e-08
21.78   -8.36291e-08
21.79   -8.44508e-08
21.8   -8.52812e-08
21.81   -8.61204e-08
21.82   -8.69686e-08
21.83   -8.78257e-08
21.84   -8.86919e-08
21.85   -8.95673e-08
21.86   -9.04519e-08
21.87   -9.13459e-08
21.88   -9.22493e-08
21.89   -9.31623e-08
21.9   -9.40849e-08
21.91   -9.50172e-08
21.92   -9.59593e-08
21.93   -9.69114e-08
21.94   -9.78734e-08
21.95   -9.88456e-08
21.96   -9.9828e-08
21.97   -1.00821e-07
21.98   -1.01824e-07
21.99   -1.02838e-07
22   -1.03862e-07
22.01   -1.04897e-07
22.02   -1.05943e-07
