0.03   0.000706468
0.04   0.000826413
0.05   0.000981866
0.06   0.00115137
0.07   0.00132748
0.08   0.00150709
0.09   0.00168871
0.1   0.00187156
0.11   0.00205517
0.12   0.0022393
0.13   0.00242376
0.14   0.00260844
0.15   0.00279327
0.16   0.00297819
0.17   0.00316316
0.18   0.00334814
0.19   0.00353313
0.2   0.00371809
0.21   0.00390301
0.22   0.00408787
0.23   0.00427268
0.24   0.00445741
0.25   0.00464207
0.26   0.00482663
0.27   0.0050111
0.28   0.00519547
0.29   0.00537972
0.3   0.00556387
0.31   0.00574789
0.32   0.00593179
0.33   0.00611556
0.34   0.00629919
0.35   0.00648269
0.36   0.00666604
0.37   0.00684924
0.38   0.00703228
0.39   0.00721517
0.4   0.00739789
0.41   0.00758044
0.42   0.00776282
0.43   0.00794503
0.44   0.00812705
0.45   0.00830889
0.46   0.00849054
0.47   0.008672
0.48   0.00885325
0.49   0.00903431
0.5   0.00921515
0.51   0.00939579
0.52   0.00957621
0.53   0.00975641
0.54   0.00993638
0.55   0.0101161
0.56   0.0102956
0.57   0.0104749
0.58   0.010654
0.59   0.0108328
0.6   0.0110113
0.61   0.0111896
0.62   0.0113676
0.63   0.0115454
0.64   0.0117229
0.65   0.0119002
0.66   0.0120771
0.67   0.0122538
0.68   0.0124302
0.69   0.0126064
0.7   0.0127822
0.71   0.0129577
0.72   0.013133
0.73   0.0133079
0.74   0.0134826
0.75   0.0136569
0.76   0.0138309
0.77   0.0140046
0.78   0.014178
0.79   0.014351
0.8   0.0145238
0.81   0.0146961
0.82   0.0148682
0.83   0.0150399
0.84   0.0152113
0.85   0.0153823
0.86   0.0155529
0.87   0.0157233
0.88   0.0158932
0.89   0.0160628
0.9   0.016232
0.91   0.0164008
0.92   0.0165693
0.93   0.0167374
0.94   0.0169051
0.95   0.0170724
0.96   0.0172393
0.97   0.0174059
0.98   0.017572
0.99   0.0177377
1   0.0179031
1.01   0.018068
1.02   0.0182325
1.03   0.0183966
1.04   0.0185602
1.05   0.0187235
1.06   0.0188863
1.07   0.0190487
1.08   0.0192106
1.09   0.0193721
1.1   0.0195332
1.11   0.0196938
1.12   0.019854
1.13   0.0200137
1.14   0.020173
1.15   0.0203317
1.16   0.0204901
1.17   0.0206479
1.18   0.0208053
1.19   0.0209623
1.2   0.0211187
1.21   0.0212747
1.22   0.0214301
1.23   0.0215851
1.24   0.0217396
1.25   0.0218936
1.26   0.0220471
1.27   0.0222001
1.28   0.0223526
1.29   0.0225046
1.3   0.0226561
1.31   0.022807
1.32   0.0229575
1.33   0.0231074
1.34   0.0232568
1.35   0.0234057
1.36   0.023554
1.37   0.0237018
1.38   0.023849
1.39   0.0239958
1.4   0.0241419
1.41   0.0242876
1.42   0.0244326
1.43   0.0245772
1.44   0.0247211
1.45   0.0248645
1.46   0.0250073
1.47   0.0251496
1.48   0.0252913
1.49   0.0254324
1.5   0.025573
1.51   0.025713
1.52   0.0258524
1.53   0.0259912
1.54   0.0261294
1.55   0.026267
1.56   0.026404
1.57   0.0265405
1.58   0.0266763
1.59   0.0268115
1.6   0.0269461
1.61   0.0270802
1.62   0.0272136
1.63   0.0273464
1.64   0.0274785
1.65   0.0276101
1.66   0.027741
1.67   0.0278713
1.68   0.028001
1.69   0.02813
1.7   0.0282584
1.71   0.0283862
1.72   0.0285134
1.73   0.0286399
1.74   0.0287657
1.75   0.0288909
1.76   0.0290155
1.77   0.0291394
1.78   0.0292626
1.79   0.0293852
1.8   0.0295071
1.81   0.0296284
1.82   0.029749
1.83   0.0298689
1.84   0.0299882
1.85   0.0301068
1.86   0.0302247
1.87   0.0303419
1.88   0.0304585
1.89   0.0305744
1.9   0.0306896
1.91   0.0308041
1.92   0.0309179
1.93   0.031031
1.94   0.0311434
1.95   0.0312552
1.96   0.0313662
1.97   0.0314766
1.98   0.0315862
1.99   0.0316951
2   0.0318033
2.01   0.0319109
2.02   0.0320177
2.03   0.0321238
2.04   0.0322291
2.05   0.0323338
2.06   0.0324377
2.07   0.0325409
2.08   0.0326434
2.09   0.0327452
2.1   0.0328462
2.11   0.0329465
2.12   0.0330461
2.13   0.033145
2.14   0.0332431
2.15   0.0333404
2.16   0.0334371
2.17   0.033533
2.18   0.0336281
2.19   0.0337225
2.2   0.0338162
2.21   0.0339091
2.22   0.0340013
2.23   0.0340927
2.24   0.0341833
2.25   0.0342732
2.26   0.0343624
2.27   0.0344508
2.28   0.0345384
2.29   0.0346252
2.3   0.0347114
2.31   0.0347967
2.32   0.0348813
2.33   0.0349651
2.34   0.0350481
2.35   0.0351304
2.36   0.0352119
2.37   0.0352926
2.38   0.0353725
2.39   0.0354517
2.4   0.0355301
2.41   0.0356077
2.42   0.0356846
2.43   0.0357606
2.44   0.0358359
2.45   0.0359104
2.46   0.0359841
2.47   0.036057
2.48   0.0361291
2.49   0.0362005
2.5   0.036271
2.51   0.0363408
2.52   0.0364098
2.53   0.036478
2.54   0.0365453
2.55   0.0366119
2.56   0.0366777
2.57   0.0367427
2.58   0.0368069
2.59   0.0368703
2.6   0.0369329
2.61   0.0369947
2.62   0.0370557
2.63   0.0371159
2.64   0.0371753
2.65   0.0372339
2.66   0.0372917
2.67   0.0373487
2.68   0.0374049
2.69   0.0374602
2.7   0.0375148
2.71   0.0375685
2.72   0.0376215
2.73   0.0376736
2.74   0.0377249
2.75   0.0377755
2.76   0.0378252
2.77   0.037874
2.78   0.0379221
2.79   0.0379694
2.8   0.0380158
2.81   0.0380615
2.82   0.0381063
2.83   0.0381503
2.84   0.0381935
2.85   0.0382359
2.86   0.0382774
2.87   0.0383182
2.88   0.0383581
2.89   0.0383972
2.9   0.0384355
2.91   0.038473
2.92   0.0385097
2.93   0.0385455
2.94   0.0385806
2.95   0.0386148
2.96   0.0386482
2.97   0.0386808
2.98   0.0387125
2.99   0.0387435
3   0.0387736
3.01   0.0388029
3.02   0.0388314
3.03   0.0388591
3.04   0.0388859
3.05   0.0389119
3.06   0.0389372
3.07   0.0389616
3.08   0.0389852
3.09   0.0390079
3.1   0.0390299
3.11   0.039051
3.12   0.0390713
3.13   0.0390908
3.14   0.0391095
3.15   0.0391274
3.16   0.0391445
3.17   0.0391607
3.18   0.0391761
3.19   0.0391908
3.2   0.0392046
3.21   0.0392176
3.22   0.0392297
3.23   0.0392411
3.24   0.0392517
3.25   0.0392614
3.26   0.0392703
3.27   0.0392785
3.28   0.0392858
3.29   0.0392923
3.3   0.039298
3.31   0.0393029
3.32   0.039307
3.33   0.0393103
3.34   0.0393128
3.35   0.0393144
3.36   0.0393153
3.37   0.0393154
3.38   0.0393147
3.39   0.0393131
3.4   0.0393108
3.41   0.0393077
3.42   0.0393038
3.43   0.039299
3.44   0.0392935
3.45   0.0392872
3.46   0.0392801
3.47   0.0392722
3.48   0.0392636
3.49   0.0392541
3.5   0.0392438
3.51   0.0392328
3.52   0.0392209
3.53   0.0392083
3.54   0.0391949
3.55   0.0391807
3.56   0.0391658
3.57   0.03915
3.58   0.0391335
3.59   0.0391162
3.6   0.0390981
3.61   0.0390792
3.62   0.0390596
3.63   0.0390392
3.64   0.039018
3.65   0.0389961
3.66   0.0389734
3.67   0.0389499
3.68   0.0389257
3.69   0.0389007
3.7   0.0388749
3.71   0.0388484
3.72   0.0388211
3.73   0.0387931
3.74   0.0387643
3.75   0.0387348
3.76   0.0387045
3.77   0.0386734
3.78   0.0386417
3.79   0.0386091
3.8   0.0385758
3.81   0.0385418
3.82   0.0385071
3.83   0.0384716
3.84   0.0384353
3.85   0.0383984
3.86   0.0383607
3.87   0.0383223
3.88   0.0382831
3.89   0.0382432
3.9   0.0382026
3.91   0.0381613
3.92   0.0381192
3.93   0.0380765
3.94   0.038033
3.95   0.0379888
3.96   0.0379439
3.97   0.0378983
3.98   0.037852
3.99   0.0378049
4   0.0377572
4.01   0.0377088
4.02   0.0376596
4.03   0.0376098
4.04   0.0375593
4.05   0.0375081
4.06   0.0374562
4.07   0.0374036
4.08   0.0373504
4.09   0.0372964
4.1   0.0372418
4.11   0.0371865
4.12   0.0371306
4.13   0.0370739
4.14   0.0370166
4.15   0.0369586
4.16   0.0369
4.17   0.0368407
4.18   0.0367808
4.19   0.0367201
4.2   0.0366589
4.21   0.036597
4.22   0.0365344
4.23   0.0364712
4.24   0.0364074
4.25   0.0363429
4.26   0.0362778
4.27   0.0362121
4.28   0.0361457
4.29   0.0360787
4.3   0.0360111
4.31   0.0359428
4.32   0.035874
4.33   0.0358045
4.34   0.0357344
4.35   0.0356637
4.36   0.0355924
4.37   0.0355205
4.38   0.035448
4.39   0.0353749
4.4   0.0353012
4.41   0.0352269
4.42   0.0351521
4.43   0.0350766
4.44   0.0350006
4.45   0.034924
4.46   0.0348468
4.47   0.034769
4.48   0.0346907
4.49   0.0346118
4.5   0.0345324
4.51   0.0344524
4.52   0.0343718
4.53   0.0342907
4.54   0.0342091
4.55   0.0341269
4.56   0.0340442
4.57   0.0339609
4.58   0.0338771
4.59   0.0337928
4.6   0.0337079
4.61   0.0336225
4.62   0.0335366
4.63   0.0334502
4.64   0.0333633
4.65   0.0332759
4.66   0.0331879
4.67   0.0330995
4.68   0.0330106
4.69   0.0329212
4.7   0.0328313
4.71   0.0327409
4.72   0.03265
4.73   0.0325586
4.74   0.0324668
4.75   0.0323745
4.76   0.0322817
4.77   0.0321885
4.78   0.0320948
4.79   0.0320007
4.8   0.0319061
4.81   0.0318111
4.82   0.0317156
4.83   0.0316197
4.84   0.0315233
4.85   0.0314266
4.86   0.0313294
4.87   0.0312317
4.88   0.0311337
4.89   0.0310352
4.9   0.0309364
4.91   0.0308371
4.92   0.0307374
4.93   0.0306373
4.94   0.0305369
4.95   0.030436
4.96   0.0303348
4.97   0.0302332
4.98   0.0301312
4.99   0.0300288
5   0.0299261
5.01   0.029823
5.02   0.0297195
5.03   0.0296157
5.04   0.0295116
5.05   0.0294071
5.06   0.0293022
5.07   0.029197
5.08   0.0290915
5.09   0.0289857
5.1   0.0288795
5.11   0.028773
5.12   0.0286662
5.13   0.0285591
5.14   0.0284517
5.15   0.028344
5.16   0.028236
5.17   0.0281277
5.18   0.0280191
5.19   0.0279103
5.2   0.0278011
5.21   0.0276917
5.22   0.027582
5.23   0.027472
5.24   0.0273618
5.25   0.0272514
5.26   0.0271407
5.27   0.0270297
5.28   0.0269185
5.29   0.0268071
5.3   0.0266954
5.31   0.0265835
5.32   0.0264714
5.33   0.0263591
5.34   0.0262465
5.35   0.0261338
5.36   0.0260208
5.37   0.0259077
5.38   0.0257943
5.39   0.0256808
5.4   0.0255671
5.41   0.0254532
5.42   0.0253392
5.43   0.0252249
5.44   0.0251105
5.45   0.024996
5.46   0.0248813
5.47   0.0247665
5.48   0.0246515
5.49   0.0245363
5.5   0.0244211
5.51   0.0243057
5.52   0.0241902
5.53   0.0240745
5.54   0.0239588
5.55   0.023843
5.56   0.023727
5.57   0.023611
5.58   0.0234948
5.59   0.0233786
5.6   0.0232623
5.61   0.0231459
5.62   0.0230294
5.63   0.0229129
5.64   0.0227963
5.65   0.0226796
5.66   0.0225629
5.67   0.0224462
5.68   0.0223294
5.69   0.0222126
5.7   0.0220957
5.71   0.0219788
5.72   0.0218619
5.73   0.021745
5.74   0.0216281
5.75   0.0215111
5.76   0.0213942
5.77   0.0212772
5.78   0.0211603
5.79   0.0210434
5.8   0.0209265
5.81   0.0208096
5.82   0.0206928
5.83   0.020576
5.84   0.0204592
5.85   0.0203425
5.86   0.0202258
5.87   0.0201092
5.88   0.0199926
5.89   0.0198761
5.9   0.0197597
5.91   0.0196434
5.92   0.0195271
5.93   0.0194109
5.94   0.0192948
5.95   0.0191789
5.96   0.019063
5.97   0.0189472
5.98   0.0188315
5.99   0.018716
6   0.0186005
6.01   0.0184852
6.02   0.01837
6.03   0.018255
6.04   0.0181401
6.05   0.0180253
6.06   0.0179107
6.07   0.0177963
6.08   0.017682
6.09   0.0175679
6.1   0.0174539
6.11   0.0173402
6.12   0.0172266
6.13   0.0171132
6.14   0.0169999
6.15   0.0168869
6.16   0.0167741
6.17   0.0166615
6.18   0.0165491
6.19   0.0164369
6.2   0.0163249
6.21   0.0162132
6.22   0.0161017
6.23   0.0159904
6.24   0.0158793
6.25   0.0157685
6.26   0.015658
6.27   0.0155477
6.28   0.0154376
6.29   0.0153278
6.3   0.0152183
6.31   0.015109
6.32   0.0150001
6.33   0.0148914
6.34   0.014783
6.35   0.0146748
6.36   0.014567
6.37   0.0144595
6.38   0.0143522
6.39   0.0142453
6.4   0.0141387
6.41   0.0140324
6.42   0.0139264
6.43   0.0138207
6.44   0.0137154
6.45   0.0136104
6.46   0.0135057
6.47   0.0134014
6.48   0.0132974
6.49   0.0131938
6.5   0.0130905
6.51   0.0129875
6.52   0.0128849
6.53   0.0127827
6.54   0.0126809
6.55   0.0125794
6.56   0.0124783
6.57   0.0123775
6.58   0.0122772
6.59   0.0121772
6.6   0.0120776
6.61   0.0119785
6.62   0.0118797
6.63   0.0117813
6.64   0.0116833
6.65   0.0115857
6.66   0.0114885
6.67   0.0113917
6.68   0.0112954
6.69   0.0111994
6.7   0.0111039
6.71   0.0110088
6.72   0.0109142
6.73   0.0108199
6.74   0.0107261
6.75   0.0106327
6.76   0.0105398
6.77   0.0104473
6.78   0.0103553
6.79   0.0102637
6.8   0.0101725
6.81   0.0100818
6.82   0.00999158
6.83   0.00990179
6.84   0.00981246
6.85   0.00972359
6.86   0.00963519
6.87   0.00954724
6.88   0.00945977
6.89   0.00937277
6.9   0.00928623
6.91   0.00920018
6.92   0.00911459
6.93   0.00902949
6.94   0.00894486
6.95   0.00886072
6.96   0.00877705
6.97   0.00869388
6.98   0.00861118
6.99   0.00852898
7   0.00844726
7.01   0.00836604
7.02   0.00828531
7.03   0.00820507
7.04   0.00812532
7.05   0.00804607
7.06   0.00796732
7.07   0.00788906
7.08   0.00781131
7.09   0.00773405
7.1   0.00765729
7.11   0.00758104
7.12   0.00750528
7.13   0.00743003
7.14   0.00735529
7.15   0.00728104
7.16   0.00720731
7.17   0.00713407
7.18   0.00706135
7.19   0.00698912
7.2   0.00691741
7.21   0.0068462
7.22   0.0067755
7.23   0.0067053
7.24   0.00663561
7.25   0.00656643
7.26   0.00649775
7.27   0.00642958
7.28   0.00636192
7.29   0.00629476
7.3   0.00622811
7.31   0.00616196
7.32   0.00609632
7.33   0.00603119
7.34   0.00596656
7.35   0.00590243
7.36   0.0058388
7.37   0.00577568
7.38   0.00571306
7.39   0.00565094
7.4   0.00558932
7.41   0.0055282
7.42   0.00546758
7.43   0.00540745
7.44   0.00534782
7.45   0.00528869
7.46   0.00523005
7.47   0.0051719
7.48   0.00511424
7.49   0.00505708
7.5   0.0050004
7.51   0.00494422
7.52   0.00488851
7.53   0.0048333
7.54   0.00477856
7.55   0.00472431
7.56   0.00467054
7.57   0.00461725
7.58   0.00456443
7.59   0.00451209
7.6   0.00446022
7.61   0.00440883
7.62   0.0043579
7.63   0.00430744
7.64   0.00425745
7.65   0.00420792
7.66   0.00415886
7.67   0.00411025
7.68   0.00406211
7.69   0.00401441
7.7   0.00396718
7.71   0.00392039
7.72   0.00387406
7.73   0.00382817
7.74   0.00378272
7.75   0.00373772
7.76   0.00369316
7.77   0.00364904
7.78   0.00360536
7.79   0.0035621
7.8   0.00351928
7.81   0.00347689
7.82   0.00343493
7.83   0.00339338
7.84   0.00335226
7.85   0.00331156
7.86   0.00327128
7.87   0.0032314
7.88   0.00319194
7.89   0.00315289
7.9   0.00311424
7.91   0.003076
7.92   0.00303816
7.93   0.00300071
7.94   0.00296367
7.95   0.00292701
7.96   0.00289074
7.97   0.00285486
7.98   0.00281937
7.99   0.00278425
8   0.00274952
8.01   0.00271516
8.02   0.00268118
8.03   0.00264757
8.04   0.00261432
8.05   0.00258144
8.06   0.00254892
8.07   0.00251676
8.08   0.00248496
8.09   0.00245351
8.1   0.00242242
8.11   0.00239167
8.12   0.00236126
8.13   0.0023312
8.14   0.00230148
8.15   0.0022721
8.16   0.00224305
8.17   0.00221433
8.18   0.00218594
8.19   0.00215788
8.2   0.00213014
8.21   0.00210272
8.22   0.00207562
8.23   0.00204883
8.24   0.00202235
8.25   0.00199619
8.26   0.00197033
8.27   0.00194477
8.28   0.00191951
8.29   0.00189455
8.3   0.00186989
8.31   0.00184552
8.32   0.00182143
8.33   0.00179764
8.34   0.00177413
8.35   0.0017509
8.36   0.00172795
8.37   0.00170527
8.38   0.00168287
8.39   0.00166074
8.4   0.00163888
8.41   0.00161728
8.42   0.00159594
8.43   0.00157487
8.44   0.00155405
8.45   0.00153349
8.46   0.00151318
8.47   0.00149312
8.48   0.0014733
8.49   0.00145374
8.5   0.00143441
8.51   0.00141532
8.52   0.00139647
8.53   0.00137786
8.54   0.00135947
8.55   0.00134132
8.56   0.00132339
8.57   0.00130569
8.58   0.00128821
8.59   0.00127095
8.6   0.0012539
8.61   0.00123708
8.62   0.00122046
8.63   0.00120406
8.64   0.00118786
8.65   0.00117187
8.66   0.00115608
8.67   0.0011405
8.68   0.00112511
8.69   0.00110992
8.7   0.00109492
8.71   0.00108012
8.72   0.00106551
8.73   0.00105108
8.74   0.00103684
8.75   0.00102279
8.76   0.00100891
8.77   0.000995218
8.78   0.000981701
8.79   0.000968359
8.8   0.00095519
8.81   0.000942193
8.82   0.000929365
8.83   0.000916704
8.84   0.000904209
8.85   0.000891876
8.86   0.000879706
8.87   0.000867695
8.88   0.000855841
8.89   0.000844143
8.9   0.000832599
8.91   0.000821207
8.92   0.000809965
8.93   0.000798872
8.94   0.000787924
8.95   0.000777122
8.96   0.000766463
8.97   0.000755945
8.98   0.000745566
8.99   0.000735326
9   0.000725221
9.01   0.000715251
9.02   0.000705414
9.03   0.000695708
9.04   0.000686131
9.05   0.000676682
9.06   0.00066736
9.07   0.000658162
9.08   0.000649088
9.09   0.000640135
9.1   0.000631302
9.11   0.000622588
9.12   0.000613991
9.13   0.00060551
9.14   0.000597143
9.15   0.000588888
9.16   0.000580745
9.17   0.000572712
9.18   0.000564787
9.19   0.000556969
9.2   0.000549257
9.21   0.000541649
9.22   0.000534144
9.23   0.000526742
9.24   0.000519439
9.25   0.000512236
9.26   0.00050513
9.27   0.000498121
9.28   0.000491207
9.29   0.000484387
9.3   0.000477661
9.31   0.000471025
9.32   0.000464481
9.33   0.000458025
9.34   0.000451658
9.35   0.000445378
9.36   0.000439183
9.37   0.000433073
9.38   0.000427047
9.39   0.000421103
9.4   0.000415241
9.41   0.000409459
9.42   0.000403756
9.43   0.000398131
9.44   0.000392584
9.45   0.000387113
9.46   0.000381717
9.47   0.000376395
9.48   0.000371146
9.49   0.00036597
9.5   0.000360864
9.51   0.00035583
9.52   0.000350864
9.53   0.000345967
9.54   0.000341137
9.55   0.000336374
9.56   0.000331677
9.57   0.000327044
9.58   0.000322476
9.59   0.000317971
9.6   0.000313528
9.61   0.000309146
9.62   0.000304825
9.63   0.000300564
9.64   0.000296361
9.65   0.000292217
9.66   0.000288131
9.67   0.000284101
9.68   0.000280126
9.69   0.000276207
9.7   0.000272342
9.71   0.000268531
9.72   0.000264773
9.73   0.000261067
9.74   0.000257413
9.75   0.000253809
9.76   0.000250255
9.77   0.000246751
9.78   0.000243295
9.79   0.000239887
9.8   0.000236527
9.81   0.000233214
9.82   0.000229947
9.83   0.000226725
9.84   0.000223548
9.85   0.000220415
9.86   0.000217326
9.87   0.00021428
9.88   0.000211277
9.89   0.000208315
9.9   0.000205395
9.91   0.000202515
9.92   0.000199675
9.93   0.000196876
9.94   0.000194115
9.95   0.000191393
9.96   0.000188708
9.97   0.000186062
9.98   0.000183452
9.99   0.000180879
10   0.000178341
10.01   0.000175839
10.02   0.000173372
10.03   0.00017094
10.04   0.000168542
10.05   0.000166177
10.06   0.000163845
10.07   0.000161546
10.08   0.000159279
10.09   0.000157044
10.1   0.00015484
10.11   0.000152666
10.12   0.000150524
10.13   0.000148411
10.14   0.000146328
10.15   0.000144274
10.16   0.000142249
10.17   0.000140252
10.18   0.000138283
10.19   0.000136342
10.2   0.000134428
10.21   0.000132541
10.22   0.00013068
10.23   0.000128845
10.24   0.000127036
10.25   0.000125253
10.26   0.000123494
10.27   0.00012176
10.28   0.000120051
10.29   0.000118365
10.3   0.000116703
10.31   0.000115064
10.32   0.000113449
10.33   0.000111856
10.34   0.000110285
10.35   0.000108737
10.36   0.00010721
10.37   0.000105704
10.38   0.00010422
10.39   0.000102757
10.4   0.000101314
10.41   9.98912e-05
10.42   9.84886e-05
10.43   9.71056e-05
10.44   9.57421e-05
10.45   9.43977e-05
10.46   9.30722e-05
10.47   9.17653e-05
10.48   9.04768e-05
10.49   8.92064e-05
10.5   8.79538e-05
10.51   8.67188e-05
10.52   8.55012e-05
10.53   8.43007e-05
10.54   8.31171e-05
10.55   8.195e-05
10.56   8.07994e-05
10.57   7.9665e-05
10.58   7.85465e-05
10.59   7.74437e-05
10.6   7.63564e-05
10.61   7.52844e-05
10.62   7.42275e-05
10.63   7.31854e-05
10.64   7.2158e-05
10.65   7.1145e-05
10.66   7.01462e-05
10.67   6.91615e-05
10.68   6.81906e-05
10.69   6.72334e-05
10.7   6.62896e-05
10.71   6.53592e-05
10.72   6.44417e-05
10.73   6.35372e-05
10.74   6.26454e-05
10.75   6.17662e-05
10.76   6.08993e-05
10.77   6.00445e-05
10.78   5.92019e-05
10.79   5.8371e-05
10.8   5.75518e-05
10.81   5.67442e-05
10.82   5.59479e-05
10.83   5.51628e-05
10.84   5.43888e-05
10.85   5.36256e-05
10.86   5.28731e-05
10.87   5.21313e-05
10.88   5.13998e-05
10.89   5.06787e-05
10.9   4.99677e-05
10.91   4.92667e-05
10.92   4.85755e-05
10.93   4.78941e-05
10.94   4.72222e-05
10.95   4.65598e-05
10.96   4.59067e-05
10.97   4.52628e-05
10.98   4.4628e-05
10.99   4.4002e-05
11   4.33849e-05
11.01   4.27764e-05
11.02   4.21765e-05
11.03   4.15851e-05
11.04   4.10019e-05
11.05   4.0427e-05
11.06   3.98601e-05
11.07   3.93012e-05
11.08   3.87501e-05
11.09   3.82068e-05
11.1   3.76712e-05
11.11   3.71431e-05
11.12   3.66223e-05
11.13   3.6109e-05
11.14   3.56028e-05
11.15   3.51037e-05
11.16   3.46117e-05
11.17   3.41266e-05
11.18   3.36483e-05
11.19   3.31767e-05
11.2   3.27117e-05
11.21   3.22533e-05
11.22   3.18013e-05
11.23   3.13557e-05
11.24   3.09163e-05
11.25   3.04831e-05
11.26   3.0056e-05
11.27   2.96349e-05
11.28   2.92197e-05
11.29   2.88104e-05
11.3   2.84068e-05
11.31   2.80089e-05
11.32   2.76165e-05
11.33   2.72297e-05
11.34   2.68483e-05
11.35   2.64723e-05
11.36   2.61015e-05
11.37   2.5736e-05
11.38   2.53756e-05
11.39   2.50202e-05
11.4   2.46699e-05
11.41   2.43245e-05
11.42   2.39839e-05
11.43   2.36481e-05
11.44   2.3317e-05
11.45   2.29906e-05
11.46   2.26687e-05
11.47   2.23514e-05
11.48   2.20385e-05
11.49   2.173e-05
11.5   2.14259e-05
11.51   2.1126e-05
11.52   2.08304e-05
11.53   2.05388e-05
11.54   2.02514e-05
11.55   1.9968e-05
11.56   1.96886e-05
11.57   1.94131e-05
11.58   1.91415e-05
11.59   1.88737e-05
11.6   1.86097e-05
11.61   1.83493e-05
11.62   1.80927e-05
11.63   1.78396e-05
11.64   1.759e-05
11.65   1.7344e-05
11.66   1.71014e-05
11.67   1.68623e-05
11.68   1.66264e-05
11.69   1.63939e-05
11.7   1.61647e-05
11.71   1.59386e-05
11.72   1.57158e-05
11.73   1.54961e-05
11.74   1.52794e-05
11.75   1.50658e-05
11.76   1.48552e-05
11.77   1.46475e-05
11.78   1.44428e-05
11.79   1.42409e-05
11.8   1.40418e-05
11.81   1.38456e-05
11.82   1.36521e-05
11.83   1.34613e-05
11.84   1.32732e-05
11.85   1.30877e-05
11.86   1.29048e-05
11.87   1.27245e-05
11.88   1.25467e-05
11.89   1.23714e-05
11.9   1.21986e-05
11.91   1.20282e-05
11.92   1.18602e-05
11.93   1.16945e-05
11.94   1.15312e-05
11.95   1.13701e-05
11.96   1.12113e-05
11.97   1.10547e-05
11.98   1.09004e-05
11.99   1.07481e-05
12   1.05981e-05
12.01   1.04501e-05
12.02   1.03042e-05
12.03   1.01603e-05
12.04   1.00185e-05
12.05   9.87859e-06
12.06   9.74069e-06
12.07   9.60472e-06
12.08   9.47065e-06
12.09   9.33846e-06
12.1   9.20813e-06
12.11   9.07962e-06
12.12   8.9529e-06
12.13   8.82797e-06
12.14   8.70478e-06
12.15   8.58332e-06
12.16   8.46355e-06
12.17   8.34547e-06
12.18   8.22903e-06
12.19   8.11423e-06
12.2   8.00103e-06
12.21   7.88942e-06
12.22   7.77937e-06
12.23   7.67087e-06
12.24   7.56388e-06
12.25   7.45838e-06
12.26   7.35437e-06
12.27   7.25181e-06
12.28   7.15068e-06
12.29   7.05097e-06
12.3   6.95265e-06
12.31   6.85571e-06
12.32   6.76013e-06
12.33   6.66588e-06
12.34   6.57295e-06
12.35   6.48133e-06
12.36   6.39098e-06
12.37   6.3019e-06
12.38   6.21406e-06
12.39   6.12745e-06
12.4   6.04205e-06
12.41   5.95785e-06
12.42   5.87483e-06
12.43   5.79296e-06
12.44   5.71224e-06
12.45   5.63265e-06
12.46   5.55417e-06
12.47   5.47679e-06
12.48   5.40049e-06
12.49   5.32526e-06
12.5   5.25107e-06
12.51   5.17793e-06
12.52   5.10581e-06
12.53   5.03469e-06
12.54   4.96457e-06
12.55   4.89543e-06
12.56   4.82726e-06
12.57   4.76004e-06
12.58   4.69375e-06
12.59   4.6284e-06
12.6   4.56395e-06
12.61   4.50041e-06
12.62   4.43776e-06
12.63   4.37598e-06
12.64   4.31506e-06
12.65   4.25499e-06
12.66   4.19577e-06
12.67   4.13737e-06
12.68   4.07978e-06
12.69   4.023e-06
12.7   3.96701e-06
12.71   3.91181e-06
12.72   3.85737e-06
12.73   3.8037e-06
12.74   3.75077e-06
12.75   3.69859e-06
12.76   3.64713e-06
12.77   3.59639e-06
12.78   3.54636e-06
12.79   3.49703e-06
12.8   3.44838e-06
12.81   3.40042e-06
12.82   3.35312e-06
12.83   3.30649e-06
12.84   3.2605e-06
12.85   3.21516e-06
12.86   3.17045e-06
12.87   3.12636e-06
12.88   3.08289e-06
12.89   3.04003e-06
12.9   2.99776e-06
12.91   2.95609e-06
12.92   2.91499e-06
12.93   2.87447e-06
12.94   2.83451e-06
12.95   2.79511e-06
12.96   2.75626e-06
12.97   2.71795e-06
12.98   2.68018e-06
12.99   2.64293e-06
13   2.6062e-06
13.01   2.56999e-06
13.02   2.53428e-06
13.03   2.49906e-06
13.04   2.46434e-06
13.05   2.4301e-06
13.06   2.39634e-06
13.07   2.36305e-06
13.08   2.33023e-06
13.09   2.29786e-06
13.1   2.26594e-06
13.11   2.23447e-06
13.12   2.20344e-06
13.13   2.17284e-06
13.14   2.14266e-06
13.15   2.11291e-06
13.16   2.08357e-06
13.17   2.05464e-06
13.18   2.02611e-06
13.19   1.99798e-06
13.2   1.97025e-06
13.21   1.94289e-06
13.22   1.91592e-06
13.23   1.88933e-06
13.24   1.86311e-06
13.25   1.83725e-06
13.26   1.81175e-06
13.27   1.78661e-06
13.28   1.76181e-06
13.29   1.73736e-06
13.3   1.71326e-06
13.31   1.68949e-06
13.32   1.66605e-06
13.33   1.64293e-06
13.34   1.62014e-06
13.35   1.59766e-06
13.36   1.5755e-06
13.37   1.55365e-06
13.38   1.5321e-06
13.39   1.51085e-06
13.4   1.4899e-06
13.41   1.46924e-06
13.42   1.44886e-06
13.43   1.42877e-06
13.44   1.40896e-06
13.45   1.38943e-06
13.46   1.37016e-06
13.47   1.35117e-06
13.48   1.33244e-06
13.49   1.31397e-06
13.5   1.29576e-06
13.51   1.2778e-06
13.52   1.26009e-06
13.53   1.24263e-06
13.54   1.22541e-06
13.55   1.20843e-06
13.56   1.19168e-06
13.57   1.17517e-06
13.58   1.15889e-06
13.59   1.14283e-06
13.6   1.127e-06
13.61   1.11139e-06
13.62   1.096e-06
13.63   1.08082e-06
13.64   1.06585e-06
13.65   1.05109e-06
13.66   1.03653e-06
13.67   1.02218e-06
13.68   1.00803e-06
13.69   9.94073e-07
13.7   9.80311e-07
13.71   9.6674e-07
13.72   9.53359e-07
13.73   9.40163e-07
13.74   9.27151e-07
13.75   9.1432e-07
13.76   9.01667e-07
13.77   8.8919e-07
13.78   8.76887e-07
13.79   8.64755e-07
13.8   8.52792e-07
13.81   8.40995e-07
13.82   8.29362e-07
13.83   8.1789e-07
13.84   8.06579e-07
13.85   7.95424e-07
13.86   7.84425e-07
13.87   7.73579e-07
13.88   7.62883e-07
13.89   7.52336e-07
13.9   7.41936e-07
13.91   7.31681e-07
13.92   7.21568e-07
13.93   7.11595e-07
13.94   7.01762e-07
13.95   6.92065e-07
13.96   6.82503e-07
13.97   6.73074e-07
13.98   6.63776e-07
13.99   6.54607e-07
14   6.45566e-07
14.01   6.3665e-07
14.02   6.27859e-07
14.03   6.19189e-07
14.04   6.1064e-07
14.05   6.02211e-07
14.06   5.93898e-07
14.07   5.85701e-07
14.08   5.77618e-07
14.09   5.69647e-07
14.1   5.61787e-07
14.11   5.54037e-07
14.12   5.46394e-07
14.13   5.38857e-07
14.14   5.31426e-07
14.15   5.24097e-07
14.16   5.16871e-07
14.17   5.09745e-07
14.18   5.02718e-07
14.19   4.95789e-07
14.2   4.88957e-07
14.21   4.82219e-07
14.22   4.75575e-07
14.23   4.69024e-07
14.24   4.62564e-07
14.25   4.56193e-07
14.26   4.49912e-07
14.27   4.43717e-07
14.28   4.37609e-07
14.29   4.31586e-07
14.3   4.25647e-07
14.31   4.1979e-07
14.32   4.14015e-07
14.33   4.0832e-07
14.34   4.02705e-07
14.35   3.97168e-07
14.36   3.91707e-07
14.37   3.86323e-07
14.38   3.81014e-07
14.39   3.75779e-07
14.4   3.70617e-07
14.41   3.65526e-07
14.42   3.60507e-07
14.43   3.55557e-07
14.44   3.50677e-07
14.45   3.45864e-07
14.46   3.41119e-07
14.47   3.3644e-07
14.48   3.31825e-07
14.49   3.27276e-07
14.5   3.22789e-07
14.51   3.18366e-07
14.52   3.14004e-07
14.53   3.09703e-07
14.54   3.05461e-07
14.55   3.01279e-07
14.56   2.97156e-07
14.57   2.9309e-07
14.58   2.89081e-07
14.59   2.85127e-07
14.6   2.81229e-07
14.61   2.77386e-07
14.62   2.73596e-07
14.63   2.69859e-07
14.64   2.66175e-07
14.65   2.62541e-07
14.66   2.58959e-07
14.67   2.55427e-07
14.68   2.51944e-07
14.69   2.4851e-07
14.7   2.45124e-07
14.71   2.41786e-07
14.72   2.38494e-07
14.73   2.35248e-07
14.74   2.32048e-07
14.75   2.28893e-07
14.76   2.25782e-07
14.77   2.22715e-07
14.78   2.1969e-07
14.79   2.16709e-07
14.8   2.13769e-07
14.81   2.1087e-07
14.82   2.08012e-07
14.83   2.05194e-07
14.84   2.02416e-07
14.85   1.99677e-07
14.86   1.96977e-07
14.87   1.94314e-07
14.88   1.91689e-07
14.89   1.89102e-07
14.9   1.8655e-07
14.91   1.84035e-07
14.92   1.81555e-07
14.93   1.7911e-07
14.94   1.767e-07
14.95   1.74324e-07
14.96   1.71981e-07
14.97   1.69672e-07
14.98   1.67395e-07
14.99   1.6515e-07
15   1.62938e-07
15.01   1.60757e-07
15.02   1.58606e-07
15.03   1.56487e-07
15.04   1.54397e-07
15.05   1.52337e-07
15.06   1.50307e-07
15.07   1.48305e-07
15.08   1.46332e-07
15.09   1.44388e-07
15.1   1.42471e-07
15.11   1.40581e-07
15.12   1.38719e-07
15.13   1.36883e-07
15.14   1.35073e-07
15.15   1.3329e-07
15.16   1.31532e-07
15.17   1.29799e-07
15.18   1.28091e-07
15.19   1.26408e-07
15.2   1.2475e-07
15.21   1.23115e-07
15.22   1.21504e-07
15.23   1.19916e-07
15.24   1.18351e-07
15.25   1.16809e-07
15.26   1.15289e-07
15.27   1.13792e-07
15.28   1.12316e-07
15.29   1.10862e-07
15.3   1.09429e-07
15.31   1.08017e-07
15.32   1.06626e-07
15.33   1.05255e-07
15.34   1.03904e-07
15.35   1.02573e-07
15.36   1.01262e-07
15.37   9.99705e-08
15.38   9.86979e-08
15.39   9.74442e-08
15.4   9.62091e-08
15.41   9.49924e-08
15.42   9.37939e-08
15.43   9.26133e-08
15.44   9.14505e-08
15.45   9.03051e-08
15.46   8.91769e-08
15.47   8.80658e-08
15.48   8.69715e-08
15.49   8.58937e-08
15.5   8.48324e-08
15.51   8.37872e-08
15.52   8.27581e-08
15.53   8.17447e-08
15.54   8.07468e-08
15.55   7.97644e-08
15.56   7.87971e-08
15.57   7.78448e-08
15.58   7.69074e-08
15.59   7.59845e-08
15.6   7.50762e-08
15.61   7.41821e-08
15.62   7.3302e-08
15.63   7.2436e-08
15.64   7.15836e-08
15.65   7.07449e-08
15.66   6.99195e-08
15.67   6.91075e-08
15.68   6.83085e-08
15.69   6.75225e-08
15.7   6.67492e-08
15.71   6.59886e-08
15.72   6.52405e-08
15.73   6.45047e-08
15.74   6.37811e-08
15.75   6.30696e-08
15.76   6.237e-08
15.77   6.16821e-08
15.78   6.10059e-08
15.79   6.03412e-08
15.8   5.96879e-08
15.81   5.90458e-08
15.82   5.84148e-08
15.83   5.77949e-08
15.84   5.71858e-08
15.85   5.65874e-08
15.86   5.59997e-08
15.87   5.54225e-08
15.88   5.48557e-08
15.89   5.42992e-08
15.9   5.37529e-08
15.91   5.32166e-08
15.92   5.26903e-08
15.93   5.21738e-08
15.94   5.16672e-08
15.95   5.11701e-08
15.96   5.06826e-08
15.97   5.02046e-08
15.98   4.97359e-08
15.99   4.92765e-08
16   4.88263e-08
16.01   4.83852e-08
16.02   4.7953e-08
16.03   4.75298e-08
16.04   4.71154e-08
16.05   4.67097e-08
16.06   4.63127e-08
16.07   4.59242e-08
16.08   4.55443e-08
16.09   4.51728e-08
16.1   4.48096e-08
16.11   4.44547e-08
16.12   4.4108e-08
16.13   4.37694e-08
16.14   4.34389e-08
16.15   4.31164e-08
16.16   4.28018e-08
16.17   4.2495e-08
16.18   4.21961e-08
16.19   4.19049e-08
16.2   4.16213e-08
16.21   4.13454e-08
16.22   4.1077e-08
16.23   4.08161e-08
16.24   4.05627e-08
16.25   4.03167e-08
16.26   4.0078e-08
16.27   3.98466e-08
16.28   3.96224e-08
16.29   3.94054e-08
16.3   3.91955e-08
16.31   3.89928e-08
16.32   3.87971e-08
16.33   3.86084e-08
16.34   3.84267e-08
16.35   3.82519e-08
16.36   3.8084e-08
16.37   3.7923e-08
16.38   3.77687e-08
16.39   3.76213e-08
16.4   3.74806e-08
16.41   3.73466e-08
16.42   3.72193e-08
16.43   3.70986e-08
16.44   3.69845e-08
16.45   3.68771e-08
16.46   3.67762e-08
16.47   3.66819e-08
16.48   3.6594e-08
16.49   3.65127e-08
16.5   3.64378e-08
16.51   3.63694e-08
16.52   3.63074e-08
16.53   3.62518e-08
16.54   3.62026e-08
16.55   3.61598e-08
16.56   3.61233e-08
16.57   3.60932e-08
16.58   3.60695e-08
16.59   3.6052e-08
16.6   3.60409e-08
16.61   3.6036e-08
16.62   3.60375e-08
16.63   3.60452e-08
16.64   3.60593e-08
16.65   3.60796e-08
16.66   3.61061e-08
16.67   3.6139e-08
16.68   3.61781e-08
16.69   3.62234e-08
16.7   3.62751e-08
16.71   3.6333e-08
16.72   3.63971e-08
16.73   3.64676e-08
16.74   3.65443e-08
16.75   3.66273e-08
16.76   3.67166e-08
16.77   3.68122e-08
16.78   3.69141e-08
16.79   3.70223e-08
16.8   3.71369e-08
16.81   3.72578e-08
16.82   3.73851e-08
16.83   3.75187e-08
16.84   3.76587e-08
16.85   3.78051e-08
16.86   3.7958e-08
16.87   3.81172e-08
16.88   3.8283e-08
16.89   3.84552e-08
16.9   3.86339e-08
16.91   3.88192e-08
16.92   3.9011e-08
16.93   3.92094e-08
16.94   3.94144e-08
16.95   3.9626e-08
16.96   3.98443e-08
16.97   4.00693e-08
16.98   4.0301e-08
16.99   4.05395e-08
17   4.07848e-08
17.01   4.10368e-08
17.02   4.12958e-08
17.03   4.15617e-08
17.04   4.18344e-08
17.05   4.21142e-08
17.06   4.2401e-08
17.07   4.26949e-08
17.08   4.29958e-08
17.09   4.33039e-08
17.1   4.36192e-08
17.11   4.39417e-08
17.12   4.42716e-08
17.13   4.46087e-08
17.14   4.49533e-08
17.15   4.53053e-08
17.16   4.56648e-08
17.17   4.60318e-08
17.18   4.64064e-08
17.19   4.67887e-08
17.2   4.71787e-08
17.21   4.75765e-08
17.22   4.79821e-08
17.23   4.83956e-08
17.24   4.88171e-08
17.25   4.92466e-08
17.26   4.96843e-08
17.27   5.013e-08
17.28   5.0584e-08
17.29   5.10463e-08
17.3   5.1517e-08
17.31   5.19961e-08
17.32   5.24837e-08
17.33   5.29799e-08
17.34   5.34848e-08
17.35   5.39984e-08
17.36   5.45209e-08
17.37   5.50522e-08
17.38   5.55926e-08
17.39   5.6142e-08
17.4   5.67006e-08
17.41   5.72684e-08
17.42   5.78456e-08
17.43   5.84322e-08
17.44   5.90283e-08
17.45   5.96341e-08
17.46   6.02495e-08
17.47   6.08747e-08
17.48   6.15099e-08
17.49   6.2155e-08
17.5   6.28103e-08
17.51   6.34758e-08
17.52   6.41515e-08
17.53   6.48377e-08
17.54   6.55344e-08
17.55   6.62418e-08
17.56   6.69599e-08
17.57   6.76889e-08
17.58   6.84288e-08
17.59   6.91798e-08
17.6   6.99421e-08
17.61   7.07156e-08
17.62   7.15007e-08
17.63   7.22973e-08
17.64   7.31056e-08
17.65   7.39258e-08
17.66   7.47579e-08
17.67   7.56021e-08
17.68   7.64585e-08
17.69   7.73273e-08
17.7   7.82087e-08
17.71   7.91026e-08
17.72   8.00094e-08
17.73   8.0929e-08
17.74   8.18618e-08
17.75   8.28078e-08
17.76   8.37671e-08
17.77   8.474e-08
17.78   8.57266e-08
17.79   8.6727e-08
17.8   8.77414e-08
17.81   8.877e-08
17.82   8.98129e-08
17.83   9.08703e-08
17.84   9.19423e-08
17.85   9.30292e-08
17.86   9.41311e-08
17.87   9.52482e-08
17.88   9.63806e-08
17.89   9.75286e-08
17.9   9.86923e-08
17.91   9.98719e-08
17.92   1.01068e-07
17.93   1.0228e-07
17.94   1.03508e-07
17.95   1.04753e-07
17.96   1.06015e-07
17.97   1.07295e-07
17.98   1.08591e-07
17.99   1.09905e-07
18   1.11237e-07
18.01   1.12586e-07
18.02   1.13954e-07
18.03   1.1534e-07
18.04   1.16744e-07
18.05   1.18168e-07
18.06   1.1961e-07
18.07   1.21072e-07
18.08   1.22553e-07
18.09   1.24054e-07
18.1   1.25575e-07
18.11   1.27116e-07
18.12   1.28678e-07
18.13   1.3026e-07
18.14   1.31863e-07
18.15   1.33488e-07
18.16   1.35134e-07
18.17   1.36802e-07
18.18   1.38491e-07
18.19   1.40203e-07
18.2   1.41938e-07
18.21   1.43696e-07
18.22   1.45476e-07
18.23   1.4728e-07
18.24   1.49108e-07
18.25   1.5096e-07
18.26   1.52836e-07
18.27   1.54736e-07
18.28   1.56662e-07
18.29   1.58612e-07
18.3   1.60589e-07
18.31   1.62591e-07
18.32   1.64619e-07
18.33   1.66674e-07
18.34   1.68755e-07
18.35   1.70864e-07
18.36   1.73e-07
18.37   1.75164e-07
18.38   1.77356e-07
18.39   1.79577e-07
18.4   1.81827e-07
18.41   1.84106e-07
18.42   1.86414e-07
18.43   1.88753e-07
18.44   1.91122e-07
18.45   1.93521e-07
18.46   1.95952e-07
18.47   1.98415e-07
18.48   2.00909e-07
18.49   2.03436e-07
18.5   2.05995e-07
18.51   2.08587e-07
18.52   2.11214e-07
18.53   2.13874e-07
18.54   2.16568e-07
18.55   2.19297e-07
18.56   2.22062e-07
18.57   2.24862e-07
18.58   2.27699e-07
18.59   2.30572e-07
18.6   2.33483e-07
18.61   2.3643e-07
18.62   2.39416e-07
18.63   2.42441e-07
18.64   2.45504e-07
18.65   2.48607e-07
18.66   2.5175e-07
18.67   2.54934e-07
18.68   2.58159e-07
18.69   2.61425e-07
18.7   2.64733e-07
18.71   2.68084e-07
18.72   2.71478e-07
18.73   2.74916e-07
18.74   2.78398e-07
18.75   2.81925e-07
18.76   2.85497e-07
18.77   2.89115e-07
18.78   2.9278e-07
18.79   2.96491e-07
18.8   3.00251e-07
18.81   3.04059e-07
18.82   3.07916e-07
18.83   3.11822e-07
18.84   3.15779e-07
18.85   3.19787e-07
18.86   3.23846e-07
18.87   3.27957e-07
18.88   3.32121e-07
18.89   3.36339e-07
18.9   3.4061e-07
18.91   3.44937e-07
18.92   3.49319e-07
18.93   3.53757e-07
18.94   3.58253e-07
18.95   3.62806e-07
18.96   3.67417e-07
18.97   3.72088e-07
18.98   3.76819e-07
18.99   3.8161e-07
19   3.86463e-07
19.01   3.91378e-07
19.02   3.96356e-07
19.03   4.01398e-07
19.04   4.06505e-07
19.05   4.11677e-07
19.06   4.16916e-07
19.07   4.22222e-07
19.08   4.27595e-07
19.09   4.33038e-07
19.1   4.38551e-07
19.11   4.44134e-07
19.12   4.49788e-07
19.13   4.55516e-07
19.14   4.61316e-07
19.15   4.67191e-07
19.16   4.73142e-07
19.17   4.79168e-07
19.18   4.85272e-07
19.19   4.91454e-07
19.2   4.97715e-07
19.21   5.04057e-07
19.22   5.1048e-07
19.23   5.16985e-07
19.24   5.23573e-07
19.25   5.30246e-07
19.26   5.37005e-07
19.27   5.4385e-07
19.28   5.50782e-07
19.29   5.57804e-07
19.3   5.64915e-07
19.31   5.72118e-07
19.32   5.79412e-07
19.33   5.86801e-07
19.34   5.94284e-07
19.35   6.01862e-07
19.36   6.09538e-07
19.37   6.17312e-07
19.38   6.25186e-07
19.39   6.33161e-07
19.4   6.41238e-07
19.41   6.49418e-07
19.42   6.57703e-07
19.43   6.66094e-07
19.44   6.74592e-07
19.45   6.832e-07
19.46   6.91917e-07
19.47   7.00747e-07
19.48   7.09689e-07
19.49   7.18746e-07
19.5   7.27919e-07
19.51   7.37209e-07
19.52   7.46618e-07
19.53   7.56148e-07
19.54   7.658e-07
19.55   7.75575e-07
19.56   7.85476e-07
19.57   7.95503e-07
19.58   8.05659e-07
19.59   8.15945e-07
19.6   8.26363e-07
19.61   8.36914e-07
19.62   8.476e-07
19.63   8.58423e-07
19.64   8.69385e-07
19.65   8.80486e-07
19.66   8.91731e-07
19.67   9.03119e-07
19.68   9.14653e-07
19.69   9.26334e-07
19.7   9.38166e-07
19.71   9.50148e-07
19.72   9.62284e-07
19.73   9.74576e-07
19.74   9.87025e-07
19.75   9.99633e-07
19.76   1.0124e-06
19.77   1.02534e-06
19.78   1.03844e-06
19.79   1.0517e-06
19.8   1.06514e-06
19.81   1.07875e-06
19.82   1.09253e-06
19.83   1.10649e-06
19.84   1.12063e-06
19.85   1.13495e-06
19.86   1.14945e-06
19.87   1.16414e-06
19.88   1.17902e-06
19.89   1.19408e-06
19.9   1.20934e-06
19.91   1.2248e-06
19.92   1.24045e-06
19.93   1.25631e-06
19.94   1.27236e-06
19.95   1.28863e-06
19.96   1.3051e-06
19.97   1.32178e-06
19.98   1.33867e-06
19.99   1.35579e-06
20   1.37312e-06
20.01   1.39067e-06
20.02   1.40845e-06
20.03   1.42645e-06
20.04   1.44469e-06
20.05   1.46316e-06
20.06   1.48187e-06
20.07   1.50081e-06
20.08   1.52e-06
20.09   1.53944e-06
20.1   1.55912e-06
20.11   1.57905e-06
20.12   1.59925e-06
20.13   1.6197e-06
20.14   1.64041e-06
20.15   1.66138e-06
20.16   1.68263e-06
20.17   1.70415e-06
20.18   1.72594e-06
20.19   1.74801e-06
20.2   1.77037e-06
20.21   1.79301e-06
20.22   1.81594e-06
20.23   1.83917e-06
20.24   1.86269e-06
20.25   1.88652e-06
20.26   1.91065e-06
20.27   1.93508e-06
20.28   1.95984e-06
20.29   1.98491e-06
20.3   2.0103e-06
20.31   2.03601e-06
20.32   2.06206e-06
20.33   2.08844e-06
20.34   2.11515e-06
20.35   2.14221e-06
20.36   2.16962e-06
20.37   2.19737e-06
20.38   2.22549e-06
20.39   2.25396e-06
20.4   2.2828e-06
20.41   2.31201e-06
20.42   2.34159e-06
20.43   2.37155e-06
20.44   2.40189e-06
20.45   2.43263e-06
20.46   2.46375e-06
20.47   2.49528e-06
20.48   2.52721e-06
20.49   2.55955e-06
20.5   2.5923e-06
20.51   2.62548e-06
20.52   2.65908e-06
20.53   2.69311e-06
20.54   2.72757e-06
20.55   2.76248e-06
20.56   2.79783e-06
20.57   2.83364e-06
20.58   2.86991e-06
20.59   2.90664e-06
20.6   2.94384e-06
20.61   2.98152e-06
20.62   3.01969e-06
20.63   3.05834e-06
20.64   3.09749e-06
20.65   3.13713e-06
20.66   3.17729e-06
20.67   3.21796e-06
20.68   3.25916e-06
20.69   3.30088e-06
20.7   3.34314e-06
20.71   3.38593e-06
20.72   3.42928e-06
20.73   3.47318e-06
20.74   3.51765e-06
20.75   3.56268e-06
20.76   3.6083e-06
20.77   3.65449e-06
20.78   3.70128e-06
20.79   3.74867e-06
20.8   3.79667e-06
20.81   3.84528e-06
20.82   3.89452e-06
20.83   3.94439e-06
20.84   3.9949e-06
20.85   4.04605e-06
20.86   4.09786e-06
20.87   4.15034e-06
20.88   4.20348e-06
20.89   4.25731e-06
20.9   4.31183e-06
20.91   4.36705e-06
20.92   4.42298e-06
20.93   4.47962e-06
20.94   4.53699e-06
20.95   4.5951e-06
20.96   4.65395e-06
20.97   4.71356e-06
20.98   4.77393e-06
20.99   4.83507e-06
21   4.897e-06
21.01   4.95972e-06
21.02   5.02325e-06
21.03   5.08759e-06
21.04   5.15276e-06
21.05   5.21876e-06
21.06   5.28561e-06
21.07   5.35332e-06
21.08   5.4219e-06
21.09   5.49135e-06
21.1   5.5617e-06
21.11   5.63295e-06
21.12   5.70511e-06
21.13   5.7782e-06
21.14   5.85223e-06
21.15   5.9272e-06
21.16   6.00314e-06
21.17   6.08005e-06
21.18   6.15795e-06
21.19   6.23685e-06
21.2   6.31676e-06
21.21   6.3977e-06
21.22   6.47967e-06
21.23   6.5627e-06
21.24   6.64679e-06
21.25   6.73196e-06
21.26   6.81822e-06
21.27   6.90559e-06
21.28   6.99408e-06
21.29   7.0837e-06
21.3   7.17448e-06
21.31   7.26642e-06
21.32   7.35954e-06
21.33   7.45385e-06
21.34   7.54938e-06
21.35   7.64613e-06
21.36   7.74412e-06
21.37   7.84337e-06
21.38   7.9439e-06
21.39   8.04571e-06
21.4   8.14883e-06
21.41   8.25327e-06
21.42   8.35906e-06
21.43   8.4662e-06
21.44   8.57472e-06
21.45   8.68462e-06
21.46   8.79594e-06
21.47   8.90869e-06
21.48   9.02289e-06
21.49   9.13855e-06
21.5   9.25569e-06
21.51   9.37434e-06
21.52   9.49452e-06
21.53   9.61623e-06
21.54   9.73951e-06
21.55   9.86437e-06
21.56   9.99083e-06
21.57   1.01189e-05
21.58   1.02486e-05
21.59   1.038e-05
21.6   1.05131e-05
21.61   1.06479e-05
21.62   1.07844e-05
21.63   1.09227e-05
21.64   1.10627e-05
21.65   1.12046e-05
21.66   1.13483e-05
21.67   1.14938e-05
21.68   1.16411e-05
21.69   1.17904e-05
21.7   1.19416e-05
21.71   1.20947e-05
21.72   1.22498e-05
21.73   1.24069e-05
21.74   1.2566e-05
21.75   1.27272e-05
21.76   1.28904e-05
21.77   1.30557e-05
21.78   1.32231e-05
21.79   1.33927e-05
21.8   1.35645e-05
21.81   1.37384e-05
21.82   1.39146e-05
21.83   1.40931e-05
21.84   1.42738e-05
21.85   1.44569e-05
21.86   1.46423e-05
21.87   1.48301e-05
21.88   1.50204e-05
21.89   1.5213e-05
21.9   1.54082e-05
21.91   1.56058e-05
21.92   1.5806e-05
21.93   1.60087e-05
21.94   1.62141e-05
21.95   1.64221e-05
21.96   1.66327e-05
21.97   1.68461e-05
21.98   1.70622e-05
21.99   1.72811e-05
22   1.75028e-05
22.01   1.77273e-05
22.02   1.79548e-05
