0.03   9.36009e-08
0.04   1.98887e-07
0.05   3.89317e-07
0.06   6.78428e-07
0.07   1.08421e-06
0.08   1.62555e-06
0.09   2.32158e-06
0.1   3.19146e-06
0.11   4.25436e-06
0.12   5.52945e-06
0.13   7.03583e-06
0.14   8.79259e-06
0.15   1.08188e-05
0.16   1.31333e-05
0.17   1.57552e-05
0.18   1.87033e-05
0.19   2.19964e-05
0.2   2.56533e-05
0.21   2.96927e-05
0.22   3.41331e-05
0.23   3.89932e-05
0.24   4.42913e-05
0.25   5.0046e-05
0.26   5.62754e-05
0.27   6.29978e-05
0.28   7.02314e-05
0.29   7.79941e-05
0.3   8.63039e-05
0.31   9.51786e-05
0.32   0.000104636
0.33   0.000114694
0.34   0.000125369
0.35   0.00013668
0.36   0.000148643
0.37   0.000161275
0.38   0.000174595
0.39   0.000188618
0.4   0.000203361
0.41   0.000218841
0.42   0.000235075
0.43   0.000252079
0.44   0.000269869
0.45   0.000288461
0.46   0.000307871
0.47   0.000328115
0.48   0.000349209
0.49   0.000371167
0.5   0.000394007
0.51   0.000417741
0.52   0.000442386
0.53   0.000467957
0.54   0.000494467
0.55   0.000521932
0.56   0.000550365
0.57   0.000579782
0.58   0.000610195
0.59   0.000641619
0.6   0.000674066
0.61   0.000707552
0.62   0.000742087
0.63   0.000777687
0.64   0.000814363
0.65   0.000852127
0.66   0.000890993
0.67   0.000930973
0.68   0.000972078
0.69   0.00101432
0.7   0.00105771
0.71   0.00110226
0.72   0.00114799
0.73   0.00119489
0.74   0.00124299
0.75   0.00129229
0.76   0.0013428
0.77   0.00139454
0.78   0.00144751
0.79   0.00150172
0.8   0.00155719
0.81   0.00161391
0.82   0.00167191
0.83   0.00173118
0.84   0.00179174
0.85   0.0018536
0.86   0.00191676
0.87   0.00198123
0.88   0.00204701
0.89   0.00211412
0.9   0.00218257
0.91   0.00225235
0.92   0.00232347
0.93   0.00239595
0.94   0.00246978
0.95   0.00254497
0.96   0.00262154
0.97   0.00269947
0.98   0.00277878
0.99   0.00285947
1   0.00294155
1.01   0.00302502
1.02   0.00310988
1.03   0.00319614
1.04   0.0032838
1.05   0.00337286
1.06   0.00346332
1.07   0.0035552
1.08   0.00364848
1.09   0.00374318
1.1   0.00383929
1.11   0.00393681
1.12   0.00403575
1.13   0.00413611
1.14   0.00423788
1.15   0.00434107
1.16   0.00444568
1.17   0.0045517
1.18   0.00465914
1.19   0.00476799
1.2   0.00487826
1.21   0.00498993
1.22   0.00510302
1.23   0.00521752
1.24   0.00533342
1.25   0.00545072
1.26   0.00556942
1.27   0.00568952
1.28   0.00581101
1.29   0.0059339
1.3   0.00605816
1.31   0.00618381
1.32   0.00631083
1.33   0.00643923
1.34   0.00656899
1.35   0.00670011
1.36   0.00683259
1.37   0.00696641
1.38   0.00710158
1.39   0.00723808
1.4   0.00737591
1.41   0.00751507
1.42   0.00765553
1.43   0.00779731
1.44   0.00794038
1.45   0.00808474
1.46   0.00823039
1.47   0.00837731
1.48   0.00852549
1.49   0.00867492
1.5   0.0088256
1.51   0.00897752
1.52   0.00913066
1.53   0.00928501
1.54   0.00944057
1.55   0.00959732
1.56   0.00975526
1.57   0.00991436
1.58   0.0100746
1.59   0.010236
1.6   0.0103986
1.61   0.0105622
1.62   0.010727
1.63   0.0108929
1.64   0.0110598
1.65   0.0112278
1.66   0.0113969
1.67   0.011567
1.68   0.0117382
1.69   0.0119103
1.7   0.0120835
1.71   0.0122576
1.72   0.0124327
1.73   0.0126088
1.74   0.0127858
1.75   0.0129637
1.76   0.0131425
1.77   0.0133222
1.78   0.0135028
1.79   0.0136842
1.8   0.0138665
1.81   0.0140496
1.82   0.0142335
1.83   0.0144182
1.84   0.0146036
1.85   0.0147898
1.86   0.0149767
1.87   0.0151644
1.88   0.0153527
1.89   0.0155417
1.9   0.0157314
1.91   0.0159217
1.92   0.0161126
1.93   0.0163041
1.94   0.0164962
1.95   0.0166888
1.96   0.016882
1.97   0.0170757
1.98   0.0172699
1.99   0.0174646
2   0.0176597
2.01   0.0178553
2.02   0.0180513
2.03   0.0182477
2.04   0.0184444
2.05   0.0186415
2.06   0.0188389
2.07   0.0190366
2.08   0.0192346
2.09   0.0194329
2.1   0.0196314
2.11   0.0198301
2.12   0.020029
2.13   0.0202281
2.14   0.0204273
2.15   0.0206266
2.16   0.0208261
2.17   0.0210256
2.18   0.0212252
2.19   0.0214248
2.2   0.0216244
2.21   0.021824
2.22   0.0220235
2.23   0.022223
2.24   0.0224224
2.25   0.0226217
2.26   0.0228209
2.27   0.0230199
2.28   0.0232187
2.29   0.0234173
2.3   0.0236156
2.31   0.0238137
2.32   0.0240116
2.33   0.0242091
2.34   0.0244063
2.35   0.0246031
2.36   0.0247995
2.37   0.0249956
2.38   0.0251912
2.39   0.0253863
2.4   0.025581
2.41   0.0257752
2.42   0.0259688
2.43   0.0261619
2.44   0.0263544
2.45   0.0265463
2.46   0.0267375
2.47   0.0269281
2.48   0.027118
2.49   0.0273073
2.5   0.0274957
2.51   0.0276835
2.52   0.0278704
2.53   0.0280566
2.54   0.0282419
2.55   0.0284263
2.56   0.0286099
2.57   0.0287926
2.58   0.0289743
2.59   0.0291551
2.6   0.0293349
2.61   0.0295137
2.62   0.0296914
2.63   0.0298681
2.64   0.0300438
2.65   0.0302183
2.66   0.0303917
2.67   0.030564
2.68   0.030735
2.69   0.0309049
2.7   0.0310736
2.71   0.031241
2.72   0.0314071
2.73   0.0315719
2.74   0.0317354
2.75   0.0318976
2.76   0.0320584
2.77   0.0322178
2.78   0.0323758
2.79   0.0325324
2.8   0.0326874
2.81   0.0328411
2.82   0.0329932
2.83   0.0331437
2.84   0.0332928
2.85   0.0334402
2.86   0.0335861
2.87   0.0337303
2.88   0.0338729
2.89   0.0340138
2.9   0.0341531
2.91   0.0342906
2.92   0.0344264
2.93   0.0345605
2.94   0.0346928
2.95   0.0348233
2.96   0.034952
2.97   0.0350789
2.98   0.0352039
2.99   0.035327
3   0.0354482
3.01   0.0355676
3.02   0.035685
3.03   0.0358004
3.04   0.0359139
3.05   0.0360254
3.06   0.0361349
3.07   0.0362423
3.08   0.0363477
3.09   0.0364511
3.1   0.0365523
3.11   0.0366515
3.12   0.0367485
3.13   0.0368434
3.14   0.0369362
3.15   0.0370267
3.16   0.0371151
3.17   0.0372013
3.18   0.0372853
3.19   0.0373671
3.2   0.0374465
3.21   0.0375238
3.22   0.0375987
3.23   0.0376714
3.24   0.0377417
3.25   0.0378097
3.26   0.0378754
3.27   0.0379387
3.28   0.0379997
3.29   0.0380583
3.3   0.0381145
3.31   0.0381683
3.32   0.0382196
3.33   0.0382686
3.34   0.0383151
3.35   0.0383591
3.36   0.0384007
3.37   0.0384398
3.38   0.0384764
3.39   0.0385105
3.4   0.0385421
3.41   0.0385712
3.42   0.0385978
3.43   0.0386218
3.44   0.0386433
3.45   0.0386622
3.46   0.0386785
3.47   0.0386923
3.48   0.0387035
3.49   0.0387122
3.5   0.0387182
3.51   0.0387216
3.52   0.0387224
3.53   0.0387206
3.54   0.0387162
3.55   0.0387092
3.56   0.0386995
3.57   0.0386872
3.58   0.0386722
3.59   0.0386546
3.6   0.0386344
3.61   0.0386115
3.62   0.0385859
3.63   0.0385577
3.64   0.0385268
3.65   0.0384933
3.66   0.0384571
3.67   0.0384182
3.68   0.0383766
3.69   0.0383324
3.7   0.0382855
3.71   0.0382359
3.72   0.0381837
3.73   0.0381288
3.74   0.0380712
3.75   0.0380109
3.76   0.037948
3.77   0.0378824
3.78   0.0378141
3.79   0.0377432
3.8   0.0376695
3.81   0.0375933
3.82   0.0375144
3.83   0.0374328
3.84   0.0373486
3.85   0.0372617
3.86   0.0371722
3.87   0.03708
3.88   0.0369852
3.89   0.0368878
3.9   0.0367878
3.91   0.0366851
3.92   0.0365799
3.93   0.036472
3.94   0.0363616
3.95   0.0362485
3.96   0.0361329
3.97   0.0360147
3.98   0.035894
3.99   0.0357707
4   0.0356448
4.01   0.0355165
4.02   0.0353855
4.03   0.0352521
4.04   0.0351162
4.05   0.0349778
4.06   0.0348368
4.07   0.0346935
4.08   0.0345476
4.09   0.0343993
4.1   0.0342486
4.11   0.0340954
4.12   0.0339399
4.13   0.0337819
4.14   0.0336215
4.15   0.0334588
4.16   0.0332937
4.17   0.0331263
4.18   0.0329566
4.19   0.0327845
4.2   0.0326101
4.21   0.0324335
4.22   0.0322546
4.23   0.0320734
4.24   0.03189
4.25   0.0317044
4.26   0.0315166
4.27   0.0313266
4.28   0.0311344
4.29   0.0309401
4.3   0.0307437
4.31   0.0305451
4.32   0.0303445
4.33   0.0301417
4.34   0.029937
4.35   0.0297302
4.36   0.0295213
4.37   0.0293105
4.38   0.0290977
4.39   0.028883
4.4   0.0286663
4.41   0.0284477
4.42   0.0282272
4.43   0.0280048
4.44   0.0277806
4.45   0.0275546
4.46   0.0273268
4.47   0.0270971
4.48   0.0268658
4.49   0.0266327
4.5   0.0263978
4.51   0.0261613
4.52   0.0259231
4.53   0.0256833
4.54   0.0254419
4.55   0.0251988
4.56   0.0249542
4.57   0.0247081
4.58   0.0244604
4.59   0.0242112
4.6   0.0239606
4.61   0.0237085
4.62   0.023455
4.63   0.0232001
4.64   0.0229438
4.65   0.0226862
4.66   0.0224273
4.67   0.0221671
4.68   0.0219056
4.69   0.0216429
4.7   0.0213789
4.71   0.0211138
4.72   0.0208476
4.73   0.0205802
4.74   0.0203117
4.75   0.0200421
4.76   0.0197715
4.77   0.0194999
4.78   0.0192273
4.79   0.0189537
4.8   0.0186792
4.81   0.0184038
4.82   0.0181275
4.83   0.0178504
4.84   0.0175724
4.85   0.0172937
4.86   0.0170142
4.87   0.0167339
4.88   0.016453
4.89   0.0161713
4.9   0.0158891
4.91   0.0156062
4.92   0.0153227
4.93   0.0150387
4.94   0.0147541
4.95   0.0144691
4.96   0.0141836
4.97   0.0138976
4.98   0.0136112
4.99   0.0133245
5   0.0130374
5.01   0.0127499
5.02   0.0124622
5.03   0.0121742
5.04   0.011886
5.05   0.0115976
5.06   0.011309
5.07   0.0110203
5.08   0.0107314
5.09   0.0104425
5.1   0.0101535
5.11   0.0098645
5.12   0.0095755
5.13   0.00928653
5.14   0.00899762
5.15   0.00870881
5.16   0.00842013
5.17   0.0081316
5.18   0.00784325
5.19   0.00755511
5.2   0.00726721
5.21   0.00697959
5.22   0.00669226
5.23   0.00640527
5.24   0.00611863
5.25   0.00583238
5.26   0.00554655
5.27   0.00526116
5.28   0.00497625
5.29   0.00469183
5.3   0.00440795
5.31   0.00412464
5.32   0.0038419
5.33   0.00355979
5.34   0.00327832
5.35   0.00299752
5.36   0.00271742
5.37   0.00243805
5.38   0.00215944
5.39   0.00188161
5.4   0.00160458
5.41   0.0013284
5.42   0.00105308
5.43   0.000778658
5.44   0.00050515
5.45   0.000232588
5.46   -3.90039e-05
5.47   -0.000309598
5.48   -0.000579168
5.49   -0.000847689
5.5   -0.00111513
5.51   -0.00138148
5.52   -0.0016467
5.53   -0.00191077
5.54   -0.00217366
5.55   -0.00243535
5.56   -0.00269582
5.57   -0.00295503
5.58   -0.00321298
5.59   -0.00346962
5.6   -0.00372495
5.61   -0.00397893
5.62   -0.00423154
5.63   -0.00448277
5.64   -0.00473258
5.65   -0.00498095
5.66   -0.00522787
5.67   -0.0054733
5.68   -0.00571724
5.69   -0.00595965
5.7   -0.00620052
5.71   -0.00643982
5.72   -0.00667754
5.73   -0.00691365
5.74   -0.00714813
5.75   -0.00738097
5.76   -0.00761215
5.77   -0.00784163
5.78   -0.00806942
5.79   -0.00829548
5.8   -0.0085198
5.81   -0.00874236
5.82   -0.00896314
5.83   -0.00918213
5.84   -0.00939931
5.85   -0.00961466
5.86   -0.00982816
5.87   -0.0100398
5.88   -0.0102496
5.89   -0.0104574
5.9   -0.0106634
5.91   -0.0108674
5.92   -0.0110695
5.93   -0.0112697
5.94   -0.0114679
5.95   -0.0116641
5.96   -0.0118583
5.97   -0.0120505
5.98   -0.0122406
5.99   -0.0124288
6   -0.0126149
6.01   -0.0127989
6.02   -0.0129809
6.03   -0.0131608
6.04   -0.0133386
6.05   -0.0135143
6.06   -0.0136879
6.07   -0.0138594
6.08   -0.0140287
6.09   -0.0141959
6.1   -0.014361
6.11   -0.0145239
6.12   -0.0146846
6.13   -0.0148432
6.14   -0.0149996
6.15   -0.0151538
6.16   -0.0153058
6.17   -0.0154557
6.18   -0.0156033
6.19   -0.0157487
6.2   -0.0158919
6.21   -0.0160329
6.22   -0.0161716
6.23   -0.0163082
6.24   -0.0164425
6.25   -0.0165746
6.26   -0.0167044
6.27   -0.016832
6.28   -0.0169573
6.29   -0.0170805
6.3   -0.0172013
6.31   -0.0173199
6.32   -0.0174363
6.33   -0.0175505
6.34   -0.0176623
6.35   -0.017772
6.36   -0.0178794
6.37   -0.0179845
6.38   -0.0180874
6.39   -0.0181881
6.4   -0.0182865
6.41   -0.0183827
6.42   -0.0184767
6.43   -0.0185684
6.44   -0.0186579
6.45   -0.0187452
6.46   -0.0188303
6.47   -0.0189131
6.48   -0.0189938
6.49   -0.0190722
6.5   -0.0191484
6.51   -0.0192225
6.52   -0.0192943
6.53   -0.019364
6.54   -0.0194315
6.55   -0.0194968
6.56   -0.01956
6.57   -0.0196211
6.58   -0.0196799
6.59   -0.0197367
6.6   -0.0197913
6.61   -0.0198438
6.62   -0.0198942
6.63   -0.0199425
6.64   -0.0199887
6.65   -0.0200329
6.66   -0.020075
6.67   -0.020115
6.68   -0.0201529
6.69   -0.0201889
6.7   -0.0202228
6.71   -0.0202547
6.72   -0.0202846
6.73   -0.0203125
6.74   -0.0203385
6.75   -0.0203625
6.76   -0.0203845
6.77   -0.0204046
6.78   -0.0204228
6.79   -0.0204391
6.8   -0.0204535
6.81   -0.020466
6.82   -0.0204767
6.83   -0.0204855
6.84   -0.0204924
6.85   -0.0204976
6.86   -0.0205009
6.87   -0.0205025
6.88   -0.0205023
6.89   -0.0205003
6.9   -0.0204967
6.91   -0.0204912
6.92   -0.0204841
6.93   -0.0204753
6.94   -0.0204648
6.95   -0.0204527
6.96   -0.0204389
6.97   -0.0204235
6.98   -0.0204065
6.99   -0.0203879
7   -0.0203678
7.01   -0.0203461
7.02   -0.0203229
7.03   -0.0202981
7.04   -0.0202719
7.05   -0.0202442
7.06   -0.020215
7.07   -0.0201844
7.08   -0.0201524
7.09   -0.020119
7.1   -0.0200842
7.11   -0.020048
7.12   -0.0200105
7.13   -0.0199717
7.14   -0.0199315
7.15   -0.0198901
7.16   -0.0198474
7.17   -0.0198035
7.18   -0.0197583
7.19   -0.0197119
7.2   -0.0196643
7.21   -0.0196156
7.22   -0.0195657
7.23   -0.0195147
7.24   -0.0194626
7.25   -0.0194093
7.26   -0.019355
7.27   -0.0192997
7.28   -0.0192433
7.29   -0.0191859
7.3   -0.0191275
7.31   -0.0190681
7.32   -0.0190078
7.33   -0.0189465
7.34   -0.0188843
7.35   -0.0188213
7.36   -0.0187573
7.37   -0.0186925
7.38   -0.0186268
7.39   -0.0185603
7.4   -0.018493
7.41   -0.018425
7.42   -0.0183561
7.43   -0.0182866
7.44   -0.0182162
7.45   -0.0181452
7.46   -0.0180735
7.47   -0.0180011
7.48   -0.0179281
7.49   -0.0178544
7.5   -0.0177801
7.51   -0.0177052
7.52   -0.0176298
7.53   -0.0175537
7.54   -0.0174771
7.55   -0.0174
7.56   -0.0173224
7.57   -0.0172443
7.58   -0.0171657
7.59   -0.0170866
7.6   -0.0170071
7.61   -0.0169271
7.62   -0.0168468
7.63   -0.0167661
7.64   -0.0166849
7.65   -0.0166034
7.66   -0.0165216
7.67   -0.0164394
7.68   -0.016357
7.69   -0.0162742
7.7   -0.0161911
7.71   -0.0161078
7.72   -0.0160242
7.73   -0.0159403
7.74   -0.0158563
7.75   -0.015772
7.76   -0.0156875
7.77   -0.0156029
7.78   -0.0155181
7.79   -0.0154331
7.8   -0.015348
7.81   -0.0152627
7.82   -0.0151774
7.83   -0.0150919
7.84   -0.0150063
7.85   -0.0149207
7.86   -0.014835
7.87   -0.0147492
7.88   -0.0146634
7.89   -0.0145776
7.9   -0.0144917
7.91   -0.0144059
7.92   -0.01432
7.93   -0.0142342
7.94   -0.0141484
7.95   -0.0140626
7.96   -0.0139769
7.97   -0.0138912
7.98   -0.0138057
7.99   -0.0137201
8   -0.0136347
8.01   -0.0135494
8.02   -0.0134642
8.03   -0.0133791
8.04   -0.0132941
8.05   -0.0132092
8.06   -0.0131245
8.07   -0.01304
8.08   -0.0129556
8.09   -0.0128714
8.1   -0.0127873
8.11   -0.0127035
8.12   -0.0126198
8.13   -0.0125363
8.14   -0.0124531
8.15   -0.01237
8.16   -0.0122872
8.17   -0.0122046
8.18   -0.0121222
8.19   -0.0120401
8.2   -0.0119582
8.21   -0.0118766
8.22   -0.0117952
8.23   -0.0117141
8.24   -0.0116333
8.25   -0.0115527
8.26   -0.0114725
8.27   -0.0113925
8.28   -0.0113128
8.29   -0.0112334
8.3   -0.0111543
8.31   -0.0110755
8.32   -0.010997
8.33   -0.0109188
8.34   -0.010841
8.35   -0.0107635
8.36   -0.0106863
8.37   -0.0106094
8.38   -0.0105329
8.39   -0.0104567
8.4   -0.0103808
8.41   -0.0103053
8.42   -0.0102302
8.43   -0.0101553
8.44   -0.0100809
8.45   -0.0100068
8.46   -0.00993305
8.47   -0.00985967
8.48   -0.00978666
8.49   -0.00971401
8.5   -0.00964173
8.51   -0.00956982
8.52   -0.00949829
8.53   -0.00942713
8.54   -0.00935634
8.55   -0.00928594
8.56   -0.00921591
8.57   -0.00914626
8.58   -0.009077
8.59   -0.00900812
8.6   -0.00893962
8.61   -0.00887151
8.62   -0.00880379
8.63   -0.00873646
8.64   -0.00866951
8.65   -0.00860296
8.66   -0.00853679
8.67   -0.00847102
8.68   -0.00840564
8.69   -0.00834065
8.7   -0.00827605
8.71   -0.00821184
8.72   -0.00814803
8.73   -0.00808461
8.74   -0.00802158
8.75   -0.00795894
8.76   -0.0078967
8.77   -0.00783485
8.78   -0.0077734
8.79   -0.00771233
8.8   -0.00765166
8.81   -0.00759138
8.82   -0.00753149
8.83   -0.00747199
8.84   -0.00741289
8.85   -0.00735417
8.86   -0.00729584
8.87   -0.0072379
8.88   -0.00718034
8.89   -0.00712318
8.9   -0.0070664
8.91   -0.00701
8.92   -0.00695399
8.93   -0.00689837
8.94   -0.00684312
8.95   -0.00678826
8.96   -0.00673378
8.97   -0.00667967
8.98   -0.00662595
8.99   -0.0065726
9   -0.00651963
9.01   -0.00646703
9.02   -0.0064148
9.03   -0.00636295
9.04   -0.00631147
9.05   -0.00626035
9.06   -0.00620961
9.07   -0.00615922
9.08   -0.00610921
9.09   -0.00605956
9.1   -0.00601027
9.11   -0.00596134
9.12   -0.00591277
9.13   -0.00586455
9.14   -0.00581669
9.15   -0.00576919
9.16   -0.00572204
9.17   -0.00567524
9.18   -0.00562879
9.19   -0.00558268
9.2   -0.00553692
9.21   -0.00549151
9.22   -0.00544644
9.23   -0.0054017
9.24   -0.00535731
9.25   -0.00531326
9.26   -0.00526953
9.27   -0.00522615
9.28   -0.00518309
9.29   -0.00514037
9.3   -0.00509797
9.31   -0.0050559
9.32   -0.00501415
9.33   -0.00497273
9.34   -0.00493162
9.35   -0.00489084
9.36   -0.00485037
9.37   -0.00481022
9.38   -0.00477038
9.39   -0.00473085
9.4   -0.00469163
9.41   -0.00465272
9.42   -0.00461412
9.43   -0.00457582
9.44   -0.00453782
9.45   -0.00450012
9.46   -0.00446272
9.47   -0.00442562
9.48   -0.00438881
9.49   -0.00435229
9.5   -0.00431607
9.51   -0.00428013
9.52   -0.00424448
9.53   -0.00420912
9.54   -0.00417403
9.55   -0.00413923
9.56   -0.00410471
9.57   -0.00407047
9.58   -0.0040365
9.59   -0.00400281
9.6   -0.00396938
9.61   -0.00393623
9.62   -0.00390335
9.63   -0.00387073
9.64   -0.00383838
9.65   -0.00380628
9.66   -0.00377445
9.67   -0.00374288
9.68   -0.00371157
9.69   -0.00368051
9.7   -0.00364971
9.71   -0.00361915
9.72   -0.00358885
9.73   -0.00355879
9.74   -0.00352898
9.75   -0.00349942
9.76   -0.0034701
9.77   -0.00344101
9.78   -0.00341217
9.79   -0.00338357
9.8   -0.0033552
9.81   -0.00332706
9.82   -0.00329916
9.83   -0.00327149
9.84   -0.00324404
9.85   -0.00321682
9.86   -0.00318983
9.87   -0.00316306
9.88   -0.00313652
9.89   -0.00311019
9.9   -0.00308408
9.91   -0.00305819
9.92   -0.00303251
9.93   -0.00300705
9.94   -0.0029818
9.95   -0.00295676
9.96   -0.00293193
9.97   -0.0029073
9.98   -0.00288288
9.99   -0.00285866
10   -0.00283465
10.01   -0.00281084
10.02   -0.00278722
10.03   -0.0027638
10.04   -0.00274058
10.05   -0.00271756
10.06   -0.00269472
10.07   -0.00267208
10.08   -0.00264963
10.09   -0.00262736
10.1   -0.00260528
10.11   -0.00258339
10.12   -0.00256168
10.13   -0.00254016
10.14   -0.00251881
10.15   -0.00249765
10.16   -0.00247666
10.17   -0.00245585
10.18   -0.00243521
10.19   -0.00241475
10.2   -0.00239446
10.21   -0.00237434
10.22   -0.00235439
10.23   -0.00233461
10.24   -0.00231499
10.25   -0.00229554
10.26   -0.00227626
10.27   -0.00225713
10.28   -0.00223817
10.29   -0.00221937
10.3   -0.00220073
10.31   -0.00218224
10.32   -0.00216391
10.33   -0.00214574
10.34   -0.00212772
10.35   -0.00210985
10.36   -0.00209213
10.37   -0.00207457
10.38   -0.00205715
10.39   -0.00203988
10.4   -0.00202275
10.41   -0.00200577
10.42   -0.00198894
10.43   -0.00197224
10.44   -0.00195569
10.45   -0.00193928
10.46   -0.00192301
10.47   -0.00190687
10.48   -0.00189087
10.49   -0.00187501
10.5   -0.00185928
10.51   -0.00184369
10.52   -0.00182823
10.53   -0.00181289
10.54   -0.00179769
10.55   -0.00178262
10.56   -0.00176768
10.57   -0.00175286
10.58   -0.00173817
10.59   -0.0017236
10.6   -0.00170915
10.61   -0.00169483
10.62   -0.00168063
10.63   -0.00166655
10.64   -0.00165259
10.65   -0.00163875
10.66   -0.00162503
10.67   -0.00161142
10.68   -0.00159793
10.69   -0.00158455
10.7   -0.00157129
10.71   -0.00155813
10.72   -0.00154509
10.73   -0.00153216
10.74   -0.00151935
10.75   -0.00150663
10.76   -0.00149403
10.77   -0.00148154
10.78   -0.00146915
10.79   -0.00145686
10.8   -0.00144468
10.81   -0.00143261
10.82   -0.00142063
10.83   -0.00140876
10.84   -0.00139699
10.85   -0.00138532
10.86   -0.00137374
10.87   -0.00136227
10.88   -0.00135089
10.89   -0.00133961
10.9   -0.00132843
10.91   -0.00131734
10.92   -0.00130634
10.93   -0.00129544
10.94   -0.00128463
10.95   -0.00127391
10.96   -0.00126328
10.97   -0.00125274
10.98   -0.0012423
10.99   -0.00123194
11   -0.00122167
11.01   -0.00121148
11.02   -0.00120139
11.03   -0.00119137
11.04   -0.00118145
11.05   -0.0011716
11.06   -0.00116184
11.07   -0.00115217
11.08   -0.00114257
11.09   -0.00113306
11.1   -0.00112363
11.11   -0.00111427
11.12   -0.001105
11.13   -0.0010958
11.14   -0.00108669
11.15   -0.00107765
11.16   -0.00106868
11.17   -0.0010598
11.18   -0.00105098
11.19   -0.00104225
11.2   -0.00103358
11.21   -0.00102499
11.22   -0.00101648
11.23   -0.00100803
11.24   -0.000999657
11.25   -0.000991354
11.26   -0.000983121
11.27   -0.000974958
11.28   -0.000966864
11.29   -0.000958839
11.3   -0.000950881
11.31   -0.000942991
11.32   -0.000935167
11.33   -0.00092741
11.34   -0.000919718
11.35   -0.000912091
11.36   -0.000904529
11.37   -0.000897031
11.38   -0.000889595
11.39   -0.000882223
11.4   -0.000874913
11.41   -0.000867665
11.42   -0.000860478
11.43   -0.000853352
11.44   -0.000846286
11.45   -0.000839279
11.46   -0.000832332
11.47   -0.000825443
11.48   -0.000818612
11.49   -0.00081184
11.5   -0.000805124
11.51   -0.000798465
11.52   -0.000791862
11.53   -0.000785314
11.54   -0.000778822
11.55   -0.000772385
11.56   -0.000766002
11.57   -0.000759672
11.58   -0.000753396
11.59   -0.000747173
11.6   -0.000741002
11.61   -0.000734884
11.62   -0.000728816
11.63   -0.0007228
11.64   -0.000716835
11.65   -0.00071092
11.66   -0.000705054
11.67   -0.000699238
11.68   -0.000693471
11.69   -0.000687752
11.7   -0.000682082
11.71   -0.000676459
11.72   -0.000670883
11.73   -0.000665354
11.74   -0.000659872
11.75   -0.000654436
11.76   -0.000649045
11.77   -0.0006437
11.78   -0.0006384
11.79   -0.000633144
11.8   -0.000627932
11.81   -0.000622764
11.82   -0.00061764
11.83   -0.000612558
11.84   -0.000607519
11.85   -0.000602523
11.86   -0.000597568
11.87   -0.000592655
11.88   -0.000587783
11.89   -0.000582952
11.9   -0.000578161
11.91   -0.000573411
11.92   -0.0005687
11.93   -0.000564029
11.94   -0.000559397
11.95   -0.000554804
11.96   -0.000550249
11.97   -0.000545733
11.98   -0.000541254
11.99   -0.000536812
12   -0.000532408
12.01   -0.000528041
12.02   -0.00052371
12.03   -0.000519416
12.04   -0.000515157
12.05   -0.000510934
12.06   -0.000506746
12.07   -0.000502594
12.08   -0.000498476
12.09   -0.000494392
12.1   -0.000490343
12.11   -0.000486327
12.12   -0.000482345
12.13   -0.000478396
12.14   -0.00047448
12.15   -0.000470597
12.16   -0.000466746
12.17   -0.000462928
12.18   -0.000459141
12.19   -0.000455386
12.2   -0.000451662
12.21   -0.000447969
12.22   -0.000444307
12.23   -0.000440675
12.24   -0.000437074
12.25   -0.000433503
12.26   -0.000429961
12.27   -0.000426449
12.28   -0.000422967
12.29   -0.000419513
12.3   -0.000416088
12.31   -0.000412691
12.32   -0.000409323
12.33   -0.000405983
12.34   -0.000402671
12.35   -0.000399386
12.36   -0.000396128
12.37   -0.000392898
12.38   -0.000389694
12.39   -0.000386517
12.4   -0.000383367
12.41   -0.000380243
12.42   -0.000377144
12.43   -0.000374071
12.44   -0.000371024
12.45   -0.000368002
12.46   -0.000365006
12.47   -0.000362034
12.48   -0.000359087
12.49   -0.000356164
12.5   -0.000353265
12.51   -0.000350391
12.52   -0.00034754
12.53   -0.000344713
12.54   -0.00034191
12.55   -0.000339129
12.56   -0.000336372
12.57   -0.000333638
12.58   -0.000330926
12.59   -0.000328237
12.6   -0.00032557
12.61   -0.000322925
12.62   -0.000320302
12.63   -0.0003177
12.64   -0.00031512
12.65   -0.000312562
12.66   -0.000310025
12.67   -0.000307508
12.68   -0.000305013
12.69   -0.000302538
12.7   -0.000300084
12.71   -0.000297649
12.72   -0.000295235
12.73   -0.000292841
12.74   -0.000290467
12.75   -0.000288112
12.76   -0.000285777
12.77   -0.000283461
12.78   -0.000281164
12.79   -0.000278887
12.8   -0.000276627
12.81   -0.000274387
12.82   -0.000272165
12.83   -0.000269961
12.84   -0.000267776
12.85   -0.000265609
12.86   -0.000263459
12.87   -0.000261327
12.88   -0.000259213
12.89   -0.000257116
12.9   -0.000255037
12.91   -0.000252974
12.92   -0.000250929
12.93   -0.0002489
12.94   -0.000246888
12.95   -0.000244893
12.96   -0.000242914
12.97   -0.000240951
12.98   -0.000239005
12.99   -0.000237074
13   -0.00023516
13.01   -0.000233261
13.02   -0.000231378
13.03   -0.00022951
13.04   -0.000227657
13.05   -0.00022582
13.06   -0.000223998
13.07   -0.000222191
13.08   -0.000220399
13.09   -0.000218621
13.1   -0.000216858
13.11   -0.00021511
13.12   -0.000213376
13.13   -0.000211656
13.14   -0.00020995
13.15   -0.000208258
13.16   -0.00020658
13.17   -0.000204916
13.18   -0.000203265
13.19   -0.000201628
13.2   -0.000200005
13.21   -0.000198395
13.22   -0.000196798
13.23   -0.000195214
13.24   -0.000193642
13.25   -0.000192084
13.26   -0.000190539
13.27   -0.000189006
13.28   -0.000187486
13.29   -0.000185978
13.3   -0.000184483
13.31   -0.000183
13.32   -0.000181529
13.33   -0.00018007
13.34   -0.000178623
13.35   -0.000177187
13.36   -0.000175764
13.37   -0.000174352
13.38   -0.000172952
13.39   -0.000171563
13.4   -0.000170185
13.41   -0.000168819
13.42   -0.000167464
13.43   -0.00016612
13.44   -0.000164787
13.45   -0.000163464
13.46   -0.000162153
13.47   -0.000160852
13.48   -0.000159562
13.49   -0.000158283
13.5   -0.000157013
13.51   -0.000155755
13.52   -0.000154506
13.53   -0.000153268
13.54   -0.000152039
13.55   -0.000150821
13.56   -0.000149613
13.57   -0.000148414
13.58   -0.000147226
13.59   -0.000146047
13.6   -0.000144877
13.61   -0.000143717
13.62   -0.000142567
13.63   -0.000141426
13.64   -0.000140294
13.65   -0.000139171
13.66   -0.000138058
13.67   -0.000136953
13.68   -0.000135858
13.69   -0.000134771
13.7   -0.000133694
13.71   -0.000132625
13.72   -0.000131565
13.73   -0.000130513
13.74   -0.00012947
13.75   -0.000128435
13.76   -0.000127409
13.77   -0.000126391
13.78   -0.000125382
13.79   -0.00012438
13.8   -0.000123387
13.81   -0.000122402
13.82   -0.000121425
13.83   -0.000120455
13.84   -0.000119494
13.85   -0.00011854
13.86   -0.000117594
13.87   -0.000116656
13.88   -0.000115726
13.89   -0.000114802
13.9   -0.000113887
13.91   -0.000112979
13.92   -0.000112078
13.93   -0.000111184
13.94   -0.000110298
13.95   -0.000109419
13.96   -0.000108547
13.97   -0.000107682
13.98   -0.000106824
13.99   -0.000105973
14   -0.000105129
14.01   -0.000104292
14.02   -0.000103461
14.03   -0.000102638
14.04   -0.000101821
14.05   -0.00010101
14.06   -0.000100206
14.07   -9.94088e-05
14.08   -9.86178e-05
14.09   -9.78332e-05
14.1   -9.7055e-05
14.11   -9.6283e-05
14.12   -9.55173e-05
14.13   -9.47577e-05
14.14   -9.40043e-05
14.15   -9.3257e-05
14.16   -9.25157e-05
14.17   -9.17804e-05
14.18   -9.10511e-05
14.19   -9.03276e-05
14.2   -8.96099e-05
14.21   -8.88981e-05
14.22   -8.8192e-05
14.23   -8.74915e-05
14.24   -8.67968e-05
14.25   -8.61076e-05
14.26   -8.5424e-05
14.27   -8.47459e-05
14.28   -8.40733e-05
14.29   -8.34061e-05
14.3   -8.27442e-05
14.31   -8.20877e-05
14.32   -8.14365e-05
14.33   -8.07905e-05
14.34   -8.01498e-05
14.35   -7.95142e-05
14.36   -7.88837e-05
14.37   -7.82583e-05
14.38   -7.76379e-05
14.39   -7.70225e-05
14.4   -7.6412e-05
14.41   -7.58065e-05
14.42   -7.52059e-05
14.43   -7.461e-05
14.44   -7.4019e-05
14.45   -7.34327e-05
14.46   -7.28511e-05
14.47   -7.22742e-05
14.48   -7.1702e-05
14.49   -7.11343e-05
14.5   -7.05712e-05
14.51   -7.00127e-05
14.52   -6.94586e-05
14.53   -6.89089e-05
14.54   -6.83637e-05
14.55   -6.78229e-05
14.56   -6.72864e-05
14.57   -6.67542e-05
14.58   -6.62262e-05
14.59   -6.57025e-05
14.6   -6.5183e-05
14.61   -6.46677e-05
14.62   -6.41565e-05
14.63   -6.36495e-05
14.64   -6.31464e-05
14.65   -6.26474e-05
14.66   -6.21525e-05
14.67   -6.16614e-05
14.68   -6.11744e-05
14.69   -6.06912e-05
14.7   -6.02119e-05
14.71   -5.97364e-05
14.72   -5.92647e-05
14.73   -5.87968e-05
14.74   -5.83327e-05
14.75   -5.78723e-05
14.76   -5.74156e-05
14.77   -5.69625e-05
14.78   -5.6513e-05
14.79   -5.60672e-05
14.8   -5.56249e-05
14.81   -5.51861e-05
14.82   -5.47509e-05
14.83   -5.43191e-05
14.84   -5.38908e-05
14.85   -5.3466e-05
14.86   -5.30445e-05
14.87   -5.26264e-05
14.88   -5.22116e-05
14.89   -5.18001e-05
14.9   -5.1392e-05
14.91   -5.09871e-05
14.92   -5.05854e-05
14.93   -5.01869e-05
14.94   -4.97917e-05
14.95   -4.93995e-05
14.96   -4.90105e-05
14.97   -4.86247e-05
14.98   -4.82419e-05
14.99   -4.78621e-05
15   -4.74854e-05
15.01   -4.71117e-05
15.02   -4.67409e-05
15.03   -4.63732e-05
15.04   -4.60083e-05
15.05   -4.56464e-05
15.06   -4.52873e-05
15.07   -4.49312e-05
15.08   -4.45778e-05
15.09   -4.42273e-05
15.1   -4.38796e-05
15.11   -4.35346e-05
15.12   -4.31924e-05
15.13   -4.28529e-05
15.14   -4.25161e-05
15.15   -4.2182e-05
15.16   -4.18506e-05
15.17   -4.15218e-05
15.18   -4.11956e-05
15.19   -4.0872e-05
15.2   -4.0551e-05
15.21   -4.02325e-05
15.22   -3.99166e-05
15.23   -3.96032e-05
15.24   -3.92923e-05
15.25   -3.89839e-05
15.26   -3.86779e-05
15.27   -3.83743e-05
15.28   -3.80732e-05
15.29   -3.77745e-05
15.3   -3.74781e-05
15.31   -3.71841e-05
15.32   -3.68924e-05
15.33   -3.6603e-05
15.34   -3.6316e-05
15.35   -3.60312e-05
15.36   -3.57487e-05
15.37   -3.54684e-05
15.38   -3.51904e-05
15.39   -3.49145e-05
15.4   -3.46409e-05
15.41   -3.43694e-05
15.42   -3.41001e-05
15.43   -3.38329e-05
15.44   -3.35678e-05
15.45   -3.33049e-05
15.46   -3.3044e-05
15.47   -3.27852e-05
15.48   -3.25285e-05
15.49   -3.22737e-05
15.5   -3.2021e-05
15.51   -3.17704e-05
15.52   -3.15217e-05
15.53   -3.12749e-05
15.54   -3.10302e-05
15.55   -3.07873e-05
15.56   -3.05464e-05
15.57   -3.03074e-05
15.58   -3.00703e-05
15.59   -2.98351e-05
15.6   -2.96017e-05
15.61   -2.93702e-05
15.62   -2.91405e-05
15.63   -2.89126e-05
15.64   -2.86866e-05
15.65   -2.84623e-05
15.66   -2.82398e-05
15.67   -2.80191e-05
15.68   -2.78001e-05
15.69   -2.75828e-05
15.7   -2.73673e-05
15.71   -2.71534e-05
15.72   -2.69413e-05
15.73   -2.67308e-05
15.74   -2.6522e-05
15.75   -2.63149e-05
15.76   -2.61094e-05
15.77   -2.59055e-05
15.78   -2.57032e-05
15.79   -2.55025e-05
15.8   -2.53034e-05
15.81   -2.51059e-05
15.82   -2.491e-05
15.83   -2.47156e-05
15.84   -2.45227e-05
15.85   -2.43313e-05
15.86   -2.41415e-05
15.87   -2.39531e-05
15.88   -2.37663e-05
15.89   -2.35809e-05
15.9   -2.3397e-05
15.91   -2.32145e-05
15.92   -2.30335e-05
15.93   -2.28539e-05
15.94   -2.26757e-05
15.95   -2.24989e-05
15.96   -2.23236e-05
15.97   -2.21496e-05
15.98   -2.19769e-05
15.99   -2.18057e-05
16   -2.16358e-05
16.01   -2.14672e-05
16.02   -2.12999e-05
16.03   -2.1134e-05
16.04   -2.09694e-05
16.05   -2.08061e-05
16.06   -2.0644e-05
16.07   -2.04833e-05
16.08   -2.03238e-05
16.09   -2.01655e-05
16.1   -2.00085e-05
16.11   -1.98528e-05
16.12   -1.96983e-05
16.13   -1.95449e-05
16.14   -1.93928e-05
16.15   -1.92419e-05
16.16   -1.90922e-05
16.17   -1.89437e-05
16.18   -1.87963e-05
16.19   -1.86501e-05
16.2   -1.8505e-05
16.21   -1.83611e-05
16.22   -1.82183e-05
16.23   -1.80766e-05
16.24   -1.7936e-05
16.25   -1.77966e-05
16.26   -1.76582e-05
16.27   -1.7521e-05
16.28   -1.73848e-05
16.29   -1.72497e-05
16.3   -1.71156e-05
16.31   -1.69826e-05
16.32   -1.68506e-05
16.33   -1.67197e-05
16.34   -1.65898e-05
16.35   -1.64609e-05
16.36   -1.63331e-05
16.37   -1.62062e-05
16.38   -1.60803e-05
16.39   -1.59555e-05
16.4   -1.58316e-05
16.41   -1.57086e-05
16.42   -1.55867e-05
16.43   -1.54657e-05
16.44   -1.53456e-05
16.45   -1.52265e-05
16.46   -1.51083e-05
16.47   -1.49911e-05
16.48   -1.48747e-05
16.49   -1.47593e-05
16.5   -1.46448e-05
16.51   -1.45312e-05
16.52   -1.44184e-05
16.53   -1.43066e-05
16.54   -1.41956e-05
16.55   -1.40855e-05
16.56   -1.39763e-05
16.57   -1.38679e-05
16.58   -1.37604e-05
16.59   -1.36537e-05
16.6   -1.35478e-05
16.61   -1.34428e-05
16.62   -1.33386e-05
16.63   -1.32352e-05
16.64   -1.31326e-05
16.65   -1.30309e-05
16.66   -1.29299e-05
16.67   -1.28297e-05
16.68   -1.27303e-05
16.69   -1.26316e-05
16.7   -1.25338e-05
16.71   -1.24367e-05
16.72   -1.23404e-05
16.73   -1.22448e-05
16.74   -1.21499e-05
16.75   -1.20559e-05
16.76   -1.19625e-05
16.77   -1.18699e-05
16.78   -1.1778e-05
16.79   -1.16868e-05
16.8   -1.15963e-05
16.81   -1.15065e-05
16.82   -1.14175e-05
16.83   -1.13291e-05
16.84   -1.12414e-05
16.85   -1.11544e-05
16.86   -1.10681e-05
16.87   -1.09825e-05
16.88   -1.08975e-05
16.89   -1.08132e-05
16.9   -1.07295e-05
16.91   -1.06465e-05
16.92   -1.05642e-05
16.93   -1.04825e-05
16.94   -1.04014e-05
16.95   -1.0321e-05
16.96   -1.02411e-05
16.97   -1.0162e-05
16.98   -1.00834e-05
16.99   -1.00054e-05
17   -9.92807e-06
17.01   -9.85132e-06
17.02   -9.77516e-06
17.03   -9.69961e-06
17.04   -9.62464e-06
17.05   -9.55025e-06
17.06   -9.47644e-06
17.07   -9.40321e-06
17.08   -9.33055e-06
17.09   -9.25845e-06
17.1   -9.18692e-06
17.11   -9.11594e-06
17.12   -9.04551e-06
17.13   -8.97564e-06
17.14   -8.9063e-06
17.15   -8.83751e-06
17.16   -8.76925e-06
17.17   -8.70152e-06
17.18   -8.63432e-06
17.19   -8.56764e-06
17.2   -8.50148e-06
17.21   -8.43584e-06
17.22   -8.3707e-06
17.23   -8.30607e-06
17.24   -8.24195e-06
17.25   -8.17832e-06
17.26   -8.11519e-06
17.27   -8.05254e-06
17.28   -7.99039e-06
17.29   -7.92871e-06
17.3   -7.86752e-06
17.31   -7.8068e-06
17.32   -7.74655e-06
17.33   -7.68677e-06
17.34   -7.62746e-06
17.35   -7.5686e-06
17.36   -7.5102e-06
17.37   -7.45226e-06
17.38   -7.39476e-06
17.39   -7.33771e-06
17.4   -7.2811e-06
17.41   -7.22493e-06
17.42   -7.1692e-06
17.43   -7.1139e-06
17.44   -7.05903e-06
17.45   -7.00458e-06
17.46   -6.95056e-06
17.47   -6.89695e-06
17.48   -6.84376e-06
17.49   -6.79099e-06
17.5   -6.73862e-06
17.51   -6.68665e-06
17.52   -6.63509e-06
17.53   -6.58393e-06
17.54   -6.53317e-06
17.55   -6.4828e-06
17.56   -6.43281e-06
17.57   -6.38322e-06
17.58   -6.33401e-06
17.59   -6.28518e-06
17.6   -6.23672e-06
17.61   -6.18865e-06
17.62   -6.14094e-06
17.63   -6.0936e-06
17.64   -6.04663e-06
17.65   -6.00003e-06
17.66   -5.95378e-06
17.67   -5.90789e-06
17.68   -5.86235e-06
17.69   -5.81717e-06
17.7   -5.77234e-06
17.71   -5.72785e-06
17.72   -5.68371e-06
17.73   -5.6399e-06
17.74   -5.59644e-06
17.75   -5.55331e-06
17.76   -5.51051e-06
17.77   -5.46805e-06
17.78   -5.42591e-06
17.79   -5.3841e-06
17.8   -5.34261e-06
17.81   -5.30144e-06
17.82   -5.26059e-06
17.83   -5.22005e-06
17.84   -5.17983e-06
17.85   -5.13991e-06
17.86   -5.10031e-06
17.87   -5.061e-06
17.88   -5.02201e-06
17.89   -4.98331e-06
17.9   -4.94491e-06
17.91   -4.90681e-06
17.92   -4.869e-06
17.93   -4.83148e-06
17.94   -4.79425e-06
17.95   -4.7573e-06
17.96   -4.72065e-06
17.97   -4.68427e-06
17.98   -4.64817e-06
17.99   -4.61235e-06
18   -4.57681e-06
18.01   -4.54154e-06
18.02   -4.50654e-06
18.03   -4.47181e-06
18.04   -4.43735e-06
18.05   -4.40315e-06
18.06   -4.36922e-06
18.07   -4.33554e-06
18.08   -4.30213e-06
18.09   -4.26897e-06
18.1   -4.23607e-06
18.11   -4.20342e-06
18.12   -4.17101e-06
18.13   -4.13886e-06
18.14   -4.10696e-06
18.15   -4.0753e-06
18.16   -4.04388e-06
18.17   -4.0127e-06
18.18   -3.98177e-06
18.19   -3.95107e-06
18.2   -3.9206e-06
18.21   -3.89037e-06
18.22   -3.86037e-06
18.23   -3.83061e-06
18.24   -3.80106e-06
18.25   -3.77175e-06
18.26   -3.74266e-06
18.27   -3.71379e-06
18.28   -3.68515e-06
18.29   -3.65672e-06
18.3   -3.62851e-06
18.31   -3.60051e-06
18.32   -3.57273e-06
18.33   -3.54517e-06
18.34   -3.51781e-06
18.35   -3.49066e-06
18.36   -3.46372e-06
18.37   -3.43699e-06
18.38   -3.41046e-06
18.39   -3.38413e-06
18.4   -3.35801e-06
18.41   -3.33208e-06
18.42   -3.30635e-06
18.43   -3.28082e-06
18.44   -3.25548e-06
18.45   -3.23034e-06
18.46   -3.20539e-06
18.47   -3.18063e-06
18.48   -3.15605e-06
18.49   -3.13167e-06
18.5   -3.10747e-06
18.51   -3.08345e-06
18.52   -3.05962e-06
18.53   -3.03597e-06
18.54   -3.0125e-06
18.55   -2.98921e-06
18.56   -2.96609e-06
18.57   -2.94315e-06
18.58   -2.92039e-06
18.59   -2.89779e-06
18.6   -2.87537e-06
18.61   -2.85312e-06
18.62   -2.83104e-06
18.63   -2.80913e-06
18.64   -2.78739e-06
18.65   -2.7658e-06
18.66   -2.74439e-06
18.67   -2.72313e-06
18.68   -2.70204e-06
18.69   -2.6811e-06
18.7   -2.66033e-06
18.71   -2.63971e-06
18.72   -2.61925e-06
18.73   -2.59894e-06
18.74   -2.57879e-06
18.75   -2.55879e-06
18.76   -2.53894e-06
18.77   -2.51924e-06
18.78   -2.4997e-06
18.79   -2.48029e-06
18.8   -2.46104e-06
18.81   -2.44193e-06
18.82   -2.42296e-06
18.83   -2.40414e-06
18.84   -2.38546e-06
18.85   -2.36692e-06
18.86   -2.34853e-06
18.87   -2.33027e-06
18.88   -2.31214e-06
18.89   -2.29416e-06
18.9   -2.27631e-06
18.91   -2.25859e-06
18.92   -2.24101e-06
18.93   -2.22356e-06
18.94   -2.20624e-06
18.95   -2.18905e-06
18.96   -2.17199e-06
18.97   -2.15506e-06
18.98   -2.13826e-06
18.99   -2.12158e-06
19   -2.10503e-06
19.01   -2.0886e-06
19.02   -2.07229e-06
19.03   -2.05611e-06
19.04   -2.04005e-06
19.05   -2.02411e-06
19.06   -2.00829e-06
19.07   -1.99258e-06
19.08   -1.977e-06
19.09   -1.96153e-06
19.1   -1.94618e-06
19.11   -1.93094e-06
19.12   -1.91581e-06
19.13   -1.9008e-06
19.14   -1.8859e-06
19.15   -1.87111e-06
19.16   -1.85643e-06
19.17   -1.84186e-06
19.18   -1.8274e-06
19.19   -1.81305e-06
19.2   -1.7988e-06
19.21   -1.78466e-06
19.22   -1.77063e-06
19.23   -1.7567e-06
19.24   -1.74287e-06
19.25   -1.72915e-06
19.26   -1.71552e-06
19.27   -1.702e-06
19.28   -1.68858e-06
19.29   -1.67526e-06
19.3   -1.66203e-06
19.31   -1.64891e-06
19.32   -1.63588e-06
19.33   -1.62295e-06
19.34   -1.61011e-06
19.35   -1.59737e-06
19.36   -1.58472e-06
19.37   -1.57217e-06
19.38   -1.55971e-06
19.39   -1.54734e-06
19.4   -1.53506e-06
19.41   -1.52287e-06
19.42   -1.51077e-06
19.43   -1.49876e-06
19.44   -1.48684e-06
19.45   -1.475e-06
19.46   -1.46325e-06
19.47   -1.45159e-06
19.48   -1.44001e-06
19.49   -1.42852e-06
19.5   -1.41711e-06
19.51   -1.40579e-06
19.52   -1.39455e-06
19.53   -1.38339e-06
19.54   -1.37231e-06
19.55   -1.36131e-06
19.56   -1.3504e-06
19.57   -1.33956e-06
19.58   -1.3288e-06
19.59   -1.31812e-06
19.6   -1.30751e-06
19.61   -1.29699e-06
19.62   -1.28654e-06
19.63   -1.27616e-06
19.64   -1.26586e-06
19.65   -1.25564e-06
19.66   -1.24548e-06
19.67   -1.23541e-06
19.68   -1.2254e-06
19.69   -1.21547e-06
19.7   -1.20561e-06
19.71   -1.19581e-06
19.72   -1.18609e-06
19.73   -1.17644e-06
19.74   -1.16686e-06
19.75   -1.15735e-06
19.76   -1.1479e-06
19.77   -1.13852e-06
19.78   -1.12921e-06
19.79   -1.11997e-06
19.8   -1.11079e-06
19.81   -1.10168e-06
19.82   -1.09263e-06
19.83   -1.08365e-06
19.84   -1.07472e-06
19.85   -1.06587e-06
19.86   -1.05707e-06
19.87   -1.04834e-06
19.88   -1.03967e-06
19.89   -1.03106e-06
19.9   -1.02251e-06
19.91   -1.01402e-06
19.92   -1.00559e-06
19.93   -9.97225e-07
19.94   -9.88914e-07
19.95   -9.80661e-07
19.96   -9.72466e-07
19.97   -9.64329e-07
19.98   -9.56248e-07
19.99   -9.48223e-07
20   -9.40254e-07
20.01   -9.3234e-07
20.02   -9.24482e-07
20.03   -9.16677e-07
20.04   -9.08927e-07
20.05   -9.01231e-07
20.06   -8.93587e-07
20.07   -8.85996e-07
20.08   -8.78457e-07
20.09   -8.7097e-07
20.1   -8.63535e-07
20.11   -8.5615e-07
20.12   -8.48816e-07
20.13   -8.41532e-07
20.14   -8.34297e-07
20.15   -8.27112e-07
20.16   -8.19975e-07
20.17   -8.12887e-07
20.18   -8.05847e-07
20.19   -7.98854e-07
20.2   -7.91909e-07
20.21   -7.8501e-07
20.22   -7.78158e-07
20.23   -7.71351e-07
20.24   -7.6459e-07
20.25   -7.57875e-07
20.26   -7.51204e-07
20.27   -7.44577e-07
20.28   -7.37995e-07
20.29   -7.31456e-07
20.3   -7.2496e-07
20.31   -7.18507e-07
20.32   -7.12097e-07
20.33   -7.05729e-07
20.34   -6.99403e-07
20.35   -6.93118e-07
20.36   -6.86874e-07
20.37   -6.80671e-07
20.38   -6.74508e-07
20.39   -6.68385e-07
20.4   -6.62302e-07
20.41   -6.56258e-07
20.42   -6.50253e-07
20.43   -6.44286e-07
20.44   -6.38358e-07
20.45   -6.32468e-07
20.46   -6.26615e-07
20.47   -6.20799e-07
20.48   -6.15021e-07
20.49   -6.09278e-07
20.5   -6.03573e-07
20.51   -5.97903e-07
20.52   -5.92268e-07
20.53   -5.86669e-07
20.54   -5.81105e-07
20.55   -5.75575e-07
20.56   -5.7008e-07
20.57   -5.64619e-07
20.58   -5.59191e-07
20.59   -5.53797e-07
20.6   -5.48436e-07
20.61   -5.43107e-07
20.62   -5.37812e-07
20.63   -5.32548e-07
20.64   -5.27316e-07
20.65   -5.22115e-07
20.66   -5.16946e-07
20.67   -5.11808e-07
20.68   -5.06701e-07
20.69   -5.01624e-07
20.7   -4.96577e-07
20.71   -4.91559e-07
20.72   -4.86572e-07
20.73   -4.81613e-07
20.74   -4.76684e-07
20.75   -4.71783e-07
20.76   -4.66911e-07
20.77   -4.62066e-07
20.78   -4.5725e-07
20.79   -4.52461e-07
20.8   -4.477e-07
20.81   -4.42965e-07
20.82   -4.38258e-07
20.83   -4.33577e-07
20.84   -4.28922e-07
20.85   -4.24293e-07
20.86   -4.1969e-07
20.87   -4.15112e-07
20.88   -4.10559e-07
20.89   -4.06032e-07
20.9   -4.01529e-07
20.91   -3.97051e-07
20.92   -3.92596e-07
20.93   -3.88166e-07
20.94   -3.8376e-07
20.95   -3.79377e-07
20.96   -3.75017e-07
20.97   -3.7068e-07
20.98   -3.66365e-07
20.99   -3.62074e-07
21   -3.57804e-07
21.01   -3.53557e-07
21.02   -3.49331e-07
21.03   -3.45127e-07
21.04   -3.40944e-07
21.05   -3.36782e-07
21.06   -3.32641e-07
21.07   -3.28521e-07
21.08   -3.24421e-07
21.09   -3.20341e-07
21.1   -3.16281e-07
21.11   -3.12241e-07
21.12   -3.0822e-07
21.13   -3.04219e-07
21.14   -3.00236e-07
21.15   -2.96272e-07
21.16   -2.92327e-07
21.17   -2.884e-07
21.18   -2.84492e-07
21.19   -2.80601e-07
21.2   -2.76728e-07
21.21   -2.72873e-07
21.22   -2.69035e-07
21.23   -2.65214e-07
21.24   -2.6141e-07
21.25   -2.57622e-07
21.26   -2.53851e-07
21.27   -2.50097e-07
21.28   -2.46358e-07
21.29   -2.42635e-07
21.3   -2.38928e-07
21.31   -2.35236e-07
21.32   -2.3156e-07
21.33   -2.27898e-07
21.34   -2.24251e-07
21.35   -2.20619e-07
21.36   -2.17002e-07
21.37   -2.13399e-07
21.38   -2.09809e-07
21.39   -2.06234e-07
21.4   -2.02672e-07
21.41   -1.99124e-07
21.42   -1.95589e-07
21.43   -1.92067e-07
21.44   -1.88558e-07
21.45   -1.85062e-07
21.46   -1.81578e-07
21.47   -1.78106e-07
21.48   -1.74647e-07
21.49   -1.712e-07
21.5   -1.67764e-07
21.51   -1.6434e-07
21.52   -1.60927e-07
21.53   -1.57526e-07
21.54   -1.54136e-07
21.55   -1.50756e-07
21.56   -1.47387e-07
21.57   -1.44029e-07
21.58   -1.40681e-07
21.59   -1.37343e-07
21.6   -1.34015e-07
21.61   -1.30697e-07
21.62   -1.27388e-07
21.63   -1.24089e-07
21.64   -1.20799e-07
21.65   -1.17518e-07
21.66   -1.14247e-07
21.67   -1.10983e-07
21.68   -1.07729e-07
21.69   -1.04483e-07
21.7   -1.01245e-07
21.71   -9.80145e-08
21.72   -9.47924e-08
21.73   -9.1578e-08
21.74   -8.83711e-08
21.75   -8.51716e-08
21.76   -8.19793e-08
21.77   -7.8794e-08
21.78   -7.56156e-08
21.79   -7.24438e-08
21.8   -6.92786e-08
21.81   -6.61198e-08
21.82   -6.29671e-08
21.83   -5.98205e-08
21.84   -5.66798e-08
21.85   -5.35447e-08
21.86   -5.04152e-08
21.87   -4.72911e-08
21.88   -4.41722e-08
21.89   -4.10583e-08
21.9   -3.79494e-08
21.91   -3.48452e-08
21.92   -3.17455e-08
21.93   -2.86503e-08
21.94   -2.55593e-08
21.95   -2.24724e-08
21.96   -1.93894e-08
21.97   -1.63102e-08
21.98   -1.32346e-08
21.99   -1.01625e-08
22   -7.09371e-09
22.01   -4.02804e-09
22.02   -9.65348e-10
