0.03   0.00260112
0.04   0.00304246
0.05   0.00361428
0.06   0.00423752
0.07   0.00488478
0.08   0.00554452
0.09   0.00621119
0.1   0.00688185
0.11   0.00755481
0.12   0.00822901
0.13   0.00890377
0.14   0.00957863
0.15   0.0102532
0.16   0.0109273
0.17   0.0116007
0.18   0.0122732
0.19   0.0129447
0.2   0.013615
0.21   0.014284
0.22   0.0149517
0.23   0.015618
0.24   0.0162827
0.25   0.0169457
0.26   0.0176071
0.27   0.0182666
0.28   0.0189243
0.29   0.01958
0.3   0.0202337
0.31   0.0208854
0.32   0.0215348
0.33   0.022182
0.34   0.0228269
0.35   0.0234694
0.36   0.0241095
0.37   0.024747
0.38   0.025382
0.39   0.0260143
0.4   0.0266439
0.41   0.0272707
0.42   0.0278947
0.43   0.0285157
0.44   0.0291338
0.45   0.0297488
0.46   0.0303607
0.47   0.0309694
0.48   0.0315749
0.49   0.0321771
0.5   0.032776
0.51   0.0333714
0.52   0.0339633
0.53   0.0345517
0.54   0.0351365
0.55   0.0357176
0.56   0.036295
0.57   0.0368686
0.58   0.0374383
0.59   0.0380042
0.6   0.0385661
0.61   0.039124
0.62   0.0396778
0.63   0.0402275
0.64   0.040773
0.65   0.0413142
0.66   0.0418512
0.67   0.0423839
0.68   0.0429121
0.69   0.0434359
0.7   0.0439551
0.71   0.0444699
0.72   0.04498
0.73   0.0454854
0.74   0.0459862
0.75   0.0464822
0.76   0.0469734
0.77   0.0474597
0.78   0.0479412
0.79   0.0484177
0.8   0.0488892
0.81   0.0493556
0.82   0.049817
0.83   0.0502733
0.84   0.0507243
0.85   0.0511702
0.86   0.0516108
0.87   0.0520461
0.88   0.0524761
0.89   0.0529007
0.9   0.0533199
0.91   0.0537336
0.92   0.0541418
0.93   0.0545445
0.94   0.0549416
0.95   0.0553331
0.96   0.0557189
0.97   0.0560991
0.98   0.0564736
0.99   0.0568423
1   0.0572052
1.01   0.0575623
1.02   0.0579136
1.03   0.058259
1.04   0.0585985
1.05   0.0589321
1.06   0.0592597
1.07   0.0595813
1.08   0.0598969
1.09   0.0602064
1.1   0.0605099
1.11   0.0608073
1.12   0.0610985
1.13   0.0613837
1.14   0.0616626
1.15   0.0619354
1.16   0.0622019
1.17   0.0624623
1.18   0.0627164
1.19   0.0629642
1.2   0.0632057
1.21   0.063441
1.22   0.0636699
1.23   0.0638925
1.24   0.0641087
1.25   0.0643186
1.26   0.0645221
1.27   0.0647192
1.28   0.0649099
1.29   0.0650942
1.3   0.065272
1.31   0.0654435
1.32   0.0656085
1.33   0.065767
1.34   0.0659191
1.35   0.0660647
1.36   0.0662039
1.37   0.0663366
1.38   0.0664628
1.39   0.0665825
1.4   0.0666957
1.41   0.0668025
1.42   0.0669028
1.43   0.0669965
1.44   0.0670838
1.45   0.0671646
1.46   0.067239
1.47   0.0673068
1.48   0.0673682
1.49   0.0674231
1.5   0.0674715
1.51   0.0675135
1.52   0.067549
1.53   0.0675781
1.54   0.0676007
1.55   0.0676169
1.56   0.0676267
1.57   0.06763
1.58   0.067627
1.59   0.0676176
1.6   0.0676018
1.61   0.0675796
1.62   0.0675511
1.63   0.0675163
1.64   0.0674752
1.65   0.0674277
1.66   0.067374
1.67   0.067314
1.68   0.0672478
1.69   0.0671753
1.7   0.0670967
1.71   0.0670118
1.72   0.0669208
1.73   0.0668237
1.74   0.0667204
1.75   0.0666111
1.76   0.0664956
1.77   0.0663742
1.78   0.0662467
1.79   0.0661132
1.8   0.0659737
1.81   0.0658284
1.82   0.0656771
1.83   0.0655199
1.84   0.0653569
1.85   0.065188
1.86   0.0650134
1.87   0.064833
1.88   0.0646469
1.89   0.0644551
1.9   0.0642577
1.91   0.0640546
1.92   0.0638459
1.93   0.0636317
1.94   0.063412
1.95   0.0631868
1.96   0.0629562
1.97   0.0627201
1.98   0.0624787
1.99   0.062232
2   0.06198
2.01   0.0617227
2.02   0.0614603
2.03   0.0611926
2.04   0.0609199
2.05   0.0606421
2.06   0.0603592
2.07   0.0600714
2.08   0.0597786
2.09   0.0594809
2.1   0.0591784
2.11   0.0588711
2.12   0.0585589
2.13   0.0582421
2.14   0.0579206
2.15   0.0575945
2.16   0.0572639
2.17   0.0569287
2.18   0.056589
2.19   0.0562449
2.2   0.0558964
2.21   0.0555436
2.22   0.0551866
2.23   0.0548253
2.24   0.0544599
2.25   0.0540903
2.26   0.0537167
2.27   0.0533391
2.28   0.0529575
2.29   0.052572
2.3   0.0521827
2.31   0.0517896
2.32   0.0513927
2.33   0.0509922
2.34   0.050588
2.35   0.0501803
2.36   0.0497691
2.37   0.0493544
2.38   0.0489363
2.39   0.0485148
2.4   0.0480901
2.41   0.0476622
2.42   0.0472311
2.43   0.0467969
2.44   0.0463597
2.45   0.0459194
2.46   0.0454762
2.47   0.0450302
2.48   0.0445814
2.49   0.0441298
2.5   0.0436755
2.51   0.0432186
2.52   0.0427591
2.53   0.0422971
2.54   0.0418327
2.55   0.0413659
2.56   0.0408967
2.57   0.0404253
2.58   0.0399518
2.59   0.039476
2.6   0.0389982
2.61   0.0385184
2.62   0.0380367
2.63   0.037553
2.64   0.0370676
2.65   0.0365803
2.66   0.0360914
2.67   0.0356009
2.68   0.0351087
2.69   0.0346151
2.7   0.03412
2.71   0.0336235
2.72   0.0331258
2.73   0.0326267
2.74   0.0321265
2.75   0.0316251
2.76   0.0311227
2.77   0.0306193
2.78   0.0301149
2.79   0.0296097
2.8   0.0291036
2.81   0.0285968
2.82   0.0280894
2.83   0.0275812
2.84   0.0270726
2.85   0.0265634
2.86   0.0260538
2.87   0.0255438
2.88   0.0250336
2.89   0.024523
2.9   0.0240123
2.91   0.0235015
2.92   0.0229906
2.93   0.0224797
2.94   0.0219689
2.95   0.0214582
2.96   0.0209477
2.97   0.0204375
2.98   0.0199276
2.99   0.019418
3   0.0189089
3.01   0.0184002
3.02   0.0178922
3.03   0.0173847
3.04   0.0168779
3.05   0.0163719
3.06   0.0158666
3.07   0.0153622
3.08   0.0148587
3.09   0.0143562
3.1   0.0138547
3.11   0.0133543
3.12   0.0128551
3.13   0.012357
3.14   0.0118603
3.15   0.0113648
3.16   0.0108707
3.17   0.0103781
3.18   0.00988694
3.19   0.00939733
3.2   0.00890933
3.21   0.00842297
3.22   0.00793834
3.23   0.00745546
3.24   0.00697441
3.25   0.00649523
3.26   0.00601798
3.27   0.0055427
3.28   0.00506946
3.29   0.00459831
3.3   0.00412929
3.31   0.00366246
3.32   0.00319786
3.33   0.00273556
3.34   0.0022756
3.35   0.00181802
3.36   0.00136289
3.37   0.000910236
3.38   0.000460122
3.39   1.25912e-05
3.4   -0.000432309
3.41   -0.000874532
3.42   -0.00131403
3.43   -0.00175076
3.44   -0.00218467
3.45   -0.00261573
3.46   -0.00304388
3.47   -0.00346908
3.48   -0.00389128
3.49   -0.00431046
3.5   -0.00472655
3.51   -0.00513953
3.52   -0.00554934
3.53   -0.00595596
3.54   -0.00635933
3.55   -0.00675942
3.56   -0.00715618
3.57   -0.00754959
3.58   -0.0079396
3.59   -0.00832618
3.6   -0.00870928
3.61   -0.00908888
3.62   -0.00946493
3.63   -0.0098374
3.64   -0.0102062
3.65   -0.0105715
3.66   -0.010933
3.67   -0.0112908
3.68   -0.0116448
3.69   -0.0119951
3.7   -0.0123416
3.71   -0.0126842
3.72   -0.013023
3.73   -0.0133578
3.74   -0.0136888
3.75   -0.0140157
3.76   -0.0143387
3.77   -0.0146577
3.78   -0.0149726
3.79   -0.0152835
3.8   -0.0155903
3.81   -0.0158929
3.82   -0.0161915
3.83   -0.0164858
3.84   -0.016776
3.85   -0.017062
3.86   -0.0173438
3.87   -0.0176213
3.88   -0.0178945
3.89   -0.0181635
3.9   -0.0184281
3.91   -0.0186885
3.92   -0.0189445
3.93   -0.0191961
3.94   -0.0194433
3.95   -0.0196862
3.96   -0.0199247
3.97   -0.0201587
3.98   -0.0203883
3.99   -0.0206135
4   -0.0208342
4.01   -0.0210505
4.02   -0.0212623
4.03   -0.0214695
4.04   -0.0216723
4.05   -0.0218706
4.06   -0.0220644
4.07   -0.0222536
4.08   -0.0224383
4.09   -0.0226185
4.1   -0.0227941
4.11   -0.0229652
4.12   -0.0231317
4.13   -0.0232937
4.14   -0.0234511
4.15   -0.0236039
4.16   -0.0237522
4.17   -0.0238959
4.18   -0.0240351
4.19   -0.0241697
4.2   -0.0242997
4.21   -0.0244252
4.22   -0.0245461
4.23   -0.0246624
4.24   -0.0247742
4.25   -0.0248814
4.26   -0.0249841
4.27   -0.0250823
4.28   -0.0251759
4.29   -0.025265
4.3   -0.0253495
4.31   -0.0254296
4.32   -0.0255051
4.33   -0.0255761
4.34   -0.0256427
4.35   -0.0257047
4.36   -0.0257623
4.37   -0.0258155
4.38   -0.0258642
4.39   -0.0259085
4.4   -0.0259483
4.41   -0.0259838
4.42   -0.0260148
4.43   -0.0260415
4.44   -0.0260638
4.45   -0.0260818
4.46   -0.0260954
4.47   -0.0261047
4.48   -0.0261097
4.49   -0.0261105
4.5   -0.026107
4.51   -0.0260992
4.52   -0.0260873
4.53   -0.0260711
4.54   -0.0260508
4.55   -0.0260263
4.56   -0.0259977
4.57   -0.0259649
4.58   -0.0259281
4.59   -0.0258872
4.6   -0.0258423
4.61   -0.0257933
4.62   -0.0257404
4.63   -0.0256835
4.64   -0.0256226
4.65   -0.0255578
4.66   -0.0254892
4.67   -0.0254167
4.68   -0.0253403
4.69   -0.0252602
4.7   -0.0251763
4.71   -0.0250886
4.72   -0.0249972
4.73   -0.0249022
4.74   -0.0248034
4.75   -0.0247011
4.76   -0.0245951
4.77   -0.0244856
4.78   -0.0243726
4.79   -0.0242561
4.8   -0.0241361
4.81   -0.0240127
4.82   -0.0238859
4.83   -0.0237557
4.84   -0.0236222
4.85   -0.0234854
4.86   -0.0233453
4.87   -0.0232021
4.88   -0.0230556
4.89   -0.022906
4.9   -0.0227533
4.91   -0.0225975
4.92   -0.0224386
4.93   -0.0222768
4.94   -0.022112
4.95   -0.0219443
4.96   -0.0217737
4.97   -0.0216002
4.98   -0.0214239
4.99   -0.0212449
5   -0.0210631
5.01   -0.0208787
5.02   -0.0206916
5.03   -0.0205019
5.04   -0.0203096
5.05   -0.0201148
5.06   -0.0199175
5.07   -0.0197177
5.08   -0.0195156
5.09   -0.0193111
5.1   -0.0191043
5.11   -0.0188952
5.12   -0.0186838
5.13   -0.0184703
5.14   -0.0182546
5.15   -0.0180368
5.16   -0.0178169
5.17   -0.017595
5.18   -0.0173712
5.19   -0.0171454
5.2   -0.0169177
5.21   -0.0166881
5.22   -0.0164568
5.23   -0.0162237
5.24   -0.0159888
5.25   -0.0157523
5.26   -0.0155142
5.27   -0.0152745
5.28   -0.0150332
5.29   -0.0147904
5.3   -0.0145462
5.31   -0.0143006
5.32   -0.0140536
5.33   -0.0138052
5.34   -0.0135556
5.35   -0.0133048
5.36   -0.0130528
5.37   -0.0127996
5.38   -0.0125453
5.39   -0.01229
5.4   -0.0120337
5.41   -0.0117764
5.42   -0.0115181
5.43   -0.011259
5.44   -0.0109991
5.45   -0.0107383
5.46   -0.0104768
5.47   -0.0102146
5.48   -0.00995177
5.49   -0.0096883
5.5   -0.00942424
5.51   -0.00915966
5.52   -0.00889459
5.53   -0.00862907
5.54   -0.00836315
5.55   -0.00809687
5.56   -0.00783028
5.57   -0.00756341
5.58   -0.0072963
5.59   -0.00702901
5.6   -0.00676157
5.61   -0.00649402
5.62   -0.00622641
5.63   -0.00595878
5.64   -0.00569116
5.65   -0.0054236
5.66   -0.00515615
5.67   -0.00488883
5.68   -0.00462169
5.69   -0.00435478
5.7   -0.00408812
5.71   -0.00382176
5.72   -0.00355575
5.73   -0.00329011
5.74   -0.00302488
5.75   -0.00276012
5.76   -0.00249585
5.77   -0.0022321
5.78   -0.00196893
5.79   -0.00170637
5.8   -0.00144444
5.81   -0.0011832
5.82   -0.000922678
5.83   -0.000662906
5.84   -0.000403922
5.85   -0.000145763
5.86   0.000111538
5.87   0.000367946
5.88   0.000623425
5.89   0.000877942
5.9   0.00113146
5.91   0.00138396
5.92   0.00163539
5.93   0.00188572
5.94   0.00213494
5.95   0.00238299
5.96   0.00262985
5.97   0.00287549
5.98   0.00311988
5.99   0.00336299
6   0.00360479
6.01   0.00384525
6.02   0.00408434
6.03   0.00432203
6.04   0.0045583
6.05   0.00479311
6.06   0.00502644
6.07   0.00525827
6.08   0.00548856
6.09   0.00571729
6.1   0.00594443
6.11   0.00616997
6.12   0.00639387
6.13   0.00661612
6.14   0.00683668
6.15   0.00705553
6.16   0.00727266
6.17   0.00748804
6.18   0.00770164
6.19   0.00791345
6.2   0.00812345
6.21   0.00833161
6.22   0.00853792
6.23   0.00874236
6.24   0.0089449
6.25   0.00914553
6.26   0.00934423
6.27   0.00954099
6.28   0.00973578
6.29   0.0099286
6.3   0.0101194
6.31   0.0103082
6.32   0.010495
6.33   0.0106797
6.34   0.0108624
6.35   0.011043
6.36   0.0112216
6.37   0.011398
6.38   0.0115724
6.39   0.0117446
6.4   0.0119147
6.41   0.0120826
6.42   0.0122484
6.43   0.0124121
6.44   0.0125736
6.45   0.0127329
6.46   0.01289
6.47   0.0130449
6.48   0.0131977
6.49   0.0133482
6.5   0.0134965
6.51   0.0136426
6.52   0.0137865
6.53   0.0139281
6.54   0.0140675
6.55   0.0142047
6.56   0.0143397
6.57   0.0144724
6.58   0.0146028
6.59   0.0147311
6.6   0.014857
6.61   0.0149808
6.62   0.0151022
6.63   0.0152215
6.64   0.0153385
6.65   0.0154532
6.66   0.0155657
6.67   0.0156759
6.68   0.015784
6.69   0.0158897
6.7   0.0159933
6.71   0.0160946
6.72   0.0161937
6.73   0.0162905
6.74   0.0163852
6.75   0.0164776
6.76   0.0165678
6.77   0.0166558
6.78   0.0167417
6.79   0.0168253
6.8   0.0169067
6.81   0.016986
6.82   0.0170632
6.83   0.0171381
6.84   0.0172109
6.85   0.0172816
6.86   0.0173501
6.87   0.0174166
6.88   0.0174809
6.89   0.0175431
6.9   0.0176032
6.91   0.0176613
6.92   0.0177173
6.93   0.0177712
6.94   0.0178231
6.95   0.0178729
6.96   0.0179208
6.97   0.0179666
6.98   0.0180104
6.99   0.0180523
7   0.0180922
7.01   0.0181302
7.02   0.0181662
7.03   0.0182003
7.04   0.0182325
7.05   0.0182628
7.06   0.0182912
7.07   0.0183177
7.08   0.0183424
7.09   0.0183653
7.1   0.0183864
7.11   0.0184057
7.12   0.0184232
7.13   0.0184389
7.14   0.0184529
7.15   0.0184652
7.16   0.0184757
7.17   0.0184845
7.18   0.0184917
7.19   0.0184972
7.2   0.0185011
7.21   0.0185034
7.22   0.018504
7.23   0.0185031
7.24   0.0185005
7.25   0.0184965
7.26   0.0184909
7.27   0.0184838
7.28   0.0184752
7.29   0.0184651
7.3   0.0184535
7.31   0.0184406
7.32   0.0184262
7.33   0.0184104
7.34   0.0183932
7.35   0.0183747
7.36   0.0183548
7.37   0.0183336
7.38   0.0183111
7.39   0.0182873
7.4   0.0182622
7.41   0.0182359
7.42   0.0182084
7.43   0.0181797
7.44   0.0181497
7.45   0.0181186
7.46   0.0180864
7.47   0.018053
7.48   0.0180185
7.49   0.0179829
7.5   0.0179463
7.51   0.0179086
7.52   0.0178698
7.53   0.0178301
7.54   0.0177893
7.55   0.0177476
7.56   0.0177049
7.57   0.0176613
7.58   0.0176167
7.59   0.0175712
7.6   0.0175249
7.61   0.0174777
7.62   0.0174296
7.63   0.0173807
7.64   0.017331
7.65   0.0172805
7.66   0.0172292
7.67   0.0171772
7.68   0.0171244
7.69   0.0170709
7.7   0.0170167
7.71   0.0169618
7.72   0.0169062
7.73   0.01685
7.74   0.0167931
7.75   0.0167356
7.76   0.0166775
7.77   0.0166188
7.78   0.0165596
7.79   0.0164998
7.8   0.0164394
7.81   0.0163785
7.82   0.0163172
7.83   0.0162553
7.84   0.0161929
7.85   0.0161301
7.86   0.0160668
7.87   0.0160031
7.88   0.015939
7.89   0.0158745
7.9   0.0158096
7.91   0.0157443
7.92   0.0156786
7.93   0.0156127
7.94   0.0155463
7.95   0.0154797
7.96   0.0154127
7.97   0.0153455
7.98   0.015278
7.99   0.0152102
8   0.0151421
8.01   0.0150738
8.02   0.0150053
8.03   0.0149366
8.04   0.0148676
8.05   0.0147985
8.06   0.0147292
8.07   0.0146597
8.08   0.01459
8.09   0.0145202
8.1   0.0144503
8.11   0.0143802
8.12   0.0143101
8.13   0.0142398
8.14   0.0141694
8.15   0.0140989
8.16   0.0140284
8.17   0.0139578
8.18   0.0138871
8.19   0.0138164
8.2   0.0137457
8.21   0.0136749
8.22   0.0136042
8.23   0.0135334
8.24   0.0134626
8.25   0.0133918
8.26   0.013321
8.27   0.0132502
8.28   0.0131795
8.29   0.0131088
8.3   0.0130382
8.31   0.0129676
8.32   0.0128971
8.33   0.0128267
8.34   0.0127563
8.35   0.012686
8.36   0.0126158
8.37   0.0125457
8.38   0.0124757
8.39   0.0124058
8.4   0.012336
8.41   0.0122664
8.42   0.0121968
8.43   0.0121274
8.44   0.0120582
8.45   0.0119891
8.46   0.0119201
8.47   0.0118513
8.48   0.0117827
8.49   0.0117142
8.5   0.0116459
8.51   0.0115777
8.52   0.0115098
8.53   0.011442
8.54   0.0113744
8.55   0.011307
8.56   0.0112398
8.57   0.0111728
8.58   0.011106
8.59   0.0110394
8.6   0.010973
8.61   0.0109068
8.62   0.0108409
8.63   0.0107752
8.64   0.0107097
8.65   0.0106444
8.66   0.0105794
8.67   0.0105146
8.68   0.01045
8.69   0.0103857
8.7   0.0103216
8.71   0.0102577
8.72   0.0101941
8.73   0.0101308
8.74   0.0100677
8.75   0.0100049
8.76   0.00994227
8.77   0.00987994
8.78   0.00981788
8.79   0.00975608
8.8   0.00969454
8.81   0.00963327
8.82   0.00957227
8.83   0.00951153
8.84   0.00945107
8.85   0.00939087
8.86   0.00933095
8.87   0.00927131
8.88   0.00921194
8.89   0.00915285
8.9   0.00909403
8.91   0.0090355
8.92   0.00897724
8.93   0.00891927
8.94   0.00886157
8.95   0.00880416
8.96   0.00874703
8.97   0.00869019
8.98   0.00863363
8.99   0.00857735
9   0.00852137
9.01   0.00846566
9.02   0.00841025
9.03   0.00835511
9.04   0.00830027
9.05   0.00824571
9.06   0.00819144
9.07   0.00813746
9.08   0.00808377
9.09   0.00803036
9.1   0.00797724
9.11   0.00792441
9.12   0.00787187
9.13   0.00781961
9.14   0.00776764
9.15   0.00771596
9.16   0.00766457
9.17   0.00761346
9.18   0.00756264
9.19   0.0075121
9.2   0.00746186
9.21   0.00741189
9.22   0.00736221
9.23   0.00731282
9.24   0.00726371
9.25   0.00721488
9.26   0.00716634
9.27   0.00711808
9.28   0.0070701
9.29   0.0070224
9.3   0.00697499
9.31   0.00692785
9.32   0.00688099
9.33   0.00683441
9.34   0.00678811
9.35   0.00674209
9.36   0.00669634
9.37   0.00665087
9.38   0.00660567
9.39   0.00656075
9.4   0.0065161
9.41   0.00647173
9.42   0.00642762
9.43   0.00638379
9.44   0.00634022
9.45   0.00629693
9.46   0.0062539
9.47   0.00621114
9.48   0.00616864
9.49   0.00612641
9.5   0.00608444
9.51   0.00604274
9.52   0.0060013
9.53   0.00596011
9.54   0.00591919
9.55   0.00587853
9.56   0.00583812
9.57   0.00579798
9.58   0.00575808
9.59   0.00571845
9.6   0.00567906
9.61   0.00563993
9.62   0.00560105
9.63   0.00556241
9.64   0.00552403
9.65   0.0054859
9.66   0.00544801
9.67   0.00541036
9.68   0.00537297
9.69   0.00533581
9.7   0.0052989
9.71   0.00526222
9.72   0.00522579
9.73   0.0051896
9.74   0.00515364
9.75   0.00511792
9.76   0.00508243
9.77   0.00504718
9.78   0.00501216
9.79   0.00497737
9.8   0.00494281
9.81   0.00490848
9.82   0.00487438
9.83   0.0048405
9.84   0.00480685
9.85   0.00477342
9.86   0.00474022
9.87   0.00470724
9.88   0.00467448
9.89   0.00464194
9.9   0.00460961
9.91   0.00457751
9.92   0.00454561
9.93   0.00451394
9.94   0.00448247
9.95   0.00445122
9.96   0.00442018
9.97   0.00438935
9.98   0.00435873
9.99   0.00432831
10   0.0042981
10.01   0.0042681
10.02   0.0042383
10.03   0.0042087
10.04   0.0041793
10.05   0.00415011
10.06   0.00412111
10.07   0.00409231
10.08   0.0040637
10.09   0.0040353
10.1   0.00400708
10.11   0.00397906
10.12   0.00395123
10.13   0.00392359
10.14   0.00389614
10.15   0.00386888
10.16   0.00384181
10.17   0.00381492
10.18   0.00378822
10.19   0.0037617
10.2   0.00373536
10.21   0.00370921
10.22   0.00368323
10.23   0.00365744
10.24   0.00363182
10.25   0.00360638
10.26   0.00358111
10.27   0.00355602
10.28   0.00353111
10.29   0.00350637
10.3   0.00348179
10.31   0.00345739
10.32   0.00343316
10.33   0.00340909
10.34   0.0033852
10.35   0.00336147
10.36   0.0033379
10.37   0.0033145
10.38   0.00329126
10.39   0.00326818
10.4   0.00324526
10.41   0.0032225
10.42   0.00319991
10.43   0.00317746
10.44   0.00315518
10.45   0.00313305
10.46   0.00311108
10.47   0.00308925
10.48   0.00306758
10.49   0.00304607
10.5   0.0030247
10.51   0.00300348
10.52   0.00298241
10.53   0.00296149
10.54   0.00294072
10.55   0.00292009
10.56   0.0028996
10.57   0.00287926
10.58   0.00285906
10.59   0.002839
10.6   0.00281909
10.61   0.00279931
10.62   0.00277967
10.63   0.00276017
10.64   0.00274081
10.65   0.00272158
10.66   0.00270249
10.67   0.00268353
10.68   0.0026647
10.69   0.00264601
10.7   0.00262745
10.71   0.00260902
10.72   0.00259072
10.73   0.00257255
10.74   0.0025545
10.75   0.00253659
10.76   0.00251879
10.77   0.00250113
10.78   0.00248359
10.79   0.00246617
10.8   0.00244887
10.81   0.0024317
10.82   0.00241465
10.83   0.00239772
10.84   0.0023809
10.85   0.00236421
10.86   0.00234763
10.87   0.00233117
10.88   0.00231483
10.89   0.0022986
10.9   0.00228249
10.91   0.00226649
10.92   0.0022506
10.93   0.00223483
10.94   0.00221917
10.95   0.00220361
10.96   0.00218817
10.97   0.00217284
10.98   0.00215761
10.99   0.00214249
11   0.00212748
11.01   0.00211258
11.02   0.00209778
11.03   0.00208308
11.04   0.00206849
11.05   0.002054
11.06   0.00203962
11.07   0.00202533
11.08   0.00201115
11.09   0.00199707
11.1   0.00198308
11.11   0.0019692
11.12   0.00195541
11.13   0.00194172
11.14   0.00192813
11.15   0.00191463
11.16   0.00190123
11.17   0.00188793
11.18   0.00187472
11.19   0.0018616
11.2   0.00184857
11.21   0.00183564
11.22   0.0018228
11.23   0.00181005
11.24   0.00179739
11.25   0.00178481
11.26   0.00177233
11.27   0.00175994
11.28   0.00174763
11.29   0.00173541
11.3   0.00172328
11.31   0.00171123
11.32   0.00169927
11.33   0.00168739
11.34   0.0016756
11.35   0.00166389
11.36   0.00165226
11.37   0.00164072
11.38   0.00162925
11.39   0.00161787
11.4   0.00160657
11.41   0.00159535
11.42   0.0015842
11.43   0.00157314
11.44   0.00156215
11.45   0.00155125
11.46   0.00154042
11.47   0.00152966
11.48   0.00151898
11.49   0.00150838
11.5   0.00149785
11.51   0.0014874
11.52   0.00147702
11.53   0.00146672
11.54   0.00145648
11.55   0.00144632
11.56   0.00143623
11.57   0.00142621
11.58   0.00141627
11.59   0.00140639
11.6   0.00139659
11.61   0.00138685
11.62   0.00137718
11.63   0.00136758
11.64   0.00135805
11.65   0.00134858
11.66   0.00133918
11.67   0.00132985
11.68   0.00132059
11.69   0.00131139
11.7   0.00130225
11.71   0.00129318
11.72   0.00128417
11.73   0.00127523
11.74   0.00126635
11.75   0.00125753
11.76   0.00124878
11.77   0.00124008
11.78   0.00123145
11.79   0.00122288
11.8   0.00121437
11.81   0.00120592
11.82   0.00119753
11.83   0.0011892
11.84   0.00118092
11.85   0.00117271
11.86   0.00116455
11.87   0.00115645
11.88   0.00114841
11.89   0.00114043
11.9   0.0011325
11.91   0.00112463
11.92   0.00111681
11.93   0.00110905
11.94   0.00110134
11.95   0.00109369
11.96   0.00108609
11.97   0.00107854
11.98   0.00107105
11.99   0.00106361
12   0.00105622
12.01   0.00104889
12.02   0.0010416
12.03   0.00103437
12.04   0.00102719
12.05   0.00102006
12.06   0.00101298
12.07   0.00100595
12.08   0.000998967
12.09   0.000992035
12.1   0.000985152
12.11   0.000978317
12.12   0.000971531
12.13   0.000964792
12.14   0.000958101
12.15   0.000951457
12.16   0.000944859
12.17   0.000938308
12.18   0.000931803
12.19   0.000925344
12.2   0.00091893
12.21   0.000912562
12.22   0.000906238
12.23   0.000899959
12.24   0.000893723
12.25   0.000887532
12.26   0.000881384
12.27   0.000875279
12.28   0.000869218
12.29   0.000863199
12.3   0.000857222
12.31   0.000851287
12.32   0.000845394
12.33   0.000839542
12.34   0.000833731
12.35   0.000827962
12.36   0.000822232
12.37   0.000816543
12.38   0.000810894
12.39   0.000805285
12.4   0.000799714
12.41   0.000794183
12.42   0.000788691
12.43   0.000783238
12.44   0.000777822
12.45   0.000772445
12.46   0.000767105
12.47   0.000761803
12.48   0.000756538
12.49   0.00075131
12.5   0.000746118
12.51   0.000740963
12.52   0.000735845
12.53   0.000730762
12.54   0.000725714
12.55   0.000720702
12.56   0.000715725
12.57   0.000710783
12.58   0.000705876
12.59   0.000701003
12.6   0.000696164
12.61   0.000691359
12.62   0.000686588
12.63   0.00068185
12.64   0.000677145
12.65   0.000672473
12.66   0.000667834
12.67   0.000663228
12.68   0.000658653
12.69   0.000654111
12.7   0.0006496
12.71   0.000645121
12.72   0.000640674
12.73   0.000636257
12.74   0.000631871
12.75   0.000627516
12.76   0.000623192
12.77   0.000618897
12.78   0.000614633
12.79   0.000610399
12.8   0.000606194
12.81   0.000602018
12.82   0.000597872
12.83   0.000593754
12.84   0.000589666
12.85   0.000585606
12.86   0.000581574
12.87   0.000577571
12.88   0.000573595
12.89   0.000569647
12.9   0.000565727
12.91   0.000561834
12.92   0.000557968
12.93   0.00055413
12.94   0.000550318
12.95   0.000546532
12.96   0.000542773
12.97   0.000539041
12.98   0.000535334
12.99   0.000531653
13   0.000527998
13.01   0.000524368
13.02   0.000520764
13.03   0.000517185
13.04   0.000513631
13.05   0.000510101
13.06   0.000506596
13.07   0.000503116
13.08   0.000499659
13.09   0.000496227
13.1   0.000492819
13.11   0.000489435
13.12   0.000486074
13.13   0.000482736
13.14   0.000479422
13.15   0.000476131
13.16   0.000472862
13.17   0.000469617
13.18   0.000466394
13.19   0.000463193
13.2   0.000460015
13.21   0.000456859
13.22   0.000453725
13.23   0.000450612
13.24   0.000447522
13.25   0.000444452
13.26   0.000441404
13.27   0.000438378
13.28   0.000435372
13.29   0.000432387
13.3   0.000429423
13.31   0.00042648
13.32   0.000423557
13.33   0.000420654
13.34   0.000417772
13.35   0.000414909
13.36   0.000412067
13.37   0.000409244
13.38   0.000406441
13.39   0.000403657
13.4   0.000400892
13.41   0.000398147
13.42   0.000395421
13.43   0.000392714
13.44   0.000390025
13.45   0.000387355
13.46   0.000384704
13.47   0.000382071
13.48   0.000379456
13.49   0.00037686
13.5   0.000374281
13.51   0.000371721
13.52   0.000369178
13.53   0.000366653
13.54   0.000364145
13.55   0.000361655
13.56   0.000359182
13.57   0.000356726
13.58   0.000354287
13.59   0.000351865
13.6   0.000349459
13.61   0.000347071
13.62   0.000344699
13.63   0.000342343
13.64   0.000340004
13.65   0.000337681
13.66   0.000335374
13.67   0.000333083
13.68   0.000330807
13.69   0.000328548
13.7   0.000326304
13.71   0.000324076
13.72   0.000321863
13.73   0.000319665
13.74   0.000317483
13.75   0.000315316
13.76   0.000313163
13.77   0.000311026
13.78   0.000308903
13.79   0.000306796
13.8   0.000304702
13.81   0.000302623
13.82   0.000300559
13.83   0.000298508
13.84   0.000296472
13.85   0.00029445
13.86   0.000292442
13.87   0.000290448
13.88   0.000288468
13.89   0.000286501
13.9   0.000284548
13.91   0.000282608
13.92   0.000280682
13.93   0.000278769
13.94   0.000276869
13.95   0.000274982
13.96   0.000273109
13.97   0.000271248
13.98   0.0002694
13.99   0.000267565
14   0.000265743
14.01   0.000263933
14.02   0.000262135
14.03   0.00026035
14.04   0.000258578
14.05   0.000256817
14.06   0.000255069
14.07   0.000253333
14.08   0.000251608
14.09   0.000249896
14.1   0.000248195
14.11   0.000246506
14.12   0.000244829
14.13   0.000243163
14.14   0.000241509
14.15   0.000239866
14.16   0.000238235
14.17   0.000236614
14.18   0.000235005
14.19   0.000233407
14.2   0.00023182
14.21   0.000230244
14.22   0.000228678
14.23   0.000227124
14.24   0.00022558
14.25   0.000224047
14.26   0.000222524
14.27   0.000221012
14.28   0.00021951
14.29   0.000218019
14.3   0.000216538
14.31   0.000215067
14.32   0.000213606
14.33   0.000212155
14.34   0.000210714
14.35   0.000209283
14.36   0.000207862
14.37   0.00020645
14.38   0.000205049
14.39   0.000203657
14.4   0.000202274
14.41   0.000200901
14.42   0.000199538
14.43   0.000198183
14.44   0.000196839
14.45   0.000195503
14.46   0.000194176
14.47   0.000192859
14.48   0.000191551
14.49   0.000190251
14.5   0.000188961
14.51   0.000187679
14.52   0.000186407
14.53   0.000185143
14.54   0.000183887
14.55   0.00018264
14.56   0.000181402
14.57   0.000180172
14.58   0.000178951
14.59   0.000177738
14.6   0.000176534
14.61   0.000175337
14.62   0.000174149
14.63   0.000172969
14.64   0.000171797
14.65   0.000170633
14.66   0.000169477
14.67   0.000168329
14.68   0.000167189
14.69   0.000166057
14.7   0.000164932
14.71   0.000163816
14.72   0.000162706
14.73   0.000161605
14.74   0.000160511
14.75   0.000159424
14.76   0.000158345
14.77   0.000157273
14.78   0.000156209
14.79   0.000155152
14.8   0.000154102
14.81   0.000153059
14.82   0.000152024
14.83   0.000150995
14.84   0.000149974
14.85   0.000148959
14.86   0.000147952
14.87   0.000146951
14.88   0.000145957
14.89   0.00014497
14.9   0.00014399
14.91   0.000143016
14.92   0.00014205
14.93   0.000141089
14.94   0.000140136
14.95   0.000139188
14.96   0.000138248
14.97   0.000137313
14.98   0.000136385
14.99   0.000135464
15   0.000134548
15.01   0.000133639
15.02   0.000132737
15.03   0.00013184
15.04   0.000130949
15.05   0.000130065
15.06   0.000129186
15.07   0.000128314
15.08   0.000127448
15.09   0.000126587
15.1   0.000125732
15.11   0.000124883
15.12   0.00012404
15.13   0.000123203
15.14   0.000122371
15.15   0.000121545
15.16   0.000120725
15.17   0.00011991
15.18   0.000119101
15.19   0.000118298
15.2   0.000117499
15.21   0.000116707
15.22   0.000115919
15.23   0.000115137
15.24   0.000114361
15.25   0.00011359
15.26   0.000112823
15.27   0.000112063
15.28   0.000111307
15.29   0.000110556
15.3   0.000109811
15.31   0.000109071
15.32   0.000108335
15.33   0.000107605
15.34   0.00010688
15.35   0.000106159
15.36   0.000105444
15.37   0.000104733
15.38   0.000104027
15.39   0.000103327
15.4   0.00010263
15.41   0.000101939
15.42   0.000101252
15.43   0.00010057
15.44   9.98926e-05
15.45   9.92197e-05
15.46   9.85515e-05
15.47   9.78877e-05
15.48   9.72285e-05
15.49   9.65738e-05
15.5   9.59236e-05
15.51   9.52777e-05
15.52   9.46362e-05
15.53   9.39991e-05
15.54   9.33664e-05
15.55   9.27379e-05
15.56   9.21137e-05
15.57   9.14937e-05
15.58   9.0878e-05
15.59   9.02664e-05
15.6   8.9659e-05
15.61   8.90557e-05
15.62   8.84565e-05
15.63   8.78614e-05
15.64   8.72703e-05
15.65   8.66833e-05
15.66   8.61002e-05
15.67   8.5521e-05
15.68   8.49458e-05
15.69   8.43746e-05
15.7   8.38071e-05
15.71   8.32436e-05
15.72   8.26838e-05
15.73   8.21279e-05
15.74   8.15757e-05
15.75   8.10273e-05
15.76   8.04826e-05
15.77   7.99416e-05
15.78   7.94042e-05
15.79   7.88705e-05
15.8   7.83404e-05
15.81   7.7814e-05
15.82   7.7291e-05
15.83   7.67717e-05
15.84   7.62558e-05
15.85   7.57434e-05
15.86   7.52345e-05
15.87   7.47291e-05
15.88   7.42271e-05
15.89   7.37285e-05
15.9   7.32332e-05
15.91   7.27414e-05
15.92   7.22528e-05
15.93   7.17676e-05
15.94   7.12856e-05
15.95   7.08069e-05
15.96   7.03314e-05
15.97   6.98592e-05
15.98   6.93902e-05
15.99   6.89243e-05
16   6.84616e-05
16.01   6.8002e-05
16.02   6.75455e-05
16.03   6.70921e-05
16.04   6.66418e-05
16.05   6.61945e-05
16.06   6.57503e-05
16.07   6.53091e-05
16.08   6.48708e-05
16.09   6.44355e-05
16.1   6.40031e-05
16.11   6.35737e-05
16.12   6.31472e-05
16.13   6.27235e-05
16.14   6.23028e-05
16.15   6.18848e-05
16.16   6.14697e-05
16.17   6.10574e-05
16.18   6.06479e-05
16.19   6.02411e-05
16.2   5.98371e-05
16.21   5.94358e-05
16.22   5.90373e-05
16.23   5.86414e-05
16.24   5.82482e-05
16.25   5.78576e-05
16.26   5.74697e-05
16.27   5.70844e-05
16.28   5.67017e-05
16.29   5.63216e-05
16.3   5.59441e-05
16.31   5.55691e-05
16.32   5.51966e-05
16.33   5.48267e-05
16.34   5.44592e-05
16.35   5.40942e-05
16.36   5.37317e-05
16.37   5.33716e-05
16.38   5.3014e-05
16.39   5.26587e-05
16.4   5.23059e-05
16.41   5.19554e-05
16.42   5.16073e-05
16.43   5.12616e-05
16.44   5.09182e-05
16.45   5.0577e-05
16.46   5.02382e-05
16.47   4.99017e-05
16.48   4.95674e-05
16.49   4.92354e-05
16.5   4.89057e-05
16.51   4.85781e-05
16.52   4.82528e-05
16.53   4.79296e-05
16.54   4.76086e-05
16.55   4.72898e-05
16.56   4.69731e-05
16.57   4.66586e-05
16.58   4.63462e-05
16.59   4.60359e-05
16.6   4.57276e-05
16.61   4.54215e-05
16.62   4.51174e-05
16.63   4.48153e-05
16.64   4.45153e-05
16.65   4.42173e-05
16.66   4.39213e-05
16.67   4.36273e-05
16.68   4.33352e-05
16.69   4.30452e-05
16.7   4.27571e-05
16.71   4.24709e-05
16.72   4.21866e-05
16.73   4.19043e-05
16.74   4.16238e-05
16.75   4.13452e-05
16.76   4.10685e-05
16.77   4.07937e-05
16.78   4.05207e-05
16.79   4.02496e-05
16.8   3.99802e-05
16.81   3.97127e-05
16.82   3.9447e-05
16.83   3.9183e-05
16.84   3.89208e-05
16.85   3.86604e-05
16.86   3.84017e-05
16.87   3.81448e-05
16.88   3.78896e-05
16.89   3.76361e-05
16.9   3.73843e-05
16.91   3.71342e-05
16.92   3.68858e-05
16.93   3.6639e-05
16.94   3.63939e-05
16.95   3.61504e-05
16.96   3.59086e-05
16.97   3.56684e-05
16.98   3.54298e-05
16.99   3.51928e-05
17   3.49574e-05
17.01   3.47235e-05
17.02   3.44912e-05
17.03   3.42605e-05
17.04   3.40314e-05
17.05   3.38037e-05
17.06   3.35776e-05
17.07   3.3353e-05
17.08   3.31299e-05
17.09   3.29083e-05
17.1   3.26882e-05
17.11   3.24696e-05
17.12   3.22524e-05
17.13   3.20366e-05
17.14   3.18224e-05
17.15   3.16095e-05
17.16   3.13981e-05
17.17   3.11881e-05
17.18   3.09795e-05
17.19   3.07722e-05
17.2   3.05664e-05
17.21   3.0362e-05
17.22   3.01589e-05
17.23   2.99571e-05
17.24   2.97568e-05
17.25   2.95577e-05
17.26   2.936e-05
17.27   2.91636e-05
17.28   2.89685e-05
17.29   2.87748e-05
17.3   2.85823e-05
17.31   2.83911e-05
17.32   2.82012e-05
17.33   2.80125e-05
17.34   2.78251e-05
17.35   2.7639e-05
17.36   2.74541e-05
17.37   2.72704e-05
17.38   2.70879e-05
17.39   2.69067e-05
17.4   2.67267e-05
17.41   2.65479e-05
17.42   2.63702e-05
17.43   2.61938e-05
17.44   2.60185e-05
17.45   2.58444e-05
17.46   2.56715e-05
17.47   2.54997e-05
17.48   2.53291e-05
17.49   2.51596e-05
17.5   2.49912e-05
17.51   2.48239e-05
17.52   2.46578e-05
17.53   2.44928e-05
17.54   2.43288e-05
17.55   2.4166e-05
17.56   2.40042e-05
17.57   2.38435e-05
17.58   2.36839e-05
17.59   2.35253e-05
17.6   2.33678e-05
17.61   2.32114e-05
17.62   2.3056e-05
17.63   2.29016e-05
17.64   2.27482e-05
17.65   2.25959e-05
17.66   2.24446e-05
17.67   2.22942e-05
17.68   2.21449e-05
17.69   2.19966e-05
17.7   2.18493e-05
17.71   2.17029e-05
17.72   2.15575e-05
17.73   2.14131e-05
17.74   2.12696e-05
17.75   2.11271e-05
17.76   2.09855e-05
17.77   2.08449e-05
17.78   2.07051e-05
17.79   2.05664e-05
17.8   2.04285e-05
17.81   2.02916e-05
17.82   2.01555e-05
17.83   2.00204e-05
17.84   1.98862e-05
17.85   1.97528e-05
17.86   1.96203e-05
17.87   1.94887e-05
17.88   1.9358e-05
17.89   1.92282e-05
17.9   1.90992e-05
17.91   1.8971e-05
17.92   1.88437e-05
17.93   1.87173e-05
17.94   1.85917e-05
17.95   1.84669e-05
17.96   1.83429e-05
17.97   1.82198e-05
17.98   1.80974e-05
17.99   1.79759e-05
18   1.78552e-05
18.01   1.77353e-05
18.02   1.76161e-05
18.03   1.74978e-05
18.04   1.73802e-05
18.05   1.72634e-05
18.06   1.71474e-05
18.07   1.70322e-05
18.08   1.69177e-05
18.09   1.68039e-05
18.1   1.66909e-05
18.11   1.65787e-05
18.12   1.64672e-05
18.13   1.63564e-05
18.14   1.62464e-05
18.15   1.61371e-05
18.16   1.60285e-05
18.17   1.59206e-05
18.18   1.58134e-05
18.19   1.57069e-05
18.2   1.56012e-05
18.21   1.54961e-05
18.22   1.53917e-05
18.23   1.5288e-05
18.24   1.5185e-05
18.25   1.50827e-05
18.26   1.4981e-05
18.27   1.488e-05
18.28   1.47796e-05
18.29   1.468e-05
18.3   1.45809e-05
18.31   1.44826e-05
18.32   1.43848e-05
18.33   1.42877e-05
18.34   1.41913e-05
18.35   1.40955e-05
18.36   1.40003e-05
18.37   1.39057e-05
18.38   1.38117e-05
18.39   1.37184e-05
18.4   1.36257e-05
18.41   1.35335e-05
18.42   1.3442e-05
18.43   1.33511e-05
18.44   1.32608e-05
18.45   1.3171e-05
18.46   1.30819e-05
18.47   1.29933e-05
18.48   1.29053e-05
18.49   1.28179e-05
18.5   1.2731e-05
18.51   1.26448e-05
18.52   1.2559e-05
18.53   1.24739e-05
18.54   1.23893e-05
18.55   1.23052e-05
18.56   1.22217e-05
18.57   1.21387e-05
18.58   1.20563e-05
18.59   1.19744e-05
18.6   1.18931e-05
18.61   1.18122e-05
18.62   1.17319e-05
18.63   1.16521e-05
18.64   1.15729e-05
18.65   1.14941e-05
18.66   1.14159e-05
18.67   1.13382e-05
18.68   1.12609e-05
18.69   1.11842e-05
18.7   1.1108e-05
18.71   1.10322e-05
18.72   1.0957e-05
18.73   1.08822e-05
18.74   1.08079e-05
18.75   1.07341e-05
18.76   1.06608e-05
18.77   1.0588e-05
18.78   1.05156e-05
18.79   1.04437e-05
18.8   1.03722e-05
18.81   1.03012e-05
18.82   1.02307e-05
18.83   1.01606e-05
18.84   1.0091e-05
18.85   1.00218e-05
18.86   9.95308e-06
18.87   9.88479e-06
18.88   9.81694e-06
18.89   9.74952e-06
18.9   9.68254e-06
18.91   9.61599e-06
18.92   9.54986e-06
18.93   9.48416e-06
18.94   9.41888e-06
18.95   9.35401e-06
18.96   9.28957e-06
18.97   9.22553e-06
18.98   9.1619e-06
18.99   9.09868e-06
19   9.03587e-06
19.01   8.97345e-06
19.02   8.91144e-06
19.03   8.84981e-06
19.04   8.78859e-06
19.05   8.72775e-06
19.06   8.6673e-06
19.07   8.60723e-06
19.08   8.54755e-06
19.09   8.48824e-06
19.1   8.42931e-06
19.11   8.37076e-06
19.12   8.31257e-06
19.13   8.25476e-06
19.14   8.19731e-06
19.15   8.14023e-06
19.16   8.08351e-06
19.17   8.02714e-06
19.18   7.97114e-06
19.19   7.91548e-06
19.2   7.86018e-06
19.21   7.80523e-06
19.22   7.75062e-06
19.23   7.69635e-06
19.24   7.64243e-06
19.25   7.58885e-06
19.26   7.53561e-06
19.27   7.48269e-06
19.28   7.43012e-06
19.29   7.37787e-06
19.3   7.32594e-06
19.31   7.27435e-06
19.32   7.22307e-06
19.33   7.17212e-06
19.34   7.12149e-06
19.35   7.07117e-06
19.36   7.02116e-06
19.37   6.97147e-06
19.38   6.92209e-06
19.39   6.87301e-06
19.4   6.82424e-06
19.41   6.77578e-06
19.42   6.72761e-06
19.43   6.67974e-06
19.44   6.63217e-06
19.45   6.58489e-06
19.46   6.53791e-06
19.47   6.49122e-06
19.48   6.44481e-06
19.49   6.39869e-06
19.5   6.35286e-06
19.51   6.30731e-06
19.52   6.26204e-06
19.53   6.21704e-06
19.54   6.17233e-06
19.55   6.12788e-06
19.56   6.08371e-06
19.57   6.03981e-06
19.58   5.99618e-06
19.59   5.95282e-06
19.6   5.90972e-06
19.61   5.86688e-06
19.62   5.8243e-06
19.63   5.78199e-06
19.64   5.73993e-06
19.65   5.69812e-06
19.66   5.65657e-06
19.67   5.61527e-06
19.68   5.57422e-06
19.69   5.53342e-06
19.7   5.49287e-06
19.71   5.45256e-06
19.72   5.41249e-06
19.73   5.37266e-06
19.74   5.33308e-06
19.75   5.29373e-06
19.76   5.25461e-06
19.77   5.21573e-06
19.78   5.17709e-06
19.79   5.13867e-06
19.8   5.10048e-06
19.81   5.06252e-06
19.82   5.02479e-06
19.83   4.98728e-06
19.84   4.94999e-06
19.85   4.91292e-06
19.86   4.87608e-06
19.87   4.83945e-06
19.88   4.80303e-06
19.89   4.76683e-06
19.9   4.73084e-06
19.91   4.69507e-06
19.92   4.6595e-06
19.93   4.62415e-06
19.94   4.589e-06
19.95   4.55405e-06
19.96   4.51931e-06
19.97   4.48477e-06
19.98   4.45043e-06
19.99   4.41629e-06
20   4.38234e-06
20.01   4.3486e-06
20.02   4.31505e-06
20.03   4.28169e-06
20.04   4.24852e-06
20.05   4.21554e-06
20.06   4.18276e-06
20.07   4.15016e-06
20.08   4.11774e-06
20.09   4.08551e-06
20.1   4.05347e-06
20.11   4.0216e-06
20.12   3.98992e-06
20.13   3.95841e-06
20.14   3.92709e-06
20.15   3.89593e-06
20.16   3.86496e-06
20.17   3.83416e-06
20.18   3.80353e-06
20.19   3.77307e-06
20.2   3.74278e-06
20.21   3.71266e-06
20.22   3.68271e-06
20.23   3.65292e-06
20.24   3.6233e-06
20.25   3.59384e-06
20.26   3.56454e-06
20.27   3.53541e-06
20.28   3.50643e-06
20.29   3.47761e-06
20.3   3.44895e-06
20.31   3.42045e-06
20.32   3.3921e-06
20.33   3.3639e-06
20.34   3.33585e-06
20.35   3.30796e-06
20.36   3.28022e-06
20.37   3.25262e-06
20.38   3.22517e-06
20.39   3.19787e-06
20.4   3.17071e-06
20.41   3.1437e-06
20.42   3.11683e-06
20.43   3.0901e-06
20.44   3.06351e-06
20.45   3.03706e-06
20.46   3.01075e-06
20.47   2.98458e-06
20.48   2.95854e-06
20.49   2.93264e-06
20.5   2.90687e-06
20.51   2.88123e-06
20.52   2.85573e-06
20.53   2.83036e-06
20.54   2.80511e-06
20.55   2.77999e-06
20.56   2.75501e-06
20.57   2.73014e-06
20.58   2.7054e-06
20.59   2.68079e-06
20.6   2.6563e-06
20.61   2.63193e-06
20.62   2.60768e-06
20.63   2.58356e-06
20.64   2.55955e-06
20.65   2.53566e-06
20.66   2.51188e-06
20.67   2.48822e-06
20.68   2.46468e-06
20.69   2.44125e-06
20.7   2.41793e-06
20.71   2.39473e-06
20.72   2.37164e-06
20.73   2.34865e-06
20.74   2.32578e-06
20.75   2.30301e-06
20.76   2.28035e-06
20.77   2.2578e-06
20.78   2.23535e-06
20.79   2.21301e-06
20.8   2.19077e-06
20.81   2.16863e-06
20.82   2.14659e-06
20.83   2.12466e-06
20.84   2.10282e-06
20.85   2.08108e-06
20.86   2.05944e-06
20.87   2.0379e-06
20.88   2.01645e-06
20.89   1.9951e-06
20.9   1.97384e-06
20.91   1.95268e-06
20.92   1.93161e-06
20.93   1.91063e-06
20.94   1.88974e-06
20.95   1.86894e-06
20.96   1.84822e-06
20.97   1.8276e-06
20.98   1.80707e-06
20.99   1.78662e-06
21   1.76625e-06
21.01   1.74597e-06
21.02   1.72578e-06
21.03   1.70567e-06
21.04   1.68564e-06
21.05   1.66569e-06
21.06   1.64582e-06
21.07   1.62603e-06
21.08   1.60632e-06
21.09   1.58669e-06
21.1   1.56713e-06
21.11   1.54766e-06
21.12   1.52825e-06
21.13   1.50893e-06
21.14   1.48967e-06
21.15   1.47049e-06
21.16   1.45139e-06
21.17   1.43235e-06
21.18   1.41338e-06
21.19   1.39449e-06
21.2   1.37566e-06
21.21   1.35691e-06
21.22   1.33822e-06
21.23   1.3196e-06
21.24   1.30104e-06
21.25   1.28255e-06
21.26   1.26413e-06
21.27   1.24576e-06
21.28   1.22747e-06
21.29   1.20923e-06
21.3   1.19106e-06
21.31   1.17294e-06
21.32   1.15489e-06
21.33   1.1369e-06
21.34   1.11897e-06
21.35   1.10109e-06
21.36   1.08327e-06
21.37   1.06551e-06
21.38   1.04781e-06
21.39   1.03016e-06
21.4   1.01256e-06
21.41   9.95019e-07
21.42   9.7753e-07
21.43   9.60094e-07
21.44   9.42709e-07
21.45   9.25376e-07
21.46   9.08093e-07
21.47   8.9086e-07
21.48   8.73675e-07
21.49   8.56539e-07
21.5   8.39451e-07
21.51   8.22409e-07
21.52   8.05414e-07
21.53   7.88464e-07
21.54   7.71559e-07
21.55   7.54698e-07
21.56   7.37881e-07
21.57   7.21107e-07
21.58   7.04374e-07
21.59   6.87684e-07
21.6   6.71034e-07
21.61   6.54424e-07
21.62   6.37854e-07
21.63   6.21323e-07
21.64   6.0483e-07
21.65   5.88375e-07
21.66   5.71956e-07
21.67   5.55574e-07
21.68   5.39228e-07
21.69   5.22916e-07
21.7   5.06639e-07
21.71   4.90395e-07
21.72   4.74185e-07
21.73   4.58007e-07
21.74   4.41861e-07
21.75   4.25746e-07
21.76   4.09661e-07
21.77   3.93607e-07
21.78   3.77582e-07
21.79   3.61585e-07
21.8   3.45616e-07
21.81   3.29675e-07
21.82   3.13761e-07
21.83   2.97873e-07
21.84   2.8201e-07
21.85   2.66172e-07
21.86   2.50359e-07
21.87   2.34569e-07
21.88   2.18803e-07
21.89   2.03059e-07
21.9   1.87336e-07
21.91   1.71635e-07
21.92   1.55955e-07
21.93   1.40295e-07
21.94   1.24654e-07
21.95   1.09032e-07
21.96   9.34286e-08
21.97   7.78426e-08
21.98   6.22736e-08
21.99   4.67211e-08
22   3.11845e-08
22.01   1.56631e-08
22.02   1.56455e-10
