0.03   1.82608e-10
0.04   5.561e-10
0.05   1.40089e-09
0.06   2.96456e-09
0.07   5.56135e-09
0.08   9.56445e-09
0.09   1.54047e-08
0.1   2.35703e-08
0.11   3.46068e-08
0.12   4.91166e-08
0.13   6.77592e-08
0.14   9.1251e-08
0.15   1.20365e-07
0.16   1.55931e-07
0.17   1.98836e-07
0.18   2.50022e-07
0.19   3.10487e-07
0.2   3.81287e-07
0.21   4.63532e-07
0.22   5.58389e-07
0.23   6.67079e-07
0.24   7.90879e-07
0.25   9.31122e-07
0.26   1.08919e-06
0.27   1.26654e-06
0.28   1.46465e-06
0.29   1.68507e-06
0.3   1.92942e-06
0.31   2.19935e-06
0.32   2.49656e-06
0.33   2.82283e-06
0.34   3.17997e-06
0.35   3.56984e-06
0.36   3.99438e-06
0.37   4.45555e-06
0.38   4.95537e-06
0.39   5.49593e-06
0.4   6.07934e-06
0.41   6.70779e-06
0.42   7.3835e-06
0.43   8.10875e-06
0.44   8.88587e-06
0.45   9.71722e-06
0.46   1.06052e-05
0.47   1.15524e-05
0.48   1.25612e-05
0.49   1.36342e-05
0.5   1.47741e-05
0.51   1.59834e-05
0.52   1.7265e-05
0.53   1.86215e-05
0.54   2.00557e-05
0.55   2.15705e-05
0.56   2.31688e-05
0.57   2.48535e-05
0.58   2.66276e-05
0.59   2.84941e-05
0.6   3.0456e-05
0.61   3.25164e-05
0.62   3.46786e-05
0.63   3.69455e-05
0.64   3.93206e-05
0.65   4.1807e-05
0.66   4.4408e-05
0.67   4.71271e-05
0.68   4.99674e-05
0.69   5.29325e-05
0.7   5.60259e-05
0.71   5.92509e-05
0.72   6.26111e-05
0.73   6.61101e-05
0.74   6.97514e-05
0.75   7.35388e-05
0.76   7.74757e-05
0.77   8.1566e-05
0.78   8.58133e-05
0.79   9.02214e-05
0.8   9.47941e-05
0.81   9.95351e-05
0.82   0.000104448
0.83   0.000109538
0.84   0.000114807
0.85   0.00012026
0.86   0.000125902
0.87   0.000131734
0.88   0.000137763
0.89   0.000143992
0.9   0.000150425
0.91   0.000157065
0.92   0.000163918
0.93   0.000170986
0.94   0.000178276
0.95   0.000185789
0.96   0.000193532
0.97   0.000201507
0.98   0.000209719
0.99   0.000218172
1   0.000226872
1.01   0.00023582
1.02   0.000245023
1.03   0.000254485
1.04   0.000264209
1.05   0.0002742
1.06   0.000284462
1.07   0.000295
1.08   0.000305818
1.09   0.000316921
1.1   0.000328312
1.11   0.000339996
1.12   0.000351978
1.13   0.000364262
1.14   0.000376851
1.15   0.000389752
1.16   0.000402968
1.17   0.000416503
1.18   0.000430362
1.19   0.00044455
1.2   0.00045907
1.21   0.000473928
1.22   0.000489127
1.23   0.000504672
1.24   0.000520567
1.25   0.000536817
1.26   0.000553427
1.27   0.0005704
1.28   0.000587741
1.29   0.000605454
1.3   0.000623544
1.31   0.000642015
1.32   0.000660872
1.33   0.000680118
1.34   0.000699759
1.35   0.000719798
1.36   0.00074024
1.37   0.000761089
1.38   0.000782349
1.39   0.000804025
1.4   0.000826121
1.41   0.000848641
1.42   0.000871589
1.43   0.00089497
1.44   0.000918788
1.45   0.000943046
1.46   0.00096775
1.47   0.000992903
1.48   0.00101851
1.49   0.00104457
1.5   0.0010711
1.51   0.00109809
1.52   0.00112555
1.53   0.00115348
1.54   0.00118189
1.55   0.00121078
1.56   0.00124016
1.57   0.00127003
1.58   0.00130039
1.59   0.00133124
1.6   0.0013626
1.61   0.00139446
1.62   0.00142683
1.63   0.00145971
1.64   0.0014931
1.65   0.00152702
1.66   0.00156145
1.67   0.00159642
1.68   0.00163191
1.69   0.00166793
1.7   0.00170449
1.71   0.0017416
1.72   0.00177924
1.73   0.00181743
1.74   0.00185617
1.75   0.00189546
1.76   0.00193531
1.77   0.00197571
1.78   0.00201668
1.79   0.00205822
1.8   0.00210032
1.81   0.00214299
1.82   0.00218624
1.83   0.00223006
1.84   0.00227446
1.85   0.00231944
1.86   0.00236501
1.87   0.00241117
1.88   0.00245791
1.89   0.00250525
1.9   0.00255319
1.91   0.00260172
1.92   0.00265085
1.93   0.00270058
1.94   0.00275091
1.95   0.00280186
1.96   0.00285341
1.97   0.00290557
1.98   0.00295834
1.99   0.00301173
2   0.00306573
2.01   0.00312036
2.02   0.0031756
2.03   0.00323146
2.04   0.00328795
2.05   0.00334506
2.06   0.0034028
2.07   0.00346116
2.08   0.00352016
2.09   0.00357978
2.1   0.00364004
2.11   0.00370093
2.12   0.00376245
2.13   0.00382461
2.14   0.0038874
2.15   0.00395083
2.16   0.00401489
2.17   0.0040796
2.18   0.00414494
2.19   0.00421093
2.2   0.00427755
2.21   0.00434482
2.22   0.00441272
2.23   0.00448127
2.24   0.00455046
2.25   0.00462028
2.26   0.00469076
2.27   0.00476187
2.28   0.00483362
2.29   0.00490602
2.3   0.00497906
2.31   0.00505274
2.32   0.00512706
2.33   0.00520202
2.34   0.00527761
2.35   0.00535385
2.36   0.00543073
2.37   0.00550825
2.38   0.0055864
2.39   0.00566519
2.4   0.00574461
2.41   0.00582467
2.42   0.00590536
2.43   0.00598668
2.44   0.00606863
2.45   0.00615121
2.46   0.00623442
2.47   0.00631826
2.48   0.00640272
2.49   0.0064878
2.5   0.0065735
2.51   0.00665982
2.52   0.00674676
2.53   0.00683431
2.54   0.00692248
2.55   0.00701126
2.56   0.00710064
2.57   0.00719064
2.58   0.00728123
2.59   0.00737243
2.6   0.00746422
2.61   0.00755661
2.62   0.0076496
2.63   0.00774317
2.64   0.00783733
2.65   0.00793208
2.66   0.0080274
2.67   0.00812331
2.68   0.00821979
2.69   0.00831684
2.7   0.00841446
2.71   0.00851264
2.72   0.00861138
2.73   0.00871068
2.74   0.00881054
2.75   0.00891094
2.76   0.00901189
2.77   0.00911338
2.78   0.0092154
2.79   0.00931796
2.8   0.00942105
2.81   0.00952467
2.82   0.0096288
2.83   0.00973345
2.84   0.00983861
2.85   0.00994427
2.86   0.0100504
2.87   0.0101571
2.88   0.0102643
2.89   0.0103719
2.9   0.01048
2.91   0.0105886
2.92   0.0106977
2.93   0.0108072
2.94   0.0109172
2.95   0.0110277
2.96   0.0111386
2.97   0.01125
2.98   0.0113617
2.99   0.011474
3   0.0115866
3.01   0.0116997
3.02   0.0118132
3.03   0.011927
3.04   0.0120413
3.05   0.012156
3.06   0.0122711
3.07   0.0123866
3.08   0.0125024
3.09   0.0126186
3.1   0.0127352
3.11   0.0128521
3.12   0.0129694
3.13   0.013087
3.14   0.013205
3.15   0.0133233
3.16   0.0134419
3.17   0.0135608
3.18   0.01368
3.19   0.0137996
3.2   0.0139194
3.21   0.0140395
3.22   0.0141599
3.23   0.0142806
3.24   0.0144015
3.25   0.0145227
3.26   0.0146441
3.27   0.0147658
3.28   0.0148877
3.29   0.0150099
3.3   0.0151322
3.31   0.0152548
3.32   0.0153775
3.33   0.0155005
3.34   0.0156236
3.35   0.015747
3.36   0.0158704
3.37   0.0159941
3.38   0.0161179
3.39   0.0162418
3.4   0.0163659
3.41   0.0164901
3.42   0.0166144
3.43   0.0167388
3.44   0.0168633
3.45   0.016988
3.46   0.0171126
3.47   0.0172374
3.48   0.0173622
3.49   0.0174871
3.5   0.0176121
3.51   0.017737
3.52   0.017862
3.53   0.0179871
3.54   0.0181121
3.55   0.0182371
3.56   0.0183621
3.57   0.0184871
3.58   0.0186121
3.59   0.018737
3.6   0.0188619
3.61   0.0189868
3.62   0.0191115
3.63   0.0192362
3.64   0.0193608
3.65   0.0194853
3.66   0.0196097
3.67   0.019734
3.68   0.0198582
3.69   0.0199823
3.7   0.0201062
3.71   0.0202299
3.72   0.0203535
3.73   0.0204769
3.74   0.0206001
3.75   0.0207232
3.76   0.020846
3.77   0.0209686
3.78   0.021091
3.79   0.0212132
3.8   0.0213351
3.81   0.0214568
3.82   0.0215782
3.83   0.0216994
3.84   0.0218202
3.85   0.0219408
3.86   0.0220611
3.87   0.022181
3.88   0.0223007
3.89   0.02242
3.9   0.0225389
3.91   0.0226575
3.92   0.0227758
3.93   0.0228937
3.94   0.0230112
3.95   0.0231283
3.96   0.023245
3.97   0.0233612
3.98   0.0234771
3.99   0.0235925
4   0.0237075
4.01   0.0238221
4.02   0.0239362
4.03   0.0240498
4.04   0.0241629
4.05   0.0242755
4.06   0.0243876
4.07   0.0244993
4.08   0.0246103
4.09   0.0247209
4.1   0.0248309
4.11   0.0249404
4.12   0.0250493
4.13   0.0251576
4.14   0.0252654
4.15   0.0253725
4.16   0.0254791
4.17   0.025585
4.18   0.0256903
4.19   0.025795
4.2   0.0258991
4.21   0.0260025
4.22   0.0261052
4.23   0.0262073
4.24   0.0263087
4.25   0.0264094
4.26   0.0265094
4.27   0.0266087
4.28   0.0267073
4.29   0.0268052
4.3   0.0269023
4.31   0.0269987
4.32   0.0270943
4.33   0.0271892
4.34   0.0272833
4.35   0.0273766
4.36   0.0274691
4.37   0.0275608
4.38   0.0276517
4.39   0.0277418
4.4   0.0278311
4.41   0.0279195
4.42   0.0280071
4.43   0.0280939
4.44   0.0281798
4.45   0.0282648
4.46   0.0283489
4.47   0.0284322
4.48   0.0285145
4.49   0.028596
4.5   0.0286765
4.51   0.0287562
4.52   0.0288349
4.53   0.0289126
4.54   0.0289895
4.55   0.0290654
4.56   0.0291403
4.57   0.0292142
4.58   0.0292872
4.59   0.0293592
4.6   0.0294302
4.61   0.0295002
4.62   0.0295693
4.63   0.0296373
4.64   0.0297043
4.65   0.0297702
4.66   0.0298352
4.67   0.0298991
4.68   0.0299619
4.69   0.0300237
4.7   0.0300845
4.71   0.0301441
4.72   0.0302027
4.73   0.0302603
4.74   0.0303167
4.75   0.0303721
4.76   0.0304264
4.77   0.0304795
4.78   0.0305316
4.79   0.0305825
4.8   0.0306323
4.81   0.030681
4.82   0.0307286
4.83   0.0307751
4.84   0.0308204
4.85   0.0308645
4.86   0.0309075
4.87   0.0309494
4.88   0.03099
4.89   0.0310296
4.9   0.0310679
4.91   0.0311051
4.92   0.0311411
4.93   0.0311759
4.94   0.0312096
4.95   0.031242
4.96   0.0312733
4.97   0.0313033
4.98   0.0313322
4.99   0.0313598
5   0.0313863
5.01   0.0314115
5.02   0.0314355
5.03   0.0314583
5.04   0.0314799
5.05   0.0315002
5.06   0.0315194
5.07   0.0315373
5.08   0.0315539
5.09   0.0315694
5.1   0.0315836
5.11   0.0315965
5.12   0.0316083
5.13   0.0316187
5.14   0.031628
5.15   0.031636
5.16   0.0316427
5.17   0.0316482
5.18   0.0316525
5.19   0.0316555
5.2   0.0316572
5.21   0.0316577
5.22   0.031657
5.23   0.031655
5.24   0.0316517
5.25   0.0316472
5.26   0.0316414
5.27   0.0316344
5.28   0.0316261
5.29   0.0316166
5.3   0.0316058
5.31   0.0315938
5.32   0.0315805
5.33   0.031566
5.34   0.0315502
5.35   0.0315332
5.36   0.031515
5.37   0.0314954
5.38   0.0314747
5.39   0.0314527
5.4   0.0314295
5.41   0.031405
5.42   0.0313793
5.43   0.0313523
5.44   0.0313242
5.45   0.0312948
5.46   0.0312641
5.47   0.0312323
5.48   0.0311992
5.49   0.0311649
5.5   0.0311294
5.51   0.0310927
5.52   0.0310548
5.53   0.0310157
5.54   0.0309753
5.55   0.0309338
5.56   0.0308911
5.57   0.0308472
5.58   0.0308021
5.59   0.0307559
5.6   0.0307084
5.61   0.0306598
5.62   0.0306101
5.63   0.0305591
5.64   0.0305071
5.65   0.0304538
5.66   0.0303995
5.67   0.030344
5.68   0.0302873
5.69   0.0302295
5.7   0.0301707
5.71   0.0301107
5.72   0.0300495
5.73   0.0299873
5.74   0.029924
5.75   0.0298596
5.76   0.0297941
5.77   0.0297276
5.78   0.02966
5.79   0.0295913
5.8   0.0295215
5.81   0.0294507
5.82   0.0293789
5.83   0.0293061
5.84   0.0292322
5.85   0.0291573
5.86   0.0290814
5.87   0.0290045
5.88   0.0289266
5.89   0.0288477
5.9   0.0287678
5.91   0.028687
5.92   0.0286052
5.93   0.0285225
5.94   0.0284388
5.95   0.0283542
5.96   0.0282687
5.97   0.0281823
5.98   0.0280949
5.99   0.0280067
6   0.0279176
6.01   0.0278276
6.02   0.0277367
6.03   0.027645
6.04   0.0275524
6.05   0.027459
6.06   0.0273648
6.07   0.0272697
6.08   0.0271739
6.09   0.0270772
6.1   0.0269798
6.11   0.0268816
6.12   0.0267826
6.13   0.0266829
6.14   0.0265825
6.15   0.0264813
6.16   0.0263794
6.17   0.0262767
6.18   0.0261734
6.19   0.0260694
6.2   0.0259647
6.21   0.0258594
6.22   0.0257534
6.23   0.0256467
6.24   0.0255395
6.25   0.0254316
6.26   0.0253231
6.27   0.025214
6.28   0.0251043
6.29   0.024994
6.3   0.0248832
6.31   0.0247718
6.32   0.0246599
6.33   0.0245475
6.34   0.0244346
6.35   0.0243211
6.36   0.0242072
6.37   0.0240928
6.38   0.0239779
6.39   0.0238626
6.4   0.0237469
6.41   0.0236307
6.42   0.0235141
6.43   0.023397
6.44   0.0232796
6.45   0.0231619
6.46   0.0230437
6.47   0.0229252
6.48   0.0228063
6.49   0.0226872
6.5   0.0225677
6.51   0.0224479
6.52   0.0223278
6.53   0.0222074
6.54   0.0220867
6.55   0.0219658
6.56   0.0218447
6.57   0.0217233
6.58   0.0216017
6.59   0.0214799
6.6   0.0213579
6.61   0.0212357
6.62   0.0211133
6.63   0.0209908
6.64   0.0208681
6.65   0.0207453
6.66   0.0206224
6.67   0.0204994
6.68   0.0203762
6.69   0.020253
6.7   0.0201297
6.71   0.0200064
6.72   0.0198829
6.73   0.0197595
6.74   0.019636
6.75   0.0195125
6.76   0.019389
6.77   0.0192655
6.78   0.019142
6.79   0.0190185
6.8   0.0188951
6.81   0.0187717
6.82   0.0186484
6.83   0.0185252
6.84   0.0184021
6.85   0.018279
6.86   0.0181561
6.87   0.0180332
6.88   0.0179105
6.89   0.0177879
6.9   0.0176655
6.91   0.0175433
6.92   0.0174212
6.93   0.0172992
6.94   0.0171775
6.95   0.017056
6.96   0.0169347
6.97   0.0168136
6.98   0.0166927
6.99   0.0165721
7   0.0164517
7.01   0.0163315
7.02   0.0162117
7.03   0.0160921
7.04   0.0159728
7.05   0.0158538
7.06   0.015735
7.07   0.0156166
7.08   0.0154986
7.09   0.0153808
7.1   0.0152634
7.11   0.0151463
7.12   0.0150296
7.13   0.0149132
7.14   0.0147972
7.15   0.0146816
7.16   0.0145663
7.17   0.0144515
7.18   0.014337
7.19   0.014223
7.2   0.0141094
7.21   0.0139961
7.22   0.0138834
7.23   0.013771
7.24   0.0136591
7.25   0.0135476
7.26   0.0134366
7.27   0.013326
7.28   0.0132159
7.29   0.0131063
7.3   0.0129971
7.31   0.0128885
7.32   0.0127803
7.33   0.0126726
7.34   0.0125654
7.35   0.0124587
7.36   0.0123525
7.37   0.0122468
7.38   0.0121417
7.39   0.012037
7.4   0.0119329
7.41   0.0118293
7.42   0.0117263
7.43   0.0116238
7.44   0.0115218
7.45   0.0114204
7.46   0.0113195
7.47   0.0112192
7.48   0.0111194
7.49   0.0110202
7.5   0.0109216
7.51   0.0108235
7.52   0.010726
7.53   0.010629
7.54   0.0105327
7.55   0.0104369
7.56   0.0103417
7.57   0.010247
7.58   0.010153
7.59   0.0100595
7.6   0.00996666
7.61   0.00987438
7.62   0.00978268
7.63   0.00969158
7.64   0.00960107
7.65   0.00951115
7.66   0.00942183
7.67   0.00933311
7.68   0.00924498
7.69   0.00915745
7.7   0.00907053
7.71   0.0089842
7.72   0.00889847
7.73   0.00881334
7.74   0.00872881
7.75   0.00864489
7.76   0.00856156
7.77   0.00847884
7.78   0.00839672
7.79   0.0083152
7.8   0.00823428
7.81   0.00815396
7.82   0.00807424
7.83   0.00799512
7.84   0.00791659
7.85   0.00783867
7.86   0.00776135
7.87   0.00768462
7.88   0.00760848
7.89   0.00753294
7.9   0.007458
7.91   0.00738364
7.92   0.00730988
7.93   0.00723671
7.94   0.00716412
7.95   0.00709212
7.96   0.00702071
7.97   0.00694988
7.98   0.00687963
7.99   0.00680996
8   0.00674087
8.01   0.00667236
8.02   0.00660442
8.03   0.00653705
8.04   0.00647025
8.05   0.00640402
8.06   0.00633836
8.07   0.00627326
8.08   0.00620872
8.09   0.00614474
8.1   0.00608132
8.11   0.00601845
8.12   0.00595613
8.13   0.00589437
8.14   0.00583314
8.15   0.00577247
8.16   0.00571233
8.17   0.00565274
8.18   0.00559368
8.19   0.00553515
8.2   0.00547715
8.21   0.00541968
8.22   0.00536274
8.23   0.00530632
8.24   0.00525042
8.25   0.00519503
8.26   0.00514016
8.27   0.00508579
8.28   0.00503194
8.29   0.00497858
8.3   0.00492573
8.31   0.00487338
8.32   0.00482152
8.33   0.00477016
8.34   0.00471928
8.35   0.00466889
8.36   0.00461898
8.37   0.00456955
8.38   0.00452059
8.39   0.00447211
8.4   0.0044241
8.41   0.00437655
8.42   0.00432947
8.43   0.00428284
8.44   0.00423668
8.45   0.00419096
8.46   0.0041457
8.47   0.00410088
8.48   0.00405651
8.49   0.00401257
8.5   0.00396907
8.51   0.00392601
8.52   0.00388338
8.53   0.00384117
8.54   0.00379939
8.55   0.00375802
8.56   0.00371708
8.57   0.00367654
8.58   0.00363642
8.59   0.00359671
8.6   0.0035574
8.61   0.00351849
8.62   0.00347997
8.63   0.00344185
8.64   0.00340412
8.65   0.00336678
8.66   0.00332983
8.67   0.00329325
8.68   0.00325705
8.69   0.00322123
8.7   0.00318578
8.71   0.00315069
8.72   0.00311598
8.73   0.00308162
8.74   0.00304762
8.75   0.00301398
8.76   0.00298069
8.77   0.00294775
8.78   0.00291515
8.79   0.0028829
8.8   0.00285099
8.81   0.00281941
8.82   0.00278817
8.83   0.00275726
8.84   0.00272667
8.85   0.00269642
8.86   0.00266648
8.87   0.00263686
8.88   0.00260756
8.89   0.00257857
8.9   0.00254989
8.91   0.00252152
8.92   0.00249345
8.93   0.00246568
8.94   0.00243821
8.95   0.00241104
8.96   0.00238415
8.97   0.00235756
8.98   0.00233126
8.99   0.00230524
9   0.0022795
9.01   0.00225404
9.02   0.00222885
9.03   0.00220394
9.04   0.0021793
9.05   0.00215493
9.06   0.00213082
9.07   0.00210698
9.08   0.00208339
9.09   0.00206007
9.1   0.00203699
9.11   0.00201417
9.12   0.0019916
9.13   0.00196928
9.14   0.0019472
9.15   0.00192536
9.16   0.00190377
9.17   0.00188241
9.18   0.00186128
9.19   0.00184039
9.2   0.00181973
9.21   0.0017993
9.22   0.00177909
9.23   0.0017591
9.24   0.00173934
9.25   0.00171979
9.26   0.00170046
9.27   0.00168135
9.28   0.00166244
9.29   0.00164375
9.3   0.00162526
9.31   0.00160698
9.32   0.0015889
9.33   0.00157102
9.34   0.00155334
9.35   0.00153586
9.36   0.00151857
9.37   0.00150148
9.38   0.00148457
9.39   0.00146786
9.4   0.00145133
9.41   0.00143498
9.42   0.00141882
9.43   0.00140284
9.44   0.00138703
9.45   0.00137141
9.46   0.00135595
9.47   0.00134067
9.48   0.00132557
9.49   0.00131063
9.5   0.00129586
9.51   0.00128125
9.52   0.00126681
9.53   0.00125253
9.54   0.00123841
9.55   0.00122445
9.56   0.00121064
9.57   0.00119699
9.58   0.0011835
9.59   0.00117015
9.6   0.00115696
9.61   0.00114392
9.62   0.00113102
9.63   0.00111826
9.64   0.00110565
9.65   0.00109319
9.66   0.00108086
9.67   0.00106867
9.68   0.00105662
9.69   0.0010447
9.7   0.00103292
9.71   0.00102128
9.72   0.00100976
9.73   0.000998374
9.74   0.000987117
9.75   0.000975986
9.76   0.000964982
9.77   0.000954101
9.78   0.000943344
9.79   0.000932708
9.8   0.000922192
9.81   0.000911796
9.82   0.000901516
9.83   0.000891353
9.84   0.000881306
9.85   0.000871371
9.86   0.00086155
9.87   0.000851839
9.88   0.000842238
9.89   0.000832746
9.9   0.000823362
9.91   0.000814083
9.92   0.00080491
9.93   0.000795841
9.94   0.000786874
9.95   0.000778009
9.96   0.000769245
9.97   0.00076058
9.98   0.000752013
9.99   0.000743543
10   0.000735169
10.01   0.00072689
10.02   0.000718705
10.03   0.000710613
10.04   0.000702612
10.05   0.000694702
10.06   0.000686882
10.07   0.00067915
10.08   0.000671507
10.09   0.00066395
10.1   0.000656478
10.11   0.000649092
10.12   0.000641789
10.13   0.000634569
10.14   0.00062743
10.15   0.000620373
10.16   0.000613396
10.17   0.000606498
10.18   0.000599679
10.19   0.000592936
10.2   0.00058627
10.21   0.00057968
10.22   0.000573165
10.23   0.000566723
10.24   0.000560355
10.25   0.000554058
10.26   0.000547834
10.27   0.000541679
10.28   0.000535595
10.29   0.00052958
10.3   0.000523633
10.31   0.000517753
10.32   0.00051194
10.33   0.000506193
10.34   0.000500511
10.35   0.000494894
10.36   0.00048934
10.37   0.000483849
10.38   0.000478421
10.39   0.000473054
10.4   0.000467748
10.41   0.000462502
10.42   0.000457316
10.43   0.000452188
10.44   0.000447119
10.45   0.000442107
10.46   0.000437152
10.47   0.000432253
10.48   0.000427409
10.49   0.000422621
10.5   0.000417886
10.51   0.000413206
10.52   0.000408578
10.53   0.000404003
10.54   0.000399479
10.55   0.000395007
10.56   0.000390586
10.57   0.000386215
10.58   0.000381893
10.59   0.00037762
10.6   0.000373395
10.61   0.000369219
10.62   0.000365089
10.63   0.000361007
10.64   0.00035697
10.65   0.000352979
10.66   0.000349034
10.67   0.000345133
10.68   0.000341276
10.69   0.000337463
10.7   0.000333693
10.71   0.000329966
10.72   0.00032628
10.73   0.000322637
10.74   0.000319035
10.75   0.000315473
10.76   0.000311952
10.77   0.00030847
10.78   0.000305028
10.79   0.000301625
10.8   0.00029826
10.81   0.000294933
10.82   0.000291644
10.83   0.000288392
10.84   0.000285177
10.85   0.000281998
10.86   0.000278855
10.87   0.000275747
10.88   0.000272674
10.89   0.000269637
10.9   0.000266633
10.91   0.000263664
10.92   0.000260727
10.93   0.000257824
10.94   0.000254954
10.95   0.000252116
10.96   0.00024931
10.97   0.000246536
10.98   0.000243793
10.99   0.000241081
11   0.0002384
11.01   0.000235749
11.02   0.000233127
11.03   0.000230536
11.04   0.000227973
11.05   0.000225439
11.06   0.000222934
11.07   0.000220457
11.08   0.000218008
11.09   0.000215586
11.1   0.000213192
11.11   0.000210825
11.12   0.000208484
11.13   0.00020617
11.14   0.000203882
11.15   0.000201619
11.16   0.000199382
11.17   0.00019717
11.18   0.000194983
11.19   0.000192821
11.2   0.000190682
11.21   0.000188568
11.22   0.000186478
11.23   0.000184411
11.24   0.000182367
11.25   0.000180347
11.26   0.000178349
11.27   0.000176373
11.28   0.00017442
11.29   0.000172488
11.3   0.000170579
11.31   0.00016869
11.32   0.000166823
11.33   0.000164977
11.34   0.000163151
11.35   0.000161346
11.36   0.000159562
11.37   0.000157797
11.38   0.000156052
11.39   0.000154326
11.4   0.00015262
11.41   0.000150933
11.42   0.000149265
11.43   0.000147616
11.44   0.000145985
11.45   0.000144372
11.46   0.000142778
11.47   0.000141201
11.48   0.000139642
11.49   0.0001381
11.5   0.000136576
11.51   0.000135069
11.52   0.000133578
11.53   0.000132104
11.54   0.000130647
11.55   0.000129206
11.56   0.000127781
11.57   0.000126372
11.58   0.000124979
11.59   0.000123601
11.6   0.000122239
11.61   0.000120892
11.62   0.00011956
11.63   0.000118243
11.64   0.00011694
11.65   0.000115652
11.66   0.000114379
11.67   0.00011312
11.68   0.000111874
11.69   0.000110643
11.7   0.000109425
11.71   0.000108221
11.72   0.000107031
11.73   0.000105854
11.74   0.000104689
11.75   0.000103538
11.76   0.0001024
11.77   0.000101274
11.78   0.000100161
11.79   9.906e-05
11.8   9.79715e-05
11.81   9.68951e-05
11.82   9.58307e-05
11.83   9.47781e-05
11.84   9.37373e-05
11.85   9.2708e-05
11.86   9.16902e-05
11.87   9.06837e-05
11.88   8.96884e-05
11.89   8.87042e-05
11.9   8.77309e-05
11.91   8.67685e-05
11.92   8.58167e-05
11.93   8.48755e-05
11.94   8.39448e-05
11.95   8.30244e-05
11.96   8.21143e-05
11.97   8.12142e-05
11.98   8.03242e-05
11.99   7.9444e-05
12   7.85736e-05
12.01   7.77129e-05
12.02   7.68617e-05
12.03   7.60199e-05
12.04   7.51875e-05
12.05   7.43644e-05
12.06   7.35503e-05
12.07   7.27453e-05
12.08   7.19493e-05
12.09   7.1162e-05
12.1   7.03835e-05
12.11   6.96136e-05
12.12   6.88522e-05
12.13   6.80993e-05
12.14   6.73547e-05
12.15   6.66183e-05
12.16   6.58901e-05
12.17   6.517e-05
12.18   6.44578e-05
12.19   6.37536e-05
12.2   6.30571e-05
12.21   6.23683e-05
12.22   6.16872e-05
12.23   6.10135e-05
12.24   6.03474e-05
12.25   5.96886e-05
12.26   5.9037e-05
12.27   5.83927e-05
12.28   5.77555e-05
12.29   5.71254e-05
12.3   5.65022e-05
12.31   5.58859e-05
12.32   5.52764e-05
12.33   5.46736e-05
12.34   5.40775e-05
12.35   5.3488e-05
12.36   5.2905e-05
12.37   5.23284e-05
12.38   5.17582e-05
12.39   5.11942e-05
12.4   5.06365e-05
12.41   5.0085e-05
12.42   4.95395e-05
12.43   4.90001e-05
12.44   4.84666e-05
12.45   4.79389e-05
12.46   4.74171e-05
12.47   4.69011e-05
12.48   4.63907e-05
12.49   4.58859e-05
12.5   4.53867e-05
12.51   4.4893e-05
12.52   4.44048e-05
12.53   4.39219e-05
12.54   4.34443e-05
12.55   4.2972e-05
12.56   4.25049e-05
12.57   4.2043e-05
12.58   4.15861e-05
12.59   4.11342e-05
12.6   4.06873e-05
12.61   4.02453e-05
12.62   3.98082e-05
12.63   3.93759e-05
12.64   3.89484e-05
12.65   3.85255e-05
12.66   3.81073e-05
12.67   3.76937e-05
12.68   3.72846e-05
12.69   3.688e-05
12.7   3.64799e-05
12.71   3.60841e-05
12.72   3.56927e-05
12.73   3.53056e-05
12.74   3.49228e-05
12.75   3.45441e-05
12.76   3.41696e-05
12.77   3.37993e-05
12.78   3.34329e-05
12.79   3.30706e-05
12.8   3.27123e-05
12.81   3.23579e-05
12.82   3.20074e-05
12.83   3.16607e-05
12.84   3.13178e-05
12.85   3.09787e-05
12.86   3.06433e-05
12.87   3.03116e-05
12.88   2.99835e-05
12.89   2.9659e-05
12.9   2.9338e-05
12.91   2.90206e-05
12.92   2.87066e-05
12.93   2.83961e-05
12.94   2.8089e-05
12.95   2.77852e-05
12.96   2.74847e-05
12.97   2.71876e-05
12.98   2.68937e-05
12.99   2.6603e-05
13   2.63155e-05
13.01   2.60311e-05
13.02   2.57498e-05
13.03   2.54717e-05
13.04   2.51965e-05
13.05   2.49244e-05
13.06   2.46552e-05
13.07   2.4389e-05
13.08   2.41257e-05
13.09   2.38652e-05
13.1   2.36076e-05
13.11   2.33528e-05
13.12   2.31008e-05
13.13   2.28516e-05
13.14   2.2605e-05
13.15   2.23612e-05
13.16   2.212e-05
13.17   2.18814e-05
13.18   2.16455e-05
13.19   2.14121e-05
13.2   2.11813e-05
13.21   2.0953e-05
13.22   2.07271e-05
13.23   2.05038e-05
13.24   2.02828e-05
13.25   2.00643e-05
13.26   1.98481e-05
13.27   1.96344e-05
13.28   1.94229e-05
13.29   1.92137e-05
13.3   1.90068e-05
13.31   1.88022e-05
13.32   1.85998e-05
13.33   1.83996e-05
13.34   1.82016e-05
13.35   1.80057e-05
13.36   1.7812e-05
13.37   1.76204e-05
13.38   1.74308e-05
13.39   1.72433e-05
13.4   1.70579e-05
13.41   1.68745e-05
13.42   1.6693e-05
13.43   1.65136e-05
13.44   1.6336e-05
13.45   1.61605e-05
13.46   1.59868e-05
13.47   1.5815e-05
13.48   1.56451e-05
13.49   1.5477e-05
13.5   1.53107e-05
13.51   1.51463e-05
13.52   1.49836e-05
13.53   1.48227e-05
13.54   1.46636e-05
13.55   1.45062e-05
13.56   1.43505e-05
13.57   1.41964e-05
13.58   1.40441e-05
13.59   1.38934e-05
13.6   1.37443e-05
13.61   1.35969e-05
13.62   1.3451e-05
13.63   1.33067e-05
13.64   1.3164e-05
13.65   1.30229e-05
13.66   1.28832e-05
13.67   1.27451e-05
13.68   1.26085e-05
13.69   1.24733e-05
13.7   1.23397e-05
13.71   1.22074e-05
13.72   1.20766e-05
13.73   1.19473e-05
13.74   1.18193e-05
13.75   1.16927e-05
13.76   1.15675e-05
13.77   1.14436e-05
13.78   1.1321e-05
13.79   1.11998e-05
13.8   1.10799e-05
13.81   1.09613e-05
13.82   1.0844e-05
13.83   1.0728e-05
13.84   1.06132e-05
13.85   1.04996e-05
13.86   1.03873e-05
13.87   1.02762e-05
13.88   1.01663e-05
13.89   1.00576e-05
13.9   9.95003e-06
13.91   9.84364e-06
13.92   9.7384e-06
13.93   9.6343e-06
13.94   9.53133e-06
13.95   9.42946e-06
13.96   9.3287e-06
13.97   9.22902e-06
13.98   9.13042e-06
13.99   9.03288e-06
14   8.9364e-06
14.01   8.84095e-06
14.02   8.74654e-06
14.03   8.65314e-06
14.04   8.56075e-06
14.05   8.46936e-06
14.06   8.37895e-06
14.07   8.28952e-06
14.08   8.20105e-06
14.09   8.11354e-06
14.1   8.02697e-06
14.11   7.94133e-06
14.12   7.85661e-06
14.13   7.77281e-06
14.14   7.68991e-06
14.15   7.6079e-06
14.16   7.52677e-06
14.17   7.44652e-06
14.18   7.36714e-06
14.19   7.2886e-06
14.2   7.21092e-06
14.21   7.13406e-06
14.22   7.05804e-06
14.23   6.98283e-06
14.24   6.90844e-06
14.25   6.83484e-06
14.26   6.76204e-06
14.27   6.69001e-06
14.28   6.61877e-06
14.29   6.54828e-06
14.3   6.47856e-06
14.31   6.40959e-06
14.32   6.34135e-06
14.33   6.27385e-06
14.34   6.20708e-06
14.35   6.14102e-06
14.36   6.07568e-06
14.37   6.01103e-06
14.38   5.94708e-06
14.39   5.88382e-06
14.4   5.82123e-06
14.41   5.75932e-06
14.42   5.69807e-06
14.43   5.63748e-06
14.44   5.57754e-06
14.45   5.51825e-06
14.46   5.45959e-06
14.47   5.40156e-06
14.48   5.34415e-06
14.49   5.28736e-06
14.5   5.23117e-06
14.51   5.17559e-06
14.52   5.12061e-06
14.53   5.06621e-06
14.54   5.0124e-06
14.55   4.95917e-06
14.56   4.9065e-06
14.57   4.85441e-06
14.58   4.80286e-06
14.59   4.75188e-06
14.6   4.70143e-06
14.61   4.65153e-06
14.62   4.60216e-06
14.63   4.55332e-06
14.64   4.50501e-06
14.65   4.45721e-06
14.66   4.40992e-06
14.67   4.36314e-06
14.68   4.31686e-06
14.69   4.27108e-06
14.7   4.22579e-06
14.71   4.18098e-06
14.72   4.13665e-06
14.73   4.09279e-06
14.74   4.04941e-06
14.75   4.00648e-06
14.76   3.96402e-06
14.77   3.92201e-06
14.78   3.88045e-06
14.79   3.83934e-06
14.8   3.79866e-06
14.81   3.75842e-06
14.82   3.71861e-06
14.83   3.67922e-06
14.84   3.64026e-06
14.85   3.60171e-06
14.86   3.56358e-06
14.87   3.52585e-06
14.88   3.48852e-06
14.89   3.45159e-06
14.9   3.41506e-06
14.91   3.37892e-06
14.92   3.34316e-06
14.93   3.30779e-06
14.94   3.27279e-06
14.95   3.23817e-06
14.96   3.20391e-06
14.97   3.17003e-06
14.98   3.1365e-06
14.99   3.10333e-06
15   3.07051e-06
15.01   3.03805e-06
15.02   3.00593e-06
15.03   2.97415e-06
15.04   2.94272e-06
15.05   2.91161e-06
15.06   2.88084e-06
15.07   2.8504e-06
15.08   2.82028e-06
15.09   2.79049e-06
15.1   2.76101e-06
15.11   2.73184e-06
15.12   2.70299e-06
15.13   2.67444e-06
15.14   2.6462e-06
15.15   2.61826e-06
15.16   2.59061e-06
15.17   2.56326e-06
15.18   2.5362e-06
15.19   2.50943e-06
15.2   2.48295e-06
15.21   2.45674e-06
15.22   2.43082e-06
15.23   2.40517e-06
15.24   2.3798e-06
15.25   2.35469e-06
15.26   2.32985e-06
15.27   2.30528e-06
15.28   2.28097e-06
15.29   2.25691e-06
15.3   2.23311e-06
15.31   2.20957e-06
15.32   2.18627e-06
15.33   2.16323e-06
15.34   2.14043e-06
15.35   2.11787e-06
15.36   2.09555e-06
15.37   2.07346e-06
15.38   2.05162e-06
15.39   2.03e-06
15.4   2.00862e-06
15.41   1.98746e-06
15.42   1.96652e-06
15.43   1.94581e-06
15.44   1.92532e-06
15.45   1.90505e-06
15.46   1.88499e-06
15.47   1.86515e-06
15.48   1.84551e-06
15.49   1.82609e-06
15.5   1.80687e-06
15.51   1.78785e-06
15.52   1.76904e-06
15.53   1.75042e-06
15.54   1.73201e-06
15.55   1.71378e-06
15.56   1.69576e-06
15.57   1.67792e-06
15.58   1.66027e-06
15.59   1.64281e-06
15.6   1.62554e-06
15.61   1.60845e-06
15.62   1.59154e-06
15.63   1.57481e-06
15.64   1.55825e-06
15.65   1.54187e-06
15.66   1.52567e-06
15.67   1.50964e-06
15.68   1.49378e-06
15.69   1.47808e-06
15.7   1.46255e-06
15.71   1.44719e-06
15.72   1.43199e-06
15.73   1.41695e-06
15.74   1.40207e-06
15.75   1.38735e-06
15.76   1.37278e-06
15.77   1.35837e-06
15.78   1.34411e-06
15.79   1.33e-06
15.8   1.31604e-06
15.81   1.30223e-06
15.82   1.28856e-06
15.83   1.27504e-06
15.84   1.26166e-06
15.85   1.24843e-06
15.86   1.23533e-06
15.87   1.22237e-06
15.88   1.20955e-06
15.89   1.19687e-06
15.9   1.18432e-06
15.91   1.1719e-06
15.92   1.15962e-06
15.93   1.14746e-06
15.94   1.13543e-06
15.95   1.12353e-06
15.96   1.11176e-06
15.97   1.10011e-06
15.98   1.08858e-06
15.99   1.07718e-06
16   1.06589e-06
16.01   1.05473e-06
16.02   1.04368e-06
16.03   1.03275e-06
16.04   1.02194e-06
16.05   1.01124e-06
16.06   1.00065e-06
16.07   9.90174e-07
16.08   9.79809e-07
16.09   9.69554e-07
16.1   9.59407e-07
16.11   9.49368e-07
16.12   9.39434e-07
16.13   9.29606e-07
16.14   9.19881e-07
16.15   9.10259e-07
16.16   9.00738e-07
16.17   8.91318e-07
16.18   8.81998e-07
16.19   8.72776e-07
16.2   8.63652e-07
16.21   8.54623e-07
16.22   8.4569e-07
16.23   8.36852e-07
16.24   8.28106e-07
16.25   8.19453e-07
16.26   8.10891e-07
16.27   8.0242e-07
16.28   7.94038e-07
16.29   7.85745e-07
16.3   7.77539e-07
16.31   7.69419e-07
16.32   7.61386e-07
16.33   7.53437e-07
16.34   7.45571e-07
16.35   7.37789e-07
16.36   7.30089e-07
16.37   7.2247e-07
16.38   7.14932e-07
16.39   7.07473e-07
16.4   7.00093e-07
16.41   6.9279e-07
16.42   6.85565e-07
16.43   6.78415e-07
16.44   6.71342e-07
16.45   6.64342e-07
16.46   6.57417e-07
16.47   6.50564e-07
16.48   6.43784e-07
16.49   6.37075e-07
16.5   6.30437e-07
16.51   6.23869e-07
16.52   6.1737e-07
16.53   6.1094e-07
16.54   6.04577e-07
16.55   5.98282e-07
16.56   5.92053e-07
16.57   5.85889e-07
16.58   5.79791e-07
16.59   5.73757e-07
16.6   5.67786e-07
16.61   5.61878e-07
16.62   5.56033e-07
16.63   5.50249e-07
16.64   5.44526e-07
16.65   5.38863e-07
16.66   5.3326e-07
16.67   5.27716e-07
16.68   5.2223e-07
16.69   5.16803e-07
16.7   5.11432e-07
16.71   5.06118e-07
16.72   5.0086e-07
16.73   4.95657e-07
16.74   4.9051e-07
16.75   4.85416e-07
16.76   4.80376e-07
16.77   4.75389e-07
16.78   4.70455e-07
16.79   4.65573e-07
16.8   4.60742e-07
16.81   4.55962e-07
16.82   4.51232e-07
16.83   4.46552e-07
16.84   4.41922e-07
16.85   4.3734e-07
16.86   4.32806e-07
16.87   4.28321e-07
16.88   4.23882e-07
16.89   4.1949e-07
16.9   4.15145e-07
16.91   4.10845e-07
16.92   4.06591e-07
16.93   4.02381e-07
16.94   3.98216e-07
16.95   3.94095e-07
16.96   3.90017e-07
16.97   3.85982e-07
16.98   3.8199e-07
16.99   3.78039e-07
17   3.74131e-07
17.01   3.70263e-07
17.02   3.66436e-07
17.03   3.6265e-07
17.04   3.58904e-07
17.05   3.55196e-07
17.06   3.51529e-07
17.07   3.47899e-07
17.08   3.44308e-07
17.09   3.40755e-07
17.1   3.37239e-07
17.11   3.33761e-07
17.12   3.30319e-07
17.13   3.26913e-07
17.14   3.23543e-07
17.15   3.20209e-07
17.16   3.1691e-07
17.17   3.13646e-07
17.18   3.10416e-07
17.19   3.0722e-07
17.2   3.04058e-07
17.21   3.0093e-07
17.22   2.97834e-07
17.23   2.94771e-07
17.24   2.91741e-07
17.25   2.88742e-07
17.26   2.85775e-07
17.27   2.82839e-07
17.28   2.79935e-07
17.29   2.77061e-07
17.3   2.74217e-07
17.31   2.71404e-07
17.32   2.6862e-07
17.33   2.65865e-07
17.34   2.6314e-07
17.35   2.60444e-07
17.36   2.57776e-07
17.37   2.55136e-07
17.38   2.52524e-07
17.39   2.4994e-07
17.4   2.47383e-07
17.41   2.44853e-07
17.42   2.4235e-07
17.43   2.39874e-07
17.44   2.37423e-07
17.45   2.34999e-07
17.46   2.326e-07
17.47   2.30227e-07
17.48   2.27879e-07
17.49   2.25556e-07
17.5   2.23257e-07
17.51   2.20983e-07
17.52   2.18733e-07
17.53   2.16507e-07
17.54   2.14304e-07
17.55   2.12125e-07
17.56   2.09969e-07
17.57   2.07836e-07
17.58   2.05725e-07
17.59   2.03637e-07
17.6   2.01571e-07
17.61   1.99527e-07
17.62   1.97505e-07
17.63   1.95504e-07
17.64   1.93525e-07
17.65   1.91567e-07
17.66   1.89629e-07
17.67   1.87713e-07
17.68   1.85816e-07
17.69   1.8394e-07
17.7   1.82084e-07
17.71   1.80248e-07
17.72   1.78431e-07
17.73   1.76634e-07
17.74   1.74856e-07
17.75   1.73097e-07
17.76   1.71357e-07
17.77   1.69635e-07
17.78   1.67932e-07
17.79   1.66247e-07
17.8   1.6458e-07
17.81   1.62931e-07
17.82   1.613e-07
17.83   1.59686e-07
17.84   1.58089e-07
17.85   1.5651e-07
17.86   1.54947e-07
17.87   1.53402e-07
17.88   1.51873e-07
17.89   1.5036e-07
17.9   1.48864e-07
17.91   1.47384e-07
17.92   1.4592e-07
17.93   1.44472e-07
17.94   1.43039e-07
17.95   1.41622e-07
17.96   1.4022e-07
17.97   1.38834e-07
17.98   1.37462e-07
17.99   1.36105e-07
18   1.34763e-07
18.01   1.33436e-07
18.02   1.32123e-07
18.03   1.30824e-07
18.04   1.29539e-07
18.05   1.28269e-07
18.06   1.27012e-07
18.07   1.25769e-07
18.08   1.2454e-07
18.09   1.23324e-07
18.1   1.22121e-07
18.11   1.20931e-07
18.12   1.19755e-07
18.13   1.18591e-07
18.14   1.1744e-07
18.15   1.16302e-07
18.16   1.15177e-07
18.17   1.14063e-07
18.18   1.12962e-07
18.19   1.11874e-07
18.2   1.10797e-07
18.21   1.09732e-07
18.22   1.08679e-07
18.23   1.07638e-07
18.24   1.06608e-07
18.25   1.0559e-07
18.26   1.04583e-07
18.27   1.03587e-07
18.28   1.02603e-07
18.29   1.01629e-07
18.3   1.00667e-07
18.31   9.97147e-08
18.32   9.87735e-08
18.33   9.7843e-08
18.34   9.69229e-08
18.35   9.60133e-08
18.36   9.51139e-08
18.37   9.42247e-08
18.38   9.33456e-08
18.39   9.24765e-08
18.4   9.16173e-08
18.41   9.07679e-08
18.42   8.99282e-08
18.43   8.90981e-08
18.44   8.82776e-08
18.45   8.74665e-08
18.46   8.66647e-08
18.47   8.58722e-08
18.48   8.50888e-08
18.49   8.43145e-08
18.5   8.35492e-08
18.51   8.27929e-08
18.52   8.20453e-08
18.53   8.13065e-08
18.54   8.05764e-08
18.55   7.98548e-08
18.56   7.91417e-08
18.57   7.84371e-08
18.58   7.77408e-08
18.59   7.70528e-08
18.6   7.63729e-08
18.61   7.57012e-08
18.62   7.50375e-08
18.63   7.43818e-08
18.64   7.3734e-08
18.65   7.30939e-08
18.66   7.24617e-08
18.67   7.18371e-08
18.68   7.12202e-08
18.69   7.06107e-08
18.7   7.00088e-08
18.71   6.94142e-08
18.72   6.8827e-08
18.73   6.82471e-08
18.74   6.76744e-08
18.75   6.71088e-08
18.76   6.65504e-08
18.77   6.59989e-08
18.78   6.54544e-08
18.79   6.49168e-08
18.8   6.43861e-08
18.81   6.38621e-08
18.82   6.33448e-08
18.83   6.28342e-08
18.84   6.23303e-08
18.85   6.18328e-08
18.86   6.13419e-08
18.87   6.08574e-08
18.88   6.03793e-08
18.89   5.99076e-08
18.9   5.94421e-08
18.91   5.89828e-08
18.92   5.85297e-08
18.93   5.80828e-08
18.94   5.76419e-08
18.95   5.7207e-08
18.96   5.67782e-08
18.97   5.63552e-08
18.98   5.59381e-08
18.99   5.55269e-08
19   5.51215e-08
19.01   5.47218e-08
19.02   5.43278e-08
19.03   5.39394e-08
19.04   5.35567e-08
19.05   5.31795e-08
19.06   5.28078e-08
19.07   5.24417e-08
19.08   5.20809e-08
19.09   5.17256e-08
19.1   5.13756e-08
19.11   5.1031e-08
19.12   5.06916e-08
19.13   5.03574e-08
19.14   5.00285e-08
19.15   4.97047e-08
19.16   4.93861e-08
19.17   4.90725e-08
19.18   4.8764e-08
19.19   4.84605e-08
19.2   4.8162e-08
19.21   4.78685e-08
19.22   4.75799e-08
19.23   4.72961e-08
19.24   4.70172e-08
19.25   4.67431e-08
19.26   4.64738e-08
19.27   4.62093e-08
19.28   4.59495e-08
19.29   4.56944e-08
19.3   4.54439e-08
19.31   4.51981e-08
19.32   4.49568e-08
19.33   4.47202e-08
19.34   4.44881e-08
19.35   4.42605e-08
19.36   4.40375e-08
19.37   4.38188e-08
19.38   4.36047e-08
19.39   4.33949e-08
19.4   4.31896e-08
19.41   4.29886e-08
19.42   4.27919e-08
19.43   4.25996e-08
19.44   4.24116e-08
19.45   4.22278e-08
19.46   4.20483e-08
19.47   4.1873e-08
19.48   4.17019e-08
19.49   4.15351e-08
19.5   4.13723e-08
19.51   4.12138e-08
19.52   4.10593e-08
19.53   4.0909e-08
19.54   4.07627e-08
19.55   4.06205e-08
19.56   4.04824e-08
19.57   4.03483e-08
19.58   4.02182e-08
19.59   4.00921e-08
19.6   3.997e-08
19.61   3.98518e-08
19.62   3.97376e-08
19.63   3.96274e-08
19.64   3.9521e-08
19.65   3.94186e-08
19.66   3.93201e-08
19.67   3.92254e-08
19.68   3.91346e-08
19.69   3.90476e-08
19.7   3.89645e-08
19.71   3.88853e-08
19.72   3.88098e-08
19.73   3.87381e-08
19.74   3.86703e-08
19.75   3.86062e-08
19.76   3.85459e-08
19.77   3.84893e-08
19.78   3.84365e-08
19.79   3.83875e-08
19.8   3.83421e-08
19.81   3.83005e-08
19.82   3.82627e-08
19.83   3.82285e-08
19.84   3.8198e-08
19.85   3.81713e-08
19.86   3.81482e-08
19.87   3.81288e-08
19.88   3.81131e-08
19.89   3.81011e-08
19.9   3.80927e-08
19.91   3.8088e-08
19.92   3.8087e-08
19.93   3.80896e-08
19.94   3.80958e-08
19.95   3.81057e-08
19.96   3.81193e-08
19.97   3.81365e-08
19.98   3.81573e-08
19.99   3.81818e-08
20   3.82099e-08
20.01   3.82417e-08
20.02   3.82771e-08
20.03   3.83161e-08
20.04   3.83587e-08
20.05   3.8405e-08
20.06   3.8455e-08
20.07   3.85085e-08
20.08   3.85657e-08
20.09   3.86266e-08
20.1   3.86911e-08
20.11   3.87592e-08
20.12   3.8831e-08
20.13   3.89064e-08
20.14   3.89855e-08
20.15   3.90682e-08
20.16   3.91546e-08
20.17   3.92447e-08
20.18   3.93384e-08
20.19   3.94359e-08
20.2   3.9537e-08
20.21   3.96417e-08
20.22   3.97502e-08
20.23   3.98624e-08
20.24   3.99783e-08
20.25   4.00979e-08
20.26   4.02212e-08
20.27   4.03483e-08
20.28   4.04791e-08
20.29   4.06136e-08
20.3   4.07519e-08
20.31   4.0894e-08
20.32   4.10398e-08
20.33   4.11894e-08
20.34   4.13429e-08
20.35   4.15001e-08
20.36   4.16611e-08
20.37   4.1826e-08
20.38   4.19947e-08
20.39   4.21673e-08
20.4   4.23438e-08
20.41   4.25241e-08
20.42   4.27083e-08
20.43   4.28964e-08
20.44   4.30885e-08
20.45   4.32844e-08
20.46   4.34844e-08
20.47   4.36883e-08
20.48   4.38961e-08
20.49   4.4108e-08
20.5   4.43239e-08
20.51   4.45438e-08
20.52   4.47678e-08
20.53   4.49958e-08
20.54   4.52279e-08
20.55   4.54641e-08
20.56   4.57044e-08
20.57   4.59489e-08
20.58   4.61975e-08
20.59   4.64503e-08
20.6   4.67073e-08
20.61   4.69685e-08
20.62   4.72339e-08
20.63   4.75036e-08
20.64   4.77776e-08
20.65   4.80559e-08
20.66   4.83385e-08
20.67   4.86255e-08
20.68   4.89168e-08
20.69   4.92125e-08
20.7   4.95127e-08
20.71   4.98173e-08
20.72   5.01263e-08
20.73   5.04398e-08
20.74   5.07579e-08
20.75   5.10805e-08
20.76   5.14077e-08
20.77   5.17394e-08
20.78   5.20758e-08
20.79   5.24169e-08
20.8   5.27626e-08
20.81   5.3113e-08
20.82   5.34682e-08
20.83   5.38281e-08
20.84   5.41929e-08
20.85   5.45624e-08
20.86   5.49368e-08
20.87   5.53161e-08
20.88   5.57004e-08
20.89   5.60895e-08
20.9   5.64837e-08
20.91   5.68829e-08
20.92   5.72871e-08
20.93   5.76964e-08
20.94   5.81108e-08
20.95   5.85304e-08
20.96   5.89551e-08
20.97   5.93851e-08
20.98   5.98204e-08
20.99   6.02609e-08
21   6.07068e-08
21.01   6.1158e-08
21.02   6.16146e-08
21.03   6.20767e-08
21.04   6.25443e-08
21.05   6.30174e-08
21.06   6.34961e-08
21.07   6.39803e-08
21.08   6.44703e-08
21.09   6.49658e-08
21.1   6.54672e-08
21.11   6.59743e-08
21.12   6.64872e-08
21.13   6.70059e-08
21.14   6.75306e-08
21.15   6.80612e-08
21.16   6.85978e-08
21.17   6.91405e-08
21.18   6.96892e-08
21.19   7.0244e-08
21.2   7.08051e-08
21.21   7.13723e-08
21.22   7.19458e-08
21.23   7.25257e-08
21.24   7.31119e-08
21.25   7.37045e-08
21.26   7.43036e-08
21.27   7.49092e-08
21.28   7.55214e-08
21.29   7.61402e-08
21.3   7.67657e-08
21.31   7.73979e-08
21.32   7.80369e-08
21.33   7.86827e-08
21.34   7.93354e-08
21.35   7.99951e-08
21.36   8.06618e-08
21.37   8.13355e-08
21.38   8.20164e-08
21.39   8.27044e-08
21.4   8.33997e-08
21.41   8.41023e-08
21.42   8.48122e-08
21.43   8.55296e-08
21.44   8.62544e-08
21.45   8.69868e-08
21.46   8.77268e-08
21.47   8.84744e-08
21.48   8.92298e-08
21.49   8.99929e-08
21.5   9.0764e-08
21.51   9.15429e-08
21.52   9.23299e-08
21.53   9.31249e-08
21.54   9.3928e-08
21.55   9.47393e-08
21.56   9.55589e-08
21.57   9.63869e-08
21.58   9.72232e-08
21.59   9.80681e-08
21.6   9.89214e-08
21.61   9.97834e-08
21.62   1.00654e-07
21.63   1.01534e-07
21.64   1.02422e-07
21.65   1.03319e-07
21.66   1.04226e-07
21.67   1.05141e-07
21.68   1.06065e-07
21.69   1.06999e-07
21.7   1.07942e-07
21.71   1.08895e-07
21.72   1.09857e-07
21.73   1.10828e-07
21.74   1.11809e-07
21.75   1.128e-07
21.76   1.13801e-07
21.77   1.14812e-07
21.78   1.15832e-07
21.79   1.16863e-07
21.8   1.17904e-07
21.81   1.18955e-07
21.82   1.20017e-07
21.83   1.21089e-07
21.84   1.22171e-07
21.85   1.23264e-07
21.86   1.24368e-07
21.87   1.25483e-07
21.88   1.26608e-07
21.89   1.27745e-07
21.9   1.28892e-07
21.91   1.30051e-07
21.92   1.31221e-07
21.93   1.32403e-07
21.94   1.33596e-07
21.95   1.34801e-07
21.96   1.36017e-07
21.97   1.37246e-07
21.98   1.38486e-07
21.99   1.39738e-07
22   1.41002e-07
22.01   1.42279e-07
22.02   1.43568e-07
