0.03   0.148069
0.04   0.148053
0.05   0.148027
0.06   0.147993
0.07   0.147951
0.08   0.147901
0.09   0.147844
0.1   0.14778
0.11   0.147709
0.12   0.147631
0.13   0.147546
0.14   0.147454
0.15   0.147355
0.16   0.147249
0.17   0.147137
0.18   0.147017
0.19   0.146891
0.2   0.146758
0.21   0.146618
0.22   0.146472
0.23   0.146319
0.24   0.146158
0.25   0.145992
0.26   0.145818
0.27   0.145638
0.28   0.145451
0.29   0.145258
0.3   0.145058
0.31   0.144851
0.32   0.144637
0.33   0.144417
0.34   0.144191
0.35   0.143958
0.36   0.143718
0.37   0.143472
0.38   0.14322
0.39   0.14296
0.4   0.142695
0.41   0.142423
0.42   0.142145
0.43   0.14186
0.44   0.141569
0.45   0.141271
0.46   0.140968
0.47   0.140658
0.48   0.140342
0.49   0.140019
0.5   0.139691
0.51   0.139356
0.52   0.139015
0.53   0.138668
0.54   0.138315
0.55   0.137955
0.56   0.13759
0.57   0.137219
0.58   0.136842
0.59   0.136459
0.6   0.136069
0.61   0.135675
0.62   0.135274
0.63   0.134867
0.64   0.134455
0.65   0.134037
0.66   0.133613
0.67   0.133184
0.68   0.132749
0.69   0.132308
0.7   0.131862
0.71   0.13141
0.72   0.130953
0.73   0.13049
0.74   0.130022
0.75   0.129549
0.76   0.12907
0.77   0.128586
0.78   0.128096
0.79   0.127602
0.8   0.127102
0.81   0.126597
0.82   0.126087
0.83   0.125573
0.84   0.125053
0.85   0.124528
0.86   0.123998
0.87   0.123463
0.88   0.122923
0.89   0.122379
0.9   0.12183
0.91   0.121276
0.92   0.120718
0.93   0.120155
0.94   0.119587
0.95   0.119015
0.96   0.118438
0.97   0.117857
0.98   0.117272
0.99   0.116682
1   0.116088
1.01   0.11549
1.02   0.114887
1.03   0.114281
1.04   0.11367
1.05   0.113055
1.06   0.112437
1.07   0.111814
1.08   0.111188
1.09   0.110557
1.1   0.109923
1.11   0.109285
1.12   0.108644
1.13   0.107999
1.14   0.10735
1.15   0.106698
1.16   0.106042
1.17   0.105383
1.18   0.10472
1.19   0.104054
1.2   0.103385
1.21   0.102713
1.22   0.102037
1.23   0.101359
1.24   0.100677
1.25   0.0999927
1.26   0.0993052
1.27   0.0986147
1.28   0.0979215
1.29   0.0972255
1.3   0.0965267
1.31   0.0958253
1.32   0.0951213
1.33   0.0944148
1.34   0.0937057
1.35   0.0929942
1.36   0.0922804
1.37   0.0915642
1.38   0.0908457
1.39   0.090125
1.4   0.0894022
1.41   0.0886773
1.42   0.0879503
1.43   0.0872213
1.44   0.0864904
1.45   0.0857577
1.46   0.0850231
1.47   0.0842868
1.48   0.0835488
1.49   0.0828091
1.5   0.0820679
1.51   0.0813251
1.52   0.0805808
1.53   0.0798352
1.54   0.0790882
1.55   0.0783399
1.56   0.0775903
1.57   0.0768396
1.58   0.0760878
1.59   0.0753349
1.6   0.074581
1.61   0.0738261
1.62   0.0730704
1.63   0.0723138
1.64   0.0715565
1.65   0.0707984
1.66   0.0700397
1.67   0.0692804
1.68   0.0685205
1.69   0.0677602
1.7   0.0669994
1.71   0.0662382
1.72   0.0654768
1.73   0.0647151
1.74   0.0639532
1.75   0.0631911
1.76   0.062429
1.77   0.0616668
1.78   0.0609047
1.79   0.0601427
1.8   0.0593808
1.81   0.0586191
1.82   0.0578577
1.83   0.0570966
1.84   0.0563358
1.85   0.0555755
1.86   0.0548157
1.87   0.0540564
1.88   0.0532977
1.89   0.0525397
1.9   0.0517824
1.91   0.0510258
1.92   0.0502701
1.93   0.0495152
1.94   0.0487613
1.95   0.0480083
1.96   0.0472564
1.97   0.0465056
1.98   0.0457559
1.99   0.0450074
2   0.0442602
2.01   0.0435143
2.02   0.0427697
2.03   0.0420266
2.04   0.0412849
2.05   0.0405448
2.06   0.0398062
2.07   0.0390693
2.08   0.038334
2.09   0.0376004
2.1   0.0368687
2.11   0.0361388
2.12   0.0354107
2.13   0.0346846
2.14   0.0339605
2.15   0.0332384
2.16   0.0325184
2.17   0.0318005
2.18   0.0310848
2.19   0.0303713
2.2   0.0296601
2.21   0.0289513
2.22   0.0282448
2.23   0.0275408
2.24   0.0268392
2.25   0.0261401
2.26   0.0254436
2.27   0.0247498
2.28   0.0240585
2.29   0.02337
2.3   0.0226843
2.31   0.0220013
2.32   0.0213212
2.33   0.0206439
2.34   0.0199696
2.35   0.0192983
2.36   0.01863
2.37   0.0179647
2.38   0.0173025
2.39   0.0166435
2.4   0.0159877
2.41   0.0153351
2.42   0.0146858
2.43   0.0140398
2.44   0.0133971
2.45   0.0127578
2.46   0.012122
2.47   0.0114896
2.48   0.0108607
2.49   0.0102354
2.5   0.00961367
2.51   0.00899556
2.52   0.0083811
2.53   0.00777035
2.54   0.00716332
2.55   0.00656007
2.56   0.00596062
2.57   0.00536501
2.58   0.00477327
2.59   0.00418544
2.6   0.00360155
2.61   0.00302164
2.62   0.00244574
2.63   0.00187387
2.64   0.00130609
2.65   0.0007424
2.66   0.000182849
2.67   -0.000372534
2.68   -0.000923722
2.69   -0.00147068
2.7   -0.00201339
2.71   -0.00255181
2.72   -0.00308592
2.73   -0.00361569
2.74   -0.00414109
2.75   -0.0046621
2.76   -0.00517869
2.77   -0.00569083
2.78   -0.00619849
2.79   -0.00670166
2.8   -0.00720031
2.81   -0.00769441
2.82   -0.00818394
2.83   -0.00866888
2.84   -0.0091492
2.85   -0.00962489
2.86   -0.0100959
2.87   -0.0105623
2.88   -0.0110239
2.89   -0.0114808
2.9   -0.011933
2.91   -0.0123804
2.92   -0.0128231
2.93   -0.0132609
2.94   -0.0136939
2.95   -0.0141221
2.96   -0.0145455
2.97   -0.014964
2.98   -0.0153776
2.99   -0.0157863
3   -0.0161901
3.01   -0.0165889
3.02   -0.0169829
3.03   -0.0173719
3.04   -0.0177559
3.05   -0.0181349
3.06   -0.018509
3.07   -0.018878
3.08   -0.0192421
3.09   -0.0196011
3.1   -0.0199551
3.11   -0.020304
3.12   -0.020648
3.13   -0.0209868
3.14   -0.0213206
3.15   -0.0216493
3.16   -0.021973
3.17   -0.0222915
3.18   -0.022605
3.19   -0.0229134
3.2   -0.0232166
3.21   -0.0235148
3.22   -0.0238079
3.23   -0.0240958
3.24   -0.0243787
3.25   -0.0246564
3.26   -0.024929
3.27   -0.0251965
3.28   -0.0254589
3.29   -0.0257161
3.3   -0.0259683
3.31   -0.0262153
3.32   -0.0264572
3.33   -0.026694
3.34   -0.0269257
3.35   -0.0271523
3.36   -0.0273738
3.37   -0.0275901
3.38   -0.0278014
3.39   -0.0280076
3.4   -0.0282087
3.41   -0.0284047
3.42   -0.0285957
3.43   -0.0287815
3.44   -0.0289623
3.45   -0.0291381
3.46   -0.0293088
3.47   -0.0294745
3.48   -0.0296351
3.49   -0.0297908
3.5   -0.0299414
3.51   -0.030087
3.52   -0.0302277
3.53   -0.0303633
3.54   -0.030494
3.55   -0.0306198
3.56   -0.0307406
3.57   -0.0308565
3.58   -0.0309674
3.59   -0.0310735
3.6   -0.0311747
3.61   -0.031271
3.62   -0.0313625
3.63   -0.0314491
3.64   -0.0315309
3.65   -0.0316079
3.66   -0.0316802
3.67   -0.0317476
3.68   -0.0318103
3.69   -0.0318683
3.7   -0.0319215
3.71   -0.0319701
3.72   -0.032014
3.73   -0.0320532
3.74   -0.0320878
3.75   -0.0321178
3.76   -0.0321431
3.77   -0.0321639
3.78   -0.0321802
3.79   -0.0321919
3.8   -0.0321992
3.81   -0.0322019
3.82   -0.0322002
3.83   -0.0321941
3.84   -0.0321835
3.85   -0.0321686
3.86   -0.0321493
3.87   -0.0321256
3.88   -0.0320977
3.89   -0.0320655
3.9   -0.032029
3.91   -0.0319883
3.92   -0.0319434
3.93   -0.0318943
3.94   -0.0318411
3.95   -0.0317837
3.96   -0.0317223
3.97   -0.0316568
3.98   -0.0315872
3.99   -0.0315137
4   -0.0314362
4.01   -0.0313547
4.02   -0.0312694
4.03   -0.0311801
4.04   -0.031087
4.05   -0.0309901
4.06   -0.0308894
4.07   -0.0307849
4.08   -0.0306767
4.09   -0.0305649
4.1   -0.0304493
4.11   -0.0303302
4.12   -0.0302074
4.13   -0.0300811
4.14   -0.0299512
4.15   -0.0298179
4.16   -0.0296811
4.17   -0.0295409
4.18   -0.0293973
4.19   -0.0292503
4.2   -0.0291
4.21   -0.0289465
4.22   -0.0287896
4.23   -0.0286296
4.24   -0.0284664
4.25   -0.0283001
4.26   -0.0281306
4.27   -0.0279581
4.28   -0.0277826
4.29   -0.027604
4.3   -0.0274226
4.31   -0.0272382
4.32   -0.0270509
4.33   -0.0268607
4.34   -0.0266678
4.35   -0.0264721
4.36   -0.0262736
4.37   -0.0260725
4.38   -0.0258687
4.39   -0.0256624
4.4   -0.0254534
4.41   -0.0252419
4.42   -0.0250279
4.43   -0.0248114
4.44   -0.0245925
4.45   -0.0243713
4.46   -0.0241477
4.47   -0.0239218
4.48   -0.0236936
4.49   -0.0234633
4.5   -0.0232307
4.51   -0.022996
4.52   -0.0227592
4.53   -0.0225203
4.54   -0.0222794
4.55   -0.0220366
4.56   -0.0217918
4.57   -0.0215451
4.58   -0.0212965
4.59   -0.0210461
4.6   -0.0207939
4.61   -0.02054
4.62   -0.0202844
4.63   -0.0200272
4.64   -0.0197683
4.65   -0.0195079
4.66   -0.0192459
4.67   -0.0189824
4.68   -0.0187174
4.69   -0.0184511
4.7   -0.0181834
4.71   -0.0179143
4.72   -0.017644
4.73   -0.0173724
4.74   -0.0170996
4.75   -0.0168256
4.76   -0.0165505
4.77   -0.0162743
4.78   -0.015997
4.79   -0.0157188
4.8   -0.0154396
4.81   -0.0151594
4.82   -0.0148784
4.83   -0.0145965
4.84   -0.0143138
4.85   -0.0140303
4.86   -0.0137461
4.87   -0.0134613
4.88   -0.0131757
4.89   -0.0128896
4.9   -0.0126029
4.91   -0.0123157
4.92   -0.0120279
4.93   -0.0117397
4.94   -0.0114511
4.95   -0.0111622
4.96   -0.0108729
4.97   -0.0105833
4.98   -0.0102934
4.99   -0.0100033
5   -0.00971307
5.01   -0.00942267
5.02   -0.00913216
5.03   -0.00884158
5.04   -0.00855097
5.05   -0.00826036
5.06   -0.0079698
5.07   -0.00767932
5.08   -0.00738896
5.09   -0.00709875
5.1   -0.00680874
5.11   -0.00651895
5.12   -0.00622942
5.13   -0.0059402
5.14   -0.0056513
5.15   -0.00536278
5.16   -0.00507466
5.17   -0.00478699
5.18   -0.00449978
5.19   -0.00421309
5.2   -0.00392694
5.21   -0.00364137
5.22   -0.00335642
5.23   -0.0030721
5.24   -0.00278847
5.25   -0.00250555
5.26   -0.00222337
5.27   -0.00194197
5.28   -0.00166138
5.29   -0.00138164
5.3   -0.00110276
5.31   -0.000824796
5.32   -0.000547765
5.33   -0.000271701
5.34   3.36411e-06
5.35   0.000277401
5.36   0.000550379
5.37   0.000822268
5.38   0.00109304
5.39   0.00136266
5.4   0.00163111
5.41   0.00189835
5.42   0.00216436
5.43   0.00242911
5.44   0.00269256
5.45   0.00295471
5.46   0.0032155
5.47   0.00347493
5.48   0.00373296
5.49   0.00398957
5.5   0.00424473
5.51   0.00449841
5.52   0.0047506
5.53   0.00500126
5.54   0.00525038
5.55   0.00549792
5.56   0.00574386
5.57   0.00598819
5.58   0.00623087
5.59   0.00647189
5.6   0.00671122
5.61   0.00694884
5.62   0.00718473
5.63   0.00741887
5.64   0.00765123
5.65   0.0078818
5.66   0.00811056
5.67   0.00833748
5.68   0.00856256
5.69   0.00878575
5.7   0.00900706
5.71   0.00922646
5.72   0.00944393
5.73   0.00965946
5.74   0.00987303
5.75   0.0100846
5.76   0.0102942
5.77   0.0105018
5.78   0.0107074
5.79   0.0109109
5.8   0.0111123
5.81   0.0113117
5.82   0.011509
5.83   0.0117042
5.84   0.0118973
5.85   0.0120883
5.86   0.0122771
5.87   0.0124638
5.88   0.0126483
5.89   0.0128307
5.9   0.0130109
5.91   0.0131888
5.92   0.0133646
5.93   0.0135382
5.94   0.0137095
5.95   0.0138786
5.96   0.0140455
5.97   0.0142101
5.98   0.0143725
5.99   0.0145326
6   0.0146904
6.01   0.0148459
6.02   0.0149992
6.03   0.0151502
6.04   0.0152989
6.05   0.0154453
6.06   0.0155894
6.07   0.0157312
6.08   0.0158706
6.09   0.0160078
6.1   0.0161426
6.11   0.0162751
6.12   0.0164053
6.13   0.0165332
6.14   0.0166588
6.15   0.016782
6.16   0.0169029
6.17   0.0170215
6.18   0.0171377
6.19   0.0172516
6.2   0.0173632
6.21   0.0174725
6.22   0.0175794
6.23   0.017684
6.24   0.0177863
6.25   0.0178863
6.26   0.017984
6.27   0.0180794
6.28   0.0181724
6.29   0.0182632
6.3   0.0183517
6.31   0.0184378
6.32   0.0185217
6.33   0.0186033
6.34   0.0186827
6.35   0.0187597
6.36   0.0188345
6.37   0.0189071
6.38   0.0189774
6.39   0.0190454
6.4   0.0191112
6.41   0.0191748
6.42   0.0192362
6.43   0.0192954
6.44   0.0193524
6.45   0.0194072
6.46   0.0194598
6.47   0.0195102
6.48   0.0195585
6.49   0.0196047
6.5   0.0196487
6.51   0.0196906
6.52   0.0197303
6.53   0.019768
6.54   0.0198036
6.55   0.0198371
6.56   0.0198686
6.57   0.019898
6.58   0.0199253
6.59   0.0199506
6.6   0.019974
6.61   0.0199953
6.62   0.0200147
6.63   0.020032
6.64   0.0200475
6.65   0.020061
6.66   0.0200725
6.67   0.0200822
6.68   0.02009
6.69   0.0200959
6.7   0.0200999
6.71   0.0201021
6.72   0.0201025
6.73   0.0201011
6.74   0.0200979
6.75   0.0200929
6.76   0.0200861
6.77   0.0200776
6.78   0.0200674
6.79   0.0200555
6.8   0.0200419
6.81   0.0200266
6.82   0.0200096
6.83   0.0199911
6.84   0.0199709
6.85   0.0199491
6.86   0.0199258
6.87   0.0199008
6.88   0.0198744
6.89   0.0198464
6.9   0.0198169
6.91   0.019786
6.92   0.0197536
6.93   0.0197197
6.94   0.0196844
6.95   0.0196477
6.96   0.0196096
6.97   0.0195702
6.98   0.0195294
6.99   0.0194873
7   0.0194439
7.01   0.0193992
7.02   0.0193532
7.03   0.019306
7.04   0.0192575
7.05   0.0192079
7.06   0.0191571
7.07   0.0191051
7.08   0.0190519
7.09   0.0189976
7.1   0.0189423
7.11   0.0188858
7.12   0.0188283
7.13   0.0187697
7.14   0.0187101
7.15   0.0186495
7.16   0.018588
7.17   0.0185254
7.18   0.0184619
7.19   0.0183975
7.2   0.0183322
7.21   0.018266
7.22   0.0181989
7.23   0.018131
7.24   0.0180623
7.25   0.0179927
7.26   0.0179224
7.27   0.0178513
7.28   0.0177794
7.29   0.0177068
7.3   0.0176335
7.31   0.0175595
7.32   0.0174849
7.33   0.0174096
7.34   0.0173336
7.35   0.0172571
7.36   0.0171799
7.37   0.0171021
7.38   0.0170238
7.39   0.016945
7.4   0.0168656
7.41   0.0167857
7.42   0.0167054
7.43   0.0166245
7.44   0.0165432
7.45   0.0164615
7.46   0.0163793
7.47   0.0162967
7.48   0.0162138
7.49   0.0161305
7.5   0.0160468
7.51   0.0159628
7.52   0.0158784
7.53   0.0157938
7.54   0.0157089
7.55   0.0156237
7.56   0.0155382
7.57   0.0154525
7.58   0.0153666
7.59   0.0152804
7.6   0.0151941
7.61   0.0151075
7.62   0.0150208
7.63   0.014934
7.64   0.014847
7.65   0.0147598
7.66   0.0146726
7.67   0.0145853
7.68   0.0144978
7.69   0.0144103
7.7   0.0143228
7.71   0.0142352
7.72   0.0141475
7.73   0.0140599
7.74   0.0139722
7.75   0.0138845
7.76   0.0137969
7.77   0.0137092
7.78   0.0136216
7.79   0.0135341
7.8   0.0134466
7.81   0.0133592
7.82   0.0132718
7.83   0.0131846
7.84   0.0130974
7.85   0.0130104
7.86   0.0129234
7.87   0.0128366
7.88   0.01275
7.89   0.0126635
7.9   0.0125771
7.91   0.012491
7.92   0.012405
7.93   0.0123191
7.94   0.0122335
7.95   0.0121481
7.96   0.0120629
7.97   0.0119779
7.98   0.0118931
7.99   0.0118086
8   0.0117243
8.01   0.0116402
8.02   0.0115564
8.03   0.0114729
8.04   0.0113896
8.05   0.0113066
8.06   0.0112239
8.07   0.0111415
8.08   0.0110594
8.09   0.0109775
8.1   0.010896
8.11   0.0108148
8.12   0.0107339
8.13   0.0106533
8.14   0.010573
8.15   0.0104931
8.16   0.0104135
8.17   0.0103342
8.18   0.0102553
8.19   0.0101767
8.2   0.0100985
8.21   0.0100206
8.22   0.00994311
8.23   0.00986596
8.24   0.00978918
8.25   0.00971278
8.26   0.00963674
8.27   0.00956108
8.28   0.00948581
8.29   0.00941091
8.3   0.0093364
8.31   0.00926227
8.32   0.00918854
8.33   0.0091152
8.34   0.00904225
8.35   0.0089697
8.36   0.00889755
8.37   0.0088258
8.38   0.00875446
8.39   0.00868352
8.4   0.00861298
8.41   0.00854285
8.42   0.00847313
8.43   0.00840382
8.44   0.00833493
8.45   0.00826644
8.46   0.00819837
8.47   0.00813071
8.48   0.00806347
8.49   0.00799665
8.5   0.00793024
8.51   0.00786424
8.52   0.00779867
8.53   0.00773351
8.54   0.00766878
8.55   0.00760446
8.56   0.00754056
8.57   0.00747707
8.58   0.00741401
8.59   0.00735137
8.6   0.00728914
8.61   0.00722733
8.62   0.00716594
8.63   0.00710497
8.64   0.00704442
8.65   0.00698428
8.66   0.00692456
8.67   0.00686525
8.68   0.00680636
8.69   0.00674788
8.7   0.00668982
8.71   0.00663217
8.72   0.00657493
8.73   0.0065181
8.74   0.00646168
8.75   0.00640568
8.76   0.00635007
8.77   0.00629488
8.78   0.00624009
8.79   0.0061857
8.8   0.00613172
8.81   0.00607814
8.82   0.00602496
8.83   0.00597218
8.84   0.00591979
8.85   0.00586781
8.86   0.00581621
8.87   0.00576501
8.88   0.00571421
8.89   0.00566379
8.9   0.00561376
8.91   0.00556412
8.92   0.00551486
8.93   0.00546598
8.94   0.00541749
8.95   0.00536938
8.96   0.00532165
8.97   0.00527429
8.98   0.00522731
8.99   0.0051807
9   0.00513446
9.01   0.00508859
9.02   0.00504309
9.03   0.00499795
9.04   0.00495318
9.05   0.00490877
9.06   0.00486472
9.07   0.00482102
9.08   0.00477768
9.09   0.0047347
9.1   0.00469207
9.11   0.00464978
9.12   0.00460785
9.13   0.00456626
9.14   0.00452501
9.15   0.00448411
9.16   0.00444354
9.17   0.00440332
9.18   0.00436343
9.19   0.00432387
9.2   0.00428464
9.21   0.00424574
9.22   0.00420717
9.23   0.00416893
9.24   0.004131
9.25   0.0040934
9.26   0.00405612
9.27   0.00401915
9.28   0.0039825
9.29   0.00394616
9.3   0.00391013
9.31   0.00387441
9.32   0.003839
9.33   0.00380389
9.34   0.00376908
9.35   0.00373457
9.36   0.00370036
9.37   0.00366645
9.38   0.00363282
9.39   0.00359949
9.4   0.00356645
9.41   0.0035337
9.42   0.00350123
9.43   0.00346905
9.44   0.00343714
9.45   0.00340552
9.46   0.00337417
9.47   0.0033431
9.48   0.0033123
9.49   0.00328177
9.5   0.00325151
9.51   0.00322151
9.52   0.00319178
9.53   0.00316232
9.54   0.00313311
9.55   0.00310417
9.56   0.00307548
9.57   0.00304704
9.58   0.00301886
9.59   0.00299093
9.6   0.00296324
9.61   0.00293581
9.62   0.00290862
9.63   0.00288167
9.64   0.00285496
9.65   0.0028285
9.66   0.00280227
9.67   0.00277627
9.68   0.00275051
9.69   0.00272498
9.7   0.00269968
9.71   0.00267461
9.72   0.00264976
9.73   0.00262514
9.74   0.00260074
9.75   0.00257656
9.76   0.0025526
9.77   0.00252885
9.78   0.00250533
9.79   0.00248201
9.8   0.00245891
9.81   0.00243601
9.82   0.00241333
9.83   0.00239085
9.84   0.00236857
9.85   0.0023465
9.86   0.00232463
9.87   0.00230296
9.88   0.00228149
9.89   0.00226021
9.9   0.00223913
9.91   0.00221823
9.92   0.00219754
9.93   0.00217703
9.94   0.0021567
9.95   0.00213657
9.96   0.00211662
9.97   0.00209685
9.98   0.00207726
9.99   0.00205786
10   0.00203863
10.01   0.00201958
10.02   0.0020007
10.03   0.001982
10.04   0.00196347
10.05   0.00194511
10.06   0.00192692
10.07   0.0019089
10.08   0.00189105
10.09   0.00187335
10.1   0.00185583
10.11   0.00183846
10.12   0.00182126
10.13   0.00180421
10.14   0.00178732
10.15   0.00177059
10.16   0.00175402
10.17   0.00173759
10.18   0.00172132
10.19   0.0017052
10.2   0.00168923
10.21   0.00167341
10.22   0.00165773
10.23   0.0016422
10.24   0.00162682
10.25   0.00161158
10.26   0.00159648
10.27   0.00158152
10.28   0.00156669
10.29   0.00155201
10.3   0.00153746
10.31   0.00152305
10.32   0.00150878
10.33   0.00149463
10.34   0.00148062
10.35   0.00146674
10.36   0.00145299
10.37   0.00143936
10.38   0.00142586
10.39   0.00141249
10.4   0.00139925
10.41   0.00138612
10.42   0.00137312
10.43   0.00136025
10.44   0.00134749
10.45   0.00133485
10.46   0.00132233
10.47   0.00130992
10.48   0.00129763
10.49   0.00128546
10.5   0.0012734
10.51   0.00126146
10.52   0.00124962
10.53   0.0012379
10.54   0.00122628
10.55   0.00121478
10.56   0.00120338
10.57   0.00119209
10.58   0.0011809
10.59   0.00116982
10.6   0.00115885
10.61   0.00114797
10.62   0.0011372
10.63   0.00112653
10.64   0.00111596
10.65   0.00110549
10.66   0.00109512
10.67   0.00108484
10.68   0.00107466
10.69   0.00106458
10.7   0.00105459
10.71   0.00104469
10.72   0.00103489
10.73   0.00102518
10.74   0.00101556
10.75   0.00100603
10.76   0.00099659
10.77   0.000987239
10.78   0.000977975
10.79   0.000968799
10.8   0.000959709
10.81   0.000950704
10.82   0.000941784
10.83   0.000932948
10.84   0.000924195
10.85   0.000915524
10.86   0.000906934
10.87   0.000898426
10.88   0.000889997
10.89   0.000881647
10.9   0.000873376
10.91   0.000865183
10.92   0.000857067
10.93   0.000849027
10.94   0.000841063
10.95   0.000833174
10.96   0.000825358
10.97   0.000817617
10.98   0.000809948
10.99   0.000802351
11   0.000794826
11.01   0.000787372
11.02   0.000779988
11.03   0.000772673
11.04   0.000765427
11.05   0.000758249
11.06   0.000751139
11.07   0.000744095
11.08   0.000737118
11.09   0.000730207
11.1   0.000723361
11.11   0.000716579
11.12   0.000709861
11.13   0.000703206
11.14   0.000696614
11.15   0.000690083
11.16   0.000683615
11.17   0.000677207
11.18   0.000670859
11.19   0.000664572
11.2   0.000658343
11.21   0.000652173
11.22   0.000646061
11.23   0.000640007
11.24   0.00063401
11.25   0.000628069
11.26   0.000622184
11.27   0.000616354
11.28   0.000610579
11.29   0.000604859
11.3   0.000599193
11.31   0.000593579
11.32   0.000588019
11.33   0.000582511
11.34   0.000577055
11.35   0.00057165
11.36   0.000566296
11.37   0.000560993
11.38   0.000555739
11.39   0.000550535
11.4   0.00054538
11.41   0.000540274
11.42   0.000535215
11.43   0.000530204
11.44   0.00052524
11.45   0.000520323
11.46   0.000515453
11.47   0.000510628
11.48   0.000505848
11.49   0.000501114
11.5   0.000496424
11.51   0.000491778
11.52   0.000487176
11.53   0.000482617
11.54   0.000478101
11.55   0.000473628
11.56   0.000469196
11.57   0.000464807
11.58   0.000460458
11.59   0.000456151
11.6   0.000451884
11.61   0.000447657
11.62   0.00044347
11.63   0.000439323
11.64   0.000435214
11.65   0.000431144
11.66   0.000427113
11.67   0.000423119
11.68   0.000419163
11.69   0.000415244
11.7   0.000411362
11.71   0.000407516
11.72   0.000403707
11.73   0.000399933
11.74   0.000396195
11.75   0.000392492
11.76   0.000388824
11.77   0.000385191
11.78   0.000381591
11.79   0.000378026
11.8   0.000374494
11.81   0.000370995
11.82   0.000367529
11.83   0.000364095
11.84   0.000360694
11.85   0.000357325
11.86   0.000353988
11.87   0.000350682
11.88   0.000347406
11.89   0.000344162
11.9   0.000340948
11.91   0.000337765
11.92   0.000334611
11.93   0.000331487
11.94   0.000328392
11.95   0.000325327
11.96   0.00032229
11.97   0.000319282
11.98   0.000316302
11.99   0.00031335
12   0.000310425
12.01   0.000307529
12.02   0.000304659
12.03   0.000301816
12.04   0.000299
12.05   0.000296211
12.06   0.000293447
12.07   0.00029071
12.08   0.000287998
12.09   0.000285312
12.1   0.000282651
12.11   0.000280015
12.12   0.000277404
12.13   0.000274817
12.14   0.000272255
12.15   0.000269716
12.16   0.000267201
12.17   0.00026471
12.18   0.000262243
12.19   0.000259798
12.2   0.000257377
12.21   0.000254978
12.22   0.000252601
12.23   0.000250247
12.24   0.000247915
12.25   0.000245605
12.26   0.000243317
12.27   0.00024105
12.28   0.000238804
12.29   0.00023658
12.3   0.000234376
12.31   0.000232193
12.32   0.00023003
12.33   0.000227888
12.34   0.000225765
12.35   0.000223663
12.36   0.00022158
12.37   0.000219517
12.38   0.000217473
12.39   0.000215449
12.4   0.000213443
12.41   0.000211456
12.42   0.000209488
12.43   0.000207538
12.44   0.000205606
12.45   0.000203693
12.46   0.000201797
12.47   0.000199919
12.48   0.000198059
12.49   0.000196216
12.5   0.000194391
12.51   0.000192582
12.52   0.000190791
12.53   0.000189016
12.54   0.000187258
12.55   0.000185516
12.56   0.000183791
12.57   0.000182082
12.58   0.000180389
12.59   0.000178711
12.6   0.00017705
12.61   0.000175404
12.62   0.000173773
12.63   0.000172157
12.64   0.000170557
12.65   0.000168972
12.66   0.000167401
12.67   0.000165845
12.68   0.000164304
12.69   0.000162777
12.7   0.000161265
12.71   0.000159766
12.72   0.000158282
12.73   0.000156811
12.74   0.000155355
12.75   0.000153912
12.76   0.000152482
12.77   0.000151066
12.78   0.000149663
12.79   0.000148273
12.8   0.000146896
12.81   0.000145532
12.82   0.00014418
12.83   0.000142842
12.84   0.000141515
12.85   0.000140202
12.86   0.0001389
12.87   0.000137611
12.88   0.000136334
12.89   0.000135068
12.9   0.000133815
12.91   0.000132573
12.92   0.000131343
12.93   0.000130124
12.94   0.000128916
12.95   0.00012772
12.96   0.000126535
12.97   0.000125362
12.98   0.000124199
12.99   0.000123047
13   0.000121905
13.01   0.000120775
13.02   0.000119655
13.03   0.000118545
13.04   0.000117446
13.05   0.000116357
13.06   0.000115278
13.07   0.000114209
13.08   0.00011315
13.09   0.000112101
13.1   0.000111062
13.11   0.000110033
13.12   0.000109013
13.13   0.000108003
13.14   0.000107002
13.15   0.00010601
13.16   0.000105028
13.17   0.000104055
13.18   0.00010309
13.19   0.000102135
13.2   0.000101189
13.21   0.000100252
13.22   9.93231e-05
13.23   9.84032e-05
13.24   9.74918e-05
13.25   9.65888e-05
13.26   9.56943e-05
13.27   9.48082e-05
13.28   9.39303e-05
13.29   9.30605e-05
13.3   9.21989e-05
13.31   9.13453e-05
13.32   9.04997e-05
13.33   8.96619e-05
13.34   8.8832e-05
13.35   8.80097e-05
13.36   8.71952e-05
13.37   8.63882e-05
13.38   8.55887e-05
13.39   8.47967e-05
13.4   8.4012e-05
13.41   8.32347e-05
13.42   8.24646e-05
13.43   8.17016e-05
13.44   8.09458e-05
13.45   8.0197e-05
13.46   7.94552e-05
13.47   7.87202e-05
13.48   7.79922e-05
13.49   7.72708e-05
13.5   7.65562e-05
13.51   7.58483e-05
13.52   7.51469e-05
13.53   7.44521e-05
13.54   7.37637e-05
13.55   7.30817e-05
13.56   7.24061e-05
13.57   7.17368e-05
13.58   7.10737e-05
13.59   7.04167e-05
13.6   6.97659e-05
13.61   6.91211e-05
13.62   6.84823e-05
13.63   6.78494e-05
13.64   6.72225e-05
13.65   6.66013e-05
13.66   6.5986e-05
13.67   6.53763e-05
13.68   6.47723e-05
13.69   6.4174e-05
13.7   6.35811e-05
13.71   6.29939e-05
13.72   6.2412e-05
13.73   6.18356e-05
13.74   6.12645e-05
13.75   6.06987e-05
13.76   6.01382e-05
13.77   5.95829e-05
13.78   5.90328e-05
13.79   5.84877e-05
13.8   5.79477e-05
13.81   5.74128e-05
13.82   5.68828e-05
13.83   5.63577e-05
13.84   5.58375e-05
13.85   5.53221e-05
13.86   5.48115e-05
13.87   5.43057e-05
13.88   5.38046e-05
13.89   5.33081e-05
13.9   5.28162e-05
13.91   5.23289e-05
13.92   5.18461e-05
13.93   5.13677e-05
13.94   5.08939e-05
13.95   5.04244e-05
13.96   4.99592e-05
13.97   4.94984e-05
13.98   4.90419e-05
13.99   4.85896e-05
14   4.81415e-05
14.01   4.76975e-05
14.02   4.72577e-05
14.03   4.6822e-05
14.04   4.63903e-05
14.05   4.59626e-05
14.06   4.55388e-05
14.07   4.5119e-05
14.08   4.47031e-05
14.09   4.4291e-05
14.1   4.38828e-05
14.11   4.34783e-05
14.12   4.30776e-05
14.13   4.26806e-05
14.14   4.22873e-05
14.15   4.18976e-05
14.16   4.15116e-05
14.17   4.11291e-05
14.18   4.07502e-05
14.19   4.03747e-05
14.2   4.00028e-05
14.21   3.96343e-05
14.22   3.92692e-05
14.23   3.89075e-05
14.24   3.85491e-05
14.25   3.81941e-05
14.26   3.78424e-05
14.27   3.74939e-05
14.28   3.71486e-05
14.29   3.68065e-05
14.3   3.64676e-05
14.31   3.61319e-05
14.32   3.57992e-05
14.33   3.54697e-05
14.34   3.51431e-05
14.35   3.48196e-05
14.36   3.44991e-05
14.37   3.41816e-05
14.38   3.3867e-05
14.39   3.35553e-05
14.4   3.32465e-05
14.41   3.29406e-05
14.42   3.26375e-05
14.43   3.23372e-05
14.44   3.20396e-05
14.45   3.17448e-05
14.46   3.14528e-05
14.47   3.11634e-05
14.48   3.08768e-05
14.49   3.05928e-05
14.5   3.03114e-05
14.51   3.00326e-05
14.52   2.97564e-05
14.53   2.94827e-05
14.54   2.92116e-05
14.55   2.8943e-05
14.56   2.86768e-05
14.57   2.84131e-05
14.58   2.81519e-05
14.59   2.78931e-05
14.6   2.76366e-05
14.61   2.73826e-05
14.62   2.71309e-05
14.63   2.68815e-05
14.64   2.66344e-05
14.65   2.63896e-05
14.66   2.61471e-05
14.67   2.59068e-05
14.68   2.56687e-05
14.69   2.54328e-05
14.7   2.51991e-05
14.71   2.49676e-05
14.72   2.47382e-05
14.73   2.45109e-05
14.74   2.42857e-05
14.75   2.40626e-05
14.76   2.38416e-05
14.77   2.36226e-05
14.78   2.34056e-05
14.79   2.31906e-05
14.8   2.29776e-05
14.81   2.27666e-05
14.82   2.25575e-05
14.83   2.23504e-05
14.84   2.21452e-05
14.85   2.19418e-05
14.86   2.17404e-05
14.87   2.15408e-05
14.88   2.1343e-05
14.89   2.11471e-05
14.9   2.09529e-05
14.91   2.07606e-05
14.92   2.057e-05
14.93   2.03812e-05
14.94   2.01942e-05
14.95   2.00088e-05
14.96   1.98252e-05
14.97   1.96433e-05
14.98   1.9463e-05
14.99   1.92845e-05
15   1.91075e-05
15.01   1.89322e-05
15.02   1.87585e-05
15.03   1.85864e-05
15.04   1.84159e-05
15.05   1.8247e-05
15.06   1.80796e-05
15.07   1.79138e-05
15.08   1.77495e-05
15.09   1.75867e-05
15.1   1.74254e-05
15.11   1.72656e-05
15.12   1.71073e-05
15.13   1.69504e-05
15.14   1.6795e-05
15.15   1.6641e-05
15.16   1.64884e-05
15.17   1.63372e-05
15.18   1.61875e-05
15.19   1.60391e-05
15.2   1.5892e-05
15.21   1.57464e-05
15.22   1.5602e-05
15.23   1.5459e-05
15.24   1.53174e-05
15.25   1.5177e-05
15.26   1.50379e-05
15.27   1.49001e-05
15.28   1.47636e-05
15.29   1.46283e-05
15.3   1.44942e-05
15.31   1.43614e-05
15.32   1.42299e-05
15.33   1.40995e-05
15.34   1.39703e-05
15.35   1.38424e-05
15.36   1.37156e-05
15.37   1.35899e-05
15.38   1.34655e-05
15.39   1.33421e-05
15.4   1.322e-05
15.41   1.30989e-05
15.42   1.29789e-05
15.43   1.28601e-05
15.44   1.27423e-05
15.45   1.26257e-05
15.46   1.25101e-05
15.47   1.23955e-05
15.48   1.2282e-05
15.49   1.21696e-05
15.5   1.20582e-05
15.51   1.19478e-05
15.52   1.18385e-05
15.53   1.17301e-05
15.54   1.16227e-05
15.55   1.15164e-05
15.56   1.1411e-05
15.57   1.13065e-05
15.58   1.12031e-05
15.59   1.11006e-05
15.6   1.0999e-05
15.61   1.08984e-05
15.62   1.07986e-05
15.63   1.06998e-05
15.64   1.0602e-05
15.65   1.0505e-05
15.66   1.04089e-05
15.67   1.03137e-05
15.68   1.02193e-05
15.69   1.01258e-05
15.7   1.00332e-05
15.71   9.94147e-06
15.72   9.85056e-06
15.73   9.76047e-06
15.74   9.67122e-06
15.75   9.58278e-06
15.76   9.49516e-06
15.77   9.40834e-06
15.78   9.32232e-06
15.79   9.23709e-06
15.8   9.15264e-06
15.81   9.06897e-06
15.82   8.98607e-06
15.83   8.90393e-06
15.84   8.82254e-06
15.85   8.7419e-06
15.86   8.662e-06
15.87   8.58283e-06
15.88   8.50439e-06
15.89   8.42667e-06
15.9   8.34967e-06
15.91   8.27337e-06
15.92   8.19777e-06
15.93   8.12287e-06
15.94   8.04865e-06
15.95   7.97511e-06
15.96   7.90225e-06
15.97   7.83006e-06
15.98   7.75853e-06
15.99   7.68766e-06
16   7.61744e-06
16.01   7.54786e-06
16.02   7.47892e-06
16.03   7.41061e-06
16.04   7.34293e-06
16.05   7.27587e-06
16.06   7.20943e-06
16.07   7.14359e-06
16.08   7.07836e-06
16.09   7.01373e-06
16.1   6.94969e-06
16.11   6.88623e-06
16.12   6.82336e-06
16.13   6.76107e-06
16.14   6.69934e-06
16.15   6.63819e-06
16.16   6.57759e-06
16.17   6.51755e-06
16.18   6.45806e-06
16.19   6.39911e-06
16.2   6.34071e-06
16.21   6.28284e-06
16.22   6.2255e-06
16.23   6.16869e-06
16.24   6.11239e-06
16.25   6.05662e-06
16.26   6.00135e-06
16.27   5.94659e-06
16.28   5.89234e-06
16.29   5.83858e-06
16.3   5.78531e-06
16.31   5.73253e-06
16.32   5.68023e-06
16.33   5.62842e-06
16.34   5.57708e-06
16.35   5.5262e-06
16.36   5.4758e-06
16.37   5.42585e-06
16.38   5.37637e-06
16.39   5.32734e-06
16.4   5.27875e-06
16.41   5.23061e-06
16.42   5.18291e-06
16.43   5.13565e-06
16.44   5.08882e-06
16.45   5.04242e-06
16.46   4.99645e-06
16.47   4.9509e-06
16.48   4.90576e-06
16.49   4.86103e-06
16.5   4.81672e-06
16.51   4.77281e-06
16.52   4.7293e-06
16.53   4.6862e-06
16.54   4.64348e-06
16.55   4.60116e-06
16.56   4.55922e-06
16.57   4.51767e-06
16.58   4.4765e-06
16.59   4.4357e-06
16.6   4.39528e-06
16.61   4.35523e-06
16.62   4.31555e-06
16.63   4.27622e-06
16.64   4.23726e-06
16.65   4.19865e-06
16.66   4.1604e-06
16.67   4.1225e-06
16.68   4.08494e-06
16.69   4.04773e-06
16.7   4.01086e-06
16.71   3.97432e-06
16.72   3.93812e-06
16.73   3.90225e-06
16.74   3.86671e-06
16.75   3.83149e-06
16.76   3.7966e-06
16.77   3.76202e-06
16.78   3.72776e-06
16.79   3.69381e-06
16.8   3.66018e-06
16.81   3.62685e-06
16.82   3.59382e-06
16.83   3.5611e-06
16.84   3.52868e-06
16.85   3.49655e-06
16.86   3.46472e-06
16.87   3.43318e-06
16.88   3.40192e-06
16.89   3.37095e-06
16.9   3.34027e-06
16.91   3.30986e-06
16.92   3.27974e-06
16.93   3.24988e-06
16.94   3.2203e-06
16.95   3.19099e-06
16.96   3.16195e-06
16.97   3.13318e-06
16.98   3.10466e-06
16.99   3.07641e-06
17   3.04842e-06
17.01   3.02068e-06
17.02   2.99319e-06
17.03   2.96596e-06
17.04   2.93897e-06
17.05   2.91223e-06
17.06   2.88574e-06
17.07   2.85948e-06
17.08   2.83347e-06
17.09   2.80769e-06
17.1   2.78215e-06
17.11   2.75684e-06
17.12   2.73177e-06
17.13   2.70692e-06
17.14   2.6823e-06
17.15   2.6579e-06
17.16   2.63373e-06
17.17   2.60977e-06
17.18   2.58604e-06
17.19   2.56252e-06
17.2   2.53922e-06
17.21   2.51613e-06
17.22   2.49325e-06
17.23   2.47058e-06
17.24   2.44811e-06
17.25   2.42585e-06
17.26   2.4038e-06
17.27   2.38194e-06
17.28   2.36028e-06
17.29   2.33883e-06
17.3   2.31756e-06
17.31   2.29649e-06
17.32   2.27562e-06
17.33   2.25493e-06
17.34   2.23443e-06
17.35   2.21412e-06
17.36   2.194e-06
17.37   2.17406e-06
17.38   2.1543e-06
17.39   2.13472e-06
17.4   2.11531e-06
17.41   2.09609e-06
17.42   2.07704e-06
17.43   2.05817e-06
17.44   2.03946e-06
17.45   2.02093e-06
17.46   2.00256e-06
17.47   1.98437e-06
17.48   1.96634e-06
17.49   1.94847e-06
17.5   1.93077e-06
17.51   1.91322e-06
17.52   1.89584e-06
17.53   1.87862e-06
17.54   1.86155e-06
17.55   1.84464e-06
17.56   1.82788e-06
17.57   1.81127e-06
17.58   1.79482e-06
17.59   1.77851e-06
17.6   1.76236e-06
17.61   1.74635e-06
17.62   1.73049e-06
17.63   1.71477e-06
17.64   1.69919e-06
17.65   1.68376e-06
17.66   1.66847e-06
17.67   1.65331e-06
17.68   1.6383e-06
17.69   1.62342e-06
17.7   1.60868e-06
17.71   1.59407e-06
17.72   1.57959e-06
17.73   1.56525e-06
17.74   1.55103e-06
17.75   1.53695e-06
17.76   1.52299e-06
17.77   1.50916e-06
17.78   1.49546e-06
17.79   1.48188e-06
17.8   1.46842e-06
17.81   1.45509e-06
17.82   1.44188e-06
17.83   1.42879e-06
17.84   1.41581e-06
17.85   1.40296e-06
17.86   1.39022e-06
17.87   1.3776e-06
17.88   1.36509e-06
17.89   1.3527e-06
17.9   1.34042e-06
17.91   1.32825e-06
17.92   1.31619e-06
17.93   1.30425e-06
17.94   1.29241e-06
17.95   1.28067e-06
17.96   1.26905e-06
17.97   1.25753e-06
17.98   1.24611e-06
17.99   1.2348e-06
18   1.22359e-06
18.01   1.21249e-06
18.02   1.20148e-06
18.03   1.19058e-06
18.04   1.17977e-06
18.05   1.16906e-06
18.06   1.15845e-06
18.07   1.14793e-06
18.08   1.13751e-06
18.09   1.12719e-06
18.1   1.11696e-06
18.11   1.10682e-06
18.12   1.09678e-06
18.13   1.08682e-06
18.14   1.07696e-06
18.15   1.06718e-06
18.16   1.0575e-06
18.17   1.0479e-06
18.18   1.03839e-06
18.19   1.02896e-06
18.2   1.01962e-06
18.21   1.01037e-06
18.22   1.0012e-06
18.23   9.92113e-07
18.24   9.83108e-07
18.25   9.74185e-07
18.26   9.65344e-07
18.27   9.56582e-07
18.28   9.479e-07
18.29   9.39297e-07
18.3   9.30771e-07
18.31   9.22323e-07
18.32   9.13952e-07
18.33   9.05657e-07
18.34   8.97437e-07
18.35   8.89291e-07
18.36   8.81219e-07
18.37   8.73221e-07
18.38   8.65295e-07
18.39   8.5744e-07
18.4   8.49657e-07
18.41   8.41945e-07
18.42   8.34302e-07
18.43   8.26729e-07
18.44   8.19224e-07
18.45   8.11788e-07
18.46   8.04418e-07
18.47   7.97116e-07
18.48   7.8988e-07
18.49   7.82709e-07
18.5   7.75603e-07
18.51   7.68561e-07
18.52   7.61584e-07
18.53   7.54669e-07
18.54   7.47817e-07
18.55   7.41027e-07
18.56   7.34299e-07
18.57   7.27631e-07
18.58   7.21024e-07
18.59   7.14477e-07
18.6   7.07989e-07
18.61   7.01559e-07
18.62   6.95188e-07
18.63   6.88875e-07
18.64   6.82618e-07
18.65   6.76418e-07
18.66   6.70274e-07
18.67   6.64186e-07
18.68   6.58153e-07
18.69   6.52174e-07
18.7   6.4625e-07
18.71   6.40379e-07
18.72   6.34561e-07
18.73   6.28796e-07
18.74   6.23082e-07
18.75   6.17421e-07
18.76   6.1181e-07
18.77   6.0625e-07
18.78   6.00741e-07
18.79   5.95281e-07
18.8   5.89871e-07
18.81   5.84509e-07
18.82   5.79196e-07
18.83   5.73931e-07
18.84   5.68713e-07
18.85   5.63542e-07
18.86   5.58418e-07
18.87   5.53341e-07
18.88   5.48309e-07
18.89   5.43322e-07
18.9   5.38381e-07
18.91   5.33484e-07
18.92   5.28631e-07
18.93   5.23822e-07
18.94   5.19057e-07
18.95   5.14334e-07
18.96   5.09654e-07
18.97   5.05016e-07
18.98   5.0042e-07
18.99   4.95865e-07
19   4.91351e-07
19.01   4.86878e-07
19.02   4.82445e-07
19.03   4.78053e-07
19.04   4.73699e-07
19.05   4.69385e-07
19.06   4.6511e-07
19.07   4.60873e-07
19.08   4.56675e-07
19.09   4.52514e-07
19.1   4.4839e-07
19.11   4.44304e-07
19.12   4.40254e-07
19.13   4.36241e-07
19.14   4.32264e-07
19.15   4.28322e-07
19.16   4.24416e-07
19.17   4.20545e-07
19.18   4.16709e-07
19.19   4.12908e-07
19.2   4.0914e-07
19.21   4.05406e-07
19.22   4.01706e-07
19.23   3.98039e-07
19.24   3.94405e-07
19.25   3.90803e-07
19.26   3.87234e-07
19.27   3.83697e-07
19.28   3.80191e-07
19.29   3.76717e-07
19.3   3.73274e-07
19.31   3.69862e-07
19.32   3.66481e-07
19.33   3.63129e-07
19.34   3.59808e-07
19.35   3.56517e-07
19.36   3.53255e-07
19.37   3.50022e-07
19.38   3.46818e-07
19.39   3.43642e-07
19.4   3.40495e-07
19.41   3.37377e-07
19.42   3.34286e-07
19.43   3.31222e-07
19.44   3.28186e-07
19.45   3.25177e-07
19.46   3.22195e-07
19.47   3.1924e-07
19.48   3.16311e-07
19.49   3.13408e-07
19.5   3.10531e-07
19.51   3.0768e-07
19.52   3.04854e-07
19.53   3.02053e-07
19.54   2.99277e-07
19.55   2.96526e-07
19.56   2.93799e-07
19.57   2.91097e-07
19.58   2.88418e-07
19.59   2.85764e-07
19.6   2.83133e-07
19.61   2.80525e-07
19.62   2.77941e-07
19.63   2.75379e-07
19.64   2.7284e-07
19.65   2.70324e-07
19.66   2.6783e-07
19.67   2.65358e-07
19.68   2.62908e-07
19.69   2.6048e-07
19.7   2.58073e-07
19.71   2.55688e-07
19.72   2.53324e-07
19.73   2.5098e-07
19.74   2.48658e-07
19.75   2.46355e-07
19.76   2.44074e-07
19.77   2.41812e-07
19.78   2.3957e-07
19.79   2.37348e-07
19.8   2.35146e-07
19.81   2.32963e-07
19.82   2.30799e-07
19.83   2.28655e-07
19.84   2.26529e-07
19.85   2.24422e-07
19.86   2.22333e-07
19.87   2.20263e-07
19.88   2.18211e-07
19.89   2.16177e-07
19.9   2.14161e-07
19.91   2.12162e-07
19.92   2.10181e-07
19.93   2.08217e-07
19.94   2.06271e-07
19.95   2.04341e-07
19.96   2.02429e-07
19.97   2.00533e-07
19.98   1.98654e-07
19.99   1.96791e-07
20   1.94944e-07
20.01   1.93114e-07
20.02   1.91299e-07
20.03   1.895e-07
20.04   1.87717e-07
20.05   1.85949e-07
20.06   1.84197e-07
20.07   1.8246e-07
20.08   1.80738e-07
20.09   1.7903e-07
20.1   1.77338e-07
20.11   1.7566e-07
20.12   1.73997e-07
20.13   1.72348e-07
20.14   1.70714e-07
20.15   1.69093e-07
20.16   1.67486e-07
20.17   1.65894e-07
20.18   1.64315e-07
20.19   1.62749e-07
20.2   1.61197e-07
20.21   1.59659e-07
20.22   1.58133e-07
20.23   1.56621e-07
20.24   1.55121e-07
20.25   1.53634e-07
20.26   1.5216e-07
20.27   1.50699e-07
20.28   1.4925e-07
20.29   1.47813e-07
20.3   1.46389e-07
20.31   1.44977e-07
20.32   1.43576e-07
20.33   1.42188e-07
20.34   1.40811e-07
20.35   1.39446e-07
20.36   1.38093e-07
20.37   1.36751e-07
20.38   1.3542e-07
20.39   1.341e-07
20.4   1.32792e-07
20.41   1.31494e-07
20.42   1.30208e-07
20.43   1.28932e-07
20.44   1.27667e-07
20.45   1.26412e-07
20.46   1.25168e-07
20.47   1.23934e-07
20.48   1.22711e-07
20.49   1.21497e-07
20.5   1.20294e-07
20.51   1.19101e-07
20.52   1.17917e-07
20.53   1.16743e-07
20.54   1.15579e-07
20.55   1.14425e-07
20.56   1.1328e-07
20.57   1.12145e-07
20.58   1.11018e-07
20.59   1.09901e-07
20.6   1.08793e-07
20.61   1.07694e-07
20.62   1.06604e-07
20.63   1.05523e-07
20.64   1.04451e-07
20.65   1.03387e-07
20.66   1.02332e-07
20.67   1.01286e-07
20.68   1.00247e-07
20.69   9.92175e-08
20.7   9.81959e-08
20.71   9.71824e-08
20.72   9.61771e-08
20.73   9.51797e-08
20.74   9.41903e-08
20.75   9.32086e-08
20.76   9.22348e-08
20.77   9.12686e-08
20.78   9.031e-08
20.79   8.9359e-08
20.8   8.84153e-08
20.81   8.74791e-08
20.82   8.65502e-08
20.83   8.56284e-08
20.84   8.47138e-08
20.85   8.38063e-08
20.86   8.29058e-08
20.87   8.20122e-08
20.88   8.11254e-08
20.89   8.02454e-08
20.9   7.93722e-08
20.91   7.85055e-08
20.92   7.76455e-08
20.93   7.67919e-08
20.94   7.59447e-08
20.95   7.51039e-08
20.96   7.42695e-08
20.97   7.34412e-08
20.98   7.26191e-08
20.99   7.1803e-08
21   7.0993e-08
21.01   7.0189e-08
21.02   6.93909e-08
21.03   6.85985e-08
21.04   6.7812e-08
21.05   6.70311e-08
21.06   6.62559e-08
21.07   6.54863e-08
21.08   6.47222e-08
21.09   6.39635e-08
21.1   6.32103e-08
21.11   6.24624e-08
21.12   6.17197e-08
21.13   6.09823e-08
21.14   6.025e-08
21.15   5.95228e-08
21.16   5.88006e-08
21.17   5.80834e-08
21.18   5.73712e-08
21.19   5.66638e-08
21.2   5.59612e-08
21.21   5.52634e-08
21.22   5.45703e-08
21.23   5.38818e-08
21.24   5.31979e-08
21.25   5.25185e-08
21.26   5.18436e-08
21.27   5.11731e-08
21.28   5.0507e-08
21.29   4.98453e-08
21.3   4.91877e-08
21.31   4.85344e-08
21.32   4.78853e-08
21.33   4.72402e-08
21.34   4.65993e-08
21.35   4.59623e-08
21.36   4.53293e-08
21.37   4.47001e-08
21.38   4.40749e-08
21.39   4.34534e-08
21.4   4.28357e-08
21.41   4.22217e-08
21.42   4.16114e-08
21.43   4.10047e-08
21.44   4.04015e-08
21.45   3.98019e-08
21.46   3.92057e-08
21.47   3.8613e-08
21.48   3.80236e-08
21.49   3.74375e-08
21.5   3.68548e-08
21.51   3.62752e-08
21.52   3.56989e-08
21.53   3.51257e-08
21.54   3.45556e-08
21.55   3.39885e-08
21.56   3.34245e-08
21.57   3.28634e-08
21.58   3.23053e-08
21.59   3.175e-08
21.6   3.11976e-08
21.61   3.06479e-08
21.62   3.0101e-08
21.63   2.95568e-08
21.64   2.90153e-08
21.65   2.84764e-08
21.66   2.79401e-08
21.67   2.74063e-08
21.68   2.6875e-08
21.69   2.63461e-08
21.7   2.58197e-08
21.71   2.52956e-08
21.72   2.47739e-08
21.73   2.42545e-08
21.74   2.37373e-08
21.75   2.32223e-08
21.76   2.27095e-08
21.77   2.21988e-08
21.78   2.16902e-08
21.79   2.11837e-08
21.8   2.06792e-08
21.81   2.01767e-08
21.82   1.9676e-08
21.83   1.91773e-08
21.84   1.86805e-08
21.85   1.81854e-08
21.86   1.76922e-08
21.87   1.72007e-08
21.88   1.67109e-08
21.89   1.62228e-08
21.9   1.57363e-08
21.91   1.52513e-08
21.92   1.4768e-08
21.93   1.42862e-08
21.94   1.38058e-08
21.95   1.33269e-08
21.96   1.28494e-08
21.97   1.23733e-08
21.98   1.18985e-08
21.99   1.14251e-08
22   1.09529e-08
22.01   1.04819e-08
22.02   1.00121e-08
