0.03   0.00172385
0.04   0.00201644
0.05   0.00239559
0.06   0.00280894
0.07   0.00323831
0.08   0.0036761
0.09   0.00411865
0.1   0.00456402
0.11   0.00501111
0.12   0.00545925
0.13   0.005908
0.14   0.00635707
0.15   0.00680625
0.16   0.00725539
0.17   0.00770437
0.18   0.00815311
0.19   0.00860153
0.2   0.00904956
0.21   0.00949716
0.22   0.00994426
0.23   0.0103908
0.24   0.0108368
0.25   0.0112822
0.26   0.011727
0.27   0.012171
0.28   0.0126144
0.29   0.013057
0.3   0.0134988
0.31   0.0139399
0.32   0.0143801
0.33   0.0148194
0.34   0.0152579
0.35   0.0156954
0.36   0.0161319
0.37   0.0165675
0.38   0.0170021
0.39   0.0174357
0.4   0.0178682
0.41   0.0182996
0.42   0.0187299
0.43   0.0191591
0.44   0.0195871
0.45   0.0200139
0.46   0.0204395
0.47   0.0208638
0.48   0.0212869
0.49   0.0217087
0.5   0.0221292
0.51   0.0225483
0.52   0.022966
0.53   0.0233824
0.54   0.0237973
0.55   0.0242108
0.56   0.0246228
0.57   0.0250333
0.58   0.0254423
0.59   0.0258497
0.6   0.0262555
0.61   0.0266598
0.62   0.0270625
0.63   0.0274635
0.64   0.0278628
0.65   0.0282604
0.66   0.0286564
0.67   0.0290505
0.68   0.029443
0.69   0.0298336
0.7   0.0302224
0.71   0.0306094
0.72   0.0309945
0.73   0.0313778
0.74   0.0317592
0.75   0.0321386
0.76   0.0325161
0.77   0.0328916
0.78   0.0332651
0.79   0.0336366
0.8   0.0340061
0.81   0.0343735
0.82   0.0347389
0.83   0.0351021
0.84   0.0354632
0.85   0.0358222
0.86   0.036179
0.87   0.0365337
0.88   0.0368861
0.89   0.0372363
0.9   0.0375843
0.91   0.03793
0.92   0.0382734
0.93   0.0386145
0.94   0.0389533
0.95   0.0392897
0.96   0.0396238
0.97   0.0399555
0.98   0.0402848
0.99   0.0406117
1   0.0409361
1.01   0.0412581
1.02   0.0415776
1.03   0.0418946
1.04   0.0422091
1.05   0.0425211
1.06   0.0428305
1.07   0.0431374
1.08   0.0434417
1.09   0.0437433
1.1   0.0440424
1.11   0.0443389
1.12   0.0446327
1.13   0.0449238
1.14   0.0452123
1.15   0.045498
1.16   0.0457811
1.17   0.0460614
1.18   0.046339
1.19   0.0466138
1.2   0.0468858
1.21   0.0471551
1.22   0.0474216
1.23   0.0476852
1.24   0.047946
1.25   0.048204
1.26   0.0484592
1.27   0.0487114
1.28   0.0489608
1.29   0.0492073
1.3   0.0494508
1.31   0.0496915
1.32   0.0499292
1.33   0.050164
1.34   0.0503958
1.35   0.0506246
1.36   0.0508505
1.37   0.0510733
1.38   0.0512932
1.39   0.05151
1.4   0.0517239
1.41   0.0519347
1.42   0.0521424
1.43   0.0523471
1.44   0.0525487
1.45   0.0527473
1.46   0.0529427
1.47   0.0531351
1.48   0.0533244
1.49   0.0535105
1.5   0.0536936
1.51   0.0538735
1.52   0.0540502
1.53   0.0542239
1.54   0.0543943
1.55   0.0545617
1.56   0.0547258
1.57   0.0548868
1.58   0.0550446
1.59   0.0551992
1.6   0.0553506
1.61   0.0554988
1.62   0.0556439
1.63   0.0557857
1.64   0.0559242
1.65   0.0560596
1.66   0.0561918
1.67   0.0563207
1.68   0.0564464
1.69   0.0565688
1.7   0.056688
1.71   0.0568039
1.72   0.0569166
1.73   0.0570261
1.74   0.0571323
1.75   0.0572352
1.76   0.0573349
1.77   0.0574313
1.78   0.0575244
1.79   0.0576143
1.8   0.0577009
1.81   0.0577842
1.82   0.0578643
1.83   0.0579411
1.84   0.0580146
1.85   0.0580848
1.86   0.0581518
1.87   0.0582155
1.88   0.0582759
1.89   0.058333
1.9   0.0583869
1.91   0.0584374
1.92   0.0584848
1.93   0.0585288
1.94   0.0585696
1.95   0.0586071
1.96   0.0586413
1.97   0.0586723
1.98   0.0587
1.99   0.0587244
2   0.0587456
2.01   0.0587636
2.02   0.0587782
2.03   0.0587897
2.04   0.0587979
2.05   0.0588028
2.06   0.0588046
2.07   0.0588031
2.08   0.0587983
2.09   0.0587904
2.1   0.0587792
2.11   0.0587648
2.12   0.0587473
2.13   0.0587265
2.14   0.0587025
2.15   0.0586754
2.16   0.058645
2.17   0.0586115
2.18   0.0585748
2.19   0.058535
2.2   0.058492
2.21   0.0584458
2.22   0.0583966
2.23   0.0583441
2.24   0.0582886
2.25   0.05823
2.26   0.0581682
2.27   0.0581034
2.28   0.0580354
2.29   0.0579644
2.3   0.0578903
2.31   0.0578132
2.32   0.057733
2.33   0.0576498
2.34   0.0575635
2.35   0.0574742
2.36   0.057382
2.37   0.0572867
2.38   0.0571884
2.39   0.0570872
2.4   0.0569829
2.41   0.0568758
2.42   0.0567657
2.43   0.0566526
2.44   0.0565367
2.45   0.0564178
2.46   0.0562961
2.47   0.0561715
2.48   0.056044
2.49   0.0559136
2.5   0.0557804
2.51   0.0556444
2.52   0.0555056
2.53   0.055364
2.54   0.0552196
2.55   0.0550724
2.56   0.0549225
2.57   0.0547698
2.58   0.0546144
2.59   0.0544562
2.6   0.0542954
2.61   0.0541319
2.62   0.0539658
2.63   0.053797
2.64   0.0536255
2.65   0.0534514
2.66   0.0532748
2.67   0.0530955
2.68   0.0529137
2.69   0.0527293
2.7   0.0525424
2.71   0.0523529
2.72   0.052161
2.73   0.0519665
2.74   0.0517696
2.75   0.0515703
2.76   0.0513685
2.77   0.0511643
2.78   0.0509577
2.79   0.0507487
2.8   0.0505374
2.81   0.0503237
2.82   0.0501077
2.83   0.0498894
2.84   0.0496688
2.85   0.049446
2.86   0.0492208
2.87   0.0489935
2.88   0.0487639
2.89   0.0485322
2.9   0.0482983
2.91   0.0480622
2.92   0.047824
2.93   0.0475837
2.94   0.0473413
2.95   0.0470969
2.96   0.0468504
2.97   0.0466018
2.98   0.0463513
2.99   0.0460987
3   0.0458442
3.01   0.0455878
3.02   0.0453294
3.03   0.0450691
3.04   0.0448069
3.05   0.0445429
3.06   0.044277
3.07   0.0440093
3.08   0.0437399
3.09   0.0434686
3.1   0.0431956
3.11   0.0429208
3.12   0.0426444
3.13   0.0423663
3.14   0.0420865
3.15   0.041805
3.16   0.041522
3.17   0.0412373
3.18   0.0409511
3.19   0.0406633
3.2   0.040374
3.21   0.0400832
3.22   0.0397909
3.23   0.0394971
3.24   0.0392019
3.25   0.0389053
3.26   0.0386073
3.27   0.0383079
3.28   0.0380072
3.29   0.0377052
3.3   0.0374018
3.31   0.0370972
3.32   0.0367914
3.33   0.0364843
3.34   0.036176
3.35   0.0358666
3.36   0.035556
3.37   0.0352442
3.38   0.0349313
3.39   0.0346174
3.4   0.0343024
3.41   0.0339864
3.42   0.0336693
3.43   0.0333513
3.44   0.0330323
3.45   0.0327124
3.46   0.0323915
3.47   0.0320698
3.48   0.0317472
3.49   0.0314237
3.5   0.0310994
3.51   0.0307744
3.52   0.0304485
3.53   0.030122
3.54   0.0297947
3.55   0.0294667
3.56   0.029138
3.57   0.0288087
3.58   0.0284787
3.59   0.0281482
3.6   0.0278171
3.61   0.0274854
3.62   0.0271532
3.63   0.0268205
3.64   0.0264873
3.65   0.0261537
3.66   0.0258196
3.67   0.0254852
3.68   0.0251503
3.69   0.0248151
3.7   0.0244796
3.71   0.0241437
3.72   0.0238076
3.73   0.0234712
3.74   0.0231346
3.75   0.0227978
3.76   0.0224607
3.77   0.0221236
3.78   0.0217862
3.79   0.0214488
3.8   0.0211113
3.81   0.0207737
3.82   0.020436
3.83   0.0200984
3.84   0.0197607
3.85   0.0194231
3.86   0.0190855
3.87   0.018748
3.88   0.0184106
3.89   0.0180733
3.9   0.0177362
3.91   0.0173992
3.92   0.0170625
3.93   0.0167259
3.94   0.0163896
3.95   0.0160535
3.96   0.0157178
3.97   0.0153823
3.98   0.0150472
3.99   0.0147124
4   0.014378
4.01   0.014044
4.02   0.0137105
4.03   0.0133773
4.04   0.0130447
4.05   0.0127125
4.06   0.0123809
4.07   0.0120498
4.08   0.0117192
4.09   0.0113892
4.1   0.0110598
4.11   0.0107311
4.12   0.010403
4.13   0.0100755
4.14   0.00974876
4.15   0.00942272
4.16   0.0090974
4.17   0.00877284
4.18   0.00844905
4.19   0.00812605
4.2   0.00780388
4.21   0.00748253
4.22   0.00716205
4.23   0.00684244
4.24   0.00652374
4.25   0.00620595
4.26   0.0058891
4.27   0.00557321
4.28   0.0052583
4.29   0.00494439
4.3   0.0046315
4.31   0.00431964
4.32   0.00400885
4.33   0.00369913
4.34   0.00339051
4.35   0.00308301
4.36   0.00277664
4.37   0.00247143
4.38   0.00216739
4.39   0.00186454
4.4   0.0015629
4.41   0.00126249
4.42   0.000963328
4.43   0.000665429
4.44   0.000368812
4.45   7.34947e-05
4.46   -0.000220505
4.47   -0.000513169
4.48   -0.00080448
4.49   -0.00109442
4.5   -0.00138298
4.51   -0.00167013
4.52   -0.00195586
4.53   -0.00224016
4.54   -0.002523
4.55   -0.00280437
4.56   -0.00308426
4.57   -0.00336265
4.58   -0.00363952
4.59   -0.00391486
4.6   -0.00418865
4.61   -0.00446088
4.62   -0.00473153
4.63   -0.00500059
4.64   -0.00526804
4.65   -0.00553387
4.66   -0.00579806
4.67   -0.00606061
4.68   -0.00632148
4.69   -0.00658068
4.7   -0.00683819
4.71   -0.007094
4.72   -0.00734808
4.73   -0.00760044
4.74   -0.00785105
4.75   -0.0080999
4.76   -0.00834698
4.77   -0.00859228
4.78   -0.00883579
4.79   -0.00907749
4.8   -0.00931737
4.81   -0.00955543
4.82   -0.00979164
4.83   -0.010026
4.84   -0.0102585
4.85   -0.0104891
4.86   -0.0107179
4.87   -0.0109447
4.88   -0.0111697
4.89   -0.0113927
4.9   -0.0116138
4.91   -0.0118329
4.92   -0.0120502
4.93   -0.0122654
4.94   -0.0124787
4.95   -0.0126901
4.96   -0.0128994
4.97   -0.0131068
4.98   -0.0133122
4.99   -0.0135155
5   -0.0137169
5.01   -0.0139162
5.02   -0.0141135
5.03   -0.0143088
5.04   -0.014502
5.05   -0.0146932
5.06   -0.0148823
5.07   -0.0150694
5.08   -0.0152544
5.09   -0.0154373
5.1   -0.0156182
5.11   -0.0157969
5.12   -0.0159736
5.13   -0.0161482
5.14   -0.0163207
5.15   -0.016491
5.16   -0.0166593
5.17   -0.0168254
5.18   -0.0169895
5.19   -0.0171514
5.2   -0.0173112
5.21   -0.0174688
5.22   -0.0176244
5.23   -0.0177778
5.24   -0.017929
5.25   -0.0180781
5.26   -0.0182251
5.27   -0.0183699
5.28   -0.0185126
5.29   -0.0186531
5.3   -0.0187915
5.31   -0.0189278
5.32   -0.0190618
5.33   -0.0191938
5.34   -0.0193235
5.35   -0.0194512
5.36   -0.0195766
5.37   -0.0196999
5.38   -0.0198211
5.39   -0.0199401
5.4   -0.020057
5.41   -0.0201717
5.42   -0.0202842
5.43   -0.0203946
5.44   -0.0205029
5.45   -0.020609
5.46   -0.0207129
5.47   -0.0208148
5.48   -0.0209144
5.49   -0.021012
5.5   -0.0211074
5.51   -0.0212007
5.52   -0.0212918
5.53   -0.0213808
5.54   -0.0214677
5.55   -0.0215525
5.56   -0.0216352
5.57   -0.0217158
5.58   -0.0217942
5.59   -0.0218706
5.6   -0.0219448
5.61   -0.022017
5.62   -0.0220871
5.63   -0.0221551
5.64   -0.022221
5.65   -0.0222849
5.66   -0.0223466
5.67   -0.0224064
5.68   -0.0224641
5.69   -0.0225197
5.7   -0.0225733
5.71   -0.0226249
5.72   -0.0226745
5.73   -0.022722
5.74   -0.0227675
5.75   -0.0228111
5.76   -0.0228526
5.77   -0.0228922
5.78   -0.0229297
5.79   -0.0229653
5.8   -0.022999
5.81   -0.0230307
5.82   -0.0230605
5.83   -0.0230883
5.84   -0.0231142
5.85   -0.0231382
5.86   -0.0231603
5.87   -0.0231805
5.88   -0.0231988
5.89   -0.0232153
5.9   -0.0232299
5.91   -0.0232426
5.92   -0.0232535
5.93   -0.0232626
5.94   -0.0232698
5.95   -0.0232753
5.96   -0.0232789
5.97   -0.0232808
5.98   -0.0232809
5.99   -0.0232792
6   -0.0232758
6.01   -0.0232706
6.02   -0.0232638
6.03   -0.0232552
6.04   -0.0232449
6.05   -0.0232329
6.06   -0.0232192
6.07   -0.0232039
6.08   -0.023187
6.09   -0.0231684
6.1   -0.0231482
6.11   -0.0231264
6.12   -0.023103
6.13   -0.023078
6.14   -0.0230514
6.15   -0.0230233
6.16   -0.0229937
6.17   -0.0229625
6.18   -0.0229299
6.19   -0.0228957
6.2   -0.0228601
6.21   -0.022823
6.22   -0.0227844
6.23   -0.0227444
6.24   -0.022703
6.25   -0.0226602
6.26   -0.022616
6.27   -0.0225704
6.28   -0.0225235
6.29   -0.0224753
6.3   -0.0224257
6.31   -0.0223748
6.32   -0.0223226
6.33   -0.0222691
6.34   -0.0222143
6.35   -0.0221583
6.36   -0.0221011
6.37   -0.0220427
6.38   -0.0219831
6.39   -0.0219222
6.4   -0.0218603
6.41   -0.0217971
6.42   -0.0217329
6.43   -0.0216675
6.44   -0.021601
6.45   -0.0215334
6.46   -0.0214648
6.47   -0.0213951
6.48   -0.0213244
6.49   -0.0212527
6.5   -0.02118
6.51   -0.0211063
6.52   -0.0210316
6.53   -0.0209559
6.54   -0.0208794
6.55   -0.0208019
6.56   -0.0207235
6.57   -0.0206443
6.58   -0.0205642
6.59   -0.0204832
6.6   -0.0204014
6.61   -0.0203188
6.62   -0.0202354
6.63   -0.0201512
6.64   -0.0200662
6.65   -0.0199805
6.66   -0.0198941
6.67   -0.0198069
6.68   -0.0197191
6.69   -0.0196305
6.7   -0.0195414
6.71   -0.0194515
6.72   -0.0193611
6.73   -0.01927
6.74   -0.0191783
6.75   -0.0190861
6.76   -0.0189932
6.77   -0.0188999
6.78   -0.018806
6.79   -0.0187116
6.8   -0.0186167
6.81   -0.0185213
6.82   -0.0184254
6.83   -0.0183291
6.84   -0.0182324
6.85   -0.0181352
6.86   -0.0180377
6.87   -0.0179397
6.88   -0.0178414
6.89   -0.0177427
6.9   -0.0176437
6.91   -0.0175444
6.92   -0.0174448
6.93   -0.0173448
6.94   -0.0172446
6.95   -0.0171441
6.96   -0.0170434
6.97   -0.0169424
6.98   -0.0168413
6.99   -0.0167399
7   -0.0166383
7.01   -0.0165366
7.02   -0.0164347
7.03   -0.0163326
7.04   -0.0162304
7.05   -0.0161281
7.06   -0.0160257
7.07   -0.0159232
7.08   -0.0158206
7.09   -0.015718
7.1   -0.0156153
7.11   -0.0155125
7.12   -0.0154098
7.13   -0.015307
7.14   -0.0152042
7.15   -0.0151014
7.16   -0.0149987
7.17   -0.014896
7.18   -0.0147934
7.19   -0.0146908
7.2   -0.0145883
7.21   -0.0144858
7.22   -0.0143835
7.23   -0.0142813
7.24   -0.0141792
7.25   -0.0140772
7.26   -0.0139754
7.27   -0.0138737
7.28   -0.0137722
7.29   -0.0136708
7.3   -0.0135697
7.31   -0.0134687
7.32   -0.0133679
7.33   -0.0132674
7.34   -0.0131671
7.35   -0.013067
7.36   -0.0129671
7.37   -0.0128675
7.38   -0.0127682
7.39   -0.0126691
7.4   -0.0125703
7.41   -0.0124718
7.42   -0.0123736
7.43   -0.0122757
7.44   -0.0121781
7.45   -0.0120808
7.46   -0.0119839
7.47   -0.0118873
7.48   -0.011791
7.49   -0.0116951
7.5   -0.0115995
7.51   -0.0115043
7.52   -0.0114095
7.53   -0.011315
7.54   -0.0112209
7.55   -0.0111273
7.56   -0.011034
7.57   -0.0109411
7.58   -0.0108486
7.59   -0.0107565
7.6   -0.0106649
7.61   -0.0105736
7.62   -0.0104828
7.63   -0.0103925
7.64   -0.0103026
7.65   -0.0102131
7.66   -0.010124
7.67   -0.0100354
7.68   -0.00994731
7.69   -0.00985964
7.7   -0.00977244
7.71   -0.0096857
7.72   -0.00959944
7.73   -0.00951365
7.74   -0.00942833
7.75   -0.00934351
7.76   -0.00925916
7.77   -0.00917531
7.78   -0.00909194
7.79   -0.00900907
7.8   -0.0089267
7.81   -0.00884482
7.82   -0.00876344
7.83   -0.00868257
7.84   -0.00860221
7.85   -0.00852235
7.86   -0.008443
7.87   -0.00836416
7.88   -0.00828583
7.89   -0.00820801
7.9   -0.00813071
7.91   -0.00805393
7.92   -0.00797766
7.93   -0.00790192
7.94   -0.00782669
7.95   -0.00775198
7.96   -0.00767779
7.97   -0.00760412
7.98   -0.00753098
7.99   -0.00745835
8   -0.00738625
8.01   -0.00731467
8.02   -0.00724362
8.03   -0.00717308
8.04   -0.00710307
8.05   -0.00703358
8.06   -0.00696461
8.07   -0.00689616
8.08   -0.00682824
8.09   -0.00676083
8.1   -0.00669394
8.11   -0.00662757
8.12   -0.00656172
8.13   -0.00649639
8.14   -0.00643158
8.15   -0.00636727
8.16   -0.00630349
8.17   -0.00624021
8.18   -0.00617745
8.19   -0.0061152
8.2   -0.00605345
8.21   -0.00599222
8.22   -0.00593149
8.23   -0.00587126
8.24   -0.00581154
8.25   -0.00575232
8.26   -0.0056936
8.27   -0.00563537
8.28   -0.00557764
8.29   -0.00552041
8.3   -0.00546367
8.31   -0.00540741
8.32   -0.00535165
8.33   -0.00529637
8.34   -0.00524157
8.35   -0.00518726
8.36   -0.00513343
8.37   -0.00508007
8.38   -0.00502719
8.39   -0.00497478
8.4   -0.00492284
8.41   -0.00487136
8.42   -0.00482036
8.43   -0.00476981
8.44   -0.00471973
8.45   -0.0046701
8.46   -0.00462093
8.47   -0.00457222
8.48   -0.00452395
8.49   -0.00447613
8.5   -0.00442876
8.51   -0.00438182
8.52   -0.00433533
8.53   -0.00428927
8.54   -0.00424365
8.55   -0.00419846
8.56   -0.0041537
8.57   -0.00410936
8.58   -0.00406545
8.59   -0.00402196
8.6   -0.00397889
8.61   -0.00393623
8.62   -0.00389398
8.63   -0.00385214
8.64   -0.00381071
8.65   -0.00376968
8.66   -0.00372905
8.67   -0.00368882
8.68   -0.00364898
8.69   -0.00360954
8.7   -0.00357048
8.71   -0.00353181
8.72   -0.00349352
8.73   -0.00345562
8.74   -0.00341809
8.75   -0.00338094
8.76   -0.00334415
8.77   -0.00330774
8.78   -0.00327169
8.79   -0.00323601
8.8   -0.00320068
8.81   -0.00316572
8.82   -0.0031311
8.83   -0.00309684
8.84   -0.00306293
8.85   -0.00302936
8.86   -0.00299614
8.87   -0.00296325
8.88   -0.00293071
8.89   -0.0028985
8.9   -0.00286661
8.91   -0.00283506
8.92   -0.00280384
8.93   -0.00277293
8.94   -0.00274235
8.95   -0.00271209
8.96   -0.00268213
8.97   -0.0026525
8.98   -0.00262317
8.99   -0.00259414
9   -0.00256543
9.01   -0.00253701
9.02   -0.00250889
9.03   -0.00248106
9.04   -0.00245353
9.05   -0.00242629
9.06   -0.00239934
9.07   -0.00237267
9.08   -0.00234629
9.09   -0.00232018
9.1   -0.00229436
9.11   -0.0022688
9.12   -0.00224352
9.13   -0.00221851
9.14   -0.00219376
9.15   -0.00216928
9.16   -0.00214507
9.17   -0.00212111
9.18   -0.00209741
9.19   -0.00207396
9.2   -0.00205076
9.21   -0.00202782
9.22   -0.00200512
9.23   -0.00198267
9.24   -0.00196046
9.25   -0.00193849
9.26   -0.00191675
9.27   -0.00189526
9.28   -0.00187399
9.29   -0.00185296
9.3   -0.00183215
9.31   -0.00181157
9.32   -0.00179122
9.33   -0.00177109
9.34   -0.00175117
9.35   -0.00173148
9.36   -0.001712
9.37   -0.00169273
9.38   -0.00167367
9.39   -0.00165482
9.4   -0.00163618
9.41   -0.00161775
9.42   -0.00159951
9.43   -0.00158148
9.44   -0.00156364
9.45   -0.001546
9.46   -0.00152856
9.47   -0.0015113
9.48   -0.00149424
9.49   -0.00147737
9.5   -0.00146068
9.51   -0.00144418
9.52   -0.00142786
9.53   -0.00141172
9.54   -0.00139575
9.55   -0.00137997
9.56   -0.00136436
9.57   -0.00134892
9.58   -0.00133366
9.59   -0.00131856
9.6   -0.00130364
9.61   -0.00128888
9.62   -0.00127428
9.63   -0.00125984
9.64   -0.00124557
9.65   -0.00123146
9.66   -0.0012175
9.67   -0.0012037
9.68   -0.00119005
9.69   -0.00117656
9.7   -0.00116321
9.71   -0.00115002
9.72   -0.00113697
9.73   -0.00112407
9.74   -0.00111131
9.75   -0.0010987
9.76   -0.00108623
9.77   -0.00107389
9.78   -0.0010617
9.79   -0.00104964
9.8   -0.00103772
9.81   -0.00102593
9.82   -0.00101428
9.83   -0.00100275
9.84   -0.000991359
9.85   -0.000980093
9.86   -0.000968953
9.87   -0.000957939
9.88   -0.000947048
9.89   -0.000936281
9.9   -0.000925634
9.91   -0.000915108
9.92   -0.000904701
9.93   -0.00089441
9.94   -0.000884236
9.95   -0.000874177
9.96   -0.000864232
9.97   -0.000854399
9.98   -0.000844676
9.99   -0.000835064
10   -0.000825561
10.01   -0.000816165
10.02   -0.000806875
10.03   -0.00079769
10.04   -0.000788609
10.05   -0.000779631
10.06   -0.000770755
10.07   -0.000761979
10.08   -0.000753303
10.09   -0.000744725
10.1   -0.000736244
10.11   -0.00072786
10.12   -0.00071957
10.13   -0.000711375
10.14   -0.000703272
10.15   -0.000695261
10.16   -0.000687342
10.17   -0.000679512
10.18   -0.000671771
10.19   -0.000664118
10.2   -0.000656552
10.21   -0.000649072
10.22   -0.000641676
10.23   -0.000634365
10.24   -0.000627137
10.25   -0.000619991
10.26   -0.000612927
10.27   -0.000605943
10.28   -0.000599038
10.29   -0.000592211
10.3   -0.000585463
10.31   -0.000578791
10.32   -0.000572195
10.33   -0.000565674
10.34   -0.000559228
10.35   -0.000552854
10.36   -0.000546554
10.37   -0.000540325
10.38   -0.000534167
10.39   -0.000528079
10.4   -0.00052206
10.41   -0.00051611
10.42   -0.000510228
10.43   -0.000504413
10.44   -0.000498664
10.45   -0.000492981
10.46   -0.000487363
10.47   -0.000481808
10.48   -0.000476317
10.49   -0.000470888
10.5   -0.000465522
10.51   -0.000460216
10.52   -0.000454971
10.53   -0.000449786
10.54   -0.00044466
10.55   -0.000439593
10.56   -0.000434583
10.57   -0.000429631
10.58   -0.000424735
10.59   -0.000419895
10.6   -0.00041511
10.61   -0.000410379
10.62   -0.000405703
10.63   -0.00040108
10.64   -0.00039651
10.65   -0.000391992
10.66   -0.000387526
10.67   -0.00038311
10.68   -0.000378745
10.69   -0.00037443
10.7   -0.000370164
10.71   -0.000365947
10.72   -0.000361778
10.73   -0.000357656
10.74   -0.000353582
10.75   -0.000349554
10.76   -0.000345572
10.77   -0.000341636
10.78   -0.000337744
10.79   -0.000333897
10.8   -0.000330094
10.81   -0.000326335
10.82   -0.000322618
10.83   -0.000318944
10.84   -0.000315311
10.85   -0.000311721
10.86   -0.000308171
10.87   -0.000304662
10.88   -0.000301193
10.89   -0.000297763
10.9   -0.000294373
10.91   -0.000291021
10.92   -0.000287708
10.93   -0.000284432
10.94   -0.000281194
10.95   -0.000277993
10.96   -0.000274829
10.97   -0.0002717
10.98   -0.000268608
10.99   -0.000265551
11   -0.000262528
11.01   -0.00025954
11.02   -0.000256587
11.03   -0.000253667
11.04   -0.00025078
11.05   -0.000247927
11.06   -0.000245106
11.07   -0.000242317
11.08   -0.00023956
11.09   -0.000236834
11.1   -0.00023414
11.11   -0.000231477
11.12   -0.000228843
11.13   -0.00022624
11.14   -0.000223667
11.15   -0.000221123
11.16   -0.000218608
11.17   -0.000216122
11.18   -0.000213664
11.19   -0.000211235
11.2   -0.000208833
11.21   -0.000206458
11.22   -0.000204111
11.23   -0.00020179
11.24   -0.000199496
11.25   -0.000197228
11.26   -0.000194986
11.27   -0.00019277
11.28   -0.000190579
11.29   -0.000188413
11.3   -0.000186272
11.31   -0.000184155
11.32   -0.000182062
11.33   -0.000179993
11.34   -0.000177948
11.35   -0.000175926
11.36   -0.000173927
11.37   -0.000171951
11.38   -0.000169998
11.39   -0.000168067
11.4   -0.000166158
11.41   -0.00016427
11.42   -0.000162405
11.43   -0.00016056
11.44   -0.000158737
11.45   -0.000156934
11.46   -0.000155152
11.47   -0.00015339
11.48   -0.000151649
11.49   -0.000149927
11.5   -0.000148225
11.51   -0.000146542
11.52   -0.000144879
11.53   -0.000143234
11.54   -0.000141609
11.55   -0.000140001
11.56   -0.000138413
11.57   -0.000136842
11.58   -0.000135289
11.59   -0.000133754
11.6   -0.000132236
11.61   -0.000130736
11.62   -0.000129253
11.63   -0.000127787
11.64   -0.000126337
11.65   -0.000124904
11.66   -0.000123487
11.67   -0.000122087
11.68   -0.000120702
11.69   -0.000119333
11.7   -0.00011798
11.71   -0.000116642
11.72   -0.00011532
11.73   -0.000114012
11.74   -0.00011272
11.75   -0.000111442
11.76   -0.000110179
11.77   -0.00010893
11.78   -0.000107695
11.79   -0.000106474
11.8   -0.000105268
11.81   -0.000104075
11.82   -0.000102896
11.83   -0.00010173
11.84   -0.000100577
11.85   -9.94375e-05
11.86   -9.8311e-05
11.87   -9.71973e-05
11.88   -9.60963e-05
11.89   -9.50078e-05
11.9   -9.39317e-05
11.91   -9.28679e-05
11.92   -9.18161e-05
11.93   -9.07764e-05
11.94   -8.97485e-05
11.95   -8.87323e-05
11.96   -8.77276e-05
11.97   -8.67344e-05
11.98   -8.57525e-05
11.99   -8.47818e-05
12   -8.38221e-05
12.01   -8.28733e-05
12.02   -8.19354e-05
12.03   -8.10081e-05
12.04   -8.00913e-05
12.05   -7.9185e-05
12.06   -7.8289e-05
12.07   -7.74032e-05
12.08   -7.65274e-05
12.09   -7.56616e-05
12.1   -7.48057e-05
12.11   -7.39595e-05
12.12   -7.31229e-05
12.13   -7.22958e-05
12.14   -7.14782e-05
12.15   -7.06698e-05
12.16   -6.98706e-05
12.17   -6.90805e-05
12.18   -6.82994e-05
12.19   -6.75272e-05
12.2   -6.67637e-05
12.21   -6.6009e-05
12.22   -6.52628e-05
12.23   -6.4525e-05
12.24   -6.37957e-05
12.25   -6.30747e-05
12.26   -6.23618e-05
12.27   -6.1657e-05
12.28   -6.09603e-05
12.29   -6.02715e-05
12.3   -5.95904e-05
12.31   -5.89172e-05
12.32   -5.82515e-05
12.33   -5.75935e-05
12.34   -5.69429e-05
12.35   -5.62996e-05
12.36   -5.56637e-05
12.37   -5.50351e-05
12.38   -5.44135e-05
12.39   -5.3799e-05
12.4   -5.31915e-05
12.41   -5.25909e-05
12.42   -5.19971e-05
12.43   -5.141e-05
12.44   -5.08296e-05
12.45   -5.02558e-05
12.46   -4.96885e-05
12.47   -4.91276e-05
12.48   -4.85731e-05
12.49   -4.80249e-05
12.5   -4.74829e-05
12.51   -4.69471e-05
12.52   -4.64173e-05
12.53   -4.58936e-05
12.54   -4.53758e-05
12.55   -4.48638e-05
12.56   -4.43577e-05
12.57   -4.38573e-05
12.58   -4.33626e-05
12.59   -4.28734e-05
12.6   -4.23899e-05
12.61   -4.19118e-05
12.62   -4.14391e-05
12.63   -4.09718e-05
12.64   -4.05098e-05
12.65   -4.0053e-05
12.66   -3.96014e-05
12.67   -3.9155e-05
12.68   -3.87135e-05
12.69   -3.82771e-05
12.7   -3.78457e-05
12.71   -3.74191e-05
12.72   -3.69973e-05
12.73   -3.65803e-05
12.74   -3.61681e-05
12.75   -3.57605e-05
12.76   -3.53576e-05
12.77   -3.49592e-05
12.78   -3.45653e-05
12.79   -3.41758e-05
12.8   -3.37908e-05
12.81   -3.34102e-05
12.82   -3.30338e-05
12.83   -3.26617e-05
12.84   -3.22939e-05
12.85   -3.19302e-05
12.86   -3.15706e-05
12.87   -3.1215e-05
12.88   -3.08635e-05
12.89   -3.0516e-05
12.9   -3.01724e-05
12.91   -2.98327e-05
12.92   -2.94969e-05
12.93   -2.91648e-05
12.94   -2.88365e-05
12.95   -2.85119e-05
12.96   -2.8191e-05
12.97   -2.78737e-05
12.98   -2.756e-05
12.99   -2.72499e-05
13   -2.69433e-05
13.01   -2.66401e-05
13.02   -2.63403e-05
13.03   -2.6044e-05
13.04   -2.5751e-05
13.05   -2.54613e-05
13.06   -2.51749e-05
13.07   -2.48917e-05
13.08   -2.46117e-05
13.09   -2.43349e-05
13.1   -2.40612e-05
13.11   -2.37906e-05
13.12   -2.35231e-05
13.13   -2.32586e-05
13.14   -2.29971e-05
13.15   -2.27385e-05
13.16   -2.24829e-05
13.17   -2.22301e-05
13.18   -2.19802e-05
13.19   -2.17332e-05
13.2   -2.14889e-05
13.21   -2.12473e-05
13.22   -2.10085e-05
13.23   -2.07724e-05
13.24   -2.0539e-05
13.25   -2.03082e-05
13.26   -2.008e-05
13.27   -1.98544e-05
13.28   -1.96313e-05
13.29   -1.94108e-05
13.3   -1.91927e-05
13.31   -1.89771e-05
13.32   -1.8764e-05
13.33   -1.85532e-05
13.34   -1.83448e-05
13.35   -1.81388e-05
13.36   -1.79351e-05
13.37   -1.77337e-05
13.38   -1.75345e-05
13.39   -1.73377e-05
13.4   -1.7143e-05
13.41   -1.69505e-05
13.42   -1.67602e-05
13.43   -1.65721e-05
13.44   -1.6386e-05
13.45   -1.62021e-05
13.46   -1.60203e-05
13.47   -1.58404e-05
13.48   -1.56627e-05
13.49   -1.54869e-05
13.5   -1.53131e-05
13.51   -1.51413e-05
13.52   -1.49714e-05
13.53   -1.48034e-05
13.54   -1.46373e-05
13.55   -1.44731e-05
13.56   -1.43107e-05
13.57   -1.41502e-05
13.58   -1.39915e-05
13.59   -1.38345e-05
13.6   -1.36794e-05
13.61   -1.3526e-05
13.62   -1.33743e-05
13.63   -1.32243e-05
13.64   -1.3076e-05
13.65   -1.29294e-05
13.66   -1.27844e-05
13.67   -1.26411e-05
13.68   -1.24994e-05
13.69   -1.23592e-05
13.7   -1.22207e-05
13.71   -1.20837e-05
13.72   -1.19483e-05
13.73   -1.18143e-05
13.74   -1.16819e-05
13.75   -1.1551e-05
13.76   -1.14216e-05
13.77   -1.12936e-05
13.78   -1.1167e-05
13.79   -1.10419e-05
13.8   -1.09182e-05
13.81   -1.07959e-05
13.82   -1.06749e-05
13.83   -1.05553e-05
13.84   -1.04371e-05
13.85   -1.03202e-05
13.86   -1.02046e-05
13.87   -1.00903e-05
13.88   -9.97729e-06
13.89   -9.86555e-06
13.9   -9.75507e-06
13.91   -9.64584e-06
13.92   -9.53783e-06
13.93   -9.43104e-06
13.94   -9.32544e-06
13.95   -9.22104e-06
13.96   -9.11781e-06
13.97   -9.01574e-06
13.98   -8.91482e-06
13.99   -8.81503e-06
14   -8.71637e-06
14.01   -8.61881e-06
14.02   -8.52235e-06
14.03   -8.42698e-06
14.04   -8.33268e-06
14.05   -8.23943e-06
14.06   -8.14724e-06
14.07   -8.05608e-06
14.08   -7.96595e-06
14.09   -7.87683e-06
14.1   -7.78871e-06
14.11   -7.70158e-06
14.12   -7.61543e-06
14.13   -7.53024e-06
14.14   -7.44602e-06
14.15   -7.36274e-06
14.16   -7.28039e-06
14.17   -7.19897e-06
14.18   -7.11847e-06
14.19   -7.03887e-06
14.2   -6.96016e-06
14.21   -6.88234e-06
14.22   -6.80539e-06
14.23   -6.72931e-06
14.24   -6.65407e-06
14.25   -6.57969e-06
14.26   -6.50614e-06
14.27   -6.43341e-06
14.28   -6.3615e-06
14.29   -6.2904e-06
14.3   -6.2201e-06
14.31   -6.15058e-06
14.32   -6.08185e-06
14.33   -6.01389e-06
14.34   -5.94669e-06
14.35   -5.88024e-06
14.36   -5.81454e-06
14.37   -5.74958e-06
14.38   -5.68534e-06
14.39   -5.62183e-06
14.4   -5.55903e-06
14.41   -5.49693e-06
14.42   -5.43553e-06
14.43   -5.37482e-06
14.44   -5.31479e-06
14.45   -5.25543e-06
14.46   -5.19674e-06
14.47   -5.13871e-06
14.48   -5.08132e-06
14.49   -5.02458e-06
14.5   -4.96848e-06
14.51   -4.91301e-06
14.52   -4.85816e-06
14.53   -4.80392e-06
14.54   -4.75029e-06
14.55   -4.69726e-06
14.56   -4.64483e-06
14.57   -4.59298e-06
14.58   -4.54172e-06
14.59   -4.49103e-06
14.6   -4.4409e-06
14.61   -4.39134e-06
14.62   -4.34234e-06
14.63   -4.29388e-06
14.64   -4.24597e-06
14.65   -4.19859e-06
14.66   -4.15175e-06
14.67   -4.10543e-06
14.68   -4.05963e-06
14.69   -4.01434e-06
14.7   -3.96955e-06
14.71   -3.92527e-06
14.72   -3.88149e-06
14.73   -3.8382e-06
14.74   -3.79539e-06
14.75   -3.75306e-06
14.76   -3.7112e-06
14.77   -3.66982e-06
14.78   -3.62889e-06
14.79   -3.58843e-06
14.8   -3.54842e-06
14.81   -3.50885e-06
14.82   -3.46973e-06
14.83   -3.43105e-06
14.84   -3.39279e-06
14.85   -3.35497e-06
14.86   -3.31757e-06
14.87   -3.28059e-06
14.88   -3.24403e-06
14.89   -3.20787e-06
14.9   -3.17212e-06
14.91   -3.13676e-06
14.92   -3.1018e-06
14.93   -3.06724e-06
14.94   -3.03306e-06
14.95   -2.99926e-06
14.96   -2.96584e-06
14.97   -2.9328e-06
14.98   -2.90012e-06
14.99   -2.86781e-06
15   -2.83586e-06
15.01   -2.80427e-06
15.02   -2.77303e-06
15.03   -2.74214e-06
15.04   -2.7116e-06
15.05   -2.6814e-06
15.06   -2.65153e-06
15.07   -2.622e-06
15.08   -2.5928e-06
15.09   -2.56393e-06
15.1   -2.53538e-06
15.11   -2.50714e-06
15.12   -2.47923e-06
15.13   -2.45162e-06
15.14   -2.42433e-06
15.15   -2.39734e-06
15.16   -2.37065e-06
15.17   -2.34426e-06
15.18   -2.31816e-06
15.19   -2.29236e-06
15.2   -2.26684e-06
15.21   -2.24161e-06
15.22   -2.21666e-06
15.23   -2.19199e-06
15.24   -2.16759e-06
15.25   -2.14347e-06
15.26   -2.11962e-06
15.27   -2.09603e-06
15.28   -2.07271e-06
15.29   -2.04965e-06
15.3   -2.02684e-06
15.31   -2.00429e-06
15.32   -1.98199e-06
15.33   -1.95994e-06
15.34   -1.93814e-06
15.35   -1.91658e-06
15.36   -1.89526e-06
15.37   -1.87418e-06
15.38   -1.85333e-06
15.39   -1.83272e-06
15.4   -1.81233e-06
15.41   -1.79218e-06
15.42   -1.77225e-06
15.43   -1.75254e-06
15.44   -1.73305e-06
15.45   -1.71378e-06
15.46   -1.69473e-06
15.47   -1.67588e-06
15.48   -1.65725e-06
15.49   -1.63882e-06
15.5   -1.62061e-06
15.51   -1.60259e-06
15.52   -1.58477e-06
15.53   -1.56716e-06
15.54   -1.54974e-06
15.55   -1.53251e-06
15.56   -1.51548e-06
15.57   -1.49864e-06
15.58   -1.48198e-06
15.59   -1.46551e-06
15.6   -1.44922e-06
15.61   -1.43312e-06
15.62   -1.41719e-06
15.63   -1.40145e-06
15.64   -1.38587e-06
15.65   -1.37048e-06
15.66   -1.35525e-06
15.67   -1.34019e-06
15.68   -1.3253e-06
15.69   -1.31058e-06
15.7   -1.29602e-06
15.71   -1.28163e-06
15.72   -1.26739e-06
15.73   -1.25331e-06
15.74   -1.23939e-06
15.75   -1.22563e-06
15.76   -1.21201e-06
15.77   -1.19855e-06
15.78   -1.18524e-06
15.79   -1.17208e-06
15.8   -1.15907e-06
15.81   -1.1462e-06
15.82   -1.13347e-06
15.83   -1.12088e-06
15.84   -1.10844e-06
15.85   -1.09613e-06
15.86   -1.08396e-06
15.87   -1.07193e-06
15.88   -1.06003e-06
15.89   -1.04826e-06
15.9   -1.03662e-06
15.91   -1.02512e-06
15.92   -1.01374e-06
15.93   -1.00249e-06
15.94   -9.91361e-07
15.95   -9.80359e-07
15.96   -9.69479e-07
15.97   -9.58719e-07
15.98   -9.4808e-07
15.99   -9.37559e-07
16   -9.27156e-07
16.01   -9.16868e-07
16.02   -9.06694e-07
16.03   -8.96634e-07
16.04   -8.86686e-07
16.05   -8.76848e-07
16.06   -8.6712e-07
16.07   -8.57501e-07
16.08   -8.47988e-07
16.09   -8.38581e-07
16.1   -8.29279e-07
16.11   -8.2008e-07
16.12   -8.10983e-07
16.13   -8.01988e-07
16.14   -7.93093e-07
16.15   -7.84297e-07
16.16   -7.75598e-07
16.17   -7.66997e-07
16.18   -7.58491e-07
16.19   -7.50079e-07
16.2   -7.41762e-07
16.21   -7.33536e-07
16.22   -7.25402e-07
16.23   -7.17359e-07
16.24   -7.09405e-07
16.25   -7.01539e-07
16.26   -6.93761e-07
16.27   -6.8607e-07
16.28   -6.78464e-07
16.29   -6.70942e-07
16.3   -6.63504e-07
16.31   -6.56149e-07
16.32   -6.48875e-07
16.33   -6.41682e-07
16.34   -6.3457e-07
16.35   -6.27536e-07
16.36   -6.2058e-07
16.37   -6.13702e-07
16.38   -6.069e-07
16.39   -6.00174e-07
16.4   -5.93522e-07
16.41   -5.86945e-07
16.42   -5.8044e-07
16.43   -5.74008e-07
16.44   -5.67647e-07
16.45   -5.61357e-07
16.46   -5.55136e-07
16.47   -5.48985e-07
16.48   -5.42902e-07
16.49   -5.36887e-07
16.5   -5.30938e-07
16.51   -5.25055e-07
16.52   -5.19238e-07
16.53   -5.13486e-07
16.54   -5.07797e-07
16.55   -5.02171e-07
16.56   -4.96608e-07
16.57   -4.91106e-07
16.58   -4.85666e-07
16.59   -4.80286e-07
16.6   -4.74966e-07
16.61   -4.69705e-07
16.62   -4.64502e-07
16.63   -4.59357e-07
16.64   -4.54269e-07
16.65   -4.49237e-07
16.66   -4.44261e-07
16.67   -4.39341e-07
16.68   -4.34475e-07
16.69   -4.29663e-07
16.7   -4.24905e-07
16.71   -4.20199e-07
16.72   -4.15545e-07
16.73   -4.10943e-07
16.74   -4.06392e-07
16.75   -4.01892e-07
16.76   -3.97441e-07
16.77   -3.9304e-07
16.78   -3.88688e-07
16.79   -3.84383e-07
16.8   -3.80127e-07
16.81   -3.75918e-07
16.82   -3.71755e-07
16.83   -3.67639e-07
16.84   -3.63568e-07
16.85   -3.59542e-07
16.86   -3.55561e-07
16.87   -3.51624e-07
16.88   -3.47731e-07
16.89   -3.43881e-07
16.9   -3.40073e-07
16.91   -3.36308e-07
16.92   -3.32584e-07
16.93   -3.28902e-07
16.94   -3.2526e-07
16.95   -3.21659e-07
16.96   -3.18098e-07
16.97   -3.14576e-07
16.98   -3.11093e-07
16.99   -3.07648e-07
17   -3.04242e-07
17.01   -3.00874e-07
17.02   -2.97542e-07
17.03   -2.94248e-07
17.04   -2.9099e-07
17.05   -2.87768e-07
17.06   -2.84582e-07
17.07   -2.81431e-07
17.08   -2.78315e-07
17.09   -2.75234e-07
17.1   -2.72186e-07
17.11   -2.69173e-07
17.12   -2.66192e-07
17.13   -2.63245e-07
17.14   -2.6033e-07
17.15   -2.57448e-07
17.16   -2.54597e-07
17.17   -2.51778e-07
17.18   -2.4899e-07
17.19   -2.46233e-07
17.2   -2.43506e-07
17.21   -2.4081e-07
17.22   -2.38143e-07
17.23   -2.35506e-07
17.24   -2.32898e-07
17.25   -2.30318e-07
17.26   -2.27767e-07
17.27   -2.25245e-07
17.28   -2.2275e-07
17.29   -2.20283e-07
17.3   -2.17843e-07
17.31   -2.1543e-07
17.32   -2.13044e-07
17.33   -2.10684e-07
17.34   -2.0835e-07
17.35   -2.06042e-07
17.36   -2.03759e-07
17.37   -2.01502e-07
17.38   -1.9927e-07
17.39   -1.97062e-07
17.4   -1.94878e-07
17.41   -1.92719e-07
17.42   -1.90583e-07
17.43   -1.88471e-07
17.44   -1.86382e-07
17.45   -1.84317e-07
17.46   -1.82274e-07
17.47   -1.80254e-07
17.48   -1.78255e-07
17.49   -1.76279e-07
17.5   -1.74325e-07
17.51   -1.72392e-07
17.52   -1.70481e-07
17.53   -1.68591e-07
17.54   -1.66721e-07
17.55   -1.64872e-07
17.56   -1.63043e-07
17.57   -1.61235e-07
17.58   -1.59446e-07
17.59   -1.57678e-07
17.6   -1.55928e-07
17.61   -1.54198e-07
17.62   -1.52487e-07
17.63   -1.50795e-07
17.64   -1.49121e-07
17.65   -1.47466e-07
17.66   -1.45829e-07
17.67   -1.4421e-07
17.68   -1.42609e-07
17.69   -1.41025e-07
17.7   -1.39459e-07
17.71   -1.3791e-07
17.72   -1.36378e-07
17.73   -1.34863e-07
17.74   -1.33365e-07
17.75   -1.31883e-07
17.76   -1.30417e-07
17.77   -1.28967e-07
17.78   -1.27533e-07
17.79   -1.26115e-07
17.8   -1.24713e-07
17.81   -1.23326e-07
17.82   -1.21954e-07
17.83   -1.20597e-07
17.84   -1.19255e-07
17.85   -1.17928e-07
17.86   -1.16615e-07
17.87   -1.15317e-07
17.88   -1.14033e-07
17.89   -1.12763e-07
17.9   -1.11507e-07
17.91   -1.10265e-07
17.92   -1.09036e-07
17.93   -1.07821e-07
17.94   -1.06619e-07
17.95   -1.0543e-07
17.96   -1.04254e-07
17.97   -1.03091e-07
17.98   -1.0194e-07
17.99   -1.00803e-07
18   -9.96774e-08
18.01   -9.85644e-08
18.02   -9.74635e-08
18.03   -9.63746e-08
18.04   -9.52977e-08
18.05   -9.42324e-08
18.06   -9.31788e-08
18.07   -9.21366e-08
18.08   -9.11058e-08
18.09   -9.00863e-08
18.1   -8.90778e-08
18.11   -8.80803e-08
18.12   -8.70937e-08
18.13   -8.61178e-08
18.14   -8.51525e-08
18.15   -8.41977e-08
18.16   -8.32532e-08
18.17   -8.23191e-08
18.18   -8.1395e-08
18.19   -8.0481e-08
18.2   -7.95769e-08
18.21   -7.86826e-08
18.22   -7.7798e-08
18.23   -7.6923e-08
18.24   -7.60575e-08
18.25   -7.52013e-08
18.26   -7.43544e-08
18.27   -7.35167e-08
18.28   -7.2688e-08
18.29   -7.18683e-08
18.3   -7.10574e-08
18.31   -7.02553e-08
18.32   -6.94618e-08
18.33   -6.86769e-08
18.34   -6.79004e-08
18.35   -6.71323e-08
18.36   -6.63725e-08
18.37   -6.56208e-08
18.38   -6.48772e-08
18.39   -6.41417e-08
18.4   -6.3414e-08
18.41   -6.26941e-08
18.42   -6.1982e-08
18.43   -6.12774e-08
18.44   -6.05805e-08
18.45   -5.9891e-08
18.46   -5.92088e-08
18.47   -5.8534e-08
18.48   -5.78664e-08
18.49   -5.72059e-08
18.5   -5.65524e-08
18.51   -5.59059e-08
18.52   -5.52663e-08
18.53   -5.46335e-08
18.54   -5.40075e-08
18.55   -5.33881e-08
18.56   -5.27752e-08
18.57   -5.21689e-08
18.58   -5.1569e-08
18.59   -5.09755e-08
18.6   -5.03882e-08
18.61   -4.98071e-08
18.62   -4.92322e-08
18.63   -4.86633e-08
18.64   -4.81005e-08
18.65   -4.75436e-08
18.66   -4.69925e-08
18.67   -4.64472e-08
18.68   -4.59076e-08
18.69   -4.53737e-08
18.7   -4.48454e-08
18.71   -4.43227e-08
18.72   -4.38054e-08
18.73   -4.32934e-08
18.74   -4.27869e-08
18.75   -4.22856e-08
18.76   -4.17895e-08
18.77   -4.12986e-08
18.78   -4.08127e-08
18.79   -4.03319e-08
18.8   -3.98561e-08
18.81   -3.93852e-08
18.82   -3.89192e-08
18.83   -3.84579e-08
18.84   -3.80014e-08
18.85   -3.75496e-08
18.86   -3.71024e-08
18.87   -3.66598e-08
18.88   -3.62218e-08
18.89   -3.57882e-08
18.9   -3.5359e-08
18.91   -3.49342e-08
18.92   -3.45137e-08
18.93   -3.40975e-08
18.94   -3.36854e-08
18.95   -3.32776e-08
18.96   -3.28738e-08
18.97   -3.24742e-08
18.98   -3.20785e-08
18.99   -3.16868e-08
19   -3.1299e-08
19.01   -3.09151e-08
19.02   -3.0535e-08
19.03   -3.01587e-08
19.04   -2.97862e-08
19.05   -2.94173e-08
19.06   -2.9052e-08
19.07   -2.86904e-08
19.08   -2.83323e-08
19.09   -2.79777e-08
19.1   -2.76266e-08
19.11   -2.72789e-08
19.12   -2.69346e-08
19.13   -2.65937e-08
19.14   -2.6256e-08
19.15   -2.59216e-08
19.16   -2.55904e-08
19.17   -2.52624e-08
19.18   -2.49376e-08
19.19   -2.46158e-08
19.2   -2.42971e-08
19.21   -2.39814e-08
19.22   -2.36687e-08
19.23   -2.33589e-08
19.24   -2.3052e-08
19.25   -2.2748e-08
19.26   -2.24469e-08
19.27   -2.21485e-08
19.28   -2.18529e-08
19.29   -2.156e-08
19.3   -2.12698e-08
19.31   -2.09823e-08
19.32   -2.06974e-08
19.33   -2.04151e-08
19.34   -2.01353e-08
19.35   -1.9858e-08
19.36   -1.95832e-08
19.37   -1.93109e-08
19.38   -1.9041e-08
19.39   -1.87735e-08
19.4   -1.85083e-08
19.41   -1.82455e-08
19.42   -1.79849e-08
19.43   -1.77266e-08
19.44   -1.74705e-08
19.45   -1.72166e-08
19.46   -1.69649e-08
19.47   -1.67153e-08
19.48   -1.64679e-08
19.49   -1.62225e-08
19.5   -1.59791e-08
19.51   -1.57378e-08
19.52   -1.54984e-08
19.53   -1.52611e-08
19.54   -1.50256e-08
19.55   -1.4792e-08
19.56   -1.45604e-08
19.57   -1.43305e-08
19.58   -1.41025e-08
19.59   -1.38763e-08
19.6   -1.36519e-08
19.61   -1.34292e-08
19.62   -1.32082e-08
19.63   -1.29889e-08
19.64   -1.27712e-08
19.65   -1.25552e-08
19.66   -1.23408e-08
19.67   -1.2128e-08
19.68   -1.19167e-08
19.69   -1.1707e-08
19.7   -1.14987e-08
19.71   -1.1292e-08
19.72   -1.10867e-08
19.73   -1.08829e-08
19.74   -1.06804e-08
19.75   -1.04794e-08
19.76   -1.02797e-08
19.77   -1.00814e-08
19.78   -9.88432e-09
19.79   -9.68858e-09
19.8   -9.49411e-09
19.81   -9.30089e-09
19.82   -9.10889e-09
19.83   -8.91809e-09
19.84   -8.72847e-09
19.85   -8.54001e-09
19.86   -8.35268e-09
19.87   -8.16646e-09
19.88   -7.98134e-09
19.89   -7.79728e-09
19.9   -7.61427e-09
19.91   -7.43229e-09
19.92   -7.25131e-09
19.93   -7.07132e-09
19.94   -6.89229e-09
19.95   -6.7142e-09
19.96   -6.53703e-09
19.97   -6.36077e-09
19.98   -6.18538e-09
19.99   -6.01085e-09
20   -5.83716e-09
20.01   -5.66429e-09
20.02   -5.49222e-09
20.03   -5.32093e-09
20.04   -5.1504e-09
20.05   -4.98061e-09
20.06   -4.81154e-09
20.07   -4.64317e-09
20.08   -4.47548e-09
20.09   -4.30845e-09
20.1   -4.14207e-09
20.11   -3.97631e-09
20.12   -3.81115e-09
20.13   -3.64658e-09
20.14   -3.48258e-09
20.15   -3.31912e-09
20.16   -3.1562e-09
20.17   -2.99378e-09
20.18   -2.83186e-09
20.19   -2.67041e-09
20.2   -2.50941e-09
20.21   -2.34886e-09
20.22   -2.18872e-09
20.23   -2.02898e-09
20.24   -1.86962e-09
20.25   -1.71063e-09
20.26   -1.55198e-09
20.27   -1.39367e-09
20.28   -1.23566e-09
20.29   -1.07794e-09
20.3   -9.20502e-10
20.31   -7.63318e-10
20.32   -6.06373e-10
20.33   -4.4965e-10
20.34   -2.93131e-10
20.35   -1.36797e-10
20.36   1.93672e-11
20.37   1.7538e-10
20.38   3.3126e-10
20.39   4.87023e-10
20.4   6.42688e-10
20.41   7.98271e-10
20.42   9.5379e-10
20.43   1.10926e-09
20.44   1.2647e-09
20.45   1.42014e-09
20.46   1.57557e-09
20.47   1.73103e-09
20.48   1.88653e-09
20.49   2.04208e-09
20.5   2.19771e-09
20.51   2.35343e-09
20.52   2.50926e-09
20.53   2.66521e-09
20.54   2.82131e-09
20.55   2.97757e-09
20.56   3.134e-09
20.57   3.29063e-09
20.58   3.44747e-09
20.59   3.60454e-09
20.6   3.76186e-09
20.61   3.91943e-09
20.62   4.07729e-09
20.63   4.23545e-09
20.64   4.39392e-09
20.65   4.55273e-09
20.66   4.71188e-09
20.67   4.87141e-09
20.68   5.03131e-09
20.69   5.19162e-09
20.7   5.35235e-09
20.71   5.51351e-09
20.72   5.67513e-09
20.73   5.83722e-09
20.74   5.9998e-09
20.75   6.16288e-09
20.76   6.32649e-09
20.77   6.49065e-09
20.78   6.65536e-09
20.79   6.82065e-09
20.8   6.98653e-09
20.81   7.15303e-09
20.82   7.32016e-09
20.83   7.48794e-09
20.84   7.65638e-09
20.85   7.82551e-09
20.86   7.99534e-09
20.87   8.1659e-09
20.88   8.33719e-09
20.89   8.50924e-09
20.9   8.68207e-09
20.91   8.85569e-09
20.92   9.03013e-09
20.93   9.2054e-09
20.94   9.38152e-09
20.95   9.5585e-09
20.96   9.73638e-09
20.97   9.91516e-09
20.98   1.00949e-08
20.99   1.02755e-08
21   1.04571e-08
21.01   1.06397e-08
21.02   1.08233e-08
21.03   1.1008e-08
21.04   1.11936e-08
21.05   1.13804e-08
21.06   1.15682e-08
21.07   1.17571e-08
21.08   1.19471e-08
21.09   1.21383e-08
21.1   1.23306e-08
21.11   1.25241e-08
21.12   1.27189e-08
21.13   1.29148e-08
21.14   1.3112e-08
21.15   1.33104e-08
21.16   1.35101e-08
21.17   1.37112e-08
21.18   1.39135e-08
21.19   1.41172e-08
21.2   1.43223e-08
21.21   1.45288e-08
21.22   1.47367e-08
21.23   1.4946e-08
21.24   1.51567e-08
21.25   1.5369e-08
21.26   1.55827e-08
21.27   1.5798e-08
21.28   1.60148e-08
21.29   1.62332e-08
21.3   1.64531e-08
21.31   1.66747e-08
21.32   1.68979e-08
21.33   1.71228e-08
21.34   1.73493e-08
21.35   1.75776e-08
21.36   1.78076e-08
21.37   1.80393e-08
21.38   1.82729e-08
21.39   1.85082e-08
21.4   1.87453e-08
21.41   1.89843e-08
21.42   1.92252e-08
21.43   1.9468e-08
21.44   1.97127e-08
21.45   1.99593e-08
21.46   2.0208e-08
21.47   2.04586e-08
21.48   2.07113e-08
21.49   2.0966e-08
21.5   2.12228e-08
21.51   2.14817e-08
21.52   2.17427e-08
21.53   2.20059e-08
21.54   2.22713e-08
21.55   2.25389e-08
21.56   2.28087e-08
21.57   2.30809e-08
21.58   2.33553e-08
21.59   2.3632e-08
21.6   2.39111e-08
21.61   2.41926e-08
21.62   2.44765e-08
21.63   2.47629e-08
21.64   2.50517e-08
21.65   2.5343e-08
21.66   2.56368e-08
21.67   2.59333e-08
21.68   2.62323e-08
21.69   2.65339e-08
21.7   2.68382e-08
21.71   2.71452e-08
21.72   2.74548e-08
21.73   2.77673e-08
21.74   2.80825e-08
21.75   2.84006e-08
21.76   2.87214e-08
21.77   2.90452e-08
21.78   2.93719e-08
21.79   2.97015e-08
21.8   3.00341e-08
21.81   3.03697e-08
21.82   3.07084e-08
21.83   3.10502e-08
21.84   3.1395e-08
21.85   3.17431e-08
21.86   3.20943e-08
21.87   3.24487e-08
21.88   3.28064e-08
21.89   3.31674e-08
21.9   3.35318e-08
21.91   3.38995e-08
21.92   3.42706e-08
21.93   3.46452e-08
21.94   3.50233e-08
21.95   3.54049e-08
21.96   3.579e-08
21.97   3.61788e-08
21.98   3.65712e-08
21.99   3.69673e-08
22   3.73671e-08
22.01   3.77707e-08
22.02   3.81781e-08
