nl2j=    2    7   15
     0.00000000     0.00000000
     0.10000000     0.00000000
     0.20000000    -0.00000000
     0.30000000    -0.00000000
     0.40000000    -0.00000000
     0.50000000    -0.00000002
     0.60000000    -0.00000007
     0.70000000    -0.00000022
     0.80000000    -0.00000065
     0.90000000    -0.00000164
     1.00000000    -0.00000377
     1.10000000    -0.00000798
     1.20000000    -0.00001578
     1.30000000    -0.00002948
     1.40000000    -0.00005248
     1.50000000    -0.00008954
     1.60000000    -0.00014725
     1.70000000    -0.00023440
     1.80000000    -0.00036245
     1.90000000    -0.00054608
     2.00000000    -0.00080366
     2.10000000    -0.00115777
     2.20000000    -0.00163575
     2.30000000    -0.00227014
     2.40000000    -0.00309912
     2.50000000    -0.00416679
     2.60000000    -0.00552346
     2.70000000    -0.00722571
     2.80000000    -0.00933635
     2.90000000    -0.01192417
     3.00000000    -0.01506353
     3.10000000    -0.01883370
     3.20000000    -0.02331800
     3.30000000    -0.02860272
     3.40000000    -0.03477573
     3.50000000    -0.04192500
     3.60000000    -0.05013671
     3.70000000    -0.05949336
     3.80000000    -0.07007153
     3.90000000    -0.08193961
     4.00000000    -0.09515539
     4.10000000    -0.10976355
     4.20000000    -0.12579319
     4.30000000    -0.14325542
     4.40000000    -0.16214105
     4.50000000    -0.18241844
     4.60000000    -0.20403163
     4.70000000    -0.22689882
     4.80000000    -0.25091119
     4.90000000    -0.27593223
     5.00000000    -0.30179758
     5.10000000    -0.32831551
     5.20000000    -0.35526794
     5.30000000    -0.38241229
     5.40000000    -0.40948396
     5.50000000    -0.43619957
     5.60000000    -0.46226095
     5.70000000    -0.48735990
     5.80000000    -0.51118356
     5.90000000    -0.53342046
     6.00000000    -0.55376712
     6.10000000    -0.57193498
     6.20000000    -0.58765767
     6.30000000    -0.60069828
     6.40000000    -0.61085643
     6.50000000    -0.61797491
     6.60000000    -0.62194554
     6.70000000    -0.62271389
     6.80000000    -0.62028263
     6.90000000    -0.61471307
     7.00000000    -0.60612466
     7.10000000    -0.59469239
     7.20000000    -0.58064187
     7.30000000    -0.56424230
     7.40000000    -0.54579760
     7.50000000    -0.52563615
     7.60000000    -0.50409974
     7.70000000    -0.48153236
     7.80000000    -0.45826962
     7.90000000    -0.43462926
     8.00000000    -0.41090344
     8.10000000    -0.38735295
     8.20000000    -0.36420353
     8.30000000    -0.34164420
     8.40000000    -0.31982744
     8.50000000    -0.29887076
     8.60000000    -0.27885946
     8.70000000    -0.25985005
     8.80000000    -0.24187407
     8.90000000    -0.22494208
     9.00000000    -0.20904742
     9.10000000    -0.19416980
     9.20000000    -0.18027847
     9.30000000    -0.16733501
     9.40000000    -0.15529567
     9.50000000    -0.14411335
     9.60000000    -0.13373915
     9.70000000    -0.12412365
     9.80000000    -0.11521784
     9.90000000    -0.10697387
    10.00000000    -0.09934556
    10.10000000    -0.09228878
    10.20000000    -0.08576164
    10.30000000    -0.07972465
    10.40000000    -0.07414078
    10.50000000    -0.06897543
    10.60000000    -0.06419637
    10.70000000    -0.05977370
    10.80000000    -0.05567971
    10.90000000    -0.05188879
    11.00000000    -0.04837731
    11.10000000    -0.04512345
    11.20000000    -0.04210713
    11.30000000    -0.03930988
    11.40000000    -0.03671469
    11.50000000    -0.03430591
    11.60000000    -0.03206917
    11.70000000    -0.02999125
    11.80000000    -0.02806001
    11.90000000    -0.02626427
    12.00000000    -0.02459378
    12.10000000    -0.02303907
    12.20000000    -0.02159148
    12.30000000    -0.02024302
    12.40000000    -0.01898633
    12.50000000    -0.01781464
    12.60000000    -0.01672172
    12.70000000    -0.01570182
    12.80000000    -0.01474967
    12.90000000    -0.01386036
    13.00000000    -0.01302942
    13.10000000    -0.01225267
    13.20000000    -0.01152628
    13.30000000    -0.01084671
    13.40000000    -0.01021068
    13.50000000    -0.00961518
    13.60000000    -0.00905739
    13.70000000    -0.00853472
    13.80000000    -0.00804478
    13.90000000    -0.00758534
    14.00000000    -0.00715435
    14.10000000    -0.00674989
    14.20000000    -0.00637020
    14.30000000    -0.00601362
    14.40000000    -0.00567864
    14.50000000    -0.00536383
    14.60000000    -0.00506788
    14.70000000    -0.00478957
    14.80000000    -0.00452775
    14.90000000    -0.00428136
    15.00000000    -0.00404943
    15.10000000    -0.00383102
    15.20000000    -0.00362530
    15.30000000    -0.00343145
    15.40000000    -0.00324874
    15.50000000    -0.00307646
    15.60000000    -0.00291399
    15.70000000    -0.00276070
    15.80000000    -0.00261604
    15.90000000    -0.00247947
    16.00000000    -0.00235052
    16.10000000    -0.00222871
    16.20000000    -0.00211361
    16.30000000    -0.00200483
    16.40000000    -0.00190199
    16.50000000    -0.00180472
    16.60000000    -0.00171271
    16.70000000    -0.00162563
    16.80000000    -0.00154321
    16.90000000    -0.00146517
    17.00000000    -0.00139124
    17.10000000    -0.00132120
    17.20000000    -0.00125482
    17.30000000    -0.00119188
    17.40000000    -0.00113219
    17.50000000    -0.00107555
    17.60000000    -0.00102180
    17.70000000    -0.00097077
    17.80000000    -0.00092230
    17.90000000    -0.00087625
    18.00000000    -0.00083248
    18.10000000    -0.00079085
    18.20000000    -0.00075125
    18.30000000    -0.00071356
    18.40000000    -0.00067768
    18.50000000    -0.00064349
    18.60000000    -0.00061090
    18.70000000    -0.00057982
    18.80000000    -0.00055017
    18.90000000    -0.00052185
    19.00000000    -0.00049480
    19.10000000    -0.00046894
    19.20000000    -0.00044420
    19.30000000    -0.00042051
    19.40000000    -0.00039781
    19.50000000    -0.00037604
    19.60000000    -0.00035515
    19.70000000    -0.00033508
    19.80000000    -0.00031578
    19.90000000    -0.00029719
    20.00000000    -0.00027928
    20.10000000    -0.00026200
    20.20000000    -0.00024531
    20.30000000    -0.00022916
    20.40000000    -0.00021352
    20.50000000    -0.00019835
    20.60000000    -0.00018361
    20.70000000    -0.00016927
    20.80000000    -0.00015529
    20.90000000    -0.00014165
    21.00000000    -0.00012831
    21.10000000    -0.00011524
    21.20000000    -0.00010242
    21.30000000    -0.00008981
    21.40000000    -0.00007739
    21.50000000    -0.00006513
    21.60000000    -0.00005301
    21.70000000    -0.00004099
    21.80000000    -0.00002905
    21.90000000    -0.00001718
    22.00000000    -0.00000534
    22.10000000     0.00000000
    22.20000000     0.00000000
    22.30000000     0.00000000
    22.40000000     0.00000000
    22.50000000     0.00000000
    22.60000000     0.00000000
    22.70000000     0.00000000
    22.80000000     0.00000000
    22.90000000     0.00000000
    23.00000000     0.00000000
    23.10000000     0.00000000
    23.20000000     0.00000000
    23.30000000     0.00000000
    23.40000000     0.00000000
    23.50000000     0.00000000
    23.60000000     0.00000000
    23.70000000     0.00000000
    23.80000000     0.00000000
    23.90000000     0.00000000
    24.00000000     0.00000000
    24.10000000     0.00000000
    24.20000000     0.00000000
    24.30000000     0.00000000
    24.40000000     0.00000000
    24.50000000     0.00000000
    24.60000000     0.00000000
    24.70000000     0.00000000
    24.80000000     0.00000000
    24.90000000     0.00000000
    25.00000000     0.00000000
    25.10000000     0.00000000
    25.20000000     0.00000000
    25.30000000     0.00000000
    25.40000000     0.00000000
    25.50000000     0.00000000
    25.60000000     0.00000000
    25.70000000     0.00000000
    25.80000000     0.00000000
    25.90000000     0.00000000
    26.00000000     0.00000000
    26.10000000     0.00000000
    26.20000000     0.00000000
    26.30000000     0.00000000
    26.40000000     0.00000000
    26.50000000     0.00000000
    26.60000000     0.00000000
    26.70000000     0.00000000
    26.80000000     0.00000000
    26.90000000     0.00000000
    27.00000000     0.00000000
    27.10000000     0.00000000
    27.20000000     0.00000000
    27.30000000     0.00000000
    27.40000000     0.00000000
    27.50000000     0.00000000
    27.60000000     0.00000000
    27.70000000     0.00000000
    27.80000000     0.00000000
    27.90000000     0.00000000
    28.00000000     0.00000000
    28.10000000     0.00000000
    28.20000000     0.00000000
    28.30000000     0.00000000
    28.40000000     0.00000000
    28.50000000     0.00000000
    28.60000000     0.00000000
    28.70000000     0.00000000
    28.80000000     0.00000000
    28.90000000     0.00000000
    29.00000000     0.00000000
    29.10000000     0.00000000
    29.20000000     0.00000000
    29.30000000     0.00000000
    29.40000000     0.00000000
    29.50000000     0.00000000
    29.60000000     0.00000000
    29.70000000     0.00000000
    29.80000000     0.00000000
    29.90000000     0.00000000
    30.00000000     0.00000000
