nl2j=    4    0    1
     0.00000000     0.00000000
     0.10000000     0.04560025
     0.20000000     0.09026200
     0.30000000     0.13306610
     0.40000000     0.17313160
     0.50000000     0.20963395
     0.60000000     0.24182191
     0.70000000     0.26903307
     0.80000000     0.29070744
     0.90000000     0.30639899
     1.00000000     0.31578483
     1.10000000     0.31867185
     1.20000000     0.31500070
     1.30000000     0.30484701
     1.40000000     0.28841981
     1.50000000     0.26605726
     1.60000000     0.23821964
     1.70000000     0.20547992
     1.80000000     0.16851192
     1.90000000     0.12807644
     2.00000000     0.08500560
     2.10000000     0.04018572
     2.20000000    -0.00546097
     2.30000000    -0.05099532
     2.40000000    -0.09548059
     2.50000000    -0.13800172
     2.60000000    -0.17768426
     2.70000000    -0.21371228
     2.80000000    -0.24534524
     2.90000000    -0.27193322
     3.00000000    -0.29293031
     3.10000000    -0.30790580
     3.20000000    -0.31655306
     3.30000000    -0.31869584
     3.40000000    -0.31429180
     3.50000000    -0.30343335
     3.60000000    -0.28634565
     3.70000000    -0.26338188
     3.80000000    -0.23501582
     3.90000000    -0.20183190
     4.00000000    -0.16451299
     4.10000000    -0.12382610
     4.20000000    -0.08060632
     4.30000000    -0.03573926
     4.40000000     0.00985744
     4.50000000     0.05525344
     4.60000000     0.09952519
     4.70000000     0.14177534
     4.80000000     0.18115156
     4.90000000     0.21686443
     5.00000000     0.24820389
     5.10000000     0.27455402
     5.20000000     0.29540564
     5.30000000     0.31036660
     5.40000000     0.31916929
     5.50000000     0.32167536
     5.60000000     0.31787733
     5.70000000     0.30789709
     5.80000000     0.29198122
     5.90000000     0.27049322
     6.00000000     0.24390278
     6.10000000     0.21277233
     6.20000000     0.17774112
     6.30000000     0.13950738
     6.40000000     0.09880893
     6.50000000     0.05640294
     6.60000000     0.01304542
     6.70000000    -0.03052878
     6.80000000    -0.07362470
     6.90000000    -0.11560411
     7.00000000    -0.15589964
     7.10000000    -0.19402579
     7.20000000    -0.22958627
     7.30000000    -0.26227758
     7.40000000    -0.29188878
     7.50000000    -0.31829779
     7.60000000    -0.34146456
     7.70000000    -0.36142181
     7.80000000    -0.37826413
     7.90000000    -0.39213618
     8.00000000    -0.40322064
     8.10000000    -0.41172675
     8.20000000    -0.41787980
     8.30000000    -0.42191198
     8.40000000    -0.42405480
     8.50000000    -0.42453305
     8.60000000    -0.42356037
     8.70000000    -0.42133613
     8.80000000    -0.41804358
     8.90000000    -0.41384891
     9.00000000    -0.40890113
     9.10000000    -0.40333253
     9.20000000    -0.39725950
     9.30000000    -0.39078364
     9.40000000    -0.38399302
     9.50000000    -0.37696348
     9.60000000    -0.36975994
     9.70000000    -0.36243764
     9.80000000    -0.35504336
     9.90000000    -0.34761648
    10.00000000    -0.34018996
    10.10000000    -0.33279124
    10.20000000    -0.32544301
    10.30000000    -0.31816391
    10.40000000    -0.31096911
    10.50000000    -0.30387084
    10.60000000    -0.29687886
    10.70000000    -0.29000081
    10.80000000    -0.28324258
    10.90000000    -0.27660856
    11.00000000    -0.27010190
    11.10000000    -0.26372471
    11.20000000    -0.25747823
    11.30000000    -0.25136299
    11.40000000    -0.24537892
    11.50000000    -0.23952547
    11.60000000    -0.23380168
    11.70000000    -0.22820627
    11.80000000    -0.22273770
    11.90000000    -0.21739421
    12.00000000    -0.21217389
    12.10000000    -0.20707469
    12.20000000    -0.20209446
    12.30000000    -0.19723099
    12.40000000    -0.19248200
    12.50000000    -0.18784520
    12.60000000    -0.18331826
    12.70000000    -0.17889887
    12.80000000    -0.17458469
    12.90000000    -0.17037341
    13.00000000    -0.16626276
    13.10000000    -0.16225045
    13.20000000    -0.15833426
    13.30000000    -0.15451197
    13.40000000    -0.15078141
    13.50000000    -0.14714045
    13.60000000    -0.14358699
    13.70000000    -0.14011898
    13.80000000    -0.13673440
    13.90000000    -0.13343128
    14.00000000    -0.13020767
    14.10000000    -0.12706169
    14.20000000    -0.12399149
    14.30000000    -0.12099525
    14.40000000    -0.11807121
    14.50000000    -0.11521763
    14.60000000    -0.11243283
    14.70000000    -0.10971514
    14.80000000    -0.10706296
    14.90000000    -0.10447472
    15.00000000    -0.10194886
    15.10000000    -0.09948389
    15.20000000    -0.09707833
    15.30000000    -0.09473077
    15.40000000    -0.09243979
    15.50000000    -0.09020403
    15.60000000    -0.08802216
    15.70000000    -0.08589287
    15.80000000    -0.08381490
    15.90000000    -0.08178700
    16.00000000    -0.07980797
    16.10000000    -0.07787662
    16.20000000    -0.07599179
    16.30000000    -0.07415238
    16.40000000    -0.07235726
    16.50000000    -0.07060539
    16.60000000    -0.06889569
    16.70000000    -0.06722717
    16.80000000    -0.06559881
    16.90000000    -0.06400965
    17.00000000    -0.06245873
    17.10000000    -0.06094514
    17.20000000    -0.05946796
    17.30000000    -0.05802632
    17.40000000    -0.05661934
    17.50000000    -0.05524620
    17.60000000    -0.05390607
    17.70000000    -0.05259815
    17.80000000    -0.05132166
    17.90000000    -0.05007584
    18.00000000    -0.04885994
    18.10000000    -0.04767323
    18.20000000    -0.04651501
    18.30000000    -0.04538458
    18.40000000    -0.04428127
    18.50000000    -0.04320443
    18.60000000    -0.04215339
    18.70000000    -0.04112755
    18.80000000    -0.04012628
    18.90000000    -0.03914899
    19.00000000    -0.03819509
    19.10000000    -0.03726401
    19.20000000    -0.03635520
    19.30000000    -0.03546811
    19.40000000    -0.03460222
    19.50000000    -0.03375700
    19.60000000    -0.03293196
    19.70000000    -0.03212659
    19.80000000    -0.03134042
    19.90000000    -0.03057297
    20.00000000    -0.02982380
    20.10000000    -0.02909244
    20.20000000    -0.02837847
    20.30000000    -0.02768145
    20.40000000    -0.02700098
    20.50000000    -0.02633664
    20.60000000    -0.02568804
    20.70000000    -0.02505478
    20.80000000    -0.02443650
    20.90000000    -0.02383282
    21.00000000    -0.02324338
    21.10000000    -0.02266783
    21.20000000    -0.02210582
    21.30000000    -0.02155703
    21.40000000    -0.02102111
    21.50000000    -0.02049775
    21.60000000    -0.01998665
    21.70000000    -0.01948748
    21.80000000    -0.01899996
    21.90000000    -0.01852379
    22.00000000    -0.01805870
    22.10000000    -0.01760439
    22.20000000    -0.01716060
    22.30000000    -0.01672707
    22.40000000    -0.01630353
    22.50000000    -0.01588973
    22.60000000    -0.01548543
    22.70000000    -0.01509038
    22.80000000    -0.01470434
    22.90000000    -0.01432710
    23.00000000    -0.01395841
    23.10000000    -0.01359807
    23.20000000    -0.01324585
    23.30000000    -0.01290154
    23.40000000    -0.01256495
    23.50000000    -0.01223586
    23.60000000    -0.01191408
    23.70000000    -0.01159943
    23.80000000    -0.01129170
    23.90000000    -0.01099072
    24.00000000    -0.01069631
    24.10000000    -0.01040829
    24.20000000    -0.01012649
    24.30000000    -0.00985074
    24.40000000    -0.00958087
    24.50000000    -0.00931674
    24.60000000    -0.00905816
    24.70000000    -0.00880500
    24.80000000    -0.00855711
    24.90000000    -0.00831432
    25.00000000    -0.00807651
    25.10000000    -0.00784352
    25.20000000    -0.00761521
    25.30000000    -0.00739146
    25.40000000    -0.00717212
    25.50000000    -0.00695707
    25.60000000    -0.00674618
    25.70000000    -0.00653931
    25.80000000    -0.00633636
    25.90000000    -0.00613719
    26.00000000    -0.00594168
    26.10000000    -0.00574973
    26.20000000    -0.00556122
    26.30000000    -0.00537602
    26.40000000    -0.00519404
    26.50000000    -0.00501517
    26.60000000    -0.00483928
    26.70000000    -0.00466630
    26.80000000    -0.00449610
    26.90000000    -0.00432858
    27.00000000    -0.00416365
    27.10000000    -0.00400121
    27.20000000    -0.00384117
    27.30000000    -0.00368341
    27.40000000    -0.00352786
    27.50000000    -0.00337441
    27.60000000    -0.00322299
    27.70000000    -0.00307348
    27.80000000    -0.00292582
    27.90000000    -0.00277990
    28.00000000    -0.00263564
    28.10000000    -0.00249296
    28.20000000    -0.00235177
    28.30000000    -0.00221198
    28.40000000    -0.00207352
    28.50000000    -0.00193629
    28.60000000    -0.00180022
    28.70000000    -0.00166523
    28.80000000    -0.00153123
    28.90000000    -0.00139815
    29.00000000    -0.00126590
    29.10000000    -0.00113441
    29.20000000    -0.00100360
    29.30000000    -0.00087338
    29.40000000    -0.00074369
    29.50000000    -0.00061444
    29.60000000    -0.00048556
    29.70000000    -0.00035697
    29.80000000    -0.00022859
    29.90000000    -0.00010035
    30.00000000     0.00000000
