nl2j=    2    0    1
     0.00000000     0.00000000
     0.10000000     0.04057034
     0.20000000     0.08085622
     0.30000000     0.12057518
     0.40000000     0.15944872
     0.50000000     0.19720431
     0.60000000     0.23357723
     0.70000000     0.26831249
     0.80000000     0.30116658
     0.90000000     0.33190919
     1.00000000     0.36032485
     1.10000000     0.38621438
     1.20000000     0.40939638
     1.30000000     0.42970841
     1.40000000     0.44700821
     1.50000000     0.46117464
     1.60000000     0.47210857
     1.70000000     0.47973356
     1.80000000     0.48399641
     1.90000000     0.48486751
     2.00000000     0.48234109
     2.10000000     0.47643521
     2.20000000     0.46719169
     2.30000000     0.45467576
     2.40000000     0.43897565
     2.50000000     0.42020190
     2.60000000     0.39848666
     2.70000000     0.37398269
     2.80000000     0.34686229
     2.90000000     0.31731607
     3.00000000     0.28555161
     3.10000000     0.25179193
     3.20000000     0.21627391
     3.30000000     0.17924658
     3.40000000     0.14096929
     3.50000000     0.10170981
     3.60000000     0.06174241
     3.70000000     0.02134575
     3.80000000    -0.01919916
     3.90000000    -0.05961109
     4.00000000    -0.09961076
     4.10000000    -0.13892300
     4.20000000    -0.17727891
     4.30000000    -0.21441804
     4.40000000    -0.25009052
     4.50000000    -0.28405915
     4.60000000    -0.31610147
     4.70000000    -0.34601174
     4.80000000    -0.37360284
     4.90000000    -0.39870808
     5.00000000    -0.42118290
     5.10000000    -0.44090647
     5.20000000    -0.45778303
     5.30000000    -0.47174320
     5.40000000    -0.48274496
     5.50000000    -0.49077450
     5.60000000    -0.49584669
     5.70000000    -0.49800536
     5.80000000    -0.49732318
     5.90000000    -0.49390117
     6.00000000    -0.48786782
     6.10000000    -0.47937770
     6.20000000    -0.46860965
     6.30000000    -0.45576440
     6.40000000    -0.44106172
     6.50000000    -0.42473701
     6.60000000    -0.40703746
     6.70000000    -0.38821778
     6.80000000    -0.36853557
     6.90000000    -0.34824658
     7.00000000    -0.32759983
     7.10000000    -0.30683296
     7.20000000    -0.28616791
     7.30000000    -0.26580705
     7.40000000    -0.24593015
     7.50000000    -0.22669205
     7.60000000    -0.20822138
     7.70000000    -0.19062017
     7.80000000    -0.17396436
     7.90000000    -0.15830516
     8.00000000    -0.14367106
     8.10000000    -0.13007034
     8.20000000    -0.11749390
     8.30000000    -0.10591817
     8.40000000    -0.09530808
     8.50000000    -0.08561981
     8.60000000    -0.07680329
     8.70000000    -0.06880446
     8.80000000    -0.06156714
     8.90000000    -0.05503457
     9.00000000    -0.04915067
     9.10000000    -0.04386097
     9.20000000    -0.03911332
     9.30000000    -0.03485833
     9.40000000    -0.03104972
     9.50000000    -0.02764442
     9.60000000    -0.02460268
     9.70000000    -0.02188795
     9.80000000    -0.01946684
     9.90000000    -0.01730897
    10.00000000    -0.01538678
    10.10000000    -0.01367533
    10.20000000    -0.01215214
    10.30000000    -0.01079700
    10.40000000    -0.00959172
    10.50000000    -0.00852003
    10.60000000    -0.00756732
    10.70000000    -0.00672055
    10.80000000    -0.00596808
    10.90000000    -0.00529948
    11.00000000    -0.00470548
    11.10000000    -0.00417782
    11.20000000    -0.00370911
    11.30000000    -0.00329280
    11.40000000    -0.00292305
    11.50000000    -0.00259465
    11.60000000    -0.00230299
    11.70000000    -0.00204396
    11.80000000    -0.00181389
    11.90000000    -0.00160954
    12.00000000    -0.00142803
    12.10000000    -0.00126677
    12.20000000    -0.00112349
    12.30000000    -0.00099616
    12.40000000    -0.00088297
    12.50000000    -0.00078232
    12.60000000    -0.00069278
    12.70000000    -0.00061308
    12.80000000    -0.00054209
    12.90000000    -0.00047880
    13.00000000    -0.00042231
    13.10000000    -0.00037183
    13.20000000    -0.00032663
    13.30000000    -0.00028607
    13.40000000    -0.00024957
    13.50000000    -0.00021662
    13.60000000    -0.00018675
    13.70000000    -0.00015953
    13.80000000    -0.00013458
    13.90000000    -0.00011155
    14.00000000    -0.00009010
    14.10000000    -0.00006993
    14.20000000    -0.00005075
    14.30000000    -0.00003230
    14.40000000    -0.00001430
    14.50000000     0.00000000
    14.60000000     0.00000000
    14.70000000     0.00000000
    14.80000000     0.00000000
    14.90000000     0.00000000
    15.00000000     0.00000000
    15.10000000     0.00000000
    15.20000000     0.00000000
    15.30000000     0.00000000
    15.40000000     0.00000000
    15.50000000     0.00000000
    15.60000000     0.00000000
    15.70000000     0.00000000
    15.80000000     0.00000000
    15.90000000     0.00000000
    16.00000000     0.00000000
    16.10000000     0.00000000
    16.20000000     0.00000000
    16.30000000     0.00000000
    16.40000000     0.00000000
    16.50000000     0.00000000
    16.60000000     0.00000000
    16.70000000     0.00000000
    16.80000000     0.00000000
    16.90000000     0.00000000
    17.00000000     0.00000000
    17.10000000     0.00000000
    17.20000000     0.00000000
    17.30000000     0.00000000
    17.40000000     0.00000000
    17.50000000     0.00000000
    17.60000000     0.00000000
    17.70000000     0.00000000
    17.80000000     0.00000000
    17.90000000     0.00000000
    18.00000000     0.00000000
    18.10000000     0.00000000
    18.20000000     0.00000000
    18.30000000     0.00000000
    18.40000000     0.00000000
    18.50000000     0.00000000
    18.60000000     0.00000000
    18.70000000     0.00000000
    18.80000000     0.00000000
    18.90000000     0.00000000
    19.00000000     0.00000000
    19.10000000     0.00000000
    19.20000000     0.00000000
    19.30000000     0.00000000
    19.40000000     0.00000000
    19.50000000     0.00000000
    19.60000000     0.00000000
    19.70000000     0.00000000
    19.80000000     0.00000000
    19.90000000     0.00000000
    20.00000000     0.00000000
    20.10000000     0.00000000
    20.20000000     0.00000000
    20.30000000     0.00000000
    20.40000000     0.00000000
    20.50000000     0.00000000
    20.60000000     0.00000000
    20.70000000     0.00000000
    20.80000000     0.00000000
    20.90000000     0.00000000
    21.00000000     0.00000000
    21.10000000     0.00000000
    21.20000000     0.00000000
    21.30000000     0.00000000
    21.40000000     0.00000000
    21.50000000     0.00000000
    21.60000000     0.00000000
    21.70000000     0.00000000
    21.80000000     0.00000000
    21.90000000     0.00000000
    22.00000000     0.00000000
    22.10000000     0.00000000
    22.20000000     0.00000000
    22.30000000     0.00000000
    22.40000000     0.00000000
    22.50000000     0.00000000
    22.60000000     0.00000000
    22.70000000     0.00000000
    22.80000000     0.00000000
    22.90000000     0.00000000
    23.00000000     0.00000000
    23.10000000     0.00000000
    23.20000000     0.00000000
    23.30000000     0.00000000
    23.40000000     0.00000000
    23.50000000     0.00000000
    23.60000000     0.00000000
    23.70000000     0.00000000
    23.80000000     0.00000000
    23.90000000     0.00000000
    24.00000000     0.00000000
    24.10000000     0.00000000
    24.20000000     0.00000000
    24.30000000     0.00000000
    24.40000000     0.00000000
    24.50000000     0.00000000
    24.60000000     0.00000000
    24.70000000     0.00000000
    24.80000000     0.00000000
    24.90000000     0.00000000
    25.00000000     0.00000000
    25.10000000     0.00000000
    25.20000000     0.00000000
    25.30000000     0.00000000
    25.40000000     0.00000000
    25.50000000     0.00000000
    25.60000000     0.00000000
    25.70000000     0.00000000
    25.80000000     0.00000000
    25.90000000     0.00000000
    26.00000000     0.00000000
    26.10000000     0.00000000
    26.20000000     0.00000000
    26.30000000     0.00000000
    26.40000000     0.00000000
    26.50000000     0.00000000
    26.60000000     0.00000000
    26.70000000     0.00000000
    26.80000000     0.00000000
    26.90000000     0.00000000
    27.00000000     0.00000000
    27.10000000     0.00000000
    27.20000000     0.00000000
    27.30000000     0.00000000
    27.40000000     0.00000000
    27.50000000     0.00000000
    27.60000000     0.00000000
    27.70000000     0.00000000
    27.80000000     0.00000000
    27.90000000     0.00000000
    28.00000000     0.00000000
    28.10000000     0.00000000
    28.20000000     0.00000000
    28.30000000     0.00000000
    28.40000000     0.00000000
    28.50000000     0.00000000
    28.60000000     0.00000000
    28.70000000     0.00000000
    28.80000000     0.00000000
    28.90000000     0.00000000
    29.00000000     0.00000000
    29.10000000     0.00000000
    29.20000000     0.00000000
    29.30000000     0.00000000
    29.40000000     0.00000000
    29.50000000     0.00000000
    29.60000000     0.00000000
    29.70000000     0.00000000
    29.80000000     0.00000000
    29.90000000     0.00000000
    30.00000000     0.00000000
