nl2j=    1    5   11
     0.00000000     0.00000000
     0.10000000     0.00000000
     0.20000000     0.00000001
     0.30000000     0.00000010
     0.40000000     0.00000053
     0.50000000     0.00000203
     0.60000000     0.00000601
     0.70000000     0.00001506
     0.80000000     0.00003329
     0.90000000     0.00006686
     1.00000000     0.00012451
     1.10000000     0.00021807
     1.20000000     0.00036298
     1.30000000     0.00057879
     1.40000000     0.00088961
     1.50000000     0.00132455
     1.60000000     0.00191792
     1.70000000     0.00270957
     1.80000000     0.00374486
     1.90000000     0.00507472
     2.00000000     0.00675540
     2.10000000     0.00884817
     2.20000000     0.01141882
     2.30000000     0.01453703
     2.40000000     0.01827553
     2.50000000     0.02270912
     2.60000000     0.02791360
     2.70000000     0.03396445
     2.80000000     0.04093548
     2.90000000     0.04889732
     3.00000000     0.05791586
     3.10000000     0.06805057
     3.20000000     0.07935285
     3.30000000     0.09186433
     3.40000000     0.10561522
     3.50000000     0.12062270
     3.60000000     0.13688938
     3.70000000     0.15440196
     3.80000000     0.17312995
     3.90000000     0.19302466
     4.00000000     0.21401839
     4.10000000     0.23602386
     4.20000000     0.25893393
     4.30000000     0.28262166
     4.40000000     0.30694067
     4.50000000     0.33172584
     4.60000000     0.35679446
     4.70000000     0.38194760
     4.80000000     0.40697204
     4.90000000     0.43164244
     5.00000000     0.45572395
     5.10000000     0.47897513
     5.20000000     0.50115127
     5.30000000     0.52200794
     5.40000000     0.54130486
     5.50000000     0.55880994
     5.60000000     0.57430354
     5.70000000     0.58758276
     5.80000000     0.59846581
     5.90000000     0.60679621
     6.00000000     0.61244689
     6.10000000     0.61532392
     6.20000000     0.61536985
     6.30000000     0.61256641
     6.40000000     0.60693654
     6.50000000     0.59854551
     6.60000000     0.58750097
     6.70000000     0.57395187
     6.80000000     0.55808618
     6.90000000     0.54012718
     7.00000000     0.52032857
     7.10000000     0.49896830
     7.20000000     0.47634150
     7.30000000     0.45275259
     7.40000000     0.42850707
     7.50000000     0.40390341
     7.60000000     0.37922538
     7.70000000     0.35473533
     7.80000000     0.33066871
     7.90000000     0.30723015
     8.00000000     0.28459106
     8.10000000     0.26288893
     8.20000000     0.24222794
     8.30000000     0.22268091
     8.40000000     0.20429205
     8.50000000     0.18708044
     8.60000000     0.17104372
     8.70000000     0.15616188
     8.80000000     0.14240094
     8.90000000     0.12971633
     9.00000000     0.11805591
     9.10000000     0.10736250
     9.20000000     0.09757613
     9.30000000     0.08863572
     9.40000000     0.08048051
     9.50000000     0.07305112
     9.60000000     0.06629029
     9.70000000     0.06014344
     9.80000000     0.05455902
     9.90000000     0.04948869
    10.00000000     0.04488743
    10.10000000     0.04071350
    10.20000000     0.03692839
    10.30000000     0.03349666
    10.40000000     0.03038586
    10.50000000     0.02756627
    10.60000000     0.02501081
    10.70000000     0.02269478
    10.80000000     0.02059572
    10.90000000     0.01869323
    11.00000000     0.01696879
    11.10000000     0.01540559
    11.20000000     0.01398841
    11.30000000     0.01270347
    11.40000000     0.01153826
    11.50000000     0.01048149
    11.60000000     0.00952291
    11.70000000     0.00865328
    11.80000000     0.00786421
    11.90000000     0.00714811
    12.00000000     0.00649814
    12.10000000     0.00590808
    12.20000000     0.00537232
    12.30000000     0.00488577
    12.40000000     0.00444383
    12.50000000     0.00404235
    12.60000000     0.00367754
    12.70000000     0.00334600
    12.80000000     0.00304463
    12.90000000     0.00277063
    13.00000000     0.00252147
    13.10000000     0.00229484
    13.20000000     0.00208866
    13.30000000     0.00190104
    13.40000000     0.00173026
    13.50000000     0.00157477
    13.60000000     0.00143315
    13.70000000     0.00130413
    13.80000000     0.00118653
    13.90000000     0.00107931
    14.00000000     0.00098150
    14.10000000     0.00089223
    14.20000000     0.00081070
    14.30000000     0.00073618
    14.40000000     0.00066802
    14.50000000     0.00060561
    14.60000000     0.00054841
    14.70000000     0.00049591
    14.80000000     0.00044766
    14.90000000     0.00040323
    15.00000000     0.00036223
    15.10000000     0.00032431
    15.20000000     0.00028914
    15.30000000     0.00025642
    15.40000000     0.00022587
    15.50000000     0.00019722
    15.60000000     0.00017023
    15.70000000     0.00014467
    15.80000000     0.00012033
    15.90000000     0.00009699
    16.00000000     0.00007446
    16.10000000     0.00005255
    16.20000000     0.00003108
    16.30000000     0.00000987
    16.40000000     0.00000000
    16.50000000     0.00000000
    16.60000000     0.00000000
    16.70000000     0.00000000
    16.80000000     0.00000000
    16.90000000     0.00000000
    17.00000000     0.00000000
    17.10000000     0.00000000
    17.20000000     0.00000000
    17.30000000     0.00000000
    17.40000000     0.00000000
    17.50000000     0.00000000
    17.60000000     0.00000000
    17.70000000     0.00000000
    17.80000000     0.00000000
    17.90000000     0.00000000
    18.00000000     0.00000000
    18.10000000     0.00000000
    18.20000000     0.00000000
    18.30000000     0.00000000
    18.40000000     0.00000000
    18.50000000     0.00000000
    18.60000000     0.00000000
    18.70000000     0.00000000
    18.80000000     0.00000000
    18.90000000     0.00000000
    19.00000000     0.00000000
    19.10000000     0.00000000
    19.20000000     0.00000000
    19.30000000     0.00000000
    19.40000000     0.00000000
    19.50000000     0.00000000
    19.60000000     0.00000000
    19.70000000     0.00000000
    19.80000000     0.00000000
    19.90000000     0.00000000
    20.00000000     0.00000000
    20.10000000     0.00000000
    20.20000000     0.00000000
    20.30000000     0.00000000
    20.40000000     0.00000000
    20.50000000     0.00000000
    20.60000000     0.00000000
    20.70000000     0.00000000
    20.80000000     0.00000000
    20.90000000     0.00000000
    21.00000000     0.00000000
    21.10000000     0.00000000
    21.20000000     0.00000000
    21.30000000     0.00000000
    21.40000000     0.00000000
    21.50000000     0.00000000
    21.60000000     0.00000000
    21.70000000     0.00000000
    21.80000000     0.00000000
    21.90000000     0.00000000
    22.00000000     0.00000000
    22.10000000     0.00000000
    22.20000000     0.00000000
    22.30000000     0.00000000
    22.40000000     0.00000000
    22.50000000     0.00000000
    22.60000000     0.00000000
    22.70000000     0.00000000
    22.80000000     0.00000000
    22.90000000     0.00000000
    23.00000000     0.00000000
    23.10000000     0.00000000
    23.20000000     0.00000000
    23.30000000     0.00000000
    23.40000000     0.00000000
    23.50000000     0.00000000
    23.60000000     0.00000000
    23.70000000     0.00000000
    23.80000000     0.00000000
    23.90000000     0.00000000
    24.00000000     0.00000000
    24.10000000     0.00000000
    24.20000000     0.00000000
    24.30000000     0.00000000
    24.40000000     0.00000000
    24.50000000     0.00000000
    24.60000000     0.00000000
    24.70000000     0.00000000
    24.80000000     0.00000000
    24.90000000     0.00000000
    25.00000000     0.00000000
    25.10000000     0.00000000
    25.20000000     0.00000000
    25.30000000     0.00000000
    25.40000000     0.00000000
    25.50000000     0.00000000
    25.60000000     0.00000000
    25.70000000     0.00000000
    25.80000000     0.00000000
    25.90000000     0.00000000
    26.00000000     0.00000000
    26.10000000     0.00000000
    26.20000000     0.00000000
    26.30000000     0.00000000
    26.40000000     0.00000000
    26.50000000     0.00000000
    26.60000000     0.00000000
    26.70000000     0.00000000
    26.80000000     0.00000000
    26.90000000     0.00000000
    27.00000000     0.00000000
    27.10000000     0.00000000
    27.20000000     0.00000000
    27.30000000     0.00000000
    27.40000000     0.00000000
    27.50000000     0.00000000
    27.60000000     0.00000000
    27.70000000     0.00000000
    27.80000000     0.00000000
    27.90000000     0.00000000
    28.00000000     0.00000000
    28.10000000     0.00000000
    28.20000000     0.00000000
    28.30000000     0.00000000
    28.40000000     0.00000000
    28.50000000     0.00000000
    28.60000000     0.00000000
    28.70000000     0.00000000
    28.80000000     0.00000000
    28.90000000     0.00000000
    29.00000000     0.00000000
    29.10000000     0.00000000
    29.20000000     0.00000000
    29.30000000     0.00000000
    29.40000000     0.00000000
    29.50000000     0.00000000
    29.60000000     0.00000000
    29.70000000     0.00000000
    29.80000000     0.00000000
    29.90000000     0.00000000
    30.00000000     0.00000000
