nl2j=    1    2    3
     0.00000000     0.00000000
     0.10000000     0.00001765
     0.20000000     0.00014102
     0.30000000     0.00047487
     0.40000000     0.00112199
     0.50000000     0.00218233
     0.60000000     0.00375200
     0.70000000     0.00592242
     0.80000000     0.00877941
     0.90000000     0.01240241
     1.00000000     0.01686371
     1.10000000     0.02222769
     1.20000000     0.02855019
     1.30000000     0.03587793
     1.40000000     0.04424795
     1.50000000     0.05368719
     1.60000000     0.06421211
     1.70000000     0.07582839
     1.80000000     0.08853076
     1.90000000     0.10230283
     2.00000000     0.11711707
     2.10000000     0.13293491
     2.20000000     0.14970683
     2.30000000     0.16737262
     2.40000000     0.18586168
     2.50000000     0.20509349
     2.60000000     0.22497800
     2.70000000     0.24541632
     2.80000000     0.26630128
     2.90000000     0.28751824
     3.00000000     0.30894582
     3.10000000     0.33045686
     3.20000000     0.35191928
     3.30000000     0.37319710
     3.40000000     0.39415154
     3.50000000     0.41464204
     3.60000000     0.43452745
     3.70000000     0.45366720
     3.80000000     0.47192249
     3.90000000     0.48915754
     4.00000000     0.50524083
     4.10000000     0.52004632
     4.20000000     0.53345474
     4.30000000     0.54535484
     4.40000000     0.55564457
     4.50000000     0.56423234
     4.60000000     0.57103815
     4.70000000     0.57599470
     4.80000000     0.57904846
     4.90000000     0.58016067
     5.00000000     0.57930818
     5.10000000     0.57648428
     5.20000000     0.57169930
     5.30000000     0.56498118
     5.40000000     0.55637573
     5.50000000     0.54594678
     5.60000000     0.53377612
     5.70000000     0.51996305
     5.80000000     0.50462382
     5.90000000     0.48789063
     6.00000000     0.46991034
     6.10000000     0.45084280
     6.20000000     0.43085886
     6.30000000     0.41013801
     6.40000000     0.38886563
     6.50000000     0.36723004
     6.60000000     0.34541920
     6.70000000     0.32361743
     6.80000000     0.30200192
     6.90000000     0.28073947
     7.00000000     0.25998341
     7.10000000     0.23987094
     7.20000000     0.22052091
     7.30000000     0.20203231
     7.40000000     0.18448339
     7.50000000     0.16793157
     7.60000000     0.15241395
     7.70000000     0.13794853
     7.80000000     0.12453592
     7.90000000     0.11216147
     8.00000000     0.10079758
     8.10000000     0.09040615
     8.20000000     0.08094103
     8.30000000     0.07235024
     8.40000000     0.06457805
     8.50000000     0.05756678
     8.60000000     0.05125831
     8.70000000     0.04559527
     8.80000000     0.04052204
     8.90000000     0.03598541
     9.00000000     0.03193508
     9.10000000     0.02832398
     9.20000000     0.02510842
     9.30000000     0.02224812
     9.40000000     0.01970619
     9.50000000     0.01744901
     9.60000000     0.01544607
     9.70000000     0.01366981
     9.80000000     0.01209538
     9.90000000     0.01070047
    10.00000000     0.00946508
    10.10000000     0.00837130
    10.20000000     0.00740319
    10.30000000     0.00654649
    10.40000000     0.00578853
    10.50000000     0.00511804
    10.60000000     0.00452500
    10.70000000     0.00400052
    10.80000000     0.00353672
    10.90000000     0.00312660
    11.00000000     0.00276397
    11.10000000     0.00244333
    11.20000000     0.00215983
    11.30000000     0.00190917
    11.40000000     0.00168754
    11.50000000     0.00149157
    11.60000000     0.00131828
    11.70000000     0.00116503
    11.80000000     0.00102950
    11.90000000     0.00090961
    12.00000000     0.00080354
    12.10000000     0.00070969
    12.20000000     0.00062661
    12.30000000     0.00055305
    12.40000000     0.00048789
    12.50000000     0.00043013
    12.60000000     0.00037890
    12.70000000     0.00033342
    12.80000000     0.00029299
    12.90000000     0.00025700
    13.00000000     0.00022491
    13.10000000     0.00019622
    13.20000000     0.00017051
    13.30000000     0.00014738
    13.40000000     0.00012648
    13.50000000     0.00010749
    13.60000000     0.00009013
    13.70000000     0.00007413
    13.80000000     0.00005926
    13.90000000     0.00004527
    14.00000000     0.00003198
    14.10000000     0.00001916
    14.20000000     0.00000664
    14.30000000     0.00000000
    14.40000000     0.00000000
    14.50000000     0.00000000
    14.60000000     0.00000000
    14.70000000     0.00000000
    14.80000000     0.00000000
    14.90000000     0.00000000
    15.00000000     0.00000000
    15.10000000     0.00000000
    15.20000000     0.00000000
    15.30000000     0.00000000
    15.40000000     0.00000000
    15.50000000     0.00000000
    15.60000000     0.00000000
    15.70000000     0.00000000
    15.80000000     0.00000000
    15.90000000     0.00000000
    16.00000000     0.00000000
    16.10000000     0.00000000
    16.20000000     0.00000000
    16.30000000     0.00000000
    16.40000000     0.00000000
    16.50000000     0.00000000
    16.60000000     0.00000000
    16.70000000     0.00000000
    16.80000000     0.00000000
    16.90000000     0.00000000
    17.00000000     0.00000000
    17.10000000     0.00000000
    17.20000000     0.00000000
    17.30000000     0.00000000
    17.40000000     0.00000000
    17.50000000     0.00000000
    17.60000000     0.00000000
    17.70000000     0.00000000
    17.80000000     0.00000000
    17.90000000     0.00000000
    18.00000000     0.00000000
    18.10000000     0.00000000
    18.20000000     0.00000000
    18.30000000     0.00000000
    18.40000000     0.00000000
    18.50000000     0.00000000
    18.60000000     0.00000000
    18.70000000     0.00000000
    18.80000000     0.00000000
    18.90000000     0.00000000
    19.00000000     0.00000000
    19.10000000     0.00000000
    19.20000000     0.00000000
    19.30000000     0.00000000
    19.40000000     0.00000000
    19.50000000     0.00000000
    19.60000000     0.00000000
    19.70000000     0.00000000
    19.80000000     0.00000000
    19.90000000     0.00000000
    20.00000000     0.00000000
    20.10000000     0.00000000
    20.20000000     0.00000000
    20.30000000     0.00000000
    20.40000000     0.00000000
    20.50000000     0.00000000
    20.60000000     0.00000000
    20.70000000     0.00000000
    20.80000000     0.00000000
    20.90000000     0.00000000
    21.00000000     0.00000000
    21.10000000     0.00000000
    21.20000000     0.00000000
    21.30000000     0.00000000
    21.40000000     0.00000000
    21.50000000     0.00000000
    21.60000000     0.00000000
    21.70000000     0.00000000
    21.80000000     0.00000000
    21.90000000     0.00000000
    22.00000000     0.00000000
    22.10000000     0.00000000
    22.20000000     0.00000000
    22.30000000     0.00000000
    22.40000000     0.00000000
    22.50000000     0.00000000
    22.60000000     0.00000000
    22.70000000     0.00000000
    22.80000000     0.00000000
    22.90000000     0.00000000
    23.00000000     0.00000000
    23.10000000     0.00000000
    23.20000000     0.00000000
    23.30000000     0.00000000
    23.40000000     0.00000000
    23.50000000     0.00000000
    23.60000000     0.00000000
    23.70000000     0.00000000
    23.80000000     0.00000000
    23.90000000     0.00000000
    24.00000000     0.00000000
    24.10000000     0.00000000
    24.20000000     0.00000000
    24.30000000     0.00000000
    24.40000000     0.00000000
    24.50000000     0.00000000
    24.60000000     0.00000000
    24.70000000     0.00000000
    24.80000000     0.00000000
    24.90000000     0.00000000
    25.00000000     0.00000000
    25.10000000     0.00000000
    25.20000000     0.00000000
    25.30000000     0.00000000
    25.40000000     0.00000000
    25.50000000     0.00000000
    25.60000000     0.00000000
    25.70000000     0.00000000
    25.80000000     0.00000000
    25.90000000     0.00000000
    26.00000000     0.00000000
    26.10000000     0.00000000
    26.20000000     0.00000000
    26.30000000     0.00000000
    26.40000000     0.00000000
    26.50000000     0.00000000
    26.60000000     0.00000000
    26.70000000     0.00000000
    26.80000000     0.00000000
    26.90000000     0.00000000
    27.00000000     0.00000000
    27.10000000     0.00000000
    27.20000000     0.00000000
    27.30000000     0.00000000
    27.40000000     0.00000000
    27.50000000     0.00000000
    27.60000000     0.00000000
    27.70000000     0.00000000
    27.80000000     0.00000000
    27.90000000     0.00000000
    28.00000000     0.00000000
    28.10000000     0.00000000
    28.20000000     0.00000000
    28.30000000     0.00000000
    28.40000000     0.00000000
    28.50000000     0.00000000
    28.60000000     0.00000000
    28.70000000     0.00000000
    28.80000000     0.00000000
    28.90000000     0.00000000
    29.00000000     0.00000000
    29.10000000     0.00000000
    29.20000000     0.00000000
    29.30000000     0.00000000
    29.40000000     0.00000000
    29.50000000     0.00000000
    29.60000000     0.00000000
    29.70000000     0.00000000
    29.80000000     0.00000000
    29.90000000     0.00000000
    30.00000000     0.00000000
