nl2j=    3    0    1
     0.00000000     0.00000000
     0.10000000     0.05237873
     0.20000000     0.10402950
     0.30000000     0.15423450
     0.40000000     0.20229598
     0.50000000     0.24754603
     0.60000000     0.28935578
     0.70000000     0.32714422
     0.80000000     0.36038621
     0.90000000     0.38861982
     1.00000000     0.41145275
     1.10000000     0.42856774
     1.20000000     0.43972706
     1.30000000     0.44477570
     1.40000000     0.44364365
     1.50000000     0.43634677
     1.60000000     0.42298661
     1.70000000     0.40374901
     1.80000000     0.37890146
     1.90000000     0.34878944
     2.00000000     0.31383154
     2.10000000     0.27451370
     2.20000000     0.23138238
     2.30000000     0.18503700
     2.40000000     0.13612154
     2.50000000     0.08531560
     2.60000000     0.03332492
     2.70000000    -0.01912849
     2.80000000    -0.07131637
     2.90000000    -0.12251441
     3.00000000    -0.17201235
     3.10000000    -0.21912393
     3.20000000    -0.26319640
     3.30000000    -0.30361971
     3.40000000    -0.33983504
     3.50000000    -0.37134257
     3.60000000    -0.39770848
     3.70000000    -0.41857103
     3.80000000    -0.43364558
     3.90000000    -0.44272855
     4.00000000    -0.44570021
     4.10000000    -0.44252625
     4.20000000    -0.43325817
     4.30000000    -0.41803238
     4.40000000    -0.39706805
     4.50000000    -0.37066374
     4.60000000    -0.33919282
     4.70000000    -0.30309780
     4.80000000    -0.26288344
     4.90000000    -0.21910899
     5.00000000    -0.17237947
     5.10000000    -0.12333613
     5.20000000    -0.07264624
     5.30000000    -0.02099241
     5.40000000     0.03093859
     5.50000000     0.08246706
     5.60000000     0.13293178
     5.70000000     0.18170113
     5.80000000     0.22818391
     5.90000000     0.27183947
     6.00000000     0.31218702
     6.10000000     0.34881390
     6.20000000     0.38138243
     6.30000000     0.40963524
     6.40000000     0.43339878
     6.50000000     0.45258489
     6.60000000     0.46719013
     6.70000000     0.47729305
     6.80000000     0.48304905
     6.90000000     0.48468332
     7.00000000     0.48248169
     7.10000000     0.47677999
     7.20000000     0.46795220
     7.30000000     0.45639797
     7.40000000     0.44252998
     7.50000000     0.42676186
     7.60000000     0.40949709
     7.70000000     0.39111937
     7.80000000     0.37198485
     7.90000000     0.35241624
     8.00000000     0.33269913
     8.10000000     0.31308006
     8.20000000     0.29376644
     8.30000000     0.27492785
     8.40000000     0.25669839
     8.50000000     0.23917994
     8.60000000     0.22244567
     8.70000000     0.20654395
     8.80000000     0.19150207
     8.90000000     0.17732991
     9.00000000     0.16402322
     9.10000000     0.15156665
     9.20000000     0.13993630
     9.30000000     0.12910195
     9.40000000     0.11902899
     9.50000000     0.10967987
     9.60000000     0.10101540
     9.70000000     0.09299571
     9.80000000     0.08558105
     9.90000000     0.07873233
    10.00000000     0.07241160
    10.10000000     0.06658233
    10.20000000     0.06120962
    10.30000000     0.05626037
    10.40000000     0.05170328
    10.50000000     0.04750896
    10.60000000     0.04364986
    10.70000000     0.04010022
    10.80000000     0.03683607
    10.90000000     0.03383510
    11.00000000     0.03107662
    11.10000000     0.02854144
    11.20000000     0.02621182
    11.30000000     0.02407135
    11.40000000     0.02210487
    11.50000000     0.02029840
    11.60000000     0.01863905
    11.70000000     0.01711494
    11.80000000     0.01571512
    11.90000000     0.01442952
    12.00000000     0.01324887
    12.10000000     0.01216464
    12.20000000     0.01116897
    12.30000000     0.01025467
    12.40000000     0.00941509
    12.50000000     0.00864414
    12.60000000     0.00793622
    12.70000000     0.00728619
    12.80000000     0.00668930
    12.90000000     0.00614122
    13.00000000     0.00563795
    13.10000000     0.00517583
    13.20000000     0.00475148
    13.30000000     0.00436182
    13.40000000     0.00400401
    13.50000000     0.00367542
    13.60000000     0.00337367
    13.70000000     0.00309656
    13.80000000     0.00284205
    13.90000000     0.00260830
    14.00000000     0.00239360
    14.10000000     0.00219638
    14.20000000     0.00201519
    14.30000000     0.00184873
    14.40000000     0.00169576
    14.50000000     0.00155518
    14.60000000     0.00142596
    14.70000000     0.00130716
    14.80000000     0.00119790
    14.90000000     0.00109739
    15.00000000     0.00100489
    15.10000000     0.00091974
    15.20000000     0.00084130
    15.30000000     0.00076900
    15.40000000     0.00070233
    15.50000000     0.00064078
    15.60000000     0.00058392
    15.70000000     0.00053131
    15.80000000     0.00048259
    15.90000000     0.00043740
    16.00000000     0.00039540
    16.10000000     0.00035629
    16.20000000     0.00031977
    16.30000000     0.00028560
    16.40000000     0.00025351
    16.50000000     0.00022327
    16.60000000     0.00019467
    16.70000000     0.00016748
    16.80000000     0.00014152
    16.90000000     0.00011660
    17.00000000     0.00009252
    17.10000000     0.00006912
    17.20000000     0.00004622
    17.30000000     0.00002367
    17.40000000     0.00000128
    17.50000000     0.00000000
    17.60000000     0.00000000
    17.70000000     0.00000000
    17.80000000     0.00000000
    17.90000000     0.00000000
    18.00000000     0.00000000
    18.10000000     0.00000000
    18.20000000     0.00000000
    18.30000000     0.00000000
    18.40000000     0.00000000
    18.50000000     0.00000000
    18.60000000     0.00000000
    18.70000000     0.00000000
    18.80000000     0.00000000
    18.90000000     0.00000000
    19.00000000     0.00000000
    19.10000000     0.00000000
    19.20000000     0.00000000
    19.30000000     0.00000000
    19.40000000     0.00000000
    19.50000000     0.00000000
    19.60000000     0.00000000
    19.70000000     0.00000000
    19.80000000     0.00000000
    19.90000000     0.00000000
    20.00000000     0.00000000
    20.10000000     0.00000000
    20.20000000     0.00000000
    20.30000000     0.00000000
    20.40000000     0.00000000
    20.50000000     0.00000000
    20.60000000     0.00000000
    20.70000000     0.00000000
    20.80000000     0.00000000
    20.90000000     0.00000000
    21.00000000     0.00000000
    21.10000000     0.00000000
    21.20000000     0.00000000
    21.30000000     0.00000000
    21.40000000     0.00000000
    21.50000000     0.00000000
    21.60000000     0.00000000
    21.70000000     0.00000000
    21.80000000     0.00000000
    21.90000000     0.00000000
    22.00000000     0.00000000
    22.10000000     0.00000000
    22.20000000     0.00000000
    22.30000000     0.00000000
    22.40000000     0.00000000
    22.50000000     0.00000000
    22.60000000     0.00000000
    22.70000000     0.00000000
    22.80000000     0.00000000
    22.90000000     0.00000000
    23.00000000     0.00000000
    23.10000000     0.00000000
    23.20000000     0.00000000
    23.30000000     0.00000000
    23.40000000     0.00000000
    23.50000000     0.00000000
    23.60000000     0.00000000
    23.70000000     0.00000000
    23.80000000     0.00000000
    23.90000000     0.00000000
    24.00000000     0.00000000
    24.10000000     0.00000000
    24.20000000     0.00000000
    24.30000000     0.00000000
    24.40000000     0.00000000
    24.50000000     0.00000000
    24.60000000     0.00000000
    24.70000000     0.00000000
    24.80000000     0.00000000
    24.90000000     0.00000000
    25.00000000     0.00000000
    25.10000000     0.00000000
    25.20000000     0.00000000
    25.30000000     0.00000000
    25.40000000     0.00000000
    25.50000000     0.00000000
    25.60000000     0.00000000
    25.70000000     0.00000000
    25.80000000     0.00000000
    25.90000000     0.00000000
    26.00000000     0.00000000
    26.10000000     0.00000000
    26.20000000     0.00000000
    26.30000000     0.00000000
    26.40000000     0.00000000
    26.50000000     0.00000000
    26.60000000     0.00000000
    26.70000000     0.00000000
    26.80000000     0.00000000
    26.90000000     0.00000000
    27.00000000     0.00000000
    27.10000000     0.00000000
    27.20000000     0.00000000
    27.30000000     0.00000000
    27.40000000     0.00000000
    27.50000000     0.00000000
    27.60000000     0.00000000
    27.70000000     0.00000000
    27.80000000     0.00000000
    27.90000000     0.00000000
    28.00000000     0.00000000
    28.10000000     0.00000000
    28.20000000     0.00000000
    28.30000000     0.00000000
    28.40000000     0.00000000
    28.50000000     0.00000000
    28.60000000     0.00000000
    28.70000000     0.00000000
    28.80000000     0.00000000
    28.90000000     0.00000000
    29.00000000     0.00000000
    29.10000000     0.00000000
    29.20000000     0.00000000
    29.30000000     0.00000000
    29.40000000     0.00000000
    29.50000000     0.00000000
    29.60000000     0.00000000
    29.70000000     0.00000000
    29.80000000     0.00000000
    29.90000000     0.00000000
    30.00000000     0.00000000
