0.06   0.134797
0.08   0.134943
0.1   0.13513
0.12   0.135358
0.14   0.135626
0.16   0.135934
0.18   0.136281
0.2   0.136666
0.22   0.137088
0.24   0.137547
0.26   0.138042
0.28   0.138571
0.3   0.139134
0.32   0.139728
0.34   0.140353
0.36   0.141008
0.38   0.141691
0.4   0.1424
0.42   0.143133
0.44   0.14389
0.46   0.144669
0.48   0.145467
0.5   0.146284
0.52   0.147116
0.54   0.147963
0.56   0.148822
0.58   0.149691
0.6   0.150569
0.62   0.151453
0.64   0.152341
0.66   0.153232
0.68   0.154123
0.7   0.155012
0.72   0.155896
0.74   0.156775
0.76   0.157646
0.78   0.158506
0.8   0.159354
0.82   0.160187
0.84   0.161004
0.86   0.161802
0.88   0.16258
0.9   0.163335
0.92   0.164066
0.94   0.16477
0.96   0.165445
0.98   0.166091
1   0.166704
1.02   0.167284
1.04   0.167829
1.06   0.168336
1.08   0.168805
1.1   0.169233
1.12   0.16962
1.14   0.169963
1.16   0.170263
1.18   0.170516
1.2   0.170723
1.22   0.170882
1.24   0.170992
1.26   0.171052
1.28   0.171061
1.3   0.171018
1.32   0.170923
1.34   0.170775
1.36   0.170574
1.38   0.170318
1.4   0.170008
1.42   0.169644
1.44   0.169224
1.46   0.16875
1.48   0.16822
1.5   0.167635
1.52   0.166996
1.54   0.166301
1.56   0.165553
1.58   0.16475
1.6   0.163893
1.62   0.162984
1.64   0.162022
1.66   0.161008
1.68   0.159943
1.7   0.158828
1.72   0.157664
1.74   0.156452
1.76   0.155192
1.78   0.153886
1.8   0.152534
1.82   0.151139
1.84   0.149702
1.86   0.148223
1.88   0.146704
1.9   0.145147
1.92   0.143553
1.94   0.141923
1.96   0.140259
1.98   0.138563
2   0.136836
2.02   0.135079
2.04   0.133295
2.06   0.131486
2.08   0.129652
2.1   0.127795
2.12   0.125918
2.14   0.124021
2.16   0.122108
2.18   0.120178
2.2   0.118235
2.22   0.11628
2.24   0.114314
2.26   0.112339
2.28   0.110357
2.3   0.108369
2.32   0.106378
2.34   0.104385
2.36   0.102391
2.38   0.100398
2.4   0.0984074
2.42   0.096421
2.44   0.09444
2.46   0.092466
2.48   0.0905003
2.5   0.0885443
2.52   0.0865993
2.54   0.0846666
2.56   0.0827475
2.58   0.080843
2.6   0.0789545
2.62   0.0770829
2.64   0.0752292
2.66   0.0733946
2.68   0.0715799
2.7   0.0697861
2.72   0.068014
2.74   0.0662643
2.76   0.0645379
2.78   0.0628355
2.8   0.0611576
2.82   0.0595049
2.84   0.0578779
2.86   0.0562772
2.88   0.0547032
2.9   0.0531562
2.92   0.0516367
2.94   0.050145
2.96   0.0486812
2.98   0.0472458
3   0.0458387
3.02   0.0444603
3.04   0.0431104
3.06   0.0417894
3.08   0.040497
3.1   0.0392334
3.12   0.0379985
3.14   0.0367922
3.16   0.0356143
3.18   0.0344648
3.2   0.0333435
3.22   0.03225
3.24   0.0311844
3.26   0.0301462
3.28   0.0291351
3.3   0.028151
3.32   0.0271934
3.34   0.0262621
3.36   0.0253567
3.38   0.0244767
3.4   0.0236219
3.42   0.0227918
3.44   0.021986
3.46   0.021204
3.48   0.0204456
3.5   0.0197101
3.52   0.0189972
3.54   0.0183064
3.56   0.0176373
3.58   0.0169893
3.6   0.016362
3.62   0.015755
3.64   0.0151678
3.66   0.0145999
3.68   0.0140508
3.7   0.0135201
3.72   0.0130073
3.74   0.012512
3.76   0.0120336
3.78   0.0115717
3.8   0.0111259
3.82   0.0106958
3.84   0.0102808
3.86   0.00988053
3.88   0.0094946
3.9   0.00912255
3.92   0.00876398
3.94   0.00841846
3.96   0.0080856
3.98   0.00776501
4   0.00745628
4.02   0.00715906
4.04   0.00687296
4.06   0.00659762
4.08   0.00633268
4.1   0.00607781
4.12   0.00583265
4.14   0.00559688
4.16   0.00537019
4.18   0.00515224
4.2   0.00494275
4.22   0.00474141
4.24   0.00454794
4.26   0.00436204
4.28   0.00418347
4.3   0.00401193
4.32   0.00384719
4.34   0.00368899
4.36   0.00353709
4.38   0.00339126
4.4   0.00325127
4.42   0.0031169
4.44   0.00298795
4.46   0.00286419
4.48   0.00274544
4.5   0.00263151
4.52   0.00252221
4.54   0.00241736
4.56   0.00231678
4.58   0.00222032
4.6   0.00212781
4.62   0.00203909
4.64   0.00195402
4.66   0.00187246
4.68   0.00179425
4.7   0.00171927
4.72   0.0016474
4.74   0.0015785
4.76   0.00151246
4.78   0.00144915
4.8   0.00138848
4.82   0.00133034
4.84   0.00127461
4.86   0.00122121
4.88   0.00117003
4.9   0.00112099
4.92   0.00107401
4.94   0.00102898
4.96   0.000985846
4.98   0.000944515
5   0.000904917
5.02   0.000866979
5.04   0.000830633
5.06   0.000795813
5.08   0.000762455
5.1   0.000730499
5.12   0.000699887
5.14   0.000670561
5.16   0.00064247
5.18   0.00061556
5.2   0.000589783
5.22   0.00056509
5.24   0.000541438
5.26   0.000518781
5.28   0.000497079
5.3   0.000476291
5.32   0.000456378
5.34   0.000437304
5.36   0.000419034
5.38   0.000401533
5.4   0.000384769
5.42   0.000368712
5.44   0.00035333
5.46   0.000338596
5.48   0.000324483
5.5   0.000310964
5.52   0.000298013
5.54   0.000285608
5.56   0.000273725
5.58   0.000262341
5.6   0.000251436
5.62   0.00024099
5.64   0.000230982
5.66   0.000221395
5.68   0.000212211
5.7   0.000203412
5.72   0.000194983
5.74   0.000186907
5.76   0.00017917
5.78   0.000171758
5.8   0.000164656
5.82   0.000157851
5.84   0.000151332
5.86   0.000145085
5.88   0.0001391
5.9   0.000133365
5.92   0.000127869
5.94   0.000122604
5.96   0.000117558
5.98   0.000112722
6   0.000108089
6.02   0.000103649
6.04   9.93932e-05
6.06   9.53151e-05
6.08   9.14068e-05
6.1   8.76611e-05
6.12   8.40711e-05
6.14   8.06303e-05
6.16   7.73324e-05
6.18   7.41715e-05
6.2   7.11417e-05
6.22   6.82375e-05
6.24   6.54536e-05
6.26   6.27851e-05
6.28   6.0227e-05
6.3   5.77747e-05
6.32   5.54238e-05
6.34   5.317e-05
6.36   5.10092e-05
6.38   4.89377e-05
6.4   4.69515e-05
6.42   4.50473e-05
6.44   4.32214e-05
6.46   4.14707e-05
6.48   3.9792e-05
6.5   3.81823e-05
6.52   3.66388e-05
6.54   3.51586e-05
6.56   3.37392e-05
6.58   3.23779e-05
6.6   3.10725e-05
6.62   2.98205e-05
6.64   2.86197e-05
6.66   2.74681e-05
6.68   2.63635e-05
6.7   2.5304e-05
6.72   2.42878e-05
6.74   2.3313e-05
6.76   2.2378e-05
6.78   2.1481e-05
6.8   2.06206e-05
6.82   1.97951e-05
6.84   1.90033e-05
6.86   1.82436e-05
6.88   1.75147e-05
6.9   1.68154e-05
6.92   1.61445e-05
6.94   1.55008e-05
6.96   1.48831e-05
6.98   1.42904e-05
7   1.37217e-05
7.02   1.3176e-05
7.04   1.26523e-05
7.06   1.21498e-05
7.08   1.16675e-05
7.1   1.12047e-05
7.12   1.07605e-05
7.14   1.03342e-05
7.16   9.925e-06
7.18   9.53229e-06
7.2   9.15536e-06
7.22   8.79356e-06
7.24   8.44627e-06
7.26   8.11292e-06
7.28   7.79292e-06
7.3   7.48573e-06
7.32   7.19084e-06
7.34   6.90774e-06
7.36   6.63595e-06
7.38   6.37502e-06
7.4   6.12451e-06
7.42   5.88399e-06
7.44   5.65306e-06
7.46   5.43132e-06
7.48   5.21842e-06
7.5   5.01398e-06
7.52   4.81767e-06
7.54   4.62917e-06
7.56   4.44815e-06
7.58   4.27431e-06
7.6   4.10737e-06
7.62   3.94704e-06
7.64   3.79307e-06
7.66   3.64519e-06
7.68   3.50316e-06
7.7   3.36674e-06
7.72   3.23572e-06
7.74   3.10987e-06
7.76   2.98898e-06
7.78   2.87287e-06
7.8   2.76132e-06
7.82   2.65418e-06
7.84   2.55125e-06
7.86   2.45237e-06
7.88   2.35737e-06
7.9   2.26611e-06
7.92   2.17844e-06
7.94   2.0942e-06
7.96   2.01327e-06
7.98   1.93551e-06
8   1.86079e-06
8.02   1.789e-06
8.04   1.72002e-06
8.06   1.65374e-06
8.08   1.59004e-06
8.1   1.52884e-06
8.12   1.47002e-06
8.14   1.4135e-06
8.16   1.35918e-06
8.18   1.30698e-06
8.2   1.25681e-06
8.22   1.20859e-06
8.24   1.16225e-06
8.26   1.11771e-06
8.28   1.0749e-06
8.3   1.03375e-06
8.32   9.94199e-07
8.34   9.56182e-07
8.36   9.19638e-07
8.38   8.84509e-07
8.4   8.50741e-07
8.42   8.1828e-07
8.44   7.87073e-07
8.46   7.57073e-07
8.48   7.28232e-07
8.5   7.00504e-07
8.52   6.73846e-07
8.54   6.48215e-07
8.56   6.23573e-07
8.58   5.9988e-07
8.6   5.77099e-07
8.62   5.55195e-07
8.64   5.34133e-07
8.66   5.1388e-07
8.68   4.94405e-07
8.7   4.75678e-07
8.72   4.5767e-07
8.74   4.40352e-07
8.76   4.23698e-07
8.78   4.07683e-07
8.8   3.9228e-07
8.82   3.77467e-07
8.84   3.6322e-07
8.86   3.49518e-07
8.88   3.36339e-07
8.9   3.23664e-07
8.92   3.11472e-07
8.94   2.99746e-07
8.96   2.88466e-07
8.98   2.77617e-07
9   2.6718e-07
9.02   2.57141e-07
9.04   2.47484e-07
9.06   2.38194e-07
9.08   2.29257e-07
9.1   2.2066e-07
9.12   2.12389e-07
9.14   2.04432e-07
9.16   1.96776e-07
9.18   1.89411e-07
9.2   1.82325e-07
9.22   1.75507e-07
9.24   1.68948e-07
9.26   1.62636e-07
9.28   1.56564e-07
9.3   1.5072e-07
9.32   1.45098e-07
9.34   1.39688e-07
9.36   1.34482e-07
9.38   1.29472e-07
9.4   1.24651e-07
9.42   1.20012e-07
9.44   1.15547e-07
9.46   1.11251e-07
9.48   1.07116e-07
9.5   1.03137e-07
9.52   9.93075e-08
9.54   9.56218e-08
9.56   9.20744e-08
9.58   8.86603e-08
9.6   8.53742e-08
9.62   8.22113e-08
9.64   7.9167e-08
9.66   7.62367e-08
9.68   7.34162e-08
9.7   7.07013e-08
9.72   6.80879e-08
9.74   6.55722e-08
9.76   6.31506e-08
9.78   6.08194e-08
9.8   5.85752e-08
9.82   5.64149e-08
9.84   5.43351e-08
9.86   5.23329e-08
9.88   5.04053e-08
9.9   4.85495e-08
9.92   4.67628e-08
9.94   4.50426e-08
9.96   4.33864e-08
9.98   4.17918e-08
10   4.02565e-08
10.02   3.87782e-08
10.04   3.73548e-08
10.06   3.59842e-08
10.08   3.46645e-08
10.1   3.33937e-08
10.12   3.21701e-08
10.14   3.09918e-08
10.16   2.98571e-08
10.18   2.87644e-08
10.2   2.77121e-08
10.22   2.66988e-08
10.24   2.57229e-08
10.26   2.47831e-08
10.28   2.3878e-08
10.3   2.30063e-08
10.32   2.21668e-08
10.34   2.13583e-08
10.36   2.05796e-08
10.38   1.98295e-08
10.4   1.91071e-08
10.42   1.84113e-08
10.44   1.77412e-08
10.46   1.70956e-08
10.48   1.64738e-08
10.5   1.58749e-08
10.52   1.5298e-08
10.54   1.47423e-08
10.56   1.42069e-08
10.58   1.36913e-08
10.6   1.31945e-08
10.62   1.2716e-08
10.64   1.2255e-08
10.66   1.18108e-08
10.68   1.1383e-08
10.7   1.09708e-08
10.72   1.05737e-08
10.74   1.01911e-08
10.76   9.82252e-09
10.78   9.46739e-09
10.8   9.12524e-09
10.82   8.79559e-09
10.84   8.47796e-09
10.86   8.17193e-09
10.88   7.87705e-09
10.9   7.59293e-09
10.92   7.31916e-09
10.94   7.05536e-09
10.96   6.80117e-09
10.98   6.55623e-09
11   6.32021e-09
11.02   6.09276e-09
11.04   5.87359e-09
11.06   5.66238e-09
11.08   5.45884e-09
11.1   5.26269e-09
11.12   5.07366e-09
11.14   4.89149e-09
11.16   4.71593e-09
11.18   4.54673e-09
11.2   4.38366e-09
11.22   4.2265e-09
11.24   4.07503e-09
11.26   3.92904e-09
11.28   3.78834e-09
11.3   3.65272e-09
11.32   3.52201e-09
11.34   3.39602e-09
11.36   3.27459e-09
11.38   3.15753e-09
11.4   3.04471e-09
11.42   2.93595e-09
11.44   2.83112e-09
11.46   2.73007e-09
11.48   2.63266e-09
11.5   2.53876e-09
11.52   2.44824e-09
11.54   2.36098e-09
11.56   2.27686e-09
11.58   2.19576e-09
11.6   2.11759e-09
11.62   2.04222e-09
11.64   1.96956e-09
11.66   1.89951e-09
11.68   1.83198e-09
11.7   1.76687e-09
11.72   1.7041e-09
11.74   1.64357e-09
11.76   1.58522e-09
11.78   1.52896e-09
11.8   1.47472e-09
11.82   1.42242e-09
11.84   1.37199e-09
11.86   1.32336e-09
11.88   1.27648e-09
11.9   1.23127e-09
11.92   1.18768e-09
11.94   1.14564e-09
11.96   1.10511e-09
11.98   1.06603e-09
12   1.02834e-09
12.02   9.91992e-10
12.04   9.56944e-10
12.06   9.23145e-10
12.08   8.90552e-10
12.1   8.59119e-10
12.12   8.28807e-10
12.14   7.99574e-10
12.16   7.71381e-10
12.18   7.44192e-10
12.2   7.1797e-10
12.22   6.9268e-10
12.24   6.68289e-10
12.26   6.44765e-10
12.28   6.22077e-10
12.3   6.00194e-10
12.32   5.79088e-10
12.34   5.58731e-10
12.36   5.39096e-10
12.38   5.20157e-10
12.4   5.01889e-10
12.42   4.84269e-10
12.44   4.67273e-10
12.46   4.50879e-10
12.48   4.35065e-10
12.5   4.19811e-10
12.52   4.05097e-10
12.54   3.90903e-10
12.56   3.7721e-10
12.58   3.64002e-10
12.6   3.5126e-10
12.62   3.38968e-10
12.64   3.2711e-10
12.66   3.1567e-10
12.68   3.04634e-10
12.7   2.93988e-10
12.72   2.83716e-10
12.74   2.73807e-10
12.76   2.64247e-10
12.78   2.55023e-10
12.8   2.46124e-10
12.82   2.37539e-10
12.84   2.29255e-10
12.86   2.21263e-10
12.88   2.13552e-10
12.9   2.06112e-10
12.92   1.98934e-10
12.94   1.92007e-10
12.96   1.85324e-10
12.98   1.78875e-10
13   1.72653e-10
13.02   1.66649e-10
13.04   1.60856e-10
13.06   1.55266e-10
13.08   1.49871e-10
13.1   1.44666e-10
13.12   1.39643e-10
13.14   1.34796e-10
13.16   1.30118e-10
13.18   1.25604e-10
13.2   1.21249e-10
13.22   1.17045e-10
13.24   1.12988e-10
13.26   1.09073e-10
13.28   1.05295e-10
13.3   1.01649e-10
13.32   9.81305e-11
13.34   9.47345e-11
13.36   9.1457e-11
13.38   8.82939e-11
13.4   8.5241e-11
13.42   8.22946e-11
13.44   7.94508e-11
13.46   7.67061e-11
13.48   7.40571e-11
13.5   7.15002e-11
13.52   6.90324e-11
13.54   6.66504e-11
13.56   6.43513e-11
13.58   6.21321e-11
13.6   5.99901e-11
13.62   5.79225e-11
13.64   5.59268e-11
13.66   5.40003e-11
13.68   5.21408e-11
13.7   5.03458e-11
13.72   4.86131e-11
13.74   4.69405e-11
13.76   4.53259e-11
13.78   4.37673e-11
13.8   4.22627e-11
13.82   4.08103e-11
13.84   3.94081e-11
13.86   3.80545e-11
13.88   3.67478e-11
13.9   3.54863e-11
13.92   3.42684e-11
13.94   3.30927e-11
13.96   3.19576e-11
13.98   3.08617e-11
14   2.98038e-11
14.02   2.87823e-11
14.04   2.77962e-11
14.06   2.68441e-11
14.08   2.59248e-11
14.1   2.50373e-11
14.12   2.41804e-11
14.14   2.3353e-11
14.16   2.25542e-11
14.18   2.17829e-11
14.2   2.10382e-11
14.22   2.03191e-11
14.24   1.96248e-11
14.26   1.89544e-11
14.28   1.83071e-11
14.3   1.7682e-11
14.32   1.70785e-11
14.34   1.64957e-11
14.36   1.59329e-11
14.38   1.53895e-11
14.4   1.48647e-11
14.42   1.4358e-11
14.44   1.38687e-11
14.46   1.33961e-11
14.48   1.29398e-11
14.5   1.24992e-11
14.52   1.20736e-11
14.54   1.16627e-11
14.56   1.12658e-11
14.58   1.08826e-11
14.6   1.05125e-11
14.62   1.0155e-11
14.64   9.8098e-12
14.66   9.47641e-12
14.68   9.15443e-12
14.7   8.84346e-12
14.72   8.54314e-12
14.74   8.25308e-12
14.76   7.97295e-12
14.78   7.70238e-12
14.8   7.44106e-12
14.82   7.18867e-12
14.84   6.9449e-12
14.86   6.70945e-12
14.88   6.48204e-12
14.9   6.26238e-12
14.92   6.05022e-12
14.94   5.8453e-12
14.96   5.64737e-12
14.98   5.45618e-12
15   5.2715e-12
15.02   5.09312e-12
15.04   4.92081e-12
15.06   4.75437e-12
15.08   4.5936e-12
15.1   4.4383e-12
15.12   4.28828e-12
15.14   4.14337e-12
15.16   4.00338e-12
15.18   3.86815e-12
15.2   3.73752e-12
15.22   3.61133e-12
15.24   3.48943e-12
15.26   3.37166e-12
15.28   3.2579e-12
15.3   3.14799e-12
15.32   3.04182e-12
15.34   2.93925e-12
15.36   2.84015e-12
15.38   2.74442e-12
15.4   2.65193e-12
15.42   2.56258e-12
15.44   2.47626e-12
15.46   2.39286e-12
15.48   2.31228e-12
15.5   2.23443e-12
15.52   2.15922e-12
15.54   2.08655e-12
15.56   2.01635e-12
15.58   1.94851e-12
15.6   1.88297e-12
15.62   1.81965e-12
15.64   1.75847e-12
15.66   1.69935e-12
15.68   1.64223e-12
15.7   1.58705e-12
15.72   1.53372e-12
15.74   1.48219e-12
15.76   1.43241e-12
15.78   1.3843e-12
15.8   1.33782e-12
15.82   1.2929e-12
15.84   1.2495e-12
15.86   1.20757e-12
15.88   1.16704e-12
15.9   1.12788e-12
15.92   1.09004e-12
15.94   1.05348e-12
15.96   1.01814e-12
15.98   9.83999e-13
16   9.51003e-13
16.02   9.19118e-13
16.04   8.88306e-13
16.06   8.58529e-13
16.08   8.29754e-13
16.1   8.01947e-13
16.12   7.75073e-13
16.14   7.49103e-13
16.16   7.24006e-13
16.18   6.99751e-13
16.2   6.76311e-13
16.22   6.53657e-13
16.24   6.31764e-13
16.26   6.10606e-13
16.28   5.90157e-13
16.3   5.70395e-13
16.32   5.51295e-13
16.34   5.32835e-13
16.36   5.14995e-13
16.38   4.97752e-13
16.4   4.81087e-13
16.42   4.6498e-13
16.44   4.49412e-13
16.46   4.34366e-13
16.48   4.19824e-13
16.5   4.05768e-13
16.52   3.92183e-13
16.54   3.79052e-13
16.56   3.66361e-13
16.58   3.54094e-13
16.6   3.42237e-13
16.62   3.30776e-13
16.64   3.19699e-13
16.66   3.08992e-13
16.68   2.98642e-13
16.7   2.88638e-13
16.72   2.78969e-13
16.74   2.69622e-13
16.76   2.60587e-13
16.78   2.51854e-13
16.8   2.43413e-13
16.82   2.35253e-13
16.84   2.27365e-13
16.86   2.19741e-13
16.88   2.12371e-13
16.9   2.05246e-13
16.92   1.98359e-13
16.94   1.91702e-13
16.96   1.85267e-13
16.98   1.79046e-13
17   1.73033e-13
17.02   1.6722e-13
17.04   1.616e-13
17.06   1.56168e-13
17.08   1.50917e-13
17.1   1.45841e-13
17.12   1.40934e-13
17.14   1.3619e-13
17.16   1.31604e-13
17.18   1.27171e-13
17.2   1.22886e-13
17.22   1.18743e-13
17.24   1.14738e-13
17.26   1.10867e-13
17.28   1.07124e-13
17.3   1.03507e-13
17.32   1.00009e-13
17.34   9.66283e-14
17.36   9.336e-14
17.38   9.02007e-14
17.4   8.71466e-14
17.42   8.41942e-14
17.44   8.13403e-14
17.46   7.85815e-14
17.48   7.59147e-14
17.5   7.33368e-14
17.52   7.0845e-14
17.54   6.84363e-14
17.56   6.6108e-14
17.58   6.38576e-14
17.6   6.16823e-14
17.62   5.95798e-14
17.64   5.75476e-14
17.66   5.55835e-14
17.68   5.36852e-14
17.7   5.18505e-14
17.72   5.00774e-14
17.74   4.83639e-14
17.76   4.6708e-14
17.78   4.51079e-14
17.8   4.35617e-14
17.82   4.20677e-14
17.84   4.06242e-14
17.86   3.92296e-14
17.88   3.78823e-14
17.9   3.65807e-14
17.92   3.53235e-14
17.94   3.41092e-14
17.96   3.29364e-14
17.98   3.18038e-14
18   3.07102e-14
18.02   2.96543e-14
18.04   2.8635e-14
18.06   2.76511e-14
18.08   2.67014e-14
18.1   2.57851e-14
18.12   2.49009e-14
18.14   2.4048e-14
18.16   2.32254e-14
18.18   2.24322e-14
18.2   2.16676e-14
18.22   2.09305e-14
18.24   2.02204e-14
18.26   1.95363e-14
18.28   1.88776e-14
18.3   1.82435e-14
18.32   1.76334e-14
18.34   1.70465e-14
18.36   1.64822e-14
18.38   1.594e-14
18.4   1.54193e-14
18.42   1.49194e-14
18.44   1.444e-14
18.46   1.39804e-14
18.48   1.35402e-14
18.5   1.31189e-14
18.52   1.27162e-14
18.54   1.23316e-14
18.56   1.19646e-14
18.58   1.16151e-14
18.6   1.12825e-14
18.62   1.09667e-14
18.64   1.06672e-14
18.66   1.03838e-14
18.68   1.01163e-14
18.7   9.86447e-15
18.72   9.62801e-15
18.74   9.40676e-15
18.76   9.20056e-15
18.78   9.00924e-15
18.8   8.83268e-15
18.82   8.67076e-15
18.84   8.52339e-15
18.86   8.3905e-15
18.88   8.27203e-15
18.9   8.16796e-15
18.92   8.07828e-15
18.94   8.003e-15
18.96   7.94216e-15
18.98   7.8958e-15
19   7.86401e-15
19.02   7.84688e-15
19.04   7.84454e-15
19.06   7.85713e-15
19.08   7.88483e-15
19.1   7.92782e-15
19.12   7.98633e-15
19.14   8.06059e-15
19.16   8.15088e-15
19.18   8.25749e-15
19.2   8.38074e-15
19.22   8.521e-15
19.24   8.67862e-15
19.26   8.85404e-15
19.28   9.04768e-15
19.3   9.26002e-15
19.32   9.49157e-15
19.34   9.74285e-15
19.36   1.00145e-14
19.38   1.0307e-14
19.4   1.06211e-14
19.42   1.09575e-14
19.44   1.13168e-14
19.46   1.17e-14
19.48   1.21077e-14
19.5   1.25408e-14
19.52   1.30003e-14
19.54   1.3487e-14
19.56   1.4002e-14
19.58   1.45464e-14
19.6   1.51213e-14
19.62   1.57278e-14
19.64   1.63672e-14
19.66   1.70407e-14
19.68   1.77497e-14
19.7   1.84957e-14
19.72   1.92801e-14
19.74   2.01045e-14
19.76   2.09706e-14
19.78   2.188e-14
19.8   2.28346e-14
19.82   2.38363e-14
19.84   2.4887e-14
19.86   2.59889e-14
19.88   2.71441e-14
19.9   2.83549e-14
19.92   2.96237e-14
19.94   3.0953e-14
19.96   3.23454e-14
19.98   3.38036e-14
20   3.53306e-14
20.02   0
