0	0	inf	-50.9993	inf	inf	5.72122e-37
0.01	1.19362e-12	4.14995e+06	-50.9993	4.15e+06	0.0319402	5.72121e-37
0.02	-3.34218e-11	1.03745e+06	-50.9993	1.0375e+06	0.0162103	5.72119e-37
0.03	-3.54498e-10	461060	-50.9993	461111	0.0109693	5.72116e-37
0.04	-1.64232e-09	259324	-50.9993	259375	0.00835071	5.72112e-37
0.05	-5.2215e-09	165949	-50.9993	166000	0.00678102	5.72106e-37
0.06	-1.32755e-08	115227	-50.9993	115278	0.00573582	5.72099e-37
0.07	-2.90611e-08	84642.9	-50.9992	84693.9	0.00499035	5.72091e-37
0.08	-5.71221e-08	64792.8	-50.9992	64843.8	0.00443221	5.72082e-37
0.09	-1.03504e-07	51183.6	-50.9992	51234.6	0.00399899	5.72071e-37
0.1	-1.75965e-07	41449	-50.9992	41500	0.00365321	5.72059e-37
0.11	-2.84194e-07	34246.5	-50.9992	34297.5	0.00337104	5.72046e-37
0.12	-4.40017e-07	28768.4	-50.9992	28819.4	0.00313658	5.72032e-37
0.13	-6.57614e-07	24505.2	-50.9992	24556.2	0.00293884	5.72016e-37
0.14	-9.53727e-07	21122.5	-50.9992	21173.5	0.00276996	5.71999e-37
0.15	-1.34787e-06	18393.4	-50.9992	18444.4	0.00262417	5.71981e-37
0.16	-1.86256e-06	16159.9	-50.9991	16210.9	0.00249715	5.71961e-37
0.17	-2.52348e-06	14308.9	-50.9991	14359.9	0.0023856	5.71941e-37
0.18	-3.35973e-06	12757.6	-50.9991	12808.6	0.00228695	5.71919e-37
0.19	-4.40402e-06	11444.8	-50.9991	11495.8	0.00219916	5.71896e-37
0.2	-5.69289e-06	10324	-50.9991	10375	0.00212062	5.71871e-37
0.21	-7.26689e-06	9359.43	-50.9991	9410.43	0.00205	5.71845e-37
0.22	-9.1708e-06	8523.38	-50.9991	8574.38	0.00198625	5.71819e-37
0.23	-1.14538e-05	7793.99	-50.999	7844.99	0.00192846	5.7179e-37
0.24	-1.41699e-05	7153.86	-50.999	7204.86	0.00187589	5.71761e-37
0.25	-1.73776e-05	6589	-50.999	6640	0.00182794	5.7173e-37
0.26	-2.11407e-05	6088.06	-50.999	6139.05	0.00178406	5.71698e-37
0.27	-2.55282e-05	5641.73	-50.999	5692.73	0.00174382	5.71665e-37
0.28	-3.06146e-05	5242.37	-50.999	5293.37	0.00170682	5.71631e-37
0.29	-3.64798e-05	4883.6	-50.999	4934.6	0.00167275	5.71595e-37
0.3	-4.32097e-05	4560.11	-50.9989	4611.11	0.0016413	5.71558e-37
0.31	-5.08963e-05	4267.42	-50.9989	4318.42	0.00161224	5.7152e-37
0.32	-5.96377e-05	4001.74	-50.9989	4052.73	0.00158534	5.7148e-37
0.33	-6.95384e-05	3759.84	-50.9989	3810.84	0.00156042	5.7144e-37
0.34	-8.07096e-05	3538.97	-50.9989	3589.97	0.0015373	5.71398e-37
0.35	-9.32692e-05	3336.76	-50.9989	3387.76	0.00151583	5.71354e-37
0.36	-0.000107342	3151.16	-50.9988	3202.16	0.00149588	5.7131e-37
0.37	-0.00012306	2980.41	-50.9988	3031.41	0.00147734	5.71264e-37
0.38	-0.000140563	2822.96	-50.9988	2873.96	0.00146009	5.71217e-37
0.39	-0.000159998	2677.47	-50.9988	2728.47	0.00144405	5.71169e-37
0.4	-0.00018152	2542.75	-50.9988	2593.75	0.00142911	5.71119e-37
0.41	-0.00020529	2417.77	-50.9988	2468.77	0.00141522	5.71069e-37
0.42	-0.00023148	2301.61	-50.9987	2352.61	0.0014023	5.71017e-37
0.43	-0.000260268	2193.46	-50.9987	2244.46	0.00139028	5.70963e-37
0.44	-0.000291842	2092.6	-50.9987	2143.6	0.00137912	5.70909e-37
0.45	-0.000326397	1998.39	-50.9987	2049.38	0.00136875	5.70853e-37
0.46	-0.000364138	1910.25	-50.9987	1961.25	0.00135912	5.70796e-37
0.47	-0.000405279	1827.68	-50.9986	1878.68	0.00135021	5.70738e-37
0.48	-0.000450042	1750.22	-50.9986	1801.22	0.00134196	5.70678e-37
0.49	-0.000498659	1677.45	-50.9986	1728.45	0.00133434	5.70618e-37
0.5	-0.000551372	1609	-50.9986	1660	0.00132731	5.70556e-37
0.51	-0.00060843	1544.54	-50.9986	1595.54	0.00132086	5.70492e-37
0.52	-0.000670094	1483.77	-50.9985	1534.76	0.00131493	5.70428e-37
0.53	-0.000736635	1426.4	-50.9985	1477.39	0.00130952	5.70362e-37
0.54	-0.000808334	1372.19	-50.9985	1423.18	0.0013046	5.70295e-37
0.55	-0.00088548	1320.9	-50.9985	1371.9	0.00130014	5.70227e-37
0.56	-0.000968374	1272.34	-50.9984	1323.34	0.00129612	5.70157e-37
0.57	-0.00105733	1226.32	-50.9984	1277.32	0.00129253	5.70086e-37
0.58	-0.00115266	1182.65	-50.9984	1233.65	0.00128934	5.70014e-37
0.59	-0.00125471	1141.19	-50.9984	1192.19	0.00128655	5.69941e-37
0.6	-0.00136382	1101.78	-50.9983	1152.78	0.00128413	5.69867e-37
0.61	-0.00148034	1064.29	-50.9983	1115.29	0.00128207	5.69791e-37
0.62	-0.00160464	1028.61	-50.9983	1079.6	0.00128036	5.69714e-37
0.63	-0.00173709	994.606	-50.9983	1045.6	0.00127898	5.69635e-37
0.64	-0.00187809	962.187	-50.9982	1013.18	0.00127793	5.69556e-37
0.65	-0.00202802	931.252	-50.9982	982.249	0.00127719	5.69475e-37
0.66	-0.00218732	901.712	-50.9982	952.709	0.00127675	5.69393e-37
0.67	-0.00235638	873.485	-50.9982	924.482	0.0012766	5.6931e-37
0.68	-0.00253566	846.494	-50.9981	897.491	0.00127674	5.69225e-37
0.69	-0.0027256	820.669	-50.9981	871.666	0.00127716	5.69139e-37
0.7	-0.00292666	795.942	-50.9981	846.939	0.00127784	5.69052e-37
0.71	-0.00313931	772.253	-50.998	823.249	0.00127879	5.68964e-37
0.72	-0.00336403	749.543	-50.998	800.54	0.00127999	5.68874e-37
0.73	-0.00360131	727.761	-50.998	778.758	0.00128144	5.68783e-37
0.74	-0.00385167	706.856	-50.998	757.852	0.00128313	5.68691e-37
0.75	-0.00411563	686.781	-50.9979	737.778	0.00128505	5.68598e-37
0.76	-0.00439372	667.494	-50.9979	718.49	0.00128721	5.68503e-37
0.77	-0.00468649	648.953	-50.9979	699.949	0.0012896	5.68408e-37
0.78	-0.00499449	631.12	-50.9978	682.117	0.00129221	5.6831e-37
0.79	-0.0053183	613.961	-50.9978	664.958	0.00129504	5.68212e-37
0.8	-0.00565851	597.441	-50.9978	648.437	0.00129808	5.68112e-37
0.81	-0.0060157	581.529	-50.9977	632.526	0.00130133	5.68012e-37
0.82	-0.00639049	566.196	-50.9977	617.192	0.00130479	5.6791e-37
0.83	-0.00678351	551.413	-50.9977	602.41	0.00130845	5.67806e-37
0.84	-0.00719539	537.156	-50.9976	588.152	0.00131231	5.67702e-37
0.85	-0.00762679	523.398	-50.9976	574.394	0.00131637	5.67596e-37
0.86	-0.00807836	510.118	-50.9976	561.114	0.00132063	5.67489e-37
0.87	-0.00855079	497.293	-50.9975	548.289	0.00132508	5.6738e-37
0.88	-0.00904476	484.903	-50.9975	535.899	0.00132972	5.67271e-37
0.89	-0.00956098	472.928	-50.9974	523.924	0.00133454	5.6716e-37
0.9	-0.0101002	461.35	-50.9974	512.346	0.00133956	5.67048e-37
0.91	-0.0106631	450.151	-50.9974	501.147	0.00134476	5.66934e-37
0.92	-0.0112504	439.316	-50.9973	490.312	0.00135014	5.6682e-37
0.93	-0.0118629	428.828	-50.9973	479.824	0.00135571	5.66704e-37
0.94	-0.0125014	418.674	-50.9973	469.67	0.00136145	5.66586e-37
0.95	-0.0131667	408.838	-50.9972	459.834	0.00136737	5.66468e-37
0.96	-0.0138596	399.308	-50.9972	450.304	0.00137348	5.66348e-37
0.97	-0.0145808	390.071	-50.9971	441.067	0.00137975	5.66228e-37
0.98	-0.0153312	381.116	-50.9971	432.112	0.00138621	5.66105e-37
0.99	-0.0161116	372.431	-50.997	423.426	0.00139284	5.65982e-37
1	-0.016923	364.004	-50.997	415	0.00139964	5.65857e-37
1.01	-0.0177661	355.827	-50.9969	406.823	0.00140662	5.65731e-37
1.02	-0.0186419	347.89	-50.9969	398.885	0.00141377	5.65604e-37
1.03	-0.0195512	340.182	-50.9969	391.177	0.0014211	5.65476e-37
1.04	-0.020495	332.695	-50.9968	383.691	0.00142859	5.65346e-37
1.05	-0.0214741	325.422	-50.9968	376.417	0.00143626	5.65215e-37
1.06	-0.0224896	318.353	-50.9967	369.349	0.0014441	5.65083e-37
1.07	-0.0235423	311.482	-50.9967	362.477	0.00145212	5.6495e-37
1.08	-0.0246333	304.8	-50.9966	355.796	0.0014603	5.64815e-37
1.09	-0.0257635	298.302	-50.9966	349.297	0.00146866	5.64679e-37
1.1	-0.0269338	291.98	-50.9965	342.975	0.00147719	5.64542e-37
1.11	-0.0281454	285.828	-50.9965	336.823	0.00148589	5.64403e-37
1.12	-0.0293992	279.841	-50.9964	330.835	0.00149477	5.64264e-37
1.13	-0.0306963	274.011	-50.9963	325.006	0.00150381	5.64123e-37
1.14	-0.0320376	268.334	-50.9963	319.329	0.00151303	5.6398e-37
1.15	-0.0334244	262.805	-50.9962	313.8	0.00152243	5.63837e-37
1.16	-0.0348575	257.418	-50.9962	308.413	0.001532	5.63692e-37
1.17	-0.0363382	252.169	-50.9961	303.163	0.00154174	5.63546e-37
1.18	-0.0378676	247.052	-50.9961	298.047	0.00155166	5.63399e-37
1.19	-0.0394466	242.064	-50.996	293.058	0.00156175	5.63251e-37
1.2	-0.0410765	237.2	-50.9959	288.194	0.00157202	5.63101e-37
1.21	-0.0427584	232.456	-50.9959	283.451	0.00158247	5.6295e-37
1.22	-0.0444935	227.829	-50.9958	278.823	0.00159309	5.62798e-37
1.23	-0.0462828	223.313	-50.9958	274.308	0.0016039	5.62644e-37
1.24	-0.0481277	218.907	-50.9957	269.901	0.00161488	5.6249e-37
1.25	-0.0500292	214.606	-50.9956	265.6	0.00162605	5.62334e-37
1.26	-0.0519886	210.407	-50.9956	261.401	0.0016374	5.62176e-37
1.27	-0.0540071	206.307	-50.9955	257.301	0.00164893	5.62018e-37
1.28	-0.056086	202.302	-50.9954	253.296	0.00166065	5.61858e-37
1.29	-0.0582264	198.39	-50.9954	249.384	0.00167255	5.61697e-37
1.3	-0.0604296	194.569	-50.9953	245.562	0.00168463	5.61535e-37
1.31	-0.0626969	190.834	-50.9952	241.827	0.00169691	5.61371e-37
1.32	-0.0650295	187.184	-50.9952	238.177	0.00170937	5.61207e-37
1.33	-0.0674288	183.616	-50.9951	234.609	0.00172202	5.61041e-37
1.34	-0.069896	180.127	-50.995	231.121	0.00173487	5.60873e-37
1.35	-0.0724325	176.716	-50.9949	227.709	0.00174791	5.60705e-37
1.36	-0.0750396	173.38	-50.9949	224.373	0.00176114	5.60535e-37
1.37	-0.0777185	170.116	-50.9948	221.109	0.00177457	5.60364e-37
1.38	-0.0804707	166.923	-50.9947	217.916	0.0017882	5.60192e-37
1.39	-0.0832975	163.799	-50.9946	214.792	0.00180202	5.60018e-37
1.4	-0.0862003	160.742	-50.9945	211.735	0.00181605	5.59843e-37
1.41	-0.0891804	157.749	-50.9945	208.742	0.00183028	5.59667e-37
1.42	-0.0922393	154.82	-50.9944	205.812	0.00184471	5.5949e-37
1.43	-0.0953783	151.951	-50.9943	202.944	0.00185935	5.59312e-37
1.44	-0.0985989	149.143	-50.9942	200.135	0.0018742	5.59132e-37
1.45	-0.101902	146.392	-50.9941	197.384	0.00188925	5.58951e-37
1.46	-0.10529	143.697	-50.994	194.689	0.00190452	5.58768e-37
1.47	-0.108764	141.058	-50.9939	192.05	0.00192	5.58585e-37
1.48	-0.112325	138.471	-50.9938	189.463	0.0019357	5.584e-37
1.49	-0.115975	135.937	-50.9938	186.929	0.00195161	5.58214e-37
1.5	-0.119715	133.453	-50.9937	184.444	0.00196775	5.58027e-37
1.51	-0.123546	131.018	-50.9936	182.01	0.0019841	5.57838e-37
1.52	-0.127471	128.631	-50.9935	179.623	0.00200068	5.57648e-37
1.53	-0.131491	126.291	-50.9934	177.282	0.00201749	5.57457e-37
1.54	-0.135606	123.996	-50.9933	174.987	0.00203452	5.57265e-37
1.55	-0.139819	121.746	-50.9932	172.737	0.00205178	5.57071e-37
1.56	-0.144132	119.538	-50.9931	170.529	0.00206927	5.56877e-37
1.57	-0.148545	117.373	-50.993	168.364	0.002087	5.5668e-37
1.58	-0.153061	115.249	-50.9929	166.239	0.00210497	5.56483e-37
1.59	-0.15768	113.164	-50.9927	164.155	0.00212318	5.56285e-37
1.6	-0.162404	111.119	-50.9926	162.109	0.00214162	5.56085e-37
1.61	-0.167236	109.111	-50.9925	160.102	0.00216032	5.55884e-37
1.62	-0.172175	107.141	-50.9924	158.131	0.00217926	5.55681e-37
1.63	-0.177225	105.207	-50.9923	156.197	0.00219845	5.55478e-37
1.64	-0.182387	103.308	-50.9922	154.298	0.00221789	5.55273e-37
1.65	-0.187661	101.444	-50.9921	152.433	0.00223759	5.55067e-37
1.66	-0.193051	99.6127	-50.9919	150.602	0.00225754	5.54859e-37
1.67	-0.198557	97.8146	-50.9918	148.804	0.00227776	5.54651e-37
1.68	-0.20418	96.0486	-50.9917	147.038	0.00229823	5.54441e-37
1.69	-0.209923	94.3138	-50.9916	145.303	0.00231898	5.5423e-37
1.7	-0.215788	92.6095	-50.9915	143.599	0.00233999	5.54017e-37
1.71	-0.221775	90.935	-50.9913	141.924	0.00236128	5.53804e-37
1.72	-0.227887	89.2897	-50.9912	140.279	0.00238284	5.53589e-37
1.73	-0.234124	87.6728	-50.9911	138.661	0.00240468	5.53373e-37
1.74	-0.240489	86.0838	-50.9909	137.072	0.0024268	5.53155e-37
1.75	-0.246984	84.5219	-50.9908	135.51	0.0024492	5.52937e-37
1.76	-0.253609	82.9865	-50.9907	133.975	0.00247189	5.52717e-37
1.77	-0.260367	81.4771	-50.9905	132.465	0.00249487	5.52496e-37
1.78	-0.267259	79.9931	-50.9904	130.981	0.00251815	5.52273e-37
1.79	-0.274287	78.5339	-50.9902	129.522	0.00254172	5.5205e-37
1.8	-0.281452	77.0989	-50.9901	128.086	0.00256559	5.51825e-37
1.81	-0.288757	75.6877	-50.9899	126.675	0.00258977	5.51599e-37
1.82	-0.296202	74.2996	-50.9898	125.287	0.00261425	5.51371e-37
1.83	-0.303789	72.9343	-50.9896	123.921	0.00263905	5.51143e-37
1.84	-0.311521	71.5912	-50.9895	122.578	0.00266416	5.50913e-37
1.85	-0.319398	70.2698	-50.9893	121.256	0.00268958	5.50682e-37
1.86	-0.327422	68.9696	-50.9891	119.956	0.00271533	5.50449e-37
1.87	-0.335596	67.6903	-50.989	118.677	0.00274141	5.50216e-37
1.88	-0.34392	66.4313	-50.9888	117.417	0.00276781	5.49981e-37
1.89	-0.352396	65.1923	-50.9886	116.178	0.00279455	5.49744e-37
1.9	-0.361027	63.9728	-50.9885	114.958	0.00282162	5.49507e-37
1.91	-0.369813	62.7724	-50.9883	113.758	0.00284904	5.49268e-37
1.92	-0.378756	61.5907	-50.9881	112.576	0.0028768	5.49028e-37
1.93	-0.387858	60.4273	-50.988	111.412	0.00290491	5.48787e-37
1.94	-0.39712	59.2819	-50.9878	110.267	0.00293337	5.48545e-37
1.95	-0.406545	58.1541	-50.9876	109.139	0.00296219	5.48301e-37
1.96	-0.416133	57.0435	-50.9874	108.028	0.00299137	5.48056e-37
1.97	-0.425887	55.9498	-50.9872	106.934	0.00302092	5.4781e-37
1.98	-0.435808	54.8726	-50.987	105.857	0.00305084	5.47563e-37
1.99	-0.445898	53.8116	-50.9868	104.795	0.00308113	5.47314e-37
2	-0.456158	52.7665	-50.9866	103.75	0.0031118	5.47064e-37
2.01	-0.466589	51.7369	-50.9864	102.72	0.00314285	5.46813e-37
2.02	-0.477195	50.7227	-50.9862	101.706	0.00317429	5.4656e-37
2.03	-0.487975	49.7234	-50.986	100.706	0.00320613	5.46307e-37
2.04	-0.498933	48.7387	-50.9858	99.7213	0.00323836	5.46052e-37
2.05	-0.510068	47.7684	-50.9856	98.7507	0.00327099	5.45795e-37
2.06	-0.521384	46.8123	-50.9854	97.7943	0.00330404	5.45538e-37
2.07	-0.532881	45.8699	-50.9852	96.8517	0.00333749	5.45279e-37
2.08	-0.544561	44.9411	-50.9849	95.9227	0.00337136	5.45019e-37
2.09	-0.556427	44.0257	-50.9847	95.007	0.00340565	5.44758e-37
2.1	-0.568478	43.1233	-50.9845	94.1043	0.00344037	5.44495e-37
2.11	-0.580717	42.2337	-50.9842	93.2144	0.00347552	5.44232e-37
2.12	-0.593146	41.3566	-50.984	92.3371	0.00351111	5.43967e-37
2.13	-0.605765	40.4919	-50.9838	91.4722	0.00354715	5.43701e-37
2.14	-0.618577	39.6393	-50.9835	90.6193	0.00358363	5.43433e-37
2.15	-0.631583	38.7986	-50.9833	89.7783	0.00362056	5.43164e-37
2.16	-0.644785	37.9695	-50.983	88.9489	0.00365795	5.42894e-37
2.17	-0.658183	37.1519	-50.9828	88.131	0.00369581	5.42623e-37
2.18	-0.67178	36.3455	-50.9825	87.3243	0.00373414	5.42351e-37
2.19	-0.685577	35.5502	-50.9822	86.5286	0.00377295	5.42077e-37
2.2	-0.699576	34.7656	-50.982	85.7438	0.00381223	5.41802e-37
2.21	-0.713778	33.9917	-50.9817	84.9696	0.00385201	5.41525e-37
2.22	-0.728184	33.2283	-50.9814	84.2058	0.00389228	5.41248e-37
2.23	-0.742796	32.4751	-50.9811	83.4523	0.00393305	5.40969e-37
2.24	-0.757615	31.732	-50.9809	82.7089	0.00397432	5.40689e-37
2.25	-0.772643	30.9987	-50.9806	81.9753	0.00401611	5.40408e-37
2.26	-0.787881	30.2752	-50.9803	81.2515	0.00405842	5.40125e-37
2.27	-0.803331	29.5613	-50.98	80.5372	0.00410125	5.39842e-37
2.28	-0.818994	28.8567	-50.9797	79.8323	0.00414462	5.39557e-37
2.29	-0.834871	28.1614	-50.9794	79.1366	0.00418852	5.3927e-37
2.3	-0.850964	27.4751	-50.9791	78.4499	0.00423297	5.38983e-37
2.31	-0.867273	26.7977	-50.9788	77.7722	0.00427797	5.38694e-37
2.32	-0.883801	26.129	-50.9784	77.1032	0.00432353	5.38404e-37
2.33	-0.900549	25.469	-50.9781	76.4427	0.00436965	5.38113e-37
2.34	-0.917518	24.8174	-50.9778	75.7908	0.00441635	5.3782e-37
2.35	-0.934709	24.1741	-50.9775	75.1471	0.00446362	5.37526e-37
2.36	-0.952123	23.539	-50.9771	74.5116	0.00451148	5.37231e-37
2.37	-0.969762	22.912	-50.9768	73.8842	0.00455994	5.36935e-37
2.38	-0.987627	22.2928	-50.9764	73.2646	0.004609	5.36637e-37
2.39	-1.00572	21.6814	-50.9761	72.6528	0.00465867	5.36339e-37
2.4	-1.02404	21.0776	-50.9757	72.0486	0.00470895	5.36038e-37
2.41	-1.04259	20.4814	-50.9753	71.4519	0.00475986	5.35737e-37
2.42	-1.06137	19.8925	-50.975	70.8626	0.0048114	5.35435e-37
2.43	-1.08038	19.3109	-50.9746	70.2806	0.00486358	5.35131e-37
2.44	-1.09963	18.7364	-50.9742	69.7057	0.00491641	5.34826e-37
2.45	-1.11911	18.169	-50.9738	69.1379	0.0049699	5.34519e-37
2.46	-1.13883	17.6085	-50.9734	68.5769	0.00502405	5.34212e-37
2.47	-1.15878	17.0548	-50.973	68.0228	0.00507887	5.33903e-37
2.48	-1.17897	16.5078	-50.9726	67.4753	0.00513437	5.33593e-37
2.49	-1.19939	15.9674	-50.9722	66.9344	0.00519057	5.33281e-37
2.5	-1.22006	15.4335	-50.9718	66.4	0.00524746	5.32969e-37
2.51	-1.24097	14.9059	-50.9714	65.872	0.00530506	5.32655e-37
2.52	-1.26211	14.3846	-50.9709	65.3502	0.00536337	5.3234e-37
2.53	-1.2835	13.8695	-50.9705	64.8346	0.00542241	5.32024e-37
2.54	-1.30514	13.3605	-50.9701	64.3251	0.00548219	5.31706e-37
2.55	-1.32702	12.8575	-50.9696	63.8216	0.0055427	5.31387e-37
2.56	-1.34914	12.3604	-50.9692	63.324	0.00560397	5.31067e-37
2.57	-1.37151	11.8691	-50.9687	62.8321	0.00566601	5.30746e-37
2.58	-1.39412	11.3835	-50.9682	62.346	0.00572881	5.30423e-37
2.59	-1.41698	10.9036	-50.9677	61.8655	0.0057924	5.30099e-37
2.6	-1.44009	10.4291	-50.9673	61.3905	0.00585677	5.29774e-37
2.61	-1.46345	9.96016	-50.9668	60.921	0.00592195	5.29448e-37
2.62	-1.48706	9.49657	-50.9663	60.4568	0.00598794	5.2912e-37
2.63	-1.51092	9.03827	-50.9658	59.998	0.00605475	5.28791e-37
2.64	-1.53503	8.58518	-50.9652	59.5443	0.0061224	5.28461e-37
2.65	-1.55939	8.13723	-50.9647	59.0958	0.00619088	5.2813e-37
2.66	-1.58401	7.69433	-50.9642	58.6523	0.00626022	5.27797e-37
2.67	-1.60888	7.25642	-50.9637	58.2137	0.00633043	5.27463e-37
2.68	-1.634	6.82342	-50.9631	57.7801	0.00640151	5.27128e-37
2.69	-1.65937	6.39525	-50.9626	57.3513	0.00647347	5.26791e-37
2.7	-1.685	5.97185	-50.962	56.9273	0.00654634	5.26454e-37
2.71	-1.71089	5.55314	-50.9614	56.5079	0.00662011	5.26115e-37
2.72	-1.73703	5.13906	-50.9608	56.0932	0.0066948	5.25775e-37
2.73	-1.76342	4.72954	-50.9603	55.683	0.00677042	5.25433e-37
2.74	-1.79008	4.32451	-50.9597	55.2773	0.00684699	5.25091e-37
2.75	-1.81699	3.92391	-50.9591	54.876	0.00692451	5.24747e-37
2.76	-1.84415	3.52767	-50.9584	54.4791	0.007003	5.24402e-37
2.77	-1.87158	3.13573	-50.9578	54.0865	0.00708248	5.24055e-37
2.78	-1.89926	2.74803	-50.9572	53.698	0.00716294	5.23707e-37
2.79	-1.9272	2.36452	-50.9565	53.3138	0.00724441	5.23359e-37
2.8	-1.9554	1.98512	-50.9559	52.9337	0.00732689	5.23008e-37
2.81	-1.98385	1.60978	-50.9552	52.5576	0.00741041	5.22657e-37
2.82	-2.01257	1.23845	-50.9545	52.1855	0.00749497	5.22304e-37
2.83	-2.04154	0.87107	-50.9539	51.8174	0.00758059	5.2195e-37
2.84	-2.07077	0.507581	-50.9532	51.4531	0.00766728	5.21595e-37
2.85	-2.10027	0.147932	-50.9525	51.0926	0.00775506	5.21239e-37
2.86	-2.13002	-0.207932	-50.9518	50.736	0.00784393	5.20881e-37
2.87	-2.16003	-0.560062	-50.951	50.383	0.00793391	5.20522e-37
2.88	-2.19029	-0.90851	-50.9503	50.0338	0.00802502	5.20162e-37
2.89	-2.22082	-1.25333	-50.9495	49.6881	0.00811727	5.198e-37
2.9	-2.25161	-1.59456	-50.9488	49.346	0.00821068	5.19438e-37
2.91	-2.28265	-1.93226	-50.948	49.0075	0.00830526	5.19074e-37
2.92	-2.31396	-2.26648	-50.9472	48.6724	0.00840102	5.18708e-37
2.93	-2.34552	-2.59726	-50.9464	48.3407	0.00849798	5.18342e-37
2.94	-2.37734	-2.92464	-50.9456	48.0124	0.00859615	5.17974e-37
2.95	-2.40942	-3.24868	-50.9448	47.6874	0.00869556	5.17605e-37
2.96	-2.44175	-3.56942	-50.944	47.3658	0.00879621	5.17235e-37
2.97	-2.47435	-3.8869	-50.9432	47.0474	0.00889813	5.16864e-37
2.98	-2.5072	-4.20117	-50.9423	46.7321	0.00900132	5.16491e-37
2.99	-2.54031	-4.51227	-50.9414	46.4201	0.00910581	5.16117e-37
3	-2.57367	-4.82023	-50.9406	46.1111	0.00921161	5.15742e-37
3.01	-2.60729	-5.12511	-50.9397	45.8052	0.00931874	5.15365e-37
3.02	-2.64116	-5.42694	-50.9388	45.5024	0.00942721	5.14987e-37
3.03	-2.67529	-5.72576	-50.9378	45.2025	0.00953704	5.14608e-37
3.04	-2.70967	-6.02161	-50.9369	44.9056	0.00964826	5.14228e-37
3.05	-2.74431	-6.31453	-50.936	44.6117	0.00976087	5.13847e-37
3.06	-2.7792	-6.60456	-50.935	44.3206	0.0098749	5.13464e-37
3.07	-2.81434	-6.89173	-50.934	44.0323	0.00999036	5.1308e-37
3.08	-2.84974	-7.17608	-50.933	43.7468	0.0101073	5.12695e-37
3.09	-2.88538	-7.45765	-50.932	43.4641	0.0102256	5.12308e-37
3.1	-2.92127	-7.73647	-50.931	43.1842	0.0103455	5.1192e-37
3.11	-2.95742	-8.01258	-50.93	42.9069	0.0104669	5.11531e-37
3.12	-2.99381	-8.28601	-50.9289	42.6323	0.0105898	5.11141e-37
3.13	-3.03045	-8.55679	-50.9278	42.3603	0.0107143	5.10749e-37
3.14	-3.06734	-8.82496	-50.9268	42.091	0.0108403	5.10357e-37
3.15	-3.10447	-9.09055	-50.9257	41.8241	0.0109679	5.09963e-37
3.16	-3.14184	-9.3536	-50.9245	41.5598	0.0110971	5.09567e-37
3.17	-3.17946	-9.61413	-50.9234	41.2981	0.0112279	5.09171e-37
3.18	-3.21733	-9.87217	-50.9223	41.0387	0.0113604	5.08773e-37
3.19	-3.25543	-10.1278	-50.9211	40.7818	0.0114946	5.08374e-37
3.2	-3.29377	-10.3809	-50.9199	40.5273	0.0116304	5.07974e-37
3.21	-3.33236	-10.6317	-50.9187	40.2752	0.011768	5.07572e-37
3.22	-3.37118	-10.8801	-50.9175	40.0255	0.0119073	5.07169e-37
3.23	-3.41024	-11.1262	-50.9162	39.778	0.0120483	5.06765e-37
3.24	-3.44953	-11.37	-50.915	39.5328	0.0121911	5.0636e-37
3.25	-3.48906	-11.6114	-50.9137	39.2899	0.0123358	5.05953e-37
3.26	-3.52881	-11.8507	-50.9124	39.0493	0.0124822	5.05546e-37
3.27	-3.5688	-12.0877	-50.9111	38.8108	0.0126305	5.05136e-37
3.28	-3.60902	-12.3225	-50.9098	38.5745	0.0127807	5.04726e-37
3.29	-3.64947	-12.5551	-50.9084	38.3404	0.0129328	5.04315e-37
3.3	-3.69015	-12.7856	-50.907	38.1084	0.0130867	5.03902e-37
3.31	-3.73105	-13.014	-50.9056	37.8784	0.0132427	5.03488e-37
3.32	-3.77217	-13.2402	-50.9042	37.6506	0.0134006	5.03072e-37
3.33	-3.81352	-13.4644	-50.9028	37.4248	0.0135605	5.02656e-37
3.34	-3.85508	-13.6866	-50.9013	37.201	0.0137224	5.02238e-37
3.35	-3.89686	-13.9067	-50.8999	36.9793	0.0138863	5.01819e-37
3.36	-3.93886	-14.1248	-50.8983	36.7595	0.0140524	5.01398e-37
3.37	-3.98108	-14.3409	-50.8968	36.5417	0.0142205	5.00977e-37
3.38	-4.02351	-14.5551	-50.8953	36.3258	0.0143908	5.00554e-37
3.39	-4.06614	-14.7674	-50.8937	36.1118	0.0145632	5.0013e-37
3.4	-4.10899	-14.9777	-50.8921	35.8997	0.0147378	4.99705e-37
3.41	-4.15205	-15.1862	-50.8905	35.6894	0.0149146	4.99278e-37
3.42	-4.19531	-15.3927	-50.8888	35.481	0.0150936	4.9885e-37
3.43	-4.23877	-15.5975	-50.8872	35.2744	0.0152749	4.98421e-37
3.44	-4.28244	-15.8004	-50.8855	35.0696	0.0154585	4.97991e-37
3.45	-4.3263	-16.0015	-50.8838	34.8666	0.0156444	4.97559e-37
3.46	-4.37036	-16.2008	-50.882	34.6654	0.0158327	4.97126e-37
3.47	-4.41461	-16.3984	-50.8803	34.4659	0.0160233	4.96692e-37
3.48	-4.45906	-16.5942	-50.8785	34.2681	0.0162164	4.96257e-37
3.49	-4.5037	-16.7883	-50.8766	34.072	0.0164119	4.9582e-37
3.5	-4.54852	-16.9806	-50.8748	33.8776	0.0166099	4.95382e-37
3.51	-4.59353	-17.1713	-50.8729	33.6848	0.0168104	4.94943e-37
3.52	-4.63873	-17.3603	-50.871	33.4937	0.0170134	4.94503e-37
3.53	-4.6841	-17.5477	-50.8691	33.3042	0.017219	4.94061e-37
3.54	-4.72965	-17.7334	-50.8671	33.1163	0.0174272	4.93618e-37
3.55	-4.77538	-17.9175	-50.8651	32.93	0.0176381	4.93174e-37
3.56	-4.82128	-18.1	-50.8631	32.7452	0.0178516	4.92728e-37
3.57	-4.86735	-18.2809	-50.861	32.562	0.0180678	4.92282e-37
3.58	-4.91359	-18.4603	-50.8589	32.3804	0.0182868	4.91834e-37
3.59	-4.96	-18.6381	-50.8568	32.2002	0.0185085	4.91385e-37
3.6	-5.00656	-18.8143	-50.8547	32.0216	0.0187331	4.90934e-37
3.61	-5.05329	-18.9891	-50.8525	31.8444	0.0189605	4.90483e-37
3.62	-5.10018	-19.1624	-50.8503	31.6688	0.0191908	4.9003e-37
3.63	-5.14721	-19.3341	-50.848	31.4945	0.019424	4.89576e-37
3.64	-5.1944	-19.5044	-50.8458	31.3217	0.0196601	4.8912e-37
3.65	-5.24174	-19.6733	-50.8435	31.1503	0.0198993	4.88663e-37
3.66	-5.28923	-19.8406	-50.8411	30.9803	0.0201415	4.88206e-37
3.67	-5.33685	-20.0066	-50.8387	30.8117	0.0203867	4.87746e-37
3.68	-5.38462	-20.1712	-50.8363	30.6445	0.0206351	4.87286e-37
3.69	-5.43252	-20.3343	-50.8339	30.4786	0.0208866	4.86824e-37
3.7	-5.48056	-20.4961	-50.8314	30.3141	0.0211413	4.86361e-37
3.71	-5.52873	-20.6565	-50.8288	30.1509	0.0213992	4.85897e-37
3.72	-5.57702	-20.8156	-50.8263	29.989	0.0216605	4.85432e-37
3.73	-5.62544	-20.9733	-50.8237	29.8284	0.021925	4.84965e-37
3.74	-5.67398	-21.1297	-50.821	29.6691	0.0221929	4.84497e-37
3.75	-5.72264	-21.2848	-50.8184	29.5111	0.0224641	4.84028e-37
3.76	-5.77142	-21.4385	-50.8156	29.3543	0.0227389	4.83557e-37
3.77	-5.8203	-21.591	-50.8129	29.1988	0.0230171	4.83086e-37
3.78	-5.86929	-21.7422	-50.8101	29.0445	0.0232988	4.82613e-37
3.79	-5.91839	-21.8922	-50.8072	28.8915	0.0235841	4.82138e-37
3.8	-5.96759	-22.0408	-50.8043	28.7396	0.0238731	4.81663e-37
3.81	-6.01688	-22.1883	-50.8014	28.5889	0.0241656	4.81186e-37
3.82	-6.06627	-22.3345	-50.7984	28.4395	0.024462	4.80708e-37
3.83	-6.11575	-22.4795	-50.7954	28.2911	0.024762	4.80229e-37
3.84	-6.16532	-22.6233	-50.7923	28.144	0.0250659	4.79748e-37
3.85	-6.21497	-22.7659	-50.7892	27.998	0.0253736	4.79267e-37
3.86	-6.26471	-22.9073	-50.7861	27.8531	0.0256853	4.78784e-37
3.87	-6.31451	-23.0475	-50.7829	27.7093	0.0260009	4.783e-37
3.88	-6.3644	-23.1866	-50.7796	27.5667	0.0263205	4.77814e-37
3.89	-6.41435	-23.3245	-50.7763	27.4251	0.0266441	4.77327e-37
3.9	-6.46436	-23.4613	-50.773	27.2847	0.0269718	4.76839e-37
3.91	-6.51444	-23.597	-50.7696	27.1453	0.0273038	4.7635e-37
3.92	-6.56457	-23.7315	-50.7661	27.007	0.0276399	4.7586e-37
3.93	-6.61476	-23.8649	-50.7626	26.8697	0.0279803	4.75368e-37
3.94	-6.665	-23.9973	-50.7591	26.7335	0.028325	4.74875e-37
3.95	-6.71529	-24.1285	-50.7555	26.5983	0.028674	4.7438e-37
3.96	-6.76562	-24.2586	-50.7518	26.4641	0.0290275	4.73885e-37
3.97	-6.81598	-24.3877	-50.7481	26.331	0.0293855	4.73388e-37
3.98	-6.86638	-24.5157	-50.7443	26.1988	0.029748	4.7289e-37
3.99	-6.91682	-24.6427	-50.7405	26.0677	0.0301151	4.72391e-37
4	-6.96727	-24.7686	-50.7366	25.9375	0.0304869	4.7189e-37
4.01	-7.01776	-24.8935	-50.7327	25.8083	0.0308634	4.71389e-37
4.02	-7.06825	-25.0174	-50.7287	25.6801	0.0312446	4.70886e-37
4.03	-7.11877	-25.1402	-50.7246	25.5528	0.0316307	4.70381e-37
4.04	-7.16929	-25.2621	-50.7205	25.4264	0.0320217	4.69876e-37
4.05	-7.21982	-25.3829	-50.7163	25.301	0.0324176	4.69369e-37
4.06	-7.27036	-25.5027	-50.7121	25.1765	0.0328185	4.68861e-37
4.07	-7.32088	-25.6216	-50.7078	25.053	0.0332245	4.68352e-37
4.08	-7.37141	-25.7395	-50.7034	24.9303	0.0336357	4.67841e-37
4.09	-7.42192	-25.8564	-50.699	24.8086	0.0340521	4.67329e-37
4.1	-7.47242	-25.9723	-50.6945	24.6877	0.0344737	4.66816e-37
4.11	-7.5229	-26.0873	-50.6899	24.5677	0.0349007	4.66302e-37
4.12	-7.57335	-26.2014	-50.6853	24.4486	0.035333	4.65786e-37
4.13	-7.62378	-26.3145	-50.6806	24.3303	0.0357709	4.65269e-37
4.14	-7.67418	-26.4267	-50.6758	24.2129	0.0362142	4.64751e-37
4.15	-7.72454	-26.5379	-50.671	24.0964	0.0366632	4.64232e-37
4.16	-7.77485	-26.6482	-50.666	23.9807	0.0371179	4.63711e-37
4.17	-7.82513	-26.7577	-50.6611	23.8658	0.0375783	4.6319e-37
4.18	-7.87535	-26.8662	-50.656	23.7517	0.0380445	4.62667e-37
4.19	-7.92552	-26.9738	-50.6509	23.6385	0.0385166	4.62142e-37
4.2	-7.97563	-27.0806	-50.6456	23.5261	0.0389947	4.61617e-37
4.21	-8.02568	-27.1864	-50.6404	23.4144	0.0394788	4.6109e-37
4.22	-8.07566	-27.2914	-50.635	23.3036	0.039969	4.60562e-37
4.23	-8.12556	-27.3955	-50.6295	23.1936	0.0404654	4.60032e-37
4.24	-8.17539	-27.4988	-50.624	23.0843	0.0409681	4.59502e-37
4.25	-8.22514	-27.6011	-50.6184	22.9758	0.0414771	4.5897e-37
4.26	-8.27481	-27.7027	-50.6127	22.868	0.0419925	4.58437e-37
4.27	-8.32438	-27.8033	-50.6069	22.7611	0.0425144	4.57902e-37
4.28	-8.37386	-27.9032	-50.6011	22.6548	0.0430429	4.57367e-37
4.29	-8.42324	-28.0022	-50.5951	22.5493	0.0435781	4.5683e-37
4.3	-8.47252	-28.1004	-50.5891	22.4446	0.04412	4.56292e-37
4.31	-8.52169	-28.1977	-50.5829	22.3405	0.0446687	4.55752e-37
4.32	-8.57074	-28.2943	-50.5767	22.2372	0.0452243	4.55212e-37
4.33	-8.61968	-28.39	-50.5704	22.1346	0.0457869	4.5467e-37
4.34	-8.66849	-28.4849	-50.564	22.0327	0.0463566	4.54127e-37
4.35	-8.71718	-28.579	-50.5575	21.9316	0.0469334	4.53582e-37
4.36	-8.76573	-28.6723	-50.5509	21.8311	0.0475175	4.53037e-37
4.37	-8.81415	-28.7648	-50.5442	21.7313	0.0481089	4.5249e-37
4.38	-8.86242	-28.8565	-50.5374	21.6322	0.0487078	4.51942e-37
4.39	-8.91055	-28.9475	-50.5305	21.5337	0.0493142	4.51392e-37
4.4	-8.95853	-29.0377	-50.5235	21.436	0.0499281	4.50842e-37
4.41	-9.00636	-29.127	-50.5164	21.3388	0.0505498	4.5029e-37
4.42	-9.05402	-29.2157	-50.5092	21.2424	0.0511792	4.49737e-37
4.43	-9.10152	-29.3035	-50.5019	21.1466	0.0518166	4.49182e-37
4.44	-9.14885	-29.3906	-50.4945	21.0515	0.0524619	4.48627e-37
4.45	-9.19601	-29.4769	-50.487	20.9569	0.0531153	4.4807e-37
4.46	-9.24299	-29.5625	-50.4793	20.8631	0.0537768	4.47512e-37
4.47	-9.28978	-29.6473	-50.4716	20.7698	0.0544466	4.46952e-37
4.48	-9.33639	-29.7314	-50.4637	20.6772	0.0551248	4.46391e-37
4.49	-9.3828	-29.8147	-50.4558	20.5852	0.0558115	4.4583e-37
4.5	-9.42901	-29.8973	-50.4477	20.4938	0.0565067	4.45266e-37
4.51	-9.47503	-29.9792	-50.4395	20.403	0.0572106	4.44702e-37
4.52	-9.52083	-30.0603	-50.4311	20.3129	0.0579233	4.44136e-37
4.53	-9.56642	-30.1407	-50.4227	20.2233	0.0586448	4.43569e-37
4.54	-9.6118	-30.2204	-50.4141	20.1343	0.0593754	4.43001e-37
4.55	-9.65695	-30.2994	-50.4054	20.0459	0.060115	4.42432e-37
4.56	-9.70188	-30.3776	-50.3965	19.9581	0.0608638	4.41861e-37
4.57	-9.74658	-30.4551	-50.3876	19.8708	0.0616219	4.41289e-37
4.58	-9.79104	-30.5319	-50.3785	19.7841	0.0623894	4.40716e-37
4.59	-9.83526	-30.608	-50.3692	19.698	0.0631665	4.40141e-37
4.6	-9.87924	-30.6834	-50.3599	19.6125	0.0639532	4.39566e-37
4.61	-9.92297	-30.7581	-50.3504	19.5275	0.0647496	4.38989e-37
4.62	-9.96644	-30.8321	-50.3407	19.443	0.0655559	4.38411e-37
4.63	-10.0097	-30.9054	-50.3309	19.3591	0.0663721	4.37831e-37
4.64	-10.0526	-30.978	-50.321	19.2758	0.0671985	4.3725e-37
4.65	-10.0953	-31.0499	-50.3109	19.193	0.068035	4.36668e-37
4.66	-10.1377	-31.1212	-50.3007	19.1107	0.0688819	4.36085e-37
4.67	-10.1798	-31.1917	-50.2904	19.0289	0.0697392	4.35501e-37
4.68	-10.2217	-31.2615	-50.2798	18.9477	0.0706071	4.34915e-37
4.69	-10.2632	-31.3307	-50.2692	18.867	0.0714857	4.34328e-37
4.7	-10.3045	-31.3992	-50.2583	18.7868	0.0723751	4.3374e-37
4.71	-10.3455	-31.467	-50.2473	18.7071	0.0732754	4.3315e-37
4.72	-10.3862	-31.5341	-50.2362	18.6279	0.0741867	4.3256e-37
4.73	-10.4265	-31.6005	-50.2249	18.5492	0.0751093	4.31968e-37
4.74	-10.4666	-31.6663	-50.2134	18.471	0.0760431	4.31374e-37
4.75	-10.5063	-31.7314	-50.2018	18.3934	0.0769884	4.3078e-37
4.76	-10.5458	-31.7959	-50.19	18.3161	0.0779452	4.30184e-37
4.77	-10.5849	-31.8596	-50.178	18.2394	0.0789137	4.29587e-37
4.78	-10.6236	-31.9227	-50.1658	18.1632	0.0798941	4.28989e-37
4.79	-10.6621	-31.9851	-50.1535	18.0874	0.0808864	4.28389e-37
4.8	-10.7002	-32.0469	-50.141	18.0122	0.0818907	4.27789e-37
4.81	-10.738	-32.108	-50.1283	17.9373	0.0829073	4.27187e-37
4.82	-10.7754	-32.1685	-50.1154	17.863	0.0839363	4.26583e-37
4.83	-10.8125	-32.2282	-50.1023	17.7891	0.0849777	4.25979e-37
4.84	-10.8492	-32.2874	-50.0891	17.7157	0.0860318	4.25373e-37
4.85	-10.8855	-32.3458	-50.0756	17.6427	0.0870987	4.24766e-37
4.86	-10.9215	-32.4036	-50.062	17.5702	0.0881784	4.24158e-37
4.87	-10.9572	-32.4608	-50.0481	17.4981	0.0892712	4.23548e-37
4.88	-10.9924	-32.5173	-50.0341	17.4264	0.0903772	4.22937e-37
4.89	-11.0273	-32.5731	-50.0198	17.3552	0.0914965	4.22325e-37
4.9	-11.0618	-32.6283	-50.0054	17.2845	0.0926293	4.21712e-37
4.91	-11.0959	-32.6828	-49.9907	17.2141	0.0937756	4.21097e-37
4.92	-11.1297	-32.7367	-49.9758	17.1442	0.0949358	4.20482e-37
4.93	-11.163	-32.7899	-49.9608	17.0747	0.0961099	4.19865e-37
4.94	-11.196	-32.8425	-49.9455	17.0057	0.097298	4.19246e-37
4.95	-11.2285	-32.8944	-49.9299	16.937	0.0985003	4.18627e-37
4.96	-11.2607	-32.9456	-49.9142	16.8688	0.099717	4.18006e-37
4.97	-11.2924	-32.9963	-49.8982	16.801	0.100948	4.17384e-37
4.98	-11.3237	-33.0462	-49.882	16.7336	0.102194	4.16761e-37
4.99	-11.3547	-33.0955	-49.8656	16.6666	0.103455	4.16136e-37
5	-11.3852	-33.1442	-49.8489	16.6	0.10473	4.1551e-37
5.01	-11.4152	-33.1922	-49.832	16.5338	0.106021	4.14883e-37
5.02	-11.4449	-33.2395	-49.8148	16.468	0.107327	4.14255e-37
5.03	-11.4741	-33.2862	-49.7974	16.4026	0.108648	4.13625e-37
5.04	-11.5029	-33.3322	-49.7798	16.3376	0.109985	4.12994e-37
5.05	-11.5312	-33.3776	-49.7619	16.2729	0.111338	4.12362e-37
5.06	-11.5591	-33.4223	-49.7437	16.2087	0.112706	4.11729e-37
5.07	-11.5866	-33.4664	-49.7253	16.1448	0.114091	4.11094e-37
5.08	-11.6136	-33.5098	-49.7066	16.0813	0.115492	4.10459e-37
5.09	-11.6401	-33.5526	-49.6877	16.0182	0.116909	4.09821e-37
5.1	-11.6663	-33.5947	-49.6684	15.9554	0.118343	4.09183e-37
5.11	-11.6919	-33.6361	-49.6489	15.893	0.119793	4.08543e-37
5.12	-11.7171	-33.6769	-49.6292	15.831	0.12126	4.07903e-37
5.13	-11.7418	-33.717	-49.6091	15.7693	0.122745	4.07261e-37
5.14	-11.766	-33.7565	-49.5888	15.708	0.124246	4.06617e-37
5.15	-11.7898	-33.7953	-49.5682	15.6471	0.125765	4.05973e-37
5.16	-11.8131	-33.8334	-49.5472	15.5865	0.127301	4.05327e-37
5.17	-11.836	-33.8709	-49.526	15.5263	0.128855	4.0468e-37
5.18	-11.8583	-33.9077	-49.5045	15.4664	0.130427	4.04031e-37
5.19	-11.8802	-33.9438	-49.4827	15.4068	0.132017	4.03382e-37
5.2	-11.9015	-33.9793	-49.4606	15.3476	0.133624	4.02731e-37
5.21	-11.9224	-34.0141	-49.4381	15.2888	0.135251	4.02079e-37
5.22	-11.9428	-34.0482	-49.4154	15.2303	0.136895	4.01425e-37
5.23	-11.9627	-34.0817	-49.3923	15.1721	0.138559	4.00771e-37
5.24	-11.9821	-34.1144	-49.3689	15.1142	0.140241	4.00115e-37
5.25	-12.001	-34.1465	-49.3452	15.0567	0.141942	3.99457e-37
5.26	-12.0194	-34.1779	-49.3211	14.9995	0.143662	3.98799e-37
5.27	-12.0373	-34.2087	-49.2967	14.9426	0.145402	3.98139e-37
5.28	-12.0547	-34.2387	-49.2719	14.8861	0.147161	3.97479e-37
5.29	-12.0715	-34.2681	-49.2469	14.8298	0.14894	3.96816e-37
5.3	-12.0879	-34.2967	-49.2214	14.7739	0.150738	3.96153e-37
5.31	-12.1037	-34.3247	-49.1956	14.7183	0.152557	3.95488e-37
5.32	-12.119	-34.352	-49.1695	14.6631	0.154395	3.94822e-37
5.33	-12.1338	-34.3786	-49.1429	14.6081	0.156254	3.94155e-37
5.34	-12.1481	-34.4045	-49.116	14.5534	0.158134	3.93487e-37
5.35	-12.1619	-34.4296	-49.0888	14.4991	0.160034	3.92817e-37
5.36	-12.1751	-34.4541	-49.0611	14.445	0.161955	3.92146e-37
5.37	-12.1878	-34.4779	-49.0331	14.3913	0.163896	3.91474e-37
5.38	-12.1999	-34.501	-49.0047	14.3378	0.165859	3.90801e-37
5.39	-12.2116	-34.5233	-48.9759	14.2847	0.167843	3.90126e-37
5.4	-12.2227	-34.545	-48.9466	14.2318	0.169849	3.8945e-37
5.41	-12.2332	-34.5659	-48.917	14.1793	0.171876	3.88773e-37
5.42	-12.2433	-34.5861	-48.887	14.127	0.173925	3.88094e-37
5.43	-12.2527	-34.6056	-48.8566	14.075	0.175996	3.87415e-37
5.44	-12.2617	-34.6243	-48.8257	14.0233	0.178089	3.86734e-37
5.45	-12.2701	-34.6423	-48.7944	13.9719	0.180204	3.86052e-37
5.46	-12.2779	-34.6596	-48.7627	13.9208	0.182342	3.85368e-37
5.47	-12.2853	-34.6762	-48.7306	13.8699	0.184502	3.84683e-37
5.48	-12.292	-34.692	-48.698	13.8193	0.186685	3.83997e-37
5.49	-12.2982	-34.707	-48.6649	13.769	0.18889	3.8331e-37
5.5	-12.3039	-34.7213	-48.6315	13.719	0.191119	3.82622e-37
5.51	-12.309	-34.7349	-48.5975	13.6693	0.19337	3.81932e-37
5.52	-12.3136	-34.7477	-48.5631	13.6198	0.195645	3.81241e-37
5.53	-12.3176	-34.7598	-48.5283	13.5706	0.197944	3.80552e-37
5.54	-12.321	-34.771	-48.4929	13.5216	0.200266	3.79865e-37
5.55	-12.3239	-34.7816	-48.4571	13.4729	0.202611	3.7918e-37
5.56	-12.3263	-34.7913	-48.4208	13.4245	0.20498	3.78498e-37
5.57	-12.3281	-34.8003	-48.384	13.3764	0.207374	3.77819e-37
5.58	-12.3293	-34.8085	-48.3467	13.3285	0.209791	3.77142e-37
5.59	-12.33	-34.8159	-48.3089	13.2808	0.212233	3.76467e-37
5.6	-12.3301	-34.8225	-48.2706	13.2334	0.214698	3.75795e-37
5.61	-12.3297	-34.8283	-48.2318	13.1863	0.217189	3.75125e-37
5.62	-12.3287	-34.8334	-48.1925	13.1394	0.219704	3.74458e-37
5.63	-12.3272	-34.8376	-48.1526	13.0928	0.222243	3.73792e-37
5.64	-12.3251	-34.841	-48.1122	13.0464	0.224808	3.7313e-37
5.65	-12.3224	-34.8436	-48.0713	13.0002	0.227397	3.72469e-37
5.66	-12.3192	-34.8455	-48.0298	12.9543	0.230011	3.71811e-37
5.67	-12.3154	-34.8464	-47.9878	12.9087	0.23265	3.71155e-37
5.68	-12.311	-34.8466	-47.9452	12.8633	0.235315	3.70502e-37
5.69	-12.3061	-34.8459	-47.9021	12.8181	0.238005	3.69851e-37
5.7	-12.3007	-34.8445	-47.8583	12.7732	0.24072	3.69202e-37
5.71	-12.2947	-34.8421	-47.814	12.7285	0.24346	3.68555e-37
5.72	-12.2881	-34.839	-47.7692	12.684	0.246227	3.67911e-37
5.73	-12.281	-34.8349	-47.7237	12.6398	0.249018	3.67269e-37
5.74	-12.2733	-34.8301	-47.6777	12.5958	0.251836	3.66629e-37
5.75	-12.265	-34.8243	-47.631	12.552	0.254679	3.65992e-37
5.76	-12.2562	-34.8177	-47.5837	12.5084	0.257548	3.65356e-37
5.77	-12.2469	-34.8103	-47.5358	12.4651	0.260443	3.64723e-37
5.78	-12.237	-34.802	-47.4873	12.422	0.263363	3.64092e-37
5.79	-12.2265	-34.7927	-47.4382	12.3792	0.26631	3.63463e-37
5.8	-12.2155	-34.7827	-47.3884	12.3365	0.269283	3.62836e-37
5.81	-12.204	-34.7717	-47.338	12.2941	0.272281	3.62212e-37
5.82	-12.1919	-34.7598	-47.287	12.2519	0.275306	3.6159e-37
5.83	-12.1792	-34.747	-47.2353	12.2099	0.278357	3.60969e-37
5.84	-12.166	-34.7334	-47.1829	12.1681	0.281433	3.60351e-37
5.85	-12.1523	-34.7188	-47.1298	12.1265	0.284536	3.59735e-37
5.86	-12.138	-34.7033	-47.0761	12.0852	0.287665	3.59121e-37
5.87	-12.1232	-34.6869	-47.0217	12.044	0.29082	3.5851e-37
5.88	-12.1078	-34.6695	-46.9666	12.0031	0.294001	3.579e-37
5.89	-12.0919	-34.6513	-46.9108	11.9624	0.297208	3.57292e-37
5.9	-12.0755	-34.6321	-46.8544	11.9219	0.300441	3.56687e-37
5.91	-12.0585	-34.6119	-46.7972	11.8816	0.3037	3.56083e-37
5.92	-12.041	-34.5908	-46.7392	11.8414	0.306985	3.55482e-37
5.93	-12.0229	-34.5688	-46.6806	11.8015	0.310296	3.54882e-37
5.94	-12.0043	-34.5457	-46.6212	11.7618	0.313632	3.54285e-37
5.95	-11.9852	-34.5218	-46.5611	11.7223	0.316994	3.53689e-37
5.96	-11.9656	-34.4968	-46.5002	11.683	0.320382	3.53096e-37
5.97	-11.9455	-34.4709	-46.4386	11.6439	0.323795	3.52504e-37
5.98	-11.9248	-34.444	-46.3763	11.605	0.327233	3.51915e-37
5.99	-11.9036	-34.4161	-46.3131	11.5663	0.330697	3.51327e-37
6	-11.8819	-34.3872	-46.2492	11.5278	0.334186	3.50742e-37
6.01	-11.8597	-34.3574	-46.1845	11.4894	0.337701	3.50158e-37
6.02	-11.837	-34.3265	-46.119	11.4513	0.34124	3.49577e-37
6.03	-11.8138	-34.2946	-46.0527	11.4134	0.344803	3.48997e-37
6.04	-11.79	-34.2617	-45.9857	11.3756	0.348392	3.48419e-37
6.05	-11.7658	-34.2278	-45.9178	11.338	0.352004	3.47843e-37
6.06	-11.7411	-34.1928	-45.8491	11.3006	0.355641	3.47269e-37
6.07	-11.7159	-34.1568	-45.7795	11.2634	0.359302	3.46697e-37
6.08	-11.6901	-34.1198	-45.7092	11.2264	0.362987	3.46127e-37
6.09	-11.6639	-34.0817	-45.638	11.1896	0.366695	3.45559e-37
6.1	-11.6372	-34.0426	-45.566	11.1529	0.370427	3.44992e-37
6.11	-11.6101	-34.0024	-45.4931	11.1164	0.374182	3.44427e-37
6.12	-11.5824	-33.9612	-45.4193	11.0801	0.37796	3.43865e-37
6.13	-11.5543	-33.9189	-45.3447	11.044	0.38176	3.43304e-37
6.14	-11.5257	-33.8756	-45.2692	11.0081	0.385583	3.42745e-37
6.15	-11.4966	-33.8311	-45.1929	10.9723	0.389427	3.42187e-37
6.16	-11.4671	-33.7856	-45.1156	10.9367	0.393293	3.41632e-37
6.17	-11.4371	-33.739	-45.0375	10.9013	0.397181	3.41078e-37
6.18	-11.4066	-33.6913	-44.9584	10.866	0.40109	3.40526e-37
6.19	-11.3757	-33.6425	-44.8785	10.831	0.405019	3.39976e-37
6.2	-11.3444	-33.5926	-44.7976	10.796	0.408969	3.39428e-37
6.21	-11.3126	-33.5416	-44.7159	10.7613	0.412938	3.38881e-37
6.22	-11.2803	-33.4895	-44.6332	10.7267	0.416928	3.38336e-37
6.23	-11.2476	-33.4363	-44.5495	10.6923	0.420936	3.37793e-37
6.24	-11.2145	-33.3819	-44.465	10.6581	0.424963	3.37252e-37
6.25	-11.181	-33.3264	-44.3794	10.624	0.429008	3.36712e-37
6.26	-11.147	-33.2698	-44.293	10.5901	0.433071	3.36174e-37
6.27	-11.1126	-33.2121	-44.2056	10.5563	0.437152	3.35638e-37
6.28	-11.0778	-33.1532	-44.1172	10.5227	0.441249	3.35104e-37
6.29	-11.0426	-33.0932	-44.0278	10.4893	0.445363	3.34571e-37
6.3	-11.007	-33.032	-43.9375	10.456	0.449492	3.3404e-37
6.31	-10.9709	-32.9696	-43.8462	10.4229	0.453637	3.33511e-37
6.32	-10.9345	-32.9062	-43.7539	10.39	0.457797	3.32983e-37
6.33	-10.8977	-32.8415	-43.6606	10.3572	0.46197	3.32457e-37
6.34	-10.8605	-32.7757	-43.5664	10.3245	0.466158	3.31932e-37
6.35	-10.8229	-32.7087	-43.4711	10.292	0.470358	3.3141e-37
6.36	-10.7849	-32.6405	-43.3748	10.2597	0.474571	3.30889e-37
6.37	-10.7466	-32.5712	-43.2775	10.2275	0.478796	3.30369e-37
6.38	-10.7079	-32.5007	-43.1792	10.1955	0.483032	3.29851e-37
6.39	-10.6688	-32.429	-43.0798	10.1636	0.487278	3.29335e-37
6.4	-10.6293	-32.3561	-42.9795	10.1318	0.491534	3.28821e-37
6.41	-10.5895	-32.282	-42.8781	10.1002	0.4958	3.28308e-37
6.42	-10.5494	-32.2067	-42.7756	10.0688	0.500073	3.27796e-37
6.43	-10.5089	-32.1303	-42.6721	10.0375	0.504354	3.27286e-37
6.44	-10.4681	-32.0526	-42.5676	10.0064	0.508643	3.26778e-37
6.45	-10.4269	-31.9737	-42.462	9.97536	0.512937	3.26272e-37
6.46	-10.3854	-31.8937	-42.3554	9.9445	0.517237	3.25766e-37
6.47	-10.3436	-31.8124	-42.2477	9.91379	0.521541	3.25263e-37
6.48	-10.3015	-31.7299	-42.139	9.88321	0.525849	3.24761e-37
6.49	-10.2591	-31.6462	-42.0292	9.85278	0.53016	3.24261e-37
6.5	-10.2163	-31.5614	-41.9183	9.82249	0.534474	3.23762e-37
6.51	-10.1733	-31.4752	-41.8064	9.79233	0.538788	3.23264e-37
6.52	-10.1299	-31.3879	-41.6933	9.76232	0.543103	3.22769e-37
6.53	-10.0863	-31.2994	-41.5793	9.73244	0.547417	3.22274e-37
6.54	-10.0424	-31.2096	-41.4641	9.7027	0.55173	3.21782e-37
6.55	-9.99817	-31.1187	-41.3478	9.6731	0.55604	3.2129e-37
6.56	-9.9537	-31.0265	-41.2305	9.64363	0.560347	3.208e-37
6.57	-9.90896	-30.9331	-41.1121	9.61429	0.56465	3.20312e-37
6.58	-9.86395	-30.8385	-40.9925	9.58509	0.568947	3.19825e-37
6.59	-9.8187	-30.7427	-40.8719	9.55602	0.573238	3.1934e-37
6.6	-9.77318	-30.6456	-40.7503	9.52709	0.577522	3.18856e-37
6.61	-9.72743	-30.5474	-40.6275	9.49828	0.581798	3.18374e-37
6.62	-9.68143	-30.4479	-40.5036	9.46961	0.586064	3.17893e-37
6.63	-9.63521	-30.3472	-40.3786	9.44107	0.59032	3.17413e-37
6.64	-9.58875	-30.2454	-40.2526	9.41265	0.594565	3.16935e-37
6.65	-9.54207	-30.1423	-40.1254	9.38436	0.598797	3.16459e-37
6.66	-9.49518	-30.038	-39.9972	9.3562	0.603016	3.15984e-37
6.67	-9.44807	-29.9324	-39.8678	9.32817	0.607219	3.1551e-37
6.68	-9.40076	-29.8257	-39.7374	9.30026	0.611407	3.15038e-37
6.69	-9.35325	-29.7178	-39.6059	9.27248	0.615578	3.14567e-37
6.7	-9.30555	-29.6087	-39.4733	9.24482	0.619732	3.14097e-37
6.71	-9.25766	-29.4984	-39.3396	9.21729	0.623865	3.13629e-37
6.72	-9.20959	-29.3869	-39.2048	9.18987	0.627979	3.13162e-37
6.73	-9.16135	-29.2743	-39.0689	9.16258	0.632071	3.12697e-37
6.74	-9.11293	-29.1604	-38.9319	9.13542	0.63614	3.12233e-37
6.75	-9.06436	-29.0454	-38.7939	9.10837	0.640185	3.11771e-37
6.76	-9.01562	-28.9291	-38.6548	9.08144	0.644205	3.11309e-37
6.77	-8.96674	-28.8118	-38.5146	9.05463	0.648199	3.1085e-37
6.78	-8.9177	-28.6932	-38.3733	9.02794	0.652165	3.10391e-37
6.79	-8.86853	-28.5735	-38.231	9.00137	0.656103	3.09934e-37
6.8	-8.81923	-28.4527	-38.0876	8.97491	0.66001	3.09478e-37
6.81	-8.76979	-28.3307	-37.9432	8.94857	0.663887	3.09024e-37
6.82	-8.72024	-28.2076	-37.7976	8.92235	0.66773	3.08571e-37
6.83	-8.67056	-28.0833	-37.6511	8.89624	0.671541	3.08119e-37
6.84	-8.62078	-27.9579	-37.5035	8.87025	0.675316	3.07668e-37
6.85	-8.57089	-27.8314	-37.3548	8.84437	0.679055	3.07219e-37
6.86	-8.52091	-27.7038	-37.2051	8.8186	0.682756	3.06771e-37
6.87	-8.47083	-27.575	-37.0544	8.79295	0.686419	3.06325e-37
6.88	-8.42066	-27.4452	-36.9027	8.76741	0.690042	3.0588e-37
6.89	-8.37041	-27.3143	-36.7499	8.74198	0.693623	3.05436e-37
6.9	-8.32009	-27.1823	-36.5962	8.71666	0.697163	3.04993e-37
6.91	-8.2697	-27.0493	-36.4414	8.69145	0.700658	3.04552e-37
6.92	-8.21924	-26.9152	-36.2856	8.66634	0.704108	3.04111e-37
6.93	-8.16872	-26.78	-36.1289	8.64135	0.707512	3.03673e-37
6.94	-8.11815	-26.6438	-35.9712	8.61647	0.710869	3.03235e-37
6.95	-8.06754	-26.5066	-35.8125	8.59169	0.714177	3.02799e-37
6.96	-8.01688	-26.3684	-35.6528	8.56702	0.717435	3.02364e-37
6.97	-7.96619	-26.2291	-35.4922	8.54245	0.720642	3.0193e-37
6.98	-7.91546	-26.0889	-35.3307	8.51799	0.723796	3.01497e-37
6.99	-7.86472	-25.9476	-35.1682	8.49364	0.726897	3.01066e-37
7	-7.81395	-25.8054	-35.0048	8.46939	0.729943	3.00636e-37
7.01	-7.76317	-25.6623	-34.8405	8.44524	0.732933	3.00207e-37
7.02	-7.71238	-25.5182	-34.6752	8.4212	0.735865	2.99779e-37
7.03	-7.66159	-25.3731	-34.5091	8.39726	0.738739	2.99353e-37
7.04	-7.6108	-25.2272	-34.3422	8.37342	0.741554	2.98928e-37
7.05	-7.56001	-25.0803	-34.1743	8.34968	0.744308	2.98504e-37
7.06	-7.50924	-24.9326	-34.0056	8.32604	0.747	2.98081e-37
7.07	-7.45849	-24.7839	-33.8361	8.30251	0.749629	2.97659e-37
7.08	-7.40777	-24.6344	-33.6657	8.27907	0.752194	2.97239e-37
7.09	-7.35707	-24.4841	-33.4945	8.25573	0.754694	2.9682e-37
7.1	-7.3064	-24.3329	-33.3225	8.23249	0.757128	2.96402e-37
7.11	-7.25578	-24.1809	-33.1497	8.20935	0.759494	2.95985e-37
7.12	-7.2052	-24.0281	-32.9762	8.18631	0.761792	2.95569e-37
7.13	-7.15466	-23.8745	-32.8018	8.16336	0.764021	2.95154e-37
7.14	-7.10419	-23.7201	-32.6268	8.14051	0.76618	2.94741e-37
7.15	-7.05377	-23.565	-32.451	8.11776	0.768267	2.94329e-37
7.16	-7.00341	-23.4091	-32.2745	8.0951	0.770282	2.93918e-37
7.17	-6.95312	-23.2525	-32.0972	8.07253	0.772223	2.93508e-37
7.18	-6.90291	-23.0952	-31.9193	8.05006	0.774091	2.93099e-37
7.19	-6.85277	-22.9372	-31.7408	8.02768	0.775884	2.92691e-37
7.2	-6.80272	-22.7785	-31.5616	8.0054	0.777601	2.92285e-37
7.21	-6.75275	-22.6192	-31.3817	7.98321	0.779241	2.9188e-37
7.22	-6.70288	-22.4593	-31.2012	7.96111	0.780804	2.91475e-37
7.23	-6.6531	-22.2987	-31.0201	7.9391	0.782289	2.91072e-37
7.24	-6.60342	-22.1376	-30.8385	7.91719	0.783695	2.9067e-37
7.25	-6.55385	-21.9758	-30.6562	7.89536	0.785021	2.90269e-37
7.26	-6.50439	-21.8135	-30.4734	7.87363	0.786268	2.89869e-37
7.27	-6.45504	-21.6507	-30.2901	7.85198	0.787433	2.89471e-37
7.28	-6.40581	-21.4873	-30.1063	7.83043	0.788517	2.89073e-37
7.29	-6.3567	-21.3235	-29.9219	7.80896	0.789518	2.88676e-37
7.3	-6.30772	-21.1591	-29.7371	7.78758	0.790437	2.88281e-37
7.31	-6.25886	-20.9943	-29.5518	7.76629	0.791273	2.87887e-37
7.32	-6.21014	-20.829	-29.3661	7.74508	0.792025	2.87493e-37
7.33	-6.16156	-20.6633	-29.18	7.72396	0.792693	2.87101e-37
7.34	-6.11312	-20.4973	-28.9935	7.70293	0.793277	2.8671e-37
7.35	-6.06483	-20.3308	-28.8066	7.68198	0.793776	2.8632e-37
7.36	-6.01669	-20.164	-28.6193	7.66112	0.79419	2.85931e-37
7.37	-5.9687	-19.9968	-28.4317	7.64035	0.794518	2.85543e-37
7.38	-5.92086	-19.8293	-28.2437	7.61966	0.79476	2.85156e-37
7.39	-5.87319	-19.6615	-28.0555	7.59905	0.794916	2.8477e-37
7.4	-5.82567	-19.4934	-27.867	7.57852	0.794987	2.84385e-37
7.41	-5.77833	-19.3251	-27.6782	7.55808	0.79497	2.84002e-37
7.42	-5.73116	-19.1565	-27.4891	7.53772	0.794868	2.83619e-37
7.43	-5.68416	-18.9878	-27.2999	7.51745	0.794679	2.83237e-37
7.44	-5.63733	-18.8188	-27.1104	7.49725	0.794403	2.82856e-37
7.45	-5.59069	-18.6496	-26.9208	7.47714	0.794041	2.82477e-37
7.46	-5.54423	-18.4803	-26.731	7.45711	0.793592	2.82098e-37
7.47	-5.49795	-18.3109	-26.5411	7.43716	0.793057	2.8172e-37
7.48	-5.45187	-18.1414	-26.3511	7.41728	0.792435	2.81344e-37
7.49	-5.40597	-17.9717	-26.1609	7.39749	0.791728	2.80968e-37
7.5	-5.36028	-17.802	-25.9707	7.37778	0.790934	2.80594e-37
7.51	-5.31477	-17.6323	-25.7805	7.35814	0.790055	2.8022e-37
7.52	-5.26947	-17.4625	-25.5902	7.33859	0.78909	2.79847e-37
7.53	-5.22437	-17.2928	-25.3999	7.31911	0.788039	2.79476e-37
7.54	-5.17948	-17.123	-25.2096	7.29971	0.786904	2.79105e-37
7.55	-5.13479	-16.9533	-25.0194	7.28038	0.785685	2.78735e-37
7.56	-5.09031	-16.7836	-24.8292	7.26113	0.784381	2.78367e-37
7.57	-5.04605	-16.6141	-24.639	7.24196	0.782994	2.77999e-37
7.58	-5.002	-16.4446	-24.449	7.22287	0.781523	2.77632e-37
7.59	-4.95817	-16.2753	-24.2591	7.20385	0.77997	2.77266e-37
7.6	-4.91455	-16.1061	-24.0693	7.1849	0.778335	2.76901e-37
7.61	-4.87116	-15.937	-23.8797	7.16603	0.776619	2.76538e-37
7.62	-4.82799	-15.7682	-23.6903	7.14724	0.774821	2.76175e-37
7.63	-4.78504	-15.5996	-23.501	7.12851	0.772944	2.75813e-37
7.64	-4.74233	-15.4312	-23.312	7.10987	0.770987	2.75452e-37
7.65	-4.69984	-15.263	-23.1232	7.09129	0.768951	2.75092e-37
7.66	-4.65758	-15.0951	-22.9347	7.07279	0.766837	2.74733e-37
7.67	-4.61555	-14.9275	-22.7465	7.05436	0.764646	2.74374e-37
7.68	-4.57376	-14.7602	-22.5586	7.036	0.762379	2.74017e-37
7.69	-4.5322	-14.5932	-22.371	7.01771	0.760036	2.73661e-37
7.7	-4.49088	-14.4266	-22.1837	6.99949	0.757619	2.73305e-37
7.71	-4.4498	-14.2603	-21.9968	6.98135	0.755128	2.72951e-37
7.72	-4.40896	-14.0945	-21.8103	6.96327	0.752564	2.72597e-37
7.73	-4.36836	-13.929	-21.6242	6.94527	0.749928	2.72245e-37
7.74	-4.328	-13.764	-21.4385	6.92733	0.747221	2.71893e-37
7.75	-4.28788	-13.5993	-21.2533	6.90947	0.744445	2.71542e-37
7.76	-4.24801	-13.4352	-21.0685	6.89167	0.7416	2.71192e-37
7.77	-4.20839	-13.2715	-20.8842	6.87395	0.738687	2.70843e-37
7.78	-4.16901	-13.1084	-20.7004	6.85629	0.735707	2.70495e-37
7.79	-4.12988	-12.9457	-20.5171	6.83869	0.732662	2.70148e-37
7.8	-4.091	-12.7836	-20.3343	6.82117	0.729553	2.69801e-37
7.81	-4.05236	-12.622	-20.1521	6.80371	0.72638	2.69456e-37
7.82	-4.01398	-12.461	-19.9704	6.78632	0.723146	2.69111e-37
7.83	-3.97585	-12.3005	-19.7894	6.769	0.71985	2.68768e-37
7.84	-3.93797	-12.1407	-19.6089	6.75174	0.716495	2.68425e-37
7.85	-3.90035	-11.9815	-19.4291	6.73455	0.713082	2.68083e-37
7.86	-3.86297	-11.8229	-19.2499	6.71743	0.709611	2.67742e-37
7.87	-3.82585	-11.6649	-19.0714	6.70037	0.706085	2.67402e-37
7.88	-3.78899	-11.5076	-18.8935	6.68337	0.702504	2.67062e-37
7.89	-3.75237	-11.351	-18.7163	6.66644	0.698869	2.66724e-37
7.9	-3.71602	-11.1951	-18.5399	6.64958	0.695183	2.66386e-37
7.91	-3.67992	-11.0399	-18.3641	6.63277	0.691446	2.66049e-37
7.92	-3.64407	-10.8854	-18.1891	6.61603	0.687659	2.65714e-37
7.93	-3.60848	-10.7316	-18.0148	6.59936	0.683824	2.65378e-37
7.94	-3.57314	-10.5786	-17.8413	6.58275	0.679943	2.65044e-37
7.95	-3.53806	-10.4263	-17.6685	6.5662	0.676016	2.64711e-37
7.96	-3.50324	-10.2748	-17.4966	6.54971	0.672045	2.64378e-37
7.97	-3.46867	-10.1241	-17.3254	6.53328	0.668032	2.64047e-37
7.98	-3.43436	-9.97421	-17.1551	6.51692	0.663977	2.63716e-37
7.99	-3.40031	-9.8251	-16.9856	6.50062	0.659882	2.63386e-37
8	-3.36651	-9.67682	-16.8169	6.48438	0.655748	2.63056e-37
8.01	-3.33297	-9.52937	-16.6491	6.46819	0.651578	2.62728e-37
8.02	-3.29968	-9.38276	-16.4822	6.45207	0.647371	2.624e-37
8.03	-3.26664	-9.237	-16.3161	6.43601	0.64313	2.62074e-37
8.04	-3.23387	-9.09211	-16.151	6.42001	0.638855	2.61748e-37
8.05	-3.20134	-8.94808	-15.9867	6.40407	0.634549	2.61423e-37
8.06	-3.16908	-8.80495	-15.8234	6.38819	0.630213	2.61098e-37
8.07	-3.13706	-8.6627	-15.6609	6.37237	0.625847	2.60775e-37
8.08	-3.1053	-8.52136	-15.4994	6.35661	0.621454	2.60452e-37
8.09	-3.07379	-8.38093	-15.3389	6.3409	0.617034	2.6013e-37
8.1	-3.04254	-8.24142	-15.1793	6.32526	0.612589	2.59809e-37
8.11	-3.01154	-8.10283	-15.0206	6.30967	0.608121	2.59488e-37
8.12	-2.98079	-7.96518	-14.8629	6.29413	0.60363	2.59169e-37
8.13	-2.95029	-7.82847	-14.7062	6.27866	0.599118	2.5885e-37
8.14	-2.92004	-7.69271	-14.5505	6.26324	0.594586	2.58532e-37
8.15	-2.89004	-7.55791	-14.3958	6.24788	0.590036	2.58215e-37
8.16	-2.86029	-7.42407	-14.2421	6.23258	0.585469	2.57898e-37
8.17	-2.83078	-7.2912	-14.0894	6.21733	0.580886	2.57583e-37
8.18	-2.80153	-7.1593	-13.9377	6.20214	0.576288	2.57268e-37
8.19	-2.77252	-7.02839	-13.7871	6.187	0.571677	2.56954e-37
8.2	-2.74376	-6.89846	-13.6374	6.17192	0.567054	2.5664e-37
8.21	-2.71524	-6.76952	-13.4888	6.1569	0.56242	2.56328e-37
8.22	-2.68697	-6.64158	-13.3413	6.14192	0.557777	2.56016e-37
8.23	-2.65894	-6.51464	-13.1948	6.12701	0.553125	2.55705e-37
8.24	-2.63116	-6.3887	-13.0493	6.11215	0.548465	2.55395e-37
8.25	-2.60361	-6.26377	-12.9049	6.09734	0.5438	2.55085e-37
8.26	-2.57631	-6.13986	-12.7616	6.08258	0.53913	2.54776e-37
8.27	-2.54924	-6.01695	-12.6193	6.06788	0.534456	2.54468e-37
8.28	-2.52242	-5.89507	-12.4781	6.05323	0.529779	2.54161e-37
8.29	-2.49583	-5.77421	-12.3379	6.03864	0.525101	2.53854e-37
8.3	-2.46948	-5.65437	-12.1989	6.0241	0.520422	2.53548e-37
8.31	-2.44336	-5.53555	-12.0609	6.00961	0.515744	2.53243e-37
8.32	-2.41748	-5.41776	-11.924	5.99517	0.511067	2.52939e-37
8.33	-2.39183	-5.30101	-11.7882	5.98078	0.506393	2.52635e-37
8.34	-2.36641	-5.18528	-11.6535	5.96645	0.501723	2.52332e-37
8.35	-2.34123	-5.07058	-11.5198	5.95217	0.497058	2.5203e-37
8.36	-2.31627	-4.95692	-11.3873	5.93794	0.492399	2.51729e-37
8.37	-2.29154	-4.84428	-11.2558	5.92376	0.487746	2.51428e-37
8.38	-2.26704	-4.73268	-11.1254	5.90963	0.4831	2.51128e-37
8.39	-2.24277	-4.62212	-10.9961	5.89555	0.478464	2.50829e-37
8.4	-2.21872	-4.51259	-10.8679	5.88152	0.473837	2.5053e-37
8.41	-2.1949	-4.40409	-10.7408	5.86754	0.46922	2.50232e-37
8.42	-2.17129	-4.29662	-10.6148	5.85361	0.464614	2.49935e-37
8.43	-2.14791	-4.19018	-10.4899	5.83973	0.460021	2.49638e-37
8.44	-2.12475	-4.08478	-10.3661	5.8259	0.45544	2.49343e-37
8.45	-2.10181	-3.9804	-10.2434	5.81212	0.450873	2.49047e-37
8.46	-2.07909	-3.87705	-10.1218	5.79839	0.446321	2.48753e-37
8.47	-2.05658	-3.77473	-10.0012	5.78471	0.441784	2.48459e-37
8.48	-2.03428	-3.67343	-9.88176	5.77107	0.437262	2.48166e-37
8.49	-2.0122	-3.57315	-9.76339	5.75748	0.432758	2.47874e-37
8.5	-1.99033	-3.47389	-9.64611	5.74394	0.428271	2.47583e-37
8.51	-1.96867	-3.37565	-9.52991	5.73045	0.423802	2.47292e-37
8.52	-1.94723	-3.27843	-9.41479	5.71701	0.419352	2.47001e-37
8.53	-1.92599	-3.18222	-9.30075	5.70361	0.414922	2.46712e-37
8.54	-1.90495	-3.08701	-9.18779	5.69026	0.410512	2.46423e-37
8.55	-1.88412	-2.99281	-9.0759	5.67696	0.406122	2.46135e-37
8.56	-1.8635	-2.89962	-8.96508	5.6637	0.401754	2.45847e-37
8.57	-1.84307	-2.80742	-8.85532	5.65049	0.397407	2.4556e-37
8.58	-1.82285	-2.71622	-8.74664	5.63733	0.393083	2.45274e-37
8.59	-1.80283	-2.62601	-8.63901	5.62421	0.388782	2.44989e-37
8.6	-1.78301	-2.53679	-8.53244	5.61114	0.384504	2.44704e-37
8.61	-1.76338	-2.44855	-8.42692	5.59811	0.380251	2.44419e-37
8.62	-1.74395	-2.36129	-8.32245	5.58513	0.376021	2.44136e-37
8.63	-1.72471	-2.27501	-8.21903	5.5722	0.371817	2.43853e-37
8.64	-1.70567	-2.1897	-8.11664	5.55931	0.367638	2.43571e-37
8.65	-1.68681	-2.10535	-8.0153	5.54646	0.363485	2.43289e-37
8.66	-1.66815	-2.02197	-7.91498	5.53366	0.359358	2.43008e-37
8.67	-1.64967	-1.93954	-7.81569	5.5209	0.355258	2.42728e-37
8.68	-1.63138	-1.85806	-7.71743	5.50819	0.351184	2.42448e-37
8.69	-1.61328	-1.77753	-7.62018	5.49552	0.347138	2.42169e-37
8.7	-1.59536	-1.69794	-7.52395	5.48289	0.34312	2.41891e-37
8.71	-1.57762	-1.61928	-7.42872	5.47031	0.339129	2.41613e-37
8.72	-1.56007	-1.54156	-7.33449	5.45777	0.335167	2.41336e-37
8.73	-1.54269	-1.46476	-7.24126	5.44527	0.331233	2.4106e-37
8.74	-1.52549	-1.38888	-7.14903	5.43282	0.327329	2.40784e-37
8.75	-1.50847	-1.31391	-7.05777	5.42041	0.323453	2.40509e-37
8.76	-1.49162	-1.23985	-6.9675	5.40804	0.319606	2.40234e-37
8.77	-1.47495	-1.1667	-6.8782	5.39571	0.315789	2.3996e-37
8.78	-1.45845	-1.09444	-6.78987	5.38343	0.312002	2.39687e-37
8.79	-1.44212	-1.02307	-6.7025	5.37119	0.308245	2.39414e-37
8.8	-1.42597	-0.95258	-6.61609	5.35899	0.304518	2.39142e-37
8.81	-1.40998	-0.882972	-6.53062	5.34683	0.300822	2.38871e-37
8.82	-1.39415	-0.814236	-6.4461	5.33471	0.297155	2.386e-37
8.83	-1.37849	-0.746366	-6.36252	5.32264	0.29352	2.3833e-37
8.84	-1.363	-0.679355	-6.27987	5.3106	0.289915	2.3806e-37
8.85	-1.34767	-0.613196	-6.19814	5.29861	0.286341	2.37791e-37
8.86	-1.3325	-0.547885	-6.11733	5.28665	0.282798	2.37523e-37
8.87	-1.31749	-0.483413	-6.03744	5.27474	0.279286	2.37255e-37
8.88	-1.30264	-0.419775	-5.95844	5.26286	0.275805	2.36988e-37
8.89	-1.28794	-0.356964	-5.88035	5.25103	0.272356	2.36721e-37
8.9	-1.2734	-0.294974	-5.80315	5.23924	0.268937	2.36455e-37
8.91	-1.25902	-0.233797	-5.72683	5.22748	0.26555	2.3619e-37
8.92	-1.24479	-0.173428	-5.65139	5.21577	0.262195	2.35925e-37
8.93	-1.23071	-0.113859	-5.57682	5.20409	0.25887	2.35661e-37
8.94	-1.21678	-0.0550849	-5.50312	5.19246	0.255577	2.35397e-37
8.95	-1.20299	0.00290241	-5.43028	5.18086	0.252316	2.35134e-37
8.96	-1.18936	0.0601092	-5.35828	5.1693	0.249086	2.34872e-37
8.97	-1.17587	0.116542	-5.28713	5.15778	0.245887	2.3461e-37
8.98	-1.16253	0.172208	-5.21681	5.1463	0.242719	2.34349e-37
8.99	-1.14933	0.227114	-5.14733	5.13486	0.239583	2.34088e-37
9	-1.13627	0.281266	-5.07867	5.12346	0.236478	2.33828e-37
9.01	-1.12336	0.334672	-5.01082	5.11209	0.233404	2.33568e-37
9.02	-1.11058	0.387338	-4.94379	5.10076	0.230362	2.33309e-37
9.03	-1.09794	0.43927	-4.87755	5.08947	0.22735	2.33051e-37
9.04	-1.08544	0.490477	-4.81211	5.07822	0.22437	2.32793e-37
9.05	-1.07308	0.540964	-4.74746	5.067	0.22142	2.32536e-37
9.06	-1.06084	0.590739	-4.68358	5.05582	0.218501	2.32279e-37
9.07	-1.04875	0.639807	-4.62049	5.04468	0.215613	2.32023e-37
9.08	-1.03678	0.688177	-4.55815	5.03357	0.212756	2.31768e-37
9.09	-1.02494	0.735854	-4.49658	5.0225	0.209929	2.31513e-37
9.1	-1.01324	0.782846	-4.43576	5.01147	0.207132	2.31258e-37
9.11	-1.00166	0.829159	-4.37568	5.00048	0.204366	2.31005e-37
9.12	-0.990206	0.874801	-4.31635	4.98952	0.20163	2.30751e-37
9.13	-0.97888	0.919777	-4.25774	4.97859	0.198924	2.30498e-37
9.14	-0.967678	0.964095	-4.19986	4.9677	0.196248	2.30246e-37
9.15	-0.956599	1.00776	-4.14269	4.95685	0.193601	2.29995e-37
9.16	-0.945643	1.05078	-4.08624	4.94603	0.190984	2.29744e-37
9.17	-0.934807	1.09316	-4.03049	4.93525	0.188397	2.29493e-37
9.18	-0.92409	1.13492	-3.97543	4.92451	0.185838	2.29243e-37
9.19	-0.913492	1.17604	-3.92106	4.9138	0.183309	2.28994e-37
9.2	-0.903011	1.21655	-3.86738	4.90312	0.180809	2.28745e-37
9.21	-0.892646	1.25644	-3.81437	4.89248	0.178337	2.28496e-37
9.22	-0.882395	1.29573	-3.76203	4.88187	0.175894	2.28249e-37
9.23	-0.872259	1.33442	-3.71035	4.8713	0.17348	2.28001e-37
9.24	-0.862235	1.37252	-3.65933	4.86076	0.171093	2.27754e-37
9.25	-0.852322	1.41004	-3.60896	4.85026	0.168735	2.27508e-37
9.26	-0.84252	1.44697	-3.55922	4.83979	0.166404	2.27263e-37
9.27	-0.832827	1.48333	-3.51012	4.82935	0.164102	2.27017e-37
9.28	-0.823242	1.51912	-3.46165	4.81895	0.161826	2.26773e-37
9.29	-0.813764	1.55435	-3.4138	4.80858	0.159578	2.26529e-37
9.3	-0.804392	1.58903	-3.36657	4.79824	0.157357	2.26285e-37
9.31	-0.795124	1.62316	-3.31994	4.78794	0.155162	2.26042e-37
9.32	-0.785961	1.65675	-3.27391	4.77767	0.152995	2.25799e-37
9.33	-0.7769	1.68981	-3.22848	4.76744	0.150853	2.25557e-37
9.34	-0.76794	1.72233	-3.18364	4.75723	0.148738	2.25316e-37
9.35	-0.759081	1.75433	-3.13938	4.74706	0.146649	2.25075e-37
9.36	-0.750322	1.78582	-3.09569	4.73692	0.144586	2.24835e-37
9.37	-0.741661	1.81679	-3.05258	4.72682	0.142548	2.24595e-37
9.38	-0.733097	1.84726	-3.01002	4.71675	0.140536	2.24355e-37
9.39	-0.72463	1.87723	-2.96803	4.7067	0.138548	2.24116e-37
9.4	-0.716258	1.9067	-2.92658	4.6967	0.136586	2.23878e-37
9.41	-0.707981	1.93569	-2.88568	4.68672	0.134648	2.2364e-37
9.42	-0.699797	1.9642	-2.84531	4.67677	0.132735	2.23402e-37
9.43	-0.691705	1.99223	-2.80548	4.66686	0.130846	2.23166e-37
9.44	-0.683705	2.01979	-2.76617	4.65698	0.128982	2.22929e-37
9.45	-0.675795	2.04689	-2.72738	4.64713	0.127141	2.22693e-37
9.46	-0.667975	2.07352	-2.68911	4.63731	0.125323	2.22458e-37
9.47	-0.660244	2.09971	-2.65134	4.62752	0.123529	2.22223e-37
9.48	-0.6526	2.12544	-2.61408	4.61776	0.121758	2.21989e-37
9.49	-0.645042	2.15074	-2.57731	4.60803	0.12001	2.21755e-37
9.5	-0.637571	2.1756	-2.54103	4.59834	0.118285	2.21521e-37
9.51	-0.630184	2.20002	-2.50523	4.58867	0.116582	2.21288e-37
9.52	-0.622882	2.22402	-2.46992	4.57904	0.114901	2.21056e-37
9.53	-0.615662	2.2476	-2.43507	4.56943	0.113243	2.20824e-37
9.54	-0.608525	2.27077	-2.4007	4.55986	0.111606	2.20592e-37
9.55	-0.601468	2.29352	-2.36678	4.55031	0.109991	2.20361e-37
9.56	-0.594493	2.31587	-2.33332	4.5408	0.108397	2.20131e-37
9.57	-0.587596	2.33782	-2.30031	4.53131	0.106824	2.19901e-37
9.58	-0.580779	2.35938	-2.26775	4.52186	0.105273	2.19671e-37
9.59	-0.574039	2.38055	-2.23563	4.51243	0.103742	2.19442e-37
9.6	-0.567376	2.40133	-2.20394	4.50304	0.102231	2.19214e-37
9.61	-0.560789	2.42173	-2.17268	4.49367	0.100741	2.18986e-37
9.62	-0.554278	2.44176	-2.14184	4.48433	0.0992703	2.18758e-37
9.63	-0.547841	2.46142	-2.11143	4.47503	0.0978198	2.18531e-37
9.64	-0.541477	2.48071	-2.08142	4.46575	0.0963888	2.18304e-37
9.65	-0.535187	2.49964	-2.05183	4.4565	0.0949773	2.18078e-37
9.66	-0.528969	2.51822	-2.02264	4.44727	0.0935849	2.17852e-37
9.67	-0.522822	2.53645	-1.99385	4.43808	0.0922115	2.17627e-37
9.68	-0.516745	2.55433	-1.96545	4.42892	0.0908568	2.17402e-37
9.69	-0.510738	2.57186	-1.93744	4.41978	0.0895206	2.17178e-37
9.7	-0.5048	2.58907	-1.90981	4.41067	0.0882027	2.16954e-37
9.71	-0.49893	2.60593	-1.88256	4.40159	0.0869029	2.1673e-37
9.72	-0.493128	2.62247	-1.85568	4.39254	0.085621	2.16507e-37
9.73	-0.487392	2.63869	-1.82918	4.38351	0.0843568	2.16285e-37
9.74	-0.481723	2.65459	-1.80304	4.37452	0.0831101	2.16063e-37
9.75	-0.476118	2.67017	-1.77726	4.36555	0.0818806	2.15841e-37
9.76	-0.470578	2.68544	-1.75183	4.35661	0.0806682	2.1562e-37
9.77	-0.465102	2.70041	-1.72676	4.34769	0.0794727	2.15399e-37
9.78	-0.459689	2.71507	-1.70203	4.33881	0.0782938	2.15179e-37
9.79	-0.454338	2.72943	-1.67765	4.32995	0.0771313	2.14959e-37
9.8	-0.449049	2.7435	-1.6536	4.32112	0.0759852	2.1474e-37
9.81	-0.443821	2.75728	-1.62989	4.31231	0.0748551	2.14521e-37
9.82	-0.438654	2.77077	-1.6065	4.30353	0.0737409	2.14303e-37
9.83	-0.433545	2.78398	-1.58344	4.29478	0.0726423	2.14085e-37
9.84	-0.428496	2.79692	-1.5607	4.28606	0.0715592	2.13867e-37
9.85	-0.423506	2.80957	-1.53828	4.27736	0.0704914	2.1365e-37
9.86	-0.418572	2.82196	-1.51616	4.26869	0.0694387	2.13433e-37
9.87	-0.413696	2.83408	-1.49436	4.26004	0.068401	2.13217e-37
9.88	-0.408876	2.84594	-1.47286	4.25142	0.0673779	2.13001e-37
9.89	-0.404112	2.85754	-1.45166	4.24283	0.0663694	2.12786e-37
9.9	-0.399403	2.86888	-1.43076	4.23426	0.0653752	2.12571e-37
9.91	-0.394749	2.87997	-1.41015	4.22572	0.0643953	2.12356e-37
9.92	-0.390148	2.89081	-1.38983	4.21721	0.0634293	2.12142e-37
9.93	-0.385601	2.9014	-1.36979	4.20872	0.0624771	2.11929e-37
9.94	-0.381107	2.91175	-1.35004	4.20025	0.0615386	2.11715e-37
9.95	-0.376664	2.92187	-1.33056	4.19181	0.0606135	2.11503e-37
9.96	-0.372273	2.93175	-1.31135	4.1834	0.0597017	2.1129e-37
9.97	-0.367933	2.9414	-1.29242	4.17501	0.0588031	2.11078e-37
9.98	-0.363643	2.95082	-1.27375	4.16665	0.0579174	2.10867e-37
9.99	-0.359403	2.96001	-1.25535	4.15831	0.0570444	2.10656e-37
10	-0.355212	2.96899	-1.2372	4.15	0.0561841	2.10445e-37
10.01	-0.35107	2.97774	-1.21931	4.14171	0.0553362	2.10235e-37
10.02	-0.346976	2.98628	-1.20167	4.13345	0.0545007	2.10025e-37
10.03	-0.342929	2.99461	-1.18428	4.12521	0.0536772	2.09816e-37
10.04	-0.338929	3.00273	-1.16714	4.117	0.0528657	2.09607e-37
10.05	-0.334976	3.01064	-1.15024	4.10881	0.052066	2.09398e-37
10.06	-0.331069	3.01835	-1.13358	4.10064	0.0512779	2.0919e-37
10.07	-0.327207	3.02585	-1.11715	4.0925	0.0505013	2.08982e-37
10.08	-0.32339	3.03317	-1.10096	4.08439	0.0497361	2.08775e-37
10.09	-0.319617	3.04028	-1.085	4.0763	0.048982	2.08568e-37
10.1	-0.315889	3.04721	-1.06926	4.06823	0.048239	2.08362e-37
10.11	-0.312203	3.05395	-1.05375	4.06018	0.0475069	2.08155e-37
10.12	-0.308561	3.0605	-1.03845	4.05216	0.0467855	2.0795e-37
10.13	-0.304961	3.06687	-1.02338	4.04417	0.0460747	2.07744e-37
10.14	-0.301402	3.07305	-1.00852	4.0362	0.0453743	2.0754e-37
10.15	-0.297886	3.07906	-0.993866	4.02825	0.0446842	2.07335e-37
10.16	-0.29441	3.0849	-0.979425	4.02032	0.0440043	2.07131e-37
10.17	-0.290974	3.09056	-0.96519	4.01242	0.0433345	2.06927e-37
10.18	-0.287579	3.09606	-0.951158	4.00454	0.0426745	2.06724e-37
10.19	-0.284223	3.10138	-0.937326	3.99668	0.0420242	2.06521e-37
10.2	-0.280907	3.10654	-0.923691	3.98885	0.0413836	2.06319e-37
10.21	-0.277628	3.11154	-0.910251	3.98104	0.0407524	2.06117e-37
10.22	-0.274389	3.11638	-0.897004	3.97325	0.0401307	2.05915e-37
10.23	-0.271186	3.12106	-0.883945	3.96549	0.0395181	2.05714e-37
10.24	-0.268022	3.12559	-0.871074	3.95775	0.0389146	2.05513e-37
10.25	-0.264894	3.12996	-0.858386	3.95003	0.0383201	2.05312e-37
10.26	-0.261802	3.13419	-0.845881	3.94233	0.0377344	2.05112e-37
10.27	-0.258747	3.13826	-0.833554	3.93466	0.0371575	2.04912e-37
10.28	-0.255727	3.14219	-0.821404	3.92701	0.0365891	2.04713e-37
10.29	-0.252743	3.14598	-0.809429	3.91938	0.0360292	2.04514e-37
10.3	-0.249793	3.14963	-0.797625	3.91177	0.0354777	2.04316e-37
10.31	-0.246878	3.15313	-0.785991	3.90419	0.0349344	2.04117e-37
10.32	-0.243997	3.1565	-0.774523	3.89663	0.0343992	2.0392e-37
10.33	-0.241149	3.15974	-0.763221	3.88909	0.033872	2.03722e-37
10.34	-0.238335	3.16284	-0.752081	3.88157	0.0333527	2.03525e-37
10.35	-0.235553	3.16581	-0.741101	3.87407	0.0328412	2.03329e-37
10.36	-0.232804	3.16865	-0.730279	3.86659	0.0323374	2.03132e-37
10.37	-0.230087	3.17137	-0.719613	3.85914	0.0318411	2.02936e-37
10.38	-0.227402	3.17396	-0.709101	3.85171	0.0313523	2.02741e-37
10.39	-0.224748	3.17643	-0.698739	3.8443	0.0308708	2.02546e-37
10.4	-0.222125	3.17878	-0.688528	3.83691	0.0303966	2.02351e-37
10.41	-0.219533	3.18101	-0.678463	3.82954	0.0299294	2.02157e-37
10.42	-0.216971	3.18312	-0.668544	3.82219	0.0294694	2.01963e-37
10.43	-0.214439	3.18512	-0.658768	3.81487	0.0290162	2.01769e-37
10.44	-0.211936	3.187	-0.649132	3.80756	0.0285699	2.01576e-37
10.45	-0.209463	3.18877	-0.639636	3.80028	0.0281303	2.01383e-37
10.46	-0.207019	3.19044	-0.630278	3.79302	0.0276974	2.0119e-37
10.47	-0.204603	3.19199	-0.621054	3.78577	0.027271	2.00998e-37
10.48	-0.202216	3.19344	-0.611964	3.77855	0.026851	2.00806e-37
10.49	-0.199856	3.19478	-0.603005	3.77135	0.0264374	2.00615e-37
10.5	-0.197524	3.19603	-0.594176	3.76417	0.0260301	2.00424e-37
10.51	-0.195219	3.19717	-0.585475	3.75701	0.0256289	2.00233e-37
10.52	-0.192941	3.19821	-0.576899	3.74987	0.0252338	2.00043e-37
10.53	-0.19069	3.19915	-0.568448	3.74275	0.0248447	1.99853e-37
10.54	-0.188465	3.2	-0.560119	3.73566	0.0244615	1.99663e-37
10.55	-0.186266	3.20075	-0.551911	3.72858	0.0240841	1.99474e-37
10.56	-0.184093	3.20141	-0.543822	3.72152	0.0237124	1.99285e-37
10.57	-0.181945	3.20198	-0.53585	3.71448	0.0233464	1.99097e-37
10.58	-0.179823	3.20245	-0.527994	3.70746	0.022986	1.98908e-37
10.59	-0.177725	3.20284	-0.520252	3.70046	0.022631	1.98721e-37
10.6	-0.175652	3.20314	-0.512622	3.69349	0.0222814	1.98533e-37
10.61	-0.173603	3.20336	-0.505103	3.68653	0.0219372	1.98346e-37
10.62	-0.171578	3.20349	-0.497693	3.67959	0.0215982	1.98159e-37
10.63	-0.169576	3.20354	-0.490391	3.67267	0.0212644	1.97973e-37
10.64	-0.167598	3.20351	-0.483195	3.66577	0.0209356	1.97787e-37
10.65	-0.165643	3.20339	-0.476103	3.65889	0.0206119	1.97601e-37
10.66	-0.163711	3.2032	-0.469115	3.65202	0.0202931	1.97416e-37
10.67	-0.161802	3.20293	-0.462228	3.64518	0.0199792	1.97231e-37
10.68	-0.159915	3.20259	-0.455442	3.63836	0.01967	1.97046e-37
10.69	-0.15805	3.20217	-0.448754	3.63156	0.0193656	1.96862e-37
10.7	-0.156207	3.20167	-0.442163	3.62477	0.0190659	1.96678e-37
10.71	-0.154385	3.20111	-0.435669	3.618	0.0187707	1.96494e-37
10.72	-0.152585	3.20047	-0.429269	3.61126	0.01848	1.96311e-37
10.73	-0.150806	3.19976	-0.422962	3.60453	0.0181938	1.96128e-37
10.74	-0.149047	3.19899	-0.416747	3.59782	0.017912	1.95945e-37
10.75	-0.14731	3.19814	-0.410623	3.59113	0.0176345	1.95763e-37
10.76	-0.145592	3.19723	-0.404588	3.58446	0.0173613	1.95581e-37
10.77	-0.143895	3.19626	-0.398641	3.57781	0.0170922	1.95399e-37
10.78	-0.142217	3.19522	-0.392781	3.57117	0.0168273	1.95218e-37
10.79	-0.140559	3.19411	-0.387006	3.56455	0.0165664	1.95037e-37
10.8	-0.138921	3.19295	-0.381316	3.55796	0.0163095	1.94857e-37
10.81	-0.137301	3.19172	-0.375709	3.55138	0.0160566	1.94676e-37
10.82	-0.135701	3.19044	-0.370183	3.54482	0.0158076	1.94496e-37
10.83	-0.134119	3.1891	-0.364738	3.53827	0.0155623	1.94317e-37
10.84	-0.132556	3.18769	-0.359373	3.53175	0.0153209	1.94138e-37
10.85	-0.131011	3.18624	-0.354086	3.52524	0.0150832	1.93959e-37
10.86	-0.129484	3.18472	-0.348876	3.51875	0.0148491	1.9378e-37
10.87	-0.127975	3.18316	-0.343742	3.51228	0.0146186	1.93602e-37
10.88	-0.126484	3.18153	-0.338684	3.50583	0.0143917	1.93424e-37
10.89	-0.12501	3.17986	-0.333699	3.49939	0.0141682	1.93246e-37
10.9	-0.123554	3.17813	-0.328788	3.49297	0.0139482	1.93069e-37
10.91	-0.122114	3.17636	-0.323948	3.48657	0.0137316	1.92892e-37
10.92	-0.120691	3.17453	-0.319179	3.48019	0.0135184	1.92715e-37
10.93	-0.119285	3.17265	-0.314479	3.47382	0.0133084	1.92539e-37
10.94	-0.117896	3.17073	-0.309849	3.46748	0.0131016	1.92363e-37
10.95	-0.116522	3.16876	-0.305286	3.46115	0.0128981	1.92187e-37
10.96	-0.115165	3.16674	-0.30079	3.45483	0.0126976	1.92012e-37
10.97	-0.113824	3.16468	-0.29636	3.44854	0.0125003	1.91837e-37
10.98	-0.112498	3.16257	-0.291994	3.44226	0.012306	1.91662e-37
10.99	-0.111188	3.16042	-0.287693	3.436	0.0121147	1.91488e-37
11	-0.109893	3.15822	-0.283455	3.42975	0.0119264	1.91314e-37
11.01	-0.108613	3.15599	-0.279278	3.42352	0.011741	1.9114e-37
11.02	-0.107348	3.15371	-0.275163	3.41731	0.0115584	1.90967e-37
11.03	-0.106098	3.15139	-0.271109	3.41112	0.0113787	1.90793e-37
11.04	-0.104863	3.14903	-0.267113	3.40494	0.0112017	1.90621e-37
11.05	-0.103642	3.14663	-0.263177	3.39878	0.0110275	1.90448e-37
11.06	-0.102435	3.1442	-0.259298	3.39264	0.010856	1.90276e-37
11.07	-0.101242	3.14173	-0.255475	3.38651	0.0106871	1.90104e-37
11.08	-0.100064	3.13922	-0.251709	3.3804	0.0105208	1.89932e-37
11.09	-0.0988991	3.13667	-0.247999	3.37431	0.0103571	1.89761e-37
11.1	-0.0977479	3.13409	-0.244342	3.36823	0.010196	1.8959e-37
11.11	-0.0966101	3.13147	-0.240739	3.36217	0.0100373	1.8942e-37
11.12	-0.0954857	3.12882	-0.23719	3.35613	0.00988111	1.89249e-37
11.13	-0.0943744	3.12614	-0.233692	3.3501	0.00972732	1.89079e-37
11.14	-0.0932761	3.12342	-0.230245	3.34409	0.00957591	1.88909e-37
11.15	-0.0921906	3.12067	-0.22685	3.33809	0.00942685	1.8874e-37
11.16	-0.0911178	3.11789	-0.223504	3.33211	0.00928009	1.88571e-37
11.17	-0.0900576	3.11508	-0.220207	3.32615	0.00913561	1.88402e-37
11.18	-0.0890098	3.11224	-0.216958	3.3202	0.00899337	1.88234e-37
11.19	-0.0879742	3.10937	-0.213758	3.31427	0.00885334	1.88065e-37
11.2	-0.0869507	3.10647	-0.210604	3.30835	0.00871548	1.87897e-37
11.21	-0.0859392	3.10354	-0.207497	3.30245	0.00857975	1.8773e-37
11.22	-0.0849395	3.10058	-0.204435	3.29657	0.00844613	1.87563e-37
11.23	-0.0839514	3.0976	-0.201419	3.2907	0.00831458	1.87395e-37
11.24	-0.082975	3.09459	-0.198446	3.28485	0.00818508	1.87229e-37
11.25	-0.0820099	3.09155	-0.195518	3.27901	0.00805758	1.87062e-37
11.26	-0.0810561	3.08849	-0.192632	3.27319	0.00793206	1.86896e-37
11.27	-0.0801135	3.0854	-0.189789	3.26738	0.00780849	1.8673e-37
11.28	-0.0791818	3.08229	-0.186988	3.26159	0.00768684	1.86565e-37
11.29	-0.0782611	3.07916	-0.184227	3.25582	0.00756708	1.864e-37
11.3	-0.0773511	3.076	-0.181508	3.25006	0.00744917	1.86235e-37
11.31	-0.0764518	3.07282	-0.178828	3.24431	0.0073331	1.8607e-37
11.32	-0.0755629	3.06962	-0.176188	3.23858	0.00721883	1.85906e-37
11.33	-0.0746844	3.06639	-0.173587	3.23287	0.00710634	1.85742e-37
11.34	-0.0738162	3.06314	-0.171024	3.22717	0.00699559	1.85578e-37
11.35	-0.0729582	3.05987	-0.168499	3.22149	0.00688657	1.85414e-37
11.36	-0.0721101	3.05659	-0.166011	3.21582	0.00677924	1.85251e-37
11.37	-0.071272	3.05328	-0.163559	3.21016	0.00667358	1.85088e-37
11.38	-0.0704436	3.04995	-0.161144	3.20452	0.00656956	1.84925e-37
11.39	-0.0696249	3.0466	-0.158764	3.1989	0.00646716	1.84763e-37
11.4	-0.0688158	3.04324	-0.156419	3.19329	0.00636635	1.84601e-37
11.41	-0.0680161	3.03985	-0.154109	3.1877	0.0062671	1.84439e-37
11.42	-0.0672257	3.03645	-0.151833	3.18212	0.00616941	1.84278e-37
11.43	-0.0664446	3.03303	-0.14959	3.17655	0.00607323	1.84116e-37
11.44	-0.0656726	3.0296	-0.14738	3.171	0.00597854	1.83956e-37
11.45	-0.0649096	3.02614	-0.145203	3.16546	0.00588534	1.83795e-37
11.46	-0.0641555	3.02268	-0.143058	3.15994	0.00579358	1.83634e-37
11.47	-0.0634103	3.01919	-0.140944	3.15443	0.00570324	1.83474e-37
11.48	-0.0626737	3.01569	-0.138862	3.14894	0.00561432	1.83315e-37
11.49	-0.0619457	3.01218	-0.13681	3.14346	0.00552678	1.83155e-37
11.5	-0.0612262	3.00865	-0.134789	3.138	0.0054406	1.82996e-37
11.51	-0.0605151	3.0051	-0.132797	3.13255	0.00535576	1.82837e-37
11.52	-0.0598122	3.00155	-0.130835	3.12711	0.00527224	1.82678e-37
11.53	-0.0591176	2.99798	-0.128902	3.12169	0.00519003	1.8252e-37
11.54	-0.0584311	2.99439	-0.126997	3.11628	0.00510909	1.82361e-37
11.55	-0.0577526	2.9908	-0.12512	3.11089	0.00502942	1.82204e-37
11.56	-0.057082	2.98719	-0.123271	3.10551	0.00495098	1.82046e-37
11.57	-0.0564192	2.98357	-0.121449	3.10014	0.00487377	1.81889e-37
11.58	-0.0557642	2.97993	-0.119654	3.09479	0.00479776	1.81732e-37
11.59	-0.0551168	2.97629	-0.117886	3.08945	0.00472293	1.81575e-37
11.6	-0.0544769	2.97263	-0.116143	3.08413	0.00464927	1.81418e-37
11.61	-0.0538445	2.96897	-0.114426	3.07882	0.00457676	1.81262e-37
11.62	-0.0532195	2.96529	-0.112735	3.07352	0.00450537	1.81106e-37
11.63	-0.0526018	2.9616	-0.111068	3.06824	0.0044351	1.8095e-37
11.64	-0.0519912	2.95791	-0.109427	3.06297	0.00436593	1.80795e-37
11.65	-0.0513878	2.9542	-0.107809	3.05771	0.00429783	1.8064e-37
11.66	-0.0507914	2.95048	-0.106215	3.05247	0.00423079	1.80485e-37
11.67	-0.050202	2.94676	-0.104645	3.04724	0.0041648	1.8033e-37
11.68	-0.0496194	2.94302	-0.103098	3.04202	0.00409984	1.80176e-37
11.69	-0.0490436	2.93928	-0.101573	3.03682	0.00403589	1.80021e-37
11.7	-0.0484745	2.93553	-0.100072	3.03163	0.00397293	1.79868e-37
11.71	-0.0479121	2.93177	-0.0985919	3.02646	0.00391096	1.79714e-37
11.72	-0.0473562	2.92801	-0.0971341	3.02129	0.00384995	1.79561e-37
11.73	-0.0468067	2.92424	-0.0956978	3.01614	0.0037899	1.79408e-37
11.74	-0.0462637	2.92046	-0.0942827	3.01101	0.00373078	1.79255e-37
11.75	-0.045727	2.91667	-0.0928885	3.00589	0.00367258	1.79102e-37
11.76	-0.0451965	2.91288	-0.0915149	3.00078	0.00361529	1.7895e-37
11.77	-0.0446723	2.90908	-0.0901615	2.99568	0.0035589	1.78798e-37
11.78	-0.0441541	2.90527	-0.0888281	2.99059	0.00350338	1.78646e-37
11.79	-0.0436419	2.90146	-0.0875144	2.98552	0.00344873	1.78495e-37
11.8	-0.0431358	2.89764	-0.0862201	2.98047	0.00339493	1.78343e-37
11.81	-0.0426355	2.89382	-0.084945	2.97542	0.00334197	1.78192e-37
11.82	-0.042141	2.88999	-0.0836886	2.97039	0.00328984	1.78042e-37
11.83	-0.0416523	2.88616	-0.0824508	2.96537	0.00323852	1.77891e-37
11.84	-0.0411692	2.88232	-0.0812313	2.96036	0.003188	1.77741e-37
11.85	-0.0406918	2.87848	-0.0800298	2.95537	0.00313827	1.77591e-37
11.86	-0.04022	2.87463	-0.078846	2.95039	0.00308932	1.77441e-37
11.87	-0.0397536	2.87078	-0.0776797	2.94542	0.00304112	1.77292e-37
11.88	-0.0392926	2.86692	-0.0765306	2.94046	0.00299368	1.77142e-37
11.89	-0.0388371	2.86306	-0.0753985	2.93552	0.00294699	1.76993e-37
11.9	-0.0383868	2.8592	-0.0742832	2.93058	0.00290101	1.76845e-37
11.91	-0.0379417	2.85534	-0.0731843	2.92566	0.00285576	1.76696e-37
11.92	-0.0375018	2.85147	-0.0721016	2.92076	0.00281121	1.76548e-37
11.93	-0.0370671	2.8476	-0.071035	2.91586	0.00276736	1.764e-37
11.94	-0.0366373	2.84372	-0.0699841	2.91098	0.00272419	1.76252e-37
11.95	-0.0362126	2.83984	-0.0689487	2.90611	0.0026817	1.76105e-37
11.96	-0.0357928	2.83597	-0.0679286	2.90125	0.00263987	1.75957e-37
11.97	-0.0353779	2.83208	-0.0669236	2.89641	0.00259869	1.7581e-37
11.98	-0.0349678	2.8282	-0.0659334	2.89157	0.00255815	1.75664e-37
11.99	-0.0345625	2.82431	-0.0649579	2.88675	0.00251825	1.75517e-37
12	-0.0341619	2.82043	-0.0639968	2.88194	0.00247897	1.75371e-37
12.01	-0.0337659	2.81654	-0.0630499	2.87715	0.0024403	1.75225e-37
12.02	-0.0333746	2.81265	-0.062117	2.87236	0.00240224	1.75079e-37
12.03	-0.0329878	2.80876	-0.0611978	2.86759	0.00236477	1.74934e-37
12.04	-0.0326054	2.80486	-0.0602923	2.86283	0.00232788	1.74788e-37
12.05	-0.0322275	2.80097	-0.0594001	2.85808	0.00229157	1.74643e-37
12.06	-0.031854	2.79707	-0.0585211	2.85334	0.00225583	1.74498e-37
12.07	-0.0314849	2.79318	-0.0576552	2.84861	0.00222064	1.74354e-37
12.08	-0.03112	2.78928	-0.056802	2.8439	0.00218601	1.7421e-37
12.09	-0.0307593	2.78539	-0.0559614	2.8392	0.00215191	1.74065e-37
12.1	-0.0304028	2.78149	-0.0551333	2.83451	0.00211835	1.73922e-37
12.11	-0.0300505	2.77759	-0.0543173	2.82983	0.00208531	1.73778e-37
12.12	-0.0297023	2.7737	-0.0535135	2.82516	0.00205279	1.73635e-37
12.13	-0.0293581	2.7698	-0.0527215	2.8205	0.00202077	1.73491e-37
12.14	-0.0290178	2.76591	-0.0519413	2.81586	0.00198926	1.73349e-37
12.15	-0.0286816	2.76201	-0.0511726	2.81122	0.00195823	1.73206e-37
12.16	-0.0283492	2.75812	-0.0504152	2.8066	0.00192769	1.73063e-37
12.17	-0.0280207	2.75422	-0.0496691	2.80199	0.00189763	1.72921e-37
12.18	-0.027696	2.75033	-0.048934	2.79739	0.00186804	1.72779e-37
12.19	-0.027375	2.74643	-0.0482097	2.79281	0.00183891	1.72638e-37
12.2	-0.0270578	2.74254	-0.0474962	2.78823	0.00181023	1.72496e-37
12.21	-0.0267442	2.73865	-0.0467932	2.78366	0.001782	1.72355e-37
12.22	-0.0264343	2.73476	-0.0461006	2.77911	0.00175421	1.72214e-37
12.23	-0.0261279	2.73088	-0.0454182	2.77457	0.00172686	1.72073e-37
12.24	-0.0258252	2.72699	-0.044746	2.77004	0.00169993	1.71932e-37
12.25	-0.0255259	2.7231	-0.0440837	2.76551	0.00167342	1.71792e-37
12.26	-0.0252301	2.71922	-0.0434311	2.761	0.00164733	1.71652e-37
12.27	-0.0249377	2.71534	-0.0427883	2.75651	0.00162164	1.71512e-37
12.28	-0.0246486	2.71146	-0.0421549	2.75202	0.00159636	1.71372e-37
12.29	-0.024363	2.70758	-0.0415309	2.74754	0.00157147	1.71233e-37
12.3	-0.0240806	2.70371	-0.0409161	2.74308	0.00154696	1.71094e-37
12.31	-0.0238015	2.69983	-0.0403105	2.73862	0.00152285	1.70955e-37
12.32	-0.0235256	2.69596	-0.0397137	2.73418	0.0014991	1.70816e-37
12.33	-0.023253	2.69209	-0.0391259	2.72974	0.00147573	1.70677e-37
12.34	-0.0229834	2.68823	-0.0385467	2.72532	0.00145272	1.70539e-37
12.35	-0.022717	2.68436	-0.037976	2.72091	0.00143007	1.70401e-37
12.36	-0.0224537	2.6805	-0.0374139	2.71651	0.00140778	1.70263e-37
12.37	-0.0221934	2.67664	-0.03686	2.71212	0.00138583	1.70125e-37
12.38	-0.0219361	2.67279	-0.0363143	2.70774	0.00136423	1.69988e-37
12.39	-0.0216818	2.66894	-0.0357767	2.70337	0.00134296	1.69851e-37
12.4	-0.0214304	2.66509	-0.0352471	2.69901	0.00132203	1.69714e-37
12.41	-0.021182	2.66124	-0.0347252	2.69466	0.00130142	1.69577e-37
12.42	-0.0209364	2.6574	-0.0342112	2.69033	0.00128113	1.69441e-37
12.43	-0.0206936	2.65356	-0.0337047	2.686	0.00126116	1.69304e-37
12.44	-0.0204536	2.64972	-0.0332057	2.68168	0.0012415	1.69168e-37
12.45	-0.0202164	2.64588	-0.0327141	2.67738	0.00122215	1.69032e-37
12.46	-0.019982	2.64205	-0.0322297	2.67308	0.0012031	1.68897e-37
12.47	-0.0197502	2.63823	-0.0317526	2.66879	0.00118435	1.68761e-37
12.48	-0.0195211	2.6344	-0.0312824	2.66452	0.00116589	1.68626e-37
12.49	-0.0192947	2.63058	-0.0308193	2.66025	0.00114772	1.68491e-37
12.5	-0.0190709	2.62677	-0.030363	2.656	0.00112984	1.68356e-37
12.51	-0.0188496	2.62295	-0.0299134	2.65176	0.00111223	1.68222e-37
12.52	-0.0186309	2.61915	-0.0294705	2.64752	0.00109489	1.68087e-37
12.53	-0.0184147	2.61534	-0.0290342	2.6433	0.00107783	1.67953e-37
12.54	-0.018201	2.61154	-0.0286043	2.63908	0.00106103	1.67819e-37
12.55	-0.0179898	2.60774	-0.0281808	2.63488	0.0010445	1.67685e-37
12.56	-0.017781	2.60395	-0.0277635	2.63068	0.00102822	1.67552e-37
12.57	-0.0175746	2.60016	-0.0273524	2.6265	0.0010122	1.67419e-37
12.58	-0.0173706	2.59638	-0.0269474	2.62233	0.00099643	1.67285e-37
12.59	-0.0171689	2.5926	-0.0265484	2.61816	0.000980904	1.67153e-37
12.6	-0.0169696	2.58882	-0.0261553	2.61401	0.00096562	1.6702e-37
12.61	-0.0167725	2.58505	-0.025768	2.60986	0.000950575	1.66887e-37
12.62	-0.0165777	2.58128	-0.0253865	2.60573	0.000935764	1.66755e-37
12.63	-0.0163851	2.57752	-0.0250106	2.60161	0.000921185	1.66623e-37
12.64	-0.0161948	2.57376	-0.0246402	2.59749	0.000906833	1.66491e-37
12.65	-0.0160066	2.57	-0.0242754	2.59339	0.000892706	1.6636e-37
12.66	-0.0158206	2.56625	-0.0239159	2.58929	0.000878798	1.66228e-37
12.67	-0.0156368	2.56251	-0.0235618	2.5852	0.000865108	1.66097e-37
12.68	-0.015455	2.55877	-0.0232129	2.58113	0.000851631	1.65966e-37
12.69	-0.0152753	2.55503	-0.0228692	2.57706	0.000838365	1.65835e-37
12.7	-0.0150977	2.5513	-0.0225305	2.57301	0.000825306	1.65705e-37
12.71	-0.0149222	2.54757	-0.0221969	2.56896	0.00081245	1.65574e-37
12.72	-0.0147486	2.54385	-0.0218682	2.56492	0.000799795	1.65444e-37
12.73	-0.014577	2.54014	-0.0215444	2.56089	0.000787337	1.65314e-37
12.74	-0.0144074	2.53642	-0.0212253	2.55687	0.000775074	1.65185e-37
12.75	-0.0142398	2.53272	-0.020911	2.55286	0.000763002	1.65055e-37
12.76	-0.014074	2.52901	-0.0206013	2.54886	0.000751119	1.64926e-37
12.77	-0.0139102	2.52532	-0.0202963	2.54487	0.000739421	1.64796e-37
12.78	-0.0137482	2.52163	-0.0199957	2.54089	0.000727905	1.64668e-37
12.79	-0.0135881	2.51794	-0.0196996	2.53692	0.000716569	1.64539e-37
12.8	-0.0134298	2.51426	-0.0194079	2.53296	0.00070541	1.6441e-37
12.81	-0.0132733	2.51058	-0.0191204	2.52901	0.000694425	1.64282e-37
12.82	-0.0131186	2.50691	-0.0188373	2.52506	0.000683611	1.64154e-37
12.83	-0.0129657	2.50324	-0.0185583	2.52113	0.000672966	1.64026e-37
12.84	-0.0128145	2.49958	-0.0182835	2.5172	0.000662488	1.63898e-37
12.85	-0.0126651	2.49593	-0.0180127	2.51329	0.000652172	1.63771e-37
12.86	-0.0125173	2.49227	-0.017746	2.50938	0.000642018	1.63643e-37
12.87	-0.0123713	2.48863	-0.0174832	2.50548	0.000632021	1.63516e-37
12.88	-0.0122269	2.48499	-0.0172242	2.50159	0.000622181	1.63389e-37
12.89	-0.0120841	2.48135	-0.0169692	2.49771	0.000612495	1.63262e-37
12.9	-0.011943	2.47773	-0.0167178	2.49384	0.000602959	1.63136e-37
12.91	-0.0118035	2.4741	-0.0164703	2.48998	0.000593572	1.63009e-37
12.92	-0.0116655	2.47048	-0.0162263	2.48613	0.000584331	1.62883e-37
12.93	-0.0115292	2.46687	-0.015986	2.48228	0.000575235	1.62757e-37
12.94	-0.0113944	2.46326	-0.0157493	2.47845	0.00056628	1.62631e-37
12.95	-0.0112611	2.45966	-0.015516	2.47462	0.000557466	1.62506e-37
12.96	-0.0111293	2.45607	-0.0152862	2.4708	0.000548788	1.6238e-37
12.97	-0.0109991	2.45247	-0.0150598	2.46699	0.000540246	1.62255e-37
12.98	-0.0108703	2.44889	-0.0148368	2.46319	0.000531837	1.6213e-37
12.99	-0.010743	2.44531	-0.0146171	2.4594	0.000523559	1.62005e-37
13	-0.0106171	2.44174	-0.0144006	2.45562	0.000515411	1.61881e-37
13.01	-0.0104926	2.43817	-0.0141873	2.45185	0.000507389	1.61756e-37
13.02	-0.0103696	2.43461	-0.0139772	2.44808	0.000499493	1.61632e-37
13.03	-0.0102479	2.43105	-0.0137702	2.44433	0.000491719	1.61508e-37
13.04	-0.0101276	2.4275	-0.0135662	2.44058	0.000484067	1.61384e-37
13.05	-0.0100087	2.42395	-0.0133653	2.43684	0.000476534	1.61261e-37
13.06	-0.00989113	2.42041	-0.0131674	2.43311	0.000469119	1.61137e-37
13.07	-0.00977489	2.41688	-0.0129723	2.42939	0.000461819	1.61014e-37
13.08	-0.00965995	2.41335	-0.0127802	2.42567	0.000454633	1.60891e-37
13.09	-0.00954632	2.40983	-0.0125909	2.42197	0.000447559	1.60768e-37
13.1	-0.00943396	2.40631	-0.0124044	2.41827	0.000440595	1.60645e-37
13.11	-0.00932287	2.4028	-0.0122207	2.41459	0.00043374	1.60523e-37
13.12	-0.00921303	2.39929	-0.0120397	2.41091	0.000426991	1.604e-37
13.13	-0.00910443	2.39579	-0.0118614	2.40724	0.000420348	1.60278e-37
13.14	-0.00899705	2.3923	-0.0116857	2.40357	0.000413809	1.60156e-37
13.15	-0.00889087	2.38881	-0.0115126	2.39992	0.000407371	1.60034e-37
13.16	-0.00878589	2.38533	-0.0113421	2.39627	0.000401034	1.59913e-37
13.17	-0.00868208	2.38186	-0.0111741	2.39264	0.000394795	1.59791e-37
13.18	-0.00857944	2.37839	-0.0110086	2.38901	0.000388654	1.5967e-37
13.19	-0.00847795	2.37492	-0.0108456	2.38539	0.000382608	1.59549e-37
13.2	-0.0083776	2.37146	-0.0106849	2.38177	0.000376657	1.59428e-37
13.21	-0.00827837	2.36801	-0.0105267	2.37817	0.000370798	1.59307e-37
13.22	-0.00818025	2.36457	-0.0103708	2.37457	0.000365031	1.59187e-37
13.23	-0.00808322	2.36113	-0.0102171	2.37098	0.000359354	1.59067e-37
13.24	-0.00798728	2.35769	-0.0100658	2.3674	0.000353765	1.58946e-37
13.25	-0.00789241	2.35426	-0.00991672	2.36383	0.000348263	1.58827e-37
13.26	-0.00779859	2.35084	-0.00976984	2.36027	0.000342847	1.58707e-37
13.27	-0.00770582	2.34742	-0.00962513	2.35671	0.000337515	1.58587e-37
13.28	-0.00761408	2.34401	-0.00948256	2.35316	0.000332266	1.58468e-37
13.29	-0.00752337	2.34061	-0.00934211	2.34962	0.000327099	1.58348e-37
13.3	-0.00743365	2.33721	-0.00920374	2.34609	0.000322013	1.58229e-37
13.31	-0.00734494	2.33382	-0.00906741	2.34257	0.000317006	1.58111e-37
13.32	-0.0072572	2.33043	-0.0089331	2.33905	0.000312077	1.57992e-37
13.33	-0.00717044	2.32705	-0.00880079	2.33554	0.000307224	1.57873e-37
13.34	-0.00708464	2.32367	-0.00867043	2.33204	0.000302448	1.57755e-37
13.35	-0.00699978	2.32031	-0.008542	2.32855	0.000297745	1.57637e-37
13.36	-0.00691587	2.31694	-0.00841548	2.32507	0.000293116	1.57519e-37
13.37	-0.00683287	2.31359	-0.00829083	2.32159	0.000288559	1.57401e-37
13.38	-0.00675079	2.31024	-0.00816802	2.31812	0.000284073	1.57283e-37
13.39	-0.00666962	2.30689	-0.00804704	2.31466	0.000279657	1.57166e-37
13.4	-0.00658933	2.30355	-0.00792784	2.31121	0.00027531	1.57049e-37
13.41	-0.00650993	2.30022	-0.00781041	2.30776	0.00027103	1.56931e-37
13.42	-0.0064314	2.29689	-0.00769472	2.30432	0.000266817	1.56815e-37
13.43	-0.00635372	2.29357	-0.00758074	2.30089	0.00026267	1.56698e-37
13.44	-0.0062769	2.29026	-0.00746846	2.29747	0.000258587	1.56581e-37
13.45	-0.00620091	2.28695	-0.00735783	2.29405	0.000254568	1.56465e-37
13.46	-0.00612576	2.28365	-0.00724884	2.29065	0.000250612	1.56349e-37
13.47	-0.00605142	2.28035	-0.00714147	2.28725	0.000246717	1.56232e-37
13.48	-0.00597789	2.27706	-0.00703569	2.28385	0.000242882	1.56117e-37
13.49	-0.00590516	2.27378	-0.00693147	2.28047	0.000239108	1.56001e-37
13.5	-0.00583321	2.2705	-0.0068288	2.27709	0.000235392	1.55885e-37
13.51	-0.00576205	2.26723	-0.00672764	2.27372	0.000231734	1.5577e-37
13.52	-0.00569165	2.26396	-0.00662799	2.27036	0.000228133	1.55655e-37
13.53	-0.00562202	2.2607	-0.00652981	2.26701	0.000224588	1.5554e-37
13.54	-0.00555314	2.25745	-0.00643309	2.26366	0.000221098	1.55425e-37
13.55	-0.00548499	2.2542	-0.0063378	2.26032	0.000217663	1.5531e-37
13.56	-0.00541758	2.25096	-0.00624392	2.25699	0.000214281	1.55196e-37
13.57	-0.0053509	2.24772	-0.00615143	2.25366	0.000210952	1.55081e-37
13.58	-0.00528492	2.24449	-0.00606031	2.25034	0.000207674	1.54967e-37
13.59	-0.00521965	2.24127	-0.00597054	2.24703	0.000204448	1.54853e-37
13.6	-0.00515508	2.23805	-0.0058821	2.24373	0.000201272	1.54739e-37
13.61	-0.0050912	2.23484	-0.00579497	2.24043	0.000198145	1.54625e-37
13.62	-0.00502799	2.23163	-0.00570913	2.23714	0.000195067	1.54512e-37
13.63	-0.00496546	2.22843	-0.00562456	2.23386	0.000192037	1.54398e-37
13.64	-0.00490358	2.22524	-0.00554124	2.23059	0.000189054	1.54285e-37
13.65	-0.00484236	2.22205	-0.00545916	2.22732	0.000186117	1.54172e-37
13.66	-0.00478179	2.21887	-0.00537829	2.22406	0.000183226	1.54059e-37
13.67	-0.00472185	2.21569	-0.00529862	2.22081	0.00018038	1.53947e-37
13.68	-0.00466255	2.21252	-0.00522014	2.21756	0.000177579	1.53834e-37
13.69	-0.00460386	2.20936	-0.00514281	2.21432	0.000174821	1.53722e-37
13.7	-0.00454579	2.2062	-0.00506663	2.21109	0.000172105	1.5361e-37
13.71	-0.00448832	2.20305	-0.00499158	2.20787	0.000169433	1.53498e-37
13.72	-0.00443145	2.1999	-0.00491764	2.20465	0.000166801	1.53386e-37
13.73	-0.00437518	2.19676	-0.00484479	2.20144	0.000164211	1.53274e-37
13.74	-0.00431948	2.19363	-0.00477302	2.19824	0.000161661	1.53162e-37
13.75	-0.00426436	2.1905	-0.00470232	2.19504	0.000159151	1.53051e-37
13.76	-0.00420981	2.18738	-0.00463266	2.19185	0.00015668	1.5294e-37
13.77	-0.00415582	2.18426	-0.00456404	2.18867	0.000154247	1.52829e-37
13.78	-0.00410238	2.18115	-0.00449643	2.18549	0.000151852	1.52718e-37
13.79	-0.00404949	2.17805	-0.00442982	2.18233	0.000149494	1.52607e-37
13.8	-0.00399713	2.17495	-0.0043642	2.17916	0.000147173	1.52496e-37
13.81	-0.00394531	2.17185	-0.00429956	2.17601	0.000144888	1.52386e-37
13.82	-0.00389401	2.16877	-0.00423586	2.17286	0.000142639	1.52276e-37
13.83	-0.00384324	2.16569	-0.00417312	2.16972	0.000140424	1.52166e-37
13.84	-0.00379297	2.16261	-0.0041113	2.16659	0.000138244	1.52056e-37
13.85	-0.00374321	2.15954	-0.0040504	2.16346	0.000136098	1.51946e-37
13.86	-0.00369394	2.15648	-0.0039904	2.16034	0.000133986	1.51836e-37
13.87	-0.00364517	2.15342	-0.00393129	2.15722	0.000131906	1.51727e-37
13.88	-0.00359688	2.15037	-0.00387305	2.15412	0.000129858	1.51618e-37
13.89	-0.00354907	2.14733	-0.00381568	2.15102	0.000127843	1.51508e-37
13.9	-0.00350173	2.14429	-0.00375915	2.14792	0.000125859	1.51399e-37
13.91	-0.00345486	2.14126	-0.00370347	2.14483	0.000123905	1.51291e-37
13.92	-0.00340844	2.13823	-0.00364861	2.14175	0.000121982	1.51182e-37
13.93	-0.00336248	2.13521	-0.00359456	2.13868	0.000120089	1.51073e-37
13.94	-0.00331697	2.13219	-0.00354131	2.13561	0.000118225	1.50965e-37
13.95	-0.0032719	2.12918	-0.00348885	2.13255	0.000116391	1.50857e-37
13.96	-0.00322726	2.12618	-0.00343717	2.1295	0.000114584	1.50749e-37
13.97	-0.00318305	2.12318	-0.00338625	2.12645	0.000112806	1.50641e-37
13.98	-0.00313926	2.12018	-0.00333609	2.12341	0.000111056	1.50533e-37
13.99	-0.00309589	2.1172	-0.00328667	2.12037	0.000109333	1.50425e-37
14	-0.00305293	2.11422	-0.00323798	2.11735	0.000107636	1.50318e-37
14.01	-0.00301038	2.11124	-0.00319002	2.11433	0.000105966	1.50211e-37
14.02	-0.00296822	2.10827	-0.00314276	2.11131	0.000104322	1.50104e-37
14.03	-0.00292647	2.10531	-0.0030962	2.1083	0.000102703	1.49997e-37
14.04	-0.00288509	2.10235	-0.00305034	2.1053	0.00010111	1.4989e-37
14.05	-0.00284411	2.0994	-0.00300515	2.1023	9.95414e-05	1.49783e-37
14.06	-0.0028035	2.09645	-0.00296063	2.09931	9.79972e-05	1.49676e-37
14.07	-0.00276326	2.09351	-0.00291678	2.09633	9.64769e-05	1.4957e-37
14.08	-0.00272338	2.09058	-0.00287357	2.09335	9.49803e-05	1.49464e-37
14.09	-0.00268387	2.08765	-0.002831	2.09038	9.3507e-05	1.49358e-37
14.1	-0.00264472	2.08472	-0.00278906	2.08742	9.20565e-05	1.49252e-37
14.11	-0.00260592	2.08181	-0.00274775	2.08446	9.06286e-05	1.49146e-37
14.12	-0.00256746	2.07889	-0.00270704	2.08151	8.92229e-05	1.4904e-37
14.13	-0.00252934	2.07599	-0.00266694	2.07857	8.78391e-05	1.48935e-37
14.14	-0.00249156	2.07309	-0.00262743	2.07563	8.64767e-05	1.4883e-37
14.15	-0.00245411	2.07019	-0.00258851	2.07269	8.51355e-05	1.48724e-37
14.16	-0.00241698	2.0673	-0.00255016	2.06977	8.38152e-05	1.48619e-37
14.17	-0.00238017	2.06442	-0.00251239	2.06685	8.25153e-05	1.48515e-37
14.18	-0.00234368	2.06154	-0.00247517	2.06393	8.12357e-05	1.4841e-37
14.19	-0.0023075	2.05867	-0.0024385	2.06103	7.99759e-05	1.48305e-37
14.2	-0.00227163	2.0558	-0.00240238	2.05812	7.87358e-05	1.48201e-37
14.21	-0.00223606	2.05294	-0.00236679	2.05523	7.75148e-05	1.48097e-37
14.22	-0.00220078	2.05008	-0.00233173	2.05234	7.63129e-05	1.47992e-37
14.23	-0.00216579	2.04723	-0.00229719	2.04945	7.51296e-05	1.47888e-37
14.24	-0.0021311	2.04439	-0.00226316	2.04658	7.39647e-05	1.47784e-37
14.25	-0.00209668	2.04155	-0.00222963	2.04371	7.28179e-05	1.47681e-37
14.26	-0.00206254	2.03872	-0.0021966	2.04084	7.1689e-05	1.47577e-37
14.27	-0.00202868	2.03589	-0.00216406	2.03798	7.05775e-05	1.47474e-37
14.28	-0.00199508	2.03307	-0.002132	2.03513	6.94833e-05	1.47371e-37
14.29	-0.00196175	2.03025	-0.00210042	2.03228	6.84062e-05	1.47267e-37
14.3	-0.00192867	2.02744	-0.0020693	2.02944	6.73457e-05	1.47164e-37
14.31	-0.00189586	2.02463	-0.00203865	2.0266	6.63017e-05	1.47062e-37
14.32	-0.00186329	2.02183	-0.00200845	2.02377	6.5274e-05	1.46959e-37
14.33	-0.00183097	2.01904	-0.0019787	2.02095	6.42621e-05	1.46856e-37
14.34	-0.00179889	2.01625	-0.00194938	2.01813	6.32661e-05	1.46754e-37
14.35	-0.00176705	2.01346	-0.0019205	2.01532	6.22854e-05	1.46652e-37
14.36	-0.00173545	2.01068	-0.00189205	2.01252	6.132e-05	1.4655e-37
14.37	-0.00170407	2.00791	-0.00186403	2.00972	6.03696e-05	1.46448e-37
14.38	-0.00167292	2.00514	-0.00183641	2.00692	5.9434e-05	1.46346e-37
14.39	-0.00164199	2.00238	-0.00180921	2.00413	5.85129e-05	1.46244e-37
14.4	-0.00161128	1.99963	-0.00178241	2.00135	5.76061e-05	1.46142e-37
14.41	-0.00158078	1.99687	-0.001756	1.99857	5.67133e-05	1.46041e-37
14.42	-0.00155049	1.99413	-0.00172999	1.9958	5.58345e-05	1.4594e-37
14.43	-0.0015204	1.99139	-0.00170436	1.99304	5.49692e-05	1.45839e-37
14.44	-0.00149052	1.98865	-0.00167911	1.99028	5.41174e-05	1.45738e-37
14.45	-0.00146083	1.98592	-0.00165424	1.98752	5.32789e-05	1.45637e-37
14.46	-0.00143134	1.9832	-0.00162973	1.98478	5.24533e-05	1.45536e-37
14.47	-0.00140203	1.98048	-0.00160559	1.98203	5.16406e-05	1.45435e-37
14.48	-0.00137291	1.97777	-0.0015818	1.9793	5.08405e-05	1.45335e-37
14.49	-0.00134397	1.97506	-0.00155837	1.97657	5.00528e-05	1.45235e-37
14.5	-0.00131521	1.97235	-0.00153528	1.97384	4.92773e-05	1.45135e-37
14.51	-0.00128662	1.96966	-0.00151254	1.97112	4.85139e-05	1.45035e-37
14.52	-0.00125821	1.96696	-0.00149013	1.96841	4.77623e-05	1.44935e-37
14.53	-0.00122996	1.96428	-0.00146806	1.9657	4.70224e-05	1.44835e-37
14.54	-0.00120187	1.9616	-0.00144631	1.963	4.62939e-05	1.44735e-37
14.55	-0.00117394	1.95892	-0.00142488	1.9603	4.55768e-05	1.44636e-37
14.56	-0.00114616	1.95625	-0.00140378	1.95761	4.48708e-05	1.44536e-37
14.57	-0.00111854	1.95358	-0.00138298	1.95492	4.41757e-05	1.44437e-37
14.58	-0.00109106	1.95092	-0.00136249	1.95224	4.34915e-05	1.44338e-37
14.59	-0.00106373	1.94826	-0.00134231	1.94956	4.28178e-05	1.44239e-37
14.6	-0.00103654	1.94561	-0.00132242	1.94689	4.21547e-05	1.4414e-37
14.61	-0.00100949	1.94297	-0.00130283	1.94423	4.15018e-05	1.44042e-37
14.62	-0.000982566	1.94033	-0.00128353	1.94157	4.0859e-05	1.43943e-37
14.63	-0.000955774	1.93769	-0.00126452	1.93892	4.02262e-05	1.43845e-37
14.64	-0.000929109	1.93506	-0.00124578	1.93627	3.96032e-05	1.43747e-37
14.65	-0.000902566	1.93244	-0.00122733	1.93363	3.89899e-05	1.43649e-37
14.66	-0.000876142	1.92982	-0.00120915	1.93099	3.83861e-05	1.43551e-37
14.67	-0.000849834	1.92721	-0.00119123	1.92836	3.77917e-05	1.43453e-37
14.68	-0.000823637	1.9246	-0.00117359	1.92573	3.72065e-05	1.43355e-37
14.69	-0.00079755	1.92199	-0.0011562	1.92311	3.66304e-05	1.43257e-37
14.7	-0.000771567	1.91939	-0.00113907	1.9205	3.60632e-05	1.4316e-37
14.71	-0.000745687	1.9168	-0.0011222	1.91789	3.55048e-05	1.43063e-37
14.72	-0.000719904	1.91421	-0.00110557	1.91528	3.49551e-05	1.42965e-37
14.73	-0.000694217	1.91163	-0.0010892	1.91268	3.44139e-05	1.42868e-37
14.74	-0.000668621	1.90905	-0.00107306	1.91009	3.38811e-05	1.42771e-37
14.75	-0.000643113	1.90647	-0.00105716	1.9075	3.33565e-05	1.42675e-37
14.76	-0.00061769	1.90391	-0.0010415	1.90491	3.28401e-05	1.42578e-37
14.77	-0.000592348	1.90134	-0.00102607	1.90234	3.23317e-05	1.42481e-37
14.78	-0.000567084	1.89878	-0.00101087	1.89976	3.18312e-05	1.42385e-37
14.79	-0.000541895	1.89623	-0.000995898	1.89719	3.13385e-05	1.42289e-37
14.8	-0.000516778	1.89368	-0.000981145	1.89463	3.08534e-05	1.42193e-37
14.81	-0.000491728	1.89114	-0.00096661	1.89207	3.03758e-05	1.42097e-37
14.82	-0.000466744	1.8886	-0.00095229	1.88952	2.99056e-05	1.42001e-37
14.83	-0.00044182	1.88606	-0.000938183	1.88697	2.94427e-05	1.41905e-37
14.84	-0.000416955	1.88354	-0.000924284	1.88443	2.8987e-05	1.41809e-37
14.85	-0.000392145	1.88101	-0.000910592	1.88189	2.85383e-05	1.41714e-37
14.86	-0.000367387	1.87849	-0.000897102	1.87936	2.80967e-05	1.41619e-37
14.87	-0.000342677	1.87598	-0.000883812	1.87684	2.76618e-05	1.41523e-37
14.88	-0.000318011	1.87347	-0.000870719	1.87431	2.72337e-05	1.41428e-37
14.89	-0.000293388	1.87097	-0.00085782	1.8718	2.68123e-05	1.41333e-37
14.9	-0.000268804	1.86847	-0.000845112	1.86929	2.63973e-05	1.41238e-37
14.91	-0.000244255	1.86597	-0.000832592	1.86678	2.59888e-05	1.41144e-37
14.92	-0.000219738	1.86348	-0.000820258	1.86428	2.55867e-05	1.41049e-37
14.93	-0.000195249	1.861	-0.000808106	1.86178	2.51908e-05	1.40955e-37
14.94	-0.000170787	1.85852	-0.000796135	1.85929	2.4801e-05	1.4086e-37
14.95	-0.000146347	1.85604	-0.00078434	1.8568	2.44172e-05	1.40766e-37
14.96	-0.000121926	1.85357	-0.000772721	1.85432	2.40394e-05	1.40672e-37
14.97	-9.75216e-05	1.85111	-0.000761274	1.85184	2.36675e-05	1.40578e-37
14.98	-7.31297e-05	1.84865	-0.000749996	1.84937	2.33013e-05	1.40484e-37
14.99	-4.87475e-05	1.84619	-0.000738885	1.84691	2.29408e-05	1.4039e-37
