0	0	-55	inf	-44.0186	inf	inf	22.2927
0.01	1.00686e-16	-55	1.24498e+06	-44.0186	1.245e+06	0.00939418	22.2927
0.02	1.40967e-15	-55	311228	-44.0186	311250	0.00476772	22.2926
0.03	5.13553e-15	-55	138312	-44.0186	138333	0.00322628	22.2925
0.04	1.24874e-14	-55	77790.8	-44.0186	77812.5	0.00245609	22.2923
0.05	2.46752e-14	-55	49778.3	-44.0186	49800	0.00199442	22.2921
0.06	4.29101e-14	-55	34561.6	-44.0186	34583.3	0.00168701	22.2919
0.07	6.84045e-14	-55	25386.4	-44.0186	25408.2	0.00146775	22.2915
0.08	1.02372e-13	-55	19431.4	-44.0186	19453.1	0.00130359	22.2912
0.09	1.4603e-13	-55	15348.6	-44.0186	15370.4	0.00117617	22.2908
0.1	2.00596e-13	-55	12428.3	-44.0186	12450	0.00107447	22.2903
0.11	2.6729e-13	-55	10267.5	-44.0185	10289.3	0.000991481	22.2898
0.12	3.47336e-13	-55	8624.1	-44.0185	8645.83	0.000922524	22.2892
0.13	4.41962e-13	-55	7345.13	-44.0185	7366.86	0.000864366	22.2886
0.14	5.52396e-13	-55	6330.31	-44.0185	6352.04	0.000814694	22.288
0.15	6.79873e-13	-55	5511.6	-44.0185	5533.33	0.000771815	22.2872
0.16	8.25629e-13	-55	4841.55	-44.0185	4863.28	0.000734457	22.2865
0.17	9.90907e-13	-55	4286.23	-44.0185	4307.96	0.000701648	22.2857
0.18	1.17695e-12	-55	3820.86	-44.0185	3842.59	0.000672632	22.2848
0.19	1.38502e-12	-55	3427.02	-44.0185	3448.75	0.000646812	22.2839
0.2	1.61635e-12	-55	3090.77	-44.0184	3112.5	0.000623711	22.283
0.21	1.87223e-12	-55	2801.39	-44.0184	2823.13	0.000602942	22.282
0.22	2.1539e-12	-55	2550.58	-44.0184	2572.31	0.00058419	22.2809
0.23	2.46265e-12	-55	2331.76	-44.0184	2353.5	0.000567193	22.2798
0.24	2.79976e-12	-55	2139.72	-44.0184	2161.46	0.000551733	22.2787
0.25	3.1665e-12	-55	1970.26	-44.0184	1992	0.000537628	22.2775
0.26	3.56417e-12	-55	1819.97	-44.0184	1841.72	0.000524724	22.2762
0.27	3.99408e-12	-55	1686.08	-44.0184	1707.82	0.000512887	22.2749
0.28	4.45752e-12	-55	1566.27	-44.0183	1588.01	0.000502007	22.2736
0.29	4.95581e-12	-55	1458.63	-44.0183	1480.38	0.000491984	22.2722
0.3	5.49028e-12	-55	1361.59	-44.0183	1383.33	0.000482736	22.2708
0.31	6.06225e-12	-55	1273.78	-44.0183	1295.53	0.000474188	22.2693
0.32	6.67305e-12	-55	1194.07	-44.0183	1215.82	0.000466277	22.2677
0.33	7.32405e-12	-55	1121.5	-44.0183	1143.25	0.000458947	22.2662
0.34	8.0166e-12	-55	1055.24	-44.0183	1076.99	0.000452146	22.2645
0.35	8.75206e-12	-55	994.572	-44.0182	1016.33	0.000445832	22.2628
0.36	9.5318e-12	-55	938.891	-44.0182	960.648	0.000439966	22.2611
0.37	1.03572e-11	-55	887.664	-44.0182	909.423	0.000434512	22.2593
0.38	1.12297e-11	-55	840.428	-44.0182	862.188	0.000429439	22.2575
0.39	1.21507e-11	-55	796.778	-44.0182	818.54	0.000424719	22.2556
0.4	1.31215e-11	-55	756.361	-44.0182	778.125	0.000420328	22.2537
0.41	1.41437e-11	-55	718.865	-44.0182	740.631	0.000416242	22.2517
0.42	1.52187e-11	-55	684.014	-44.0181	705.782	0.000412441	22.2497
0.43	1.63478e-11	-55	651.567	-44.0181	673.337	0.000408907	22.2476
0.44	1.75327e-11	-55	621.306	-44.0181	643.079	0.000405623	22.2455
0.45	1.87747e-11	-55	593.04	-44.0181	614.815	0.000402572	22.2433
0.46	2.00754e-11	-55	566.598	-44.0181	588.374	0.000399743	22.2411
0.47	2.14362e-11	-55	541.825	-44.0181	563.603	0.00039712	22.2388
0.48	2.28587e-11	-55	518.583	-44.018	540.365	0.000394694	22.2365
0.49	2.43444e-11	-55	496.75	-44.018	518.534	0.000392452	22.2341
0.5	2.58948e-11	-55	476.214	-44.018	498	0.000390387	22.2317
0.51	2.75115e-11	-55	456.874	-44.018	478.662	0.000388487	22.2293
0.52	2.91962e-11	-55	438.638	-44.018	460.429	0.000386745	22.2267
0.53	3.09503e-11	-55	421.425	-44.0179	443.218	0.000385154	22.2242
0.54	3.27754e-11	-55	405.159	-44.0179	426.955	0.000383705	22.2216
0.55	3.46733e-11	-55	389.772	-44.0179	411.57	0.000382393	22.2189
0.56	3.66455e-11	-55	375.201	-44.0179	397.003	0.000381212	22.2162
0.57	3.86937e-11	-55	361.391	-44.0179	383.195	0.000380156	22.2134
0.58	4.08195e-11	-55	348.288	-44.0178	370.095	0.000379219	22.2106
0.59	4.30247e-11	-55	335.846	-44.0178	357.656	0.000378397	22.2078
0.6	4.5311e-11	-55	324.021	-44.0178	345.833	0.000377685	22.2049
0.61	4.768e-11	-55	312.772	-44.0178	334.587	0.000377079	22.2019
0.62	5.01336e-11	-55	302.063	-44.0178	323.881	0.000376576	22.1989
0.63	5.26734e-11	-55	291.86	-44.0177	313.681	0.000376171	22.1959
0.64	5.53013e-11	-55	282.13	-44.0177	303.955	0.000375861	22.1928
0.65	5.8019e-11	-55	272.847	-44.0177	294.675	0.000375643	22.1896
0.66	6.08285e-11	-55	263.982	-44.0177	285.813	0.000375514	22.1864
0.67	6.37314e-11	-55	255.511	-44.0176	277.345	0.000375472	22.1832
0.68	6.67298e-11	-55	247.41	-44.0176	269.247	0.000375513	22.1799
0.69	6.98254e-11	-55	239.659	-44.0176	261.5	0.000375635	22.1765
0.7	7.30201e-11	-55	232.238	-44.0176	254.082	0.000375836	22.1731
0.71	7.6316e-11	-55	225.127	-44.0175	246.975	0.000376114	22.1697
0.72	7.97149e-11	-55	218.311	-44.0175	240.162	0.000376467	22.1662
0.73	8.32188e-11	-55	211.773	-44.0175	233.627	0.000376893	22.1627
0.74	8.68297e-11	-55	205.498	-44.0175	227.356	0.00037739	22.1591
0.75	9.05497e-11	-55	199.472	-44.0174	221.333	0.000377957	22.1554
0.76	9.43807e-11	-55	193.682	-44.0174	215.547	0.000378592	22.1518
0.77	9.83248e-11	-55	188.116	-44.0174	209.985	0.000379294	22.148
0.78	1.02384e-10	-55	182.762	-44.0174	204.635	0.000380061	22.1442
0.79	1.06561e-10	-55	177.611	-44.0173	199.487	0.000380893	22.1404
0.8	1.10857e-10	-55	172.651	-44.0173	194.531	0.000381787	22.1365
0.81	1.15275e-10	-55	167.873	-44.0173	189.758	0.000382743	22.1326
0.82	1.19816e-10	-55	163.269	-44.0172	185.158	0.000383761	22.1286
0.83	1.24484e-10	-55	158.831	-44.0172	180.723	0.000384838	22.1246
0.84	1.2928e-10	-55	154.549	-44.0172	176.446	0.000385974	22.1205
0.85	1.34206e-10	-55	150.418	-44.0172	172.318	0.000387168	22.1164
0.86	1.39266e-10	-55	146.43	-44.0171	168.334	0.00038842	22.1122
0.87	1.4446e-10	-55	142.578	-44.0171	164.487	0.000389728	22.108
0.88	1.49792e-10	-55	138.857	-44.0171	160.77	0.000391093	22.1037
0.89	1.55264e-10	-55	135.26	-44.017	157.177	0.000392513	22.0994
0.9	1.60879e-10	-55	131.782	-44.017	153.704	0.000393988	22.095
0.91	1.66638e-10	-55	128.418	-44.017	150.344	0.000395517	22.0906
0.92	1.72545e-10	-55	125.163	-44.0169	147.094	0.0003971	22.0861
0.93	1.78601e-10	-55	122.012	-44.0169	143.947	0.000398737	22.0816
0.94	1.8481e-10	-55	118.961	-44.0169	140.901	0.000400426	22.0771
0.95	1.91174e-10	-55	116.006	-44.0168	137.95	0.000402169	22.0724
0.96	1.97695e-10	-55	113.143	-44.0168	135.091	0.000403963	22.0678
0.97	2.04376e-10	-55	110.367	-44.0167	132.32	0.00040581	22.0631
0.98	2.11221e-10	-55	107.675	-44.0167	129.633	0.000407708	22.0583
0.99	2.18231e-10	-55	105.065	-44.0167	127.028	0.000409658	22.0535
1	2.25409e-10	-55	102.532	-44.0166	124.5	0.00041166	22.0486
1.01	2.32759e-10	-55	100.074	-44.0166	122.047	0.000413712	22.0437
1.02	2.40282e-10	-55	97.6882	-44.0166	119.666	0.000415815	22.0388
1.03	2.47982e-10	-55	95.3709	-44.0165	117.353	0.00041797	22.0338
1.04	2.55862e-10	-55	93.1199	-44.0165	115.107	0.000420175	22.0287
1.05	2.63925e-10	-55	90.9328	-44.0164	112.925	0.00042243	22.0236
1.06	2.72173e-10	-55	88.8071	-44.0164	110.805	0.000424737	22.0185
1.07	2.8061e-10	-55	86.7405	-44.0163	108.743	0.000427093	22.0133
1.08	2.89239e-10	-55	84.7308	-44.0163	106.739	0.000429501	22.008
1.09	2.98062e-10	-55	82.7761	-44.0163	104.789	0.000431959	22.0027
1.1	3.07083e-10	-55	80.8742	-44.0162	102.893	0.000434468	21.9974
1.11	3.16306e-10	-55	79.0232	-44.0162	101.047	0.000437027	21.992
1.12	3.25732e-10	-55	77.2215	-44.0161	99.2506	0.000439637	21.9865
1.13	3.35367e-10	-55	75.4672	-44.0161	97.5018	0.000442298	21.9811
1.14	3.45212e-10	-55	73.7586	-44.016	95.7987	0.00044501	21.9755
1.15	3.55271e-10	-55	72.0943	-44.016	94.1399	0.000447773	21.9699
1.16	3.65548e-10	-55	70.4726	-44.0159	92.5238	0.000450587	21.9643
1.17	3.76046e-10	-55	68.8921	-44.0159	90.9489	0.000453452	21.9586
1.18	3.86769e-10	-55	67.3514	-44.0158	89.414	0.000456369	21.9529
1.19	3.9772e-10	-55	65.8493	-44.0158	87.9175	0.000459338	21.9471
1.2	4.08902e-10	-55	64.3843	-44.0157	86.4583	0.000462359	21.9412
1.21	4.20319e-10	-55	62.9553	-44.0157	85.0352	0.000465432	21.9354
1.22	4.31976e-10	-55	61.5611	-44.0156	83.6469	0.000468557	21.9294
1.23	4.43875e-10	-55	60.2006	-44.0156	82.2923	0.000471735	21.9234
1.24	4.56021e-10	-55	58.8727	-44.0155	80.9703	0.000474966	21.9174
1.25	4.68417e-10	-55	57.5764	-44.0155	79.68	0.00047825	21.9113
1.26	4.81067e-10	-55	56.3105	-44.0154	78.4203	0.000481588	21.9052
1.27	4.93975e-10	-55	55.0743	-44.0153	77.1902	0.000484979	21.899
1.28	5.07145e-10	-55	53.8668	-44.0153	75.9888	0.000488425	21.8928
1.29	5.20581e-10	-55	52.687	-44.0152	74.8152	0.000491925	21.8865
1.3	5.34288e-10	-55	51.5342	-44.0152	73.6686	0.00049548	21.8802
1.31	5.48268e-10	-55	50.4075	-44.0151	72.5482	0.00049909	21.8738
1.32	5.62528e-10	-55	49.3061	-44.015	71.4532	0.000502756	21.8674
1.33	5.7707e-10	-55	48.2292	-44.015	70.3827	0.000506478	21.861
1.34	5.91899e-10	-55	47.1762	-44.0149	69.3362	0.000510256	21.8544
1.35	6.0702e-10	-55	46.1463	-44.0149	68.3128	0.000514091	21.8479
1.36	6.22436e-10	-55	45.1388	-44.0148	67.3119	0.000517983	21.8413
1.37	6.38153e-10	-55	44.1532	-44.0147	66.3328	0.000521932	21.8346
1.38	6.54175e-10	-55	43.1887	-44.0147	65.3749	0.00052594	21.8279
1.39	6.70506e-10	-55	42.2447	-44.0146	64.4377	0.000530007	21.8211
1.4	6.87152e-10	-55	41.3207	-44.0145	63.5204	0.000534132	21.8143
1.41	7.04117e-10	-55	40.4162	-44.0144	62.6226	0.000538317	21.8075
1.42	7.21405e-10	-55	39.5304	-44.0144	61.7437	0.000542562	21.8005
1.43	7.39023e-10	-55	38.663	-44.0143	60.8832	0.000546868	21.7936
1.44	7.56973e-10	-55	37.8134	-44.0142	60.0405	0.000551235	21.7866
1.45	7.75263e-10	-55	36.9812	-44.0141	59.2152	0.000555663	21.7795
1.46	7.93896e-10	-55	36.1657	-44.0141	58.4068	0.000560154	21.7724
1.47	8.12877e-10	-55	35.3667	-44.014	57.6149	0.000564707	21.7653
1.48	8.32213e-10	-55	34.5837	-44.0139	56.8389	0.000569324	21.7581
1.49	8.51908e-10	-55	33.8161	-44.0138	56.0786	0.000574004	21.7508
1.5	8.71968e-10	-55	33.0637	-44.0138	55.3333	0.000578749	21.7435
1.51	8.92398e-10	-55	32.326	-44.0137	54.6029	0.00058356	21.7362
1.52	9.13204e-10	-55	31.6026	-44.0136	53.8868	0.000588436	21.7288
1.53	9.3439e-10	-55	30.8931	-44.0135	53.1847	0.000593378	21.7213
1.54	9.55964e-10	-55	30.1972	-44.0134	52.4962	0.000598387	21.7138
1.55	9.7793e-10	-55	29.5146	-44.0133	51.821	0.000603465	21.7063
1.56	1.00029e-09	-55	28.8449	-44.0132	51.1588	0.00060861	21.6987
1.57	1.02306e-09	-55	28.1877	-44.0132	50.5091	0.000613825	21.6911
1.58	1.04624e-09	-55	27.5428	-44.0131	49.8718	0.000619109	21.6834
1.59	1.06984e-09	-55	26.9098	-44.013	49.2465	0.000624464	21.6756
1.6	1.09385e-09	-55	26.2884	-44.0129	48.6328	0.00062989	21.6679
1.61	1.1183e-09	-55	25.6784	-44.0128	48.0306	0.000635388	21.66
1.62	1.14318e-09	-55	25.0795	-44.0127	47.4394	0.000640958	21.6521
1.63	1.1685e-09	-55	24.4914	-44.0126	46.8591	0.000646602	21.6442
1.64	1.19427e-09	-55	23.9138	-44.0125	46.2894	0.00065232	21.6362
1.65	1.22049e-09	-55	23.3465	-44.0124	45.73	0.000658114	21.6282
1.66	1.24718e-09	-55	22.7892	-44.0123	45.1807	0.000663983	21.6201
1.67	1.27433e-09	-55	22.2417	-44.0122	44.6413	0.000669928	21.612
1.68	1.30196e-09	-55	21.7038	-44.0121	44.1114	0.000675951	21.6038
1.69	1.33006e-09	-55	21.1752	-44.012	43.5909	0.000682053	21.5956
1.7	1.35866e-09	-55	20.6557	-44.0119	43.0796	0.000688233	21.5873
1.71	1.38775e-09	-55	20.1451	-44.0117	42.5772	0.000694493	21.579
1.72	1.41735e-09	-55	19.6432	-44.0116	42.0836	0.000700835	21.5706
1.73	1.44745e-09	-55	19.1498	-44.0115	41.5984	0.000707258	21.5622
1.74	1.47807e-09	-55	18.6647	-44.0114	41.1217	0.000713763	21.5537
1.75	1.50922e-09	-55	18.1877	-44.0113	40.6531	0.000720353	21.5452
1.76	1.54089e-09	-55	17.7186	-44.0112	40.1924	0.000727026	21.5366
1.77	1.57311e-09	-55	17.2572	-44.011	39.7395	0.000733785	21.528
1.78	1.60588e-09	-55	16.8035	-44.0109	39.2943	0.000740631	21.5193
1.79	1.6392e-09	-55	16.3571	-44.0108	38.8565	0.000747564	21.5106
1.8	1.67309e-09	-55	15.9179	-44.0107	38.4259	0.000754586	21.5019
1.81	1.70754e-09	-55	15.4858	-44.0105	38.0025	0.000761696	21.4931
1.82	1.74258e-09	-55	15.0606	-44.0104	37.586	0.000768898	21.4842
1.83	1.77821e-09	-55	14.6422	-44.0103	37.1764	0.00077619	21.4753
1.84	1.81443e-09	-55	14.2304	-44.0101	36.7734	0.000783575	21.4663
1.85	1.85126e-09	-55	13.825	-44.01	36.3769	0.000791054	21.4573
1.86	1.8887e-09	-55	13.426	-44.0099	35.9868	0.000798628	21.4483
1.87	1.92676e-09	-55	13.0332	-44.0097	35.603	0.000806297	21.4392
1.88	1.96546e-09	-55	12.6465	-44.0096	35.2252	0.000814063	21.43
1.89	2.0048e-09	-55	12.2656	-44.0094	34.8534	0.000821926	21.4208
1.9	2.04478e-09	-55	11.8906	-44.0093	34.4875	0.000829889	21.4116
1.91	2.08543e-09	-55	11.5213	-44.0091	34.1274	0.000837953	21.4023
1.92	2.12675e-09	-55	11.1576	-44.009	33.7728	0.000846118	21.3929
1.93	2.16874e-09	-55	10.7992	-44.0088	33.4237	0.000854385	21.3835
1.94	2.21142e-09	-55	10.4463	-44.0087	33.08	0.000862756	21.3741
1.95	2.2548e-09	-55	10.0985	-44.0085	32.7416	0.000871233	21.3646
1.96	2.29888e-09	-55	9.75592	-44.0084	32.4084	0.000879815	21.355
1.97	2.34369e-09	-55	9.41832	-44.0082	32.0802	0.000888505	21.3454
1.98	2.38922e-09	-55	9.08562	-44.008	31.757	0.000897305	21.3358
1.99	2.43549e-09	-55	8.75775	-44.0079	31.4386	0.000906214	21.3261
2	2.4825e-09	-55	8.43459	-44.0077	31.125	0.000915234	21.3164
2.01	2.53028e-09	-55	8.11605	-44.0075	30.8161	0.000924368	21.3066
2.02	2.57882e-09	-55	7.80205	-44.0073	30.5117	0.000933616	21.2967
2.03	2.62815e-09	-55	7.49248	-44.0072	30.2118	0.000942979	21.2868
2.04	2.67827e-09	-55	7.18727	-44.007	29.9164	0.000952459	21.2769
2.05	2.72919e-09	-55	6.88632	-44.0068	29.6252	0.000962057	21.2669
2.06	2.78092e-09	-55	6.58956	-44.0066	29.3383	0.000971775	21.2569
2.07	2.83348e-09	-55	6.2969	-44.0064	29.0555	0.000981615	21.2468
2.08	2.88688e-09	-55	6.00827	-44.0062	28.7768	0.000991576	21.2367
2.09	2.94113e-09	-55	5.72358	-44.006	28.5021	0.00100166	21.2265
2.1	2.99623e-09	-55	5.44276	-44.0058	28.2313	0.00101187	21.2163
2.11	3.05221e-09	-55	5.16573	-44.0056	27.9643	0.00102221	21.206
2.12	3.10908e-09	-55	4.89243	-44.0054	27.7011	0.00103268	21.1957
2.13	3.16684e-09	-55	4.62278	-44.0052	27.4416	0.00104328	21.1853
2.14	3.22551e-09	-55	4.35671	-44.005	27.1858	0.00105401	21.1749
2.15	3.2851e-09	-55	4.09416	-44.0048	26.9335	0.00106487	21.1644
2.16	3.34563e-09	-55	3.83506	-44.0046	26.6847	0.00107587	21.1539
2.17	3.40711e-09	-55	3.57935	-44.0044	26.4393	0.001087	21.1433
2.18	3.46955e-09	-55	3.32696	-44.0041	26.1973	0.00109828	21.1327
2.19	3.53297e-09	-55	3.07783	-44.0039	25.9586	0.00110969	21.122
2.2	3.59737e-09	-55	2.83191	-44.0037	25.7231	0.00112125	21.1113
2.21	3.66278e-09	-55	2.58913	-44.0034	25.4909	0.00113294	21.1006
2.22	3.7292e-09	-55	2.34943	-44.0032	25.2617	0.00114479	21.0897
2.23	3.79666e-09	-55	2.11277	-44.003	25.0357	0.00115678	21.0789
2.24	3.86516e-09	-55	1.87908	-44.0027	24.8127	0.00116892	21.068
2.25	3.93472e-09	-55	1.64832	-44.0025	24.5926	0.00118121	21.057
2.26	4.00535e-09	-55	1.42042	-44.0022	24.3754	0.00119365	21.046
2.27	4.07707e-09	-55	1.19534	-44.002	24.1612	0.00120625	21.0349
2.28	4.1499e-09	-55	0.973033	-44.0017	23.9497	0.00121901	21.0238
2.29	4.22385e-09	-55	0.753443	-44.0014	23.741	0.00123192	21.0127
2.3	4.29893e-09	-55	0.536526	-44.0012	23.535	0.00124499	21.0015
2.31	4.37516e-09	-55	0.322233	-44.0009	23.3316	0.00125823	20.9902
2.32	4.45256e-09	-55	0.110519	-44.0006	23.1309	0.00127163	20.9789
2.33	4.53114e-09	-55	-0.0986613	-44.0003	22.9328	0.00128519	20.9676
2.34	4.61092e-09	-55	-0.305351	-44.0001	22.7372	0.00129893	20.9562
2.35	4.69191e-09	-55	-0.509594	-43.9998	22.5441	0.00131283	20.9447
2.36	4.77414e-09	-55	-0.711431	-43.9995	22.3535	0.00132691	20.9332
2.37	4.85762e-09	-55	-0.910905	-43.9992	22.1653	0.00134116	20.9217
2.38	4.94236e-09	-55	-1.10805	-43.9989	21.9794	0.00135559	20.9101
2.39	5.02839e-09	-55	-1.30292	-43.9986	21.7958	0.0013702	20.8984
2.4	5.11571e-09	-55	-1.49554	-43.9983	21.6146	0.00138499	20.8868
2.41	5.20436e-09	-55	-1.68595	-43.9979	21.4356	0.00139996	20.875
2.42	5.29434e-09	-55	-1.8742	-43.9976	21.2588	0.00141512	20.8632
2.43	5.38568e-09	-55	-2.0603	-43.9973	21.0842	0.00143047	20.8514
2.44	5.4784e-09	-55	-2.24431	-43.997	20.9117	0.001446	20.8395
2.45	5.5725e-09	-55	-2.42626	-43.9966	20.7414	0.00146173	20.8276
2.46	5.66802e-09	-55	-2.60617	-43.9963	20.5731	0.00147766	20.8156
2.47	5.76497e-09	-55	-2.78409	-43.996	20.4068	0.00149379	20.8035
2.48	5.86337e-09	-55	-2.96005	-43.9956	20.2426	0.00151011	20.7915
2.49	5.96324e-09	-55	-3.13407	-43.9952	20.0803	0.00152664	20.7793
2.5	6.0646e-09	-55	-3.3062	-43.9949	19.92	0.00154337	20.7671
2.51	6.16747e-09	-55	-3.47645	-43.9945	19.7616	0.00156031	20.7549
2.52	6.27188e-09	-55	-3.64487	-43.9942	19.6051	0.00157746	20.7426
2.53	6.37783e-09	-55	-3.81148	-43.9938	19.4504	0.00159483	20.7303
2.54	6.48536e-09	-55	-3.9763	-43.9934	19.2975	0.00161241	20.7179
2.55	6.59449e-09	-55	-4.13938	-43.993	19.1465	0.00163021	20.7055
2.56	6.70523e-09	-55	-4.30073	-43.9926	18.9972	0.00164823	20.693
2.57	6.81761e-09	-55	-4.46038	-43.9922	18.8496	0.00166647	20.6805
2.58	6.93165e-09	-55	-4.61837	-43.9918	18.7038	0.00168494	20.6679
2.59	7.04737e-09	-55	-4.77471	-43.9914	18.5597	0.00170365	20.6553
2.6	7.1648e-09	-55	-4.92943	-43.991	18.4172	0.00172258	20.6427
2.61	7.28395e-09	-55	-5.08256	-43.9905	18.2763	0.00174175	20.6299
2.62	7.40486e-09	-55	-5.23413	-43.9901	18.1371	0.00176116	20.6172
2.63	7.52755e-09	-55	-5.38415	-43.9897	17.9994	0.00178081	20.6044
2.64	7.65204e-09	-55	-5.53265	-43.9892	17.8633	0.00180071	20.5915
2.65	7.77835e-09	-55	-5.67965	-43.9888	17.7287	0.00182085	20.5786
2.66	7.9065e-09	-55	-5.82518	-43.9883	17.5957	0.00184124	20.5656
2.67	8.03654e-09	-55	-5.96927	-43.9879	17.4641	0.00186189	20.5526
2.68	8.16847e-09	-55	-6.11192	-43.9874	17.334	0.0018828	20.5396
2.69	8.30232e-09	-55	-6.25316	-43.9869	17.2054	0.00190396	20.5264
2.7	8.43813e-09	-55	-6.39303	-43.9864	17.0782	0.00192539	20.5133
2.71	8.57591e-09	-55	-6.53152	-43.9859	16.9524	0.00194709	20.5001
2.72	8.7157e-09	-55	-6.66868	-43.9854	16.828	0.00196906	20.4868
2.73	8.85752e-09	-55	-6.8045	-43.9849	16.7049	0.0019913	20.4735
2.74	9.00139e-09	-55	-6.93903	-43.9844	16.5832	0.00201382	20.4602
2.75	9.14735e-09	-55	-7.07227	-43.9839	16.4628	0.00203662	20.4468
2.76	9.29542e-09	-55	-7.20425	-43.9834	16.3437	0.00205971	20.4333
2.77	9.44563e-09	-55	-7.33497	-43.9828	16.2259	0.00208308	20.4198
2.78	9.59802e-09	-55	-7.46447	-43.9823	16.1094	0.00210675	20.4063
2.79	9.7526e-09	-55	-7.59276	-43.9817	15.9941	0.00213071	20.3927
2.8	9.90941e-09	-55	-7.71986	-43.9812	15.8801	0.00215497	20.379
2.81	1.00685e-08	-55	-7.84578	-43.9806	15.7673	0.00217953	20.3653
2.82	1.02298e-08	-55	-7.97054	-43.98	15.6557	0.0022044	20.3516
2.83	1.03935e-08	-55	-8.09417	-43.9794	15.5452	0.00222959	20.3378
2.84	1.05595e-08	-55	-8.21666	-43.9788	15.4359	0.00225508	20.324
2.85	1.07279e-08	-55	-8.33805	-43.9782	15.3278	0.0022809	20.3101
2.86	1.08988e-08	-55	-8.45835	-43.9776	15.2208	0.00230704	20.2961
2.87	1.1072e-08	-55	-8.57757	-43.977	15.1149	0.0023335	20.2822
2.88	1.12478e-08	-55	-8.69572	-43.9763	15.0101	0.0023603	20.2681
2.89	1.1426e-08	-55	-8.81283	-43.9757	14.9064	0.00238743	20.254
2.9	1.16068e-08	-55	-8.92891	-43.975	14.8038	0.00241491	20.2399
2.91	1.17902e-08	-55	-9.04397	-43.9744	14.7022	0.00244272	20.2257
2.92	1.19761e-08	-55	-9.15802	-43.9737	14.6017	0.00247089	20.2115
2.93	1.21648e-08	-55	-9.27109	-43.973	14.5022	0.00249941	20.1972
2.94	1.23561e-08	-55	-9.38318	-43.9723	14.4037	0.00252828	20.1829
2.95	1.25501e-08	-55	-9.49431	-43.9716	14.3062	0.00255752	20.1685
2.96	1.27469e-08	-55	-9.60449	-43.9709	14.2097	0.00258712	20.1541
2.97	1.29464e-08	-55	-9.71374	-43.9702	14.1142	0.0026171	20.1396
2.98	1.31488e-08	-55	-9.82206	-43.9694	14.0196	0.00264745	20.1251
2.99	1.33541e-08	-55	-9.92948	-43.9687	13.926	0.00267818	20.1105
3	1.35622e-08	-55	-10.036	-43.9679	13.8333	0.0027093	20.0959
3.01	1.37733e-08	-55	-10.1416	-43.9672	13.7416	0.00274081	20.0812
3.02	1.39874e-08	-55	-10.2464	-43.9664	13.6507	0.00277271	20.0665
3.03	1.42045e-08	-55	-10.3503	-43.9656	13.5608	0.00280501	20.0517
3.04	1.44246e-08	-55	-10.4533	-43.9648	13.4717	0.00283772	20.0369
3.05	1.46479e-08	-55	-10.5555	-43.964	13.3835	0.00287084	20.022
3.06	1.48743e-08	-55	-10.6569	-43.9631	13.2962	0.00290438	20.0071
3.07	1.51038e-08	-55	-10.7575	-43.9623	13.2097	0.00293834	19.9922
3.08	1.53366e-08	-55	-10.8572	-43.9614	13.1241	0.00297273	19.9772
3.09	1.55726e-08	-55	-10.9562	-43.9606	13.0392	0.00300754	19.9621
3.1	1.5812e-08	-55	-11.0544	-43.9597	12.9553	0.0030428	19.947
3.11	1.60547e-08	-55	-11.1518	-43.9588	12.8721	0.0030785	19.9318
3.12	1.63008e-08	-55	-11.2484	-43.9579	12.7897	0.00311465	19.9166
3.13	1.65503e-08	-55	-11.3443	-43.957	12.7081	0.00315125	19.9014
3.14	1.68033e-08	-55	-11.4395	-43.956	12.6273	0.00318831	19.8861
3.15	1.70598e-08	-55	-11.5339	-43.9551	12.5472	0.00322584	19.8707
3.16	1.73199e-08	-55	-11.6276	-43.9541	12.468	0.00326385	19.8553
3.17	1.75837e-08	-55	-11.7206	-43.9531	12.3894	0.00330233	19.8399
3.18	1.7851e-08	-55	-11.8128	-43.9521	12.3116	0.0033413	19.8244
3.19	1.81222e-08	-55	-11.9044	-43.9511	12.2345	0.00338075	19.8088
3.2	1.8397e-08	-55	-11.9953	-43.9501	12.1582	0.00342071	19.7932
3.21	1.86757e-08	-55	-12.0855	-43.9491	12.0826	0.00346117	19.7776
3.22	1.89583e-08	-55	-12.175	-43.948	12.0076	0.00350213	19.7619
3.23	1.92447e-08	-55	-12.2639	-43.9469	11.9334	0.00354362	19.7461
3.24	1.95352e-08	-55	-12.3521	-43.9459	11.8599	0.00358563	19.7303
3.25	1.98296e-08	-55	-12.4397	-43.9448	11.787	0.00362816	19.7145
3.26	2.01281e-08	-55	-12.5266	-43.9436	11.7148	0.00367124	19.6986
3.27	2.04307e-08	-55	-12.6129	-43.9425	11.6432	0.00371486	19.6827
3.28	2.07375e-08	-55	-12.6986	-43.9414	11.5724	0.00375902	19.6667
3.29	2.10486e-08	-55	-12.7836	-43.9402	11.5021	0.00380375	19.6506
3.3	2.13639e-08	-55	-12.8681	-43.939	11.4325	0.00384904	19.6345
3.31	2.16835e-08	-55	-12.952	-43.9378	11.3635	0.0038949	19.6184
3.32	2.20076e-08	-55	-13.0352	-43.9366	11.2952	0.00394134	19.6022
3.33	2.23361e-08	-55	-13.1179	-43.9353	11.2274	0.00398837	19.586
3.34	2.26691e-08	-55	-13.2	-43.9341	11.1603	0.004036	19.5697
3.35	2.30067e-08	-55	-13.2815	-43.9328	11.0938	0.00408422	19.5534
3.36	2.33488e-08	-55	-13.3625	-43.9315	11.0278	0.00413305	19.537
3.37	2.36957e-08	-55	-13.4429	-43.9302	10.9625	0.0041825	19.5206
3.38	2.40474e-08	-55	-13.5228	-43.9288	10.8977	0.00423258	19.5041
3.39	2.44038e-08	-55	-13.6021	-43.9275	10.8335	0.00428329	19.4876
3.4	2.47651e-08	-55	-13.6809	-43.9261	10.7699	0.00433464	19.471
3.41	2.51313e-08	-55	-13.7591	-43.9247	10.7068	0.00438664	19.4544
3.42	2.55026e-08	-55	-13.8368	-43.9233	10.6443	0.00443929	19.4377
3.43	2.58788e-08	-55	-13.914	-43.9219	10.5823	0.00449262	19.421
3.44	2.62603e-08	-55	-13.9907	-43.9204	10.5209	0.00454662	19.4042
3.45	2.66469e-08	-55	-14.0669	-43.9189	10.46	0.0046013	19.3874
3.46	2.70387e-08	-55	-14.1426	-43.9174	10.3996	0.00465667	19.3705
3.47	2.74359e-08	-55	-14.2178	-43.9159	10.3398	0.00471275	19.3536
3.48	2.78385e-08	-55	-14.2925	-43.9143	10.2804	0.00476953	19.3367
3.49	2.82465e-08	-55	-14.3667	-43.9128	10.2216	0.00482703	19.3196
3.5	2.86601e-08	-55	-14.4404	-43.9112	10.1633	0.00488526	19.3026
3.51	2.90793e-08	-55	-14.5137	-43.9095	10.1054	0.00494423	19.2855
3.52	2.95041e-08	-55	-14.5865	-43.9079	10.0481	0.00500395	19.2683
3.53	2.99347e-08	-55	-14.6588	-43.9062	9.99125	0.00506442	19.2511
3.54	3.03711e-08	-55	-14.7307	-43.9045	9.93488	0.00512566	19.2338
3.55	3.08134e-08	-55	-14.8021	-43.9028	9.87899	0.00518767	19.2165
3.56	3.12617e-08	-55	-14.8731	-43.9011	9.82357	0.00525047	19.1992
3.57	3.1716e-08	-55	-14.9436	-43.8993	9.76861	0.00531407	19.1818
3.58	3.21765e-08	-55	-15.0137	-43.8975	9.71412	0.00537847	19.1643
3.59	3.26431e-08	-55	-15.0833	-43.8957	9.66007	0.00544369	19.1468
3.6	3.3116e-08	-55	-15.1525	-43.8938	9.60648	0.00550973	19.1293
3.61	3.35953e-08	-55	-15.2213	-43.8919	9.55333	0.00557661	19.1117
3.62	3.4081e-08	-55	-15.2897	-43.89	9.50063	0.00564434	19.094
3.63	3.45733e-08	-55	-15.3577	-43.8881	9.44835	0.00571293	19.0763
3.64	3.50721e-08	-55	-15.4252	-43.8861	9.39651	0.00578239	19.0586
3.65	3.55777e-08	-55	-15.4924	-43.8841	9.34509	0.00585273	19.0408
3.66	3.609e-08	-55	-15.5591	-43.8821	9.2941	0.00592396	19.0229
3.67	3.66092e-08	-55	-15.6255	-43.88	9.24352	0.00599609	19.005
3.68	3.71353e-08	-55	-15.6914	-43.8779	9.19335	0.00606914	18.9871
3.69	3.76684e-08	-55	-15.757	-43.8758	9.14359	0.00614312	18.9691
3.7	3.82087e-08	-55	-15.8222	-43.8737	9.09423	0.00621803	18.9511
3.71	3.87562e-08	-55	-15.8869	-43.8715	9.04527	0.0062939	18.933
3.72	3.9311e-08	-55	-15.9514	-43.8693	8.9967	0.00637072	18.9149
3.73	3.98732e-08	-55	-16.0154	-43.867	8.94853	0.00644852	18.8967
3.74	4.04429e-08	-55	-16.0791	-43.8648	8.90074	0.00652731	18.8784
3.75	4.10202e-08	-55	-16.1424	-43.8624	8.85333	0.0066071	18.8602
3.76	4.16051e-08	-55	-16.2053	-43.8601	8.8063	0.0066879	18.8418
3.77	4.21979e-08	-55	-16.2679	-43.8577	8.75965	0.00676973	18.8234
3.78	4.27985e-08	-55	-16.3301	-43.8553	8.71336	0.00685259	18.805
3.79	4.34071e-08	-55	-16.3919	-43.8528	8.66744	0.00693651	18.7865
3.8	4.40237e-08	-55	-16.4534	-43.8503	8.62188	0.00702149	18.768
3.81	4.46486e-08	-55	-16.5146	-43.8478	8.57668	0.00710754	18.7494
3.82	4.52817e-08	-55	-16.5754	-43.8452	8.53184	0.00719469	18.7308
3.83	4.59232e-08	-55	-16.6359	-43.8426	8.48734	0.00728295	18.7121
3.84	4.65732e-08	-55	-16.696	-43.84	8.4432	0.00737232	18.6934
3.85	4.72318e-08	-55	-16.7558	-43.8373	8.39939	0.00746283	18.6746
3.86	4.78991e-08	-55	-16.8153	-43.8346	8.35593	0.00755449	18.6558
3.87	4.85752e-08	-55	-16.8744	-43.8318	8.3128	0.00764731	18.637
3.88	4.92603e-08	-55	-16.9332	-43.829	8.27001	0.00774131	18.618
3.89	4.99544e-08	-55	-16.9917	-43.8262	8.22754	0.0078365	18.5991
3.9	5.06576e-08	-55	-17.0499	-43.8233	8.1854	0.0079329	18.5801
3.91	5.13701e-08	-55	-17.1077	-43.8203	8.14359	0.00803052	18.561
3.92	5.2092e-08	-55	-17.1653	-43.8174	8.10209	0.00812938	18.5419
3.93	5.28233e-08	-55	-17.2225	-43.8143	8.06091	0.00822949	18.5227
3.94	5.35643e-08	-55	-17.2794	-43.8113	8.02005	0.00833087	18.5035
3.95	5.43151e-08	-55	-17.336	-43.8082	7.97949	0.00843354	18.4842
3.96	5.50757e-08	-55	-17.3923	-43.805	7.93924	0.00853751	18.4649
3.97	5.58462e-08	-55	-17.4483	-43.8018	7.8993	0.0086428	18.4456
3.98	5.66269e-08	-55	-17.504	-43.7986	7.85965	0.00874942	18.4262
3.99	5.74178e-08	-55	-17.5594	-43.7953	7.8203	0.00885739	18.4067
4	5.82191e-08	-55	-17.6145	-43.7919	7.78125	0.00896674	18.3872
4.01	5.90308e-08	-55	-17.6693	-43.7885	7.74249	0.00907746	18.3677
4.02	5.98532e-08	-55	-17.7238	-43.7851	7.70402	0.0091896	18.3481
4.03	6.06864e-08	-55	-17.778	-43.7815	7.66583	0.00930315	18.3284
4.04	6.15304e-08	-55	-17.8319	-43.778	7.62793	0.00941814	18.3087
4.05	6.23854e-08	-55	-17.8856	-43.7744	7.59031	0.00953459	18.289
4.06	6.32516e-08	-55	-17.9389	-43.7707	7.55296	0.00965251	18.2692
4.07	6.41291e-08	-55	-17.992	-43.767	7.51589	0.00977192	18.2493
4.08	6.50181e-08	-55	-18.0448	-43.7632	7.47909	0.00989285	18.2294
4.09	6.59186e-08	-55	-18.0973	-43.7594	7.44257	0.0100153	18.2095
4.1	6.68308e-08	-55	-18.1496	-43.7555	7.40631	0.0101393	18.1895
4.11	6.77549e-08	-55	-18.2016	-43.7516	7.37031	0.0102649	18.1695
4.12	6.8691e-08	-55	-18.2532	-43.7476	7.33457	0.0103921	18.1494
4.13	6.96393e-08	-55	-18.3047	-43.7435	7.2991	0.0105208	18.1292
4.14	7.05999e-08	-55	-18.3558	-43.7394	7.26388	0.0106512	18.109
4.15	7.1573e-08	-55	-18.4067	-43.7352	7.22892	0.0107833	18.0888
4.16	7.25587e-08	-55	-18.4573	-43.731	7.1942	0.010917	18.0685
4.17	7.35572e-08	-55	-18.5077	-43.7267	7.15974	0.0110524	18.0482
4.18	7.45686e-08	-55	-18.5578	-43.7223	7.12552	0.0111896	18.0278
4.19	7.55931e-08	-55	-18.6076	-43.7179	7.09155	0.0113284	18.0074
4.2	7.66309e-08	-55	-18.6572	-43.7134	7.05782	0.011469	17.9869
4.21	7.7682e-08	-55	-18.7065	-43.7088	7.02433	0.0116114	17.9664
4.22	7.87468e-08	-55	-18.7555	-43.7042	6.99108	0.0117556	17.9458
4.23	7.98253e-08	-55	-18.8043	-43.6995	6.95807	0.0119016	17.9252
4.24	8.09178e-08	-55	-18.8529	-43.6947	6.92528	0.0120494	17.9045
4.25	8.20243e-08	-55	-18.9011	-43.6899	6.89273	0.0121991	17.8838
4.26	8.31452e-08	-55	-18.9492	-43.6849	6.86041	0.0123507	17.863
4.27	8.42804e-08	-55	-18.997	-43.68	6.82832	0.0125042	17.8422
4.28	8.54303e-08	-55	-19.0445	-43.6749	6.79645	0.0126597	17.8213
4.29	8.6595e-08	-55	-19.0917	-43.6698	6.7648	0.0128171	17.8004
4.3	8.77747e-08	-55	-19.1388	-43.6645	6.73337	0.0129765	17.7794
4.31	8.89695e-08	-55	-19.1855	-43.6592	6.70216	0.0131378	17.7584
4.32	9.01797e-08	-55	-19.2321	-43.6539	6.67117	0.0133013	17.7373
4.33	9.14055e-08	-55	-19.2784	-43.6484	6.64039	0.0134667	17.7162
4.34	9.2647e-08	-55	-19.3244	-43.6429	6.60982	0.0136343	17.6951
4.35	9.39044e-08	-55	-19.3702	-43.6373	6.57947	0.013804	17.6739
4.36	9.51779e-08	-55	-19.4157	-43.6316	6.54932	0.0139757	17.6526
4.37	9.64678e-08	-55	-19.461	-43.6258	6.51938	0.0141497	17.6313
4.38	9.77742e-08	-55	-19.5061	-43.62	6.48965	0.0143258	17.6099
4.39	9.90973e-08	-55	-19.5509	-43.614	6.46012	0.0145042	17.5885
4.4	1.00437e-07	-55	-19.5954	-43.608	6.43079	0.0146847	17.5671
4.41	1.01794e-07	-55	-19.6398	-43.6019	6.40165	0.0148676	17.5456
4.42	1.03169e-07	-55	-19.6839	-43.5956	6.37272	0.0150527	17.524
4.43	1.04561e-07	-55	-19.7277	-43.5893	6.34398	0.0152402	17.5024
4.44	1.05971e-07	-55	-19.7713	-43.5829	6.31544	0.01543	17.4807
4.45	1.07399e-07	-55	-19.8147	-43.5764	6.28708	0.0156221	17.459
4.46	1.08845e-07	-55	-19.8578	-43.5698	6.25892	0.0158167	17.4373
4.47	1.10309e-07	-55	-19.9007	-43.5632	6.23095	0.0160137	17.4155
4.48	1.11792e-07	-55	-19.9433	-43.5564	6.20316	0.0162132	17.3937
4.49	1.13295e-07	-55	-19.9857	-43.5495	6.17556	0.0164151	17.3718
4.5	1.14816e-07	-55	-20.0279	-43.5425	6.14815	0.0166196	17.3498
4.51	1.16356e-07	-55	-20.0698	-43.5354	6.12091	0.0168267	17.3278
4.52	1.17916e-07	-55	-20.1115	-43.5282	6.09386	0.0170363	17.3058
4.53	1.19496e-07	-55	-20.153	-43.5209	6.06699	0.0172485	17.2837
4.54	1.21096e-07	-55	-20.1942	-43.5135	6.04029	0.0174633	17.2616
4.55	1.22717e-07	-55	-20.2352	-43.506	6.01377	0.0176809	17.2394
4.56	1.24357e-07	-55	-20.2759	-43.4984	5.98742	0.0179011	17.2171
4.57	1.26019e-07	-55	-20.3164	-43.4906	5.96124	0.0181241	17.1948
4.58	1.27702e-07	-55	-20.3567	-43.4828	5.93524	0.0183498	17.1725
4.59	1.29406e-07	-55	-20.3967	-43.4748	5.90941	0.0185784	17.1501
4.6	1.31132e-07	-55	-20.4365	-43.4667	5.88374	0.0188098	17.1277
4.61	1.32879e-07	-55	-20.476	-43.4585	5.85824	0.019044	17.1052
4.62	1.34649e-07	-55	-20.5153	-43.4502	5.83291	0.0192811	17.0827
4.63	1.36441e-07	-55	-20.5544	-43.4418	5.80774	0.0195212	17.0601
4.64	1.38255e-07	-55	-20.5932	-43.4332	5.78274	0.0197643	17.0375
4.65	1.40093e-07	-55	-20.6318	-43.4245	5.75789	0.0200103	17.0148
4.66	1.41953e-07	-55	-20.6701	-43.4157	5.73321	0.0202594	16.9921
4.67	1.43838e-07	-55	-20.7082	-43.4067	5.70868	0.0205115	16.9693
4.68	1.45746e-07	-55	-20.7461	-43.3976	5.68431	0.0207668	16.9465
4.69	1.47678e-07	-55	-20.7837	-43.3884	5.66009	0.0210252	16.9236
4.7	1.49634e-07	-55	-20.8211	-43.3791	5.63603	0.0212868	16.9007
4.71	1.51615e-07	-55	-20.8582	-43.3696	5.61213	0.0215516	16.8777
4.72	1.53621e-07	-55	-20.8951	-43.36	5.58837	0.0218196	16.8547
4.73	1.55653e-07	-55	-20.9317	-43.3502	5.56477	0.022091	16.8316
4.74	1.57709e-07	-55	-20.9681	-43.3403	5.54131	0.0223656	16.8085
4.75	1.59792e-07	-55	-21.0043	-43.3303	5.51801	0.0226436	16.7853
4.76	1.61901e-07	-55	-21.0402	-43.3201	5.49484	0.0229251	16.7621
4.77	1.64036e-07	-55	-21.0758	-43.3097	5.47183	0.0232099	16.7389
4.78	1.66198e-07	-55	-21.1112	-43.2992	5.44896	0.0234983	16.7156
4.79	1.68388e-07	-55	-21.1464	-43.2886	5.42623	0.0237901	16.6922
4.8	1.70605e-07	-55	-21.1813	-43.2778	5.40365	0.0240855	16.6688
4.81	1.72849e-07	-55	-21.2159	-43.2668	5.3812	0.0243845	16.6453
4.82	1.75122e-07	-55	-21.2503	-43.2557	5.3589	0.0246871	16.6218
4.83	1.77423e-07	-55	-21.2844	-43.2444	5.33673	0.0249935	16.5983
4.84	1.79753e-07	-55	-21.3183	-43.233	5.3147	0.0253035	16.5747
4.85	1.82112e-07	-55	-21.3519	-43.2214	5.2928	0.0256173	16.551
4.86	1.84501e-07	-55	-21.3853	-43.2096	5.27105	0.0259348	16.5273
4.87	1.8692e-07	-55	-21.4184	-43.1976	5.24942	0.0262562	16.5036
4.88	1.89369e-07	-55	-21.4512	-43.1855	5.22793	0.0265815	16.4798
4.89	1.91848e-07	-55	-21.4838	-43.1732	5.20657	0.0269107	16.4559
4.9	1.94359e-07	-55	-21.5161	-43.1607	5.18534	0.0272439	16.432
4.91	1.96901e-07	-55	-21.5482	-43.1481	5.16424	0.0275811	16.4081
4.92	1.99474e-07	-55	-21.58	-43.1353	5.14327	0.0279223	16.3841
4.93	2.0208e-07	-55	-21.6115	-43.1222	5.12242	0.0282676	16.36
4.94	2.04718e-07	-55	-21.6428	-43.109	5.10171	0.0286171	16.3359
4.95	2.0739e-07	-55	-21.6737	-43.0956	5.08111	0.0289707	16.3118
4.96	2.10094e-07	-55	-21.7044	-43.082	5.06065	0.0293285	16.2876
4.97	2.12832e-07	-55	-21.7349	-43.0682	5.0403	0.0296906	16.2634
4.98	2.15605e-07	-55	-21.765	-43.0543	5.02008	0.0300571	16.2391
4.99	2.18411e-07	-55	-21.7949	-43.0401	4.99998	0.0304278	16.2148
5	2.21253e-07	-55	-21.8245	-43.0257	4.98	0.030803	16.1904
5.01	2.2413e-07	-55	-21.8538	-43.0111	4.96014	0.0311826	16.1659
5.02	2.27043e-07	-55	-21.8829	-42.9963	4.9404	0.0315667	16.1414
5.03	2.29993e-07	-55	-21.9116	-42.9813	4.92077	0.0319554	16.1169
5.04	2.32978e-07	-55	-21.9401	-42.966	4.90127	0.0323486	16.0923
5.05	2.36001e-07	-55	-21.9682	-42.9506	4.88187	0.0327464	16.0677
5.06	2.39062e-07	-55	-21.9961	-42.9349	4.8626	0.0331489	16.043
5.07	2.42161e-07	-55	-22.0237	-42.919	4.84343	0.0335562	16.0183
5.08	2.45298e-07	-55	-22.051	-42.9029	4.82438	0.0339682	15.9935
5.09	2.48474e-07	-55	-22.078	-42.8865	4.80545	0.034385	15.9687
5.1	2.51689e-07	-55	-22.1047	-42.8699	4.78662	0.0348067	15.9438
5.11	2.54945e-07	-55	-22.1311	-42.8531	4.7679	0.0352333	15.9189
5.12	2.5824e-07	-55	-22.1571	-42.836	4.7493	0.0356648	15.8939
5.13	2.61577e-07	-55	-22.1829	-42.8187	4.7308	0.0361014	15.8689
5.14	2.64955e-07	-55	-22.2084	-42.8012	4.71241	0.036543	15.8438
5.15	2.68375e-07	-55	-22.2335	-42.7834	4.69413	0.0369897	15.8187
5.16	2.71837e-07	-55	-22.2584	-42.7653	4.67595	0.0374415	15.7936
5.17	2.75342e-07	-55	-22.2829	-42.747	4.65788	0.0378985	15.7683
5.18	2.78891e-07	-55	-22.3071	-42.7284	4.63991	0.0383608	15.7431
5.19	2.82483e-07	-55	-22.331	-42.7096	4.62205	0.0388284	15.7178
5.2	2.8612e-07	-55	-22.3545	-42.6905	4.60429	0.0393013	15.6924
5.21	2.89802e-07	-55	-22.3777	-42.6711	4.58663	0.0397796	15.667
5.22	2.9353e-07	-55	-22.4006	-42.6515	4.56908	0.0402633	15.6415
5.23	2.97304e-07	-55	-22.4232	-42.6316	4.55162	0.0407526	15.616
5.24	3.01124e-07	-55	-22.4454	-42.6114	4.53426	0.0412473	15.5905
5.25	3.04992e-07	-55	-22.4673	-42.5909	4.51701	0.0417476	15.5649
5.26	3.08907e-07	-55	-22.4888	-42.5701	4.49985	0.0422536	15.5392
5.27	3.12871e-07	-55	-22.51	-42.5491	4.48279	0.0427653	15.5135
5.28	3.16884e-07	-55	-22.5308	-42.5277	4.46582	0.0432826	15.4878
5.29	3.20946e-07	-55	-22.5513	-42.5061	4.44895	0.0438058	15.462
5.3	3.25058e-07	-55	-22.5715	-42.4841	4.43218	0.0443348	15.4361
5.31	3.29222e-07	-55	-22.5912	-42.4618	4.4155	0.0448696	15.4102
5.32	3.33437e-07	-55	-22.6106	-42.4392	4.39892	0.0454104	15.3843
5.33	3.37704e-07	-55	-22.6297	-42.4163	4.38243	0.0459571	15.3583
5.34	3.42023e-07	-55	-22.6484	-42.3931	4.36603	0.0465099	15.3322
5.35	3.46396e-07	-55	-22.6667	-42.3696	4.34972	0.0470688	15.3061
5.36	3.50823e-07	-55	-22.6846	-42.3457	4.33351	0.0476337	15.28
5.37	3.55304e-07	-55	-22.7022	-42.3215	4.31739	0.0482048	15.2538
5.38	3.59841e-07	-55	-22.7193	-42.297	4.30135	0.0487821	15.2276
5.39	3.64434e-07	-55	-22.7361	-42.2721	4.2854	0.0493657	15.2013
5.4	3.69083e-07	-55	-22.7525	-42.2469	4.26955	0.0499556	15.1749
5.41	3.7379e-07	-55	-22.7685	-42.2214	4.25378	0.0505519	15.1485
5.42	3.78555e-07	-55	-22.7841	-42.1955	4.2381	0.0511545	15.1221
5.43	3.83378e-07	-55	-22.7993	-42.1692	4.2225	0.0517636	15.0956
5.44	3.88261e-07	-55	-22.8141	-42.1425	4.20699	0.0523792	15.0691
5.45	3.93205e-07	-55	-22.8285	-42.1155	4.19157	0.0530013	15.0425
5.46	3.98209e-07	-55	-22.8424	-42.0882	4.17623	0.0536299	15.0159
5.47	4.03275e-07	-55	-22.856	-42.0604	4.16097	0.0542653	14.9892
5.48	4.08404e-07	-55	-22.8691	-42.0323	4.1458	0.0549072	14.9625
5.49	4.13595e-07	-55	-22.8818	-42.0038	4.13071	0.0555559	14.9357
5.5	4.18851e-07	-55	-22.8941	-41.9749	4.1157	0.0562114	14.9089
5.51	4.24172e-07	-55	-22.906	-41.9456	4.10078	0.0568737	14.882
5.52	4.29558e-07	-55	-22.9174	-41.9159	4.08593	0.0575427	14.8551
5.53	4.3501e-07	-55	-22.9282	-41.8858	4.07117	0.0582187	14.8282
5.54	4.4053e-07	-55	-22.9385	-41.8553	4.05648	0.0589016	14.8014
5.55	4.46118e-07	-55	-22.9482	-41.8244	4.04188	0.0595915	14.7748
5.56	4.51775e-07	-55	-22.9572	-41.7931	4.02735	0.0602884	14.7482
5.57	4.57501e-07	-55	-22.9657	-41.7613	4.01291	0.0609923	14.7217
5.58	4.63299e-07	-55	-22.9735	-41.7291	3.99854	0.0617032	14.6953
5.59	4.69167e-07	-55	-22.9808	-41.6965	3.98424	0.0624214	14.6691
5.6	4.75108e-07	-55	-22.9874	-41.6634	3.97003	0.0631466	14.6429
5.61	4.81123e-07	-55	-22.9934	-41.6299	3.95588	0.0638791	14.6168
5.62	4.87211e-07	-55	-22.9988	-41.596	3.94182	0.0646187	14.5907
5.63	4.93375e-07	-55	-23.0036	-41.5616	3.92783	0.0653657	14.5648
5.64	4.99615e-07	-55	-23.0077	-41.5267	3.91391	0.0661199	14.539
5.65	5.05932e-07	-55	-23.0112	-41.4914	3.90007	0.0668814	14.5133
5.66	5.12327e-07	-55	-23.014	-41.4556	3.8863	0.0676503	14.4876
5.67	5.18801e-07	-55	-23.0162	-41.4193	3.87261	0.0684266	14.4621
5.68	5.25354e-07	-55	-23.0178	-41.3826	3.85898	0.0692102	14.4366
5.69	5.31989e-07	-55	-23.0186	-41.3453	3.84543	0.0700014	14.4112
5.7	5.38706e-07	-55	-23.0189	-41.3076	3.83195	0.0707999	14.386
5.71	5.45506e-07	-55	-23.0184	-41.2694	3.81854	0.071606	14.3608
5.72	5.5239e-07	-55	-23.0173	-41.2306	3.8052	0.0724196	14.3357
5.73	5.59359e-07	-55	-23.0156	-41.1914	3.79193	0.0732407	14.3106
5.74	5.66414e-07	-55	-23.0131	-41.1516	3.77873	0.0740693	14.2857
5.75	5.73557e-07	-55	-23.01	-41.1114	3.7656	0.0749055	14.2609
5.76	5.80788e-07	-55	-23.0062	-41.0706	3.75253	0.0757494	14.2361
5.77	5.88108e-07	-55	-23.0017	-41.0292	3.73954	0.0766008	14.2114
5.78	5.95519e-07	-55	-22.9965	-40.9874	3.72661	0.0774598	14.1869
5.79	6.03022e-07	-55	-22.9905	-40.945	3.71375	0.0783265	14.1623
5.8	6.10618e-07	-55	-22.9839	-40.902	3.70095	0.0792008	14.1379
5.81	6.18309e-07	-55	-22.9766	-40.8585	3.68822	0.0800827	14.1136
5.82	6.26095e-07	-55	-22.9686	-40.8144	3.67556	0.0809723	14.0893
5.83	6.33977e-07	-55	-22.9598	-40.7698	3.66296	0.0818696	14.0652
5.84	6.41957e-07	-55	-22.9503	-40.7246	3.65043	0.0827745	14.0411
5.85	6.50037e-07	-55	-22.9401	-40.6788	3.63796	0.0836871	14.0171
5.86	6.58217e-07	-55	-22.9291	-40.6324	3.62555	0.0846074	13.9932
5.87	6.66498e-07	-55	-22.9174	-40.5855	3.61321	0.0855353	13.9693
5.88	6.74883e-07	-55	-22.905	-40.5379	3.60093	0.0864709	13.9456
5.89	6.83372e-07	-55	-22.8918	-40.4898	3.58871	0.0874142	13.9219
5.9	6.91967e-07	-55	-22.8778	-40.441	3.57656	0.088365	13.8983
5.91	7.00669e-07	-55	-22.8631	-40.3917	3.56447	0.0893236	13.8748
5.92	7.09479e-07	-55	-22.8476	-40.3417	3.55243	0.0902897	13.8514
5.93	7.18399e-07	-55	-22.8313	-40.2911	3.54046	0.0912634	13.828
5.94	7.27431e-07	-55	-22.8143	-40.2398	3.52855	0.0922447	13.8047
5.95	7.36576e-07	-55	-22.7965	-40.1879	3.5167	0.0932335	13.7815
5.96	7.45835e-07	-55	-22.7779	-40.1354	3.50491	0.0942299	13.7584
5.97	7.55209e-07	-55	-22.7585	-40.0822	3.49318	0.0952338	13.7353
5.98	7.64702e-07	-55	-22.7382	-40.0284	3.4815	0.0962451	13.7124
5.99	7.74313e-07	-55	-22.7172	-39.9739	3.46989	0.0972639	13.6895
6	7.84044e-07	-55	-22.6954	-39.9187	3.45833	0.0982901	13.6667
6.01	7.93897e-07	-55	-22.6728	-39.8629	3.44683	0.0993237	13.6439
6.02	8.03875e-07	-55	-22.6493	-39.8064	3.43539	0.100365	13.6213
6.03	8.13977e-07	-55	-22.6251	-39.7491	3.42401	0.101413	13.5987
6.04	8.24207e-07	-55	-22.5999	-39.6913	3.41268	0.102468	13.5762
6.05	8.34565e-07	-55	-22.574	-39.6327	3.40141	0.103531	13.5537
6.06	8.45054e-07	-55	-22.5472	-39.5734	3.39019	0.1046	13.5314
6.07	8.55674e-07	-55	-22.5196	-39.5133	3.37903	0.105677	13.5091
6.08	8.66429e-07	-55	-22.4911	-39.4526	3.36792	0.106761	13.4868
6.09	8.7732e-07	-55	-22.4617	-39.3912	3.35687	0.107852	13.4647
6.1	8.88348e-07	-55	-22.4315	-39.329	3.34587	0.108949	13.4426
6.11	8.99515e-07	-55	-22.4005	-39.2661	3.33493	0.110054	13.4206
6.12	9.10824e-07	-55	-22.3685	-39.2024	3.32404	0.111165	13.3987
6.13	9.22276e-07	-55	-22.3357	-39.138	3.31321	0.112282	13.3768
6.14	9.33873e-07	-55	-22.302	-39.0729	3.30242	0.113407	13.355
6.15	9.45618e-07	-55	-22.2674	-39.007	3.29169	0.114537	13.3333
6.16	9.57511e-07	-55	-22.2319	-38.9403	3.28101	0.115675	13.3117
6.17	9.69556e-07	-55	-22.1955	-38.8728	3.27039	0.116818	13.2901
6.18	9.81754e-07	-55	-22.1582	-38.8046	3.25981	0.117968	13.2686
6.19	9.94108e-07	-55	-22.12	-38.7356	3.24929	0.119123	13.2472
6.2	1.00662e-06	-55	-22.0809	-38.6658	3.23881	0.120285	13.2258
6.21	1.01929e-06	-55	-22.0409	-38.5952	3.22839	0.121452	13.2045
6.22	1.03212e-06	-55	-21.9999	-38.5239	3.21802	0.122626	13.1833
6.23	1.04512e-06	-55	-21.9581	-38.4517	3.2077	0.123805	13.1621
6.24	1.05828e-06	-55	-21.9153	-38.3787	3.19742	0.124989	13.141
6.25	1.07161e-06	-55	-21.8715	-38.3049	3.1872	0.126179	13.12
6.26	1.08512e-06	-55	-21.8268	-38.2303	3.17703	0.127374	13.099
6.27	1.09879e-06	-55	-21.7812	-38.1548	3.1669	0.128574	13.0781
6.28	1.11265e-06	-55	-21.7346	-38.0785	3.15682	0.129779	13.0573
6.29	1.12668e-06	-55	-21.687	-38.0014	3.14679	0.130989	13.0366
6.3	1.14089e-06	-55	-21.6385	-37.9234	3.13681	0.132204	13.0159
6.31	1.15528e-06	-55	-21.5891	-37.8446	3.12688	0.133423	12.9952
6.32	1.16986e-06	-55	-21.5387	-37.765	3.11699	0.134646	12.9747
6.33	1.18463e-06	-55	-21.4873	-37.6845	3.10715	0.135874	12.9542
6.34	1.19959e-06	-55	-21.4349	-37.6031	3.09735	0.137105	12.9338
6.35	1.21475e-06	-55	-21.3815	-37.5208	3.08761	0.138341	12.9134
6.36	1.2301e-06	-55	-21.3272	-37.4377	3.0779	0.13958	12.8931
6.37	1.24565e-06	-55	-21.2718	-37.3538	3.06825	0.140822	12.8728
6.38	1.26141e-06	-55	-21.2155	-37.2689	3.05864	0.142068	12.8527
6.39	1.27737e-06	-55	-21.1582	-37.1832	3.04907	0.143317	12.8326
6.4	1.29353e-06	-55	-21.0999	-37.0965	3.03955	0.144569	12.8125
6.41	1.30991e-06	-55	-21.0406	-37.009	3.03007	0.145823	12.7925
6.42	1.32651e-06	-55	-20.9803	-36.9206	3.02064	0.14708	12.7726
6.43	1.34332e-06	-55	-20.919	-36.8313	3.01125	0.14834	12.7527
6.44	1.36035e-06	-55	-20.8566	-36.7411	3.00191	0.149601	12.7329
6.45	1.37761e-06	-55	-20.7933	-36.6499	2.99261	0.150864	12.7132
6.46	1.39509e-06	-55	-20.7289	-36.5579	2.98335	0.152128	12.6935
6.47	1.4128e-06	-55	-20.6636	-36.465	2.97414	0.153394	12.6739
6.48	1.43075e-06	-55	-20.5972	-36.3711	2.96496	0.154662	12.6543
6.49	1.44893e-06	-55	-20.5297	-36.2763	2.95583	0.15593	12.6348
6.5	1.46736e-06	-55	-20.4613	-36.1806	2.94675	0.157198	12.6154
6.51	1.48603e-06	-55	-20.3918	-36.084	2.9377	0.158467	12.596
6.52	1.50494e-06	-55	-20.3213	-35.9865	2.9287	0.159736	12.5767
6.53	1.52411e-06	-55	-20.2498	-35.888	2.91973	0.161005	12.5574
6.54	1.54353e-06	-55	-20.1773	-35.7886	2.91081	0.162273	12.5382
6.55	1.56322e-06	-55	-20.1037	-35.6882	2.90193	0.163541	12.5191
6.56	1.58316e-06	-55	-20.029	-35.5869	2.89309	0.164808	12.5
6.57	1.60337e-06	-55	-19.9534	-35.4847	2.88429	0.166073	12.481
6.58	1.62386e-06	-55	-19.8767	-35.3816	2.87553	0.167337	12.462
6.59	1.64462e-06	-55	-19.799	-35.2775	2.86681	0.1686	12.4431
6.6	1.66565e-06	-55	-19.7202	-35.1724	2.85813	0.169859	12.4242
6.61	1.68697e-06	-55	-19.6404	-35.0665	2.84949	0.171117	12.4054
6.62	1.70858e-06	-55	-19.5596	-34.9596	2.84088	0.172372	12.3867
6.63	1.73048e-06	-55	-19.4777	-34.8517	2.83232	0.173624	12.368
6.64	1.75268e-06	-55	-19.3948	-34.7429	2.8238	0.174872	12.3494
6.65	1.77517e-06	-55	-19.3109	-34.6331	2.81531	0.176117	12.3308
6.66	1.79797e-06	-55	-19.2259	-34.5224	2.80686	0.177358	12.3123
6.67	1.82109e-06	-55	-19.1399	-34.4108	2.79845	0.178594	12.2939
6.68	1.84451e-06	-55	-19.0529	-34.2982	2.79008	0.179826	12.2754
6.69	1.86826e-06	-55	-18.9648	-34.1847	2.78174	0.181052	12.2571
6.7	1.89233e-06	-55	-18.8757	-34.0703	2.77345	0.182274	12.2388
6.71	1.91673e-06	-55	-18.7856	-33.9549	2.76519	0.18349	12.2206
6.72	1.94146e-06	-55	-18.6945	-33.8385	2.75696	0.1847	12.2024
6.73	1.96654e-06	-55	-18.6023	-33.7212	2.74878	0.185903	12.1842
6.74	1.99196e-06	-55	-18.5091	-33.603	2.74062	0.1871	12.1662
6.75	2.01773e-06	-55	-18.4149	-33.4839	2.73251	0.18829	12.1481
6.76	2.04385e-06	-55	-18.3197	-33.3638	2.72443	0.189472	12.1302
6.77	2.07034e-06	-55	-18.2235	-33.2428	2.71639	0.190647	12.1123
6.78	2.09719e-06	-55	-18.1263	-33.1209	2.70838	0.191813	12.0944
6.79	2.12442e-06	-55	-18.0281	-32.998	2.70041	0.192971	12.0766
6.8	2.15202e-06	-55	-17.9288	-32.8743	2.69247	0.194121	12.0588
6.81	2.18001e-06	-55	-17.8286	-32.7496	2.68457	0.195261	12.0411
6.82	2.20839e-06	-55	-17.7274	-32.624	2.67671	0.196391	12.0235
6.83	2.23717e-06	-55	-17.6252	-32.4975	2.66887	0.197512	12.0059
6.84	2.26635e-06	-55	-17.5221	-32.3701	2.66108	0.198622	11.9883
6.85	2.29593e-06	-55	-17.4179	-32.2418	2.65331	0.199722	11.9708
6.86	2.32594e-06	-55	-17.3128	-32.1126	2.64558	0.200811	11.9534
6.87	2.35637e-06	-55	-17.2068	-31.9825	2.63789	0.201888	11.936
6.88	2.38722e-06	-55	-17.0997	-31.8515	2.63022	0.202953	11.9186
6.89	2.41851e-06	-55	-16.9918	-31.7197	2.62259	0.204007	11.9013
6.9	2.45025e-06	-55	-16.8828	-31.587	2.615	0.205048	11.8841
6.91	2.48244e-06	-55	-16.773	-31.4534	2.60743	0.206076	11.8669
6.92	2.51508e-06	-55	-16.6622	-31.3189	2.5999	0.207091	11.8497
6.93	2.54819e-06	-55	-16.5505	-31.1836	2.59241	0.208092	11.8326
6.94	2.58176e-06	-55	-16.4379	-31.0475	2.58494	0.209079	11.8156
6.95	2.61582e-06	-55	-16.3244	-30.9105	2.57751	0.210052	11.7986
6.96	2.65037e-06	-55	-16.21	-30.7727	2.57011	0.21101	11.7816
6.97	2.68541e-06	-55	-16.0947	-30.6341	2.56274	0.211953	11.7647
6.98	2.72096e-06	-55	-15.9785	-30.4947	2.5554	0.212881	11.7479
6.99	2.75702e-06	-55	-15.8615	-30.3544	2.54809	0.213793	11.731
7	2.79359e-06	-55	-15.7436	-30.2134	2.54082	0.214689	11.7143
7.01	2.8307e-06	-55	-15.6249	-30.0716	2.53357	0.215568	11.6976
7.02	2.86834e-06	-55	-15.5053	-29.929	2.52636	0.216431	11.6809
7.03	2.90653e-06	-55	-15.3849	-29.7856	2.51918	0.217276	11.6643
7.04	2.94528e-06	-55	-15.2636	-29.6415	2.51203	0.218104	11.6477
7.05	2.98459e-06	-55	-15.1416	-29.4966	2.5049	0.218914	11.6312
7.06	3.02447e-06	-55	-15.0187	-29.351	2.49781	0.219706	11.6147
7.07	3.06493e-06	-55	-14.8951	-29.2047	2.49075	0.220479	11.5983
7.08	3.10599e-06	-55	-14.7707	-29.0576	2.48372	0.221234	11.5819
7.09	3.14765e-06	-55	-14.6456	-28.9098	2.47672	0.221969	11.5656
7.1	3.18992e-06	-55	-14.5197	-28.7614	2.46975	0.222685	11.5493
7.11	3.23281e-06	-55	-14.393	-28.6123	2.46281	0.223381	11.5331
7.12	3.27634e-06	-55	-14.2657	-28.4625	2.45589	0.224057	11.5169
7.13	3.32051e-06	-55	-14.1376	-28.312	2.44901	0.224712	11.5007
7.14	3.36533e-06	-55	-14.0088	-28.1609	2.44215	0.225347	11.4846
7.15	3.41082e-06	-55	-13.8793	-28.0092	2.43533	0.225961	11.4685
7.16	3.45698e-06	-55	-13.7492	-27.8568	2.42853	0.226553	11.4525
7.17	3.50383e-06	-55	-13.6184	-27.7038	2.42176	0.227124	11.4365
7.18	3.55138e-06	-55	-13.487	-27.5503	2.41502	0.227674	11.4206
7.19	3.59964e-06	-55	-13.3549	-27.3962	2.40831	0.228201	11.4047
7.2	3.64863e-06	-55	-13.2223	-27.2415	2.40162	0.228706	11.3889
7.21	3.69834e-06	-55	-13.089	-27.0862	2.39496	0.229189	11.3731
7.22	3.74881e-06	-55	-12.9551	-26.9305	2.38833	0.229648	11.3573
7.23	3.80003e-06	-55	-12.8207	-26.7742	2.38173	0.230085	11.3416
7.24	3.85203e-06	-55	-12.6857	-26.6174	2.37516	0.230499	11.326
7.25	3.90481e-06	-55	-12.5502	-26.4601	2.36861	0.230889	11.3103
7.26	3.95839e-06	-55	-12.4142	-26.3023	2.36209	0.231255	11.2948
7.27	4.01278e-06	-55	-12.2776	-26.1441	2.35559	0.231598	11.2792
7.28	4.068e-06	-55	-12.1406	-25.9854	2.34913	0.231917	11.2637
7.29	4.12406e-06	-55	-12.0031	-25.8263	2.34269	0.232211	11.2483
7.3	4.18098e-06	-55	-11.8651	-25.6668	2.33627	0.232482	11.2329
7.31	4.23876e-06	-55	-11.7267	-25.5069	2.32989	0.232727	11.2175
7.32	4.29743e-06	-55	-11.5879	-25.3466	2.32352	0.232949	11.2022
7.33	4.357e-06	-55	-11.4487	-25.1859	2.31719	0.233145	11.1869
7.34	4.41748e-06	-55	-11.309	-25.0249	2.31088	0.233317	11.1717
7.35	4.47889e-06	-55	-11.1691	-24.8636	2.3046	0.233463	11.1565
7.36	4.54125e-06	-55	-11.0287	-24.7019	2.29834	0.233585	11.1413
7.37	4.60457e-06	-55	-10.888	-24.54	2.2921	0.233682	11.1262
7.38	4.66886e-06	-55	-10.747	-24.3778	2.2859	0.233753	11.1111
7.39	4.73416e-06	-55	-10.6057	-24.2153	2.27971	0.233799	11.0961
7.4	4.80047e-06	-55	-10.4641	-24.0526	2.27356	0.23382	11.0811
7.41	4.8678e-06	-55	-10.3223	-23.8896	2.26743	0.233815	11.0661
7.42	4.93619e-06	-55	-10.1802	-23.7265	2.26132	0.233785	11.0512
7.43	5.00564e-06	-55	-10.0378	-23.5631	2.25523	0.233729	11.0363
7.44	5.07618e-06	-55	-9.8953	-23.3996	2.24918	0.233648	11.0215
7.45	5.14782e-06	-55	-9.75256	-23.236	2.24314	0.233541	11.0067
7.46	5.22058e-06	-55	-9.60965	-23.0721	2.23713	0.233409	10.992
7.47	5.29449e-06	-55	-9.46658	-22.9082	2.23115	0.233252	10.9772
7.48	5.36955e-06	-55	-9.32338	-22.7442	2.22519	0.233069	10.9626
7.49	5.4458e-06	-55	-9.18006	-22.5801	2.21925	0.232861	10.9479
7.5	5.52325e-06	-55	-9.03663	-22.4159	2.21333	0.232628	10.9333
7.51	5.60193e-06	-55	-8.89312	-22.2517	2.20744	0.232369	10.9188
7.52	5.68185e-06	-55	-8.74955	-22.0875	2.20158	0.232085	10.9043
7.53	5.76303e-06	-55	-8.60594	-21.9232	2.19573	0.231776	10.8898
7.54	5.84551e-06	-55	-8.46229	-21.759	2.18991	0.231442	10.8753
7.55	5.92929e-06	-55	-8.31864	-21.5948	2.18411	0.231084	10.8609
7.56	6.01441e-06	-55	-8.175	-21.4306	2.17834	0.2307	10.8466
7.57	6.10089e-06	-55	-8.03138	-21.2665	2.17259	0.230292	10.8322
7.58	6.18874e-06	-55	-7.88782	-21.1025	2.16686	0.22986	10.8179
7.59	6.27801e-06	-55	-7.74431	-20.9386	2.16115	0.229403	10.8037
7.6	6.3687e-06	-55	-7.6009	-20.7748	2.15547	0.228922	10.7895
7.61	6.46085e-06	-55	-7.45758	-20.6111	2.14981	0.228417	10.7753
7.62	6.55447e-06	-55	-7.31438	-20.4476	2.14417	0.227889	10.7612
7.63	6.64961e-06	-55	-7.17132	-20.2843	2.13855	0.227336	10.7471
7.64	6.74628e-06	-55	-7.02841	-20.1211	2.13296	0.226761	10.733
7.65	6.8445e-06	-55	-6.88568	-19.9582	2.12739	0.226162	10.719
7.66	6.94432e-06	-55	-6.74314	-19.7955	2.12184	0.22554	10.705
7.67	7.04574e-06	-55	-6.6008	-19.633	2.11631	0.224896	10.691
7.68	7.14882e-06	-55	-6.4587	-19.4708	2.1108	0.224229	10.6771
7.69	7.25356e-06	-55	-6.31683	-19.3089	2.10531	0.22354	10.6632
7.7	7.36001e-06	-55	-6.17523	-19.1473	2.09985	0.222829	10.6494
7.71	7.46818e-06	-55	-6.03391	-18.9859	2.0944	0.222096	10.6355
7.72	7.57813e-06	-55	-5.89288	-18.825	2.08898	0.221342	10.6218
7.73	7.68986e-06	-55	-5.75216	-18.6643	2.08358	0.220567	10.608
7.74	7.80342e-06	-55	-5.61177	-18.5041	2.0782	0.219771	10.5943
7.75	7.91883e-06	-55	-5.47172	-18.3442	2.07284	0.218954	10.5806
7.76	8.03614e-06	-55	-5.33204	-18.1847	2.0675	0.218118	10.567
7.77	8.15537e-06	-55	-5.19273	-18.0256	2.06218	0.217261	10.5534
7.78	8.27656e-06	-55	-5.05382	-17.8669	2.05689	0.216384	10.5398
7.79	8.39974e-06	-55	-4.91532	-17.7087	2.05161	0.215489	10.5263
7.8	8.52495e-06	-55	-4.77724	-17.551	2.04635	0.214574	10.5128
7.81	8.65222e-06	-55	-4.6396	-17.3937	2.04111	0.213641	10.4994
7.82	8.78159e-06	-55	-4.50241	-17.2369	2.0359	0.21269	10.4859
7.83	8.9131e-06	-55	-4.3657	-17.0807	2.0307	0.211721	10.4725
7.84	9.04678e-06	-55	-4.22947	-16.9249	2.02552	0.210734	10.4592
7.85	9.18268e-06	-55	-4.09374	-16.7697	2.02037	0.20973	10.4459
7.86	9.32083e-06	-55	-3.95853	-16.615	2.01523	0.208709	10.4326
7.87	9.46127e-06	-55	-3.82384	-16.4609	2.01011	0.207672	10.4193
7.88	9.60405e-06	-55	-3.6897	-16.3074	2.00501	0.206619	10.4061
7.89	9.7492e-06	-55	-3.5561	-16.1545	1.99993	0.20555	10.3929
7.9	9.89676e-06	-55	-3.42308	-16.0022	1.99487	0.204466	10.3797
7.91	1.00468e-05	-55	-3.29064	-15.8505	1.98983	0.203366	10.3666
7.92	1.01993e-05	-55	-3.1588	-15.6994	1.98481	0.202253	10.3535
7.93	1.03544e-05	-55	-3.02756	-15.549	1.97981	0.201125	10.3405
7.94	1.05121e-05	-55	-2.89694	-15.3992	1.97482	0.199983	10.3275
7.95	1.06724e-05	-55	-2.76695	-15.2501	1.96986	0.198828	10.3145
7.96	1.08354e-05	-55	-2.63761	-15.1017	1.96491	0.19766	10.3015
7.97	1.10011e-05	-55	-2.50892	-14.954	1.95998	0.19648	10.2886
7.98	1.11696e-05	-55	-2.3809	-14.807	1.95508	0.195287	10.2757
7.99	1.1341e-05	-55	-2.25355	-14.6606	1.95018	0.194083	10.2628
8	1.15152e-05	-55	-2.1269	-14.5151	1.94531	0.192867	10.25
8.01	1.16924e-05	-55	-2.00094	-14.3702	1.94046	0.19164	10.2372
8.02	1.18725e-05	-55	-1.87569	-14.2262	1.93562	0.190403	10.2244
8.03	1.20557e-05	-55	-1.75116	-14.0828	1.9308	0.189156	10.2117
8.04	1.2242e-05	-55	-1.62736	-13.9403	1.926	0.187899	10.199
8.05	1.24315e-05	-55	-1.50429	-13.7985	1.92122	0.186632	10.1863
8.06	1.26241e-05	-55	-1.38198	-13.6575	1.91646	0.185357	10.1737
8.07	1.282e-05	-55	-1.26041	-13.5173	1.91171	0.184073	10.1611
8.08	1.30192e-05	-55	-1.13962	-13.3779	1.90698	0.18278	10.1485
8.09	1.32218e-05	-55	-1.01959	-13.2393	1.90227	0.181481	10.136
8.1	1.34279e-05	-55	-0.90035	-13.1016	1.89758	0.180173	10.1235
8.11	1.36374e-05	-55	-0.781894	-12.9646	1.8929	0.178859	10.111
8.12	1.38505e-05	-55	-0.664235	-12.8285	1.88824	0.177538	10.0985
8.13	1.40673e-05	-55	-0.547379	-12.6933	1.8836	0.176211	10.0861
8.14	1.42877e-05	-55	-0.431333	-12.5589	1.87897	0.174878	10.0737
8.15	1.45119e-05	-55	-0.316103	-12.4254	1.87436	0.17354	10.0613
8.16	1.47399e-05	-55	-0.201696	-12.2927	1.86977	0.172197	10.049
8.17	1.49718e-05	-55	-0.0881182	-12.1609	1.8652	0.170849	10.0367
8.18	1.52076e-05	-55	0.0246249	-12.03	1.86064	0.169497	10.0244
8.19	1.54475e-05	-55	0.136528	-11.8999	1.8561	0.16814	10.0122
8.2	1.56915e-05	-55	0.247585	-11.7708	1.85158	0.166781	10
8.21	1.59397e-05	-55	0.357792	-11.6425	1.84707	0.165418	9.98782
8.22	1.61921e-05	-55	0.467143	-11.5152	1.84258	0.164052	9.97567
8.23	1.64489e-05	-55	0.575635	-11.3887	1.8381	0.162684	9.96355
8.24	1.67101e-05	-55	0.683263	-11.2632	1.83364	0.161313	9.95146
8.25	1.69757e-05	-55	0.790023	-11.1385	1.8292	0.159941	9.93939
8.26	1.72459e-05	-55	0.895911	-11.0148	1.82477	0.158568	9.92736
8.27	1.75208e-05	-55	1.00092	-10.892	1.82036	0.157193	9.91536
8.28	1.78004e-05	-55	1.10506	-10.7701	1.81597	0.155817	9.90338
8.29	1.80848e-05	-55	1.20831	-10.6492	1.81159	0.154441	9.89144
8.3	1.83741e-05	-55	1.31068	-10.5291	1.80723	0.153065	9.87952
8.31	1.86683e-05	-55	1.41217	-10.41	1.80288	0.151689	9.86763
8.32	1.89677e-05	-55	1.51276	-10.2919	1.79855	0.150314	9.85577
8.33	1.92722e-05	-55	1.61247	-10.1746	1.79424	0.148939	9.84394
8.34	1.9582e-05	-55	1.71128	-10.0584	1.78993	0.147566	9.83213
8.35	1.98972e-05	-55	1.8092	-9.943	1.78565	0.146194	9.82036
8.36	2.02177e-05	-55	1.90623	-9.82859	1.78138	0.144823	9.80861
8.37	2.05439e-05	-55	2.00236	-9.71512	1.77713	0.143455	9.79689
8.38	2.08756e-05	-55	2.09759	-9.60259	1.77289	0.142088	9.7852
8.39	2.12132e-05	-55	2.19193	-9.491	1.76866	0.140725	9.77354
8.4	2.15565e-05	-55	2.28536	-9.38036	1.76446	0.139364	9.7619
8.41	2.19058e-05	-55	2.3779	-9.27066	1.76026	0.138006	9.7503
8.42	2.22612e-05	-55	2.46955	-9.16191	1.75608	0.136651	9.73872
8.43	2.26228e-05	-55	2.56029	-9.05409	1.75192	0.1353	9.72716
8.44	2.29906e-05	-55	2.65014	-8.94723	1.74777	0.133953	9.71564
8.45	2.33648e-05	-55	2.73909	-8.8413	1.74364	0.13261	9.70414
8.46	2.37455e-05	-55	2.82714	-8.73631	1.73952	0.131271	9.69267
8.47	2.41328e-05	-55	2.91431	-8.63227	1.73541	0.129936	9.68123
8.48	2.45269e-05	-55	3.00057	-8.52917	1.73132	0.128607	9.66981
8.49	2.49278e-05	-55	3.08595	-8.427	1.72725	0.127282	9.65842
8.5	2.53357e-05	-55	3.17043	-8.32577	1.72318	0.125962	9.64706
8.51	2.57507e-05	-55	3.25403	-8.22548	1.71914	0.124648	9.63572
8.52	2.61729e-05	-55	3.33674	-8.12611	1.7151	0.123339	9.62441
8.53	2.66025e-05	-55	3.41857	-8.02768	1.71108	0.122036	9.61313
8.54	2.70395e-05	-55	3.49951	-7.93018	1.70708	0.120739	9.60187
8.55	2.74842e-05	-55	3.57957	-7.83361	1.70309	0.119448	9.59064
8.56	2.79367e-05	-55	3.65876	-7.73796	1.69911	0.118163	9.57944
8.57	2.8397e-05	-55	3.73707	-7.64323	1.69515	0.116884	9.56826
8.58	2.88654e-05	-55	3.81451	-7.54941	1.6912	0.115613	9.55711
8.59	2.9342e-05	-55	3.89108	-7.45652	1.68726	0.114348	9.54598
8.6	2.98269e-05	-55	3.96678	-7.36453	1.68334	0.113089	9.53488
8.61	3.03203e-05	-55	4.04162	-7.27346	1.67943	0.111838	9.52381
8.62	3.08223e-05	-55	4.1156	-7.18329	1.67554	0.110595	9.51276
8.63	3.13331e-05	-55	4.18873	-7.09402	1.67166	0.109358	9.50174
8.64	3.18528e-05	-55	4.26101	-7.00565	1.66779	0.108129	9.49074
8.65	3.23816e-05	-55	4.33243	-6.91818	1.66394	0.106907	9.47977
8.66	3.29197e-05	-55	4.40302	-6.8316	1.6601	0.105694	9.46882
8.67	3.34672e-05	-55	4.47276	-6.7459	1.65627	0.104488	9.4579
8.68	3.40243e-05	-55	4.54167	-6.66108	1.65246	0.10329	9.447
8.69	3.45912e-05	-55	4.60974	-6.57715	1.64866	0.102099	9.43613
8.7	3.5168e-05	-55	4.67699	-6.49409	1.64487	0.100918	9.42529
8.71	3.57549e-05	-55	4.74341	-6.41189	1.64109	0.0997439	9.41447
8.72	3.63521e-05	-55	4.80902	-6.33056	1.63733	0.0985785	9.40367
8.73	3.69598e-05	-55	4.87381	-6.2501	1.63358	0.0974216	9.3929
8.74	3.75781e-05	-55	4.93779	-6.17048	1.62985	0.0962731	9.38215
8.75	3.82073e-05	-55	5.00096	-6.09172	1.62612	0.0951332	9.37143
8.76	3.88476e-05	-55	5.06334	-6.0138	1.62241	0.0940019	9.36073
8.77	3.94991e-05	-55	5.12492	-5.93673	1.61871	0.0928793	9.35006
8.78	4.0162e-05	-55	5.18572	-5.86049	1.61503	0.0917654	9.33941
8.79	4.08366e-05	-55	5.24572	-5.78508	1.61136	0.0906604	9.32878
8.8	4.15231e-05	-55	5.30495	-5.71049	1.6077	0.0895642	9.31818
8.81	4.22216e-05	-55	5.36341	-5.63673	1.60405	0.0884769	9.3076
8.82	4.29324e-05	-55	5.42109	-5.56377	1.60041	0.0873986	9.29705
8.83	4.36557e-05	-55	5.47801	-5.49163	1.59679	0.0863293	9.28652
8.84	4.43917e-05	-55	5.53417	-5.42029	1.59318	0.0852691	9.27602
8.85	4.51407e-05	-55	5.58958	-5.34975	1.58958	0.0842179	9.26554
8.86	4.59029e-05	-55	5.64424	-5.28001	1.586	0.0831759	9.25508
8.87	4.66784e-05	-55	5.69816	-5.21105	1.58242	0.082143	9.24464
8.88	4.74677e-05	-55	5.75135	-5.14287	1.57886	0.0811192	9.23423
8.89	4.82708e-05	-55	5.8038	-5.07546	1.57531	0.0801046	9.22385
8.9	4.90881e-05	-55	5.85553	-5.00883	1.57177	0.0790992	9.21348
8.91	4.99197e-05	-55	5.90654	-4.94295	1.56825	0.078103	9.20314
8.92	5.07661e-05	-55	5.95683	-4.87784	1.56473	0.0771161	9.19283
8.93	5.16273e-05	-55	6.00642	-4.81348	1.56123	0.0761383	9.18253
8.94	5.25037e-05	-55	6.0553	-4.74987	1.55774	0.0751698	9.17226
8.95	5.33956e-05	-55	6.10349	-4.68699	1.55426	0.0742105	9.16201
8.96	5.43032e-05	-55	6.15099	-4.62485	1.55079	0.0732605	9.15179
8.97	5.52268e-05	-55	6.1978	-4.56344	1.54734	0.0723196	9.14158
8.98	5.61667e-05	-55	6.24393	-4.50275	1.54389	0.071388	9.1314
8.99	5.71231e-05	-55	6.28939	-4.44278	1.54046	0.0704656	9.12125
9	5.80964e-05	-55	6.33419	-4.38351	1.53704	0.0695524	9.11111
9.01	5.9087e-05	-55	6.37832	-4.32495	1.53363	0.0686484	9.101
9.02	6.00949e-05	-55	6.4218	-4.26709	1.53023	0.0677535	9.09091
9.03	6.11207e-05	-55	6.46463	-4.20992	1.52684	0.0668677	9.08084
9.04	6.21646e-05	-55	6.50681	-4.15344	1.52347	0.0659911	9.0708
9.05	6.32269e-05	-55	6.54836	-4.09764	1.5201	0.0651236	9.06077
9.06	6.4308e-05	-55	6.58928	-4.04251	1.51675	0.0642651	9.05077
9.07	6.54081e-05	-55	6.62957	-3.98804	1.5134	0.0634157	9.04079
9.08	6.65277e-05	-55	6.66924	-3.93424	1.51007	0.0625753	9.03084
9.09	6.7667e-05	-55	6.7083	-3.8811	1.50675	0.0617438	9.0209
9.1	6.88265e-05	-55	6.74675	-3.8286	1.50344	0.0609213	9.01099
9.11	7.00065e-05	-55	6.7846	-3.77675	1.50014	0.0601077	9.0011
9.12	7.12073e-05	-55	6.82185	-3.72553	1.49685	0.059303	8.99123
9.13	7.24293e-05	-55	6.85852	-3.67495	1.49358	0.0585071	8.98138
9.14	7.36729e-05	-55	6.8946	-3.62499	1.49031	0.0577199	8.97155
9.15	7.49385e-05	-55	6.9301	-3.57565	1.48706	0.0569415	8.96175
9.16	7.62264e-05	-55	6.96503	-3.52692	1.48381	0.0561718	8.95197
9.17	7.75371e-05	-55	6.99939	-3.4788	1.48058	0.0554108	8.9422
9.18	7.8871e-05	-55	7.03319	-3.43128	1.47735	0.0546584	8.93246
9.19	8.02285e-05	-55	7.06644	-3.38436	1.47414	0.0539145	8.92274
9.2	8.16099e-05	-55	7.09914	-3.33802	1.47094	0.0531791	8.91304
9.21	8.30158e-05	-55	7.13129	-3.29227	1.46774	0.0524522	8.90337
9.22	8.44466e-05	-55	7.16291	-3.24709	1.46456	0.0517336	8.89371
9.23	8.59026e-05	-55	7.194	-3.20249	1.46139	0.0510235	8.88407
9.24	8.73844e-05	-55	7.22456	-3.15845	1.45823	0.0503216	8.87446
9.25	8.88924e-05	-55	7.2546	-3.11497	1.45508	0.049628	8.86486
9.26	9.0427e-05	-55	7.28413	-3.07204	1.45194	0.0489425	8.85529
9.27	9.19889e-05	-55	7.31314	-3.02966	1.4488	0.0482652	8.84574
9.28	9.35783e-05	-55	7.34166	-2.98783	1.44568	0.0475959	8.83621
9.29	9.51958e-05	-55	7.36968	-2.94653	1.44257	0.0469347	8.8267
9.3	9.6842e-05	-55	7.3972	-2.90576	1.43947	0.0462814	8.8172
9.31	9.85173e-05	-55	7.42424	-2.86551	1.43638	0.045636	8.80773
9.32	0.000100222	-55	7.4508	-2.82579	1.4333	0.0449984	8.79828
9.33	0.000101957	-55	7.47688	-2.78657	1.43023	0.0443686	8.78885
9.34	0.000103723	-55	7.50249	-2.74787	1.42717	0.0437465	8.77944
9.35	0.00010552	-55	7.52764	-2.70967	1.42412	0.0431321	8.77005
9.36	0.000107349	-55	7.55233	-2.67196	1.42108	0.0425252	8.76068
9.37	0.00010921	-55	7.57656	-2.63475	1.41805	0.0419259	8.75133
9.38	0.000111104	-55	7.60035	-2.59802	1.41502	0.041334	8.742
9.39	0.000113032	-55	7.62369	-2.56177	1.41201	0.0407495	8.73269
9.4	0.000114994	-55	7.64659	-2.52599	1.40901	0.0401724	8.7234
9.41	0.00011699	-55	7.66906	-2.49069	1.40602	0.0396025	8.71413
9.42	0.000119022	-55	7.6911	-2.45585	1.40303	0.0390398	8.70488
9.43	0.00012109	-55	7.71272	-2.42147	1.40006	0.0384843	8.69565
9.44	0.000123194	-55	7.73393	-2.38754	1.39709	0.0379358	8.68644
9.45	0.000125336	-55	7.75472	-2.35406	1.39414	0.0373943	8.67725
9.46	0.000127515	-55	7.7751	-2.32103	1.39119	0.0368597	8.66808
9.47	0.000129733	-55	7.79508	-2.28843	1.38826	0.0363321	8.65892
9.48	0.000131991	-55	7.81466	-2.25627	1.38533	0.0358112	8.64979
9.49	0.000134288	-55	7.83385	-2.22453	1.38241	0.0352971	8.64067
9.5	0.000136626	-55	7.85265	-2.19322	1.3795	0.0347897	8.63158
9.51	0.000139005	-55	7.87107	-2.16232	1.3766	0.0342888	8.6225
9.52	0.000141427	-55	7.88911	-2.13184	1.37371	0.0337945	8.61345
9.53	0.000143891	-55	7.90678	-2.10176	1.37083	0.0333067	8.60441
9.54	0.000146399	-55	7.92408	-2.07209	1.36796	0.0328253	8.59539
9.55	0.000148952	-55	7.94101	-2.04282	1.36509	0.0323503	8.58639
9.56	0.000151549	-55	7.95759	-2.01394	1.36224	0.0318815	8.57741
9.57	0.000154193	-55	7.9738	-1.98545	1.35939	0.031419	8.56844
9.58	0.000156883	-55	7.98967	-1.95735	1.35656	0.0309625	8.5595
9.59	0.000159621	-55	8.0052	-1.92962	1.35373	0.0305122	8.55057
9.6	0.000162407	-55	8.02038	-1.90227	1.35091	0.0300679	8.54167
9.61	0.000165243	-55	8.03522	-1.87529	1.3481	0.0296296	8.53278
9.62	0.000168129	-55	8.04973	-1.84867	1.3453	0.0291971	8.52391
9.63	0.000171066	-55	8.06391	-1.82242	1.34251	0.0287705	8.51506
9.64	0.000174055	-55	8.07777	-1.79652	1.33972	0.0283497	8.50622
9.65	0.000177097	-55	8.09131	-1.77098	1.33695	0.0279345	8.49741
9.66	0.000180193	-55	8.10454	-1.74578	1.33418	0.027525	8.48861
9.67	0.000183344	-55	8.11745	-1.72093	1.33142	0.027121	8.47983
9.68	0.00018655	-55	8.13005	-1.69642	1.32867	0.0267226	8.47107
9.69	0.000189813	-55	8.14235	-1.67224	1.32593	0.0263296	8.46233
9.7	0.000193134	-55	8.15435	-1.6484	1.3232	0.025942	8.45361
9.71	0.000196514	-55	8.16606	-1.62488	1.32048	0.0255597	8.4449
9.72	0.000199953	-55	8.17748	-1.60168	1.31776	0.0251827	8.43621
9.73	0.000203454	-55	8.1886	-1.57881	1.31505	0.0248108	8.42754
9.74	0.000207016	-55	8.19945	-1.55624	1.31236	0.0244441	8.41889
9.75	0.000210641	-55	8.21001	-1.53399	1.30966	0.0240825	8.41026
9.76	0.000214331	-55	8.2203	-1.51205	1.30698	0.0237259	8.40164
9.77	0.000218086	-55	8.23032	-1.4904	1.30431	0.0233743	8.39304
9.78	0.000221907	-55	8.24007	-1.46906	1.30164	0.0230276	8.38446
9.79	0.000225796	-55	8.24955	-1.44801	1.29898	0.0226857	8.37589
9.8	0.000229754	-55	8.25877	-1.42726	1.29633	0.0223486	8.36735
9.81	0.000233782	-55	8.26774	-1.40679	1.29369	0.0220162	8.35882
9.82	0.000237881	-55	8.27645	-1.38661	1.29106	0.0216885	8.35031
9.83	0.000242052	-55	8.28491	-1.3667	1.28843	0.0213654	8.34181
9.84	0.000246298	-55	8.29312	-1.34707	1.28582	0.0210468	8.33333
9.85	0.000250619	-55	8.30109	-1.32772	1.28321	0.0207328	8.32487
9.86	0.000255016	-55	8.30882	-1.30863	1.28061	0.0204232	8.31643
9.87	0.00025949	-55	8.31632	-1.28982	1.27801	0.0201179	8.308
9.88	0.000264045	-55	8.32358	-1.27126	1.27543	0.019817	8.2996
9.89	0.000268679	-55	8.33061	-1.25296	1.27285	0.0195204	8.2912
9.9	0.000273396	-55	8.33741	-1.23492	1.27028	0.019228	8.28283
9.91	0.000278196	-55	8.34399	-1.21713	1.26772	0.0189398	8.27447
9.92	0.000283081	-55	8.35035	-1.19959	1.26516	0.0186557	8.26613
9.93	0.000288052	-55	8.3565	-1.1823	1.26261	0.0183756	8.2578
9.94	0.000293112	-55	8.36243	-1.16525	1.26008	0.0180996	8.2495
9.95	0.000298261	-55	8.36814	-1.14843	1.25754	0.0178275	8.24121
9.96	0.000303501	-55	8.37365	-1.13186	1.25502	0.0175593	8.23293
9.97	0.000308833	-55	8.37896	-1.11552	1.2525	0.017295	8.22467
9.98	0.00031426	-55	8.38406	-1.0994	1.24999	0.0170345	8.21643
9.99	0.000319783	-55	8.38896	-1.08352	1.24749	0.0167778	8.20821
10	0.000325404	-55	8.39367	-1.06785	1.245	0.0165247	8.2
10.01	0.000331124	-55	8.39819	-1.05241	1.24251	0.0162754	8.19181
10.02	0.000336946	-55	8.40251	-1.03719	1.24003	0.0160296	8.18363
10.03	0.00034287	-55	8.40664	-1.02218	1.23756	0.0157874	8.17547
10.04	0.000348899	-55	8.4106	-1.00738	1.2351	0.0155487	8.16733
10.05	0.000355035	-55	8.41436	-0.992796	1.23264	0.0153135	8.1592
10.06	0.000361279	-55	8.41795	-0.978415	1.23019	0.0150817	8.15109
10.07	0.000367633	-55	8.42137	-0.964238	1.22775	0.0148533	8.143
10.08	0.0003741	-55	8.4246	-0.950261	1.22532	0.0146283	8.13492
10.09	0.000380682	-55	8.42767	-0.936483	1.22289	0.0144065	8.12686
10.1	0.000387379	-55	8.43057	-0.922901	1.22047	0.0141879	8.11881
10.11	0.000394195	-55	8.4333	-0.909511	1.21806	0.0139726	8.11078
10.12	0.000401132	-55	8.43587	-0.896311	1.21565	0.0137604	8.10277
10.13	0.000408191	-55	8.43827	-0.883299	1.21325	0.0135514	8.09477
10.14	0.000415375	-55	8.44052	-0.870472	1.21086	0.0133454	8.08679
10.15	0.000422686	-55	8.44261	-0.857828	1.20847	0.0131424	8.07882
10.16	0.000430127	-55	8.44454	-0.845364	1.2061	0.0129425	8.07087
10.17	0.000437698	-55	8.44632	-0.833077	1.20373	0.0127454	8.06293
10.18	0.000445404	-55	8.44796	-0.820965	1.20136	0.0125513	8.05501
10.19	0.000453246	-55	8.44944	-0.809027	1.199	0.0123601	8.04711
10.2	0.000461226	-55	8.45078	-0.797258	1.19666	0.0121716	8.03922
10.21	0.000469348	-55	8.45198	-0.785658	1.19431	0.011986	8.03134
10.22	0.000477613	-55	8.45304	-0.774224	1.19198	0.0118031	8.02348
10.23	0.000486024	-55	8.45396	-0.762953	1.18965	0.011623	8.01564
10.24	0.000494584	-55	8.45474	-0.751843	1.18732	0.0114455	8.00781
10.25	0.000503294	-55	8.45539	-0.740892	1.18501	0.0112706	8
10.26	0.000512159	-55	8.4559	-0.730098	1.1827	0.0110984	7.9922
10.27	0.000521181	-55	8.45629	-0.719459	1.1804	0.0109287	7.98442
10.28	0.000530362	-55	8.45655	-0.708972	1.1781	0.0107615	7.97665
10.29	0.000539705	-55	8.45668	-0.698636	1.17581	0.0105968	7.9689
10.3	0.000549213	-55	8.45668	-0.688448	1.17353	0.0104346	7.96117
10.31	0.000558889	-55	8.45657	-0.678406	1.17126	0.0102748	7.95344
10.32	0.000568736	-55	8.45633	-0.668508	1.16899	0.0101174	7.94574
10.33	0.000578757	-55	8.45598	-0.658753	1.16673	0.00996235	7.93804
10.34	0.000588955	-55	8.45551	-0.649138	1.16447	0.00980962	7.93037
10.35	0.000599333	-55	8.45492	-0.639661	1.16222	0.00965918	7.92271
10.36	0.000609894	-55	8.45423	-0.63032	1.15998	0.00951099	7.91506
10.37	0.000620642	-55	8.45342	-0.621114	1.15774	0.00936503	7.90743
10.38	0.00063158	-55	8.4525	-0.61204	1.15551	0.00922126	7.89981
10.39	0.00064271	-55	8.45148	-0.603098	1.15329	0.00907965	7.8922
10.4	0.000654038	-55	8.45034	-0.594284	1.15107	0.00894016	7.88462
10.41	0.000665565	-55	8.44911	-0.585597	1.14886	0.00880278	7.87704
10.42	0.000677296	-55	8.44777	-0.577035	1.14666	0.00866746	7.86948
10.43	0.000689234	-55	8.44633	-0.568597	1.14446	0.00853418	7.86194
10.44	0.000701382	-55	8.4448	-0.560281	1.14227	0.00840292	7.85441
10.45	0.000713746	-55	8.44316	-0.552084	1.14008	0.00827363	7.84689
10.46	0.000726327	-55	8.44143	-0.544007	1.1379	0.00814629	7.83939
10.47	0.00073913	-55	8.43961	-0.536046	1.13573	0.00802088	7.8319
10.48	0.00075216	-55	8.43769	-0.5282	1.13357	0.00789737	7.82443
10.49	0.000765419	-55	8.43568	-0.520467	1.13141	0.00777572	7.81697
10.5	0.000778913	-55	8.43358	-0.512846	1.12925	0.00765591	7.80952
10.51	0.000792644	-55	8.4314	-0.505336	1.1271	0.00753792	7.80209
10.52	0.000806618	-55	8.42913	-0.497934	1.12496	0.00742171	7.79468
10.53	0.000820838	-55	8.42677	-0.49064	1.12283	0.00730727	7.78727
10.54	0.00083531	-55	8.42433	-0.483451	1.1207	0.00719456	7.77989
10.55	0.000850036	-55	8.4218	-0.476367	1.11857	0.00708356	7.77251
10.56	0.000865023	-55	8.4192	-0.469385	1.11646	0.00697425	7.76515
10.57	0.000880274	-55	8.41651	-0.462504	1.11434	0.0068666	7.75781
10.58	0.000895794	-55	8.41375	-0.455723	1.11224	0.00676058	7.75047
10.59	0.000911587	-55	8.41091	-0.449041	1.11014	0.00665618	7.74315
10.6	0.000927659	-55	8.40799	-0.442455	1.10805	0.00655336	7.73585
10.61	0.000944015	-55	8.405	-0.435965	1.10596	0.00645212	7.72856
10.62	0.000960659	-55	8.40194	-0.42957	1.10388	0.00635241	7.72128
10.63	0.000977597	-55	8.3988	-0.423267	1.1018	0.00625422	7.71402
10.64	0.000994834	-55	8.3956	-0.417056	1.09973	0.00615753	7.70677
10.65	0.00101237	-55	8.39232	-0.410935	1.09767	0.00606232	7.69953
10.66	0.00103022	-55	8.38898	-0.404903	1.09561	0.00596855	7.69231
10.67	0.00104839	-55	8.38557	-0.398959	1.09355	0.00587622	7.6851
10.68	0.00106687	-55	8.38209	-0.393102	1.09151	0.0057853	7.6779
10.69	0.00108568	-55	8.37855	-0.387329	1.08947	0.00569577	7.67072
10.7	0.00110483	-55	8.37495	-0.381641	1.08743	0.00560761	7.66355
10.71	0.0011243	-55	8.37128	-0.376035	1.0854	0.00552079	7.6564
10.72	0.00114413	-55	8.36755	-0.370511	1.08338	0.00543531	7.64925
10.73	0.0011643	-55	8.36377	-0.365068	1.08136	0.00535113	7.64212
10.74	0.00118483	-55	8.35992	-0.359704	1.07935	0.00526824	7.63501
10.75	0.00120572	-55	8.35601	-0.354418	1.07734	0.00518662	7.62791
10.76	0.00122698	-55	8.35205	-0.349209	1.07534	0.00510625	7.62082
10.77	0.00124861	-55	8.34803	-0.344076	1.07334	0.00502712	7.61374
10.78	0.00127062	-55	8.34396	-0.339018	1.07135	0.0049492	7.60668
10.79	0.00129302	-55	8.33983	-0.334034	1.06937	0.00487247	7.59963
10.8	0.00131582	-55	8.33565	-0.329122	1.06739	0.00479692	7.59259
10.81	0.00133902	-55	8.33142	-0.324282	1.06541	0.00472253	7.58557
10.82	0.00136262	-55	8.32714	-0.319513	1.06344	0.00464928	7.57856
10.83	0.00138665	-55	8.32281	-0.314814	1.06148	0.00457716	7.57156
10.84	0.00141109	-55	8.31842	-0.310183	1.05952	0.00450615	7.56458
10.85	0.00143597	-55	8.31399	-0.305619	1.05757	0.00443622	7.5576
10.86	0.00146128	-55	8.30951	-0.301123	1.05563	0.00436738	7.55064
10.87	0.00148704	-55	8.30499	-0.296692	1.05368	0.00429959	7.5437
10.88	0.00151326	-55	8.30042	-0.292326	1.05175	0.00423285	7.53676
10.89	0.00153993	-55	8.2958	-0.288023	1.04982	0.00416713	7.52984
10.9	0.00156708	-55	8.29115	-0.283784	1.04789	0.00410242	7.52294
10.91	0.0015947	-55	8.28644	-0.279606	1.04597	0.00403871	7.51604
10.92	0.00162281	-55	8.2817	-0.27549	1.04406	0.00397599	7.50916
10.93	0.00165142	-55	8.27691	-0.271434	1.04215	0.00391423	7.50229
10.94	0.00168053	-55	8.27209	-0.267437	1.04024	0.00385342	7.49543
10.95	0.00171015	-55	8.26722	-0.263499	1.03834	0.00379355	7.48858
10.96	0.00174029	-55	8.26232	-0.259618	1.03645	0.0037346	7.48175
10.97	0.00177096	-55	8.25737	-0.255795	1.03456	0.00367656	7.47493
10.98	0.00180217	-55	8.25239	-0.252027	1.03268	0.00361942	7.46812
10.99	0.00183394	-55	8.24738	-0.248314	1.0308	0.00356316	7.46133
11	0.00186626	-55	8.24232	-0.244656	1.02893	0.00350777	7.45455
11.01	0.00189915	-55	8.23723	-0.241051	1.02706	0.00345323	7.44777
11.02	0.00193262	-55	8.23211	-0.2375	1.02519	0.00339954	7.44102
11.03	0.00196667	-55	8.22695	-0.234	1.02334	0.00334667	7.43427
11.04	0.00200133	-55	8.22176	-0.230551	1.02148	0.00329463	7.42754
11.05	0.0020366	-55	8.21654	-0.227154	1.01964	0.00324338	7.42081
11.06	0.00207248	-55	8.21128	-0.223805	1.01779	0.00319293	7.4141
11.07	0.002109	-55	8.206	-0.220506	1.01595	0.00314326	7.40741
11.08	0.00214616	-55	8.20068	-0.217256	1.01412	0.00309436	7.40072
11.09	0.00218398	-55	8.19533	-0.214053	1.01229	0.00304622	7.39405
11.1	0.00222246	-55	8.18996	-0.210897	1.01047	0.00299882	7.38739
11.11	0.00226162	-55	8.18455	-0.207788	1.00865	0.00295215	7.38074
11.12	0.00230146	-55	8.17912	-0.204724	1.00684	0.00290621	7.3741
11.13	0.00234201	-55	8.17366	-0.201705	1.00503	0.00286098	7.36748
11.14	0.00238327	-55	8.16817	-0.19873	1.00323	0.00281644	7.36086
11.15	0.00242525	-55	8.16266	-0.195799	1.00143	0.0027726	7.35426
11.16	0.00246797	-55	8.15712	-0.192911	0.999634	0.00272944	7.34767
11.17	0.00251145	-55	8.15156	-0.190065	0.997845	0.00268695	7.34109
11.18	0.00255569	-55	8.14597	-0.187262	0.996061	0.00264511	7.33453
11.19	0.0026007	-55	8.14036	-0.184499	0.994281	0.00260392	7.32797
11.2	0.00264651	-55	8.13472	-0.181777	0.992506	0.00256338	7.32143
11.21	0.00269312	-55	8.12906	-0.179095	0.990736	0.00252346	7.3149
11.22	0.00274056	-55	8.12338	-0.176453	0.988971	0.00248416	7.30838
11.23	0.00278882	-55	8.11768	-0.173849	0.987211	0.00244547	7.30187
11.24	0.00283794	-55	8.11195	-0.171283	0.985455	0.00240738	7.29537
11.25	0.00288791	-55	8.10621	-0.168756	0.983704	0.00236988	7.28889
11.26	0.00293877	-55	8.10044	-0.166265	0.981957	0.00233296	7.28242
11.27	0.00299052	-55	8.09465	-0.163811	0.980215	0.00229661	7.27595
11.28	0.00304318	-55	8.08885	-0.161393	0.978478	0.00226083	7.2695
11.29	0.00309676	-55	8.08303	-0.159011	0.976746	0.00222561	7.26306
11.3	0.00315129	-55	8.07718	-0.156663	0.975018	0.00219093	7.25664
11.31	0.00320677	-55	8.07132	-0.154351	0.973294	0.00215679	7.25022
11.32	0.00326323	-55	8.06544	-0.152072	0.971575	0.00212319	7.24382
11.33	0.00332068	-55	8.05955	-0.149827	0.969861	0.0020901	7.23742
11.34	0.00337914	-55	8.05363	-0.147615	0.968151	0.00205753	7.23104
11.35	0.00343863	-55	8.04771	-0.145435	0.966446	0.00202546	7.22467
11.36	0.00349916	-55	8.04176	-0.143287	0.964745	0.00199389	7.21831
11.37	0.00356075	-55	8.0358	-0.141172	0.963049	0.00196282	7.21196
11.38	0.00362343	-55	8.02983	-0.139087	0.961357	0.00193222	7.20562
11.39	0.0036872	-55	8.02384	-0.137033	0.95967	0.0019021	7.1993
11.4	0.0037521	-55	8.01783	-0.135009	0.957987	0.00187245	7.19298
11.41	0.00381814	-55	8.01182	-0.133015	0.956309	0.00184327	7.18668
11.42	0.00388533	-55	8.00578	-0.13105	0.954635	0.00181453	7.18039
11.43	0.00395371	-55	7.99974	-0.129114	0.952965	0.00178624	7.1741
11.44	0.00402328	-55	7.99368	-0.127207	0.9513	0.0017584	7.16783
11.45	0.00409408	-55	7.98761	-0.125328	0.949639	0.00173098	7.16157
11.46	0.00416612	-55	7.98153	-0.123476	0.947982	0.00170399	7.15532
11.47	0.00423943	-55	7.97544	-0.121652	0.94633	0.00167742	7.14908
11.48	0.00431402	-55	7.96934	-0.119855	0.944682	0.00165127	7.14286
11.49	0.00438992	-55	7.96322	-0.118084	0.943038	0.00162552	7.13664
11.5	0.00446715	-55	7.95709	-0.116339	0.941399	0.00160018	7.13043
11.51	0.00454574	-55	7.95096	-0.11462	0.939764	0.00157522	7.12424
11.52	0.00462571	-55	7.94481	-0.112927	0.938133	0.00155066	7.11806
11.53	0.00470708	-55	7.93866	-0.111258	0.936506	0.00152648	7.11188
11.54	0.00478987	-55	7.93249	-0.109614	0.934884	0.00150267	7.10572
11.55	0.00487412	-55	7.92632	-0.107994	0.933266	0.00147924	7.09957
11.56	0.00495985	-55	7.92014	-0.106398	0.931652	0.00145617	7.09343
11.57	0.00504709	-55	7.91394	-0.104825	0.930042	0.00143346	7.08729
11.58	0.00513585	-55	7.90775	-0.103276	0.928437	0.00141111	7.08117
11.59	0.00522617	-55	7.90154	-0.10175	0.926835	0.0013891	7.07506
11.6	0.00531808	-55	7.89533	-0.100246	0.925238	0.00136743	7.06897
11.61	0.00541159	-55	7.8891	-0.098764	0.923645	0.00134611	7.06288
11.62	0.00550675	-55	7.88288	-0.097304	0.922056	0.00132511	7.0568
11.63	0.00560357	-55	7.87664	-0.0958657	0.920471	0.00130444	7.05073
11.64	0.0057021	-55	7.8704	-0.0944485	0.91889	0.0012841	7.04467
11.65	0.00580235	-55	7.86415	-0.0930523	0.917313	0.00126407	7.03863
11.66	0.00590436	-55	7.8579	-0.0916766	0.91574	0.00124435	7.03259
11.67	0.00600816	-55	7.85164	-0.0903212	0.914171	0.00122494	7.02656
11.68	0.00611378	-55	7.84537	-0.0889859	0.912607	0.00120583	7.02055
11.69	0.00622125	-55	7.83911	-0.0876702	0.911046	0.00118703	7.01454
11.7	0.0063306	-55	7.83283	-0.086374	0.909489	0.00116851	7.00855
11.71	0.00644187	-55	7.82655	-0.0850969	0.907937	0.00115028	7.00256
11.72	0.00655509	-55	7.82027	-0.0838386	0.906388	0.00113234	6.99659
11.73	0.0066703	-55	7.81398	-0.0825989	0.904843	0.00111468	6.99062
11.74	0.00678752	-55	7.80769	-0.0813775	0.903302	0.00109729	6.98467
11.75	0.0069068	-55	7.80139	-0.0801741	0.901766	0.00108017	6.97872
11.76	0.00702817	-55	7.7951	-0.0789885	0.900233	0.00106332	6.97279
11.77	0.00715167	-55	7.78879	-0.0778204	0.898703	0.00104673	6.96686
11.78	0.00727733	-55	7.78249	-0.0766695	0.897178	0.00103041	6.96095
11.79	0.00740519	-55	7.77618	-0.0755357	0.895657	0.00101433	6.95505
11.8	0.0075353	-55	7.76987	-0.0744185	0.89414	0.00099851	6.94915
11.81	0.00766768	-55	7.76356	-0.0733179	0.892626	0.000982934	6.94327
11.82	0.00780238	-55	7.75724	-0.0722335	0.891116	0.0009676	6.93739
11.83	0.00793945	-55	7.75093	-0.0711651	0.88961	0.000952506	6.93153
11.84	0.00807891	-55	7.74461	-0.0701125	0.888108	0.000937648	6.92568
11.85	0.00822082	-55	7.73829	-0.0690755	0.88661	0.000923021	6.91983
11.86	0.00836521	-55	7.73197	-0.0680537	0.885116	0.000908622	6.914
11.87	0.00851213	-55	7.72564	-0.0670471	0.883625	0.000894448	6.90817
11.88	0.00866162	-55	7.71932	-0.0660553	0.882138	0.000880496	6.90236
11.89	0.00881374	-55	7.71299	-0.0650782	0.880655	0.00086676	6.89655
11.9	0.00896851	-55	7.70667	-0.0641155	0.879175	0.00085324	6.89076
11.91	0.009126	-55	7.70034	-0.063167	0.877699	0.00083993	6.88497
11.92	0.00928624	-55	7.69402	-0.0622325	0.876227	0.000826827	6.87919
11.93	0.00944929	-55	7.68769	-0.0613119	0.874759	0.00081393	6.87343
11.94	0.0096152	-55	7.68136	-0.0604048	0.873294	0.000801233	6.86767
11.95	0.00978401	-55	7.67504	-0.0595111	0.871833	0.000788735	6.86192
11.96	0.00995577	-55	7.66871	-0.0586307	0.870376	0.000776431	6.85619
11.97	0.0101305	-55	7.66238	-0.0577632	0.868923	0.00076432	6.85046
11.98	0.0103084	-55	7.65606	-0.0569086	0.867472	0.000752398	6.84474
11.99	0.0104893	-55	7.64973	-0.0560666	0.866026	0.000740661	6.83903
12	0.0106734	-55	7.64341	-0.055237	0.864583	0.000729108	6.83333
12.01	0.0108608	-55	7.63709	-0.0544197	0.863144	0.000717735	6.82764
12.02	0.0110514	-55	7.63076	-0.0536145	0.861709	0.00070654	6.82196
12.03	0.0112453	-55	7.62444	-0.0528212	0.860277	0.00069552	6.81629
12.04	0.0114427	-55	7.61812	-0.0520396	0.858848	0.000684671	6.81063
12.05	0.0116435	-55	7.61181	-0.0512696	0.857423	0.000673992	6.80498
12.06	0.0118478	-55	7.60549	-0.0505109	0.856002	0.000663479	6.79934
12.07	0.0120557	-55	7.59918	-0.0497634	0.854584	0.000653131	6.7937
12.08	0.0122672	-55	7.59287	-0.049027	0.85317	0.000642944	6.78808
12.09	0.0124824	-55	7.58656	-0.0483015	0.851759	0.000632916	6.78246
12.1	0.0127014	-55	7.58025	-0.0475867	0.850352	0.000623044	6.77686
12.11	0.0129242	-55	7.57394	-0.0468825	0.848948	0.000613327	6.77126
12.12	0.0131509	-55	7.56764	-0.0461887	0.847548	0.000603761	6.76568
12.13	0.0133816	-55	7.56134	-0.0455051	0.846151	0.000594345	6.7601
12.14	0.0136163	-55	7.55504	-0.0448317	0.844757	0.000585076	6.75453
12.15	0.0138551	-55	7.54875	-0.0441682	0.843367	0.000575951	6.74897
12.16	0.0140981	-55	7.54245	-0.0435145	0.841981	0.000566969	6.74342
12.17	0.0143454	-55	7.53617	-0.0428705	0.840598	0.000558127	6.73788
12.18	0.0145969	-55	7.52988	-0.042236	0.839218	0.000549423	6.73235
12.19	0.0148529	-55	7.5236	-0.0416109	0.837842	0.000540855	6.72683
12.2	0.0151133	-55	7.51732	-0.040995	0.836469	0.00053242	6.72131
12.21	0.0153783	-55	7.51104	-0.0403882	0.835099	0.000524118	6.71581
12.22	0.015648	-55	7.50477	-0.0397904	0.833733	0.000515945	6.71031
12.23	0.0159223	-55	7.4985	-0.0392015	0.83237	0.000507899	6.70482
12.24	0.0162015	-55	7.49224	-0.0386213	0.831011	0.000499979	6.69935
12.25	0.0164855	-55	7.48597	-0.0380496	0.829654	0.000492183	6.69388
12.26	0.0167745	-55	7.47972	-0.0374864	0.828301	0.000484508	6.68842
12.27	0.0170685	-55	7.47346	-0.0369315	0.826952	0.000476954	6.68297
12.28	0.0173677	-55	7.46721	-0.0363848	0.825606	0.000469517	6.67752
12.29	0.0176721	-55	7.46097	-0.0358462	0.824263	0.000462196	6.67209
12.3	0.0179818	-55	7.45473	-0.0353156	0.822923	0.00045499	6.66667
12.31	0.0182969	-55	7.44849	-0.0347929	0.821586	0.000447896	6.66125
12.32	0.0186176	-55	7.44226	-0.0342778	0.820253	0.000440912	6.65584
12.33	0.0189438	-55	7.43603	-0.0337704	0.818923	0.000434038	6.65045
12.34	0.0192757	-55	7.42981	-0.0332705	0.817597	0.000427271	6.64506
12.35	0.0196135	-55	7.42359	-0.032778	0.816273	0.00042061	6.63968
12.36	0.0199571	-55	7.41738	-0.0322927	0.814953	0.000414053	6.6343
12.37	0.0203068	-55	7.41117	-0.0318147	0.813636	0.000407598	6.62894
12.38	0.0206625	-55	7.40497	-0.0313437	0.812322	0.000401244	6.62359
12.39	0.0210245	-55	7.39877	-0.0308797	0.811011	0.000394989	6.61824
12.4	0.0213928	-55	7.39257	-0.0304225	0.809703	0.000388831	6.6129
12.41	0.0217675	-55	7.38638	-0.0299721	0.808399	0.00038277	6.60757
12.42	0.0221488	-55	7.3802	-0.0295284	0.807098	0.000376804	6.60225
12.43	0.0225367	-55	7.37402	-0.0290912	0.8058	0.00037093	6.59694
12.44	0.0229314	-55	7.36785	-0.0286606	0.804505	0.000365148	6.59164
12.45	0.023333	-55	7.36168	-0.0282362	0.803213	0.000359457	6.58635
12.46	0.0237416	-55	7.35552	-0.0278182	0.801924	0.000353854	6.58106
12.47	0.0241574	-55	7.34936	-0.0274063	0.800638	0.000348339	6.57578
12.48	0.0245804	-55	7.34321	-0.0270006	0.799356	0.00034291	6.57051
12.49	0.0250108	-55	7.33707	-0.0266008	0.798076	0.000337566	6.56525
12.5	0.0254487	-55	7.33093	-0.026207	0.7968	0.000332305	6.56
12.51	0.0258942	-55	7.32479	-0.0258189	0.795527	0.000327126	6.55476
12.52	0.0263475	-55	7.31866	-0.0254367	0.794256	0.000322028	6.54952
12.53	0.0268088	-55	7.31254	-0.0250601	0.792989	0.000317009	6.54429
12.54	0.0272781	-55	7.30642	-0.024689	0.791725	0.000312069	6.53907
12.55	0.0277555	-55	7.30031	-0.0243235	0.790464	0.000307206	6.53386
12.56	0.0282413	-55	7.29421	-0.0239633	0.789205	0.000302419	6.52866
12.57	0.0287356	-55	7.28811	-0.0236085	0.78795	0.000297706	6.52347
12.58	0.0292386	-55	7.28202	-0.0232589	0.786698	0.000293068	6.51828
12.59	0.0297502	-55	7.27593	-0.0229145	0.785449	0.000288501	6.51311
12.6	0.0302709	-55	7.26985	-0.0225752	0.784203	0.000284006	6.50794
12.61	0.0308006	-55	7.26377	-0.022241	0.782959	0.000279581	6.50278
12.62	0.0313395	-55	7.25771	-0.0219116	0.781719	0.000275225	6.49762
12.63	0.0318879	-55	7.25164	-0.0215872	0.780482	0.000270937	6.49248
12.64	0.0324458	-55	7.24559	-0.0212675	0.779247	0.000266716	6.48734
12.65	0.0330134	-55	7.23954	-0.0209526	0.778016	0.00026256	6.48221
12.66	0.033591	-55	7.2335	-0.0206424	0.776787	0.00025847	6.47709
12.67	0.0341786	-55	7.22746	-0.0203367	0.775561	0.000254444	6.47198
12.68	0.0347765	-55	7.22143	-0.0200356	0.774338	0.00025048	6.46688
12.69	0.0353848	-55	7.21541	-0.0197389	0.773119	0.000246578	6.46178
12.7	0.0360037	-55	7.20939	-0.0194466	0.771902	0.000242737	6.45669
12.71	0.0366335	-55	7.20338	-0.0191586	0.770687	0.000238956	6.45161
12.72	0.0372742	-55	7.19738	-0.0188749	0.769476	0.000235234	6.44654
12.73	0.037926	-55	7.19138	-0.0185954	0.768268	0.00023157	6.44148
12.74	0.0385893	-55	7.18539	-0.01832	0.767062	0.000227963	6.43642
12.75	0.0392641	-55	7.17941	-0.0180487	0.765859	0.000224412	6.43137
12.76	0.0399506	-55	7.17343	-0.0177815	0.764659	0.000220917	6.42633
12.77	0.0406492	-55	7.16746	-0.0175182	0.763462	0.000217477	6.4213
12.78	0.0413599	-55	7.1615	-0.0172587	0.762268	0.00021409	6.41628
12.79	0.042083	-55	7.15554	-0.0170031	0.761076	0.000210756	6.41126
12.8	0.0428187	-55	7.14959	-0.0167514	0.759888	0.000207474	6.40625
12.81	0.0435672	-55	7.14365	-0.0165033	0.758702	0.000204243	6.40125
12.82	0.0443288	-55	7.13772	-0.0162589	0.757519	0.000201062	6.39626
12.83	0.0451037	-55	7.13179	-0.0160181	0.756338	0.000197931	6.39127
12.84	0.045892	-55	7.12587	-0.0157809	0.755161	0.000194849	6.38629
12.85	0.0466942	-55	7.11995	-0.0155472	0.753986	0.000191815	6.38132
12.86	0.0475102	-55	7.11405	-0.0153169	0.752814	0.000188829	6.37636
12.87	0.0483406	-55	7.10815	-0.0150901	0.751644	0.000185889	6.37141
12.88	0.0491853	-55	7.10225	-0.0148666	0.750477	0.000182994	6.36646
12.89	0.0500448	-55	7.09637	-0.0146465	0.749313	0.000180145	6.36152
12.9	0.0509193	-55	7.09049	-0.0144295	0.748152	0.000177341	6.35659
12.91	0.051809	-55	7.08462	-0.0142158	0.746994	0.00017458	6.35167
12.92	0.0527142	-55	7.07875	-0.0140053	0.745838	0.000171862	6.34675
12.93	0.0536352	-55	7.0729	-0.0137979	0.744684	0.000169187	6.34184
12.94	0.0545723	-55	7.06705	-0.0135936	0.743534	0.000166553	6.33694
12.95	0.0555256	-55	7.0612	-0.0133922	0.742386	0.00016396	6.33205
12.96	0.0564956	-55	7.05537	-0.0131939	0.741241	0.000161408	6.32716
12.97	0.0574824	-55	7.04954	-0.0129985	0.740098	0.000158896	6.32228
12.98	0.0584865	-55	7.04372	-0.012806	0.738958	0.000156423	6.31741
12.99	0.059508	-55	7.03791	-0.0126163	0.737821	0.000153988	6.31255
13	0.0605473	-55	7.0321	-0.0124295	0.736686	0.000151591	6.30769
13.01	0.0616048	-55	7.0263	-0.0122454	0.735554	0.000149232	6.30284
13.02	0.0626806	-55	7.02051	-0.012064	0.734425	0.00014691	6.298
13.03	0.0637752	-55	7.01473	-0.0118853	0.733298	0.000144623	6.29317
13.04	0.0648888	-55	7.00895	-0.0117093	0.732174	0.000142373	6.28834
13.05	0.0660219	-55	7.00318	-0.0115359	0.731052	0.000140157	6.28352
13.06	0.0671746	-55	6.99742	-0.011365	0.729933	0.000137976	6.27871
13.07	0.0683475	-55	6.99167	-0.0111967	0.728816	0.000135829	6.27391
13.08	0.0695407	-55	6.98592	-0.0110309	0.727702	0.000133715	6.26911
13.09	0.0707548	-55	6.98018	-0.0108675	0.726591	0.000131635	6.26432
13.1	0.0719899	-55	6.97445	-0.0107065	0.725482	0.000129587	6.25954
13.11	0.0732466	-55	6.96872	-0.010548	0.724376	0.00012757	6.25477
13.12	0.0745251	-55	6.96301	-0.0103917	0.723272	0.000125586	6.25
13.13	0.0758259	-55	6.9573	-0.0102378	0.722171	0.000123632	6.24524
13.14	0.0771493	-55	6.95159	-0.0100862	0.721072	0.000121708	6.24049
13.15	0.0784958	-55	6.9459	-0.00993681	0.719976	0.000119815	6.23574
13.16	0.0798657	-55	6.94021	-0.00978963	0.718882	0.000117951	6.231
13.17	0.0812595	-55	6.93453	-0.00964463	0.717791	0.000116116	6.22627
13.18	0.0826775	-55	6.92886	-0.00950178	0.716702	0.00011431	6.22155
13.19	0.0841201	-55	6.9232	-0.00936105	0.715616	0.000112532	6.21683
13.2	0.0855879	-55	6.91754	-0.0092224	0.714532	0.000110781	6.21212
13.21	0.0870812	-55	6.91189	-0.0090858	0.71345	0.000109058	6.20742
13.22	0.0886005	-55	6.90625	-0.00895123	0.712371	0.000107362	6.20272
13.23	0.0901463	-55	6.90062	-0.00881864	0.711295	0.000105692	6.19803
13.24	0.0917189	-55	6.89499	-0.00868803	0.710221	0.000104048	6.19335
13.25	0.0933189	-55	6.88937	-0.00855934	0.709149	0.00010243	6.18868
13.26	0.0949467	-55	6.88376	-0.00843256	0.70808	0.000100837	6.18401
13.27	0.0966029	-55	6.87816	-0.00830766	0.707013	9.92691e-05	6.17935
13.28	0.0982878	-55	6.87256	-0.00818461	0.705949	9.77254e-05	6.1747
13.29	0.100002	-55	6.86697	-0.00806338	0.704887	9.62057e-05	6.17005
13.3	0.101746	-55	6.86139	-0.00794395	0.703827	9.47097e-05	6.16541
13.31	0.103521	-55	6.85582	-0.00782628	0.70277	9.3237e-05	6.16078
13.32	0.105326	-55	6.85025	-0.00771036	0.701715	9.17873e-05	6.15616
13.33	0.107162	-55	6.84469	-0.00759615	0.700663	9.03601e-05	6.15154
13.34	0.109031	-55	6.83914	-0.00748364	0.699613	8.89552e-05	6.14693
13.35	0.110932	-55	6.8336	-0.00737279	0.698565	8.75722e-05	6.14232
13.36	0.112866	-55	6.82807	-0.00726359	0.69752	8.62107e-05	6.13772
13.37	0.114834	-55	6.82254	-0.007156	0.696477	8.48704e-05	6.13313
13.38	0.116836	-55	6.81702	-0.00705	0.695436	8.3551e-05	6.12855
13.39	0.118873	-55	6.81151	-0.00694557	0.694398	8.22521e-05	6.12397
13.4	0.120945	-55	6.806	-0.0068427	0.693362	8.09735e-05	6.1194
13.41	0.123053	-55	6.80051	-0.00674134	0.692328	7.97148e-05	6.11484
13.42	0.125198	-55	6.79502	-0.00664148	0.691296	7.84757e-05	6.11028
13.43	0.127381	-55	6.78953	-0.00654311	0.690267	7.72559e-05	6.10573
13.44	0.129601	-55	6.78406	-0.00644619	0.689241	7.60551e-05	6.10119
13.45	0.131859	-55	6.77859	-0.00635071	0.688216	7.4873e-05	6.09665
13.46	0.134157	-55	6.77314	-0.00625664	0.687194	7.37093e-05	6.09212
13.47	0.136495	-55	6.76768	-0.00616396	0.686174	7.25637e-05	6.0876
13.48	0.138874	-55	6.76224	-0.00607266	0.685156	7.1436e-05	6.08309
13.49	0.141294	-55	6.75681	-0.00598271	0.684141	7.03258e-05	6.07858
13.5	0.143756	-55	6.75138	-0.00589409	0.683128	6.92329e-05	6.07407
13.51	0.14626	-55	6.74596	-0.00580678	0.682117	6.81571e-05	6.06958
13.52	0.148808	-55	6.74054	-0.00572077	0.681108	6.70979e-05	6.06509
13.53	0.151401	-55	6.73514	-0.00563603	0.680102	6.60553e-05	6.06061
13.54	0.154039	-55	6.72974	-0.00555254	0.679097	6.50289e-05	6.05613
13.55	0.156722	-55	6.72435	-0.00547029	0.678095	6.40185e-05	6.05166
13.56	0.159452	-55	6.71897	-0.00538926	0.677096	6.30238e-05	6.0472
13.57	0.162229	-55	6.71359	-0.00530943	0.676098	6.20446e-05	6.04274
13.58	0.165055	-55	6.70822	-0.00523079	0.675103	6.10807e-05	6.03829
13.59	0.16793	-55	6.70286	-0.0051533	0.674109	6.01317e-05	6.03385
13.6	0.170855	-55	6.69751	-0.00507697	0.673119	5.91975e-05	6.02941
13.61	0.17383	-55	6.69217	-0.00500176	0.67213	5.82779e-05	6.02498
13.62	0.176857	-55	6.68683	-0.00492767	0.671143	5.73726e-05	6.02056
13.63	0.179937	-55	6.6815	-0.00485468	0.670159	5.64814e-05	6.01614
13.64	0.18307	-55	6.67618	-0.00478277	0.669176	5.5604e-05	6.01173
13.65	0.186258	-55	6.67087	-0.00471192	0.668196	5.47403e-05	6.00733
13.66	0.189501	-55	6.66556	-0.00464212	0.667218	5.389e-05	6.00293
13.67	0.1928	-55	6.66026	-0.00457336	0.666242	5.3053e-05	5.99854
13.68	0.196157	-55	6.65497	-0.00450561	0.665269	5.2229e-05	5.99415
13.69	0.199572	-55	6.64968	-0.00443887	0.664297	5.14178e-05	5.98977
13.7	0.203046	-55	6.64441	-0.00437312	0.663328	5.06193e-05	5.9854
13.71	0.206581	-55	6.63914	-0.00430834	0.662361	4.98331e-05	5.98104
13.72	0.210177	-55	6.63388	-0.00424452	0.661395	4.90592e-05	5.97668
13.73	0.213835	-55	6.62862	-0.00418165	0.660432	4.82974e-05	5.97232
13.74	0.217557	-55	6.62338	-0.0041197	0.659471	4.75474e-05	5.96798
13.75	0.221343	-55	6.61814	-0.00405868	0.658512	4.68091e-05	5.96364
13.76	0.225196	-55	6.61291	-0.00399855	0.657556	4.60822e-05	5.9593
13.77	0.229115	-55	6.60768	-0.00393932	0.656601	4.53667e-05	5.95497
13.78	0.233102	-55	6.60247	-0.00388097	0.655648	4.46623e-05	5.95065
13.79	0.237158	-55	6.59726	-0.00382348	0.654698	4.39688e-05	5.94634
13.8	0.241285	-55	6.59205	-0.00376684	0.653749	4.32862e-05	5.94203
13.81	0.245483	-55	6.58686	-0.00371104	0.652803	4.26141e-05	5.93773
13.82	0.249754	-55	6.58167	-0.00365607	0.651858	4.19526e-05	5.93343
13.83	0.2541	-55	6.5765	-0.00360191	0.650916	4.13013e-05	5.92914
13.84	0.25852	-55	6.57132	-0.00354855	0.649976	4.06601e-05	5.92486
13.85	0.263018	-55	6.56616	-0.00349599	0.649038	4.00289e-05	5.92058
13.86	0.267593	-55	6.561	-0.0034442	0.648101	3.94075e-05	5.91631
13.87	0.272248	-55	6.55585	-0.00339318	0.647167	3.87958e-05	5.91204
13.88	0.276984	-55	6.55071	-0.00334292	0.646235	3.81936e-05	5.90778
13.89	0.281802	-55	6.54558	-0.0032934	0.645305	3.76008e-05	5.90353
13.9	0.286703	-55	6.54045	-0.00324461	0.644377	3.70172e-05	5.89928
13.91	0.291689	-55	6.53533	-0.00319654	0.64345	3.64427e-05	5.89504
13.92	0.296762	-55	6.53022	-0.00314919	0.642526	3.58771e-05	5.8908
13.93	0.301923	-55	6.52511	-0.00310254	0.641604	3.53203e-05	5.88658
13.94	0.307174	-55	6.52002	-0.00305658	0.640684	3.47721e-05	5.88235
13.95	0.312515	-55	6.51492	-0.0030113	0.639766	3.42325e-05	5.87814
13.96	0.317949	-55	6.50984	-0.0029667	0.638849	3.37013e-05	5.87393
13.97	0.323478	-55	6.50477	-0.00292275	0.637935	3.31783e-05	5.86972
13.98	0.329102	-55	6.4997	-0.00287945	0.637023	3.26635e-05	5.86552
13.99	0.334824	-55	6.49464	-0.0028368	0.636112	3.21566e-05	5.86133
14	0.340645	-55	6.48958	-0.00279477	0.635204	3.16577e-05	5.85714
14.01	0.346567	-55	6.48454	-0.00275337	0.634298	3.11665e-05	5.85296
14.02	0.352592	-55	6.4795	-0.00271259	0.633393	3.06829e-05	5.84879
14.03	0.358721	-55	6.47447	-0.0026724	0.632491	3.02069e-05	5.84462
14.04	0.364956	-55	6.46944	-0.00263281	0.63159	2.97382e-05	5.84046
14.05	0.3713	-55	6.46443	-0.00259381	0.630691	2.92769e-05	5.8363
14.06	0.377754	-55	6.45942	-0.00255539	0.629794	2.88227e-05	5.83215
14.07	0.384319	-55	6.45441	-0.00251753	0.628899	2.83756e-05	5.828
14.08	0.390998	-55	6.44942	-0.00248024	0.628006	2.79354e-05	5.82386
14.09	0.397793	-55	6.44443	-0.0024435	0.627115	2.75021e-05	5.81973
14.1	0.404706	-55	6.43945	-0.0024073	0.626226	2.70755e-05	5.8156
14.11	0.411739	-55	6.43447	-0.00237164	0.625339	2.66555e-05	5.81148
14.12	0.418894	-55	6.42951	-0.00233651	0.624453	2.6242e-05	5.80737
14.13	0.426172	-55	6.42455	-0.00230189	0.62357	2.5835e-05	5.80326
14.14	0.433577	-55	6.4196	-0.00226779	0.622688	2.54343e-05	5.79915
14.15	0.44111	-55	6.41465	-0.0022342	0.621808	2.50399e-05	5.79505
14.16	0.448774	-55	6.40971	-0.0022011	0.62093	2.46515e-05	5.79096
14.17	0.45657	-55	6.40478	-0.0021685	0.620054	2.42692e-05	5.78687
14.18	0.464502	-55	6.39986	-0.00213637	0.61918	2.38928e-05	5.78279
14.19	0.472571	-55	6.39494	-0.00210473	0.618308	2.35223e-05	5.77872
14.2	0.48078	-55	6.39003	-0.00207355	0.617437	2.31576e-05	5.77465
14.21	0.489131	-55	6.38513	-0.00204283	0.616568	2.27985e-05	5.77058
14.22	0.497627	-55	6.38024	-0.00201257	0.615701	2.2445e-05	5.76653
14.23	0.50627	-55	6.37535	-0.00198275	0.614836	2.20969e-05	5.76247
14.24	0.515063	-55	6.37047	-0.00195338	0.613973	2.17543e-05	5.75843
14.25	0.524008	-55	6.36559	-0.00192444	0.613112	2.1417e-05	5.75439
14.26	0.533108	-55	6.36073	-0.00189593	0.612252	2.1085e-05	5.75035
14.27	0.542366	-55	6.35587	-0.00186785	0.611394	2.07581e-05	5.74632
14.28	0.551784	-55	6.35102	-0.00184018	0.610538	2.04363e-05	5.7423
14.29	0.561365	-55	6.34617	-0.00181292	0.609684	2.01195e-05	5.73828
14.3	0.571113	-55	6.34133	-0.00178606	0.608832	1.98076e-05	5.73427
14.31	0.581029	-55	6.3365	-0.0017596	0.607981	1.95005e-05	5.73026
14.32	0.591117	-55	6.33167	-0.00173354	0.607132	1.91982e-05	5.72626
14.33	0.601379	-55	6.32686	-0.00170786	0.606285	1.89006e-05	5.72226
14.34	0.611819	-55	6.32205	-0.00168256	0.60544	1.86077e-05	5.71827
14.35	0.622441	-55	6.31724	-0.00165763	0.604596	1.83192e-05	5.71429
14.36	0.633246	-55	6.31245	-0.00163307	0.603755	1.80353e-05	5.71031
14.37	0.644238	-55	6.30766	-0.00160888	0.602915	1.77558e-05	5.70633
14.38	0.65542	-55	6.30287	-0.00158505	0.602076	1.74806e-05	5.70236
14.39	0.666797	-55	6.2981	-0.00156157	0.60124	1.72097e-05	5.6984
14.4	0.67837	-55	6.29333	-0.00153843	0.600405	1.6943e-05	5.69444
14.41	0.690143	-55	6.28857	-0.00151564	0.599572	1.66804e-05	5.69049
14.42	0.702121	-55	6.28381	-0.00149319	0.598741	1.64219e-05	5.68655
14.43	0.714306	-55	6.27906	-0.00147107	0.597911	1.61674e-05	5.68261
14.44	0.726701	-55	6.27432	-0.00144928	0.597083	1.59169e-05	5.67867
14.45	0.739312	-55	6.26959	-0.00142781	0.596257	1.56703e-05	5.67474
14.46	0.75214	-55	6.26486	-0.00140666	0.595433	1.54274e-05	5.67082
14.47	0.765191	-55	6.26014	-0.00138582	0.59461	1.51884e-05	5.6669
14.48	0.778468	-55	6.25542	-0.00136529	0.593789	1.49531e-05	5.66298
14.49	0.791974	-55	6.25071	-0.00134506	0.59297	1.47214e-05	5.65908
14.5	0.805714	-55	6.24601	-0.00132514	0.592152	1.44933e-05	5.65517
14.51	0.819692	-55	6.24132	-0.00130551	0.591336	1.42688e-05	5.65127
14.52	0.833912	-55	6.23663	-0.00128617	0.590522	1.40477e-05	5.64738
14.53	0.848378	-55	6.23195	-0.00126711	0.589709	1.38301e-05	5.6435
14.54	0.863095	-55	6.22728	-0.00124834	0.588899	1.36159e-05	5.63961
14.55	0.878066	-55	6.22261	-0.00122985	0.588089	1.34049e-05	5.63574
14.56	0.893296	-55	6.21795	-0.00121163	0.587282	1.31973e-05	5.63187
14.57	0.90879	-55	6.2133	-0.00119368	0.586476	1.29929e-05	5.628
14.58	0.924552	-55	6.20865	-0.001176	0.585672	1.27916e-05	5.62414
14.59	0.940586	-55	6.20401	-0.00115858	0.584869	1.25935e-05	5.62029
14.6	0.956898	-55	6.19938	-0.00114141	0.584068	1.23984e-05	5.61644
14.61	0.973493	-55	6.19475	-0.0011245	0.583269	1.22064e-05	5.61259
14.62	0.990374	-55	6.19013	-0.00110784	0.582471	1.20174e-05	5.60876
14.63	1.00755	-55	6.18552	-0.00109143	0.581675	1.18312e-05	5.60492
14.64	1.02502	-55	6.18091	-0.00107526	0.580881	1.1648e-05	5.60109
14.65	1.04279	-55	6.17631	-0.00105934	0.580088	1.14676e-05	5.59727
14.66	1.06087	-55	6.17172	-0.00104364	0.579297	1.129e-05	5.59345
14.67	1.07926	-55	6.16713	-0.00102818	0.578508	1.11152e-05	5.58964
14.68	1.09798	-55	6.16255	-0.00101295	0.57772	1.09431e-05	5.58583
14.69	1.11701	-55	6.15797	-0.000997943	0.576934	1.07736e-05	5.58203
14.7	1.13637	-55	6.15341	-0.00098316	0.576149	1.06068e-05	5.57823
14.71	1.15607	-55	6.14885	-0.000968595	0.575366	1.04426e-05	5.57444
14.72	1.17611	-55	6.14429	-0.000954246	0.574584	1.02809e-05	5.57065
14.73	1.1965	-55	6.13974	-0.00094011	0.573804	1.01217e-05	5.56687
14.74	1.21724	-55	6.1352	-0.000926183	0.573026	9.96502e-06	5.56309
14.75	1.23833	-55	6.13067	-0.000912462	0.572249	9.81074e-06	5.55932
14.76	1.2598	-55	6.12614	-0.000898944	0.571474	9.65886e-06	5.55556
14.77	1.28163	-55	6.12162	-0.000885627	0.570701	9.50933e-06	5.55179
14.78	1.30384	-55	6.1171	-0.000872507	0.569929	9.36212e-06	5.54804
14.79	1.32644	-55	6.11259	-0.000859582	0.569158	9.21719e-06	5.54429
14.8	1.34942	-55	6.10809	-0.000846848	0.568389	9.07452e-06	5.54054
14.81	1.3728	-55	6.1036	-0.000834302	0.567622	8.93405e-06	5.5368
14.82	1.39659	-55	6.09911	-0.000821943	0.566856	8.79576e-06	5.53306
14.83	1.42079	-55	6.09462	-0.000809766	0.566092	8.65962e-06	5.52933
14.84	1.44541	-55	6.09015	-0.00079777	0.565329	8.52559e-06	5.52561
14.85	1.47045	-55	6.08568	-0.000785952	0.564568	8.39363e-06	5.52189
14.86	1.49592	-55	6.08121	-0.000774308	0.563809	8.26372e-06	5.51817
14.87	1.52184	-55	6.07675	-0.000762838	0.563051	8.13583e-06	5.51446
14.88	1.5482	-55	6.0723	-0.000751537	0.562294	8.00992e-06	5.51075
14.89	1.57502	-55	6.06786	-0.000740403	0.561539	7.88596e-06	5.50705
14.9	1.60231	-55	6.06342	-0.000729435	0.560786	7.76392e-06	5.50336
14.91	1.63006	-55	6.05899	-0.000718629	0.560034	7.64378e-06	5.49966
14.92	1.65829	-55	6.05456	-0.000707983	0.559283	7.52549e-06	5.49598
14.93	1.68702	-55	6.05014	-0.000697494	0.558534	7.40904e-06	5.4923
14.94	1.71624	-55	6.04573	-0.000687161	0.557787	7.2944e-06	5.48862
14.95	1.74596	-55	6.04132	-0.000676982	0.557041	7.18153e-06	5.48495
14.96	1.7762	-55	6.03692	-0.000666953	0.556296	7.07042e-06	5.48128
14.97	1.80695	-55	6.03253	-0.000657072	0.555553	6.96102e-06	5.47762
14.98	1.83825	-55	6.02814	-0.000647338	0.554812	6.85332e-06	5.47397
14.99	1.87008	-55	6.02375	-0.000637748	0.554072	6.74729e-06	5.47031
