0	0	inf	-44.0186	inf	-inf	22.2927
0.01	3.74032e-06	414978	-44.0186	415000	-0.0372528	22.2927
0.02	1.64573e-05	103728	-44.0186	103750	-0.0189065	22.2926
0.03	3.77605e-05	46089.4	-44.0186	46111.1	-0.0127939	22.2925
0.04	6.76128e-05	25915.8	-44.0186	25937.5	-0.00973967	22.2923
0.05	0.000106005	16578.3	-44.0186	16600	-0.0079089	22.2921
0.06	0.000152932	11506.1	-44.0186	11527.8	-0.00668986	22.2919
0.07	0.000208394	8447.67	-44.0186	8469.39	-0.00582039	22.2915
0.08	0.000272387	6462.66	-44.0186	6484.38	-0.00516942	22.2912
0.09	0.000344911	5101.74	-44.0186	5123.46	-0.00466413	22.2908
0.1	0.000425964	4128.28	-44.0186	4150	-0.00426084	22.2903
0.11	0.000515545	3408.03	-44.0185	3429.75	-0.00393174	22.2898
0.12	0.000613652	2860.22	-44.0185	2881.94	-0.00365829	22.2892
0.13	0.000720284	2433.9	-44.0185	2455.62	-0.00342766	22.2886
0.14	0.000835438	2095.62	-44.0185	2117.35	-0.00323068	22.288
0.15	0.000959113	1822.72	-44.0185	1844.44	-0.00306065	22.2872
0.16	0.00109131	1599.37	-44.0185	1621.09	-0.0029125	22.2865
0.17	0.00123202	1414.26	-44.0185	1435.99	-0.0027824	22.2857
0.18	0.00138124	1259.14	-44.0185	1280.86	-0.00266733	22.2848
0.19	0.00153898	1127.86	-44.0185	1149.58	-0.00256494	22.2839
0.2	0.00170522	1015.77	-44.0184	1037.5	-0.00247334	22.283
0.21	0.00187998	919.311	-44.0184	941.043	-0.00239098	22.282
0.22	0.00206323	835.705	-44.0184	857.438	-0.00231662	22.2809
0.23	0.00225499	762.765	-44.0184	784.499	-0.00224921	22.2798
0.24	0.00245524	698.751	-44.0184	720.486	-0.00218791	22.2787
0.25	0.00266399	642.263	-44.0184	664	-0.00213197	22.2775
0.26	0.00288123	592.167	-44.0184	613.905	-0.0020808	22.2762
0.27	0.00310695	547.534	-44.0184	569.273	-0.00203386	22.2749
0.28	0.00334116	507.596	-44.0183	529.337	-0.00199072	22.2736
0.29	0.00358385	471.718	-44.0183	493.46	-0.00195097	22.2722
0.3	0.00383501	439.367	-44.0183	461.111	-0.0019143	22.2708
0.31	0.00409465	410.097	-44.0183	431.842	-0.0018804	22.2693
0.32	0.00436275	383.527	-44.0183	405.273	-0.00184903	22.2677
0.33	0.00463932	359.335	-44.0183	381.084	-0.00181996	22.2662
0.34	0.00492434	337.246	-44.0183	358.997	-0.00179299	22.2645
0.35	0.00521781	317.024	-44.0182	338.776	-0.00176796	22.2628
0.36	0.00551974	298.462	-44.0182	320.216	-0.00174469	22.2611
0.37	0.00583011	281.386	-44.0182	303.141	-0.00172306	22.2593
0.38	0.00614891	265.639	-44.0182	287.396	-0.00170295	22.2575
0.39	0.00647615	251.088	-44.0182	272.847	-0.00168423	22.2556
0.4	0.00681182	237.614	-44.0182	259.375	-0.00166682	22.2537
0.41	0.00715591	225.114	-44.0182	246.877	-0.00165062	22.2517
0.42	0.00750842	213.496	-44.0181	235.261	-0.00163554	22.2497
0.43	0.00786933	202.678	-44.0181	224.446	-0.00162153	22.2476
0.44	0.00823865	192.59	-44.0181	214.36	-0.0016085	22.2455
0.45	0.00861637	183.167	-44.0181	204.938	-0.00159641	22.2433
0.46	0.00900248	174.351	-44.0181	196.125	-0.00158519	22.2411
0.47	0.00939697	166.092	-44.0181	187.868	-0.00157479	22.2388
0.48	0.00979985	158.343	-44.018	180.122	-0.00156516	22.2365
0.49	0.0102111	151.064	-44.018	172.845	-0.00155628	22.2341
0.5	0.0106307	144.217	-44.018	166	-0.00154808	22.2317
0.51	0.0110587	137.768	-44.018	159.554	-0.00154055	22.2293
0.52	0.011495	131.688	-44.018	153.476	-0.00153364	22.2267
0.53	0.0119396	125.949	-44.0179	147.739	-0.00152733	22.2242
0.54	0.0123926	120.525	-44.0179	142.318	-0.00152159	22.2216
0.55	0.012854	115.394	-44.0179	137.19	-0.00151639	22.2189
0.56	0.0133236	110.536	-44.0179	132.334	-0.0015117	22.2162
0.57	0.0138016	105.93	-44.0179	127.732	-0.00150751	22.2134
0.58	0.0142878	101.561	-44.0178	123.365	-0.0015038	22.2106
0.59	0.0147824	97.4116	-44.0178	119.219	-0.00150054	22.2078
0.6	0.0152852	93.4678	-44.0178	115.278	-0.00149772	22.2049
0.61	0.0157963	89.7163	-44.0178	111.529	-0.00149531	22.2019
0.62	0.0163157	86.1446	-44.0178	107.96	-0.00149332	22.1989
0.63	0.0168434	82.7414	-44.0177	104.56	-0.00149171	22.1959
0.64	0.0173793	79.4964	-44.0177	101.318	-0.00149048	22.1928
0.65	0.0179234	76.3997	-44.0177	98.2249	-0.00148962	22.1896
0.66	0.0184758	73.4426	-44.0177	95.2709	-0.00148911	22.1864
0.67	0.0190364	70.6167	-44.0176	92.4482	-0.00148894	22.1832
0.68	0.0196052	67.9144	-44.0176	89.7491	-0.0014891	22.1799
0.69	0.0201822	65.3285	-44.0176	87.1666	-0.00148959	22.1765
0.7	0.0207675	62.8524	-44.0176	84.6939	-0.00149038	22.1731
0.71	0.0213608	60.4801	-44.0175	82.3249	-0.00149149	22.1697
0.72	0.0219624	58.2057	-44.0175	80.054	-0.00149289	22.1662
0.73	0.0225721	56.0239	-44.0175	77.8758	-0.00149458	22.1627
0.74	0.02319	53.9298	-44.0175	75.7852	-0.00149655	22.1591
0.75	0.023816	51.9188	-44.0174	73.7778	-0.0014988	22.1554
0.76	0.0244502	49.9864	-44.0174	71.849	-0.00150131	22.1518
0.77	0.0250925	48.1286	-44.0174	69.9949	-0.0015041	22.148
0.78	0.0257428	46.3416	-44.0174	68.2117	-0.00150714	22.1442
0.79	0.0264013	44.6218	-44.0173	66.4958	-0.00151044	22.1404
0.8	0.0270679	42.966	-44.0173	64.8437	-0.00151398	22.1365
0.81	0.0277425	41.3709	-44.0173	63.2526	-0.00151778	22.1326
0.82	0.0284252	39.8336	-44.0172	61.7192	-0.00152181	22.1286
0.83	0.0291159	38.3514	-44.0172	60.241	-0.00152608	22.1246
0.84	0.0298146	36.9216	-44.0172	58.8152	-0.00153059	22.1205
0.85	0.0305214	35.5417	-44.0172	57.4394	-0.00153532	22.1164
0.86	0.0312362	34.2096	-44.0171	56.1114	-0.00154029	22.1122
0.87	0.031959	32.9229	-44.0171	54.8289	-0.00154547	22.108
0.88	0.0326898	31.6796	-44.0171	53.5899	-0.00155089	22.1037
0.89	0.0334285	30.4779	-44.017	52.3924	-0.00155652	22.0994
0.9	0.0341752	29.3157	-44.017	51.2346	-0.00156237	22.095
0.91	0.0349299	28.1915	-44.017	50.1147	-0.00156843	22.0906
0.92	0.0356924	27.1036	-44.0169	49.0312	-0.00157471	22.0861
0.93	0.0364629	26.0503	-44.0169	47.9824	-0.0015812	22.0816
0.94	0.0372413	25.0303	-44.0169	46.967	-0.0015879	22.0771
0.95	0.0380276	24.0422	-44.0168	45.9834	-0.00159481	22.0724
0.96	0.0388217	23.0846	-44.0168	45.0304	-0.00160192	22.0678
0.97	0.0396237	22.1562	-44.0167	44.1067	-0.00160925	22.0631
0.98	0.0404336	21.256	-44.0167	43.2112	-0.00161677	22.0583
0.99	0.0412512	20.3827	-44.0167	42.3426	-0.00162451	22.0535
1	0.0420767	19.5353	-44.0166	41.5	-0.00163244	22.0486
1.01	0.04291	18.7127	-44.0166	40.6823	-0.00164058	22.0437
1.02	0.043751	17.914	-44.0166	39.8885	-0.00164892	22.0388
1.03	0.0445998	17.1383	-44.0165	39.1177	-0.00165747	22.0338
1.04	0.0454564	16.3847	-44.0165	38.3691	-0.00166621	22.0287
1.05	0.0463207	15.6523	-44.0164	37.6417	-0.00167515	22.0236
1.06	0.0471927	14.9403	-44.0164	36.9349	-0.0016843	22.0185
1.07	0.0480724	14.248	-44.0163	36.2477	-0.00169365	22.0133
1.08	0.0489598	13.5747	-44.0163	35.5796	-0.00170319	22.008
1.09	0.0498549	12.9196	-44.0163	34.9297	-0.00171294	22.0027
1.1	0.0507576	12.2821	-44.0162	34.2975	-0.00172289	21.9974
1.11	0.0516679	11.6616	-44.0162	33.6823	-0.00173304	21.992
1.12	0.0525858	11.0575	-44.0161	33.0835	-0.00174339	21.9865
1.13	0.0535114	10.4691	-44.0161	32.5006	-0.00175394	21.9811
1.14	0.0544445	9.89591	-44.016	31.9329	-0.00176469	21.9755
1.15	0.0553851	9.33745	-44.016	31.38	-0.00177565	21.9699
1.16	0.0563333	8.79318	-44.0159	30.8413	-0.00178681	21.9643
1.17	0.0572891	8.26262	-44.0159	30.3163	-0.00179817	21.9586
1.18	0.0582523	7.7453	-44.0158	29.8047	-0.00180974	21.9529
1.19	0.059223	7.24078	-44.0158	29.3058	-0.00182151	21.9471
1.2	0.0602012	6.74862	-44.0157	28.8194	-0.00183349	21.9412
1.21	0.0611868	6.26843	-44.0157	28.3451	-0.00184568	21.9354
1.22	0.0621798	5.79981	-44.0156	27.8823	-0.00185807	21.9294
1.23	0.0631803	5.34238	-44.0156	27.4308	-0.00187067	21.9234
1.24	0.0641881	4.89578	-44.0155	26.9901	-0.00188349	21.9174
1.25	0.0652033	4.45967	-44.0155	26.56	-0.00189651	21.9113
1.26	0.0662258	4.03372	-44.0154	26.1401	-0.00190975	21.9052
1.27	0.0672557	3.61759	-44.0153	25.7301	-0.00192319	21.899
1.28	0.0682928	3.21099	-44.0153	25.3296	-0.00193686	21.8928
1.29	0.0693373	2.81362	-44.0152	24.9384	-0.00195074	21.8865
1.3	0.070389	2.42519	-44.0152	24.5562	-0.00196483	21.8802
1.31	0.0714479	2.04544	-44.0151	24.1827	-0.00197915	21.8738
1.32	0.072514	1.67409	-44.015	23.8177	-0.00199369	21.8674
1.33	0.0735874	1.3109	-44.015	23.4609	-0.00200845	21.861
1.34	0.0746679	0.955622	-44.0149	23.1121	-0.00202343	21.8544
1.35	0.0757555	0.608018	-44.0149	22.7709	-0.00203863	21.8479
1.36	0.0768503	0.267865	-44.0148	22.4373	-0.00205407	21.8413
1.37	0.0779522	-0.065057	-44.0147	22.1109	-0.00206973	21.8346
1.38	0.0790611	-0.390957	-44.0147	21.7916	-0.00208562	21.8279
1.39	0.0801771	-0.710039	-44.0146	21.4792	-0.00210175	21.8211
1.4	0.0813002	-1.0225	-44.0145	21.1735	-0.00211811	21.8143
1.41	0.0824302	-1.32852	-44.0144	20.8742	-0.00213471	21.8075
1.42	0.0835673	-1.62829	-44.0144	20.5812	-0.00215154	21.8005
1.43	0.0847112	-1.92198	-44.0143	20.2944	-0.00216861	21.7936
1.44	0.0858622	-2.20977	-44.0142	20.0135	-0.00218593	21.7866
1.45	0.08702	-2.49181	-44.0141	19.7384	-0.00220349	21.7795
1.46	0.0881847	-2.76826	-44.0141	19.4689	-0.0022213	21.7724
1.47	0.0893563	-3.03928	-44.014	19.205	-0.00223936	21.7653
1.48	0.0905347	-3.30502	-44.0139	18.9463	-0.00225766	21.7581
1.49	0.0917199	-3.56561	-44.0138	18.6929	-0.00227622	21.7508
1.5	0.0929119	-3.8212	-44.0138	18.4444	-0.00229504	21.7435
1.51	0.0941107	-4.07191	-44.0137	18.201	-0.00231412	21.7362
1.52	0.0953162	-4.31788	-44.0136	17.9623	-0.00233345	21.7288
1.53	0.0965283	-4.55924	-44.0135	17.7282	-0.00235305	21.7213
1.54	0.0977472	-4.79609	-44.0134	17.4987	-0.00237292	21.7138
1.55	0.0989727	-5.02857	-44.0133	17.2737	-0.00239305	21.7063
1.56	0.100205	-5.25678	-44.0132	17.0529	-0.00241345	21.6987
1.57	0.101444	-5.48083	-44.0132	16.8364	-0.00243413	21.6911
1.58	0.102689	-5.70083	-44.0131	16.6239	-0.00245509	21.6834
1.59	0.103941	-5.91688	-44.013	16.4155	-0.00247632	21.6756
1.6	0.105199	-6.12909	-44.0129	16.2109	-0.00249784	21.6679
1.61	0.106464	-6.33753	-44.0128	16.0102	-0.00251964	21.66
1.62	0.107735	-6.54232	-44.0127	15.8131	-0.00254173	21.6521
1.63	0.109013	-6.74355	-44.0126	15.6197	-0.00256411	21.6442
1.64	0.110297	-6.94129	-44.0125	15.4298	-0.00258679	21.6362
1.65	0.111587	-7.13563	-44.0124	15.2433	-0.00260976	21.6282
1.66	0.112884	-7.32666	-44.0123	15.0602	-0.00263303	21.6201
1.67	0.114187	-7.51446	-44.0122	14.8804	-0.00265661	21.612
1.68	0.115496	-7.6991	-44.0121	14.7038	-0.0026805	21.6038
1.69	0.116812	-7.88067	-44.012	14.5303	-0.00270469	21.5956
1.7	0.118134	-8.05923	-44.0119	14.3599	-0.0027292	21.5873
1.71	0.119462	-8.23485	-44.0117	14.1924	-0.00275403	21.579
1.72	0.120796	-8.40761	-44.0116	14.0279	-0.00277917	21.5706
1.73	0.122136	-8.57757	-44.0115	13.8661	-0.00280464	21.5622
1.74	0.123482	-8.74479	-44.0114	13.7072	-0.00283044	21.5537
1.75	0.124834	-8.90935	-44.0113	13.551	-0.00285657	21.5452
1.76	0.126193	-9.0713	-44.0112	13.3975	-0.00288304	21.5366
1.77	0.127557	-9.23069	-44.011	13.2465	-0.00290984	21.528
1.78	0.128927	-9.3876	-44.0109	13.0981	-0.00293699	21.5193
1.79	0.130303	-9.54207	-44.0108	12.9522	-0.00296448	21.5106
1.8	0.131686	-9.69417	-44.0107	12.8086	-0.00299232	21.5019
1.81	0.133073	-9.84393	-44.0105	12.6675	-0.00302052	21.4931
1.82	0.134467	-9.99143	-44.0104	12.5287	-0.00304908	21.4842
1.83	0.135867	-10.1367	-44.0103	12.3921	-0.003078	21.4753
1.84	0.137272	-10.2798	-44.0101	12.2578	-0.00310728	21.4663
1.85	0.138683	-10.4208	-44.01	12.1256	-0.00313694	21.4573
1.86	0.140099	-10.5597	-44.0099	11.9956	-0.00316697	21.4483
1.87	0.141522	-10.6965	-44.0097	11.8677	-0.00319738	21.4392
1.88	0.14295	-10.8314	-44.0096	11.7417	-0.00322818	21.43
1.89	0.144383	-10.9643	-44.0094	11.6178	-0.00325936	21.4208
1.9	0.145822	-11.0953	-44.0093	11.4958	-0.00329094	21.4116
1.91	0.147266	-11.2244	-44.0091	11.3758	-0.00332292	21.4023
1.92	0.148716	-11.3518	-44.009	11.2576	-0.00335529	21.3929
1.93	0.150172	-11.4773	-44.0088	11.1412	-0.00338808	21.3835
1.94	0.151632	-11.6011	-44.0087	11.0267	-0.00342127	21.3741
1.95	0.153098	-11.7232	-44.0085	10.9139	-0.00345489	21.3646
1.96	0.15457	-11.8436	-44.0084	10.8028	-0.00348892	21.355
1.97	0.156046	-11.9623	-44.0082	10.6934	-0.00352338	21.3454
1.98	0.157528	-12.0795	-44.008	10.5857	-0.00355828	21.3358
1.99	0.159015	-12.195	-44.0079	10.4795	-0.00359361	21.3261
2	0.160507	-12.3091	-44.0077	10.375	-0.00362938	21.3164
2.01	0.162004	-12.4216	-44.0075	10.272	-0.0036656	21.3066
2.02	0.163507	-12.5326	-44.0073	10.1706	-0.00370227	21.2967
2.03	0.165014	-12.6422	-44.0072	10.0706	-0.0037394	21.2868
2.04	0.166526	-12.7504	-44.007	9.97213	-0.00377699	21.2769
2.05	0.168043	-12.8572	-44.0068	9.87507	-0.00381505	21.2669
2.06	0.169565	-12.9626	-44.0066	9.77943	-0.00385359	21.2569
2.07	0.171092	-13.0666	-44.0064	9.68517	-0.00389261	21.2468
2.08	0.172624	-13.1694	-44.0062	9.59227	-0.00393211	21.2367
2.09	0.174161	-13.2709	-44.006	9.5007	-0.00397211	21.2265
2.1	0.175702	-13.3711	-44.0058	9.41043	-0.0040126	21.2163
2.11	0.177248	-13.4701	-44.0056	9.32144	-0.0040536	21.206
2.12	0.178799	-13.5678	-44.0054	9.23371	-0.00409511	21.1957
2.13	0.180354	-13.6644	-44.0052	9.14722	-0.00413714	21.1853
2.14	0.181914	-13.7598	-44.005	9.06193	-0.00417969	21.1749
2.15	0.183478	-13.8541	-44.0048	8.97783	-0.00422276	21.1644
2.16	0.185047	-13.9473	-44.0046	8.89489	-0.00426638	21.1539
2.17	0.18662	-14.0393	-44.0044	8.8131	-0.00431053	21.1433
2.18	0.188198	-14.1303	-44.0041	8.73243	-0.00435524	21.1327
2.19	0.18978	-14.2202	-44.0039	8.65286	-0.00440049	21.122
2.2	0.191366	-14.3091	-44.0037	8.57438	-0.00444632	21.1113
2.21	0.192956	-14.3969	-44.0034	8.49696	-0.00449271	21.1006
2.22	0.194551	-14.4838	-44.0032	8.42058	-0.00453968	21.0897
2.23	0.19615	-14.5697	-44.003	8.34523	-0.00458723	21.0789
2.24	0.197753	-14.6546	-44.0027	8.27089	-0.00463537	21.068
2.25	0.199359	-14.7386	-44.0025	8.19753	-0.00468411	21.057
2.26	0.20097	-14.8216	-44.0022	8.12515	-0.00473345	21.046
2.27	0.202585	-14.9037	-44.002	8.05372	-0.00478341	21.0349
2.28	0.204204	-14.985	-44.0017	7.98323	-0.00483399	21.0238
2.29	0.205827	-15.0653	-44.0014	7.91366	-0.00488519	21.0127
2.3	0.207453	-15.1448	-44.0012	7.84499	-0.00493703	21.0015
2.31	0.209083	-15.2235	-44.0009	7.77722	-0.00498952	20.9902
2.32	0.210717	-15.3013	-44.0006	7.71032	-0.00504265	20.9789
2.33	0.212355	-15.3783	-44.0003	7.64427	-0.00509645	20.9676
2.34	0.213996	-15.4545	-44.0001	7.57908	-0.00515091	20.9562
2.35	0.215641	-15.5299	-43.9998	7.51471	-0.00520605	20.9447
2.36	0.217289	-15.6046	-43.9995	7.45116	-0.00526187	20.9332
2.37	0.218941	-15.6784	-43.9992	7.38842	-0.00531839	20.9217
2.38	0.220596	-15.7516	-43.9989	7.32646	-0.00537561	20.9101
2.39	0.222255	-15.824	-43.9986	7.26528	-0.00543354	20.8984
2.4	0.223916	-15.8957	-43.9983	7.20486	-0.00549219	20.8868
2.41	0.225581	-15.9666	-43.9979	7.14519	-0.00555156	20.875
2.42	0.22725	-16.0369	-43.9976	7.08626	-0.00561168	20.8632
2.43	0.228921	-16.1065	-43.9973	7.02806	-0.00567254	20.8514
2.44	0.230596	-16.1754	-43.997	6.97057	-0.00573415	20.8395
2.45	0.232273	-16.2437	-43.9966	6.91379	-0.00579653	20.8276
2.46	0.233954	-16.3113	-43.9963	6.85769	-0.00585969	20.8156
2.47	0.235637	-16.3783	-43.996	6.80228	-0.00592363	20.8035
2.48	0.237323	-16.4446	-43.9956	6.74753	-0.00598837	20.7915
2.49	0.239012	-16.5104	-43.9952	6.69344	-0.00605391	20.7793
2.5	0.240704	-16.5755	-43.9949	6.64	-0.00612026	20.7671
2.51	0.242399	-16.64	-43.9945	6.5872	-0.00618744	20.7549
2.52	0.244096	-16.704	-43.9942	6.53502	-0.00625545	20.7426
2.53	0.245796	-16.7674	-43.9938	6.48346	-0.00632431	20.7303
2.54	0.247498	-16.8302	-43.9934	6.43251	-0.00639403	20.7179
2.55	0.249203	-16.8924	-43.993	6.38216	-0.00646461	20.7055
2.56	0.25091	-16.9541	-43.9926	6.3324	-0.00653607	20.693
2.57	0.25262	-17.0153	-43.9922	6.28321	-0.00660842	20.6805
2.58	0.254332	-17.0759	-43.9918	6.2346	-0.00668168	20.6679
2.59	0.256046	-17.136	-43.9914	6.18655	-0.00675584	20.6553
2.6	0.257762	-17.1956	-43.991	6.13905	-0.00683092	20.6427
2.61	0.259481	-17.2547	-43.9905	6.0921	-0.00690694	20.6299
2.62	0.261201	-17.3133	-43.9901	6.04568	-0.00698391	20.6172
2.63	0.262924	-17.3714	-43.9897	5.9998	-0.00706183	20.6044
2.64	0.264648	-17.429	-43.9892	5.95443	-0.00714073	20.5915
2.65	0.266375	-17.4862	-43.9888	5.90958	-0.00722061	20.5786
2.66	0.268103	-17.5429	-43.9883	5.86523	-0.00730148	20.5656
2.67	0.269833	-17.5991	-43.9879	5.82137	-0.00738336	20.5526
2.68	0.271564	-17.6549	-43.9874	5.77801	-0.00746626	20.5396
2.69	0.273298	-17.7102	-43.9869	5.73513	-0.0075502	20.5264
2.7	0.275032	-17.7651	-43.9864	5.69273	-0.00763518	20.5133
2.71	0.276769	-17.8196	-43.9859	5.65079	-0.00772122	20.5001
2.72	0.278507	-17.8737	-43.9854	5.60932	-0.00780834	20.4868
2.73	0.280246	-17.9273	-43.9849	5.5683	-0.00789654	20.4735
2.74	0.281986	-17.9805	-43.9844	5.52773	-0.00798584	20.4602
2.75	0.283728	-18.0334	-43.9839	5.4876	-0.00807626	20.4468
2.76	0.285471	-18.0858	-43.9834	5.44791	-0.0081678	20.4333
2.77	0.287215	-18.1378	-43.9828	5.40865	-0.00826049	20.4198
2.78	0.28896	-18.1895	-43.9823	5.3698	-0.00835434	20.4063
2.79	0.290707	-18.2408	-43.9817	5.33138	-0.00844936	20.3927
2.8	0.292454	-18.2917	-43.9812	5.29337	-0.00854557	20.379
2.81	0.294202	-18.3422	-43.9806	5.25576	-0.00864298	20.3653
2.82	0.29595	-18.3924	-43.98	5.21855	-0.0087416	20.3516
2.83	0.2977	-18.4422	-43.9794	5.18174	-0.00884146	20.3378
2.84	0.29945	-18.4917	-43.9788	5.14531	-0.00894257	20.324
2.85	0.301201	-18.5408	-43.9782	5.10926	-0.00904494	20.3101
2.86	0.302952	-18.5896	-43.9776	5.0736	-0.0091486	20.2961
2.87	0.304704	-18.638	-43.977	5.0383	-0.00925355	20.2822
2.88	0.306456	-18.6861	-43.9763	5.00338	-0.00935981	20.2681
2.89	0.308209	-18.7339	-43.9757	4.96881	-0.00946741	20.254
2.9	0.309961	-18.7814	-43.975	4.9346	-0.00957635	20.2399
2.91	0.311714	-18.8285	-43.9744	4.90075	-0.00968666	20.2257
2.92	0.313467	-18.8754	-43.9737	4.86724	-0.00979835	20.2115
2.93	0.31522	-18.9219	-43.973	4.83407	-0.00991143	20.1972
2.94	0.316973	-18.9681	-43.9723	4.80124	-0.0100259	20.1829
2.95	0.318726	-19.0141	-43.9716	4.76874	-0.0101419	20.1685
2.96	0.320479	-19.0597	-43.9709	4.73658	-0.0102593	20.1541
2.97	0.322232	-19.1051	-43.9702	4.70474	-0.0103781	20.1396
2.98	0.323984	-19.1501	-43.9694	4.67321	-0.0104985	20.1251
2.99	0.325736	-19.1949	-43.9687	4.64201	-0.0106204	20.1105
3	0.327487	-19.2394	-43.9679	4.61111	-0.0107438	20.0959
3.01	0.329238	-19.2837	-43.9672	4.58052	-0.0108687	20.0812
3.02	0.330989	-19.3276	-43.9664	4.55024	-0.0109952	20.0665
3.03	0.332738	-19.3713	-43.9656	4.52025	-0.0111233	20.0517
3.04	0.334487	-19.4148	-43.9648	4.49056	-0.011253	20.0369
3.05	0.336235	-19.458	-43.964	4.46117	-0.0113844	20.022
3.06	0.337982	-19.5009	-43.9631	4.43206	-0.0115174	20.0071
3.07	0.339729	-19.5436	-43.9623	4.40323	-0.011652	19.9922
3.08	0.341474	-19.586	-43.9614	4.37468	-0.0117884	19.9772
3.09	0.343218	-19.6282	-43.9606	4.34641	-0.0119265	19.9621
3.1	0.344961	-19.6701	-43.9597	4.31842	-0.0120663	19.947
3.11	0.346702	-19.7118	-43.9588	4.29069	-0.0122078	19.9318
3.12	0.348443	-19.7533	-43.9579	4.26323	-0.0123512	19.9166
3.13	0.350181	-19.7946	-43.957	4.23603	-0.0124963	19.9014
3.14	0.351919	-19.8356	-43.956	4.2091	-0.0126433	19.8861
3.15	0.353654	-19.8764	-43.9551	4.18241	-0.0127921	19.8707
3.16	0.355389	-19.9169	-43.9541	4.15598	-0.0129428	19.8553
3.17	0.357121	-19.9573	-43.9531	4.12981	-0.0130954	19.8399
3.18	0.358851	-19.9974	-43.9521	4.10387	-0.01325	19.8244
3.19	0.36058	-20.0373	-43.9511	4.07818	-0.0134064	19.8088
3.2	0.362307	-20.077	-43.9501	4.05273	-0.0135649	19.7932
3.21	0.364031	-20.1165	-43.9491	4.02752	-0.0137253	19.7776
3.22	0.365754	-20.1558	-43.948	4.00255	-0.0138878	19.7619
3.23	0.367474	-20.1949	-43.9469	3.9778	-0.0140523	19.7461
3.24	0.369192	-20.2338	-43.9459	3.95328	-0.0142189	19.7303
3.25	0.370908	-20.2725	-43.9448	3.92899	-0.0143875	19.7145
3.26	0.372621	-20.311	-43.9436	3.90493	-0.0145584	19.6986
3.27	0.374332	-20.3493	-43.9425	3.88108	-0.0147313	19.6827
3.28	0.37604	-20.3874	-43.9414	3.85745	-0.0149065	19.6667
3.29	0.377746	-20.4253	-43.9402	3.83404	-0.0150838	19.6506
3.3	0.379448	-20.4631	-43.939	3.81084	-0.0152634	19.6345
3.31	0.381148	-20.5006	-43.9378	3.78784	-0.0154453	19.6184
3.32	0.382845	-20.538	-43.9366	3.76506	-0.0156295	19.6022
3.33	0.384539	-20.5752	-43.9353	3.74248	-0.015816	19.586
3.34	0.38623	-20.6122	-43.9341	3.7201	-0.0160048	19.5697
3.35	0.387917	-20.6491	-43.9328	3.69793	-0.016196	19.5534
3.36	0.389602	-20.6858	-43.9315	3.67595	-0.0163897	19.537
3.37	0.391283	-20.7223	-43.9302	3.65417	-0.0165858	19.5206
3.38	0.39296	-20.7586	-43.9288	3.63258	-0.0167844	19.5041
3.39	0.394634	-20.7948	-43.9275	3.61118	-0.0169855	19.4876
3.4	0.396305	-20.8308	-43.9261	3.58997	-0.0171891	19.471
3.41	0.397972	-20.8666	-43.9247	3.56894	-0.0173953	19.4544
3.42	0.399635	-20.9023	-43.9233	3.5481	-0.0176041	19.4377
3.43	0.401294	-20.9378	-43.9219	3.52744	-0.0178156	19.421
3.44	0.402949	-20.9732	-43.9204	3.50696	-0.0180297	19.4042
3.45	0.404601	-21.0084	-43.9189	3.48666	-0.0182465	19.3874
3.46	0.406248	-21.0434	-43.9174	3.46654	-0.0184661	19.3705
3.47	0.407891	-21.0783	-43.9159	3.44659	-0.0186885	19.3536
3.48	0.40953	-21.113	-43.9143	3.42681	-0.0189137	19.3367
3.49	0.411164	-21.1476	-43.9128	3.4072	-0.0191417	19.3196
3.5	0.412794	-21.1821	-43.9112	3.38776	-0.0193726	19.3026
3.51	0.414419	-21.2164	-43.9095	3.36848	-0.0196064	19.2855
3.52	0.41604	-21.2505	-43.9079	3.34937	-0.0198432	19.2683
3.53	0.417656	-21.2845	-43.9062	3.33042	-0.020083	19.2511
3.54	0.419268	-21.3184	-43.9045	3.31163	-0.0203259	19.2338
3.55	0.420874	-21.3521	-43.9028	3.293	-0.0205718	19.2165
3.56	0.422475	-21.3857	-43.9011	3.27452	-0.0208208	19.1992
3.57	0.424072	-21.4192	-43.8993	3.2562	-0.021073	19.1818
3.58	0.425663	-21.4525	-43.8975	3.23804	-0.0213284	19.1643
3.59	0.427249	-21.4856	-43.8957	3.22002	-0.021587	19.1468
3.6	0.42883	-21.5187	-43.8938	3.20216	-0.0218489	19.1293
3.61	0.430405	-21.5516	-43.8919	3.18444	-0.0221142	19.1117
3.62	0.431975	-21.5844	-43.89	3.16688	-0.0223827	19.094
3.63	0.43354	-21.617	-43.8881	3.14945	-0.0226547	19.0763
3.64	0.435098	-21.6495	-43.8861	3.13217	-0.0229302	19.0586
3.65	0.436651	-21.6819	-43.8841	3.11503	-0.0232091	19.0408
3.66	0.438198	-21.7141	-43.8821	3.09803	-0.0234916	19.0229
3.67	0.439739	-21.7463	-43.88	3.08117	-0.0237776	19.005
3.68	0.441274	-21.7783	-43.8779	3.06445	-0.0240673	18.9871
3.69	0.442803	-21.8101	-43.8758	3.04786	-0.0243606	18.9691
3.7	0.444326	-21.8419	-43.8737	3.03141	-0.0246577	18.9511
3.71	0.445843	-21.8735	-43.8715	3.01509	-0.0249586	18.933
3.72	0.447353	-21.905	-43.8693	2.9989	-0.0252632	18.9149
3.73	0.448857	-21.9364	-43.867	2.98284	-0.0255717	18.8967
3.74	0.450354	-21.9676	-43.8648	2.96691	-0.0258842	18.8784
3.75	0.451844	-21.9988	-43.8624	2.95111	-0.0262006	18.8602
3.76	0.453328	-22.0298	-43.8601	2.93543	-0.026521	18.8418
3.77	0.454805	-22.0607	-43.8577	2.91988	-0.0268455	18.8234
3.78	0.456275	-22.0915	-43.8553	2.90445	-0.0271741	18.805
3.79	0.457738	-22.1221	-43.8528	2.88915	-0.0275068	18.7865
3.8	0.459194	-22.1527	-43.8503	2.87396	-0.0278438	18.768
3.81	0.460642	-22.1831	-43.8478	2.85889	-0.0281851	18.7494
3.82	0.462084	-22.2134	-43.8452	2.84395	-0.0285307	18.7308
3.83	0.463518	-22.2436	-43.8426	2.82911	-0.0288807	18.7121
3.84	0.464945	-22.2737	-43.84	2.8144	-0.0292351	18.6934
3.85	0.466364	-22.3037	-43.8373	2.7998	-0.029594	18.6746
3.86	0.467775	-22.3335	-43.8346	2.78531	-0.0299575	18.6558
3.87	0.469179	-22.3633	-43.8318	2.77093	-0.0303255	18.637
3.88	0.470575	-22.3929	-43.829	2.75667	-0.0306983	18.618
3.89	0.471963	-22.4224	-43.8262	2.74251	-0.0310758	18.5991
3.9	0.473343	-22.4518	-43.8233	2.72847	-0.031458	18.5801
3.91	0.474715	-22.4811	-43.8203	2.71453	-0.0318452	18.561
3.92	0.476079	-22.5103	-43.8174	2.7007	-0.0322372	18.5419
3.93	0.477434	-22.5394	-43.8143	2.68697	-0.0326342	18.5227
3.94	0.478781	-22.5684	-43.8113	2.67335	-0.0330362	18.5035
3.95	0.48012	-22.5972	-43.8082	2.65983	-0.0334433	18.4842
3.96	0.48145	-22.6259	-43.805	2.64641	-0.0338556	18.4649
3.97	0.482771	-22.6546	-43.8018	2.6331	-0.0342732	18.4456
3.98	0.484084	-22.6831	-43.7986	2.61988	-0.034696	18.4262
3.99	0.485388	-22.7115	-43.7953	2.60677	-0.0351241	18.4067
4	0.486683	-22.7398	-43.7919	2.59375	-0.0355577	18.3872
4.01	0.487969	-22.768	-43.7885	2.58083	-0.0359968	18.3677
4.02	0.489246	-22.7961	-43.7851	2.56801	-0.0364415	18.3481
4.03	0.490514	-22.8241	-43.7815	2.55528	-0.0368918	18.3284
4.04	0.491773	-22.8519	-43.778	2.54264	-0.0373478	18.3087
4.05	0.493022	-22.8797	-43.7744	2.5301	-0.0378096	18.289
4.06	0.494262	-22.9073	-43.7707	2.51765	-0.0382772	18.2692
4.07	0.495492	-22.9349	-43.767	2.5053	-0.0387507	18.2493
4.08	0.496713	-22.9623	-43.7632	2.49303	-0.0392303	18.2294
4.09	0.497924	-22.9896	-43.7594	2.48086	-0.0397159	18.2095
4.1	0.499125	-23.0168	-43.7555	2.46877	-0.0402076	18.1895
4.11	0.500316	-23.0439	-43.7516	2.45677	-0.0407056	18.1695
4.12	0.501497	-23.0709	-43.7476	2.44486	-0.0412099	18.1494
4.13	0.502668	-23.0978	-43.7435	2.43303	-0.0417206	18.1292
4.14	0.503829	-23.1246	-43.7394	2.42129	-0.0422377	18.109
4.15	0.50498	-23.1513	-43.7352	2.40964	-0.0427613	18.0888
4.16	0.506121	-23.1778	-43.731	2.39807	-0.0432916	18.0685
4.17	0.507251	-23.2042	-43.7267	2.38658	-0.0438286	18.0482
4.18	0.50837	-23.2306	-43.7223	2.37517	-0.0443724	18.0278
4.19	0.509479	-23.2568	-43.7179	2.36385	-0.044923	18.0074
4.2	0.510578	-23.2829	-43.7134	2.35261	-0.0454806	17.9869
4.21	0.511665	-23.3089	-43.7088	2.34144	-0.0460452	17.9664
4.22	0.512742	-23.3348	-43.7042	2.33036	-0.046617	17.9458
4.23	0.513807	-23.3606	-43.6995	2.31936	-0.047196	17.9252
4.24	0.514862	-23.3862	-43.6947	2.30843	-0.0477822	17.9045
4.25	0.515906	-23.4118	-43.6899	2.29758	-0.0483759	17.8838
4.26	0.516938	-23.4372	-43.6849	2.2868	-0.0489771	17.863
4.27	0.517959	-23.4625	-43.68	2.27611	-0.0495858	17.8422
4.28	0.518969	-23.4877	-43.6749	2.26548	-0.0502022	17.8213
4.29	0.519967	-23.5128	-43.6698	2.25493	-0.0508264	17.8004
4.3	0.520954	-23.5377	-43.6645	2.24446	-0.0514584	17.7794
4.31	0.521929	-23.5626	-43.6592	2.23405	-0.0520984	17.7584
4.32	0.522892	-23.5873	-43.6539	2.22372	-0.0527464	17.7373
4.33	0.523844	-23.6119	-43.6484	2.21346	-0.0534026	17.7162
4.34	0.524783	-23.6364	-43.6429	2.20327	-0.054067	17.6951
4.35	0.525711	-23.6608	-43.6373	2.19316	-0.0547398	17.6739
4.36	0.526627	-23.6851	-43.6316	2.18311	-0.055421	17.6526
4.37	0.52753	-23.7092	-43.6258	2.17313	-0.0561108	17.6313
4.38	0.528422	-23.7332	-43.62	2.16322	-0.0568093	17.6099
4.39	0.529301	-23.7571	-43.614	2.15337	-0.0575165	17.5885
4.4	0.530167	-23.7809	-43.608	2.1436	-0.0582326	17.5671
4.41	0.531022	-23.8045	-43.6019	2.13388	-0.0589577	17.5456
4.42	0.531863	-23.828	-43.5956	2.12424	-0.0596918	17.524
4.43	0.532692	-23.8514	-43.5893	2.11466	-0.0604351	17.5024
4.44	0.533509	-23.8747	-43.5829	2.10515	-0.0611878	17.4807
4.45	0.534312	-23.8978	-43.5764	2.09569	-0.0619499	17.459
4.46	0.535103	-23.9208	-43.5698	2.08631	-0.0627214	17.4373
4.47	0.535881	-23.9437	-43.5632	2.07698	-0.0635027	17.4155
4.48	0.536646	-23.9664	-43.5564	2.06772	-0.0642937	17.3937
4.49	0.537398	-23.989	-43.5495	2.05852	-0.0650946	17.3718
4.5	0.538136	-24.0115	-43.5425	2.04938	-0.0659054	17.3498
4.51	0.538861	-24.0338	-43.5354	2.0403	-0.0667264	17.3278
4.52	0.539573	-24.056	-43.5282	2.03129	-0.0675576	17.3058
4.53	0.540272	-24.0781	-43.5209	2.02233	-0.0683992	17.2837
4.54	0.540957	-24.1	-43.5135	2.01343	-0.0692512	17.2616
4.55	0.541629	-24.1218	-43.506	2.00459	-0.0701138	17.2394
4.56	0.542287	-24.1435	-43.4984	1.99581	-0.0709872	17.2171
4.57	0.542931	-24.165	-43.4906	1.98708	-0.0718714	17.1948
4.58	0.543562	-24.1863	-43.4828	1.97841	-0.0727666	17.1725
4.59	0.544178	-24.2075	-43.4748	1.9698	-0.0736729	17.1501
4.6	0.544781	-24.2286	-43.4667	1.96125	-0.0745904	17.1277
4.61	0.54537	-24.2495	-43.4585	1.95275	-0.0755193	17.1052
4.62	0.545945	-24.2703	-43.4502	1.9443	-0.0764597	17.0827
4.63	0.546506	-24.2909	-43.4418	1.93591	-0.0774117	17.0601
4.64	0.547052	-24.3114	-43.4332	1.92758	-0.0783755	17.0375
4.65	0.547584	-24.3317	-43.4245	1.9193	-0.0793512	17.0148
4.66	0.548102	-24.3519	-43.4157	1.91107	-0.080339	16.9921
4.67	0.548606	-24.3719	-43.4067	1.90289	-0.0813389	16.9693
4.68	0.549095	-24.3917	-43.3976	1.89477	-0.0823511	16.9465
4.69	0.54957	-24.4114	-43.3884	1.8867	-0.0833758	16.9236
4.7	0.55003	-24.4309	-43.3791	1.87868	-0.0844131	16.9007
4.71	0.550475	-24.4502	-43.3696	1.87071	-0.0854632	16.8777
4.72	0.550906	-24.4694	-43.36	1.86279	-0.0865261	16.8547
4.73	0.551322	-24.4885	-43.3502	1.85492	-0.0876021	16.8316
4.74	0.551723	-24.5073	-43.3403	1.8471	-0.0886912	16.8085
4.75	0.552109	-24.526	-43.3303	1.83934	-0.0897937	16.7853
4.76	0.55248	-24.5445	-43.3201	1.83161	-0.0909097	16.7621
4.77	0.552836	-24.5628	-43.3097	1.82394	-0.0920393	16.7389
4.78	0.553178	-24.581	-43.2992	1.81632	-0.0931827	16.7156
4.79	0.553504	-24.599	-43.2886	1.80874	-0.0943401	16.6922
4.8	0.553814	-24.6167	-43.2778	1.80122	-0.0955115	16.6688
4.81	0.55411	-24.6344	-43.2668	1.79373	-0.0966972	16.6453
4.82	0.55439	-24.6518	-43.2557	1.7863	-0.0978973	16.6218
4.83	0.554655	-24.669	-43.2444	1.77891	-0.099112	16.5983
4.84	0.554905	-24.6861	-43.233	1.77157	-0.100341	16.5747
4.85	0.555139	-24.7029	-43.2214	1.76427	-0.101586	16.551
4.86	0.555358	-24.7196	-43.2096	1.75702	-0.102845	16.5273
4.87	0.555561	-24.736	-43.1976	1.74981	-0.10412	16.5036
4.88	0.555748	-24.7523	-43.1855	1.74264	-0.105409	16.4798
4.89	0.55592	-24.7684	-43.1732	1.73552	-0.106715	16.4559
4.9	0.556076	-24.7842	-43.1607	1.72845	-0.108036	16.432
4.91	0.556216	-24.7999	-43.1481	1.72141	-0.109373	16.4081
4.92	0.556341	-24.8153	-43.1353	1.71442	-0.110726	16.3841
4.93	0.556449	-24.8305	-43.1222	1.70747	-0.112096	16.36
4.94	0.556542	-24.8456	-43.109	1.70057	-0.113481	16.3359
4.95	0.556619	-24.8604	-43.0956	1.6937	-0.114884	16.3118
4.96	0.55668	-24.8749	-43.082	1.68688	-0.116303	16.2876
4.97	0.556725	-24.8893	-43.0682	1.6801	-0.117739	16.2634
4.98	0.556754	-24.9034	-43.0543	1.67336	-0.119192	16.2391
4.99	0.556766	-24.9173	-43.0401	1.66666	-0.120662	16.2148
5	0.556763	-24.931	-43.0257	1.66	-0.12215	16.1904
5.01	0.556743	-24.9445	-43.0111	1.65338	-0.123655	16.1659
5.02	0.556708	-24.9577	-42.9963	1.6468	-0.125178	16.1414
5.03	0.556656	-24.9706	-42.9813	1.64026	-0.12672	16.1169
5.04	0.556587	-24.9834	-42.966	1.63376	-0.128279	16.0923
5.05	0.556503	-24.9959	-42.9506	1.62729	-0.129857	16.0677
5.06	0.556402	-25.0081	-42.9349	1.62087	-0.131453	16.043
5.07	0.556285	-25.0201	-42.919	1.61448	-0.133068	16.0183
5.08	0.556151	-25.0318	-42.9029	1.60813	-0.134701	15.9935
5.09	0.556001	-25.0433	-42.8865	1.60182	-0.136354	15.9687
5.1	0.555834	-25.0545	-42.8699	1.59554	-0.138027	15.9438
5.11	0.555651	-25.0655	-42.8531	1.5893	-0.139718	15.9189
5.12	0.555452	-25.0761	-42.836	1.5831	-0.14143	15.8939
5.13	0.555236	-25.0866	-42.8187	1.57693	-0.143161	15.8689
5.14	0.555003	-25.0967	-42.8012	1.5708	-0.144912	15.8438
5.15	0.554754	-25.1066	-42.7834	1.56471	-0.146683	15.8187
5.16	0.554489	-25.1162	-42.7653	1.55865	-0.148475	15.7936
5.17	0.554206	-25.1255	-42.747	1.55263	-0.150287	15.7683
5.18	0.553908	-25.1345	-42.7284	1.54664	-0.152121	15.7431
5.19	0.553592	-25.1432	-42.7096	1.54068	-0.153975	15.7178
5.2	0.55326	-25.1516	-42.6905	1.53476	-0.15585	15.6924
5.21	0.552911	-25.1598	-42.6711	1.52888	-0.157747	15.667
5.22	0.552546	-25.1676	-42.6515	1.52303	-0.159665	15.6415
5.23	0.552164	-25.1751	-42.6316	1.51721	-0.161605	15.616
5.24	0.551765	-25.1824	-42.6114	1.51142	-0.163567	15.5905
5.25	0.551349	-25.1893	-42.5909	1.50567	-0.165551	15.5649
5.26	0.550917	-25.1958	-42.5701	1.49995	-0.167557	15.5392
5.27	0.550468	-25.2021	-42.5491	1.49426	-0.169586	15.5135
5.28	0.550003	-25.2081	-42.5277	1.48861	-0.171638	15.4878
5.29	0.549521	-25.2137	-42.5061	1.48298	-0.173713	15.462
5.3	0.549022	-25.219	-42.4841	1.47739	-0.17581	15.4361
5.31	0.548506	-25.2239	-42.4618	1.47183	-0.177931	15.4102
5.32	0.547974	-25.2285	-42.4392	1.46631	-0.180076	15.3843
5.33	0.547425	-25.2328	-42.4163	1.46081	-0.182244	15.3583
5.34	0.546859	-25.2367	-42.3931	1.45534	-0.184436	15.3322
5.35	0.546276	-25.2403	-42.3696	1.44991	-0.186652	15.3061
5.36	0.545677	-25.2435	-42.3457	1.4445	-0.188892	15.28
5.37	0.545061	-25.2463	-42.3215	1.43913	-0.191157	15.2538
5.38	0.544429	-25.2488	-42.297	1.43378	-0.193446	15.2276
5.39	0.54378	-25.2509	-42.2721	1.42847	-0.195761	15.2013
5.4	0.543114	-25.2526	-42.2469	1.42318	-0.1981	15.1749
5.41	0.542432	-25.254	-42.2214	1.41793	-0.200464	15.1485
5.42	0.541733	-25.2549	-42.1955	1.4127	-0.202854	15.1221
5.43	0.541018	-25.2555	-42.1692	1.4075	-0.205269	15.0956
5.44	0.540286	-25.2557	-42.1425	1.40233	-0.20771	15.0691
5.45	0.539537	-25.2555	-42.1155	1.39719	-0.210177	15.0425
5.46	0.538772	-25.2549	-42.0882	1.39208	-0.21267	15.0159
5.47	0.53799	-25.2539	-42.0604	1.38699	-0.21519	14.9892
5.48	0.537192	-25.2524	-42.0323	1.38193	-0.217736	14.9625
5.49	0.536378	-25.2506	-42.0038	1.3769	-0.220308	14.9357
5.5	0.535547	-25.2483	-41.9749	1.3719	-0.222907	14.9089
5.51	0.5347	-25.2456	-41.9456	1.36693	-0.225533	14.882
5.52	0.533836	-25.2425	-41.9159	1.36198	-0.228187	14.8551
5.53	0.532956	-25.2388	-41.8858	1.35706	-0.230867	14.8282
5.54	0.53206	-25.2346	-41.8553	1.35216	-0.233575	14.8014
5.55	0.531148	-25.2297	-41.8244	1.34729	-0.236311	14.7748
5.56	0.53022	-25.2243	-41.7931	1.34245	-0.239075	14.7482
5.57	0.529275	-25.2182	-41.7613	1.33764	-0.241866	14.7217
5.58	0.528314	-25.2116	-41.7291	1.33285	-0.244685	14.6953
5.59	0.527337	-25.2043	-41.6965	1.32808	-0.247533	14.6691
5.6	0.526344	-25.1964	-41.6634	1.32334	-0.250409	14.6429
5.61	0.525336	-25.1879	-41.6299	1.31863	-0.253313	14.6168
5.62	0.524311	-25.1788	-41.596	1.31394	-0.256247	14.5907
5.63	0.523271	-25.1691	-41.5616	1.30928	-0.259209	14.5648
5.64	0.522214	-25.1587	-41.5267	1.30464	-0.262199	14.539
5.65	0.521142	-25.1477	-41.4914	1.30002	-0.265219	14.5133
5.66	0.520054	-25.136	-41.4556	1.29543	-0.268268	14.4876
5.67	0.518951	-25.1237	-41.4193	1.29087	-0.271347	14.4621
5.68	0.517832	-25.1107	-41.3826	1.28633	-0.274454	14.4366
5.69	0.516698	-25.0971	-41.3453	1.28181	-0.277592	14.4112
5.7	0.515548	-25.0828	-41.3076	1.27732	-0.280758	14.386
5.71	0.514383	-25.0678	-41.2694	1.27285	-0.283955	14.3608
5.72	0.513203	-25.0522	-41.2306	1.2684	-0.287181	14.3357
5.73	0.512007	-25.0359	-41.1914	1.26398	-0.290437	14.3106
5.74	0.510796	-25.0189	-41.1516	1.25958	-0.293723	14.2857
5.75	0.50957	-25.0012	-41.1114	1.2552	-0.297039	14.2609
5.76	0.50833	-24.9828	-41.0706	1.25084	-0.300385	14.2361
5.77	0.507074	-24.9638	-41.0292	1.24651	-0.303762	14.2114
5.78	0.505804	-24.944	-40.9874	1.2422	-0.307168	14.1869
5.79	0.504519	-24.9235	-40.945	1.23792	-0.310605	14.1623
5.8	0.503219	-24.9023	-40.902	1.23365	-0.314072	14.1379
5.81	0.501904	-24.8804	-40.8585	1.22941	-0.317569	14.1136
5.82	0.500576	-24.8577	-40.8144	1.22519	-0.321097	14.0893
5.83	0.499233	-24.8343	-40.7698	1.22099	-0.324655	14.0652
5.84	0.497875	-24.8102	-40.7246	1.21681	-0.328244	14.0411
5.85	0.496504	-24.7853	-40.6788	1.21265	-0.331863	14.0171
5.86	0.495118	-24.7597	-40.6324	1.20852	-0.335512	13.9932
5.87	0.493718	-24.7334	-40.5855	1.2044	-0.339192	13.9693
5.88	0.492305	-24.7062	-40.5379	1.20031	-0.342902	13.9456
5.89	0.490878	-24.6784	-40.4898	1.19624	-0.346642	13.9219
5.9	0.489437	-24.6497	-40.441	1.19219	-0.350413	13.8983
5.91	0.487983	-24.6203	-40.3917	1.18816	-0.354214	13.8748
5.92	0.486515	-24.5901	-40.3417	1.18414	-0.358045	13.8514
5.93	0.485034	-24.5591	-40.2911	1.18015	-0.361907	13.828
5.94	0.483539	-24.5273	-40.2398	1.17618	-0.365798	13.8047
5.95	0.482032	-24.4947	-40.1879	1.17223	-0.369719	13.7815
5.96	0.480511	-24.4614	-40.1354	1.1683	-0.37367	13.7584
5.97	0.478978	-24.4272	-40.0822	1.16439	-0.377651	13.7353
5.98	0.477432	-24.3922	-40.0284	1.1605	-0.381662	13.7124
5.99	0.475873	-24.3564	-39.9739	1.15663	-0.385702	13.6895
6	0.474302	-24.3197	-39.9187	1.15278	-0.389771	13.6667
6.01	0.472718	-24.2823	-39.8629	1.14894	-0.39387	13.6439
6.02	0.471123	-24.244	-39.8064	1.14513	-0.397997	13.6213
6.03	0.469515	-24.2048	-39.7491	1.14134	-0.402154	13.5987
6.04	0.467895	-24.1649	-39.6913	1.13756	-0.406339	13.5762
6.05	0.466263	-24.124	-39.6327	1.1338	-0.410553	13.5537
6.06	0.46462	-24.0823	-39.5734	1.13006	-0.414795	13.5314
6.07	0.462964	-24.0398	-39.5133	1.12634	-0.419065	13.5091
6.08	0.461298	-23.9964	-39.4526	1.12264	-0.423362	13.4868
6.09	0.45962	-23.9521	-39.3912	1.11896	-0.427687	13.4647
6.1	0.457931	-23.907	-39.329	1.11529	-0.43204	13.4426
6.11	0.456231	-23.861	-39.2661	1.11164	-0.436419	13.4206
6.12	0.45452	-23.8141	-39.2024	1.10801	-0.440825	13.3987
6.13	0.452798	-23.7663	-39.138	1.1044	-0.445258	13.3768
6.14	0.451066	-23.7176	-39.0729	1.10081	-0.449716	13.355
6.15	0.449323	-23.668	-39.007	1.09723	-0.4542	13.3333
6.16	0.44757	-23.6175	-38.9403	1.09367	-0.458709	13.3117
6.17	0.445807	-23.5661	-38.8728	1.09013	-0.463244	13.2901
6.18	0.444034	-23.5138	-38.8046	1.0866	-0.467802	13.2686
6.19	0.442251	-23.4606	-38.7356	1.0831	-0.472385	13.2472
6.2	0.440458	-23.4064	-38.6658	1.0796	-0.476992	13.2258
6.21	0.438655	-23.3514	-38.5952	1.07613	-0.481622	13.2045
6.22	0.436844	-23.2954	-38.5239	1.07267	-0.486275	13.1833
6.23	0.435023	-23.2384	-38.4517	1.06923	-0.49095	13.1621
6.24	0.433193	-23.1806	-38.3787	1.06581	-0.495646	13.141
6.25	0.431354	-23.1218	-38.3049	1.0624	-0.500364	13.12
6.26	0.429506	-23.062	-38.2303	1.05901	-0.505103	13.099
6.27	0.427649	-23.0013	-38.1548	1.05563	-0.509862	13.0781
6.28	0.425785	-22.9396	-38.0785	1.05227	-0.514641	13.0573
6.29	0.423912	-22.877	-38.0014	1.04893	-0.519439	13.0366
6.3	0.42203	-22.8134	-37.9234	1.0456	-0.524256	13.0159
6.31	0.420141	-22.7489	-37.8446	1.04229	-0.52909	12.9952
6.32	0.418244	-22.6834	-37.765	1.039	-0.533941	12.9747
6.33	0.41634	-22.6169	-37.6845	1.03572	-0.538809	12.9542
6.34	0.414428	-22.5495	-37.6031	1.03245	-0.543693	12.9338
6.35	0.412509	-22.4811	-37.5208	1.0292	-0.548592	12.9134
6.36	0.410582	-22.4117	-37.4377	1.02597	-0.553506	12.8931
6.37	0.408649	-22.3413	-37.3538	1.02275	-0.558433	12.8728
6.38	0.406709	-22.2699	-37.2689	1.01955	-0.563374	12.8527
6.39	0.404762	-22.1976	-37.1832	1.01636	-0.568326	12.8326
6.4	0.402809	-22.1243	-37.0965	1.01318	-0.573291	12.8125
6.41	0.40085	-22.0499	-37.009	1.01002	-0.578265	12.7925
6.42	0.398884	-21.9746	-36.9206	1.00688	-0.58325	12.7726
6.43	0.396913	-21.8983	-36.8313	1.00375	-0.588243	12.7527
6.44	0.394936	-21.821	-36.7411	1.00064	-0.593245	12.7329
6.45	0.392954	-21.7427	-36.6499	0.997536	-0.598253	12.7132
6.46	0.390966	-21.6634	-36.5579	0.99445	-0.603268	12.6935
6.47	0.388973	-21.5831	-36.465	0.991379	-0.608288	12.6739
6.48	0.386974	-21.5018	-36.3711	0.988321	-0.613313	12.6543
6.49	0.384971	-21.4195	-36.2763	0.985278	-0.618341	12.6348
6.5	0.382964	-21.3362	-36.1806	0.982249	-0.623372	12.6154
6.51	0.380952	-21.252	-36.084	0.979233	-0.628404	12.596
6.52	0.378935	-21.1667	-35.9865	0.976232	-0.633436	12.5767
6.53	0.376915	-21.0804	-35.888	0.973244	-0.638468	12.5574
6.54	0.37489	-20.9931	-35.7886	0.97027	-0.643498	12.5382
6.55	0.372862	-20.9048	-35.6882	0.96731	-0.648525	12.5191
6.56	0.37083	-20.8155	-35.5869	0.964363	-0.653549	12.5
6.57	0.368795	-20.7252	-35.4847	0.961429	-0.658567	12.481
6.58	0.366756	-20.6339	-35.3816	0.958509	-0.663579	12.462
6.59	0.364715	-20.5416	-35.2775	0.955602	-0.668584	12.4431
6.6	0.36267	-20.4483	-35.1724	0.952709	-0.673581	12.4242
6.61	0.360623	-20.3541	-35.0665	0.949828	-0.678568	12.4054
6.62	0.358573	-20.2588	-34.9596	0.946961	-0.683544	12.3867
6.63	0.356521	-20.1625	-34.8517	0.944107	-0.688507	12.368
6.64	0.354467	-20.0653	-34.7429	0.941265	-0.693458	12.3494
6.65	0.352411	-19.9671	-34.6331	0.938436	-0.698394	12.3308
6.66	0.350353	-19.8679	-34.5224	0.93562	-0.703314	12.3123
6.67	0.348294	-19.7677	-34.4108	0.932817	-0.708217	12.2939
6.68	0.346233	-19.6666	-34.2982	0.930026	-0.713102	12.2754
6.69	0.34417	-19.5644	-34.1847	0.927248	-0.717967	12.2571
6.7	0.342107	-19.4613	-34.0703	0.924482	-0.722811	12.2388
6.71	0.340043	-19.3573	-33.9549	0.921729	-0.727632	12.2206
6.72	0.337978	-19.2523	-33.8385	0.918987	-0.73243	12.2024
6.73	0.335912	-19.1463	-33.7212	0.916258	-0.737202	12.1842
6.74	0.333846	-19.0394	-33.603	0.913542	-0.741948	12.1662
6.75	0.33178	-18.9316	-33.4839	0.910837	-0.746666	12.1481
6.76	0.329714	-18.8228	-33.3638	0.908144	-0.751355	12.1302
6.77	0.327648	-18.7131	-33.2428	0.905463	-0.756013	12.1123
6.78	0.325582	-18.6024	-33.1209	0.902794	-0.760639	12.0944
6.79	0.323517	-18.4908	-32.998	0.900137	-0.765231	12.0766
6.8	0.321452	-18.3784	-32.8743	0.897491	-0.769789	12.0588
6.81	0.319388	-18.265	-32.7496	0.894857	-0.77431	12.0411
6.82	0.317325	-18.1507	-32.624	0.892235	-0.778793	12.0235
6.83	0.315264	-18.0355	-32.4975	0.889624	-0.783237	12.0059
6.84	0.313203	-17.9195	-32.3701	0.887025	-0.78764	11.9883
6.85	0.311145	-17.8025	-32.2418	0.884437	-0.792001	11.9708
6.86	0.309087	-17.6847	-32.1126	0.88186	-0.796318	11.9534
6.87	0.307032	-17.5661	-31.9825	0.879295	-0.80059	11.936
6.88	0.304979	-17.4465	-31.8515	0.876741	-0.804816	11.9186
6.89	0.302927	-17.3262	-31.7197	0.874198	-0.808993	11.9013
6.9	0.300878	-17.205	-31.587	0.871666	-0.813121	11.8841
6.91	0.298832	-17.083	-31.4534	0.869145	-0.817197	11.8669
6.92	0.296788	-16.9601	-31.3189	0.866634	-0.821222	11.8497
6.93	0.294747	-16.8365	-31.1836	0.864135	-0.825192	11.8326
6.94	0.292709	-16.7121	-31.0475	0.861647	-0.829107	11.8156
6.95	0.290674	-16.5869	-30.9105	0.859169	-0.832965	11.7986
6.96	0.288642	-16.4609	-30.7727	0.856702	-0.836765	11.7816
6.97	0.286613	-16.3341	-30.6341	0.854245	-0.840505	11.7647
6.98	0.284589	-16.2067	-30.4947	0.851799	-0.844184	11.7479
6.99	0.282568	-16.0784	-30.3544	0.849364	-0.847801	11.731
7	0.28055	-15.9495	-30.2134	0.846939	-0.851353	11.7143
7.01	0.278537	-15.8198	-30.0716	0.844524	-0.85484	11.6976
7.02	0.276528	-15.6894	-29.929	0.84212	-0.858261	11.6809
7.03	0.274523	-15.5584	-29.7856	0.839726	-0.861613	11.6643
7.04	0.272523	-15.4266	-29.6415	0.837342	-0.864896	11.6477
7.05	0.270527	-15.2942	-29.4966	0.834968	-0.868108	11.6312
7.06	0.268536	-15.1612	-29.351	0.832604	-0.871248	11.6147
7.07	0.266549	-15.0275	-29.2047	0.830251	-0.874314	11.5983
7.08	0.264568	-14.8932	-29.0576	0.827907	-0.877306	11.5819
7.09	0.262592	-14.7582	-28.9098	0.825573	-0.880221	11.5656
7.1	0.260621	-14.6227	-28.7614	0.823249	-0.88306	11.5493
7.11	0.258655	-14.4866	-28.6123	0.820935	-0.88582	11.5331
7.12	0.256695	-14.35	-28.4625	0.818631	-0.8885	11.5169
7.13	0.254741	-14.2128	-28.312	0.816336	-0.8911	11.5007
7.14	0.252792	-14.075	-28.1609	0.814051	-0.893617	11.4846
7.15	0.250849	-13.9367	-28.0092	0.811776	-0.896051	11.4685
7.16	0.248912	-13.798	-27.8568	0.80951	-0.898401	11.4525
7.17	0.246982	-13.6587	-27.7038	0.807253	-0.900666	11.4365
7.18	0.245057	-13.519	-27.5503	0.805006	-0.902844	11.4206
7.19	0.243139	-13.3788	-27.3962	0.802768	-0.904935	11.4047
7.2	0.241228	-13.2382	-27.2415	0.80054	-0.906938	11.3889
7.21	0.239323	-13.0971	-27.0862	0.798321	-0.908851	11.3731
7.22	0.237425	-12.9557	-26.9305	0.796111	-0.910674	11.3573
7.23	0.235533	-12.8138	-26.7742	0.79391	-0.912406	11.3416
7.24	0.233649	-12.6716	-26.6174	0.791719	-0.914046	11.326
7.25	0.231771	-12.529	-26.4601	0.789536	-0.915593	11.3103
7.26	0.229901	-12.3861	-26.3023	0.787363	-0.917046	11.2948
7.27	0.228038	-12.2428	-26.1441	0.785198	-0.918405	11.2792
7.28	0.226182	-12.0993	-25.9854	0.783043	-0.919669	11.2637
7.29	0.224333	-11.9554	-25.8263	0.780896	-0.920838	11.2483
7.3	0.222492	-11.8113	-25.6668	0.778758	-0.92191	11.2329
7.31	0.220659	-11.6669	-25.5069	0.776629	-0.922884	11.2175
7.32	0.218834	-11.5223	-25.3466	0.774508	-0.923762	11.2022
7.33	0.217016	-11.3775	-25.1859	0.772396	-0.924541	11.1869
7.34	0.215206	-11.2325	-25.0249	0.770293	-0.925222	11.1717
7.35	0.213404	-11.0873	-24.8636	0.768198	-0.925804	11.1565
7.36	0.21161	-10.9419	-24.7019	0.766112	-0.926286	11.1413
7.37	0.209824	-10.7964	-24.54	0.764035	-0.926669	11.1262
7.38	0.208046	-10.6508	-24.3778	0.761966	-0.926951	11.1111
7.39	0.206277	-10.5051	-24.2153	0.759905	-0.927134	11.0961
7.4	0.204516	-10.3592	-24.0526	0.757852	-0.927216	11.0811
7.41	0.202764	-10.2133	-23.8896	0.755808	-0.927197	11.0661
7.42	0.201019	-10.0673	-23.7265	0.753772	-0.927077	11.0512
7.43	0.199284	-9.92134	-23.5631	0.751745	-0.926857	11.0363
7.44	0.197557	-9.77532	-23.3996	0.749725	-0.926535	11.0215
7.45	0.195839	-9.6293	-23.236	0.747714	-0.926113	11.0067
7.46	0.19413	-9.4833	-23.0721	0.745711	-0.925589	10.992
7.47	0.192429	-9.33734	-22.9082	0.743716	-0.924965	10.9772
7.48	0.190737	-9.19143	-22.7442	0.741728	-0.92424	10.9626
7.49	0.189054	-9.04559	-22.5801	0.739749	-0.923415	10.9479
7.5	0.187381	-8.89984	-22.4159	0.737778	-0.922489	10.9333
7.51	0.185716	-8.7542	-22.2517	0.735814	-0.921463	10.9188
7.52	0.18406	-8.60868	-22.0875	0.733859	-0.920338	10.9043
7.53	0.182414	-8.46331	-21.9232	0.731911	-0.919113	10.8898
7.54	0.180776	-8.3181	-21.759	0.729971	-0.917789	10.8753
7.55	0.179148	-8.17307	-21.5948	0.728038	-0.916367	10.8609
7.56	0.177529	-8.02823	-21.4306	0.726113	-0.914846	10.8466
7.57	0.175919	-7.88361	-21.2665	0.724196	-0.913228	10.8322
7.58	0.174319	-7.73922	-21.1025	0.722287	-0.911513	10.8179
7.59	0.172728	-7.59508	-20.9386	0.720385	-0.909702	10.8037
7.6	0.171147	-7.45121	-20.7748	0.71849	-0.907795	10.7895
7.61	0.169575	-7.30762	-20.6111	0.716603	-0.905793	10.7753
7.62	0.168012	-7.16432	-20.4476	0.714724	-0.903696	10.7612
7.63	0.166459	-7.02134	-20.2843	0.712851	-0.901507	10.7471
7.64	0.164916	-6.8787	-20.1211	0.710987	-0.899224	10.733
7.65	0.163382	-6.7364	-19.9582	0.709129	-0.89685	10.719
7.66	0.161858	-6.59446	-19.7955	0.707279	-0.894384	10.705
7.67	0.160343	-6.45291	-19.633	0.705436	-0.891829	10.691
7.68	0.158838	-6.31176	-19.4708	0.7036	-0.889185	10.6771
7.69	0.157342	-6.17101	-19.3089	0.701771	-0.886452	10.6632
7.7	0.155857	-6.03069	-19.1473	0.699949	-0.883632	10.6494
7.71	0.154381	-5.89082	-18.9859	0.698135	-0.880727	10.6355
7.72	0.152914	-5.7514	-18.825	0.696327	-0.877736	10.6218
7.73	0.151457	-5.61245	-18.6643	0.694527	-0.874662	10.608
7.74	0.15001	-5.47399	-18.5041	0.692733	-0.871505	10.5943
7.75	0.148573	-5.33604	-18.3442	0.690947	-0.868267	10.5806
7.76	0.147145	-5.19859	-18.1847	0.689167	-0.864949	10.567
7.77	0.145727	-5.06168	-18.0256	0.687395	-0.861551	10.5534
7.78	0.144319	-4.92531	-17.8669	0.685629	-0.858076	10.5398
7.79	0.142921	-4.78949	-17.7087	0.683869	-0.854525	10.5263
7.8	0.141532	-4.65425	-17.551	0.682117	-0.850898	10.5128
7.81	0.140153	-4.51959	-17.3937	0.680371	-0.847198	10.4994
7.82	0.138784	-4.38552	-17.2369	0.678632	-0.843425	10.4859
7.83	0.137424	-4.25206	-17.0807	0.6769	-0.839582	10.4725
7.84	0.136074	-4.11922	-16.9249	0.675174	-0.835669	10.4592
7.85	0.134734	-3.98701	-16.7697	0.673455	-0.831688	10.4459
7.86	0.133404	-3.85544	-16.615	0.671743	-0.82764	10.4326
7.87	0.132083	-3.72453	-16.4609	0.670037	-0.823527	10.4193
7.88	0.130772	-3.59429	-16.3074	0.668337	-0.81935	10.4061
7.89	0.12947	-3.46472	-16.1545	0.666644	-0.815111	10.3929
7.9	0.128178	-3.33584	-16.0022	0.664958	-0.810812	10.3797
7.91	0.126896	-3.20766	-15.8505	0.663277	-0.806453	10.3666
7.92	0.125624	-3.08018	-15.6994	0.661603	-0.802036	10.3535
7.93	0.12436	-2.95343	-15.549	0.659936	-0.797564	10.3405
7.94	0.123107	-2.8274	-15.3992	0.658275	-0.793037	10.3275
7.95	0.121863	-2.70211	-15.2501	0.65662	-0.788457	10.3145
7.96	0.120629	-2.57756	-15.1017	0.654971	-0.783826	10.3015
7.97	0.119404	-2.45377	-14.954	0.653328	-0.779144	10.2886
7.98	0.118188	-2.33074	-14.807	0.651692	-0.774415	10.2757
7.99	0.116982	-2.20848	-14.6606	0.650062	-0.769639	10.2628
8	0.115785	-2.087	-14.5151	0.648438	-0.764818	10.25
8.01	0.114598	-1.96631	-14.3702	0.646819	-0.759953	10.2372
8.02	0.11342	-1.84641	-14.2262	0.645207	-0.755047	10.2244
8.03	0.112252	-1.72732	-14.0828	0.643601	-0.750101	10.2117
8.04	0.111093	-1.60903	-13.9403	0.642001	-0.745115	10.199
8.05	0.109943	-1.49155	-13.7985	0.640407	-0.740093	10.1863
8.06	0.108802	-1.3749	-13.6575	0.638819	-0.735035	10.1737
8.07	0.10767	-1.25907	-13.5173	0.637237	-0.729943	10.1611
8.08	0.106548	-1.14408	-13.3779	0.635661	-0.724819	10.1485
8.09	0.105434	-1.02993	-13.2393	0.63409	-0.719664	10.136
8.1	0.10433	-0.916613	-13.1016	0.632526	-0.71448	10.1235
8.11	0.103235	-0.804149	-12.9646	0.630967	-0.709269	10.111
8.12	0.102149	-0.692539	-12.8285	0.629413	-0.704031	10.0985
8.13	0.101072	-0.581785	-12.6933	0.627866	-0.698769	10.0861
8.14	0.100003	-0.471893	-12.5589	0.626324	-0.693483	10.0737
8.15	0.098944	-0.362867	-12.4254	0.624788	-0.688176	10.0613
8.16	0.0978934	-0.25471	-12.2927	0.623258	-0.682849	10.049
8.17	0.0968517	-0.147425	-12.1609	0.621733	-0.677504	10.0367
8.18	0.0958187	-0.041016	-12.03	0.620214	-0.672142	10.0244
8.19	0.0947944	0.0645144	-11.8999	0.6187	-0.666764	10.0122
8.2	0.0937788	0.169164	-11.7708	0.617192	-0.661372	10
8.21	0.0927718	0.272929	-11.6425	0.61569	-0.655967	9.98782
8.22	0.0917734	0.375808	-11.5152	0.614192	-0.650551	9.97567
8.23	0.0907835	0.4778	-11.3887	0.612701	-0.645125	9.96355
8.24	0.0898021	0.578902	-11.2632	0.611215	-0.639691	9.95146
8.25	0.0888291	0.679113	-11.1385	0.609734	-0.63425	9.93939
8.26	0.0878645	0.778432	-11.0148	0.608258	-0.628802	9.92736
8.27	0.0869082	0.876857	-10.892	0.606788	-0.623351	9.91536
8.28	0.0859603	0.974388	-10.7701	0.605323	-0.617896	9.90338
8.29	0.0850205	1.07102	-10.6492	0.603864	-0.61244	9.89144
8.3	0.084089	1.16677	-10.5291	0.60241	-0.606983	9.87952
8.31	0.0831656	1.26161	-10.41	0.600961	-0.601527	9.86763
8.32	0.0822502	1.35556	-10.2919	0.599517	-0.596072	9.85577
8.33	0.0813429	1.44862	-10.1746	0.598078	-0.590621	9.84394
8.34	0.0804436	1.54078	-10.0584	0.596645	-0.585174	9.83213
8.35	0.0795522	1.63204	-9.943	0.595217	-0.579733	9.82036
8.36	0.0786687	1.72241	-9.82859	0.593794	-0.574299	9.80861
8.37	0.077793	1.8119	-9.71512	0.592376	-0.568872	9.79689
8.38	0.0769251	1.90048	-9.60259	0.590963	-0.563454	9.7852
8.39	0.0760648	1.98818	-9.491	0.589555	-0.558046	9.77354
8.4	0.0752123	2.07499	-9.38036	0.588152	-0.552649	9.7619
8.41	0.0743673	2.16092	-9.27066	0.586754	-0.547264	9.7503
8.42	0.0735299	2.24596	-9.16191	0.585361	-0.541893	9.73872
8.43	0.0727	2.33011	-9.05409	0.583973	-0.536535	9.72716
8.44	0.0718776	2.41339	-8.94723	0.58259	-0.531193	9.71564
8.45	0.0710625	2.49579	-8.8413	0.581212	-0.525866	9.70414
8.46	0.0702547	2.57731	-8.73631	0.579839	-0.520557	9.69267
8.47	0.0694543	2.65796	-8.63227	0.578471	-0.515265	9.68123
8.48	0.068661	2.73774	-8.52917	0.577107	-0.509992	9.66981
8.49	0.0678749	2.81665	-8.427	0.575748	-0.504738	9.65842
8.5	0.0670959	2.89469	-8.32577	0.574394	-0.499505	9.64706
8.51	0.066324	2.97188	-8.22548	0.573045	-0.494293	9.63572
8.52	0.065559	3.04821	-8.12611	0.571701	-0.489103	9.62441
8.53	0.064801	3.12368	-8.02768	0.570361	-0.483935	9.61313
8.54	0.0640499	3.1983	-7.93018	0.569026	-0.478791	9.60187
8.55	0.0633056	3.27208	-7.83361	0.567696	-0.473672	9.59064
8.56	0.062568	3.34501	-7.73796	0.56637	-0.468577	9.57944
8.57	0.0618372	3.4171	-7.64323	0.565049	-0.463507	9.56826
8.58	0.061113	3.48836	-7.54941	0.563733	-0.458464	9.55711
8.59	0.0603954	3.55878	-7.45652	0.562421	-0.453447	9.54598
8.6	0.0596844	3.62838	-7.36453	0.561114	-0.448458	9.53488
8.61	0.0589798	3.69716	-7.27346	0.559811	-0.443497	9.52381
8.62	0.0582817	3.76511	-7.18329	0.558513	-0.438565	9.51276
8.63	0.0575899	3.83226	-7.09402	0.55722	-0.433661	9.50174
8.64	0.0569045	3.89859	-7.00565	0.555931	-0.428787	9.49074
8.65	0.0562253	3.96412	-6.91818	0.554646	-0.423943	9.47977
8.66	0.0555523	4.02885	-6.8316	0.553366	-0.41913	9.46882
8.67	0.0548854	4.09279	-6.7459	0.55209	-0.414347	9.4579
8.68	0.0542246	4.15593	-6.66108	0.550819	-0.409596	9.447
8.69	0.0535698	4.21829	-6.57715	0.549552	-0.404877	9.43613
8.7	0.0529211	4.27987	-6.49409	0.548289	-0.40019	9.42529
8.71	0.0522782	4.34068	-6.41189	0.547031	-0.395536	9.41447
8.72	0.0516412	4.40071	-6.33056	0.545777	-0.390915	9.40367
8.73	0.05101	4.45998	-6.2501	0.544527	-0.386327	9.3929
8.74	0.0503845	4.5185	-6.17048	0.543282	-0.381773	9.38215
8.75	0.0497647	4.57625	-6.09172	0.542041	-0.377252	9.37143
8.76	0.0491506	4.63326	-6.0138	0.540804	-0.372766	9.36073
8.77	0.048542	4.68953	-5.93673	0.539571	-0.368314	9.35006
8.78	0.0479389	4.74506	-5.86049	0.538343	-0.363897	9.33941
8.79	0.0473413	4.79986	-5.78508	0.537119	-0.359515	9.32878
8.8	0.0467492	4.85393	-5.71049	0.535899	-0.355168	9.31818
8.81	0.0461623	4.90728	-5.63673	0.534683	-0.350857	9.3076
8.82	0.0455808	4.95991	-5.56377	0.533471	-0.346581	9.29705
8.83	0.0450045	5.01184	-5.49163	0.532264	-0.342341	9.28652
8.84	0.0444334	5.06306	-5.42029	0.53106	-0.338136	9.27602
8.85	0.0438674	5.11358	-5.34975	0.529861	-0.333968	9.26554
8.86	0.0433065	5.16341	-5.28001	0.528665	-0.329835	9.25508
8.87	0.0427507	5.21255	-5.21105	0.527474	-0.325739	9.24464
8.88	0.0421998	5.26101	-5.14287	0.526286	-0.32168	9.23423
8.89	0.0416538	5.3088	-5.07546	0.525103	-0.317656	9.22385
8.9	0.0411127	5.35592	-5.00883	0.523924	-0.313669	9.21348
8.91	0.0405764	5.40237	-4.94295	0.522748	-0.309719	9.20314
8.92	0.0400448	5.44817	-4.87784	0.521577	-0.305805	9.19283
8.93	0.039518	5.49332	-4.81348	0.520409	-0.301928	9.18253
8.94	0.0389957	5.53781	-4.74987	0.519246	-0.298087	9.17226
8.95	0.0384781	5.58167	-4.68699	0.518086	-0.294283	9.16201
8.96	0.037965	5.6249	-4.62485	0.51693	-0.290516	9.15179
8.97	0.0374565	5.66749	-4.56344	0.515778	-0.286785	9.14158
8.98	0.0369523	5.70947	-4.50275	0.51463	-0.28309	9.1314
8.99	0.0364525	5.75082	-4.44278	0.513486	-0.279433	9.12125
9	0.0359571	5.79157	-4.38351	0.512346	-0.275811	9.11111
9.01	0.0354659	5.83171	-4.32495	0.511209	-0.272226	9.101
9.02	0.034979	5.87125	-4.26709	0.510076	-0.268678	9.09091
9.03	0.0344963	5.9102	-4.20992	0.508947	-0.265165	9.08084
9.04	0.0340176	5.94856	-4.15344	0.507822	-0.261689	9.0708
9.05	0.0335431	5.98634	-4.09764	0.5067	-0.258249	9.06077
9.06	0.0330726	6.02354	-4.04251	0.505582	-0.254844	9.05077
9.07	0.032606	6.06017	-3.98804	0.504468	-0.251476	9.04079
9.08	0.0321434	6.09624	-3.93424	0.503357	-0.248143	9.03084
9.09	0.0316846	6.13175	-3.8811	0.50225	-0.244846	9.0209
9.1	0.0312297	6.1667	-3.8286	0.501147	-0.241585	9.01099
9.11	0.0307785	6.20111	-3.77675	0.500048	-0.238358	9.0011
9.12	0.0303311	6.23498	-3.72553	0.498952	-0.235167	8.99123
9.13	0.0298873	6.26831	-3.67495	0.497859	-0.232011	8.98138
9.14	0.0294472	6.30111	-3.62499	0.49677	-0.228889	8.97155
9.15	0.0290106	6.33339	-3.57565	0.495685	-0.225803	8.96175
9.16	0.0285776	6.36515	-3.52692	0.494603	-0.22275	8.95197
9.17	0.0281481	6.39639	-3.4788	0.493525	-0.219732	8.9422
9.18	0.0277219	6.42713	-3.43128	0.492451	-0.216749	8.93246
9.19	0.0272992	6.45736	-3.38436	0.49138	-0.213799	8.92274
9.2	0.0268798	6.4871	-3.33802	0.490312	-0.210883	8.91304
9.21	0.0264637	6.51634	-3.29227	0.489248	-0.208	8.90337
9.22	0.0260508	6.5451	-3.24709	0.488187	-0.205151	8.89371
9.23	0.0256412	6.57338	-3.20249	0.48713	-0.202334	8.88407
9.24	0.0252347	6.60119	-3.15845	0.486076	-0.199551	8.87446
9.25	0.0248312	6.62852	-3.11497	0.485026	-0.1968	8.86486
9.26	0.0244309	6.65539	-3.07204	0.483979	-0.194082	8.85529
9.27	0.0240335	6.6818	-3.02966	0.482935	-0.191396	8.84574
9.28	0.0236391	6.70776	-2.98783	0.481895	-0.188742	8.83621
9.29	0.0232477	6.73327	-2.94653	0.480858	-0.18612	8.8267
9.3	0.0228591	6.75833	-2.90576	0.479824	-0.18353	8.8172
9.31	0.0224733	6.78296	-2.86551	0.478794	-0.18097	8.80773
9.32	0.0220903	6.80715	-2.82579	0.477767	-0.178442	8.79828
9.33	0.0217101	6.83091	-2.78657	0.476744	-0.175945	8.78885
9.34	0.0213325	6.85425	-2.74787	0.475723	-0.173478	8.77944
9.35	0.0209576	6.87718	-2.70967	0.474706	-0.171041	8.77005
9.36	0.0205853	6.89968	-2.67196	0.473692	-0.168635	8.76068
9.37	0.0202156	6.92179	-2.63475	0.472682	-0.166258	8.75133
9.38	0.0198483	6.94348	-2.59802	0.471675	-0.163911	8.742
9.39	0.0194836	6.96478	-2.56177	0.47067	-0.161593	8.73269
9.4	0.0191213	6.98569	-2.52599	0.46967	-0.159304	8.7234
9.41	0.0187613	7.0062	-2.49069	0.468672	-0.157044	8.71413
9.42	0.0184037	7.02634	-2.45585	0.467677	-0.154813	8.70488
9.43	0.0180484	7.04609	-2.42147	0.466686	-0.15261	8.69565
9.44	0.0176954	7.06547	-2.38754	0.465698	-0.150435	8.68644
9.45	0.0173446	7.08447	-2.35406	0.464713	-0.148288	8.67725
9.46	0.0169959	7.10311	-2.32103	0.463731	-0.146168	8.66808
9.47	0.0166494	7.12139	-2.28843	0.462752	-0.144075	8.65892
9.48	0.016305	7.13932	-2.25627	0.461776	-0.14201	8.64979
9.49	0.0159626	7.15689	-2.22453	0.460803	-0.139971	8.64067
9.5	0.0156222	7.17411	-2.19322	0.459834	-0.137959	8.63158
9.51	0.0152838	7.19099	-2.16232	0.458867	-0.135973	8.6225
9.52	0.0149473	7.20754	-2.13184	0.457904	-0.134013	8.61345
9.53	0.0146127	7.22374	-2.10176	0.456943	-0.132078	8.60441
9.54	0.0142799	7.23962	-2.07209	0.455986	-0.130169	8.59539
9.55	0.0139489	7.25517	-2.04282	0.455031	-0.128286	8.58639
9.56	0.0136197	7.2704	-2.01394	0.45408	-0.126427	8.57741
9.57	0.0132922	7.28531	-1.98545	0.453131	-0.124592	8.56844
9.58	0.0129664	7.2999	-1.95735	0.452186	-0.122783	8.5595
9.59	0.0126422	7.31419	-1.92962	0.451243	-0.120997	8.55057
9.6	0.0123196	7.32817	-1.90227	0.450304	-0.119235	8.54167
9.61	0.0119986	7.34185	-1.87529	0.449367	-0.117497	8.53278
9.62	0.0116791	7.35523	-1.84867	0.448433	-0.115782	8.52391
9.63	0.0113611	7.36832	-1.82242	0.447503	-0.11409	8.51506
9.64	0.0110445	7.38112	-1.79652	0.446575	-0.112421	8.50622
9.65	0.0107293	7.39363	-1.77098	0.44565	-0.110775	8.49741
9.66	0.0104154	7.40586	-1.74578	0.444727	-0.109151	8.48861
9.67	0.0101029	7.41781	-1.72093	0.443808	-0.107549	8.47983
9.68	0.0097917	7.42948	-1.69642	0.442892	-0.105969	8.47107
9.69	0.00948171	7.44089	-1.67224	0.441978	-0.10441	8.46233
9.7	0.00917293	7.45202	-1.6484	0.441067	-0.102873	8.45361
9.71	0.00886531	7.4629	-1.62488	0.440159	-0.101357	8.4449
9.72	0.00855882	7.47351	-1.60168	0.439254	-0.0998622	8.43621
9.73	0.00825342	7.48387	-1.57881	0.438351	-0.0983878	8.42754
9.74	0.00794906	7.49397	-1.55624	0.437452	-0.0969337	8.41889
9.75	0.00764572	7.50382	-1.53399	0.436555	-0.0954997	8.41026
9.76	0.00734335	7.51342	-1.51205	0.435661	-0.0940856	8.40164
9.77	0.00704192	7.52279	-1.4904	0.434769	-0.0926912	8.39304
9.78	0.00674138	7.53191	-1.46906	0.433881	-0.0913163	8.38446
9.79	0.0064417	7.5408	-1.44801	0.432995	-0.0899605	8.37589
9.8	0.00614285	7.54945	-1.42726	0.432112	-0.0886237	8.36735
9.81	0.00584477	7.55787	-1.40679	0.431231	-0.0873056	8.35882
9.82	0.00554744	7.56607	-1.38661	0.430353	-0.0860061	8.35031
9.83	0.00525082	7.57404	-1.3667	0.429478	-0.0847248	8.34181
9.84	0.00495487	7.58179	-1.34707	0.428606	-0.0834616	8.33333
9.85	0.00465955	7.58932	-1.32772	0.427736	-0.0822162	8.32487
9.86	0.00436483	7.59664	-1.30863	0.426869	-0.0809884	8.31643
9.87	0.00407066	7.60375	-1.28982	0.426004	-0.079778	8.308
9.88	0.00377702	7.61065	-1.27126	0.425142	-0.0785848	8.2996
9.89	0.00348386	7.61734	-1.25296	0.424283	-0.0774085	8.2912
9.9	0.00319114	7.62383	-1.23492	0.423426	-0.076249	8.28283
9.91	0.00289883	7.63012	-1.21713	0.422572	-0.075106	8.27447
9.92	0.00260689	7.63622	-1.19959	0.421721	-0.0739794	8.26613
9.93	0.00231528	7.64212	-1.1823	0.420872	-0.0728688	8.2578
9.94	0.00202397	7.64782	-1.16525	0.420025	-0.0717742	8.2495
9.95	0.00173292	7.65334	-1.14843	0.419181	-0.0706953	8.24121
9.96	0.0014421	7.65868	-1.13186	0.41834	-0.0696318	8.23293
9.97	0.00115145	7.66383	-1.11552	0.417501	-0.0685837	8.22467
9.98	0.000860957	7.6688	-1.0994	0.416665	-0.0675507	8.21643
9.99	0.000570571	7.67359	-1.08352	0.415831	-0.0665326	8.20821
