0.1	2.10761e-30	4.44202e-58
0.2	1.1234e-17	3.15509e-33
0.3	6.74042e-17	5.04814e-32
0.4	2.2468e-16	3.15507e-31
0.5	5.61696e-16	1.26201e-30
0.6	1.17954e-15	3.86479e-30
0.7	2.20176e-15	9.89334e-30
0.8	3.77429e-15	2.22582e-29
0.9	6.06545e-15	4.54193e-29
1	9.26585e-15	8.5856e-29
1.1	1.35883e-14	1.52597e-28
1.2	1.92677e-14	2.57808e-28
1.3	2.65607e-14	4.17439e-28
1.4	3.57457e-14	6.51915e-28
1.5	4.71222e-14	9.8689e-28
1.6	6.10108e-14	1.45403e-27
1.7	7.77522e-14	2.09184e-27
1.8	9.77071e-14	2.94651e-27
1.9	1.21255e-13	4.0728e-27
2	1.48794e-13	5.5349e-27
2.1	1.80738e-13	7.40732e-27
2.2	2.17519e-13	9.77571e-27
2.3	2.59581e-13	1.27377e-26
2.4	3.07383e-13	1.64035e-26
2.5	3.61394e-13	2.08969e-26
2.6	4.22092e-13	2.63553e-26
2.7	4.89963e-13	3.29305e-26
2.8	5.65495e-13	4.07889e-26
2.9	6.49181e-13	5.01113e-26
3	7.41508e-13	6.10927e-26
3.1	8.42962e-13	7.39423e-26
3.2	9.54019e-13	8.8882e-26
3.3	1.07514e-12	1.06146e-25
3.4	1.20678e-12	1.25978e-25
3.5	1.34935e-12	1.48633e-25
3.6	1.50326e-12	1.74368e-25
3.7	1.66889e-12	2.03447e-25
3.8	1.84655e-12	2.36133e-25
3.9	2.03656e-12	2.72688e-25
4	2.23915e-12	3.13363e-25
4.1	2.45454e-12	3.58402e-25
4.2	2.68285e-12	4.08031e-25
4.3	2.92418e-12	4.62455e-25
4.4	3.17854e-12	5.21855e-25
4.5	3.44589e-12	5.8638e-25
4.6	3.72612e-12	6.56144e-25
4.7	4.01904e-12	7.31223e-25
4.8	4.3244e-12	8.1165e-25
4.9	4.64186e-12	8.97411e-25
5	4.97103e-12	9.88446e-25
5.1	5.31147e-12	1.08465e-24
5.2	5.66266e-12	1.18586e-24
5.3	6.02408e-12	1.2919e-24
5.4	6.39514e-12	1.40253e-24
5.5	6.77529e-12	1.51751e-24
5.6	7.16397e-12	1.63656e-24
5.7	7.56071e-12	1.75944e-24
5.8	7.96516e-12	1.88596e-24
5.9	8.37718e-12	2.01601e-24
6	8.79686e-12	2.14958e-24
6.1	9.22461e-12	2.28684e-24
6.2	9.66121e-12	2.42817e-24
6.3	1.01079e-11	2.57418e-24
6.4	1.05664e-11	2.72582e-24
6.5	1.10392e-11	2.88437e-24
6.6	1.15295e-11	3.05162e-24
6.7	1.20411e-11	3.22984e-24
6.8	1.2579e-11	3.42197e-24
6.9	1.31493e-11	3.63167e-24
7	1.37591e-11	3.86351e-24
7.1	1.44169e-11	4.12312e-24
7.2	1.51327e-11	4.41743e-24
7.3	1.59182e-11	4.7549e-24
7.4	1.67866e-11	5.14592e-24
7.5	1.77533e-11	5.60322e-24
7.6	1.88358e-11	6.14243e-24
7.7	2.00537e-11	6.78281e-24
7.8	2.14296e-11	7.54813e-24
7.9	2.29886e-11	8.46784e-24
8	2.47593e-11	9.57849e-24
8.1	2.67736e-11	1.09256e-23
8.2	2.90677e-11	1.25659e-23
8.3	3.16821e-11	1.45704e-23
8.4	3.46624e-11	1.70278e-23
8.5	3.80601e-11	2.00494e-23
8.6	4.19331e-11	2.37748e-23
8.7	4.63467e-11	2.83791e-23
8.8	5.13744e-11	3.40823e-23
8.9	5.70993e-11	4.11606e-23
9	6.3615e-11	4.99613e-23
9.1	7.1027e-11	6.09206e-23
9.2	7.94547e-11	7.45871e-23
9.3	8.90327e-11	9.16501e-23
9.4	9.99128e-11	1.12976e-22
9.5	1.12267e-10	1.39654e-22
9.6	1.26288e-10	1.73053e-22
9.7	1.42194e-10	2.14892e-22
9.8	1.60233e-10	2.67332e-22
9.9	1.80682e-10	3.33088e-22
10	2.03855e-10	4.15569e-22
10.1	2.30107e-10	5.19058e-22
10.2	2.59836e-10	6.48929e-22
10.3	2.93493e-10	8.11932e-22
10.4	3.31585e-10	1.01654e-21
10.5	3.74686e-10	1.27338e-21
10.6	4.23441e-10	1.59578e-21
10.7	4.78577e-10	2.00049e-21
10.8	5.40913e-10	2.50846e-21
10.9	6.11375e-10	3.14602e-21
11	6.91001e-10	3.94614e-21
11.1	7.80966e-10	4.95015e-21
11.2	8.82588e-10	6.20983e-21
11.3	9.97355e-10	7.79009e-21
11.4	1.12694e-09	9.77221e-21
11.5	1.27323e-09	1.2258e-20
11.6	1.43835e-09	1.53748e-20
11.7	1.62468e-09	1.92824e-20
11.8	1.83491e-09	2.41804e-20
11.9	2.07206e-09	3.03188e-20
12	2.33955e-09	3.80103e-20
12.1	2.64119e-09	4.76461e-20
12.2	2.98129e-09	5.97157e-20
12.3	3.3647e-09	7.4831e-20
12.4	3.79686e-09	9.37572e-20
12.5	4.28389e-09	1.17451e-19
12.6	4.83268e-09	1.47108e-19
12.7	5.45098e-09	1.84222e-19
12.8	6.14747e-09	2.30661e-19
12.9	6.93195e-09	2.88756e-19
13	7.8154e-09	3.61423e-19
13.1	8.81017e-09	4.52299e-19
13.2	9.93014e-09	5.6593e-19
13.3	1.11909e-08	7.07989e-19
13.4	1.261e-08	8.85559e-19
13.5	1.4207e-08	1.10748e-18
13.6	1.60041e-08	1.38479e-18
13.7	1.80261e-08	1.73126e-18
13.8	2.03008e-08	2.16406e-18
13.9	2.28596e-08	2.70463e-18
14	2.57376e-08	3.37971e-18
14.1	2.89741e-08	4.22262e-18
14.2	3.26135e-08	5.27496e-18
14.3	3.67055e-08	6.58857e-18
14.4	4.13058e-08	8.22806e-18
14.5	4.6477e-08	1.0274e-17
14.6	5.22894e-08	1.28269e-17
14.7	5.88216e-08	1.60118e-17
14.8	6.61622e-08	1.99847e-17
14.9	7.44103e-08	2.49399e-17
15	8.36772e-08	3.11194e-17
15.1	9.40876e-08	3.8825e-17
15.2	1.05782e-07	4.8432e-17
15.3	1.18916e-07	6.04084e-17
15.4	1.33667e-07	7.53367e-17
15.5	1.50232e-07	9.39422e-17
15.6	1.68832e-07	1.17128e-16
15.7	1.89715e-07	1.46018e-16
15.8	2.1316e-07	1.82012e-16
15.9	2.39479e-07	2.26851e-16
16	2.6902e-07	2.82703e-16
16.1	3.02176e-07	3.52265e-16
16.2	3.39386e-07	4.38893e-16
16.3	3.81142e-07	5.46763e-16
16.4	4.27995e-07	6.81068e-16
16.5	4.80564e-07	8.48271e-16
16.6	5.3954e-07	1.05641e-15
16.7	6.057e-07	1.31547e-15
16.8	6.79912e-07	1.6379e-15
16.9	7.63149e-07	2.03913e-15
17	8.56504e-07	2.5384e-15
17.1	9.61196e-07	3.15959e-15
17.2	1.07859e-06	3.93241e-15
17.3	1.21023e-06	4.89377e-15
17.4	1.35782e-06	6.08956e-15
17.5	1.52329e-06	7.57681e-15
17.6	1.70878e-06	9.4264e-15
17.7	1.91671e-06	1.17264e-14
17.8	2.14977e-06	1.45863e-14
17.9	2.41099e-06	1.81419e-14
18	2.70374e-06	2.25623e-14
18.1	3.0318e-06	2.80573e-14
18.2	3.39943e-06	3.48874e-14
18.3	3.81135e-06	4.33766e-14
18.4	4.27287e-06	5.39267e-14
18.5	4.78994e-06	6.70373e-14
18.6	5.3692e-06	8.33284e-14
18.7	6.01809e-06	1.0357e-13
18.8	6.74493e-06	1.28718e-13
18.9	7.55904e-06	1.59959e-13
19	8.47083e-06	1.98767e-13
19.1	9.49198e-06	2.46972e-13
19.2	1.06355e-05	3.06842e-13
19.3	1.19161e-05	3.81198e-13
19.4	1.33499e-05	4.73536e-13
19.5	1.49553e-05	5.88197e-13
19.6	1.67528e-05	7.30568e-13
19.7	1.87651e-05	9.07334e-13
19.8	2.10178e-05	1.12679e-12
19.9	2.35394e-05	1.39922e-12
20	2.63621e-05	1.7374e-12
20.1	2.95214e-05	2.15716e-12
20.2	3.30575e-05	2.67816e-12
20.3	3.70149e-05	3.32476e-12
20.4	4.14436e-05	4.12719e-12
20.5	4.63996e-05	5.12295e-12
20.6	5.19453e-05	6.35854e-12
20.7	5.81505e-05	7.89163e-12
20.8	6.50934e-05	9.79372e-12
20.9	7.28613e-05	1.21535e-11
21	8.15517e-05	1.50809e-11
21.1	9.12737e-05	1.87123e-11
21.2	0.000102149	2.32166e-11
21.3	0.000114315	2.88035e-11
21.4	0.000127922	3.57326e-11
21.5	0.000143142	4.4326e-11
21.6	0.000160165	5.49828e-11
21.7	0.000179203	6.81977e-11
21.8	0.000200493	8.45839e-11
21.9	0.000224303	1.04901e-10
22	0.000250927	1.30092e-10
22.1	0.000280698	1.61322e-10
22.2	0.000313986	2.00039e-10
22.3	0.000351204	2.48034e-10
22.4	0.000392816	3.07527e-10
22.5	0.000439338	3.8127e-10
22.6	0.000491347	4.72672e-10
22.7	0.000549487	5.85954e-10
22.8	0.000614479	7.26347e-10
22.9	0.000687127	9.00333e-10
23	0.00076833	1.11594e-09
23.1	0.000859091	1.3831e-09
23.2	0.000960531	1.71414e-09
23.3	0.0010739	2.12431e-09
23.4	0.0012006	2.6325e-09
23.5	0.0013422	3.2621e-09
23.6	0.00150043	4.04209e-09
23.7	0.00167724	5.00833e-09
23.8	0.00187481	6.20526e-09
23.9	0.00209557	7.68788e-09
24	0.00234222	9.5243e-09
24.1	0.0026178	1.17988e-08
24.2	0.00292569	1.46159e-08
24.3	0.00326966	1.81048e-08
24.4	0.00365393	2.24255e-08
24.5	0.00408321	2.7776e-08
24.6	0.00456273	3.44017e-08
24.7	0.00509838	4.2606e-08
24.8	0.0056967	5.27647e-08
24.9	0.00636499	6.53427e-08
25	0.00711142	8.09157e-08
25.1	0.00794509	1.00196e-07
25.2	0.00887616	1.24065e-07
25.3	0.00991599	1.53614e-07
25.4	0.0110772	1.90193e-07
25.5	0.012374	2.35473e-07
25.6	0.0138221	2.91521e-07
25.7	0.0154392	3.60896e-07
25.8	0.0172448	4.46762e-07
25.9	0.0192609	5.53037e-07
26	0.021512	6.84566e-07
26.1	0.0240254	8.47344e-07
26.2	0.0268315	1.04879e-06
26.3	0.0299644	1.29807e-06
26.4	0.033462	1.60655e-06
26.5	0.0373665	1.98826e-06
26.6	0.0417254	2.46058e-06
26.7	0.0465912	3.04499e-06
26.8	0.0520228	3.76806e-06
26.9	0.0580857	4.66266e-06
27	0.0648532	5.76946e-06
27.1	0.0724069	7.13873e-06
27.2	0.0808379	8.83267e-06
27.3	0.0902478	1.09282e-05
27.4	0.10075	1.35204e-05
27.5	0.112471	1.67269e-05
27.6	0.125552	2.06931e-05
27.7	0.140149	2.5599e-05
27.8	0.15644	3.16669e-05
27.9	0.174619	3.91719e-05
28	0.194905	4.84539e-05
28.1	0.217541	5.99334e-05
28.2	0.242799	7.41301e-05
28.3	0.270982	9.16869e-05
28.4	0.302427	0.000113398
28.5	0.337513	0.000140246
28.6	0.376658	0.000173445
28.7	0.420332	0.000214497
28.8	0.469056	0.000265256
28.9	0.523415	0.000328017
29	0.584058	0.000405616
29.1	0.651708	0.000501558
29.2	0.727176	0.000620174
29.3	0.811361	0.00076682
29.4	0.905269	0.000948114
29.5	1.01002	0.00117224
29.6	1.12686	0.0014493
29.7	1.25719	0.00179179
29.8	1.40255	0.00221515
29.9	1.56468	0.00273848
