0	0	-nan	-44.0186	inf	-inf	22.2927
0.01	1.04457e-16	6.22498e+06	-44.0186	6.225e+06	-0.186264	22.2927
0.02	-1.88023e-15	1.55623e+06	-44.0186	1.55625e+06	-0.0945324	22.2926
0.03	-4.14683e-14	691645	-44.0186	691667	-0.0639693	22.2925
0.04	-2.72441e-13	389041	-44.0186	389062	-0.0486984	22.2923
0.05	-1.1088e-12	248978	-44.0186	249000	-0.0395445	22.2921
0.06	-3.42343e-12	172895	-44.0186	172917	-0.0334493	22.2919
0.07	-8.80344e-12	127019	-44.0186	127041	-0.0291019	22.2915
0.08	-1.98621e-11	97243.9	-44.0186	97265.6	-0.0258471	22.2912
0.09	-4.06076e-11	76830.1	-44.0186	76851.9	-0.0233207	22.2908
0.1	-7.68678e-11	62228.3	-44.0186	62250	-0.0213042	22.2903
0.11	-1.36772e-10	51424.5	-44.0185	51446.3	-0.0196587	22.2898
0.12	-2.31288e-10	43207.4	-44.0185	43229.2	-0.0182914	22.2892
0.13	-3.74817e-10	36812.6	-44.0185	36834.3	-0.0171383	22.2886
0.14	-5.85844e-10	31738.5	-44.0185	31760.2	-0.0161534	22.288
0.15	-8.87642e-10	27644.9	-44.0185	27666.7	-0.0153032	22.2872
0.16	-1.30904e-09	24294.7	-44.0185	24316.4	-0.0145625	22.2865
0.17	-1.88522e-09	21518	-44.0185	21539.8	-0.013912	22.2857
0.18	-2.65862e-09	19191.2	-44.0185	19213	-0.0133367	22.2848
0.19	-3.67984e-09	17222	-44.0185	17243.8	-0.0128247	22.2839
0.2	-5.00864e-09	15540.8	-44.0184	15562.5	-0.0123667	22.283
0.21	-6.71497e-09	14093.9	-44.0184	14115.6	-0.0119549	22.282
0.22	-8.88004e-09	12839.8	-44.0184	12861.6	-0.0115831	22.2809
0.23	-1.15975e-08	11745.7	-44.0184	11767.5	-0.0112461	22.2798
0.24	-1.49747e-08	10785.5	-44.0184	10807.3	-0.0109395	22.2787
0.25	-1.91338e-08	9938.25	-44.0184	9960	-0.0106599	22.2775
0.26	-2.42131e-08	9186.83	-44.0184	9208.58	-0.010404	22.2762
0.27	-3.03687e-08	8517.34	-44.0184	8539.09	-0.0101693	22.2749
0.28	-3.77753e-08	7918.3	-44.0183	7940.05	-0.00995358	22.2736
0.29	-4.66284e-08	7380.15	-44.0183	7401.9	-0.00975486	22.2722
0.3	-5.71452e-08	6894.91	-44.0183	6916.67	-0.00957149	22.2708
0.31	-6.95667e-08	6455.87	-44.0183	6477.63	-0.00940201	22.2693
0.32	-8.41589e-08	6057.34	-44.0183	6079.1	-0.00924516	22.2677
0.33	-1.01214e-07	5694.49	-44.0183	5716.25	-0.0090998	22.2662
0.34	-1.21055e-07	5363.19	-44.0183	5384.95	-0.00896497	22.2645
0.35	-1.44032e-07	5059.87	-44.0182	5081.63	-0.00883978	22.2628
0.36	-1.7053e-07	4781.47	-44.0182	4803.24	-0.00872346	22.2611
0.37	-2.00967e-07	4525.35	-44.0182	4547.11	-0.00861531	22.2593
0.38	-2.35796e-07	4289.17	-44.0182	4310.94	-0.00851473	22.2575
0.39	-2.75509e-07	4070.93	-44.0182	4092.7	-0.00842115	22.2556
0.4	-3.2064e-07	3868.85	-44.0182	3890.62	-0.00833409	22.2537
0.41	-3.7176e-07	3681.38	-44.0182	3703.15	-0.00825308	22.2517
0.42	-4.2949e-07	3507.13	-44.0181	3528.91	-0.00817772	22.2497
0.43	-4.94492e-07	3344.91	-44.0181	3366.68	-0.00810764	22.2476
0.44	-5.67481e-07	3193.61	-44.0181	3215.39	-0.00804252	22.2455
0.45	-6.4922e-07	3052.29	-44.0181	3074.07	-0.00798204	22.2433
0.46	-7.40526e-07	2920.09	-44.0181	2941.87	-0.00792593	22.2411
0.47	-8.42273e-07	2796.23	-44.0181	2818.02	-0.00787394	22.2388
0.48	-9.55389e-07	2680.03	-44.018	2701.82	-0.00782582	22.2365
0.49	-1.08087e-06	2570.88	-44.018	2592.67	-0.00778139	22.2341
0.5	-1.21976e-06	2468.21	-44.018	2490	-0.00774042	22.2317
0.51	-1.37319e-06	2371.51	-44.018	2393.31	-0.00770276	22.2293
0.52	-1.54234e-06	2280.35	-44.018	2302.14	-0.00766822	22.2267
0.53	-1.72846e-06	2194.29	-44.0179	2216.09	-0.00763666	22.2242
0.54	-1.9329e-06	2112.97	-44.0179	2134.77	-0.00760795	22.2216
0.55	-2.15705e-06	2036.04	-44.0179	2057.85	-0.00758194	22.2189
0.56	-2.40241e-06	1963.2	-44.0179	1985.01	-0.00755851	22.2162
0.57	-2.67053e-06	1894.16	-44.0179	1915.97	-0.00753757	22.2134
0.58	-2.96308e-06	1828.66	-44.0178	1850.48	-0.00751899	22.2106
0.59	-3.28178e-06	1766.46	-44.0178	1788.28	-0.00750269	22.2078
0.6	-3.62847e-06	1707.35	-44.0178	1729.17	-0.00748858	22.2049
0.61	-4.00507e-06	1651.11	-44.0178	1672.94	-0.00747657	22.2019
0.62	-4.41359e-06	1597.58	-44.0178	1619.41	-0.00746659	22.1989
0.63	-4.85615e-06	1546.58	-44.0177	1568.41	-0.00745856	22.1959
0.64	-5.33498e-06	1497.94	-44.0177	1519.78	-0.00745242	22.1928
0.65	-5.85238e-06	1451.54	-44.0177	1473.37	-0.0074481	22.1896
0.66	-6.4108e-06	1407.22	-44.0177	1429.06	-0.00744554	22.1864
0.67	-7.01278e-06	1364.88	-44.0176	1386.72	-0.0074447	22.1832
0.68	-7.66098e-06	1324.39	-44.0176	1346.24	-0.00744551	22.1799
0.69	-8.35816e-06	1285.65	-44.0176	1307.5	-0.00744793	22.1765
0.7	-9.10724e-06	1248.56	-44.0176	1270.41	-0.00745192	22.1731
0.71	-9.91122e-06	1213.02	-44.0175	1234.87	-0.00745744	22.1697
0.72	-1.07732e-05	1178.95	-44.0175	1200.81	-0.00746443	22.1662
0.73	-1.16966e-05	1146.27	-44.0175	1168.14	-0.00747288	22.1627
0.74	-1.26847e-05	1114.91	-44.0175	1136.78	-0.00748274	22.1591
0.75	-1.37411e-05	1084.8	-44.0174	1106.67	-0.00749398	22.1554
0.76	-1.48695e-05	1055.86	-44.0174	1077.74	-0.00750657	22.1518
0.77	-1.60738e-05	1028.05	-44.0174	1049.92	-0.00752049	22.148
0.78	-1.73578e-05	1001.29	-44.0174	1023.18	-0.0075357	22.1442
0.79	-1.87258e-05	975.552	-44.0173	997.436	-0.00755219	22.1404
0.8	-2.0182e-05	950.768	-44.0173	972.656	-0.00756992	22.1365
0.81	-2.17309e-05	926.896	-44.0173	948.788	-0.00758888	22.1326
0.82	-2.33771e-05	903.892	-44.0172	925.788	-0.00760905	22.1286
0.83	-2.51254e-05	881.714	-44.0172	903.614	-0.0076304	22.1246
0.84	-2.69807e-05	860.324	-44.0172	882.228	-0.00765293	22.1205
0.85	-2.89482e-05	839.683	-44.0172	861.592	-0.00767661	22.1164
0.86	-3.10331e-05	819.759	-44.0171	841.671	-0.00770143	22.1122
0.87	-3.32409e-05	800.517	-44.0171	822.434	-0.00772737	22.108
0.88	-3.55772e-05	781.927	-44.0171	803.848	-0.00775443	22.1037
0.89	-3.8048e-05	763.96	-44.017	785.886	-0.00778258	22.0994
0.9	-4.06593e-05	746.589	-44.017	768.519	-0.00781183	22.095
0.91	-4.34172e-05	729.787	-44.017	751.721	-0.00784215	22.0906
0.92	-4.63283e-05	713.529	-44.0169	735.468	-0.00787354	22.0861
0.93	-4.93991e-05	697.793	-44.0169	719.736	-0.00790599	22.0816
0.94	-5.26366e-05	682.557	-44.0169	704.504	-0.00793949	22.0771
0.95	-5.60477e-05	667.798	-44.0168	689.751	-0.00797403	22.0724
0.96	-5.96397e-05	653.499	-44.0168	675.456	-0.00800962	22.0678
0.97	-6.34201e-05	639.639	-44.0167	661.601	-0.00804623	22.0631
0.98	-6.73966e-05	626.201	-44.0167	648.167	-0.00808387	22.0583
0.99	-7.15772e-05	613.168	-44.0167	635.139	-0.00812254	22.0535
1	-7.59699e-05	600.524	-44.0166	622.5	-0.00816222	22.0486
1.01	-8.05832e-05	588.253	-44.0166	610.234	-0.00820291	22.0437
1.02	-8.54258e-05	576.342	-44.0166	598.328	-0.00824462	22.0388
1.03	-9.05064e-05	564.775	-44.0165	586.766	-0.00828733	22.0338
1.04	-9.58342e-05	553.54	-44.0165	575.536	-0.00833105	22.0287
1.05	-0.000101419	542.625	-44.0164	564.626	-0.00837577	22.0236
1.06	-0.000107269	532.016	-44.0164	554.023	-0.0084215	22.0185
1.07	-0.000113396	521.704	-44.0163	543.716	-0.00846823	22.0133
1.08	-0.000119808	511.677	-44.0163	533.693	-0.00851597	22.008
1.09	-0.000126518	501.924	-44.0163	523.946	-0.0085647	22.0027
1.1	-0.000133534	492.435	-44.0162	514.463	-0.00861444	21.9974
1.11	-0.000140869	483.202	-44.0162	505.235	-0.00866519	21.992
1.12	-0.000148533	474.215	-44.0161	496.253	-0.00871694	21.9865
1.13	-0.000156537	465.465	-44.0161	487.509	-0.0087697	21.9811
1.14	-0.000164895	456.944	-44.016	478.994	-0.00882347	21.9755
1.15	-0.000173617	448.644	-44.016	470.699	-0.00887825	21.9699
1.16	-0.000182716	440.558	-44.0159	462.619	-0.00893405	21.9643
1.17	-0.000192204	432.678	-44.0159	454.745	-0.00899087	21.9586
1.18	-0.000202095	424.998	-44.0158	447.07	-0.0090487	21.9529
1.19	-0.000212402	417.51	-44.0158	439.588	-0.00910757	21.9471
1.2	-0.000223139	410.208	-44.0157	432.292	-0.00916746	21.9412
1.21	-0.000234318	403.086	-44.0157	425.176	-0.00922839	21.9354
1.22	-0.000245955	396.139	-44.0156	418.234	-0.00929036	21.9294
1.23	-0.000258063	389.36	-44.0156	411.461	-0.00935337	21.9234
1.24	-0.000270658	382.744	-44.0155	404.852	-0.00941743	21.9174
1.25	-0.000283755	376.286	-44.0155	398.4	-0.00948255	21.9113
1.26	-0.000297369	369.982	-44.0154	392.101	-0.00954873	21.9052
1.27	-0.000311516	363.825	-44.0153	385.951	-0.00961597	21.899
1.28	-0.000326211	357.812	-44.0153	379.944	-0.00968429	21.8928
1.29	-0.000341473	351.938	-44.0152	374.076	-0.00975369	21.8865
1.3	-0.000357316	346.198	-44.0152	368.343	-0.00982417	21.8802
1.31	-0.000373759	340.59	-44.0151	362.741	-0.00989575	21.8738
1.32	-0.000390819	335.108	-44.015	357.266	-0.00996844	21.8674
1.33	-0.000408513	329.75	-44.015	351.914	-0.0100422	21.861
1.34	-0.00042686	324.51	-44.0149	346.681	-0.0101171	21.8544
1.35	-0.000445879	319.387	-44.0149	341.564	-0.0101932	21.8479
1.36	-0.000465588	314.375	-44.0148	336.559	-0.0102703	21.8413
1.37	-0.000486007	309.473	-44.0147	331.664	-0.0103487	21.8346
1.38	-0.000507154	304.677	-44.0147	326.875	-0.0104281	21.8279
1.39	-0.000529051	299.984	-44.0146	322.188	-0.0105088	21.8211
1.4	-0.000551718	295.391	-44.0145	317.602	-0.0105905	21.8143
1.41	-0.000575175	290.895	-44.0144	313.113	-0.0106735	21.8075
1.42	-0.000599443	286.494	-44.0144	308.719	-0.0107577	21.8005
1.43	-0.000624545	282.184	-44.0143	304.416	-0.0108431	21.7936
1.44	-0.000650501	277.964	-44.0142	300.203	-0.0109297	21.7866
1.45	-0.000677334	273.83	-44.0141	296.076	-0.0110175	21.7795
1.46	-0.000705068	269.781	-44.0141	292.034	-0.0111065	21.7724
1.47	-0.000733724	265.814	-44.014	288.074	-0.0111968	21.7653
1.48	-0.000763327	261.928	-44.0139	284.195	-0.0112883	21.7581
1.49	-0.0007939	258.118	-44.0138	280.393	-0.0113811	21.7508
1.5	-0.000825468	254.385	-44.0138	276.667	-0.0114752	21.7435
1.51	-0.000858055	250.725	-44.0137	273.014	-0.0115706	21.7362
1.52	-0.000891687	247.137	-44.0136	269.434	-0.0116673	21.7288
1.53	-0.000926389	243.619	-44.0135	265.923	-0.0117653	21.7213
1.54	-0.000962186	240.17	-44.0134	262.481	-0.0118646	21.7138
1.55	-0.000999106	236.786	-44.0133	259.105	-0.0119652	21.7063
1.56	-0.00103717	233.467	-44.0132	255.794	-0.0120673	21.6987
1.57	-0.00107642	230.211	-44.0132	252.546	-0.0121707	21.6911
1.58	-0.00111687	227.017	-44.0131	249.359	-0.0122754	21.6834
1.59	-0.00115855	223.883	-44.013	246.232	-0.0123816	21.6756
1.6	-0.00120149	220.807	-44.0129	243.164	-0.0124892	21.6679
1.61	-0.00124572	217.787	-44.0128	240.153	-0.0125982	21.66
1.62	-0.00129127	214.824	-44.0127	237.197	-0.0127087	21.6521
1.63	-0.00133816	211.914	-44.0126	234.296	-0.0128206	21.6442
1.64	-0.00138644	209.058	-44.0125	231.447	-0.0129339	21.6362
1.65	-0.00143612	206.253	-44.0124	228.65	-0.0130488	21.6282
1.66	-0.00148725	203.498	-44.0123	225.904	-0.0131652	21.6201
1.67	-0.00153985	200.793	-44.0122	223.206	-0.0132831	21.612
1.68	-0.00159395	198.135	-44.0121	220.557	-0.0134025	21.6038
1.69	-0.00164958	195.525	-44.012	217.955	-0.0135235	21.5956
1.7	-0.00170679	192.96	-44.0119	215.398	-0.013646	21.5873
1.71	-0.00176559	190.439	-44.0117	212.886	-0.0137701	21.579
1.72	-0.00182604	187.963	-44.0116	210.418	-0.0138959	21.5706
1.73	-0.00188815	185.529	-44.0115	207.992	-0.0140232	21.5622
1.74	-0.00195197	183.137	-44.0114	205.608	-0.0141522	21.5537
1.75	-0.00201753	180.785	-44.0113	203.265	-0.0142829	21.5452
1.76	-0.00208486	178.473	-44.0112	200.962	-0.0144152	21.5366
1.77	-0.00215401	176.2	-44.011	198.698	-0.0145492	21.528
1.78	-0.002225	173.965	-44.0109	196.471	-0.0146849	21.5193
1.79	-0.00229788	171.767	-44.0108	194.282	-0.0148224	21.5106
1.8	-0.00237268	169.606	-44.0107	192.13	-0.0149616	21.5019
1.81	-0.00244945	167.48	-44.0105	190.013	-0.0151026	21.4931
1.82	-0.00252821	165.389	-44.0104	187.93	-0.0152454	21.4842
1.83	-0.00260901	163.332	-44.0103	185.882	-0.01539	21.4753
1.84	-0.00269188	161.308	-44.0101	183.867	-0.0155364	21.4663
1.85	-0.00277687	159.316	-44.01	181.885	-0.0156847	21.4573
1.86	-0.00286402	157.357	-44.0099	179.934	-0.0158349	21.4483
1.87	-0.00295336	155.428	-44.0097	178.015	-0.0159869	21.4392
1.88	-0.00304495	153.53	-44.0096	176.126	-0.0161409	21.43
1.89	-0.00313881	151.662	-44.0094	174.267	-0.0162968	21.4208
1.9	-0.003235	149.823	-44.0093	172.438	-0.0164547	21.4116
1.91	-0.00333355	148.013	-44.0091	170.637	-0.0166146	21.4023
1.92	-0.0034345	146.231	-44.009	168.864	-0.0167765	21.3929
1.93	-0.00353791	144.476	-44.0088	167.119	-0.0169404	21.3835
1.94	-0.00364381	142.748	-44.0087	165.4	-0.0171064	21.3741
1.95	-0.00375225	141.047	-44.0085	163.708	-0.0172744	21.3646
1.96	-0.00386328	139.371	-44.0084	162.042	-0.0174446	21.355
1.97	-0.00397693	137.721	-44.0082	160.401	-0.0176169	21.3454
1.98	-0.00409326	136.095	-44.008	158.785	-0.0177914	21.3358
1.99	-0.00421231	134.493	-44.0079	157.193	-0.017968	21.3261
2	-0.00433412	132.916	-44.0077	155.625	-0.0181469	21.3164
2.01	-0.00445875	131.361	-44.0075	154.08	-0.018328	21.3066
2.02	-0.00458624	129.829	-44.0073	152.559	-0.0185113	21.2967
2.03	-0.00471665	128.32	-44.0072	151.059	-0.018697	21.2868
2.04	-0.00485001	126.833	-44.007	149.582	-0.018885	21.2769
2.05	-0.00498637	125.367	-44.0068	148.126	-0.0190753	21.2669
2.06	-0.0051258	123.923	-44.0066	146.691	-0.019268	21.2569
2.07	-0.00526833	122.499	-44.0064	145.278	-0.019463	21.2468
2.08	-0.00541402	121.095	-44.0062	143.884	-0.0196606	21.2367
2.09	-0.00556291	119.711	-44.006	142.51	-0.0198605	21.2265
2.1	-0.00571507	118.347	-44.0058	141.156	-0.020063	21.2163
2.11	-0.00587053	117.002	-44.0056	139.822	-0.020268	21.206
2.12	-0.00602935	115.675	-44.0054	138.506	-0.0204756	21.1957
2.13	-0.00619159	114.368	-44.0052	137.208	-0.0206857	21.1853
2.14	-0.0063573	113.078	-44.005	135.929	-0.0208984	21.1749
2.15	-0.00652652	111.806	-44.0048	134.667	-0.0211138	21.1644
2.16	-0.00669932	110.551	-44.0046	133.423	-0.0213319	21.1539
2.17	-0.00687575	109.314	-44.0044	132.196	-0.0215527	21.1433
2.18	-0.00705587	108.093	-44.0041	130.986	-0.0217762	21.1327
2.19	-0.00723971	106.889	-44.0039	129.793	-0.0220025	21.122
2.2	-0.00742736	105.701	-44.0037	128.616	-0.0222316	21.1113
2.21	-0.00761885	104.529	-44.0034	127.454	-0.0224635	21.1006
2.22	-0.00781424	103.373	-44.0032	126.309	-0.0226984	21.0897
2.23	-0.0080136	102.231	-44.003	125.178	-0.0229361	21.0789
2.24	-0.00821698	101.105	-44.0027	124.063	-0.0231768	21.068
2.25	-0.00842443	99.9941	-44.0025	122.963	-0.0234205	21.057
2.26	-0.00863602	98.8973	-44.0022	121.877	-0.0236673	21.046
2.27	-0.0088518	97.8148	-44.002	120.806	-0.023917	21.0349
2.28	-0.00907183	96.7464	-44.0017	119.748	-0.0241699	21.0238
2.29	-0.00929616	95.6916	-44.0014	118.705	-0.024426	21.0127
2.3	-0.00952487	94.6505	-44.0012	117.675	-0.0246852	21.0015
2.31	-0.00975801	93.6226	-44.0009	116.658	-0.0249476	20.9902
2.32	-0.00999563	92.6078	-44.0006	115.655	-0.0252133	20.9789
2.33	-0.0102378	91.6059	-44.0003	114.664	-0.0254822	20.9676
2.34	-0.0104846	90.6165	-44.0001	113.686	-0.0257546	20.9562
2.35	-0.010736	89.6396	-43.9998	112.721	-0.0260302	20.9447
2.36	-0.0109922	88.6749	-43.9995	111.767	-0.0263094	20.9332
2.37	-0.0112532	87.7222	-43.9992	110.826	-0.026592	20.9217
2.38	-0.011519	86.7812	-43.9989	109.897	-0.026878	20.9101
2.39	-0.0117898	85.8519	-43.9986	108.979	-0.0271677	20.8984
2.4	-0.0120655	84.9339	-43.9983	108.073	-0.0274609	20.8868
2.41	-0.0123463	84.0272	-43.9979	107.178	-0.0277578	20.875
2.42	-0.0126322	83.1315	-43.9976	106.294	-0.0280584	20.8632
2.43	-0.0129233	82.2466	-43.9973	105.421	-0.0283627	20.8514
2.44	-0.0132196	81.3724	-43.997	104.559	-0.0286708	20.8395
2.45	-0.0135212	80.5087	-43.9966	103.707	-0.0289827	20.8276
2.46	-0.0138281	79.6553	-43.9963	102.865	-0.0292984	20.8156
2.47	-0.0141405	78.8121	-43.996	102.034	-0.0296182	20.8035
2.48	-0.0144584	77.9788	-43.9956	101.213	-0.0299418	20.7915
2.49	-0.0147819	77.1554	-43.9952	100.402	-0.0302695	20.7793
2.5	-0.0151109	76.3417	-43.9949	99.6	-0.0306013	20.7671
2.51	-0.0154457	75.5374	-43.9945	98.808	-0.0309372	20.7549
2.52	-0.0157862	74.7425	-43.9942	98.0253	-0.0312773	20.7426
2.53	-0.0161326	73.9569	-43.9938	97.2519	-0.0316216	20.7303
2.54	-0.0164848	73.1803	-43.9934	96.4877	-0.0319702	20.7179
2.55	-0.016843	72.4126	-43.993	95.7324	-0.0323231	20.7055
2.56	-0.0172073	71.6537	-43.9926	94.986	-0.0326804	20.693
2.57	-0.0175776	70.9035	-43.9922	94.2482	-0.0330421	20.6805
2.58	-0.0179541	70.1618	-43.9918	93.519	-0.0334084	20.6679
2.59	-0.0183368	69.4284	-43.9914	92.7983	-0.0337792	20.6553
2.6	-0.0187258	68.7033	-43.991	92.0858	-0.0341546	20.6427
2.61	-0.0191211	67.9864	-43.9905	91.3815	-0.0345347	20.6299
2.62	-0.0195229	67.2774	-43.9901	90.6853	-0.0349195	20.6172
2.63	-0.0199312	66.5763	-43.9897	89.997	-0.0353092	20.6044
2.64	-0.0203461	65.883	-43.9892	89.3165	-0.0357036	20.5915
2.65	-0.0207676	65.1973	-43.9888	88.6436	-0.036103	20.5786
2.66	-0.0211959	64.5192	-43.9883	87.9784	-0.0365074	20.5656
2.67	-0.0216309	63.8485	-43.9879	87.3206	-0.0369168	20.5526
2.68	-0.0220727	63.185	-43.9874	86.6702	-0.0373313	20.5396
2.69	-0.0225215	62.5288	-43.9869	86.027	-0.037751	20.5264
2.7	-0.0229772	61.8796	-43.9864	85.3909	-0.0381759	20.5133
2.71	-0.02344	61.2375	-43.9859	84.7619	-0.0386061	20.5001
2.72	-0.0239099	60.6022	-43.9854	84.1398	-0.0390417	20.4868
2.73	-0.024387	59.9736	-43.9849	83.5245	-0.0394827	20.4735
2.74	-0.0248714	59.3518	-43.9844	82.916	-0.0399292	20.4602
2.75	-0.0253631	58.7366	-43.9839	82.314	-0.0403813	20.4468
2.76	-0.0258622	58.1278	-43.9834	81.7187	-0.040839	20.4333
2.77	-0.0263688	57.5254	-43.9828	81.1297	-0.0413025	20.4198
2.78	-0.0268829	56.9293	-43.9823	80.5471	-0.0417717	20.4063
2.79	-0.0274047	56.3394	-43.9817	79.9707	-0.0422468	20.3927
2.8	-0.0279341	55.7557	-43.9812	79.4005	-0.0427278	20.379
2.81	-0.0284713	55.1779	-43.9806	78.8364	-0.0432149	20.3653
2.82	-0.0290163	54.6061	-43.98	78.2783	-0.043708	20.3516
2.83	-0.0295691	54.0402	-43.9794	77.726	-0.0442073	20.3378
2.84	-0.03013	53.4801	-43.9788	77.1796	-0.0447129	20.324
2.85	-0.0306989	52.9256	-43.9782	76.639	-0.0452247	20.3101
2.86	-0.0312758	52.3768	-43.9776	76.104	-0.045743	20.2961
2.87	-0.031861	51.8335	-43.977	75.5745	-0.0462677	20.2822
2.88	-0.0324544	51.2956	-43.9763	75.0506	-0.0467991	20.2681
2.89	-0.033056	50.7632	-43.9757	74.5322	-0.047337	20.254
2.9	-0.0336661	50.236	-43.975	74.019	-0.0478818	20.2399
2.91	-0.0342846	49.7141	-43.9744	73.5112	-0.0484333	20.2257
2.92	-0.0349117	49.1973	-43.9737	73.0085	-0.0489917	20.2115
2.93	-0.0355473	48.6857	-43.973	72.511	-0.0495572	20.1972
2.94	-0.0361915	48.179	-43.9723	72.0186	-0.0501297	20.1829
2.95	-0.0368445	47.6774	-43.9716	71.5312	-0.0507094	20.1685
2.96	-0.0375063	47.1806	-43.9709	71.0487	-0.0512964	20.1541
2.97	-0.0381769	46.6886	-43.9702	70.571	-0.0518907	20.1396
2.98	-0.0388565	46.2014	-43.9694	70.0982	-0.0524925	20.1251
2.99	-0.039545	45.7188	-43.9687	69.6301	-0.0531018	20.1105
3	-0.0402426	45.2409	-43.9679	69.1667	-0.0537188	20.0959
3.01	-0.0409494	44.7676	-43.9672	68.7079	-0.0543436	20.0812
3.02	-0.0416653	44.2987	-43.9664	68.2536	-0.0549761	20.0665
3.03	-0.0423905	43.8343	-43.9656	67.8038	-0.0556166	20.0517
3.04	-0.043125	43.3743	-43.9648	67.3585	-0.0562652	20.0369
3.05	-0.0438689	42.9187	-43.964	66.9175	-0.0569219	20.022
3.06	-0.0446223	42.4673	-43.9631	66.4808	-0.0575869	20.0071
3.07	-0.0453852	42.0201	-43.9623	66.0484	-0.0582602	19.9922
3.08	-0.0461577	41.577	-43.9614	65.6203	-0.058942	19.9772
3.09	-0.0469398	41.1381	-43.9606	65.1962	-0.0596323	19.9621
3.1	-0.0477317	40.7033	-43.9597	64.7763	-0.0603314	19.947
3.11	-0.0485333	40.2724	-43.9588	64.3604	-0.0610392	19.9318
3.12	-0.0493448	39.8455	-43.9579	63.9485	-0.0617559	19.9166
3.13	-0.0501662	39.4224	-43.957	63.5405	-0.0624817	19.9014
3.14	-0.0509976	39.0033	-43.956	63.1364	-0.0632166	19.8861
3.15	-0.051839	38.5879	-43.9551	62.7362	-0.0639607	19.8707
3.16	-0.0526905	38.1763	-43.9541	62.3398	-0.0647142	19.8553
3.17	-0.0535521	37.7683	-43.9531	61.9471	-0.0654772	19.8399
3.18	-0.054424	37.3641	-43.9521	61.5581	-0.0662498	19.8244
3.19	-0.0553061	36.9634	-43.9511	61.1727	-0.0670322	19.8088
3.2	-0.0561986	36.5663	-43.9501	60.791	-0.0678244	19.7932
3.21	-0.0571015	36.1727	-43.9491	60.4128	-0.0686266	19.7776
3.22	-0.0580148	35.7826	-43.948	60.0382	-0.0694389	19.7619
3.23	-0.0589387	35.3959	-43.9469	59.667	-0.0702614	19.7461
3.24	-0.0598731	35.0126	-43.9459	59.2993	-0.0710943	19.7303
3.25	-0.0608181	34.6327	-43.9448	58.9349	-0.0719377	19.7145
3.26	-0.0617739	34.2561	-43.9436	58.5739	-0.0727918	19.6986
3.27	-0.0627403	33.8827	-43.9425	58.2162	-0.0736566	19.6827
3.28	-0.0637176	33.5125	-43.9414	57.8618	-0.0745324	19.6667
3.29	-0.0647057	33.1456	-43.9402	57.5106	-0.0754192	19.6506
3.3	-0.0657048	32.7818	-43.939	57.1625	-0.0763172	19.6345
3.31	-0.0667147	32.4211	-43.9378	56.8177	-0.0772265	19.6184
3.32	-0.0677357	32.0634	-43.9366	56.4759	-0.0781474	19.6022
3.33	-0.0687678	31.7088	-43.9353	56.1372	-0.0790798	19.586
3.34	-0.0698109	31.3572	-43.9341	55.8016	-0.080024	19.5697
3.35	-0.0708653	31.0085	-43.9328	55.4689	-0.0809802	19.5534
3.36	-0.0719308	30.6628	-43.9315	55.1392	-0.0819485	19.537
3.37	-0.0730076	30.32	-43.9302	54.8125	-0.0829289	19.5206
3.38	-0.0740957	29.98	-43.9288	54.4886	-0.0839218	19.5041
3.39	-0.0751952	29.6428	-43.9275	54.1676	-0.0849273	19.4876
3.4	-0.0763061	29.3084	-43.9261	53.8495	-0.0859454	19.471
3.41	-0.0774284	28.9768	-43.9247	53.5341	-0.0869764	19.4544
3.42	-0.0785622	28.6479	-43.9233	53.2215	-0.0880205	19.4377
3.43	-0.0797075	28.3217	-43.9219	52.9116	-0.0890778	19.421
3.44	-0.0808644	27.9981	-43.9204	52.6044	-0.0901484	19.4042
3.45	-0.082033	27.6772	-43.9189	52.2999	-0.0912326	19.3874
3.46	-0.0832132	27.3589	-43.9174	51.9981	-0.0923305	19.3705
3.47	-0.0844051	27.0431	-43.9159	51.6988	-0.0934424	19.3536
3.48	-0.0856087	26.7299	-43.9143	51.4021	-0.0945683	19.3367
3.49	-0.0868242	26.4191	-43.9128	51.108	-0.0957084	19.3196
3.5	-0.0880514	26.1109	-43.9112	50.8163	-0.096863	19.3026
3.51	-0.0892905	25.8051	-43.9095	50.5272	-0.0980322	19.2855
3.52	-0.0905415	25.5017	-43.9079	50.2405	-0.0992162	19.2683
3.53	-0.0918044	25.2007	-43.9062	49.9563	-0.100415	19.2511
3.54	-0.0930793	24.9021	-43.9045	49.6744	-0.101629	19.2338
3.55	-0.0943661	24.6058	-43.9028	49.395	-0.102859	19.2165
3.56	-0.095665	24.3119	-43.9011	49.1179	-0.104104	19.1992
3.57	-0.0969759	24.0202	-43.8993	48.8431	-0.105365	19.1818
3.58	-0.0982989	23.7308	-43.8975	48.5706	-0.106642	19.1643
3.59	-0.099634	23.4436	-43.8957	48.3004	-0.107935	19.1468
3.6	-0.100981	23.1586	-43.8938	48.0324	-0.109245	19.1293
3.61	-0.102341	22.8758	-43.8919	47.7667	-0.110571	19.1117
3.62	-0.103712	22.5952	-43.89	47.5031	-0.111914	19.094
3.63	-0.105096	22.3167	-43.8881	47.2418	-0.113274	19.0763
3.64	-0.106492	22.0404	-43.8861	46.9826	-0.114651	19.0586
3.65	-0.1079	21.7661	-43.8841	46.7255	-0.116045	19.0408
3.66	-0.109321	21.4939	-43.8821	46.4705	-0.117458	19.0229
3.67	-0.110753	21.2237	-43.88	46.2176	-0.118888	19.005
3.68	-0.112199	20.9556	-43.8779	45.9667	-0.120336	18.9871
3.69	-0.113656	20.6894	-43.8758	45.7179	-0.121803	18.9691
3.7	-0.115126	20.4253	-43.8737	45.4711	-0.123289	18.9511
3.71	-0.116608	20.163	-43.8715	45.2263	-0.124793	18.933
3.72	-0.118102	19.9028	-43.8693	44.9835	-0.126316	18.9149
3.73	-0.119609	19.6444	-43.867	44.7426	-0.127859	18.8967
3.74	-0.121128	19.388	-43.8648	44.5037	-0.129421	18.8784
3.75	-0.12266	19.1334	-43.8624	44.2667	-0.131003	18.8602
3.76	-0.124204	18.8806	-43.8601	44.0315	-0.132605	18.8418
3.77	-0.12576	18.6297	-43.8577	43.7982	-0.134227	18.8234
3.78	-0.127329	18.3807	-43.8553	43.5668	-0.13587	18.805
3.79	-0.12891	18.1334	-43.8528	43.3372	-0.137534	18.7865
3.8	-0.130503	17.8879	-43.8503	43.1094	-0.139219	18.768
3.81	-0.132109	17.6441	-43.8478	42.8834	-0.140925	18.7494
3.82	-0.133728	17.4021	-43.8452	42.6592	-0.142653	18.7308
3.83	-0.135358	17.1618	-43.8426	42.4367	-0.144403	18.7121
3.84	-0.137001	16.9232	-43.84	42.216	-0.146175	18.6934
3.85	-0.138657	16.6863	-43.8373	41.997	-0.14797	18.6746
3.86	-0.140325	16.4511	-43.8346	41.7796	-0.149787	18.6558
3.87	-0.142005	16.2175	-43.8318	41.564	-0.151628	18.637
3.88	-0.143697	15.9856	-43.829	41.35	-0.153491	18.618
3.89	-0.145402	15.7552	-43.8262	41.1377	-0.155379	18.5991
3.9	-0.147119	15.5265	-43.8233	40.927	-0.15729	18.5801
3.91	-0.148849	15.2994	-43.8203	40.7179	-0.159226	18.561
3.92	-0.150591	15.0738	-43.8174	40.5105	-0.161186	18.5419
3.93	-0.152345	14.8498	-43.8143	40.3046	-0.163171	18.5227
3.94	-0.154111	14.6273	-43.8113	40.1002	-0.165181	18.5035
3.95	-0.155889	14.4063	-43.8082	39.8975	-0.167217	18.4842
3.96	-0.15768	14.1869	-43.805	39.6962	-0.169278	18.4649
3.97	-0.159483	13.9689	-43.8018	39.4965	-0.171366	18.4456
3.98	-0.161298	13.7524	-43.7986	39.2983	-0.17348	18.4262
3.99	-0.163125	13.5374	-43.7953	39.1015	-0.175621	18.4067
4	-0.164964	13.3238	-43.7919	38.9062	-0.177789	18.3872
4.01	-0.166815	13.1116	-43.7885	38.7124	-0.179984	18.3677
4.02	-0.168678	12.9009	-43.7851	38.5201	-0.182207	18.3481
4.03	-0.170554	12.6916	-43.7815	38.3292	-0.184459	18.3284
4.04	-0.172441	12.4836	-43.778	38.1396	-0.186739	18.3087
4.05	-0.17434	12.2771	-43.7744	37.9515	-0.189048	18.289
4.06	-0.176251	12.0719	-43.7707	37.7648	-0.191386	18.2692
4.07	-0.178173	11.868	-43.767	37.5795	-0.193754	18.2493
4.08	-0.180108	11.6655	-43.7632	37.3955	-0.196151	18.2294
4.09	-0.182054	11.4643	-43.7594	37.2128	-0.198579	18.2095
4.1	-0.184011	11.2645	-43.7555	37.0315	-0.201038	18.1895
4.11	-0.185981	11.0659	-43.7516	36.8515	-0.203528	18.1695
4.12	-0.187962	10.8686	-43.7476	36.6729	-0.20605	18.1494
4.13	-0.189954	10.6726	-43.7435	36.4955	-0.208603	18.1292
4.14	-0.191958	10.4779	-43.7394	36.3194	-0.211188	18.109
4.15	-0.193973	10.2844	-43.7352	36.1446	-0.213807	18.0888
4.16	-0.195999	10.0921	-43.731	35.971	-0.216458	18.0685
4.17	-0.198037	9.90107	-43.7267	35.7987	-0.219143	18.0482
4.18	-0.200086	9.71126	-43.7223	35.6276	-0.221862	18.0278
4.19	-0.202146	9.52265	-43.7179	35.4578	-0.224615	18.0074
4.2	-0.204217	9.33524	-43.7134	35.2891	-0.227403	17.9869
4.21	-0.2063	9.14901	-43.7088	35.1217	-0.230226	17.9664
4.22	-0.208393	8.96395	-43.7042	34.9554	-0.233085	17.9458
4.23	-0.210496	8.78006	-43.6995	34.7903	-0.23598	17.9252
4.24	-0.212611	8.59731	-43.6947	34.6264	-0.238911	17.9045
4.25	-0.214736	8.41571	-43.6899	34.4637	-0.241879	17.8838
4.26	-0.216872	8.23523	-43.6849	34.3021	-0.244885	17.863
4.27	-0.219019	8.05588	-43.68	34.1416	-0.247929	17.8422
4.28	-0.221175	7.87764	-43.6749	33.9822	-0.251011	17.8213
4.29	-0.223342	7.70049	-43.6698	33.824	-0.254132	17.8004
4.3	-0.22552	7.52444	-43.6645	33.6668	-0.257292	17.7794
4.31	-0.227707	7.34947	-43.6592	33.5108	-0.260492	17.7584
4.32	-0.229905	7.17557	-43.6539	33.3558	-0.263732	17.7373
4.33	-0.232113	7.00273	-43.6484	33.2019	-0.267013	17.7162
4.34	-0.23433	6.83094	-43.6429	33.0491	-0.270335	17.6951
4.35	-0.236557	6.6602	-43.6373	32.8973	-0.273699	17.6739
4.36	-0.238794	6.4905	-43.6316	32.7466	-0.277105	17.6526
4.37	-0.241041	6.32181	-43.6258	32.5969	-0.280554	17.6313
4.38	-0.243297	6.15415	-43.62	32.4482	-0.284046	17.6099
4.39	-0.245562	5.9875	-43.614	32.3006	-0.287583	17.5885
4.4	-0.247836	5.82184	-43.608	32.1539	-0.291163	17.5671
4.41	-0.25012	5.65718	-43.6019	32.0083	-0.294788	17.5456
4.42	-0.252413	5.4935	-43.5956	31.8636	-0.298459	17.524
4.43	-0.254714	5.3308	-43.5893	31.7199	-0.302176	17.5024
4.44	-0.257024	5.16906	-43.5829	31.5772	-0.305939	17.4807
4.45	-0.259343	5.00829	-43.5764	31.4354	-0.309749	17.459
4.46	-0.261671	4.84846	-43.5698	31.2946	-0.313607	17.4373
4.47	-0.264007	4.68958	-43.5632	31.1548	-0.317513	17.4155
4.48	-0.266351	4.53164	-43.5564	31.0158	-0.321468	17.3937
4.49	-0.268704	4.37463	-43.5495	30.8778	-0.325473	17.3718
4.5	-0.271064	4.21853	-43.5425	30.7407	-0.329527	17.3498
4.51	-0.273432	4.06335	-43.5354	30.6046	-0.333632	17.3278
4.52	-0.275808	3.90908	-43.5282	30.4693	-0.337788	17.3058
4.53	-0.278192	3.75571	-43.5209	30.3349	-0.341996	17.2837
4.54	-0.280583	3.60323	-43.5135	30.2014	-0.346256	17.2616
4.55	-0.282981	3.45164	-43.506	30.0688	-0.350569	17.2394
4.56	-0.285387	3.30092	-43.4984	29.9371	-0.354936	17.2171
4.57	-0.2878	3.15108	-43.4906	29.8062	-0.359357	17.1948
4.58	-0.290219	3.00211	-43.4828	29.6762	-0.363833	17.1725
4.59	-0.292646	2.85399	-43.4748	29.547	-0.368364	17.1501
4.6	-0.295079	2.70673	-43.4667	29.4187	-0.372952	17.1277
4.61	-0.297518	2.56031	-43.4585	29.2912	-0.377597	17.1052
4.62	-0.299964	2.41474	-43.4502	29.1646	-0.382298	17.0827
4.63	-0.302416	2.27	-43.4418	29.0387	-0.387059	17.0601
4.64	-0.304873	2.12609	-43.4332	28.9137	-0.391878	17.0375
4.65	-0.307337	1.983	-43.4245	28.7895	-0.396756	17.0148
4.66	-0.309806	1.84073	-43.4157	28.666	-0.401695	16.9921
4.67	-0.312281	1.69927	-43.4067	28.5434	-0.406694	16.9693
4.68	-0.314761	1.55862	-43.3976	28.4215	-0.411756	16.9465
4.69	-0.317246	1.41877	-43.3884	28.3005	-0.416879	16.9236
4.7	-0.319736	1.27971	-43.3791	28.1802	-0.422066	16.9007
4.71	-0.32223	1.14144	-43.3696	28.0606	-0.427316	16.8777
4.72	-0.32473	1.00395	-43.36	27.9419	-0.43263	16.8547
4.73	-0.327234	0.867246	-43.3502	27.8238	-0.43801	16.8316
4.74	-0.329742	0.731313	-43.3403	27.7066	-0.443456	16.8085
4.75	-0.332254	0.596149	-43.3303	27.59	-0.448969	16.7853
4.76	-0.33477	0.461748	-43.3201	27.4742	-0.454549	16.7621
4.77	-0.337289	0.328107	-43.3097	27.3591	-0.460197	16.7389
4.78	-0.339813	0.19522	-43.2992	27.2448	-0.465914	16.7156
4.79	-0.342339	0.0630825	-43.2886	27.1312	-0.4717	16.6922
4.8	-0.344869	-0.0683101	-43.2778	27.0182	-0.477558	16.6688
4.81	-0.347401	-0.198962	-43.2668	26.906	-0.483486	16.6453
4.82	-0.349936	-0.328878	-43.2557	26.7945	-0.489487	16.6218
4.83	-0.352474	-0.458063	-43.2444	26.6836	-0.49556	16.5983
4.84	-0.355014	-0.58652	-43.233	26.5735	-0.501707	16.5747
4.85	-0.357556	-0.714254	-43.2214	26.464	-0.507928	16.551
4.86	-0.3601	-0.841268	-43.2096	26.3552	-0.514225	16.5273
4.87	-0.362646	-0.967568	-43.1976	26.2471	-0.520598	16.5036
4.88	-0.365193	-1.09316	-43.1855	26.1396	-0.527047	16.4798
4.89	-0.367742	-1.21804	-43.1732	26.0328	-0.533575	16.4559
4.9	-0.370291	-1.34221	-43.1607	25.9267	-0.540181	16.432
4.91	-0.372842	-1.46569	-43.1481	25.8212	-0.546866	16.4081
4.92	-0.375393	-1.58847	-43.1353	25.7163	-0.553632	16.3841
4.93	-0.377944	-1.71056	-43.1222	25.6121	-0.560478	16.36
4.94	-0.380496	-1.83196	-43.109	25.5085	-0.567407	16.3359
4.95	-0.383048	-1.95267	-43.0956	25.4056	-0.574419	16.3118
4.96	-0.385599	-2.0727	-43.082	25.3032	-0.581514	16.2876
4.97	-0.38815	-2.19206	-43.0682	25.2015	-0.588694	16.2634
4.98	-0.390701	-2.31073	-43.0543	25.1004	-0.595959	16.2391
4.99	-0.39325	-2.42873	-43.0401	24.9999	-0.60331	16.2148
5	-0.395798	-2.54607	-43.0257	24.9	-0.610749	16.1904
5.01	-0.398345	-2.66273	-43.0111	24.8007	-0.618276	16.1659
5.02	-0.40089	-2.77873	-42.9963	24.702	-0.625892	16.1414
5.03	-0.403434	-2.89407	-42.9813	24.6039	-0.633598	16.1169
5.04	-0.405975	-3.00875	-42.966	24.5063	-0.641394	16.0923
5.05	-0.408514	-3.12277	-42.9506	24.4094	-0.649283	16.0677
5.06	-0.41105	-3.23614	-42.9349	24.313	-0.657264	16.043
5.07	-0.413584	-3.34886	-42.919	24.2172	-0.665338	16.0183
5.08	-0.416114	-3.46093	-42.9029	24.1219	-0.673507	15.9935
5.09	-0.418642	-3.57235	-42.8865	24.0272	-0.681772	15.9687
5.1	-0.421165	-3.68313	-42.8699	23.9331	-0.690133	15.9438
5.11	-0.423685	-3.79326	-42.8531	23.8395	-0.698591	15.9189
5.12	-0.426201	-3.90276	-42.836	23.7465	-0.707148	15.8939
5.13	-0.428713	-4.01162	-42.8187	23.654	-0.715803	15.8689
5.14	-0.43122	-4.11984	-42.8012	23.5621	-0.724559	15.8438
5.15	-0.433722	-4.22742	-42.7834	23.4706	-0.733416	15.8187
5.16	-0.43622	-4.33438	-42.7653	23.3798	-0.742375	15.7936
5.17	-0.438712	-4.4407	-42.747	23.2894	-0.751437	15.7683
5.18	-0.441198	-4.5464	-42.7284	23.1996	-0.760603	15.7431
5.19	-0.443679	-4.65146	-42.7096	23.1102	-0.769873	15.7178
5.2	-0.446153	-4.7559	-42.6905	23.0214	-0.77925	15.6924
5.21	-0.448622	-4.85972	-42.6711	22.9332	-0.788733	15.667
5.22	-0.451083	-4.96291	-42.6515	22.8454	-0.798325	15.6415
5.23	-0.453538	-5.06547	-42.6316	22.7581	-0.808025	15.616
5.24	-0.455986	-5.16742	-42.6114	22.6713	-0.817835	15.5905
5.25	-0.458427	-5.26875	-42.5909	22.585	-0.827755	15.5649
5.26	-0.46086	-5.36946	-42.5701	22.4992	-0.837787	15.5392
5.27	-0.463284	-5.46955	-42.5491	22.4139	-0.847932	15.5135
5.28	-0.465701	-5.56902	-42.5277	22.3291	-0.85819	15.4878
5.29	-0.46811	-5.66788	-42.5061	22.2448	-0.868563	15.462
5.3	-0.470509	-5.76612	-42.4841	22.1609	-0.879051	15.4361
5.31	-0.4729	-5.86374	-42.4618	22.0775	-0.889656	15.4102
5.32	-0.475282	-5.96076	-42.4392	21.9946	-0.900379	15.3843
5.33	-0.477654	-6.05715	-42.4163	21.9121	-0.911219	15.3583
5.34	-0.480016	-6.15294	-42.3931	21.8302	-0.922179	15.3322
5.35	-0.482369	-6.24811	-42.3696	21.7486	-0.93326	15.3061
5.36	-0.484711	-6.34266	-42.3457	21.6675	-0.944461	15.28
5.37	-0.487042	-6.43661	-42.3215	21.5869	-0.955785	15.2538
5.38	-0.489363	-6.52994	-42.297	21.5068	-0.967232	15.2276
5.39	-0.491672	-6.62266	-42.2721	21.427	-0.978803	15.2013
5.4	-0.493971	-6.71476	-42.2469	21.3477	-0.990499	15.1749
5.41	-0.496257	-6.80626	-42.2214	21.2689	-1.00232	15.1485
5.42	-0.498532	-6.89714	-42.1955	21.1905	-1.01427	15.1221
5.43	-0.500794	-6.9874	-42.1692	21.1125	-1.02635	15.0956
5.44	-0.503044	-7.07706	-42.1425	21.035	-1.03855	15.0691
5.45	-0.505281	-7.1661	-42.1155	20.9578	-1.05089	15.0425
5.46	-0.507505	-7.25452	-42.0882	20.8811	-1.06335	15.0159
5.47	-0.509716	-7.34233	-42.0604	20.8049	-1.07595	14.9892
5.48	-0.511913	-7.42952	-42.0323	20.729	-1.08868	14.9625
5.49	-0.514097	-7.5161	-42.0038	20.6535	-1.10154	14.9357
5.5	-0.516266	-7.60206	-41.9749	20.5785	-1.11454	14.9089
5.51	-0.518421	-7.68739	-41.9456	20.5039	-1.12767	14.882
5.52	-0.520562	-7.77211	-41.9159	20.4297	-1.14093	14.8551
5.53	-0.522687	-7.8561	-41.8858	20.3558	-1.15434	14.8282
5.54	-0.524797	-7.93932	-41.8553	20.2824	-1.16788	14.8014
5.55	-0.526892	-8.02178	-41.8244	20.2094	-1.18156	14.7748
5.56	-0.528971	-8.10346	-41.7931	20.1368	-1.19537	14.7482
5.57	-0.531034	-8.18438	-41.7613	20.0645	-1.20933	14.7217
5.58	-0.533081	-8.26452	-41.7291	19.9927	-1.22343	14.6953
5.59	-0.535111	-8.3439	-41.6965	19.9212	-1.23766	14.6691
5.6	-0.537124	-8.4225	-41.6634	19.8501	-1.25204	14.6429
5.61	-0.53912	-8.50032	-41.6299	19.7794	-1.26657	14.6168
5.62	-0.541099	-8.57737	-41.596	19.7091	-1.28123	14.5907
5.63	-0.54306	-8.65365	-41.5616	19.6391	-1.29604	14.5648
5.64	-0.545004	-8.72914	-41.5267	19.5696	-1.311	14.539
5.65	-0.546929	-8.80386	-41.4914	19.5004	-1.3261	14.5133
5.66	-0.548836	-8.87779	-41.4556	19.4315	-1.34134	14.4876
5.67	-0.550724	-8.95094	-41.4193	19.363	-1.35673	14.4621
5.68	-0.552593	-9.02331	-41.3826	19.2949	-1.37227	14.4366
5.69	-0.554443	-9.09489	-41.3453	19.2271	-1.38796	14.4112
5.7	-0.556274	-9.16568	-41.3076	19.1597	-1.40379	14.386
5.71	-0.558085	-9.23567	-41.2694	19.0927	-1.41977	14.3608
5.72	-0.559876	-9.30488	-41.2306	19.026	-1.43591	14.3357
5.73	-0.561646	-9.37329	-41.1914	18.9596	-1.45219	14.3106
5.74	-0.563397	-9.4409	-41.1516	18.8936	-1.46862	14.2857
5.75	-0.565126	-9.50772	-41.1114	18.828	-1.4852	14.2609
5.76	-0.566835	-9.57373	-41.0706	18.7627	-1.50193	14.2361
5.77	-0.568523	-9.63893	-41.0292	18.6977	-1.51881	14.2114
5.78	-0.570189	-9.70333	-40.9874	18.633	-1.53584	14.1869
5.79	-0.571833	-9.76691	-40.945	18.5687	-1.55302	14.1623
5.8	-0.573456	-9.82969	-40.902	18.5048	-1.57036	14.1379
5.81	-0.575056	-9.89164	-40.8585	18.4411	-1.58785	14.1136
5.82	-0.576634	-9.95278	-40.8144	18.3778	-1.60549	14.0893
5.83	-0.57819	-10.0131	-40.7698	18.3148	-1.62328	14.0652
5.84	-0.579722	-10.0726	-40.7246	18.2521	-1.64122	14.0411
5.85	-0.581232	-10.1312	-40.6788	18.1898	-1.65931	14.0171
5.86	-0.582718	-10.1891	-40.6324	18.1278	-1.67756	13.9932
5.87	-0.584181	-10.2461	-40.5855	18.066	-1.69596	13.9693
5.88	-0.58562	-10.3022	-40.5379	18.0047	-1.71451	13.9456
5.89	-0.587035	-10.3575	-40.4898	17.9436	-1.73321	13.9219
5.9	-0.588426	-10.412	-40.441	17.8828	-1.75207	13.8983
5.91	-0.589793	-10.4656	-40.3917	17.8223	-1.77107	13.8748
5.92	-0.591135	-10.5184	-40.3417	17.7622	-1.79023	13.8514
5.93	-0.592452	-10.5703	-40.2911	17.7023	-1.80953	13.828
5.94	-0.593745	-10.6213	-40.2398	17.6428	-1.82899	13.8047
5.95	-0.595012	-10.6715	-40.1879	17.5835	-1.8486	13.7815
5.96	-0.596253	-10.7208	-40.1354	17.5245	-1.86835	13.7584
5.97	-0.59747	-10.7692	-40.0822	17.4659	-1.88826	13.7353
5.98	-0.59866	-10.8168	-40.0284	17.4075	-1.90831	13.7124
5.99	-0.599824	-10.8635	-39.9739	17.3494	-1.92851	13.6895
6	-0.600963	-10.9092	-39.9187	17.2917	-1.94886	13.6667
6.01	-0.602075	-10.9541	-39.8629	17.2342	-1.96935	13.6439
6.02	-0.60316	-10.9981	-39.8064	17.177	-1.98999	13.6213
6.03	-0.604219	-11.0412	-39.7491	17.12	-2.01077	13.5987
6.04	-0.605251	-11.0834	-39.6913	17.0634	-2.0317	13.5762
6.05	-0.606256	-11.1247	-39.6327	17.007	-2.05276	13.5537
6.06	-0.607234	-11.165	-39.5734	16.951	-2.07397	13.5314
6.07	-0.608184	-11.2045	-39.5133	16.8951	-2.09532	13.5091
6.08	-0.609107	-11.243	-39.4526	16.8396	-2.11681	13.4868
6.09	-0.610002	-11.2805	-39.3912	16.7844	-2.13844	13.4647
6.1	-0.61087	-11.3172	-39.329	16.7294	-2.1602	13.4426
6.11	-0.611709	-11.3529	-39.2661	16.6747	-2.1821	13.4206
6.12	-0.612521	-11.3876	-39.2024	16.6202	-2.20413	13.3987
6.13	-0.613304	-11.4214	-39.138	16.566	-2.22629	13.3768
6.14	-0.614059	-11.4543	-39.0729	16.5121	-2.24858	13.355
6.15	-0.614785	-11.4862	-39.007	16.4585	-2.271	13.3333
6.16	-0.615483	-11.5171	-38.9403	16.4051	-2.29355	13.3117
6.17	-0.616152	-11.547	-38.8728	16.3519	-2.31622	13.2901
6.18	-0.616792	-11.576	-38.8046	16.2991	-2.33901	13.2686
6.19	-0.617403	-11.6039	-38.7356	16.2464	-2.36193	13.2472
6.2	-0.617984	-11.6309	-38.6658	16.1941	-2.38496	13.2258
6.21	-0.618537	-11.6569	-38.5952	16.142	-2.40811	13.2045
6.22	-0.61906	-11.6819	-38.5239	16.0901	-2.43137	13.1833
6.23	-0.619554	-11.7058	-38.4517	16.0385	-2.45475	13.1621
6.24	-0.620019	-11.7288	-38.3787	15.9871	-2.47823	13.141
6.25	-0.620454	-11.7507	-38.3049	15.936	-2.50182	13.12
6.26	-0.620859	-11.7716	-38.2303	15.8851	-2.52552	13.099
6.27	-0.621234	-11.7915	-38.1548	15.8345	-2.54931	13.0781
6.28	-0.62158	-11.8103	-38.0785	15.7841	-2.57321	13.0573
6.29	-0.621895	-11.8281	-38.0014	15.734	-2.5972	13.0366
6.3	-0.622181	-11.8448	-37.9234	15.6841	-2.62128	13.0159
6.31	-0.622436	-11.8605	-37.8446	15.6344	-2.64545	12.9952
6.32	-0.622662	-11.8751	-37.765	15.5849	-2.66971	12.9747
6.33	-0.622857	-11.8886	-37.6845	15.5357	-2.69405	12.9542
6.34	-0.623022	-11.901	-37.6031	15.4868	-2.71847	12.9338
6.35	-0.623157	-11.9124	-37.5208	15.438	-2.74296	12.9134
6.36	-0.623261	-11.9227	-37.4377	15.3895	-2.76753	12.8931
6.37	-0.623335	-11.9318	-37.3538	15.3412	-2.79217	12.8728
6.38	-0.623379	-11.9399	-37.2689	15.2932	-2.81687	12.8527
6.39	-0.623393	-11.9469	-37.1832	15.2454	-2.84163	12.8326
6.4	-0.623376	-11.9527	-37.0965	15.1978	-2.86645	12.8125
6.41	-0.623328	-11.9574	-37.009	15.1504	-2.89133	12.7925
6.42	-0.62325	-11.961	-36.9206	15.1032	-2.91625	12.7726
6.43	-0.623142	-11.9635	-36.8313	15.0563	-2.94122	12.7527
6.44	-0.623003	-11.9648	-36.7411	15.0095	-2.96622	12.7329
6.45	-0.622833	-11.965	-36.6499	14.963	-2.99127	12.7132
6.46	-0.622634	-11.964	-36.5579	14.9168	-3.01634	12.6935
6.47	-0.622403	-11.9618	-36.465	14.8707	-3.04144	12.6739
6.48	-0.622143	-11.9585	-36.3711	14.8248	-3.06657	12.6543
6.49	-0.621852	-11.954	-36.2763	14.7792	-3.09171	12.6348
6.5	-0.62153	-11.9484	-36.1806	14.7337	-3.11686	12.6154
6.51	-0.621179	-11.9415	-36.084	14.6885	-3.14202	12.596
6.52	-0.620797	-11.9335	-35.9865	14.6435	-3.16718	12.5767
6.53	-0.620384	-11.9242	-35.888	14.5987	-3.19234	12.5574
6.54	-0.619942	-11.9138	-35.7886	14.554	-3.21749	12.5382
6.55	-0.619469	-11.9021	-35.6882	14.5096	-3.24263	12.5191
6.56	-0.618967	-11.8892	-35.5869	14.4654	-3.26774	12.5
6.57	-0.618434	-11.8751	-35.4847	14.4214	-3.29284	12.481
6.58	-0.617871	-11.8598	-35.3816	14.3776	-3.3179	12.462
6.59	-0.617278	-11.8433	-35.2775	14.334	-3.34292	12.4431
6.6	-0.616656	-11.8255	-35.1724	14.2906	-3.3679	12.4242
6.61	-0.616004	-11.8064	-35.0665	14.2474	-3.39284	12.4054
6.62	-0.615322	-11.7861	-34.9596	14.2044	-3.41772	12.3867
6.63	-0.614611	-11.7646	-34.8517	14.1616	-3.44254	12.368
6.64	-0.61387	-11.7418	-34.7429	14.119	-3.46729	12.3494
6.65	-0.6131	-11.7177	-34.6331	14.0765	-3.49197	12.3308
6.66	-0.6123	-11.6924	-34.5224	14.0343	-3.51657	12.3123
6.67	-0.611472	-11.6658	-34.4108	13.9923	-3.54109	12.2939
6.68	-0.610614	-11.6379	-34.2982	13.9504	-3.56551	12.2754
6.69	-0.609728	-11.6087	-34.1847	13.9087	-3.58983	12.2571
6.7	-0.608812	-11.5783	-34.0703	13.8672	-3.61405	12.2388
6.71	-0.607869	-11.5465	-33.9549	13.8259	-3.63816	12.2206
6.72	-0.606896	-11.5135	-33.8385	13.7848	-3.66215	12.2024
6.73	-0.605896	-11.4791	-33.7212	13.7439	-3.68601	12.1842
6.74	-0.604867	-11.4435	-33.603	13.7031	-3.70974	12.1662
6.75	-0.60381	-11.4065	-33.4839	13.6626	-3.73333	12.1481
6.76	-0.602725	-11.3682	-33.3638	13.6222	-3.75677	12.1302
6.77	-0.601613	-11.3287	-33.2428	13.5819	-3.78007	12.1123
6.78	-0.600472	-11.2878	-33.1209	13.5419	-3.80319	12.0944
6.79	-0.599305	-11.2455	-32.998	13.5021	-3.82616	12.0766
6.8	-0.59811	-11.202	-32.8743	13.4624	-3.84894	12.0588
6.81	-0.596888	-11.1571	-32.7496	13.4229	-3.87155	12.0411
6.82	-0.59564	-11.111	-32.624	13.3835	-3.89397	12.0235
6.83	-0.594365	-11.0634	-32.4975	13.3444	-3.91618	12.0059
6.84	-0.593063	-11.0146	-32.3701	13.3054	-3.9382	11.9883
6.85	-0.591735	-10.9644	-32.2418	13.2666	-3.96	11.9708
6.86	-0.590381	-10.9129	-32.1126	13.2279	-3.98159	11.9534
6.87	-0.589001	-10.8601	-31.9825	13.1894	-4.00295	11.936
6.88	-0.587595	-10.8059	-31.8515	13.1511	-4.02408	11.9186
6.89	-0.586164	-10.7504	-31.7197	13.113	-4.04496	11.9013
6.9	-0.584708	-10.6935	-31.587	13.075	-4.0656	11.8841
6.91	-0.583226	-10.6353	-31.4534	13.0372	-4.08599	11.8669
6.92	-0.58172	-10.5758	-31.3189	12.9995	-4.10611	11.8497
6.93	-0.58019	-10.515	-31.1836	12.962	-4.12596	11.8326
6.94	-0.578635	-10.4528	-31.0475	12.9247	-4.14554	11.8156
6.95	-0.577056	-10.3893	-30.9105	12.8875	-4.16483	11.7986
6.96	-0.575453	-10.3244	-30.7727	12.8505	-4.18383	11.7816
6.97	-0.573827	-10.2583	-30.6341	12.8137	-4.20253	11.7647
6.98	-0.572177	-10.1908	-30.4947	12.777	-4.22092	11.7479
6.99	-0.570504	-10.1219	-30.3544	12.7405	-4.239	11.731
7	-0.568808	-10.0518	-30.2134	12.7041	-4.25677	11.7143
7.01	-0.56709	-9.98034	-30.0716	12.6679	-4.2742	11.6976
7.02	-0.56535	-9.90757	-29.929	12.6318	-4.2913	11.6809
7.03	-0.563587	-9.83349	-29.7856	12.5959	-4.30807	11.6643
7.04	-0.561803	-9.7581	-29.6415	12.5601	-4.32448	11.6477
7.05	-0.559997	-9.68142	-29.4966	12.5245	-4.34054	11.6312
7.06	-0.55817	-9.60343	-29.351	12.4891	-4.35624	11.6147
7.07	-0.556322	-9.52416	-29.2047	12.4538	-4.37157	11.5983
7.08	-0.554453	-9.4436	-29.0576	12.4186	-4.38653	11.5819
7.09	-0.552565	-9.36176	-28.9098	12.3836	-4.40111	11.5656
7.1	-0.550655	-9.27865	-28.7614	12.3487	-4.4153	11.5493
7.11	-0.548727	-9.19428	-28.6123	12.314	-4.4291	11.5331
7.12	-0.546778	-9.10864	-28.4625	12.2795	-4.4425	11.5169
7.13	-0.544811	-9.02175	-28.312	12.245	-4.4555	11.5007
7.14	-0.542824	-8.93362	-28.1609	12.2108	-4.46809	11.4846
7.15	-0.540819	-8.84425	-28.0092	12.1766	-4.48026	11.4685
7.16	-0.538796	-8.75365	-27.8568	12.1426	-4.49201	11.4525
7.17	-0.536755	-8.66184	-27.7038	12.1088	-4.50333	11.4365
7.18	-0.534696	-8.56881	-27.5503	12.0751	-4.51422	11.4206
7.19	-0.532619	-8.47459	-27.3962	12.0415	-4.52468	11.4047
7.2	-0.530526	-8.37917	-27.2415	12.0081	-4.53469	11.3889
7.21	-0.528415	-8.28258	-27.0862	11.9748	-4.54426	11.3731
7.22	-0.526289	-8.18482	-26.9305	11.9417	-4.55337	11.3573
7.23	-0.524146	-8.0859	-26.7742	11.9087	-4.56203	11.3416
7.24	-0.521987	-7.98583	-26.6174	11.8758	-4.57023	11.326
7.25	-0.519813	-7.88463	-26.4601	11.843	-4.57796	11.3103
7.26	-0.517623	-7.78231	-26.3023	11.8104	-4.58523	11.2948
7.27	-0.515419	-7.67888	-26.1441	11.778	-4.59203	11.2792
7.28	-0.5132	-7.57435	-25.9854	11.7456	-4.59835	11.2637
7.29	-0.510967	-7.46875	-25.8263	11.7134	-4.60419	11.2483
7.3	-0.50872	-7.36207	-25.6668	11.6814	-4.60955	11.2329
7.31	-0.50646	-7.25434	-25.5069	11.6494	-4.61442	11.2175
7.32	-0.504186	-7.14556	-25.3466	11.6176	-4.61881	11.2022
7.33	-0.501899	-7.03577	-25.1859	11.5859	-4.62271	11.1869
7.34	-0.4996	-6.92496	-25.0249	11.5544	-4.62611	11.1717
7.35	-0.497288	-6.81315	-24.8636	11.523	-4.62902	11.1565
7.36	-0.494965	-6.70037	-24.7019	11.4917	-4.63143	11.1413
7.37	-0.492629	-6.58663	-24.54	11.4605	-4.63334	11.1262
7.38	-0.490283	-6.47194	-24.3778	11.4295	-4.63476	11.1111
7.39	-0.487925	-6.35632	-24.2153	11.3986	-4.63567	11.0961
7.4	-0.485557	-6.23979	-24.0526	11.3678	-4.63608	11.0811
7.41	-0.483179	-6.12237	-23.8896	11.3371	-4.63598	11.0661
7.42	-0.48079	-6.00407	-23.7265	11.3066	-4.63539	11.0512
7.43	-0.478392	-5.88491	-23.5631	11.2762	-4.63428	11.0363
7.44	-0.475984	-5.76491	-23.3996	11.2459	-4.63268	11.0215
7.45	-0.473567	-5.6441	-23.236	11.2157	-4.63056	11.0067
7.46	-0.471142	-5.52248	-23.0721	11.1857	-4.62795	10.992
7.47	-0.468708	-5.40007	-22.9082	11.1557	-4.62483	10.9772
7.48	-0.466266	-5.27691	-22.7442	11.1259	-4.6212	10.9626
7.49	-0.463817	-5.153	-22.5801	11.0962	-4.61707	10.9479
7.5	-0.46136	-5.02837	-22.4159	11.0667	-4.61244	10.9333
7.51	-0.458895	-4.90304	-22.2517	11.0372	-4.60732	10.9188
7.52	-0.456424	-4.77702	-22.0875	11.0079	-4.60169	10.9043
7.53	-0.453947	-4.65035	-21.9232	10.9787	-4.59556	10.8898
7.54	-0.451463	-4.52303	-21.759	10.9496	-4.58894	10.8753
7.55	-0.448973	-4.3951	-21.5948	10.9206	-4.58183	10.8609
7.56	-0.446478	-4.26657	-21.4306	10.8917	-4.57423	10.8466
7.57	-0.443978	-4.13746	-21.2665	10.8629	-4.56614	10.8322
7.58	-0.441472	-4.0078	-21.1025	10.8343	-4.55757	10.8179
7.59	-0.438962	-3.87761	-20.9386	10.8058	-4.54851	10.8037
7.6	-0.436448	-3.74691	-20.7748	10.7774	-4.53897	10.7895
7.61	-0.433929	-3.61572	-20.6111	10.749	-4.52896	10.7753
7.62	-0.431407	-3.48406	-20.4476	10.7209	-4.51848	10.7612
7.63	-0.428882	-3.35197	-20.2843	10.6928	-4.50753	10.7471
7.64	-0.426353	-3.21945	-20.1211	10.6648	-4.49612	10.733
7.65	-0.423821	-3.08654	-19.9582	10.6369	-4.48425	10.719
7.66	-0.421287	-2.95325	-19.7955	10.6092	-4.47192	10.705
7.67	-0.41875	-2.81962	-19.633	10.5815	-4.45915	10.691
7.68	-0.416211	-2.68565	-19.4708	10.554	-4.44592	10.6771
7.69	-0.413671	-2.55138	-19.3089	10.5266	-4.43226	10.6632
7.7	-0.411129	-2.41683	-19.1473	10.4992	-4.41816	10.6494
7.71	-0.408586	-2.28202	-18.9859	10.472	-4.40363	10.6355
7.72	-0.406042	-2.14697	-18.825	10.4449	-4.38868	10.6218
7.73	-0.403498	-2.01171	-18.6643	10.4179	-4.37331	10.608
7.74	-0.400953	-1.87626	-18.5041	10.391	-4.35753	10.5943
7.75	-0.398408	-1.74065	-18.3442	10.3642	-4.34134	10.5806
7.76	-0.395863	-1.60489	-18.1847	10.3375	-4.32474	10.567
7.77	-0.393319	-1.46902	-18.0256	10.3109	-4.30776	10.5534
7.78	-0.390775	-1.33304	-17.8669	10.2844	-4.29038	10.5398
7.79	-0.388232	-1.197	-17.7087	10.258	-4.27262	10.5263
7.8	-0.38569	-1.0609	-17.551	10.2318	-4.25449	10.5128
7.81	-0.38315	-0.924773	-17.3937	10.2056	-4.23599	10.4994
7.82	-0.380612	-0.788643	-17.2369	10.1795	-4.21713	10.4859
7.83	-0.378075	-0.65253	-17.0807	10.1535	-4.19791	10.4725
7.84	-0.37554	-0.516458	-16.9249	10.1276	-4.17834	10.4592
7.85	-0.373008	-0.380448	-16.7697	10.1018	-4.15844	10.4459
7.86	-0.370478	-0.244523	-16.615	10.0761	-4.1382	10.4326
7.87	-0.367952	-0.108706	-16.4609	10.0506	-4.11763	10.4193
7.88	-0.365428	0.0269828	-16.3074	10.0251	-4.09675	10.4061
7.89	-0.362907	0.16252	-16.1545	9.99966	-4.07556	10.3929
7.9	-0.36039	0.297885	-16.0022	9.97436	-4.05406	10.3797
7.91	-0.357877	0.433055	-15.8505	9.94916	-4.03226	10.3666
7.92	-0.355367	0.56801	-15.6994	9.92405	-4.01018	10.3535
7.93	-0.352862	0.702728	-15.549	9.89904	-3.98782	10.3405
7.94	-0.350361	0.837188	-15.3992	9.87412	-3.96518	10.3275
7.95	-0.347864	0.97137	-15.2501	9.84929	-3.94228	10.3145
7.96	-0.345372	1.10525	-15.1017	9.82456	-3.91913	10.3015
7.97	-0.342885	1.23882	-14.954	9.79992	-3.89572	10.2886
7.98	-0.340403	1.37204	-14.807	9.77538	-3.87208	10.2757
7.99	-0.337926	1.50491	-14.6606	9.75092	-3.8482	10.2628
8	-0.335455	1.6374	-14.5151	9.72656	-3.82409	10.25
8.01	-0.332989	1.76949	-14.3702	9.70229	-3.79977	10.2372
8.02	-0.330529	1.90116	-14.2262	9.67811	-3.77524	10.2244
8.03	-0.328075	2.0324	-14.0828	9.65402	-3.7505	10.2117
8.04	-0.325627	2.16319	-13.9403	9.63002	-3.72558	10.199
8.05	-0.323185	2.2935	-13.7985	9.60611	-3.70046	10.1863
8.06	-0.32075	2.42332	-13.6575	9.58229	-3.67518	10.1737
8.07	-0.318321	2.55264	-13.5173	9.55856	-3.64972	10.1611
8.08	-0.315899	2.68143	-13.3779	9.53491	-3.6241	10.1485
8.09	-0.313484	2.80969	-13.2393	9.51135	-3.59832	10.136
8.1	-0.311076	2.93738	-13.1016	9.48788	-3.5724	10.1235
8.11	-0.308675	3.0645	-12.9646	9.4645	-3.54634	10.111
8.12	-0.306281	3.19103	-12.8285	9.4412	-3.52015	10.0985
8.13	-0.303894	3.31696	-12.6933	9.41799	-3.49384	10.0861
8.14	-0.301516	3.44227	-12.5589	9.39487	-3.46742	10.0737
8.15	-0.299144	3.56693	-12.4254	9.37182	-3.44088	10.0613
8.16	-0.296781	3.69095	-12.2927	9.34887	-3.41425	10.049
8.17	-0.294425	3.81431	-12.1609	9.326	-3.38752	10.0367
8.18	-0.292078	3.93699	-12.03	9.30321	-3.36071	10.0244
8.19	-0.289738	4.05897	-11.8999	9.2805	-3.33382	10.0122
8.2	-0.287407	4.18025	-11.7708	9.25788	-3.30686	10
8.21	-0.285084	4.30081	-11.6425	9.23534	-3.27984	9.98782
8.22	-0.282769	4.42065	-11.5152	9.21289	-3.25276	9.97567
8.23	-0.280463	4.53973	-11.3887	9.19051	-3.22563	9.96355
8.24	-0.278166	4.65807	-11.2632	9.16822	-3.19845	9.95146
8.25	-0.275877	4.77564	-11.1385	9.14601	-3.17125	9.93939
8.26	-0.273597	4.89243	-11.0148	9.12387	-3.14401	9.92736
8.27	-0.271326	5.00843	-10.892	9.10182	-3.11675	9.91536
8.28	-0.269064	5.12364	-10.7701	9.07985	-3.08948	9.90338
8.29	-0.266811	5.23804	-10.6492	9.05796	-3.0622	9.89144
8.3	-0.264567	5.35162	-10.5291	9.03614	-3.03491	9.87952
8.31	-0.262332	5.46437	-10.41	9.01441	-3.00763	9.86763
8.32	-0.260106	5.57629	-10.2919	8.99275	-2.98036	9.85577
8.33	-0.257889	5.68737	-10.1746	8.97118	-2.95311	9.84394
8.34	-0.255682	5.79759	-10.0584	8.94967	-2.92587	9.83213
8.35	-0.253484	5.90695	-9.943	8.92825	-2.89867	9.82036
8.36	-0.251296	6.01544	-9.82859	8.9069	-2.87149	9.80861
8.37	-0.249117	6.12305	-9.71512	8.88563	-2.84436	9.79689
8.38	-0.246948	6.22978	-9.60259	8.86444	-2.81727	9.7852
8.39	-0.244788	6.33563	-9.491	8.84332	-2.79023	9.77354
8.4	-0.242638	6.44058	-9.38036	8.82228	-2.76325	9.7619
8.41	-0.240498	6.54462	-9.27066	8.80131	-2.73632	9.7503
8.42	-0.238367	6.64776	-9.16191	8.78042	-2.70946	9.73872
8.43	-0.236246	6.74999	-9.05409	8.7596	-2.68268	9.72716
8.44	-0.234135	6.8513	-8.94723	8.73885	-2.65596	9.71564
8.45	-0.232033	6.95169	-8.8413	8.71818	-2.62933	9.70414
8.46	-0.229941	7.05116	-8.73631	8.69758	-2.60278	9.69267
8.47	-0.22786	7.14969	-8.63227	8.67706	-2.57632	9.68123
8.48	-0.225788	7.24729	-8.52917	8.65661	-2.54996	9.66981
8.49	-0.223725	7.34396	-8.427	8.63623	-2.52369	9.65842
8.5	-0.221673	7.43968	-8.32577	8.61592	-2.49752	9.64706
8.51	-0.219631	7.53446	-8.22548	8.59568	-2.47146	9.63572
8.52	-0.217598	7.6283	-8.12611	8.57551	-2.44551	9.62441
8.53	-0.215576	7.72119	-8.02768	8.55542	-2.41968	9.61313
8.54	-0.213563	7.81313	-7.93018	8.53539	-2.39396	9.60187
8.55	-0.211561	7.90412	-7.83361	8.51544	-2.36836	9.59064
8.56	-0.209568	7.99416	-7.73796	8.49556	-2.34288	9.57944
8.57	-0.207585	8.08324	-7.64323	8.47574	-2.31754	9.56826
8.58	-0.205612	8.17137	-7.54941	8.456	-2.29232	9.55711
8.59	-0.203649	8.25855	-7.45652	8.43632	-2.26724	9.54598
8.6	-0.201696	8.34477	-7.36453	8.41671	-2.24229	9.53488
8.61	-0.199752	8.43004	-7.27346	8.39717	-2.21749	9.52381
8.62	-0.197819	8.51435	-7.18329	8.3777	-2.19282	9.51276
8.63	-0.195895	8.59771	-7.09402	8.3583	-2.1683	9.50174
8.64	-0.193982	8.68011	-7.00565	8.33896	-2.14393	9.49074
8.65	-0.192078	8.76156	-6.91818	8.31969	-2.11972	9.47977
8.66	-0.190184	8.84206	-6.8316	8.30049	-2.09565	9.46882
8.67	-0.188299	8.92162	-6.7459	8.28135	-2.07174	9.4579
8.68	-0.186425	9.00022	-6.66108	8.26228	-2.04798	9.447
8.69	-0.18456	9.07787	-6.57715	8.24328	-2.02439	9.43613
8.7	-0.182705	9.15459	-6.49409	8.22434	-2.00095	9.42529
8.71	-0.180859	9.23035	-6.41189	8.20546	-1.97768	9.41447
8.72	-0.179023	9.30518	-6.33056	8.18665	-1.95457	9.40367
8.73	-0.177197	9.37908	-6.2501	8.16791	-1.93163	9.3929
8.74	-0.17538	9.45203	-6.17048	8.14923	-1.90886	9.38215
8.75	-0.173573	9.52406	-6.09172	8.13061	-1.88626	9.37143
8.76	-0.171775	9.59516	-6.0138	8.11206	-1.86383	9.36073
8.77	-0.169987	9.66533	-5.93673	8.09357	-1.84157	9.35006
8.78	-0.168208	9.73458	-5.86049	8.07514	-1.81949	9.33941
8.79	-0.166439	9.80291	-5.78508	8.05678	-1.79758	9.32878
8.8	-0.164679	9.87033	-5.71049	8.03848	-1.77584	9.31818
8.81	-0.162928	9.93684	-5.63673	8.02024	-1.75428	9.3076
8.82	-0.161186	10.0024	-5.56377	8.00207	-1.7329	9.29705
8.83	-0.159454	10.0671	-5.49163	7.98395	-1.7117	9.28652
8.84	-0.15773	10.1309	-5.42029	7.9659	-1.69068	9.27602
8.85	-0.156016	10.1939	-5.34975	7.94791	-1.66984	9.26554
8.86	-0.154311	10.2559	-5.28001	7.92998	-1.64918	9.25508
8.87	-0.152615	10.317	-5.21105	7.91211	-1.6287	9.24464
8.88	-0.150928	10.3773	-5.14287	7.8943	-1.6084	9.23423
8.89	-0.149249	10.4367	-5.07546	7.87655	-1.58828	9.22385
8.9	-0.14758	10.4952	-5.00883	7.85886	-1.56835	9.21348
8.91	-0.145919	10.5528	-4.94295	7.84123	-1.54859	9.20314
8.92	-0.144267	10.6096	-4.87784	7.82365	-1.52903	9.19283
8.93	-0.142623	10.6656	-4.81348	7.80614	-1.50964	9.18253
8.94	-0.140988	10.7206	-4.74987	7.78869	-1.49044	9.17226
8.95	-0.139362	10.7749	-4.68699	7.77129	-1.47142	9.16201
8.96	-0.137744	10.8283	-4.62485	7.75396	-1.45258	9.15179
8.97	-0.136134	10.8809	-4.56344	7.73668	-1.43392	9.14158
8.98	-0.134533	10.9327	-4.50275	7.71946	-1.41545	9.1314
8.99	-0.13294	10.9836	-4.44278	7.70229	-1.39716	9.12125
9	-0.131355	11.0337	-4.38351	7.68519	-1.37906	9.11111
9.01	-0.129779	11.0831	-4.32495	7.66814	-1.36113	9.101
9.02	-0.12821	11.1316	-4.26709	7.65114	-1.34339	9.09091
9.03	-0.12665	11.1793	-4.20992	7.63421	-1.32583	9.08084
9.04	-0.125097	11.2262	-4.15344	7.61733	-1.30844	9.0708
9.05	-0.123553	11.2724	-4.09764	7.6005	-1.29124	9.06077
9.06	-0.122016	11.3178	-4.04251	7.58373	-1.27422	9.05077
9.07	-0.120486	11.3624	-3.98804	7.56702	-1.25738	9.04079
9.08	-0.118965	11.4062	-3.93424	7.55036	-1.24072	9.03084
9.09	-0.117451	11.4493	-3.8811	7.53376	-1.22423	9.0209
9.1	-0.115944	11.4917	-3.8286	7.51721	-1.20792	9.01099
9.11	-0.114445	11.5333	-3.77675	7.50071	-1.19179	9.0011
9.12	-0.112954	11.5741	-3.72553	7.48427	-1.17583	8.99123
9.13	-0.111469	11.6143	-3.67495	7.46789	-1.16005	8.98138
9.14	-0.109992	11.6537	-3.62499	7.45156	-1.14445	8.97155
9.15	-0.108522	11.6924	-3.57565	7.43528	-1.12901	8.96175
9.16	-0.107059	11.7303	-3.52692	7.41905	-1.11375	8.95197
9.17	-0.105603	11.7676	-3.4788	7.40288	-1.09866	8.9422
9.18	-0.104154	11.8042	-3.43128	7.38676	-1.08374	8.93246
9.19	-0.102712	11.8401	-3.38436	7.37069	-1.06899	8.92274
9.2	-0.101277	11.8753	-3.33802	7.35468	-1.05441	8.91304
9.21	-0.0998482	11.9098	-3.29227	7.33872	-1.04	8.90337
9.22	-0.0984261	11.9437	-3.24709	7.32281	-1.02575	8.89371
9.23	-0.0970105	11.9769	-3.20249	7.30695	-1.01167	8.88407
9.24	-0.0956013	12.0094	-3.15845	7.29114	-0.997756	8.87446
9.25	-0.0941986	12.0413	-3.11497	7.27538	-0.984002	8.86486
9.26	-0.0928021	12.0725	-3.07204	7.25968	-0.970412	8.85529
9.27	-0.0914118	12.1031	-3.02966	7.24402	-0.956982	8.84574
9.28	-0.0900277	12.1331	-2.98783	7.22842	-0.943712	8.83621
9.29	-0.0886496	12.1624	-2.94653	7.21287	-0.930601	8.8267
9.3	-0.0872775	12.1912	-2.90576	7.19736	-0.917648	8.8172
9.31	-0.0859113	12.2193	-2.86551	7.18191	-0.904851	8.80773
9.32	-0.0845509	12.2468	-2.82579	7.16651	-0.89221	8.79828
9.33	-0.0831963	12.2737	-2.78657	7.15115	-0.879723	8.78885
9.34	-0.0818473	12.3	-2.74787	7.13585	-0.867388	8.77944
9.35	-0.0805038	12.3258	-2.70967	7.12059	-0.855205	8.77005
9.36	-0.0791659	12.3509	-2.67196	7.10539	-0.843173	8.76068
9.37	-0.0778334	12.3755	-2.63475	7.09023	-0.831289	8.75133
9.38	-0.0765061	12.3996	-2.59802	7.07512	-0.819554	8.742
9.39	-0.0751842	12.423	-2.56177	7.06006	-0.807965	8.73269
9.4	-0.0738674	12.4459	-2.52599	7.04504	-0.796521	8.7234
9.41	-0.0725556	12.4683	-2.49069	7.03008	-0.785222	8.71413
9.42	-0.0712489	12.4901	-2.45585	7.01516	-0.774065	8.70488
9.43	-0.0699471	12.5114	-2.42147	7.00029	-0.76305	8.69565
9.44	-0.0686501	12.5322	-2.38754	6.98547	-0.752175	8.68644
9.45	-0.0673578	12.5524	-2.35406	6.97069	-0.741438	8.67725
9.46	-0.0660703	12.5722	-2.32103	6.95596	-0.73084	8.66808
9.47	-0.0647873	12.5914	-2.28843	6.94128	-0.720377	8.65892
9.48	-0.0635088	12.6101	-2.25627	6.92664	-0.71005	8.64979
9.49	-0.0622347	12.6283	-2.22453	6.91205	-0.699856	8.64067
9.5	-0.060965	12.6461	-2.19322	6.89751	-0.689795	8.63158
9.51	-0.0596995	12.6633	-2.16232	6.88301	-0.679865	8.6225
9.52	-0.0584381	12.6801	-2.13184	6.86856	-0.670064	8.61345
9.53	-0.0571809	12.6964	-2.10176	6.85415	-0.660392	8.60441
9.54	-0.0559277	12.7122	-2.07209	6.83979	-0.650847	8.59539
9.55	-0.0546783	12.7276	-2.04282	6.82547	-0.641428	8.58639
9.56	-0.0534329	12.7425	-2.01394	6.8112	-0.632133	8.57741
9.57	-0.0521911	12.757	-1.98545	6.79697	-0.622962	8.56844
9.58	-0.050953	12.771	-1.95735	6.78279	-0.613913	8.5595
9.59	-0.0497186	12.7846	-1.92962	6.76865	-0.604984	8.55057
9.6	-0.0484876	12.7978	-1.90227	6.75456	-0.596175	8.54167
9.61	-0.04726	12.8105	-1.87529	6.74051	-0.587483	8.53278
9.62	-0.0460358	12.8228	-1.84867	6.7265	-0.578909	8.52391
9.63	-0.0448148	12.8347	-1.82242	6.71254	-0.57045	8.51506
9.64	-0.0435969	12.8462	-1.79652	6.69862	-0.562105	8.50622
9.65	-0.0423822	12.8573	-1.77098	6.68474	-0.553874	8.49741
9.66	-0.0411704	12.868	-1.74578	6.67091	-0.545754	8.48861
9.67	-0.0399616	12.8783	-1.72093	6.65712	-0.537744	8.47983
9.68	-0.0387556	12.8882	-1.69642	6.64337	-0.529844	8.47107
9.69	-0.0375524	12.8977	-1.67224	6.62967	-0.522052	8.46233
9.7	-0.0363518	12.9069	-1.6484	6.61601	-0.514367	8.45361
9.71	-0.0351538	12.9156	-1.62488	6.60239	-0.506787	8.4449
9.72	-0.0339582	12.924	-1.60168	6.58881	-0.499311	8.43621
9.73	-0.0327651	12.9321	-1.57881	6.57527	-0.491939	8.42754
9.74	-0.0315744	12.9398	-1.55624	6.56178	-0.484668	8.41889
9.75	-0.0303859	12.9471	-1.53399	6.54832	-0.477498	8.41026
9.76	-0.0291995	12.9541	-1.51205	6.53491	-0.470428	8.40164
9.77	-0.0280152	12.9607	-1.4904	6.52154	-0.463456	8.39304
9.78	-0.0268329	12.967	-1.46906	6.50821	-0.456581	8.38446
9.79	-0.0256525	12.973	-1.44801	6.49492	-0.449802	8.37589
9.8	-0.024474	12.9786	-1.42726	6.48167	-0.443118	8.36735
9.81	-0.0232972	12.984	-1.40679	6.46847	-0.436528	8.35882
9.82	-0.0221221	12.989	-1.38661	6.4553	-0.43003	8.35031
9.83	-0.0209485	12.9937	-1.3667	6.44217	-0.423624	8.34181
9.84	-0.0197764	12.998	-1.34707	6.42908	-0.417308	8.33333
9.85	-0.0186058	13.0021	-1.32772	6.41604	-0.411081	8.32487
9.86	-0.0174365	13.0059	-1.30863	6.40303	-0.404942	8.31643
9.87	-0.0162684	13.0094	-1.28982	6.39006	-0.39889	8.308
9.88	-0.0151015	13.0125	-1.27126	6.37713	-0.392924	8.2996
9.89	-0.0139356	13.0154	-1.25296	6.36424	-0.387043	8.2912
9.9	-0.0127708	13.0181	-1.23492	6.35139	-0.381245	8.28283
9.91	-0.0116069	13.0204	-1.21713	6.33858	-0.37553	8.27447
9.92	-0.0104438	13.0224	-1.19959	6.32581	-0.369897	8.26613
9.93	-0.00928145	13.0242	-1.1823	6.31307	-0.364344	8.2578
9.94	-0.00811977	13.0258	-1.16525	6.30038	-0.358871	8.2495
9.95	-0.00695866	13.027	-1.14843	6.28772	-0.353476	8.24121
9.96	-0.00579806	13.028	-1.13186	6.2751	-0.348159	8.23293
9.97	-0.00463787	13.0288	-1.11552	6.26252	-0.342919	8.22467
9.98	-0.00347802	13.0293	-1.0994	6.24997	-0.337753	8.21643
9.99	-0.00231841	13.0295	-1.08352	6.23747	-0.332663	8.20821
