0	0	inf	-44.0186	inf	-inf	22.2927
0.01	5.02123e-09	1.24498e+06	-44.0186	1.245e+06	-0.00285065	22.2927
0.02	7.02966e-08	311228	-44.0186	311250	-0.00144676	22.2926
0.03	2.56078e-07	138312	-44.0186	138333	-0.000979008	22.2925
0.04	6.22611e-07	77790.8	-44.0186	77812.5	-0.000745297	22.2923
0.05	1.23014e-06	49778.3	-44.0186	49800	-0.000605203	22.2921
0.06	2.13888e-06	34561.6	-44.0186	34583.3	-0.000511919	22.2919
0.07	3.40906e-06	25386.4	-44.0186	25408.2	-0.000445386	22.2915
0.08	5.10087e-06	19431.4	-44.0186	19453.1	-0.000395573	22.2912
0.09	7.2745e-06	15348.6	-44.0186	15370.4	-0.000356908	22.2908
0.1	9.99011e-06	12428.3	-44.0186	12450	-0.000326047	22.2903
0.11	1.33078e-05	10267.5	-44.0185	10289.3	-0.000300863	22.2898
0.12	1.72878e-05	8624.1	-44.0185	8645.83	-0.000279938	22.2892
0.13	2.19901e-05	7345.13	-44.0185	7366.86	-0.00026229	22.2886
0.14	2.74747e-05	6330.31	-44.0185	6352.04	-0.000247218	22.288
0.15	3.38017e-05	5511.6	-44.0185	5533.33	-0.000234206	22.2872
0.16	4.10311e-05	4841.55	-44.0185	4863.28	-0.00022287	22.2865
0.17	4.92228e-05	4286.23	-44.0185	4307.96	-0.000212914	22.2857
0.18	5.84367e-05	3820.86	-44.0185	3842.59	-0.000204109	22.2848
0.19	6.87327e-05	3427.02	-44.0185	3448.75	-0.000196274	22.2839
0.2	8.01706e-05	3090.76	-44.0184	3112.5	-0.000189264	22.283
0.21	9.28101e-05	2801.39	-44.0184	2823.13	-0.000182962	22.282
0.22	0.000106711	2550.58	-44.0184	2572.31	-0.000177271	22.2809
0.23	0.000121933	2331.76	-44.0184	2353.5	-0.000172114	22.2798
0.24	0.000138535	2139.72	-44.0184	2161.46	-0.000167423	22.2787
0.25	0.000156578	1970.26	-44.0184	1992	-0.000163142	22.2775
0.26	0.000176121	1819.97	-44.0184	1841.72	-0.000159226	22.2762
0.27	0.000197222	1686.08	-44.0184	1707.82	-0.000155635	22.2749
0.28	0.000219942	1566.27	-44.0183	1588.01	-0.000152333	22.2736
0.29	0.000244339	1458.63	-44.0183	1480.38	-0.000149292	22.2722
0.3	0.000270474	1361.59	-44.0183	1383.33	-0.000146485	22.2708
0.31	0.000298404	1273.78	-44.0183	1295.53	-0.000143892	22.2693
0.32	0.00032819	1194.07	-44.0183	1215.82	-0.000141491	22.2677
0.33	0.000359889	1121.5	-44.0183	1143.25	-0.000139267	22.2662
0.34	0.000393562	1055.24	-44.0183	1076.99	-0.000137203	22.2645
0.35	0.000429266	994.571	-44.0182	1016.33	-0.000135287	22.2628
0.36	0.000467061	938.891	-44.0182	960.648	-0.000133507	22.2611
0.37	0.000507004	887.664	-44.0182	909.423	-0.000131852	22.2593
0.38	0.000549156	840.428	-44.0182	862.188	-0.000130312	22.2575
0.39	0.000593573	796.778	-44.0182	818.54	-0.00012888	22.2556
0.4	0.000640315	756.361	-44.0182	778.125	-0.000127548	22.2537
0.41	0.00068944	718.864	-44.0182	740.631	-0.000126308	22.2517
0.42	0.000741005	684.014	-44.0181	705.782	-0.000125155	22.2497
0.43	0.000795069	651.567	-44.0181	673.337	-0.000124082	22.2476
0.44	0.000851689	621.306	-44.0181	643.079	-0.000123085	22.2455
0.45	0.000910925	593.04	-44.0181	614.815	-0.00012216	22.2433
0.46	0.000972832	566.597	-44.0181	588.374	-0.000121301	22.2411
0.47	0.00103747	541.824	-44.0181	563.603	-0.000120505	22.2388
0.48	0.00110489	518.583	-44.018	540.365	-0.000119769	22.2365
0.49	0.00117516	496.75	-44.018	518.534	-0.000119089	22.2341
0.5	0.00124833	476.214	-44.018	498	-0.000118462	22.2317
0.51	0.00132446	456.873	-44.018	478.662	-0.000117886	22.2293
0.52	0.00140361	438.638	-44.018	460.429	-0.000117357	22.2267
0.53	0.00148583	421.425	-44.0179	443.218	-0.000116874	22.2242
0.54	0.00157117	405.159	-44.0179	426.955	-0.000116435	22.2216
0.55	0.00165971	389.771	-44.0179	411.57	-0.000116037	22.2189
0.56	0.00175148	375.201	-44.0179	397.003	-0.000115678	22.2162
0.57	0.00184656	361.391	-44.0179	383.195	-0.000115358	22.2134
0.58	0.00194498	348.288	-44.0178	370.095	-0.000115073	22.2106
0.59	0.00204682	335.846	-44.0178	357.656	-0.000114824	22.2078
0.6	0.00215213	324.021	-44.0178	345.833	-0.000114608	22.2049
0.61	0.00226095	312.772	-44.0178	334.587	-0.000114424	22.2019
0.62	0.00237336	302.063	-44.0178	323.881	-0.000114271	22.1989
0.63	0.0024894	291.859	-44.0177	313.681	-0.000114148	22.1959
0.64	0.00260912	282.13	-44.0177	303.955	-0.000114054	22.1928
0.65	0.00273259	272.847	-44.0177	294.675	-0.000113988	22.1896
0.66	0.00285986	263.982	-44.0177	285.813	-0.000113949	22.1864
0.67	0.00299098	255.51	-44.0176	277.345	-0.000113936	22.1832
0.68	0.003126	247.41	-44.0176	269.247	-0.000113949	22.1799
0.69	0.00326499	239.659	-44.0176	261.5	-0.000113986	22.1765
0.7	0.00340799	232.237	-44.0176	254.082	-0.000114047	22.1731
0.71	0.00355507	225.127	-44.0175	246.975	-0.000114131	22.1697
0.72	0.00370626	218.311	-44.0175	240.162	-0.000114238	22.1662
0.73	0.00386163	211.773	-44.0175	233.627	-0.000114368	22.1627
0.74	0.00402124	205.498	-44.0175	227.356	-0.000114518	22.1591
0.75	0.00418512	199.471	-44.0174	221.333	-0.00011469	22.1554
0.76	0.00435334	193.682	-44.0174	215.547	-0.000114883	22.1518
0.77	0.00452596	188.116	-44.0174	209.985	-0.000115096	22.148
0.78	0.00470301	182.762	-44.0174	204.635	-0.000115329	22.1442
0.79	0.00488456	177.611	-44.0173	199.487	-0.000115581	22.1404
0.8	0.00507065	172.651	-44.0173	194.531	-0.000115853	22.1365
0.81	0.00526134	167.873	-44.0173	189.758	-0.000116143	22.1326
0.82	0.00545669	163.269	-44.0172	185.158	-0.000116451	22.1286
0.83	0.00565673	158.83	-44.0172	180.723	-0.000116778	22.1246
0.84	0.00586153	154.549	-44.0172	176.446	-0.000117123	22.1205
0.85	0.00607113	150.418	-44.0172	172.318	-0.000117485	22.1164
0.86	0.00628559	146.429	-44.0171	168.334	-0.000117865	22.1122
0.87	0.00650495	142.578	-44.0171	164.487	-0.000118262	22.108
0.88	0.00672927	138.856	-44.0171	160.77	-0.000118676	22.1037
0.89	0.0069586	135.26	-44.017	157.177	-0.000119107	22.0994
0.9	0.00719298	131.782	-44.017	153.704	-0.000119555	22.095
0.91	0.00743247	128.418	-44.017	150.344	-0.000120019	22.0906
0.92	0.00767711	125.163	-44.0169	147.094	-0.000120499	22.0861
0.93	0.00792696	122.012	-44.0169	143.947	-0.000120996	22.0816
0.94	0.00818206	118.961	-44.0169	140.901	-0.000121509	22.0771
0.95	0.00844247	116.006	-44.0168	137.95	-0.000122037	22.0724
0.96	0.00870823	113.142	-44.0168	135.091	-0.000122582	22.0678
0.97	0.00897938	110.367	-44.0167	132.32	-0.000123142	22.0631
0.98	0.00925599	107.675	-44.0167	129.633	-0.000123718	22.0583
0.99	0.00953809	105.065	-44.0167	127.028	-0.00012431	22.0535
1	0.00982573	102.532	-44.0166	124.5	-0.000124917	22.0486
1.01	0.010119	100.074	-44.0166	122.047	-0.00012554	22.0437
1.02	0.0104178	97.6879	-44.0166	119.666	-0.000126178	22.0388
1.03	0.0107224	95.3706	-44.0165	117.353	-0.000126832	22.0338
1.04	0.0110327	93.1197	-44.0165	115.107	-0.000127501	22.0287
1.05	0.0113487	90.9326	-44.0164	112.925	-0.000128186	22.0236
1.06	0.0116706	88.8068	-44.0164	110.805	-0.000128886	22.0185
1.07	0.0119984	86.7402	-44.0163	108.743	-0.000129601	22.0133
1.08	0.012332	84.7306	-44.0163	106.739	-0.000130331	22.008
1.09	0.0126716	82.7758	-44.0163	104.789	-0.000131077	22.0027
1.1	0.0130173	80.8739	-44.0162	102.893	-0.000131838	21.9974
1.11	0.0133689	79.023	-44.0162	101.047	-0.000132615	21.992
1.12	0.0137267	77.2213	-44.0161	99.2506	-0.000133407	21.9865
1.13	0.0140906	75.4669	-44.0161	97.5018	-0.000134215	21.9811
1.14	0.0144607	73.7584	-44.016	95.7987	-0.000135037	21.9755
1.15	0.0148369	72.094	-44.016	94.1399	-0.000135876	21.9699
1.16	0.0152195	70.4723	-44.0159	92.5238	-0.00013673	21.9643
1.17	0.0156084	68.8919	-44.0159	90.9489	-0.000137599	21.9586
1.18	0.0160036	67.3512	-44.0158	89.414	-0.000138485	21.9529
1.19	0.0164052	65.849	-44.0158	87.9175	-0.000139385	21.9471
1.2	0.0168132	64.3841	-44.0157	86.4583	-0.000140302	21.9412
1.21	0.0172277	62.9551	-44.0157	85.0352	-0.000141235	21.9354
1.22	0.0176488	61.5609	-44.0156	83.6469	-0.000142183	21.9294
1.23	0.0180764	60.2004	-44.0156	82.2923	-0.000143147	21.9234
1.24	0.0185105	58.8725	-44.0155	80.9703	-0.000144128	21.9174
1.25	0.0189513	57.5761	-44.0155	79.68	-0.000145124	21.9113
1.26	0.0193988	56.3103	-44.0154	78.4203	-0.000146137	21.9052
1.27	0.019853	55.0741	-44.0153	77.1902	-0.000147166	21.899
1.28	0.020314	53.8665	-44.0153	75.9888	-0.000148212	21.8928
1.29	0.0207817	52.6868	-44.0152	74.8152	-0.000149274	21.8865
1.3	0.0212563	51.5339	-44.0152	73.6686	-0.000150353	21.8802
1.31	0.0217378	50.4072	-44.0151	72.5482	-0.000151448	21.8738
1.32	0.0222261	49.3058	-44.015	71.4532	-0.00015256	21.8674
1.33	0.0227214	48.2289	-44.015	70.3827	-0.00015369	21.861
1.34	0.0232237	47.1759	-44.0149	69.3362	-0.000154836	21.8544
1.35	0.023733	46.146	-44.0149	68.3128	-0.000156	21.8479
1.36	0.0242493	45.1386	-44.0148	67.3119	-0.000157181	21.8413
1.37	0.0247728	44.1529	-44.0147	66.3328	-0.000158379	21.8346
1.38	0.0253033	43.1884	-44.0147	65.3749	-0.000159596	21.8279
1.39	0.0258411	42.2444	-44.0146	64.4377	-0.00016083	21.8211
1.4	0.026386	41.3204	-44.0145	63.5204	-0.000162081	21.8143
1.41	0.0269381	40.4159	-44.0144	62.6226	-0.000163351	21.8075
1.42	0.0274975	39.5301	-44.0144	61.7437	-0.00016464	21.8005
1.43	0.0280642	38.6627	-44.0143	60.8832	-0.000165946	21.7936
1.44	0.0286382	37.8131	-44.0142	60.0405	-0.000167271	21.7866
1.45	0.0292196	36.9809	-44.0141	59.2152	-0.000168615	21.7795
1.46	0.0298084	36.1654	-44.0141	58.4068	-0.000169978	21.7724
1.47	0.0304045	35.3664	-44.014	57.6149	-0.000171359	21.7653
1.48	0.0310082	34.5833	-44.0139	56.8389	-0.00017276	21.7581
1.49	0.0316193	33.8158	-44.0138	56.0786	-0.000174181	21.7508
1.5	0.032238	33.0634	-44.0138	55.3333	-0.000175621	21.7435
1.51	0.0328642	32.3256	-44.0137	54.6029	-0.00017708	21.7362
1.52	0.033498	31.6022	-44.0136	53.8868	-0.00017856	21.7288
1.53	0.0341393	30.8928	-44.0135	53.1847	-0.00018006	21.7213
1.54	0.0347884	30.1969	-44.0134	52.4962	-0.00018158	21.7138
1.55	0.035445	29.5143	-44.0133	51.821	-0.00018312	21.7063
1.56	0.0361094	28.8445	-44.0132	51.1588	-0.000184682	21.6987
1.57	0.0367815	28.1873	-44.0132	50.5091	-0.000186264	21.6911
1.58	0.0374613	27.5424	-44.0131	49.8718	-0.000187868	21.6834
1.59	0.0381489	26.9094	-44.013	49.2465	-0.000189492	21.6756
1.6	0.0388444	26.2881	-44.0129	48.6328	-0.000191139	21.6679
1.61	0.0395476	25.6781	-44.0128	48.0306	-0.000192807	21.66
1.62	0.0402587	25.0792	-44.0127	47.4394	-0.000194498	21.6521
1.63	0.0409776	24.491	-44.0126	46.8591	-0.00019621	21.6442
1.64	0.0417045	23.9134	-44.0125	46.2894	-0.000197945	21.6362
1.65	0.0424393	23.3461	-44.0124	45.73	-0.000199703	21.6282
1.66	0.043182	22.7889	-44.0123	45.1807	-0.000201484	21.6201
1.67	0.0439327	22.2414	-44.0122	44.6413	-0.000203289	21.612
1.68	0.0446914	21.7034	-44.0121	44.1114	-0.000205116	21.6038
1.69	0.0454581	21.1748	-44.012	43.5909	-0.000206968	21.5956
1.7	0.0462329	20.6554	-44.0119	43.0796	-0.000208843	21.5873
1.71	0.0470157	20.1448	-44.0117	42.5772	-0.000210743	21.579
1.72	0.0478066	19.6429	-44.0116	42.0836	-0.000212667	21.5706
1.73	0.0486055	19.1494	-44.0115	41.5984	-0.000214616	21.5622
1.74	0.0494126	18.6643	-44.0114	41.1217	-0.00021659	21.5537
1.75	0.0502279	18.1873	-44.0113	40.6531	-0.00021859	21.5452
1.76	0.0510513	17.7182	-44.0112	40.1924	-0.000220615	21.5366
1.77	0.0518829	17.2568	-44.011	39.7395	-0.000222666	21.528
1.78	0.0527226	16.8031	-44.0109	39.2943	-0.000224743	21.5193
1.79	0.0535706	16.3566	-44.0108	38.8565	-0.000226847	21.5106
1.8	0.0544268	15.9175	-44.0107	38.4259	-0.000228978	21.5019
1.81	0.0552913	15.4854	-44.0105	38.0025	-0.000231135	21.4931
1.82	0.056164	15.0602	-44.0104	37.586	-0.000233321	21.4842
1.83	0.057045	14.6418	-44.0103	37.1764	-0.000235534	21.4753
1.84	0.0579343	14.2299	-44.0101	36.7734	-0.000237775	21.4663
1.85	0.0588318	13.8246	-44.01	36.3769	-0.000240044	21.4573
1.86	0.0597377	13.4256	-44.0099	35.9868	-0.000242342	21.4483
1.87	0.060652	13.0328	-44.0097	35.603	-0.000244669	21.4392
1.88	0.0615745	12.646	-44.0096	35.2252	-0.000247026	21.43
1.89	0.0625055	12.2652	-44.0094	34.8534	-0.000249412	21.4208
1.9	0.0634448	11.8902	-44.0093	34.4875	-0.000251829	21.4116
1.91	0.0643924	11.5209	-44.0091	34.1274	-0.000254275	21.4023
1.92	0.0653485	11.1571	-44.009	33.7728	-0.000256753	21.3929
1.93	0.066313	10.7988	-44.0088	33.4237	-0.000259262	21.3835
1.94	0.0672858	10.4458	-44.0087	33.08	-0.000261802	21.3741
1.95	0.0682671	10.0981	-44.0085	32.7416	-0.000264374	21.3646
1.96	0.0692568	9.75544	-44.0084	32.4084	-0.000266978	21.355
1.97	0.070255	9.41783	-44.0082	32.0802	-0.000269615	21.3454
1.98	0.0712616	9.08514	-44.008	31.757	-0.000272286	21.3358
1.99	0.0722766	8.75725	-44.0079	31.4386	-0.000274989	21.3261
2	0.0733001	8.43409	-44.0077	31.125	-0.000277726	21.3164
2.01	0.074332	8.11555	-44.0075	30.8161	-0.000280498	21.3066
2.02	0.0753724	7.80154	-44.0073	30.5117	-0.000283304	21.2967
2.03	0.0764213	7.49197	-44.0072	30.2118	-0.000286145	21.2868
2.04	0.0774787	7.18675	-44.007	29.9164	-0.000289022	21.2769
2.05	0.0785445	6.8858	-44.0068	29.6252	-0.000291935	21.2669
2.06	0.0796188	6.58903	-44.0066	29.3383	-0.000294884	21.2569
2.07	0.0807016	6.29637	-44.0064	29.0555	-0.000297869	21.2468
2.08	0.0817929	6.00773	-44.0062	28.7768	-0.000300892	21.2367
2.09	0.0828926	5.72303	-44.006	28.5021	-0.000303953	21.2265
2.1	0.0840008	5.44221	-44.0058	28.2313	-0.000307051	21.2163
2.11	0.0851176	5.16517	-44.0056	27.9643	-0.000310189	21.206
2.12	0.0862428	4.89187	-44.0054	27.7011	-0.000313365	21.1957
2.13	0.0873764	4.62221	-44.0052	27.4416	-0.000316581	21.1853
2.14	0.0885186	4.35614	-44.005	27.1858	-0.000319837	21.1749
2.15	0.0896692	4.09358	-44.0048	26.9335	-0.000323133	21.1644
2.16	0.0908283	3.83448	-44.0046	26.6847	-0.000326471	21.1539
2.17	0.0919959	3.57876	-44.0044	26.4393	-0.000329849	21.1433
2.18	0.0931719	3.32636	-44.0041	26.1973	-0.00033327	21.1327
2.19	0.0943564	3.07723	-44.0039	25.9586	-0.000336734	21.122
2.2	0.0955494	2.8313	-44.0037	25.7231	-0.00034024	21.1113
2.21	0.0967508	2.58851	-44.0034	25.4909	-0.00034379	21.1006
2.22	0.0979606	2.34881	-44.0032	25.2617	-0.000347384	21.0897
2.23	0.0991789	2.11214	-44.003	25.0357	-0.000351023	21.0789
2.24	0.100406	1.87845	-44.0027	24.8127	-0.000354706	21.068
2.25	0.101641	1.64767	-44.0025	24.5926	-0.000358436	21.057
2.26	0.102884	1.41977	-44.0022	24.3754	-0.000362212	21.046
2.27	0.104136	1.19468	-44.002	24.1612	-0.000366035	21.0349
2.28	0.105396	0.972369	-44.0017	23.9497	-0.000369905	21.0238
2.29	0.106665	0.752772	-44.0014	23.741	-0.000373823	21.0127
2.3	0.107942	0.535847	-44.0012	23.535	-0.00037779	21.0015
2.31	0.109227	0.321547	-44.0009	23.3316	-0.000381806	20.9902
2.32	0.110521	0.109826	-44.0006	23.1309	-0.000385872	20.9789
2.33	0.111823	-0.0993615	-44.0003	22.9328	-0.000389989	20.9676
2.34	0.113133	-0.306059	-44.0001	22.7372	-0.000394157	20.9562
2.35	0.114452	-0.510309	-43.9998	22.5441	-0.000398376	20.9447
2.36	0.115779	-0.712154	-43.9995	22.3535	-0.000402648	20.9332
2.37	0.117114	-0.911636	-43.9992	22.1653	-0.000406972	20.9217
2.38	0.118458	-1.10879	-43.9989	21.9794	-0.000411351	20.9101
2.39	0.119809	-1.30367	-43.9986	21.7958	-0.000415784	20.8984
2.4	0.121169	-1.4963	-43.9983	21.6146	-0.000420272	20.8868
2.41	0.122537	-1.68672	-43.9979	21.4356	-0.000424815	20.875
2.42	0.123913	-1.87497	-43.9976	21.2588	-0.000429415	20.8632
2.43	0.125297	-2.06108	-43.9973	21.0842	-0.000434072	20.8514
2.44	0.12669	-2.2451	-43.997	20.9117	-0.000438787	20.8395
2.45	0.12809	-2.42706	-43.9966	20.7414	-0.000443561	20.8276
2.46	0.129499	-2.60698	-43.9963	20.5731	-0.000448394	20.8156
2.47	0.130916	-2.78491	-43.996	20.4068	-0.000453287	20.8035
2.48	0.13234	-2.96087	-43.9956	20.2426	-0.00045824	20.7915
2.49	0.133773	-3.13491	-43.9952	20.0803	-0.000463255	20.7793
2.5	0.135214	-3.30704	-43.9949	19.92	-0.000468333	20.7671
2.51	0.136662	-3.4773	-43.9945	19.7616	-0.000473474	20.7549
2.52	0.138119	-3.64573	-43.9942	19.6051	-0.000478678	20.7426
2.53	0.139583	-3.81235	-43.9938	19.4504	-0.000483948	20.7303
2.54	0.141056	-3.97718	-43.9934	19.2975	-0.000489282	20.7179
2.55	0.142536	-4.14027	-43.993	19.1465	-0.000494683	20.7055
2.56	0.144024	-4.30163	-43.9926	18.9972	-0.000500152	20.693
2.57	0.14552	-4.46129	-43.9922	18.8496	-0.000505688	20.6805
2.58	0.147023	-4.61929	-43.9918	18.7038	-0.000511293	20.6679
2.59	0.148534	-4.77564	-43.9914	18.5597	-0.000516968	20.6553
2.6	0.150053	-4.93037	-43.991	18.4172	-0.000522714	20.6427
2.61	0.15158	-5.08351	-43.9905	18.2763	-0.000528531	20.6299
2.62	0.153114	-5.23509	-43.9901	18.1371	-0.000534421	20.6172
2.63	0.154656	-5.38512	-43.9897	17.9994	-0.000540384	20.6044
2.64	0.156205	-5.53363	-43.9892	17.8633	-0.000546421	20.5915
2.65	0.157762	-5.68064	-43.9888	17.7287	-0.000552533	20.5786
2.66	0.159326	-5.82619	-43.9883	17.5957	-0.000558722	20.5656
2.67	0.160898	-5.97028	-43.9879	17.4641	-0.000564988	20.5526
2.68	0.162477	-6.11294	-43.9874	17.334	-0.000571331	20.5396
2.69	0.164064	-6.2542	-43.9869	17.2054	-0.000577754	20.5264
2.7	0.165657	-6.39407	-43.9864	17.0782	-0.000584257	20.5133
2.71	0.167259	-6.53258	-43.9859	16.9524	-0.000590841	20.5001
2.72	0.168867	-6.66975	-43.9854	16.828	-0.000597507	20.4868
2.73	0.170482	-6.80559	-43.9849	16.7049	-0.000604257	20.4735
2.74	0.172105	-6.94013	-43.9844	16.5832	-0.00061109	20.4602
2.75	0.173735	-7.07338	-43.9839	16.4628	-0.000618009	20.4468
2.76	0.175372	-7.20537	-43.9834	16.3437	-0.000625015	20.4333
2.77	0.177016	-7.33611	-43.9828	16.2259	-0.000632107	20.4198
2.78	0.178666	-7.46562	-43.9823	16.1094	-0.000639289	20.4063
2.79	0.180324	-7.59392	-43.9817	15.9941	-0.00064656	20.3927
2.8	0.181989	-7.72103	-43.9812	15.8801	-0.000653922	20.379
2.81	0.18366	-7.84697	-43.9806	15.7673	-0.000661376	20.3653
2.82	0.185339	-7.97175	-43.98	15.6557	-0.000668923	20.3516
2.83	0.187024	-8.09538	-43.9794	15.5452	-0.000676564	20.3378
2.84	0.188715	-8.21789	-43.9788	15.4359	-0.000684301	20.324
2.85	0.190414	-8.33929	-43.9782	15.3278	-0.000692135	20.3101
2.86	0.192119	-8.4596	-43.9776	15.2208	-0.000700067	20.2961
2.87	0.19383	-8.57884	-43.977	15.1149	-0.000708098	20.2822
2.88	0.195548	-8.69701	-43.9763	15.0101	-0.000716229	20.2681
2.89	0.197272	-8.81413	-43.9757	14.9064	-0.000724463	20.254
2.9	0.199003	-8.93022	-43.975	14.8038	-0.000732799	20.2399
2.91	0.20074	-9.0453	-43.9744	14.7022	-0.00074124	20.2257
2.92	0.202483	-9.15937	-43.9737	14.6017	-0.000749786	20.2115
2.93	0.204233	-9.27245	-43.973	14.5022	-0.00075844	20.1972
2.94	0.205988	-9.38456	-43.9723	14.4037	-0.000767202	20.1829
2.95	0.20775	-9.49571	-43.9716	14.3062	-0.000776074	20.1685
2.96	0.209518	-9.6059	-43.9709	14.2097	-0.000785058	20.1541
2.97	0.211291	-9.71517	-43.9702	14.1142	-0.000794153	20.1396
2.98	0.213071	-9.82351	-43.9694	14.0196	-0.000803363	20.1251
2.99	0.214857	-9.93094	-43.9687	13.926	-0.000812689	20.1105
3	0.216648	-10.0375	-43.9679	13.8333	-0.000822132	20.0959
3.01	0.218445	-10.1431	-43.9672	13.7416	-0.000831693	20.0812
3.02	0.220247	-10.2479	-43.9664	13.6507	-0.000841374	20.0665
3.03	0.222055	-10.3518	-43.9656	13.5608	-0.000851176	20.0517
3.04	0.223869	-10.4549	-43.9648	13.4717	-0.000861102	20.0369
3.05	0.225688	-10.5571	-43.964	13.3835	-0.000871153	20.022
3.06	0.227513	-10.6585	-43.9631	13.2962	-0.00088133	20.0071
3.07	0.229343	-10.7591	-43.9623	13.2097	-0.000891634	19.9922
3.08	0.231178	-10.8589	-43.9614	13.1241	-0.000902068	19.9772
3.09	0.233018	-10.9578	-43.9606	13.0392	-0.000912634	19.9621
3.1	0.234863	-11.056	-43.9597	12.9553	-0.000923332	19.947
3.11	0.236714	-11.1535	-43.9588	12.8721	-0.000934165	19.9318
3.12	0.238569	-11.2501	-43.9579	12.7897	-0.000945134	19.9166
3.13	0.240429	-11.346	-43.957	12.7081	-0.000956241	19.9014
3.14	0.242295	-11.4412	-43.956	12.6273	-0.000967488	19.8861
3.15	0.244164	-11.5356	-43.9551	12.5472	-0.000978877	19.8707
3.16	0.246039	-11.6294	-43.9541	12.468	-0.000990409	19.8553
3.17	0.247918	-11.7224	-43.9531	12.3894	-0.00100209	19.8399
3.18	0.249802	-11.8146	-43.9521	12.3116	-0.00101391	19.8244
3.19	0.25169	-11.9062	-43.9511	12.2345	-0.00102588	19.8088
3.2	0.253583	-11.9971	-43.9501	12.1582	-0.00103801	19.7932
3.21	0.255479	-12.0874	-43.9491	12.0826	-0.00105028	19.7776
3.22	0.25738	-12.1769	-43.948	12.0076	-0.00106272	19.7619
3.23	0.259286	-12.2658	-43.9469	11.9334	-0.0010753	19.7461
3.24	0.261195	-12.354	-43.9459	11.8599	-0.00108805	19.7303
3.25	0.263108	-12.4416	-43.9448	11.787	-0.00110096	19.7145
3.26	0.265025	-12.5286	-43.9436	11.7148	-0.00111403	19.6986
3.27	0.266946	-12.6149	-43.9425	11.6432	-0.00112727	19.6827
3.28	0.268871	-12.7006	-43.9414	11.5724	-0.00114067	19.6667
3.29	0.270799	-12.7857	-43.9402	11.5021	-0.00115424	19.6506
3.3	0.272731	-12.8702	-43.939	11.4325	-0.00116798	19.6345
3.31	0.274666	-12.9541	-43.9378	11.3635	-0.0011819	19.6184
3.32	0.276605	-13.0374	-43.9366	11.2952	-0.00119599	19.6022
3.33	0.278547	-13.1201	-43.9353	11.2274	-0.00121026	19.586
3.34	0.280492	-13.2022	-43.9341	11.1603	-0.00122472	19.5697
3.35	0.28244	-13.2838	-43.9328	11.0938	-0.00123935	19.5534
3.36	0.284392	-13.3648	-43.9315	11.0278	-0.00125417	19.537
3.37	0.286346	-13.4452	-43.9302	10.9625	-0.00126917	19.5206
3.38	0.288303	-13.5251	-43.9288	10.8977	-0.00128437	19.5041
3.39	0.290263	-13.6044	-43.9275	10.8335	-0.00129976	19.4876
3.4	0.292226	-13.6832	-43.9261	10.7699	-0.00131534	19.471
3.41	0.294191	-13.7615	-43.9247	10.7068	-0.00133112	19.4544
3.42	0.296158	-13.8393	-43.9233	10.6443	-0.0013471	19.4377
3.43	0.298128	-13.9165	-43.9219	10.5823	-0.00136328	19.421
3.44	0.300101	-13.9932	-43.9204	10.5209	-0.00137966	19.4042
3.45	0.302075	-14.0694	-43.9189	10.46	-0.00139626	19.3874
3.46	0.304052	-14.1451	-43.9174	10.3996	-0.00141306	19.3705
3.47	0.30603	-14.2204	-43.9159	10.3398	-0.00143007	19.3536
3.48	0.308011	-14.2951	-43.9143	10.2804	-0.00144731	19.3367
3.49	0.309993	-14.3693	-43.9128	10.2216	-0.00146475	19.3196
3.5	0.311977	-14.4431	-43.9112	10.1633	-0.00148242	19.3026
3.51	0.313963	-14.5164	-43.9095	10.1054	-0.00150032	19.2855
3.52	0.31595	-14.5892	-43.9079	10.0481	-0.00151844	19.2683
3.53	0.317939	-14.6616	-43.9062	9.99125	-0.00153679	19.2511
3.54	0.319928	-14.7335	-43.9045	9.93488	-0.00155537	19.2338
3.55	0.321919	-14.8049	-43.9028	9.87899	-0.00157419	19.2165
3.56	0.323912	-14.8759	-43.9011	9.82357	-0.00159325	19.1992
3.57	0.325905	-14.9465	-43.8993	9.76861	-0.00161254	19.1818
3.58	0.327899	-15.0166	-43.8975	9.71412	-0.00163209	19.1643
3.59	0.329894	-15.0863	-43.8957	9.66007	-0.00165188	19.1468
3.6	0.331889	-15.1555	-43.8938	9.60648	-0.00167192	19.1293
3.61	0.333885	-15.2244	-43.8919	9.55333	-0.00169221	19.1117
3.62	0.335882	-15.2928	-43.89	9.50063	-0.00171277	19.094
3.63	0.337878	-15.3608	-43.8881	9.44835	-0.00173358	19.0763
3.64	0.339876	-15.4284	-43.8861	9.39651	-0.00175466	19.0586
3.65	0.341873	-15.4956	-43.8841	9.34509	-0.001776	19.0408
3.66	0.34387	-15.5624	-43.8821	9.2941	-0.00179762	19.0229
3.67	0.345867	-15.6287	-43.88	9.24352	-0.0018195	19.005
3.68	0.347864	-15.6947	-43.8779	9.19335	-0.00184167	18.9871
3.69	0.349861	-15.7603	-43.8758	9.14359	-0.00186412	18.9691
3.7	0.351857	-15.8255	-43.8737	9.09423	-0.00188685	18.9511
3.71	0.353853	-15.8904	-43.8715	9.04527	-0.00190987	18.933
3.72	0.355848	-15.9548	-43.8693	8.9967	-0.00193319	18.9149
3.73	0.357842	-16.0189	-43.867	8.94853	-0.00195679	18.8967
3.74	0.359836	-16.0826	-43.8648	8.90074	-0.0019807	18.8784
3.75	0.361828	-16.146	-43.8624	8.85333	-0.00200491	18.8602
3.76	0.36382	-16.2089	-43.8601	8.8063	-0.00202943	18.8418
3.77	0.36581	-16.2715	-43.8577	8.75965	-0.00205426	18.8234
3.78	0.367799	-16.3338	-43.8553	8.71336	-0.00207941	18.805
3.79	0.369786	-16.3957	-43.8528	8.66744	-0.00210487	18.7865
3.8	0.371772	-16.4573	-43.8503	8.62188	-0.00213066	18.768
3.81	0.373756	-16.5185	-43.8478	8.57668	-0.00215677	18.7494
3.82	0.375738	-16.5793	-43.8452	8.53184	-0.00218322	18.7308
3.83	0.377718	-16.6398	-43.8426	8.48734	-0.00221	18.7121
3.84	0.379697	-16.7	-43.84	8.4432	-0.00223712	18.6934
3.85	0.381673	-16.7599	-43.8373	8.39939	-0.00226458	18.6746
3.86	0.383646	-16.8194	-43.8346	8.35593	-0.0022924	18.6558
3.87	0.385618	-16.8786	-43.8318	8.3128	-0.00232056	18.637
3.88	0.387587	-16.9375	-43.829	8.27001	-0.00234909	18.618
3.89	0.389553	-16.996	-43.8262	8.22754	-0.00237797	18.5991
3.9	0.391516	-17.0542	-43.8233	8.1854	-0.00240722	18.5801
3.91	0.393477	-17.1121	-43.8203	8.14359	-0.00243685	18.561
3.92	0.395434	-17.1697	-43.8174	8.10209	-0.00246685	18.5419
3.93	0.397389	-17.227	-43.8143	8.06091	-0.00249722	18.5227
3.94	0.39934	-17.2839	-43.8113	8.02005	-0.00252799	18.5035
3.95	0.401287	-17.3406	-43.8082	7.97949	-0.00255914	18.4842
3.96	0.403231	-17.3969	-43.805	7.93924	-0.00259069	18.4649
3.97	0.405172	-17.453	-43.8018	7.8993	-0.00262264	18.4456
3.98	0.407108	-17.5087	-43.7986	7.85965	-0.002655	18.4262
3.99	0.409041	-17.5642	-43.7953	7.8203	-0.00268776	18.4067
4	0.410969	-17.6194	-43.7919	7.78125	-0.00272094	18.3872
4.01	0.412894	-17.6742	-43.7885	7.74249	-0.00275454	18.3677
4.02	0.414814	-17.7288	-43.7851	7.70402	-0.00278857	18.3481
4.03	0.41673	-17.7831	-43.7815	7.66583	-0.00282302	18.3284
4.04	0.418641	-17.8371	-43.778	7.62793	-0.00285792	18.3087
4.05	0.420547	-17.8908	-43.7744	7.59031	-0.00289325	18.289
4.06	0.422449	-17.9442	-43.7707	7.55296	-0.00292904	18.2692
4.07	0.424346	-17.9973	-43.767	7.51589	-0.00296527	18.2493
4.08	0.426237	-18.0502	-43.7632	7.47909	-0.00300197	18.2294
4.09	0.428124	-18.1028	-43.7594	7.44257	-0.00303913	18.2095
4.1	0.430005	-18.1551	-43.7555	7.40631	-0.00307676	18.1895
4.11	0.43188	-18.2071	-43.7516	7.37031	-0.00311487	18.1695
4.12	0.43375	-18.2589	-43.7476	7.33457	-0.00315345	18.1494
4.13	0.435615	-18.3104	-43.7435	7.2991	-0.00319253	18.1292
4.14	0.437473	-18.3616	-43.7394	7.26388	-0.0032321	18.109
4.15	0.439325	-18.4126	-43.7352	7.22892	-0.00327217	18.0888
4.16	0.441172	-18.4633	-43.731	7.1942	-0.00331275	18.0685
4.17	0.443011	-18.5137	-43.7267	7.15974	-0.00335384	18.0482
4.18	0.444845	-18.5639	-43.7223	7.12552	-0.00339545	18.0278
4.19	0.446672	-18.6138	-43.7179	7.09155	-0.00343759	18.0074
4.2	0.448492	-18.6634	-43.7134	7.05782	-0.00348025	17.9869
4.21	0.450306	-18.7128	-43.7088	7.02433	-0.00352346	17.9664
4.22	0.452112	-18.7619	-43.7042	6.99108	-0.00356721	17.9458
4.23	0.453912	-18.8108	-43.6995	6.95807	-0.00361152	17.9252
4.24	0.455704	-18.8594	-43.6947	6.92528	-0.00365638	17.9045
4.25	0.457489	-18.9078	-43.6899	6.89273	-0.00370181	17.8838
4.26	0.459266	-18.9559	-43.6849	6.86041	-0.00374781	17.863
4.27	0.461036	-19.0038	-43.68	6.82832	-0.00379439	17.8422
4.28	0.462798	-19.0514	-43.6749	6.79645	-0.00384156	17.8213
4.29	0.464552	-19.0987	-43.6698	6.7648	-0.00388932	17.8004
4.3	0.466298	-19.1458	-43.6645	6.73337	-0.00393768	17.7794
4.31	0.468036	-19.1927	-43.6592	6.70216	-0.00398666	17.7584
4.32	0.469766	-19.2393	-43.6539	6.67117	-0.00403625	17.7373
4.33	0.471487	-19.2857	-43.6484	6.64039	-0.00408646	17.7162
4.34	0.473199	-19.3318	-43.6429	6.60982	-0.0041373	17.6951
4.35	0.474903	-19.3777	-43.6373	6.57947	-0.00418878	17.6739
4.36	0.476598	-19.4233	-43.6316	6.54932	-0.00424091	17.6526
4.37	0.478284	-19.4687	-43.6258	6.51938	-0.0042937	17.6313
4.38	0.479961	-19.5139	-43.62	6.48965	-0.00434715	17.6099
4.39	0.481629	-19.5588	-43.614	6.46012	-0.00440126	17.5885
4.4	0.483287	-19.6034	-43.608	6.43079	-0.00445606	17.5671
4.41	0.484936	-19.6479	-43.6019	6.40165	-0.00451154	17.5456
4.42	0.486575	-19.6921	-43.5956	6.37272	-0.00456772	17.524
4.43	0.488204	-19.736	-43.5893	6.34398	-0.0046246	17.5024
4.44	0.489824	-19.7797	-43.5829	6.31544	-0.0046822	17.4807
4.45	0.491433	-19.8232	-43.5764	6.28708	-0.00474051	17.459
4.46	0.493032	-19.8664	-43.5698	6.25892	-0.00479955	17.4373
4.47	0.494621	-19.9094	-43.5632	6.23095	-0.00485934	17.4155
4.48	0.496199	-19.9522	-43.5564	6.20316	-0.00491986	17.3937
4.49	0.497767	-19.9947	-43.5495	6.17556	-0.00498115	17.3718
4.5	0.499324	-20.037	-43.5425	6.14815	-0.0050432	17.3498
4.51	0.50087	-20.079	-43.5354	6.12091	-0.00510602	17.3278
4.52	0.502404	-20.1208	-43.5282	6.09386	-0.00516962	17.3058
4.53	0.503928	-20.1624	-43.5209	6.06699	-0.00523402	17.2837
4.54	0.505441	-20.2037	-43.5135	6.04029	-0.00529922	17.2616
4.55	0.506942	-20.2448	-43.506	6.01377	-0.00536523	17.2394
4.56	0.508431	-20.2857	-43.4984	5.98742	-0.00543206	17.2171
4.57	0.509909	-20.3263	-43.4906	5.96124	-0.00549972	17.1948
4.58	0.511375	-20.3667	-43.4828	5.93524	-0.00556823	17.1725
4.59	0.512829	-20.4068	-43.4748	5.90941	-0.00563758	17.1501
4.6	0.514271	-20.4467	-43.4667	5.88374	-0.00570779	17.1277
4.61	0.515701	-20.4864	-43.4585	5.85824	-0.00577887	17.1052
4.62	0.517118	-20.5258	-43.4502	5.83291	-0.00585083	17.0827
4.63	0.518523	-20.565	-43.4418	5.80774	-0.00592368	17.0601
4.64	0.519915	-20.604	-43.4332	5.78274	-0.00599743	17.0375
4.65	0.521294	-20.6427	-43.4245	5.75789	-0.00607209	17.0148
4.66	0.522661	-20.6812	-43.4157	5.73321	-0.00614768	16.9921
4.67	0.524014	-20.7194	-43.4067	5.70868	-0.00622419	16.9693
4.68	0.525355	-20.7574	-43.3976	5.68431	-0.00630165	16.9465
4.69	0.526682	-20.7952	-43.3884	5.66009	-0.00638006	16.9236
4.7	0.527996	-20.8327	-43.3791	5.63603	-0.00645944	16.9007
4.71	0.529296	-20.8699	-43.3696	5.61213	-0.00653979	16.8777
4.72	0.530582	-20.907	-43.36	5.58837	-0.00662113	16.8547
4.73	0.531855	-20.9438	-43.3502	5.56477	-0.00670346	16.8316
4.74	0.533114	-20.9803	-43.3403	5.54131	-0.00678681	16.8085
4.75	0.534358	-21.0166	-43.3303	5.51801	-0.00687117	16.7853
4.76	0.535589	-21.0526	-43.3201	5.49484	-0.00695657	16.7621
4.77	0.536805	-21.0885	-43.3097	5.47183	-0.00704301	16.7389
4.78	0.538007	-21.124	-43.2992	5.44896	-0.0071305	16.7156
4.79	0.539194	-21.1593	-43.2886	5.42623	-0.00721907	16.6922
4.8	0.540367	-21.1944	-43.2778	5.40365	-0.00730871	16.6688
4.81	0.541524	-21.2292	-43.2668	5.3812	-0.00739944	16.6453
4.82	0.542667	-21.2637	-43.2557	5.3589	-0.00749127	16.6218
4.83	0.543795	-21.298	-43.2444	5.33673	-0.00758422	16.5983
4.84	0.544908	-21.3321	-43.233	5.3147	-0.0076783	16.5747
4.85	0.546005	-21.3659	-43.2214	5.2928	-0.00777351	16.551
4.86	0.547087	-21.3994	-43.2096	5.27105	-0.00786988	16.5273
4.87	0.548153	-21.4327	-43.1976	5.24942	-0.00796741	16.5036
4.88	0.549204	-21.4657	-43.1855	5.22793	-0.00806612	16.4798
4.89	0.550239	-21.4985	-43.1732	5.20657	-0.00816601	16.4559
4.9	0.551258	-21.531	-43.1607	5.18534	-0.00826711	16.432
4.91	0.552261	-21.5632	-43.1481	5.16424	-0.00836943	16.4081
4.92	0.553248	-21.5952	-43.1353	5.14327	-0.00847297	16.3841
4.93	0.554219	-21.6269	-43.1222	5.12242	-0.00857776	16.36
4.94	0.555174	-21.6584	-43.109	5.10171	-0.0086838	16.3359
4.95	0.556112	-21.6895	-43.0956	5.08111	-0.0087911	16.3118
4.96	0.557033	-21.7204	-43.082	5.06065	-0.00889969	16.2876
4.97	0.557938	-21.7511	-43.0682	5.0403	-0.00900957	16.2634
4.98	0.558826	-21.7814	-43.0543	5.02008	-0.00912076	16.2391
4.99	0.559697	-21.8115	-43.0401	4.99998	-0.00923327	16.2148
5	0.560552	-21.8413	-43.0257	4.98	-0.00934712	16.1904
5.01	0.561389	-21.8708	-43.0111	4.96014	-0.00946231	16.1659
5.02	0.562209	-21.9001	-42.9963	4.9404	-0.00957887	16.1414
5.03	0.563011	-21.929	-42.9813	4.92077	-0.0096968	16.1169
5.04	0.563796	-21.9577	-42.966	4.90127	-0.00981612	16.0923
5.05	0.564564	-21.9861	-42.9506	4.88187	-0.00993685	16.0677
5.06	0.565314	-22.0142	-42.9349	4.8626	-0.010059	16.043
5.07	0.566046	-22.042	-42.919	4.84343	-0.0101826	16.0183
5.08	0.566761	-22.0695	-42.9029	4.82438	-0.0103076	15.9935
5.09	0.567457	-22.0967	-42.8865	4.80545	-0.0104341	15.9687
5.1	0.568136	-22.1236	-42.8699	4.78662	-0.010562	15.9438
5.11	0.568796	-22.1503	-42.8531	4.7679	-0.0106915	15.9189
5.12	0.569439	-22.1766	-42.836	4.7493	-0.0108224	15.8939
5.13	0.570062	-22.2026	-42.8187	4.7308	-0.0109549	15.8689
5.14	0.570668	-22.2283	-42.8012	4.71241	-0.0110889	15.8438
5.15	0.571255	-22.2537	-42.7834	4.69413	-0.0112245	15.8187
5.16	0.571824	-22.2788	-42.7653	4.67595	-0.0113616	15.7936
5.17	0.572374	-22.3035	-42.747	4.65788	-0.0115002	15.7683
5.18	0.572905	-22.328	-42.7284	4.63991	-0.0116405	15.7431
5.19	0.573417	-22.3521	-42.7096	4.62205	-0.0117824	15.7178
5.2	0.573911	-22.3759	-42.6905	4.60429	-0.0119259	15.6924
5.21	0.574385	-22.3994	-42.6711	4.58663	-0.0120711	15.667
5.22	0.574841	-22.4226	-42.6515	4.56908	-0.0122178	15.6415
5.23	0.575277	-22.4454	-42.6316	4.55162	-0.0123663	15.616
5.24	0.575694	-22.4679	-42.6114	4.53426	-0.0125164	15.5905
5.25	0.576092	-22.49	-42.5909	4.51701	-0.0126683	15.5649
5.26	0.57647	-22.5118	-42.5701	4.49985	-0.0128218	15.5392
5.27	0.576829	-22.5333	-42.5491	4.48279	-0.012977	15.5135
5.28	0.577168	-22.5544	-42.5277	4.46582	-0.013134	15.4878
5.29	0.577488	-22.5752	-42.5061	4.44895	-0.0132928	15.462
5.3	0.577788	-22.5956	-42.4841	4.43218	-0.0134533	15.4361
5.31	0.578069	-22.6157	-42.4618	4.4155	-0.0136156	15.4102
5.32	0.578329	-22.6354	-42.4392	4.39892	-0.0137797	15.3843
5.33	0.57857	-22.6547	-42.4163	4.38243	-0.0139456	15.3583
5.34	0.578791	-22.6737	-42.3931	4.36603	-0.0141134	15.3322
5.35	0.578992	-22.6923	-42.3696	4.34972	-0.0142829	15.3061
5.36	0.579173	-22.7106	-42.3457	4.33351	-0.0144544	15.28
5.37	0.579333	-22.7284	-42.3215	4.31739	-0.0146277	15.2538
5.38	0.579474	-22.7459	-42.297	4.30135	-0.0148029	15.2276
5.39	0.579594	-22.763	-42.2721	4.2854	-0.0149799	15.2013
5.4	0.579694	-22.7797	-42.2469	4.26955	-0.0151589	15.1749
5.41	0.579774	-22.796	-42.2214	4.25378	-0.0153399	15.1485
5.42	0.579834	-22.812	-42.1955	4.2381	-0.0155227	15.1221
5.43	0.579873	-22.8275	-42.1692	4.2225	-0.0157076	15.0956
5.44	0.579892	-22.8426	-42.1425	4.20699	-0.0158944	15.0691
5.45	0.57989	-22.8573	-42.1155	4.19157	-0.0160831	15.0425
5.46	0.579867	-22.8717	-42.0882	4.17623	-0.0162739	15.0159
5.47	0.579824	-22.8856	-42.0604	4.16097	-0.0164667	14.9892
5.48	0.579761	-22.899	-42.0323	4.1458	-0.0166615	14.9625
5.49	0.579677	-22.9121	-42.0038	4.13071	-0.0168584	14.9357
5.5	0.579572	-22.9247	-41.9749	4.1157	-0.0170573	14.9089
5.51	0.579446	-22.9369	-41.9456	4.10078	-0.0172582	14.882
5.52	0.5793	-22.9487	-41.9159	4.08593	-0.0174612	14.8551
5.53	0.579133	-22.9599	-41.8858	4.07117	-0.0176664	14.8282
5.54	0.578945	-22.9706	-41.8553	4.05648	-0.0178736	14.8014
5.55	0.578736	-22.9806	-41.8244	4.04188	-0.0180829	14.7748
5.56	0.578507	-22.9901	-41.7931	4.02735	-0.0182944	14.7482
5.57	0.578256	-22.9989	-41.7613	4.01291	-0.018508	14.7217
5.58	0.577985	-23.0072	-41.7291	3.99854	-0.0187237	14.6953
5.59	0.577693	-23.0148	-41.6965	3.98424	-0.0189417	14.6691
5.6	0.57738	-23.0218	-41.6634	3.97003	-0.0191617	14.6429
5.61	0.577046	-23.0282	-41.6299	3.95588	-0.019384	14.6168
5.62	0.576692	-23.034	-41.596	3.94182	-0.0196084	14.5907
5.63	0.576316	-23.0392	-41.5616	3.92783	-0.0198351	14.5648
5.64	0.575919	-23.0437	-41.5267	3.91391	-0.020064	14.539
5.65	0.575502	-23.0476	-41.4914	3.90007	-0.020295	14.5133
5.66	0.575063	-23.0509	-41.4556	3.8863	-0.0205284	14.4876
5.67	0.574604	-23.0535	-41.4193	3.87261	-0.0207639	14.4621
5.68	0.574124	-23.0555	-41.3826	3.85898	-0.0210017	14.4366
5.69	0.573623	-23.0568	-41.3453	3.84543	-0.0212418	14.4112
5.7	0.573101	-23.0575	-41.3076	3.83195	-0.0214841	14.386
5.71	0.572558	-23.0575	-41.2694	3.81854	-0.0217287	14.3608
5.72	0.571995	-23.0568	-41.2306	3.8052	-0.0219756	14.3357
5.73	0.57141	-23.0555	-41.1914	3.79193	-0.0222248	14.3106
5.74	0.570805	-23.0535	-41.1516	3.77873	-0.0224762	14.2857
5.75	0.570179	-23.0508	-41.1114	3.7656	-0.02273	14.2609
5.76	0.569533	-23.0474	-41.0706	3.75253	-0.022986	14.2361
5.77	0.568865	-23.0434	-41.0292	3.73954	-0.0232444	14.2114
5.78	0.568177	-23.0387	-40.9874	3.72661	-0.023505	14.1869
5.79	0.567469	-23.0332	-40.945	3.71375	-0.023768	14.1623
5.8	0.56674	-23.0271	-40.902	3.70095	-0.0240333	14.1379
5.81	0.56599	-23.0202	-40.8585	3.68822	-0.024301	14.1136
5.82	0.56522	-23.0127	-40.8144	3.67556	-0.0245709	14.0893
5.83	0.564429	-23.0044	-40.7698	3.66296	-0.0248432	14.0652
5.84	0.563619	-22.9954	-40.7246	3.65043	-0.0251178	14.0411
5.85	0.562787	-22.9857	-40.6788	3.63796	-0.0253947	14.0171
5.86	0.561936	-22.9752	-40.6324	3.62555	-0.025674	13.9932
5.87	0.561064	-22.964	-40.5855	3.61321	-0.0259556	13.9693
5.88	0.560172	-22.9521	-40.5379	3.60093	-0.0262395	13.9456
5.89	0.55926	-22.9394	-40.4898	3.58871	-0.0265257	13.9219
5.9	0.558328	-22.9259	-40.441	3.57656	-0.0268142	13.8983
5.91	0.557376	-22.9117	-40.3917	3.56447	-0.0271051	13.8748
5.92	0.556404	-22.8968	-40.3417	3.55243	-0.0273982	13.8514
5.93	0.555413	-22.8811	-40.2911	3.54046	-0.0276937	13.828
5.94	0.554401	-22.8645	-40.2398	3.52855	-0.0279915	13.8047
5.95	0.55337	-22.8473	-40.1879	3.5167	-0.0282916	13.7815
5.96	0.55232	-22.8292	-40.1354	3.50491	-0.0285939	13.7584
5.97	0.55125	-22.8103	-40.0822	3.49318	-0.0288985	13.7353
5.98	0.55016	-22.7907	-40.0284	3.4815	-0.0292054	13.7124
5.99	0.549052	-22.7702	-39.9739	3.46989	-0.0295146	13.6895
6	0.547924	-22.749	-39.9187	3.45833	-0.029826	13.6667
6.01	0.546777	-22.7269	-39.8629	3.44683	-0.0301396	13.6439
6.02	0.54561	-22.704	-39.8064	3.43539	-0.0304555	13.6213
6.03	0.544425	-22.6803	-39.7491	3.42401	-0.0307735	13.5987
6.04	0.543222	-22.6558	-39.6913	3.41268	-0.0310938	13.5762
6.05	0.541999	-22.6304	-39.6327	3.40141	-0.0314162	13.5537
6.06	0.540758	-22.6042	-39.5734	3.39019	-0.0317408	13.5314
6.07	0.539499	-22.5772	-39.5133	3.37903	-0.0320675	13.5091
6.08	0.538221	-22.5493	-39.4526	3.36792	-0.0323964	13.4868
6.09	0.536924	-22.5205	-39.3912	3.35687	-0.0327274	13.4647
6.1	0.53561	-22.4909	-39.329	3.34587	-0.0330604	13.4426
6.11	0.534278	-22.4604	-39.2661	3.33493	-0.0333956	13.4206
6.12	0.532928	-22.4291	-39.2024	3.32404	-0.0337327	13.3987
6.13	0.53156	-22.3969	-39.138	3.31321	-0.0340719	13.3768
6.14	0.530174	-22.3638	-39.0729	3.30242	-0.0344131	13.355
6.15	0.528771	-22.3298	-39.007	3.29169	-0.0347562	13.3333
6.16	0.52735	-22.2949	-38.9403	3.28101	-0.0351012	13.3117
6.17	0.525912	-22.2592	-38.8728	3.27039	-0.0354482	13.2901
6.18	0.524458	-22.2225	-38.8046	3.25981	-0.0357971	13.2686
6.19	0.522986	-22.1849	-38.7356	3.24929	-0.0361478	13.2472
6.2	0.521497	-22.1465	-38.6658	3.23881	-0.0365003	13.2258
6.21	0.519992	-22.1071	-38.5952	3.22839	-0.0368545	13.2045
6.22	0.51847	-22.0668	-38.5239	3.21802	-0.0372106	13.1833
6.23	0.516932	-22.0255	-38.4517	3.2077	-0.0375683	13.1621
6.24	0.515377	-21.9833	-38.3787	3.19742	-0.0379277	13.141
6.25	0.513807	-21.9402	-38.3049	3.1872	-0.0382888	13.12
6.26	0.51222	-21.8962	-38.2303	3.17703	-0.0386514	13.099
6.27	0.510618	-21.8512	-38.1548	3.1669	-0.0390156	13.0781
6.28	0.509	-21.8053	-38.0785	3.15682	-0.0393812	13.0573
6.29	0.507367	-21.7584	-38.0014	3.14679	-0.0397484	13.0366
6.3	0.505719	-21.7106	-37.9234	3.13681	-0.0401169	13.0159
6.31	0.504055	-21.6618	-37.8446	3.12688	-0.0404869	12.9952
6.32	0.502376	-21.612	-37.765	3.11699	-0.0408581	12.9747
6.33	0.500683	-21.5613	-37.6845	3.10715	-0.0412306	12.9542
6.34	0.498975	-21.5096	-37.6031	3.09735	-0.0416044	12.9338
6.35	0.497253	-21.4569	-37.5208	3.08761	-0.0419792	12.9134
6.36	0.495516	-21.4032	-37.4377	3.0779	-0.0423552	12.8931
6.37	0.493766	-21.3486	-37.3538	3.06825	-0.0427323	12.8728
6.38	0.492001	-21.2929	-37.2689	3.05864	-0.0431103	12.8527
6.39	0.490223	-21.2363	-37.1832	3.04907	-0.0434893	12.8326
6.4	0.488431	-21.1787	-37.0965	3.03955	-0.0438692	12.8125
6.41	0.486626	-21.12	-37.009	3.03007	-0.0442499	12.7925
6.42	0.484808	-21.0604	-36.9206	3.02064	-0.0446313	12.7726
6.43	0.482976	-20.9998	-36.8313	3.01125	-0.0450134	12.7527
6.44	0.481132	-20.9381	-36.7411	3.00191	-0.0453961	12.7329
6.45	0.479276	-20.8755	-36.6499	2.99261	-0.0457794	12.7132
6.46	0.477407	-20.8118	-36.5579	2.98335	-0.0461631	12.6935
6.47	0.475525	-20.7471	-36.465	2.97414	-0.0465473	12.6739
6.48	0.473632	-20.6814	-36.3711	2.96496	-0.0469318	12.6543
6.49	0.471727	-20.6147	-36.2763	2.95583	-0.0473165	12.6348
6.5	0.469811	-20.5469	-36.1806	2.94675	-0.0477015	12.6154
6.51	0.467883	-20.4782	-36.084	2.9377	-0.0480865	12.596
6.52	0.465944	-20.4084	-35.9865	2.9287	-0.0484716	12.5767
6.53	0.463993	-20.3375	-35.888	2.91973	-0.0488567	12.5574
6.54	0.462032	-20.2657	-35.7886	2.91081	-0.0492416	12.5382
6.55	0.460061	-20.1928	-35.6882	2.90193	-0.0496263	12.5191
6.56	0.458079	-20.1188	-35.5869	2.89309	-0.0500107	12.5
6.57	0.456087	-20.0439	-35.4847	2.88429	-0.0503947	12.481
6.58	0.454085	-19.9679	-35.3816	2.87553	-0.0507782	12.462
6.59	0.452073	-19.8908	-35.2775	2.86681	-0.0511612	12.4431
6.6	0.450052	-19.8128	-35.1724	2.85813	-0.0515436	12.4242
6.61	0.448021	-19.7337	-35.0665	2.84949	-0.0519252	12.4054
6.62	0.445981	-19.6535	-34.9596	2.84088	-0.0523059	12.3867
6.63	0.443932	-19.5723	-34.8517	2.83232	-0.0526858	12.368
6.64	0.441875	-19.4901	-34.7429	2.8238	-0.0530646	12.3494
6.65	0.439809	-19.4068	-34.6331	2.81531	-0.0534423	12.3308
6.66	0.437735	-19.3225	-34.5224	2.80686	-0.0538188	12.3123
6.67	0.435653	-19.2372	-34.4108	2.79845	-0.054194	12.2939
6.68	0.433563	-19.1509	-34.2982	2.79008	-0.0545678	12.2754
6.69	0.431465	-19.0635	-34.1847	2.78174	-0.0549401	12.2571
6.7	0.42936	-18.975	-34.0703	2.77345	-0.0553107	12.2388
6.71	0.427248	-18.8856	-33.9549	2.76519	-0.0556797	12.2206
6.72	0.425129	-18.7951	-33.8385	2.75696	-0.0560468	12.2024
6.73	0.423003	-18.7036	-33.7212	2.74878	-0.056412	12.1842
6.74	0.420871	-18.6111	-33.603	2.74062	-0.0567752	12.1662
6.75	0.418732	-18.5175	-33.4839	2.73251	-0.0571362	12.1481
6.76	0.416588	-18.423	-33.3638	2.72443	-0.057495	12.1302
6.77	0.414437	-18.3274	-33.2428	2.71639	-0.0578514	12.1123
6.78	0.412281	-18.2308	-33.1209	2.70838	-0.0582054	12.0944
6.79	0.410119	-18.1332	-32.998	2.70041	-0.0585568	12.0766
6.8	0.407953	-18.0346	-32.8743	2.69247	-0.0589056	12.0588
6.81	0.405781	-17.935	-32.7496	2.68457	-0.0592515	12.0411
6.82	0.403605	-17.8344	-32.624	2.67671	-0.0595946	12.0235
6.83	0.401424	-17.7328	-32.4975	2.66887	-0.0599347	12.0059
6.84	0.399238	-17.6303	-32.3701	2.66108	-0.0602716	11.9883
6.85	0.397049	-17.5267	-32.2418	2.65331	-0.0606053	11.9708
6.86	0.394856	-17.4222	-32.1126	2.64558	-0.0609356	11.9534
6.87	0.392659	-17.3167	-31.9825	2.63789	-0.0612625	11.936
6.88	0.390459	-17.2103	-31.8515	2.63022	-0.0615859	11.9186
6.89	0.388255	-17.1029	-31.7197	2.62259	-0.0619055	11.9013
6.9	0.386049	-16.9946	-31.587	2.615	-0.0622214	11.8841
6.91	0.38384	-16.8853	-31.4534	2.60743	-0.0625334	11.8669
6.92	0.381628	-16.7751	-31.3189	2.5999	-0.0628413	11.8497
6.93	0.379414	-16.6639	-31.1836	2.59241	-0.0631451	11.8326
6.94	0.377198	-16.5518	-31.0475	2.58494	-0.0634447	11.8156
6.95	0.37498	-16.4389	-30.9105	2.57751	-0.0637399	11.7986
6.96	0.37276	-16.325	-30.7727	2.57011	-0.0640307	11.7816
6.97	0.370539	-16.2102	-30.6341	2.56274	-0.0643169	11.7647
6.98	0.368317	-16.0945	-30.4947	2.5554	-0.0645984	11.7479
6.99	0.366093	-15.978	-30.3544	2.54809	-0.0648752	11.731
7	0.363869	-15.8606	-30.2134	2.54082	-0.065147	11.7143
7.01	0.361644	-15.7423	-30.0716	2.53357	-0.0654139	11.6976
7.02	0.359419	-15.6232	-29.929	2.52636	-0.0656756	11.6809
7.03	0.357193	-15.5032	-29.7856	2.51918	-0.0659321	11.6643
7.04	0.354968	-15.3824	-29.6415	2.51203	-0.0661833	11.6477
7.05	0.352743	-15.2608	-29.4966	2.5049	-0.0664291	11.6312
7.06	0.350518	-15.1384	-29.351	2.49781	-0.0666694	11.6147
7.07	0.348294	-15.0152	-29.2047	2.49075	-0.066904	11.5983
7.08	0.34607	-14.8913	-29.0576	2.48372	-0.067133	11.5819
7.09	0.343848	-14.7665	-28.9098	2.47672	-0.0673561	11.5656
7.1	0.341627	-14.641	-28.7614	2.46975	-0.0675733	11.5493
7.11	0.339407	-14.5147	-28.6123	2.46281	-0.0677845	11.5331
7.12	0.337189	-14.3877	-28.4625	2.45589	-0.0679896	11.5169
7.13	0.334973	-14.26	-28.312	2.44901	-0.0681885	11.5007
7.14	0.332759	-14.1316	-28.1609	2.44215	-0.0683811	11.4846
7.15	0.330547	-14.0024	-28.0092	2.43533	-0.0685674	11.4685
7.16	0.328338	-13.8726	-27.8568	2.42853	-0.0687472	11.4525
7.17	0.326131	-13.7422	-27.7038	2.42176	-0.0689205	11.4365
7.18	0.323927	-13.611	-27.5503	2.41502	-0.0690872	11.4206
7.19	0.321725	-13.4793	-27.3962	2.40831	-0.0692472	11.4047
7.2	0.319527	-13.3469	-27.2415	2.40162	-0.0694005	11.3889
7.21	0.317333	-13.2139	-27.0862	2.39496	-0.0695469	11.3731
7.22	0.315141	-13.0803	-26.9305	2.38833	-0.0696864	11.3573
7.23	0.312954	-12.9461	-26.7742	2.38173	-0.0698189	11.3416
7.24	0.31077	-12.8113	-26.6174	2.37516	-0.0699444	11.326
7.25	0.308591	-12.676	-26.4601	2.36861	-0.0700628	11.3103
7.26	0.306415	-12.5402	-26.3023	2.36209	-0.070174	11.2948
7.27	0.304244	-12.4038	-26.1441	2.35559	-0.070278	11.2792
7.28	0.302078	-12.267	-25.9854	2.34913	-0.0703747	11.2637
7.29	0.299916	-12.1296	-25.8263	2.34269	-0.0704641	11.2483
7.3	0.297759	-11.9918	-25.6668	2.33627	-0.0705461	11.2329
7.31	0.295608	-11.8535	-25.5069	2.32989	-0.0706207	11.2175
7.32	0.293461	-11.7148	-25.3466	2.32352	-0.0706879	11.2022
7.33	0.29132	-11.5757	-25.1859	2.31719	-0.0707475	11.1869
7.34	0.289184	-11.4362	-25.0249	2.31088	-0.0707996	11.1717
7.35	0.287054	-11.2963	-24.8636	2.3046	-0.0708441	11.1565
7.36	0.28493	-11.156	-24.7019	2.29834	-0.070881	11.1413
7.37	0.282812	-11.0153	-24.54	2.2921	-0.0709103	11.1262
7.38	0.2807	-10.8744	-24.3778	2.2859	-0.0709319	11.1111
7.39	0.278594	-10.7331	-24.2153	2.27971	-0.0709459	11.0961
7.4	0.276495	-10.5915	-24.0526	2.27356	-0.0709522	11.0811
7.41	0.274402	-10.4497	-23.8896	2.26743	-0.0709507	11.0661
7.42	0.272316	-10.3075	-23.7265	2.26132	-0.0709416	11.0512
7.43	0.270236	-10.1652	-23.5631	2.25523	-0.0709247	11.0363
7.44	0.268164	-10.0226	-23.3996	2.24918	-0.0709001	11.0215
7.45	0.266099	-9.8798	-23.236	2.24314	-0.0708678	11.0067
7.46	0.264041	-9.73682	-23.0721	2.23713	-0.0708277	10.992
7.47	0.26199	-9.59367	-22.9082	2.23115	-0.0707799	10.9772
7.48	0.259947	-9.45036	-22.7442	2.22519	-0.0707245	10.9626
7.49	0.257912	-9.30693	-22.5801	2.21925	-0.0706613	10.9479
7.5	0.255884	-9.16337	-22.4159	2.21333	-0.0705905	10.9333
7.51	0.253864	-9.01973	-22.2517	2.20744	-0.070512	10.9188
7.52	0.251852	-8.876	-22.0875	2.20158	-0.0704258	10.9043
7.53	0.249847	-8.73222	-21.9232	2.19573	-0.0703321	10.8898
7.54	0.247852	-8.58839	-21.759	2.18991	-0.0702308	10.8753
7.55	0.245864	-8.44454	-21.5948	2.18411	-0.070122	10.8609
7.56	0.243885	-8.30069	-21.4306	2.17834	-0.0700056	10.8466
7.57	0.241914	-8.15685	-21.2665	2.17259	-0.0698818	10.8322
7.58	0.239952	-8.01305	-21.1025	2.16686	-0.0697506	10.8179
7.59	0.237998	-7.8693	-20.9386	2.16115	-0.069612	10.8037
7.6	0.236054	-7.72562	-20.7748	2.15547	-0.069466	10.7895
7.61	0.234118	-7.58202	-20.6111	2.14981	-0.0693128	10.7753
7.62	0.232191	-7.43854	-20.4476	2.14417	-0.0691524	10.7612
7.63	0.230273	-7.29518	-20.2843	2.13855	-0.0689849	10.7471
7.64	0.228364	-7.15196	-20.1211	2.13296	-0.0688102	10.733
7.65	0.226464	-7.0089	-19.9582	2.12739	-0.0686285	10.719
7.66	0.224574	-6.86602	-19.7955	2.12184	-0.0684398	10.705
7.67	0.222693	-6.72333	-19.633	2.11631	-0.0682443	10.691
7.68	0.220822	-6.58086	-19.4708	2.1108	-0.068042	10.6771
7.69	0.21896	-6.43862	-19.3089	2.10531	-0.0678329	10.6632
7.7	0.217107	-6.29663	-19.1473	2.09985	-0.0676171	10.6494
7.71	0.215264	-6.15491	-18.9859	2.0944	-0.0673948	10.6355
7.72	0.213431	-6.01347	-18.825	2.08898	-0.0671659	10.6218
7.73	0.211608	-5.87233	-18.6643	2.08358	-0.0669307	10.608
7.74	0.209794	-5.73151	-18.5041	2.0782	-0.0666891	10.5943
7.75	0.207991	-5.59102	-18.3442	2.07284	-0.0664413	10.5806
7.76	0.206197	-5.45088	-18.1847	2.0675	-0.0661874	10.567
7.77	0.204413	-5.3111	-18.0256	2.06218	-0.0659274	10.5534
7.78	0.20264	-5.17171	-17.8669	2.05689	-0.0656615	10.5398
7.79	0.200876	-5.03272	-17.7087	2.05161	-0.0653897	10.5263
7.8	0.199123	-4.89414	-17.551	2.04635	-0.0651122	10.5128
7.81	0.19738	-4.756	-17.3937	2.04111	-0.0648291	10.4994
7.82	0.195647	-4.61829	-17.2369	2.0359	-0.0645404	10.4859
7.83	0.193924	-4.48105	-17.0807	2.0307	-0.0642463	10.4725
7.84	0.192212	-4.34429	-16.9249	2.02552	-0.0639468	10.4592
7.85	0.19051	-4.20801	-16.7697	2.02037	-0.0636422	10.4459
7.86	0.188818	-4.07224	-16.615	2.01523	-0.0633324	10.4326
7.87	0.187137	-3.93699	-16.4609	2.01011	-0.0630177	10.4193
7.88	0.185466	-3.80227	-16.3074	2.00501	-0.0626981	10.4061
7.89	0.183806	-3.66809	-16.1545	1.99993	-0.0623737	10.3929
7.9	0.182156	-3.53448	-16.0022	1.99487	-0.0620447	10.3797
7.91	0.180517	-3.40144	-15.8505	1.98983	-0.0617112	10.3666
7.92	0.178888	-3.26899	-15.6994	1.98481	-0.0613732	10.3535
7.93	0.177269	-3.13714	-15.549	1.97981	-0.061031	10.3405
7.94	0.175662	-3.0059	-15.3992	1.97482	-0.0606846	10.3275
7.95	0.174065	-2.87528	-15.2501	1.96986	-0.0603341	10.3145
7.96	0.172478	-2.7453	-15.1017	1.96491	-0.0599797	10.3015
7.97	0.170902	-2.61597	-14.954	1.95998	-0.0596215	10.2886
7.98	0.169337	-2.4873	-14.807	1.95508	-0.0592596	10.2757
7.99	0.167783	-2.35929	-14.6606	1.95018	-0.0588941	10.2628
8	0.166239	-2.23198	-14.5151	1.94531	-0.0585252	10.25
8.01	0.164705	-2.10535	-14.3702	1.94046	-0.058153	10.2372
8.02	0.163182	-1.97943	-14.2262	1.93562	-0.0577775	10.2244
8.03	0.16167	-1.85422	-14.0828	1.9308	-0.057399	10.2117
8.04	0.160169	-1.72973	-13.9403	1.926	-0.0570175	10.199
8.05	0.158678	-1.60597	-13.7985	1.92122	-0.0566332	10.1863
8.06	0.157198	-1.48296	-13.6575	1.91646	-0.0562462	10.1737
8.07	0.155729	-1.3607	-13.5173	1.91171	-0.0558565	10.1611
8.08	0.15427	-1.2392	-13.3779	1.90698	-0.0554644	10.1485
8.09	0.152821	-1.11847	-13.2393	1.90227	-0.05507	10.136
8.1	0.151384	-0.998513	-13.1016	1.89758	-0.0546733	10.1235
8.11	0.149957	-0.879342	-12.9646	1.8929	-0.0542745	10.111
8.12	0.14854	-0.760963	-12.8285	1.88824	-0.0538737	10.0985
8.13	0.147134	-0.643384	-12.6933	1.8836	-0.053471	10.0861
8.14	0.145739	-0.526611	-12.5589	1.87897	-0.0530665	10.0737
8.15	0.144354	-0.410652	-12.4254	1.87436	-0.0526605	10.0613
8.16	0.142979	-0.295514	-12.2927	1.86977	-0.0522528	10.049
8.17	0.141615	-0.181201	-12.1609	1.8652	-0.0518438	10.0367
8.18	0.140262	-0.0677215	-12.03	1.86064	-0.0514335	10.0244
8.19	0.138919	0.0449202	-11.8999	1.8561	-0.0510219	10.0122
8.2	0.137586	0.156718	-11.7708	1.85158	-0.0506093	10
8.21	0.136264	0.267668	-11.6425	1.84707	-0.0501957	9.98782
8.22	0.134952	0.377763	-11.5152	1.84258	-0.0497813	9.97567
8.23	0.133651	0.487	-11.3887	1.8381	-0.0493661	9.96355
8.24	0.13236	0.595375	-11.2632	1.83364	-0.0489503	9.95146
8.25	0.131079	0.702882	-11.1385	1.8292	-0.0485339	9.93939
8.26	0.129808	0.809519	-11.0148	1.82477	-0.0481171	9.92736
8.27	0.128548	0.915281	-10.892	1.82036	-0.0476999	9.91536
8.28	0.127297	1.02017	-10.7701	1.81597	-0.0472825	9.90338
8.29	0.126057	1.12417	-10.6492	1.81159	-0.046865	9.89144
8.3	0.124827	1.22729	-10.5291	1.80723	-0.0464474	9.87952
8.31	0.123607	1.32952	-10.41	1.80288	-0.0460299	9.86763
8.32	0.122397	1.43087	-10.2919	1.79855	-0.0456125	9.85577
8.33	0.121197	1.53132	-10.1746	1.79424	-0.0451954	9.84394
8.34	0.120007	1.63089	-10.0584	1.78993	-0.0447786	9.83213
8.35	0.118827	1.72955	-9.943	1.78565	-0.0443622	9.82036
8.36	0.117657	1.82732	-9.82859	1.78138	-0.0439463	9.80861
8.37	0.116496	1.9242	-9.71512	1.77713	-0.0435311	9.79689
8.38	0.115346	2.02018	-9.60259	1.77289	-0.0431165	9.7852
8.39	0.114205	2.11525	-9.491	1.76866	-0.0427027	9.77354
8.4	0.113074	2.20943	-9.38036	1.76446	-0.0422897	9.7619
8.41	0.111952	2.30271	-9.27066	1.76026	-0.0418776	9.7503
8.42	0.110841	2.39509	-9.16191	1.75608	-0.0414666	9.73872
8.43	0.109738	2.48657	-9.05409	1.75192	-0.0410566	9.72716
8.44	0.108645	2.57716	-8.94723	1.74777	-0.0406478	9.71564
8.45	0.107562	2.66684	-8.8413	1.74364	-0.0402402	9.70414
8.46	0.106488	2.75562	-8.73631	1.73952	-0.0398339	9.69267
8.47	0.105424	2.84351	-8.63227	1.73541	-0.039429	9.68123
8.48	0.104369	2.9305	-8.52917	1.73132	-0.0390255	9.66981
8.49	0.103323	3.0166	-8.427	1.72725	-0.0386234	9.65842
8.5	0.102286	3.10181	-8.32577	1.72318	-0.038223	9.64706
8.51	0.101258	3.18612	-8.22548	1.71914	-0.0378241	9.63572
8.52	0.10024	3.26954	-8.12611	1.7151	-0.037427	9.62441
8.53	0.0992307	3.35208	-8.02768	1.71108	-0.0370316	9.61313
8.54	0.0982304	3.43373	-7.93018	1.70708	-0.0366379	9.60187
8.55	0.097239	3.51449	-7.83361	1.70309	-0.0362462	9.59064
8.56	0.0962566	3.59438	-7.73796	1.69911	-0.0358563	9.57944
8.57	0.0952831	3.67339	-7.64323	1.69515	-0.0354684	9.56826
8.58	0.0943183	3.75152	-7.54941	1.6912	-0.0350825	9.55711
8.59	0.0933624	3.82878	-7.45652	1.68726	-0.0346986	9.54598
8.6	0.0924151	3.90517	-7.36453	1.68334	-0.0343168	9.53488
8.61	0.0914764	3.98069	-7.27346	1.67943	-0.0339372	9.52381
8.62	0.0905464	4.05535	-7.18329	1.67554	-0.0335597	9.51276
8.63	0.0896249	4.12915	-7.09402	1.67166	-0.0331845	9.50174
8.64	0.0887119	4.2021	-7.00565	1.66779	-0.0328115	9.49074
8.65	0.0878073	4.27419	-6.91818	1.66394	-0.0324409	9.47977
8.66	0.0869111	4.34543	-6.8316	1.6601	-0.0320725	9.46882
8.67	0.0860232	4.41583	-6.7459	1.65627	-0.0317066	9.4579
8.68	0.0851435	4.48539	-6.66108	1.65246	-0.031343	9.447
8.69	0.0842721	4.55411	-6.57715	1.64866	-0.0309819	9.43613
8.7	0.0834088	4.622	-6.49409	1.64487	-0.0306233	9.42529
8.71	0.0825536	4.68907	-6.41189	1.64109	-0.0302671	9.41447
8.72	0.0817064	4.75531	-6.33056	1.63733	-0.0299135	9.40367
8.73	0.0808673	4.82073	-6.2501	1.63358	-0.0295624	9.3929
8.74	0.080036	4.88534	-6.17048	1.62985	-0.0292139	9.38215
8.75	0.0792126	4.94913	-6.09172	1.62612	-0.028868	9.37143
8.76	0.0783971	5.01213	-6.0138	1.62241	-0.0285247	9.36073
8.77	0.0775892	5.07432	-5.93673	1.61871	-0.028184	9.35006
8.78	0.0767891	5.13572	-5.86049	1.61503	-0.0278461	9.33941
8.79	0.0759966	5.19633	-5.78508	1.61136	-0.0275107	9.32878
8.8	0.0752118	5.25615	-5.71049	1.6077	-0.0271781	9.31818
8.81	0.0744344	5.3152	-5.63673	1.60405	-0.0268482	9.3076
8.82	0.0736645	5.37347	-5.56377	1.60041	-0.026521	9.29705
8.83	0.072902	5.43098	-5.49163	1.59679	-0.0261965	9.28652
8.84	0.0721469	5.48772	-5.42029	1.59318	-0.0258748	9.27602
8.85	0.0713991	5.5437	-5.34975	1.58958	-0.0255558	9.26554
8.86	0.0706585	5.59893	-5.28001	1.586	-0.0252396	9.25508
8.87	0.0699251	5.65341	-5.21105	1.58242	-0.0249261	9.24464
8.88	0.0691988	5.70715	-5.14287	1.57886	-0.0246155	9.23423
8.89	0.0684797	5.76016	-5.07546	1.57531	-0.0243076	9.22385
8.9	0.0677675	5.81243	-5.00883	1.57177	-0.0240025	9.21348
8.91	0.0670623	5.86398	-4.94295	1.56825	-0.0237002	9.20314
8.92	0.066364	5.91482	-4.87784	1.56473	-0.0234007	9.19283
8.93	0.0656726	5.96493	-4.81348	1.56123	-0.023104	9.18253
8.94	0.0649879	6.01435	-4.74987	1.55774	-0.0228101	9.17226
8.95	0.0643101	6.06306	-4.68699	1.55426	-0.0225191	9.16201
8.96	0.0636388	6.11107	-4.62485	1.55079	-0.0222308	9.15179
8.97	0.0629743	6.1584	-4.56344	1.54734	-0.0219453	9.14158
8.98	0.0623163	6.20504	-4.50275	1.54389	-0.0216626	9.1314
8.99	0.0616648	6.251	-4.44278	1.54046	-0.0213827	9.12125
9	0.0610198	6.29629	-4.38351	1.53704	-0.0211056	9.11111
9.01	0.0603812	6.34092	-4.32495	1.53363	-0.0208312	9.101
9.02	0.0597489	6.38489	-4.26709	1.53023	-0.0205597	9.09091
9.03	0.059123	6.4282	-4.20992	1.52684	-0.0202909	9.08084
9.04	0.0585033	6.47086	-4.15344	1.52347	-0.0200249	9.0708
9.05	0.0578898	6.51288	-4.09764	1.5201	-0.0197616	9.06077
9.06	0.0572825	6.55427	-4.04251	1.51675	-0.0195011	9.05077
9.07	0.0566813	6.59502	-3.98804	1.5134	-0.0192434	9.04079
9.08	0.056086	6.63515	-3.93424	1.51007	-0.0189884	9.03084
9.09	0.0554968	6.67466	-3.8811	1.50675	-0.0187361	9.0209
9.1	0.0549135	6.71356	-3.8286	1.50344	-0.0184865	9.01099
9.11	0.0543361	6.75185	-3.77675	1.50014	-0.0182396	9.0011
9.12	0.0537646	6.78954	-3.72553	1.49685	-0.0179954	8.99123
9.13	0.0531988	6.82664	-3.67495	1.49358	-0.0177539	8.98138
9.14	0.0526387	6.86315	-3.62499	1.49031	-0.017515	8.97155
9.15	0.0520843	6.89907	-3.57565	1.48706	-0.0172788	8.96175
9.16	0.0515355	6.93442	-3.52692	1.48381	-0.0170452	8.95197
9.17	0.0509923	6.9692	-3.4788	1.48058	-0.0168143	8.9422
9.18	0.0504547	7.00341	-3.43128	1.47735	-0.016586	8.93246
9.19	0.0499225	7.03706	-3.38436	1.47414	-0.0163603	8.92274
9.2	0.0493957	7.07016	-3.33802	1.47094	-0.0161371	8.91304
9.21	0.0488743	7.10272	-3.29227	1.46774	-0.0159165	8.90337
9.22	0.0483582	7.13473	-3.24709	1.46456	-0.0156985	8.89371
9.23	0.0478474	7.1662	-3.20249	1.46139	-0.015483	8.88407
9.24	0.0473419	7.19714	-3.15845	1.45823	-0.01527	8.87446
9.25	0.0468415	7.22756	-3.11497	1.45508	-0.0150595	8.86486
9.26	0.0463462	7.25746	-3.07204	1.45194	-0.0148515	8.85529
9.27	0.0458561	7.28685	-3.02966	1.4488	-0.014646	8.84574
9.28	0.045371	7.31573	-2.98783	1.44568	-0.0144429	8.83621
9.29	0.0448908	7.3441	-2.94653	1.44257	-0.0142422	8.8267
9.3	0.0444156	7.37199	-2.90576	1.43947	-0.014044	8.8172
9.31	0.0439454	7.39938	-2.86551	1.43638	-0.0138482	8.80773
9.32	0.0434799	7.42628	-2.82579	1.4333	-0.0136547	8.79828
9.33	0.0430193	7.45271	-2.78657	1.43023	-0.0134636	8.78885
9.34	0.0425634	7.47866	-2.74787	1.42717	-0.0132748	8.77944
9.35	0.0421123	7.50414	-2.70967	1.42412	-0.0130884	8.77005
9.36	0.0416658	7.52916	-2.67196	1.42108	-0.0129042	8.76068
9.37	0.0412239	7.55372	-2.63475	1.41805	-0.0127223	8.75133
9.38	0.0407867	7.57783	-2.59802	1.41502	-0.0125427	8.742
9.39	0.0403539	7.60149	-2.56177	1.41201	-0.0123654	8.73269
9.4	0.0399257	7.6247	-2.52599	1.40901	-0.0121902	8.7234
9.41	0.0395019	7.64748	-2.49069	1.40602	-0.0120173	8.71413
9.42	0.0390825	7.66983	-2.45585	1.40303	-0.0118466	8.70488
9.43	0.0386675	7.69176	-2.42147	1.40006	-0.011678	8.69565
9.44	0.0382568	7.71326	-2.38754	1.39709	-0.0115115	8.68644
9.45	0.0378504	7.73434	-2.35406	1.39414	-0.0113472	8.67725
9.46	0.0374482	7.75502	-2.32103	1.39119	-0.011185	8.66808
9.47	0.0370503	7.77528	-2.28843	1.38826	-0.0110249	8.65892
9.48	0.0366565	7.79515	-2.25627	1.38533	-0.0108669	8.64979
9.49	0.0362668	7.81462	-2.22453	1.38241	-0.0107108	8.64067
9.5	0.0358812	7.8337	-2.19322	1.3795	-0.0105569	8.63158
9.51	0.0354996	7.85239	-2.16232	1.3766	-0.0104049	8.6225
9.52	0.035122	7.8707	-2.13184	1.37371	-0.0102549	8.61345
9.53	0.0347484	7.88863	-2.10176	1.37083	-0.0101069	8.60441
9.54	0.0343787	7.90619	-2.07209	1.36796	-0.00996079	8.59539
9.55	0.0340129	7.92339	-2.04282	1.36509	-0.00981664	8.58639
9.56	0.0336509	7.94022	-2.01394	1.36224	-0.00967439	8.57741
9.57	0.0332927	7.95669	-1.98545	1.35939	-0.00953403	8.56844
9.58	0.0329383	7.9728	-1.95735	1.35656	-0.00939553	8.5595
9.59	0.0325876	7.98857	-1.92962	1.35373	-0.00925888	8.55057
9.6	0.0322406	8.00399	-1.90227	1.35091	-0.00912406	8.54167
9.61	0.0318973	8.01908	-1.87529	1.3481	-0.00899105	8.53278
9.62	0.0315575	8.03382	-1.84867	1.3453	-0.00885982	8.52391
9.63	0.0312214	8.04824	-1.82242	1.34251	-0.00873036	8.51506
9.64	0.0308888	8.06233	-1.79652	1.33972	-0.00860265	8.50622
9.65	0.0305597	8.07609	-1.77098	1.33695	-0.00847667	8.49741
9.66	0.0302341	8.08954	-1.74578	1.33418	-0.0083524	8.48861
9.67	0.0299119	8.10267	-1.72093	1.33142	-0.00822983	8.47983
9.68	0.0295932	8.11549	-1.69642	1.32867	-0.00810892	8.47107
9.69	0.0292777	8.12801	-1.67224	1.32593	-0.00798967	8.46233
9.7	0.0289657	8.14022	-1.6484	1.3232	-0.00787205	8.45361
9.71	0.0286569	8.15213	-1.62488	1.32048	-0.00775604	8.4449
9.72	0.0283514	8.16376	-1.60168	1.31776	-0.00764163	8.43621
9.73	0.0280492	8.17509	-1.57881	1.31505	-0.0075288	8.42754
9.74	0.0277501	8.18613	-1.55624	1.31236	-0.00741753	8.41889
9.75	0.0274542	8.19689	-1.53399	1.30966	-0.0073078	8.41026
9.76	0.0271615	8.20737	-1.51205	1.30698	-0.0071996	8.40164
9.77	0.0268718	8.21758	-1.4904	1.30431	-0.00709289	8.39304
9.78	0.0265852	8.22752	-1.46906	1.30164	-0.00698768	8.38446
9.79	0.0263017	8.23719	-1.44801	1.29898	-0.00688393	8.37589
9.8	0.0260212	8.2466	-1.42726	1.29633	-0.00678164	8.36735
9.81	0.0257436	8.25574	-1.40679	1.29369	-0.00668078	8.35882
9.82	0.025469	8.26463	-1.38661	1.29106	-0.00658133	8.35031
9.83	0.0251974	8.27327	-1.3667	1.28843	-0.00648329	8.34181
9.84	0.0249286	8.28166	-1.34707	1.28582	-0.00638662	8.33333
9.85	0.0246626	8.2898	-1.32772	1.28321	-0.00629132	8.32487
9.86	0.0243995	8.2977	-1.30863	1.28061	-0.00619737	8.31643
9.87	0.0241392	8.30536	-1.28982	1.27801	-0.00610475	8.308
9.88	0.0238817	8.31278	-1.27126	1.27543	-0.00601344	8.2996
9.89	0.0236269	8.31997	-1.25296	1.27285	-0.00592343	8.2912
9.9	0.0233748	8.32694	-1.23492	1.27028	-0.00583471	8.28283
9.91	0.0231254	8.33367	-1.21713	1.26772	-0.00574724	8.27447
9.92	0.0228787	8.34019	-1.19959	1.26516	-0.00566103	8.26613
9.93	0.0226346	8.34649	-1.1823	1.26261	-0.00557605	8.2578
9.94	0.0223931	8.35256	-1.16525	1.26008	-0.00549229	8.2495
9.95	0.0221542	8.35843	-1.14843	1.25754	-0.00540972	8.24121
9.96	0.0219178	8.36409	-1.13186	1.25502	-0.00532835	8.23293
9.97	0.021684	8.36953	-1.11552	1.2525	-0.00524814	8.22467
9.98	0.0214526	8.37478	-1.0994	1.24999	-0.0051691	8.21643
9.99	0.0212237	8.37982	-1.08352	1.24749	-0.00509119	8.20821
10	0.0209973	8.38467	-1.06785	1.245	-0.0050144	8.2
10.01	0.0207732	8.38932	-1.05241	1.24251	-0.00493873	8.19181
10.02	0.0205516	8.39378	-1.03719	1.24003	-0.00486416	8.18363
10.03	0.0203323	8.39804	-1.02218	1.23756	-0.00479066	8.17547
10.04	0.0201154	8.40212	-1.00738	1.2351	-0.00471823	8.16733
10.05	0.0199008	8.40602	-0.992796	1.23264	-0.00464686	8.1592
10.06	0.0196885	8.40974	-0.978415	1.23019	-0.00457653	8.15109
10.07	0.0194785	8.41327	-0.964238	1.22775	-0.00450722	8.143
10.08	0.0192707	8.41663	-0.950261	1.22532	-0.00443892	8.13492
10.09	0.0190651	8.41982	-0.936483	1.22289	-0.00437162	8.12686
10.1	0.0188617	8.42284	-0.922901	1.22047	-0.00430531	8.11881
10.11	0.0186605	8.42569	-0.909511	1.21806	-0.00423997	8.11078
10.12	0.0184615	8.42837	-0.896311	1.21565	-0.00417558	8.10277
10.13	0.0182646	8.43089	-0.883299	1.21325	-0.00411214	8.09477
10.14	0.0180697	8.43325	-0.870472	1.21086	-0.00404963	8.08679
10.15	0.017877	8.43545	-0.857828	1.20847	-0.00398805	8.07882
10.16	0.0176864	8.43749	-0.845364	1.2061	-0.00392736	8.07087
10.17	0.0174977	8.43938	-0.833077	1.20373	-0.00386758	8.06293
10.18	0.0173111	8.44112	-0.820965	1.20136	-0.00380867	8.05501
10.19	0.0171265	8.44271	-0.809027	1.199	-0.00375064	8.04711
10.2	0.0169439	8.44415	-0.797258	1.19666	-0.00369346	8.03922
10.21	0.0167632	8.44545	-0.785658	1.19431	-0.00363714	8.03134
10.22	0.0165845	8.44661	-0.774224	1.19198	-0.00358164	8.02348
10.23	0.0164077	8.44762	-0.762953	1.18965	-0.00352697	8.01564
10.24	0.0162328	8.4485	-0.751843	1.18732	-0.00347311	8.00781
10.25	0.0160597	8.44925	-0.740892	1.18501	-0.00342005	8
10.26	0.0158885	8.44986	-0.730098	1.1827	-0.00336778	7.9922
10.27	0.0157192	8.45033	-0.719459	1.1804	-0.00331628	7.98442
10.28	0.0155516	8.45068	-0.708972	1.1781	-0.00326556	7.97665
10.29	0.0153859	8.4509	-0.698636	1.17581	-0.00321559	7.9689
10.3	0.0152219	8.451	-0.688448	1.17353	-0.00316636	7.96117
10.31	0.0150597	8.45097	-0.678406	1.17126	-0.00311787	7.95344
10.32	0.0148992	8.45082	-0.668508	1.16899	-0.00307011	7.94574
10.33	0.0147405	8.45055	-0.658753	1.16673	-0.00302306	7.93804
10.34	0.0145834	8.45016	-0.649138	1.16447	-0.00297671	7.93037
10.35	0.0144281	8.44966	-0.639661	1.16222	-0.00293106	7.92271
10.36	0.0142744	8.44905	-0.63032	1.15998	-0.00288609	7.91506
10.37	0.0141223	8.44832	-0.621114	1.15774	-0.0028418	7.90743
10.38	0.0139719	8.44748	-0.61204	1.15551	-0.00279817	7.89981
10.39	0.0138231	8.44653	-0.603098	1.15329	-0.0027552	7.8922
10.4	0.0136759	8.44547	-0.594284	1.15107	-0.00271288	7.88462
10.41	0.0135302	8.44431	-0.585597	1.14886	-0.00267119	7.87704
10.42	0.0133862	8.44305	-0.577035	1.14666	-0.00263013	7.86948
10.43	0.0132436	8.44168	-0.568597	1.14446	-0.00258968	7.86194
10.44	0.0131026	8.44022	-0.560281	1.14227	-0.00254985	7.85441
10.45	0.0129631	8.43866	-0.552084	1.14008	-0.00251062	7.84689
10.46	0.0128252	8.43699	-0.544007	1.1379	-0.00247198	7.83939
10.47	0.0126886	8.43524	-0.536046	1.13573	-0.00243392	7.8319
10.48	0.0125536	8.43339	-0.5282	1.13357	-0.00239644	7.82443
10.49	0.01242	8.43145	-0.520467	1.13141	-0.00235953	7.81697
10.5	0.0122878	8.42941	-0.512846	1.12925	-0.00232317	7.80952
10.51	0.0121571	8.42729	-0.505336	1.1271	-0.00228737	7.80209
10.52	0.0120278	8.42508	-0.497934	1.12496	-0.00225211	7.79468
10.53	0.0118998	8.42279	-0.49064	1.12283	-0.00221738	7.78727
10.54	0.0117732	8.42041	-0.483451	1.1207	-0.00218318	7.77989
10.55	0.011648	8.41794	-0.476367	1.11857	-0.00214949	7.77251
10.56	0.0115241	8.4154	-0.469385	1.11646	-0.00211632	7.76515
10.57	0.0114016	8.41277	-0.462504	1.11434	-0.00208366	7.75781
10.58	0.0112803	8.41007	-0.455723	1.11224	-0.00205149	7.75047
10.59	0.0111604	8.40728	-0.449041	1.11014	-0.00201981	7.74315
10.6	0.0110417	8.40442	-0.442455	1.10805	-0.00198861	7.73585
10.61	0.0109244	8.40149	-0.435965	1.10596	-0.00195788	7.72856
10.62	0.0108082	8.39848	-0.42957	1.10388	-0.00192763	7.72128
10.63	0.0106934	8.3954	-0.423267	1.1018	-0.00189783	7.71402
10.64	0.0105797	8.39224	-0.417056	1.09973	-0.00186849	7.70677
10.65	0.0104673	8.38902	-0.410935	1.09767	-0.0018396	7.69953
10.66	0.0103561	8.38573	-0.404903	1.09561	-0.00181115	7.69231
10.67	0.0102461	8.38237	-0.398959	1.09355	-0.00178313	7.6851
10.68	0.0101372	8.37894	-0.393102	1.09151	-0.00175554	7.6779
10.69	0.0100296	8.37545	-0.387329	1.08947	-0.00172837	7.67072
10.7	0.00992303	8.37189	-0.381641	1.08743	-0.00170162	7.66355
10.71	0.00981765	8.36827	-0.376035	1.0854	-0.00167528	7.6564
10.72	0.0097134	8.36459	-0.370511	1.08338	-0.00164933	7.64925
10.73	0.00961027	8.36085	-0.365068	1.08136	-0.00162379	7.64212
10.74	0.00950824	8.35705	-0.359704	1.07935	-0.00159864	7.63501
10.75	0.00940731	8.35319	-0.354418	1.07734	-0.00157387	7.62791
10.76	0.00930746	8.34927	-0.349209	1.07534	-0.00154948	7.62082
10.77	0.00920867	8.3453	-0.344076	1.07334	-0.00152547	7.61374
10.78	0.00911095	8.34126	-0.339018	1.07135	-0.00150182	7.60668
10.79	0.00901428	8.33718	-0.334034	1.06937	-0.00147854	7.59963
10.8	0.00891864	8.33304	-0.329122	1.06739	-0.00145562	7.59259
10.81	0.00882403	8.32885	-0.324282	1.06541	-0.00143304	7.58557
10.82	0.00873043	8.32461	-0.319513	1.06344	-0.00141082	7.57856
10.83	0.00863783	8.32031	-0.314814	1.06148	-0.00138893	7.57156
10.84	0.00854622	8.31597	-0.310183	1.05952	-0.00136738	7.56458
10.85	0.0084556	8.31158	-0.305619	1.05757	-0.00134616	7.5576
10.86	0.00836595	8.30713	-0.301123	1.05563	-0.00132527	7.55064
10.87	0.00827726	8.30265	-0.296692	1.05368	-0.0013047	7.5437
10.88	0.00818951	8.29811	-0.292326	1.05175	-0.00128445	7.53676
10.89	0.00810271	8.29353	-0.288023	1.04982	-0.00126451	7.52984
10.9	0.00801684	8.28891	-0.283784	1.04789	-0.00124487	7.52294
10.91	0.00793188	8.28424	-0.279606	1.04597	-0.00122554	7.51604
10.92	0.00784784	8.27953	-0.27549	1.04406	-0.00120651	7.50916
10.93	0.0077647	8.27478	-0.271434	1.04215	-0.00118777	7.50229
10.94	0.00768244	8.26999	-0.267437	1.04024	-0.00116931	7.49543
10.95	0.00760107	8.26516	-0.263499	1.03834	-0.00115115	7.48858
10.96	0.00752057	8.26028	-0.259618	1.03645	-0.00113326	7.48175
10.97	0.00744093	8.25537	-0.255795	1.03456	-0.00111565	7.47493
10.98	0.00736214	8.25042	-0.252027	1.03268	-0.00109831	7.46812
10.99	0.00728419	8.24544	-0.248314	1.0308	-0.00108123	7.46133
11	0.00720708	8.24041	-0.244656	1.02893	-0.00106443	7.45455
11.01	0.00713079	8.23535	-0.241051	1.02706	-0.00104788	7.44777
11.02	0.00705532	8.23026	-0.2375	1.02519	-0.00103158	7.44102
11.03	0.00698066	8.22513	-0.234	1.02334	-0.00101554	7.43427
11.04	0.0069068	8.21997	-0.230551	1.02148	-0.000999749	7.42754
11.05	0.00683372	8.21477	-0.227154	1.01964	-0.0009842	7.42081
11.06	0.00676143	8.20954	-0.223805	1.01779	-0.000968891	7.4141
11.07	0.00668991	8.20429	-0.220506	1.01595	-0.000953818	7.40741
11.08	0.00661915	8.199	-0.217256	1.01412	-0.000938979	7.40072
11.09	0.00654915	8.19368	-0.214053	1.01229	-0.00092437	7.39405
11.1	0.0064799	8.18833	-0.210897	1.01047	-0.000909986	7.38739
11.11	0.00641139	8.18295	-0.207788	1.00865	-0.000895825	7.38074
11.12	0.00634361	8.17754	-0.204724	1.00684	-0.000881884	7.3741
11.13	0.00627656	8.1721	-0.201705	1.00503	-0.000868158	7.36748
11.14	0.00621022	8.16664	-0.19873	1.00323	-0.000854645	7.36086
11.15	0.00614459	8.16115	-0.195799	1.00143	-0.000841341	7.35426
11.16	0.00607966	8.15564	-0.192911	0.999634	-0.000828244	7.34767
11.17	0.00601543	8.15009	-0.190065	0.997845	-0.000815349	7.34109
11.18	0.00595188	8.14453	-0.187262	0.996061	-0.000802654	7.33453
11.19	0.00588901	8.13894	-0.184499	0.994281	-0.000790156	7.32797
11.2	0.00582681	8.13332	-0.181777	0.992506	-0.000777852	7.32143
11.21	0.00576527	8.12769	-0.179095	0.990736	-0.000765738	7.3149
11.22	0.00570439	8.12203	-0.176453	0.988971	-0.000753813	7.30838
11.23	0.00564416	8.11634	-0.173849	0.987211	-0.000742072	7.30187
11.24	0.00558458	8.11064	-0.171283	0.985455	-0.000730514	7.29537
11.25	0.00552563	8.10492	-0.168756	0.983704	-0.000719135	7.28889
11.26	0.00546731	8.09917	-0.166265	0.981957	-0.000707932	7.28242
11.27	0.00540961	8.0934	-0.163811	0.980215	-0.000696904	7.27595
11.28	0.00535252	8.08762	-0.161393	0.978478	-0.000686046	7.2695
11.29	0.00529605	8.08181	-0.159011	0.976746	-0.000675358	7.26306
11.3	0.00524017	8.07599	-0.156663	0.975018	-0.000664835	7.25664
11.31	0.0051849	8.07015	-0.154351	0.973294	-0.000654476	7.25022
11.32	0.00513021	8.06429	-0.152072	0.971575	-0.000644277	7.24382
11.33	0.0050761	8.05841	-0.149827	0.969861	-0.000634237	7.23742
11.34	0.00502257	8.05251	-0.147615	0.968151	-0.000624353	7.23104
11.35	0.00496962	8.0466	-0.145435	0.966446	-0.000614623	7.22467
11.36	0.00491722	8.04068	-0.143287	0.964745	-0.000605044	7.21831
11.37	0.00486539	8.03473	-0.141172	0.963049	-0.000595613	7.21196
11.38	0.0048141	8.02877	-0.139087	0.961357	-0.00058633	7.20562
11.39	0.00476337	8.0228	-0.137033	0.95967	-0.00057719	7.1993
11.4	0.00471317	8.01681	-0.135009	0.957987	-0.000568193	7.19298
11.41	0.00466351	8.01081	-0.133015	0.956309	-0.000559336	7.18668
11.42	0.00461437	8.0048	-0.13105	0.954635	-0.000550616	7.18039
11.43	0.00456576	7.99877	-0.129114	0.952965	-0.000542032	7.1741
11.44	0.00451767	7.99273	-0.127207	0.9513	-0.000533582	7.16783
11.45	0.00447008	7.98667	-0.125328	0.949639	-0.000525263	7.16157
11.46	0.00442301	7.9806	-0.123476	0.947982	-0.000517074	7.15532
11.47	0.00437643	7.97453	-0.121652	0.94633	-0.000509012	7.14908
11.48	0.00433035	7.96844	-0.119855	0.944682	-0.000501075	7.14286
11.49	0.00428476	7.96233	-0.118084	0.943038	-0.000493262	7.13664
11.5	0.00423966	7.95622	-0.116339	0.941399	-0.000485571	7.13043
11.51	0.00419503	7.9501	-0.11462	0.939764	-0.000477999	7.12424
11.52	0.00415088	7.94397	-0.112927	0.938133	-0.000470545	7.11806
11.53	0.0041072	7.93783	-0.111258	0.936506	-0.000463207	7.11188
11.54	0.00406398	7.93167	-0.109614	0.934884	-0.000455984	7.10572
11.55	0.00402122	7.92551	-0.107994	0.933266	-0.000448873	7.09957
11.56	0.00397892	7.91934	-0.106398	0.931652	-0.000441873	7.09343
11.57	0.00393706	7.91316	-0.104825	0.930042	-0.000434981	7.08729
11.58	0.00389565	7.90698	-0.103276	0.928437	-0.000428197	7.08117
11.59	0.00385468	7.90078	-0.10175	0.926835	-0.000421519	7.07506
11.6	0.00381414	7.89458	-0.100246	0.925238	-0.000414945	7.06897
11.61	0.00377404	7.88837	-0.098764	0.923645	-0.000408473	7.06288
11.62	0.00373436	7.88215	-0.097304	0.922056	-0.000402102	7.0568
11.63	0.0036951	7.87593	-0.0958657	0.920471	-0.000395831	7.05073
11.64	0.00365626	7.8697	-0.0944485	0.91889	-0.000389657	7.04467
11.65	0.00361783	7.86346	-0.0930523	0.917313	-0.000383579	7.03863
11.66	0.0035798	7.85722	-0.0916766	0.91574	-0.000377596	7.03259
11.67	0.00354218	7.85097	-0.0903212	0.914171	-0.000371706	7.02656
11.68	0.00350496	7.84472	-0.0889859	0.912607	-0.000365908	7.02055
11.69	0.00346813	7.83846	-0.0876702	0.911046	-0.000360201	7.01454
11.7	0.0034317	7.83219	-0.086374	0.909489	-0.000354582	7.00855
11.71	0.00339565	7.82593	-0.0850969	0.907937	-0.000349051	7.00256
11.72	0.00335998	7.81965	-0.0838386	0.906388	-0.000343606	6.99659
11.73	0.00332469	7.81337	-0.0825989	0.904843	-0.000338247	6.99062
11.74	0.00328977	7.80709	-0.0813775	0.903302	-0.00033297	6.98467
11.75	0.00325522	7.80081	-0.0801741	0.901766	-0.000327776	6.97872
11.76	0.00322104	7.79452	-0.0789885	0.900233	-0.000322663	6.97279
11.77	0.00318722	7.78822	-0.0778204	0.898703	-0.00031763	6.96686
11.78	0.00315376	7.78193	-0.0766695	0.897178	-0.000312675	6.96095
11.79	0.00312065	7.77563	-0.0755357	0.895657	-0.000307798	6.95505
11.8	0.0030879	7.76933	-0.0744185	0.89414	-0.000302996	6.94915
11.81	0.00305548	7.76302	-0.0733179	0.892626	-0.00029827	6.94327
11.82	0.00302342	7.75672	-0.0722335	0.891116	-0.000293617	6.93739
11.83	0.00299169	7.75041	-0.0711651	0.88961	-0.000289036	6.93153
11.84	0.00296029	7.7441	-0.0701125	0.888108	-0.000284528	6.92568
11.85	0.00292923	7.73779	-0.0690755	0.88661	-0.000280089	6.91983
11.86	0.0028985	7.73147	-0.0680537	0.885116	-0.00027572	6.914
11.87	0.00286809	7.72516	-0.0670471	0.883625	-0.000271419	6.90817
11.88	0.002838	7.71884	-0.0660553	0.882138	-0.000267185	6.90236
11.89	0.00280823	7.71252	-0.0650782	0.880655	-0.000263017	6.89655
11.9	0.00277877	7.7062	-0.0641155	0.879175	-0.000258914	6.89076
11.91	0.00274963	7.69989	-0.063167	0.877699	-0.000254875	6.88497
11.92	0.00272079	7.69357	-0.0622325	0.876227	-0.000250899	6.87919
11.93	0.00269226	7.68725	-0.0613119	0.874759	-0.000246986	6.87343
11.94	0.00266403	7.68093	-0.0604048	0.873294	-0.000243133	6.86767
11.95	0.00263609	7.67461	-0.0595111	0.871833	-0.00023934	6.86192
11.96	0.00260845	7.66829	-0.0586307	0.870376	-0.000235607	6.85619
11.97	0.0025811	7.66197	-0.0577632	0.868923	-0.000231932	6.85046
11.98	0.00255404	7.65565	-0.0569086	0.867472	-0.000228314	6.84474
11.99	0.00252727	7.64933	-0.0560666	0.866026	-0.000224752	6.83903
12	0.00250077	7.64301	-0.055237	0.864583	-0.000221247	6.83333
12.01	0.00247456	7.63669	-0.0544197	0.863144	-0.000217796	6.82764
12.02	0.00244862	7.63038	-0.0536145	0.861709	-0.000214398	6.82196
12.03	0.00242296	7.62406	-0.0528212	0.860277	-0.000211054	6.81629
12.04	0.00239756	7.61775	-0.0520396	0.858848	-0.000207762	6.81063
12.05	0.00237243	7.61144	-0.0512696	0.857423	-0.000204522	6.80498
12.06	0.00234757	7.60513	-0.0505109	0.856002	-0.000201332	6.79934
12.07	0.00232297	7.59882	-0.0497634	0.854584	-0.000198191	6.7937
12.08	0.00229863	7.59251	-0.049027	0.85317	-0.0001951	6.78808
12.09	0.00227454	7.58621	-0.0483015	0.851759	-0.000192057	6.78246
12.1	0.00225071	7.57991	-0.0475867	0.850352	-0.000189062	6.77686
12.11	0.00222712	7.57361	-0.0468825	0.848948	-0.000186113	6.77126
12.12	0.00220379	7.56731	-0.0461887	0.847548	-0.00018321	6.76568
12.13	0.0021807	7.56102	-0.0455051	0.846151	-0.000180353	6.7601
12.14	0.00215785	7.55472	-0.0448317	0.844757	-0.00017754	6.75453
12.15	0.00213524	7.54843	-0.0441682	0.843367	-0.000174771	6.74897
12.16	0.00211287	7.54215	-0.0435145	0.841981	-0.000172046	6.74342
12.17	0.00209074	7.53586	-0.0428705	0.840598	-0.000169363	6.73788
12.18	0.00206883	7.52958	-0.042236	0.839218	-0.000166721	6.73235
12.19	0.00204716	7.5233	-0.0416109	0.837842	-0.000164121	6.72683
12.2	0.00202571	7.51703	-0.040995	0.836469	-0.000161562	6.72131
12.21	0.00200449	7.51076	-0.0403882	0.835099	-0.000159043	6.71581
12.22	0.00198349	7.50449	-0.0397904	0.833733	-0.000156562	6.71031
12.23	0.00196271	7.49822	-0.0392015	0.83237	-0.000154121	6.70482
12.24	0.00194215	7.49196	-0.0386213	0.831011	-0.000151718	6.69935
12.25	0.0019218	7.48571	-0.0380496	0.829654	-0.000149352	6.69388
12.26	0.00190167	7.47945	-0.0374864	0.828301	-0.000147023	6.68842
12.27	0.00188175	7.4732	-0.0369315	0.826952	-0.000144731	6.68297
12.28	0.00186203	7.46696	-0.0363848	0.825606	-0.000142474	6.67752
12.29	0.00184252	7.46072	-0.0358462	0.824263	-0.000140253	6.67209
12.3	0.00182322	7.45448	-0.0353156	0.822923	-0.000138066	6.66667
12.31	0.00180412	7.44825	-0.0347929	0.821586	-0.000135913	6.66125
12.32	0.00178522	7.44202	-0.0342778	0.820253	-0.000133794	6.65584
12.33	0.00176651	7.4358	-0.0337704	0.818923	-0.000131708	6.65045
12.34	0.001748	7.42958	-0.0332705	0.817597	-0.000129655	6.64506
12.35	0.00172968	7.42336	-0.032778	0.816273	-0.000127633	6.63968
12.36	0.00171156	7.41715	-0.0322927	0.814953	-0.000125644	6.6343
12.37	0.00169362	7.41095	-0.0318147	0.813636	-0.000123685	6.62894
12.38	0.00167587	7.40475	-0.0313437	0.812322	-0.000121757	6.62359
12.39	0.00165831	7.39855	-0.0308797	0.811011	-0.000119859	6.61824
12.4	0.00164093	7.39236	-0.0304225	0.809703	-0.00011799	6.6129
12.41	0.00162373	7.38618	-0.0299721	0.808399	-0.000116151	6.60757
12.42	0.00160671	7.38	-0.0295284	0.807098	-0.00011434	6.60225
12.43	0.00158986	7.37382	-0.0290912	0.8058	-0.000112558	6.59694
12.44	0.0015732	7.36765	-0.0286606	0.804505	-0.000110804	6.59164
12.45	0.0015567	7.36149	-0.0282362	0.803213	-0.000109077	6.58635
12.46	0.00154038	7.35533	-0.0278182	0.801924	-0.000107376	6.58106
12.47	0.00152423	7.34917	-0.0274063	0.800638	-0.000105703	6.57578
12.48	0.00150824	7.34302	-0.0270006	0.799356	-0.000104055	6.57051
12.49	0.00149242	7.33688	-0.0266008	0.798076	-0.000102434	6.56525
12.5	0.00147677	7.33074	-0.026207	0.7968	-0.000100837	6.56
12.51	0.00146127	7.32461	-0.0258189	0.795527	-9.92657e-05	6.55476
12.52	0.00144594	7.31849	-0.0254367	0.794256	-9.77187e-05	6.54952
12.53	0.00143077	7.31237	-0.0250601	0.792989	-9.61959e-05	6.54429
12.54	0.00141576	7.30625	-0.024689	0.791725	-9.46968e-05	6.53907
12.55	0.0014009	7.30014	-0.0243235	0.790464	-9.32211e-05	6.53386
12.56	0.00138619	7.29404	-0.0239633	0.789205	-9.17685e-05	6.52866
12.57	0.00137164	7.28795	-0.0236085	0.78795	-9.03385e-05	6.52347
12.58	0.00135724	7.28186	-0.0232589	0.786698	-8.89309e-05	6.51828
12.59	0.00134298	7.27577	-0.0229145	0.785449	-8.75452e-05	6.51311
12.6	0.00132888	7.26969	-0.0225752	0.784203	-8.61811e-05	6.50794
12.61	0.00131492	7.26362	-0.022241	0.782959	-8.48383e-05	6.50278
12.62	0.0013011	7.25756	-0.0219116	0.781719	-8.35165e-05	6.49762
12.63	0.00128743	7.2515	-0.0215872	0.780482	-8.22153e-05	6.49248
12.64	0.0012739	7.24544	-0.0212675	0.779247	-8.09344e-05	6.48734
12.65	0.00126051	7.2394	-0.0209526	0.778016	-7.96735e-05	6.48221
12.66	0.00124725	7.23336	-0.0206424	0.776787	-7.84323e-05	6.47709
12.67	0.00123414	7.22732	-0.0203367	0.775561	-7.72105e-05	6.47198
12.68	0.00122115	7.22129	-0.0200356	0.774338	-7.60077e-05	6.46688
12.69	0.00120831	7.21527	-0.0197389	0.773119	-7.48236e-05	6.46178
12.7	0.00119559	7.20926	-0.0194466	0.771902	-7.36581e-05	6.45669
12.71	0.00118301	7.20325	-0.0191586	0.770687	-7.25107e-05	6.45161
12.72	0.00117055	7.19725	-0.0188749	0.769476	-7.13813e-05	6.44654
12.73	0.00115822	7.19125	-0.0185954	0.768268	-7.02695e-05	6.44148
12.74	0.00114602	7.18527	-0.01832	0.767062	-6.9175e-05	6.43642
12.75	0.00113395	7.17929	-0.0180487	0.765859	-6.80976e-05	6.43137
12.76	0.001122	7.17331	-0.0177815	0.764659	-6.7037e-05	6.42633
12.77	0.00111017	7.16734	-0.0175182	0.763462	-6.59929e-05	6.4213
12.78	0.00109846	7.16138	-0.0172587	0.762268	-6.49652e-05	6.41628
12.79	0.00108688	7.15543	-0.0170031	0.761076	-6.39534e-05	6.41126
12.8	0.00107541	7.14948	-0.0167514	0.759888	-6.29575e-05	6.40625
12.81	0.00106406	7.14354	-0.0165033	0.758702	-6.19771e-05	6.40125
12.82	0.00105282	7.13761	-0.0162589	0.757519	-6.1012e-05	6.39626
12.83	0.0010417	7.13168	-0.0160181	0.756338	-6.00619e-05	6.39127
12.84	0.0010307	7.12576	-0.0157809	0.755161	-5.91267e-05	6.38629
12.85	0.00101981	7.11985	-0.0155472	0.753986	-5.8206e-05	6.38132
12.86	0.00100902	7.11394	-0.0153169	0.752814	-5.72997e-05	6.37636
12.87	0.000998351	7.10804	-0.0150901	0.751644	-5.64076e-05	6.37141
12.88	0.000987788	7.10215	-0.0148666	0.750477	-5.55294e-05	6.36646
12.89	0.000977332	7.09627	-0.0146465	0.749313	-5.46648e-05	6.36152
12.9	0.000966983	7.09039	-0.0144295	0.748152	-5.38138e-05	6.35659
12.91	0.000956739	7.08452	-0.0142158	0.746994	-5.2976e-05	6.35167
12.92	0.0009466	7.07866	-0.0140053	0.745838	-5.21513e-05	6.34675
12.93	0.000936563	7.0728	-0.0137979	0.744684	-5.13394e-05	6.34184
12.94	0.000926629	7.06696	-0.0135936	0.743534	-5.05402e-05	6.33694
12.95	0.000916795	7.06111	-0.0133922	0.742386	-4.97535e-05	6.33205
12.96	0.000907061	7.05528	-0.0131939	0.741241	-4.89791e-05	6.32716
12.97	0.000897425	7.04945	-0.0129985	0.740098	-4.82167e-05	6.32228
12.98	0.000887888	7.04363	-0.012806	0.738958	-4.74662e-05	6.31741
12.99	0.000878446	7.03782	-0.0126163	0.737821	-4.67274e-05	6.31255
13	0.0008691	7.03202	-0.0124295	0.736686	-4.60001e-05	6.30769
13.01	0.000859849	7.02622	-0.0122454	0.735554	-4.52842e-05	6.30284
13.02	0.000850691	7.02043	-0.012064	0.734425	-4.45795e-05	6.298
13.03	0.000841625	7.01465	-0.0118853	0.733298	-4.38857e-05	6.29317
13.04	0.000832651	7.00887	-0.0117093	0.732174	-4.32027e-05	6.28834
13.05	0.000823767	7.0031	-0.0115359	0.731052	-4.25304e-05	6.28352
13.06	0.000814973	6.99734	-0.011365	0.729933	-4.18686e-05	6.27871
13.07	0.000806266	6.99159	-0.0111967	0.728816	-4.12171e-05	6.27391
13.08	0.000797648	6.98585	-0.0110309	0.727702	-4.05757e-05	6.26911
13.09	0.000789116	6.98011	-0.0108675	0.726591	-3.99444e-05	6.26432
13.1	0.000780669	6.97438	-0.0107065	0.725482	-3.93229e-05	6.25954
13.11	0.000772307	6.96865	-0.010548	0.724376	-3.8711e-05	6.25477
13.12	0.000764028	6.96294	-0.0103917	0.723272	-3.81088e-05	6.25
13.13	0.000755833	6.95723	-0.0102378	0.722171	-3.75159e-05	6.24524
13.14	0.000747719	6.95153	-0.0100862	0.721072	-3.69322e-05	6.24049
13.15	0.000739686	6.94583	-0.00993681	0.719976	-3.63577e-05	6.23574
13.16	0.000731733	6.94015	-0.00978963	0.718882	-3.57921e-05	6.231
13.17	0.00072386	6.93447	-0.00964463	0.717791	-3.52353e-05	6.22627
13.18	0.000716064	6.9288	-0.00950178	0.716702	-3.46872e-05	6.22155
13.19	0.000708346	6.92314	-0.00936105	0.715616	-3.41476e-05	6.21683
13.2	0.000700705	6.91748	-0.0092224	0.714532	-3.36164e-05	6.21212
13.21	0.00069314	6.91183	-0.0090858	0.71345	-3.30936e-05	6.20742
13.22	0.000685649	6.90619	-0.00895123	0.712371	-3.25788e-05	6.20272
13.23	0.000678232	6.90056	-0.00881864	0.711295	-3.20721e-05	6.19803
13.24	0.000670889	6.89493	-0.00868803	0.710221	-3.15733e-05	6.19335
13.25	0.000663618	6.88932	-0.00855934	0.709149	-3.10823e-05	6.18868
13.26	0.000656419	6.88371	-0.00843256	0.70808	-3.05989e-05	6.18401
13.27	0.000649291	6.8781	-0.00830766	0.707013	-3.0123e-05	6.17935
13.28	0.000642232	6.87251	-0.00818461	0.705949	-2.96546e-05	6.1747
13.29	0.000635243	6.86692	-0.00806338	0.704887	-2.91935e-05	6.17005
13.3	0.000628323	6.86134	-0.00794395	0.703827	-2.87395e-05	6.16541
13.31	0.00062147	6.85577	-0.00782628	0.70277	-2.82926e-05	6.16078
13.32	0.000614684	6.8502	-0.00771036	0.701715	-2.78527e-05	6.15616
13.33	0.000607965	6.84465	-0.00759615	0.700663	-2.74196e-05	6.15154
13.34	0.000601311	6.8391	-0.00748364	0.699613	-2.69933e-05	6.14693
13.35	0.000594721	6.83355	-0.00737279	0.698565	-2.65736e-05	6.14232
13.36	0.000588196	6.82802	-0.00726359	0.69752	-2.61605e-05	6.13772
13.37	0.000581734	6.82249	-0.007156	0.696477	-2.57538e-05	6.13313
13.38	0.000575335	6.81697	-0.00705	0.695436	-2.53534e-05	6.12855
13.39	0.000568998	6.81146	-0.00694557	0.694398	-2.49593e-05	6.12397
13.4	0.000562721	6.80596	-0.0068427	0.693362	-2.45713e-05	6.1194
13.41	0.000556506	6.80046	-0.00674134	0.692328	-2.41893e-05	6.11484
13.42	0.00055035	6.79497	-0.00664148	0.691296	-2.38133e-05	6.11028
13.43	0.000544253	6.78949	-0.00654311	0.690267	-2.34432e-05	6.10573
13.44	0.000538215	6.78402	-0.00644619	0.689241	-2.30788e-05	6.10119
13.45	0.000532235	6.77855	-0.00635071	0.688216	-2.27201e-05	6.09665
13.46	0.000526312	6.7731	-0.00625664	0.687194	-2.2367e-05	6.09212
13.47	0.000520445	6.76764	-0.00616396	0.686174	-2.20193e-05	6.0876
13.48	0.000514635	6.7622	-0.00607266	0.685156	-2.16771e-05	6.08309
13.49	0.000508879	6.75677	-0.00598271	0.684141	-2.13402e-05	6.07858
13.5	0.000503178	6.75134	-0.00589409	0.683128	-2.10086e-05	6.07407
13.51	0.000497531	6.74592	-0.00580678	0.682117	-2.06821e-05	6.06958
13.52	0.000491938	6.74051	-0.00572077	0.681108	-2.03608e-05	6.06509
13.53	0.000486397	6.7351	-0.00563603	0.680102	-2.00444e-05	6.06061
13.54	0.000480908	6.7297	-0.00555254	0.679097	-1.97329e-05	6.05613
13.55	0.000475471	6.72431	-0.00547029	0.678095	-1.94263e-05	6.05166
13.56	0.000470085	6.71893	-0.00538926	0.677096	-1.91245e-05	6.0472
13.57	0.00046475	6.71356	-0.00530943	0.676098	-1.88273e-05	6.04274
13.58	0.000459464	6.70819	-0.00523079	0.675103	-1.85348e-05	6.03829
13.59	0.000454227	6.70283	-0.0051533	0.674109	-1.82469e-05	6.03385
13.6	0.000449039	6.69748	-0.00507697	0.673119	-1.79634e-05	6.02941
13.61	0.000443899	6.69214	-0.00500176	0.67213	-1.76843e-05	6.02498
13.62	0.000438806	6.6868	-0.00492767	0.671143	-1.74096e-05	6.02056
13.63	0.00043376	6.68147	-0.00485468	0.670159	-1.71392e-05	6.01614
13.64	0.000428761	6.67615	-0.00478277	0.669176	-1.68729e-05	6.01173
13.65	0.000423808	6.67084	-0.00471192	0.668196	-1.66108e-05	6.00733
13.66	0.0004189	6.66553	-0.00464212	0.667218	-1.63528e-05	6.00293
13.67	0.000414036	6.66023	-0.00457336	0.666242	-1.60988e-05	5.99854
13.68	0.000409217	6.65494	-0.00450561	0.665269	-1.58488e-05	5.99415
13.69	0.000404442	6.64966	-0.00443887	0.664297	-1.56026e-05	5.98977
13.7	0.00039971	6.64438	-0.00437312	0.663328	-1.53603e-05	5.9854
13.71	0.00039502	6.63911	-0.00430834	0.662361	-1.51218e-05	5.98104
13.72	0.000390373	6.63385	-0.00424452	0.661395	-1.48869e-05	5.97668
13.73	0.000385767	6.6286	-0.00418165	0.660432	-1.46558e-05	5.97232
13.74	0.000381203	6.62335	-0.0041197	0.659471	-1.44282e-05	5.96798
13.75	0.000376679	6.61811	-0.00405868	0.658512	-1.42041e-05	5.96364
13.76	0.000372196	6.61288	-0.00399855	0.657556	-1.39836e-05	5.9593
13.77	0.000367752	6.60766	-0.00393932	0.656601	-1.37664e-05	5.95497
13.78	0.000363347	6.60244	-0.00388097	0.655648	-1.35527e-05	5.95065
13.79	0.000358981	6.59723	-0.00382348	0.654698	-1.33423e-05	5.94634
13.8	0.000354653	6.59203	-0.00376684	0.653749	-1.31351e-05	5.94203
13.81	0.000350363	6.58684	-0.00371104	0.652803	-1.29312e-05	5.93773
13.82	0.00034611	6.58165	-0.00365607	0.651858	-1.27304e-05	5.93343
13.83	0.000341895	6.57647	-0.00360191	0.650916	-1.25328e-05	5.92914
13.84	0.000337715	6.5713	-0.00354855	0.649976	-1.23382e-05	5.92486
13.85	0.000333572	6.56614	-0.00349599	0.649038	-1.21467e-05	5.92058
13.86	0.000329464	6.56098	-0.0034442	0.648101	-1.19582e-05	5.91631
13.87	0.000325391	6.55583	-0.00339318	0.647167	-1.17725e-05	5.91204
13.88	0.000321352	6.55069	-0.00334292	0.646235	-1.15898e-05	5.90778
13.89	0.000317348	6.54556	-0.0032934	0.645305	-1.14099e-05	5.90353
13.9	0.000313378	6.54043	-0.00324461	0.644377	-1.12328e-05	5.89928
13.91	0.00030944	6.53531	-0.00319654	0.64345	-1.10585e-05	5.89504
13.92	0.000305536	6.5302	-0.00314919	0.642526	-1.08868e-05	5.8908
13.93	0.000301664	6.52509	-0.00310254	0.641604	-1.07179e-05	5.88658
13.94	0.000297825	6.52	-0.00305658	0.640684	-1.05515e-05	5.88235
13.95	0.000294016	6.51491	-0.0030113	0.639766	-1.03878e-05	5.87814
13.96	0.00029024	6.50982	-0.0029667	0.638849	-1.02266e-05	5.87393
13.97	0.000286493	6.50475	-0.00292275	0.637935	-1.00679e-05	5.86972
13.98	0.000282778	6.49968	-0.00287945	0.637023	-9.91168e-06	5.86552
13.99	0.000279092	6.49462	-0.0028368	0.636112	-9.75788e-06	5.86133
14	0.000275436	6.48957	-0.00279477	0.635204	-9.60647e-06	5.85714
14.01	0.000271809	6.48452	-0.00275337	0.634298	-9.45742e-06	5.85296
14.02	0.000268211	6.47948	-0.00271259	0.633393	-9.31068e-06	5.84879
14.03	0.000264641	6.47445	-0.0026724	0.632491	-9.16623e-06	5.84462
14.04	0.000261099	6.46943	-0.00263281	0.63159	-9.02402e-06	5.84046
14.05	0.000257585	6.46441	-0.00259381	0.630691	-8.88402e-06	5.8363
14.06	0.000254099	6.4594	-0.00255539	0.629794	-8.7462e-06	5.83215
14.07	0.000250639	6.4544	-0.00251753	0.628899	-8.61052e-06	5.828
14.08	0.000247206	6.4494	-0.00248024	0.628006	-8.47695e-06	5.82386
14.09	0.000243798	6.44441	-0.0024435	0.627115	-8.34545e-06	5.81973
14.1	0.000240417	6.43943	-0.0024073	0.626226	-8.216e-06	5.8156
14.11	0.000237061	6.43446	-0.00237164	0.625339	-8.08856e-06	5.81148
14.12	0.00023373	6.42949	-0.00233651	0.624453	-7.9631e-06	5.80737
14.13	0.000230424	6.42454	-0.00230189	0.62357	-7.83959e-06	5.80326
14.14	0.000227143	6.41958	-0.00226779	0.622688	-7.718e-06	5.79915
14.15	0.000223885	6.41464	-0.0022342	0.621808	-7.5983e-06	5.79505
14.16	0.000220651	6.4097	-0.0022011	0.62093	-7.48046e-06	5.79096
14.17	0.00021744	6.40477	-0.0021685	0.620054	-7.36445e-06	5.78687
14.18	0.000214252	6.39985	-0.00213637	0.61918	-7.25024e-06	5.78279
14.19	0.000211087	6.39493	-0.00210473	0.618308	-7.13781e-06	5.77872
14.2	0.000207944	6.39002	-0.00207355	0.617437	-7.02713e-06	5.77465
14.21	0.000204823	6.38512	-0.00204283	0.616568	-6.91816e-06	5.77058
14.22	0.000201724	6.38023	-0.00201257	0.615701	-6.81089e-06	5.76653
14.23	0.000198646	6.37534	-0.00198275	0.614836	-6.70528e-06	5.76247
14.24	0.000195589	6.37046	-0.00195338	0.613973	-6.60131e-06	5.75843
14.25	0.000192552	6.36558	-0.00192444	0.613112	-6.49896e-06	5.75439
14.26	0.000189536	6.36072	-0.00189593	0.612252	-6.3982e-06	5.75035
14.27	0.00018654	6.35586	-0.00186785	0.611394	-6.29901e-06	5.74632
14.28	0.000183563	6.351	-0.00184018	0.610538	-6.20135e-06	5.7423
14.29	0.000180606	6.34616	-0.00181292	0.609684	-6.10521e-06	5.73828
14.3	0.000177668	6.34132	-0.00178606	0.608832	-6.01057e-06	5.73427
14.31	0.000174749	6.33649	-0.0017596	0.607981	-5.91739e-06	5.73026
14.32	0.000171848	6.33166	-0.00173354	0.607132	-5.82567e-06	5.72626
14.33	0.000168965	6.32685	-0.00170786	0.606285	-5.73536e-06	5.72226
14.34	0.000166099	6.32204	-0.00168256	0.60544	-5.64646e-06	5.71827
14.35	0.000163252	6.31723	-0.00165763	0.604596	-5.55894e-06	5.71429
14.36	0.000160421	6.31244	-0.00163307	0.603755	-5.47278e-06	5.71031
14.37	0.000157608	6.30765	-0.00160888	0.602915	-5.38796e-06	5.70633
14.38	0.000154811	6.30286	-0.00158505	0.602076	-5.30445e-06	5.70236
14.39	0.00015203	6.29809	-0.00156157	0.60124	-5.22225e-06	5.6984
14.4	0.000149265	6.29332	-0.00153843	0.600405	-5.14131e-06	5.69444
14.41	0.000146516	6.28856	-0.00151564	0.599572	-5.06164e-06	5.69049
14.42	0.000143782	6.2838	-0.00149319	0.598741	-4.9832e-06	5.68655
14.43	0.000141063	6.27905	-0.00147107	0.597911	-4.90598e-06	5.68261
14.44	0.00013836	6.27431	-0.00144928	0.597083	-4.82995e-06	5.67867
14.45	0.00013567	6.26958	-0.00142781	0.596257	-4.75511e-06	5.67474
14.46	0.000132995	6.26485	-0.00140666	0.595433	-4.68143e-06	5.67082
14.47	0.000130334	6.26013	-0.00138582	0.59461	-4.6089e-06	5.6669
14.48	0.000127687	6.25541	-0.00136529	0.593789	-4.53749e-06	5.66298
14.49	0.000125053	6.25071	-0.00134506	0.59297	-4.46718e-06	5.65908
14.5	0.000122432	6.24601	-0.00132514	0.592152	-4.39797e-06	5.65517
14.51	0.000119824	6.24131	-0.00130551	0.591336	-4.32984e-06	5.65127
14.52	0.000117228	6.23663	-0.00128617	0.590522	-4.26276e-06	5.64738
14.53	0.000114645	6.23194	-0.00126711	0.589709	-4.19672e-06	5.6435
14.54	0.000112074	6.22727	-0.00124834	0.588899	-4.13171e-06	5.63961
14.55	0.000109514	6.2226	-0.00122985	0.588089	-4.06771e-06	5.63574
14.56	0.000106966	6.21794	-0.00121163	0.587282	-4.00469e-06	5.63187
14.57	0.00010443	6.21329	-0.00119368	0.586476	-3.94266e-06	5.628
14.58	0.000101904	6.20864	-0.001176	0.585672	-3.88159e-06	5.62414
14.59	9.93885e-05	6.204	-0.00115858	0.584869	-3.82147e-06	5.62029
14.6	9.68837e-05	6.19937	-0.00114141	0.584068	-3.76228e-06	5.61644
14.61	9.4389e-05	6.19474	-0.0011245	0.583269	-3.70401e-06	5.61259
14.62	9.19042e-05	6.19012	-0.00110784	0.582471	-3.64664e-06	5.60876
14.63	8.9429e-05	6.18551	-0.00109143	0.581675	-3.59017e-06	5.60492
14.64	8.69632e-05	6.1809	-0.00107526	0.580881	-3.53457e-06	5.60109
14.65	8.45065e-05	6.1763	-0.00105934	0.580088	-3.47983e-06	5.59727
14.66	8.20586e-05	6.17171	-0.00104364	0.579297	-3.42594e-06	5.59345
14.67	7.96193e-05	6.16712	-0.00102818	0.578508	-3.37289e-06	5.58964
14.68	7.71883e-05	6.16254	-0.00101295	0.57772	-3.32066e-06	5.58583
14.69	7.47653e-05	6.15797	-0.000997943	0.576934	-3.26924e-06	5.58203
14.7	7.23502e-05	6.1534	-0.00098316	0.576149	-3.21862e-06	5.57823
14.71	6.99426e-05	6.14884	-0.000968595	0.575366	-3.16879e-06	5.57444
14.72	6.75423e-05	6.14429	-0.000954246	0.574584	-3.11972e-06	5.57065
14.73	6.51491e-05	6.13974	-0.00094011	0.573804	-3.07142e-06	5.56687
14.74	6.27627e-05	6.1352	-0.000926183	0.573026	-3.02387e-06	5.56309
14.75	6.03828e-05	6.13066	-0.000912462	0.572249	-2.97705e-06	5.55932
14.76	5.80092e-05	6.12614	-0.000898944	0.571474	-2.93096e-06	5.55556
14.77	5.56417e-05	6.12161	-0.000885627	0.570701	-2.88559e-06	5.55179
14.78	5.328e-05	6.1171	-0.000872507	0.569929	-2.84092e-06	5.54804
14.79	5.09238e-05	6.11259	-0.000859582	0.569158	-2.79694e-06	5.54429
14.8	4.85729e-05	6.10809	-0.000846848	0.568389	-2.75365e-06	5.54054
14.81	4.62271e-05	6.10359	-0.000834302	0.567622	-2.71102e-06	5.5368
14.82	4.38861e-05	6.0991	-0.000821943	0.566856	-2.66906e-06	5.53306
14.83	4.15497e-05	6.09462	-0.000809766	0.566092	-2.62775e-06	5.52933
14.84	3.92176e-05	6.09014	-0.00079777	0.565329	-2.58707e-06	5.52561
14.85	3.68896e-05	6.08567	-0.000785952	0.564568	-2.54703e-06	5.52189
14.86	3.45654e-05	6.08121	-0.000774308	0.563809	-2.50761e-06	5.51817
14.87	3.22448e-05	6.07675	-0.000762838	0.563051	-2.4688e-06	5.51446
14.88	2.99276e-05	6.0723	-0.000751537	0.562294	-2.4306e-06	5.51075
14.89	2.76135e-05	6.06785	-0.000740403	0.561539	-2.39298e-06	5.50705
14.9	2.53022e-05	6.06342	-0.000729435	0.560786	-2.35595e-06	5.50336
14.91	2.29936e-05	6.05898	-0.000718629	0.560034	-2.31949e-06	5.49966
14.92	2.06874e-05	6.05456	-0.000707983	0.559283	-2.2836e-06	5.49598
14.93	1.83833e-05	6.05014	-0.000697494	0.558534	-2.24826e-06	5.4923
14.94	1.60812e-05	6.04572	-0.000687161	0.557787	-2.21347e-06	5.48862
14.95	1.37807e-05	6.04132	-0.000676982	0.557041	-2.17922e-06	5.48495
14.96	1.14816e-05	6.03692	-0.000666953	0.556296	-2.14551e-06	5.48128
14.97	9.18376e-06	6.03252	-0.000657072	0.555553	-2.11231e-06	5.47762
14.98	6.88685e-06	6.02813	-0.000647338	0.554812	-2.07963e-06	5.47397
14.99	4.59065e-06	6.02375	-0.000637748	0.554072	-2.04745e-06	5.47031
