0	0	-nan	-44.0186	inf	-inf	22.2927
0.01	1.6652e-08	1.24498e+06	-44.0186	1.245e+06	-0.00285065	22.2927
0.02	2.33121e-07	311228	-44.0186	311250	-0.00144676	22.2926
0.03	8.49195e-07	138312	-44.0186	138333	-0.000979008	22.2925
0.04	2.06461e-06	77790.8	-44.0186	77812.5	-0.000745297	22.2923
0.05	4.079e-06	49778.3	-44.0186	49800	-0.000605203	22.2921
0.06	7.0919e-06	34561.6	-44.0186	34583.3	-0.000511919	22.2919
0.07	1.13027e-05	25386.4	-44.0186	25408.2	-0.000445386	22.2915
0.08	1.69106e-05	19431.4	-44.0186	19453.1	-0.000395573	22.2912
0.09	2.41147e-05	15348.6	-44.0186	15370.4	-0.000356908	22.2908
0.1	3.31136e-05	12428.3	-44.0186	12450	-0.000326047	22.2903
0.11	4.4106e-05	10267.5	-44.0185	10289.3	-0.000300863	22.2898
0.12	5.72901e-05	8624.1	-44.0185	8645.83	-0.000279938	22.2892
0.13	7.28638e-05	7345.13	-44.0185	7366.86	-0.00026229	22.2886
0.14	9.10247e-05	6330.31	-44.0185	6352.04	-0.000247218	22.288
0.15	0.00011197	5511.6	-44.0185	5533.33	-0.000234206	22.2872
0.16	0.000135897	4841.55	-44.0185	4863.28	-0.00022287	22.2865
0.17	0.000163001	4286.23	-44.0185	4307.96	-0.000212914	22.2857
0.18	0.000193478	3820.86	-44.0185	3842.59	-0.000204109	22.2848
0.19	0.000227525	3427.02	-44.0185	3448.75	-0.000196274	22.2839
0.2	0.000265336	3090.76	-44.0184	3112.5	-0.000189264	22.283
0.21	0.000307105	2801.39	-44.0184	2823.13	-0.000182962	22.282
0.22	0.000353026	2550.58	-44.0184	2572.31	-0.000177271	22.2809
0.23	0.000403292	2331.76	-44.0184	2353.5	-0.000172114	22.2798
0.24	0.000458096	2139.72	-44.0184	2161.46	-0.000167423	22.2787
0.25	0.00051763	1970.26	-44.0184	1992	-0.000163142	22.2775
0.26	0.000582086	1819.97	-44.0184	1841.72	-0.000159226	22.2762
0.27	0.000651653	1686.08	-44.0184	1707.82	-0.000155635	22.2749
0.28	0.000726521	1566.27	-44.0183	1588.01	-0.000152333	22.2736
0.29	0.000806881	1458.63	-44.0183	1480.38	-0.000149292	22.2722
0.3	0.000892919	1361.59	-44.0183	1383.33	-0.000146485	22.2708
0.31	0.000984823	1273.78	-44.0183	1295.53	-0.000143892	22.2693
0.32	0.00108278	1194.07	-44.0183	1215.82	-0.000141491	22.2677
0.33	0.00118698	1121.5	-44.0183	1143.25	-0.000139267	22.2662
0.34	0.00129759	1055.24	-44.0183	1076.99	-0.000137203	22.2645
0.35	0.00141482	994.571	-44.0182	1016.33	-0.000135287	22.2628
0.36	0.00153884	938.891	-44.0182	960.648	-0.000133507	22.2611
0.37	0.00166983	887.664	-44.0182	909.423	-0.000131852	22.2593
0.38	0.00180797	840.428	-44.0182	862.188	-0.000130312	22.2575
0.39	0.00195344	796.778	-44.0182	818.54	-0.00012888	22.2556
0.4	0.00210643	756.36	-44.0182	778.125	-0.000127548	22.2537
0.41	0.00226711	718.864	-44.0182	740.631	-0.000126308	22.2517
0.42	0.00243565	684.014	-44.0181	705.782	-0.000125155	22.2497
0.43	0.00261223	651.566	-44.0181	673.337	-0.000124082	22.2476
0.44	0.00279703	621.306	-44.0181	643.079	-0.000123085	22.2455
0.45	0.00299022	593.04	-44.0181	614.815	-0.00012216	22.2433
0.46	0.00319197	566.597	-44.0181	588.374	-0.000121301	22.2411
0.47	0.00340246	541.824	-44.0181	563.603	-0.000120505	22.2388
0.48	0.00362184	518.583	-44.018	540.365	-0.000119769	22.2365
0.49	0.00385029	496.75	-44.018	518.534	-0.000119089	22.2341
0.5	0.00408798	476.214	-44.018	498	-0.000118462	22.2317
0.51	0.00433507	456.873	-44.018	478.662	-0.000117886	22.2293
0.52	0.00459173	438.638	-44.018	460.429	-0.000117357	22.2267
0.53	0.00485811	421.424	-44.0179	443.218	-0.000116874	22.2242
0.54	0.00513438	405.158	-44.0179	426.955	-0.000116435	22.2216
0.55	0.00542071	389.771	-44.0179	411.57	-0.000116037	22.2189
0.56	0.00571724	375.201	-44.0179	397.003	-0.000115678	22.2162
0.57	0.00602413	361.39	-44.0179	383.195	-0.000115358	22.2134
0.58	0.00634154	348.288	-44.0178	370.095	-0.000115073	22.2106
0.59	0.00666963	335.846	-44.0178	357.656	-0.000114824	22.2078
0.6	0.00700854	324.02	-44.0178	345.833	-0.000114608	22.2049
0.61	0.00735843	312.771	-44.0178	334.587	-0.000114424	22.2019
0.62	0.00771944	302.062	-44.0178	323.881	-0.000114271	22.1989
0.63	0.00809173	291.859	-44.0177	313.681	-0.000114148	22.1959
0.64	0.00847543	282.13	-44.0177	303.955	-0.000114054	22.1928
0.65	0.00887069	272.846	-44.0177	294.675	-0.000113988	22.1896
0.66	0.00927766	263.981	-44.0177	285.813	-0.000113949	22.1864
0.67	0.00969647	255.51	-44.0176	277.345	-0.000113936	22.1832
0.68	0.0101273	247.41	-44.0176	269.247	-0.000113949	22.1799
0.69	0.0105702	239.659	-44.0176	261.5	-0.000113986	22.1765
0.7	0.0110254	232.237	-44.0176	254.082	-0.000114047	22.1731
0.71	0.0114929	225.127	-44.0175	246.975	-0.000114131	22.1697
0.72	0.011973	218.311	-44.0175	240.162	-0.000114238	22.1662
0.73	0.0124657	211.772	-44.0175	233.627	-0.000114368	22.1627
0.74	0.0129712	205.497	-44.0175	227.356	-0.000114518	22.1591
0.75	0.0134896	199.471	-44.0174	221.333	-0.00011469	22.1554
0.76	0.0140211	193.681	-44.0174	215.547	-0.000114883	22.1518
0.77	0.0145657	188.115	-44.0174	209.985	-0.000115096	22.148
0.78	0.0151235	182.762	-44.0174	204.635	-0.000115329	22.1442
0.79	0.0156947	177.61	-44.0173	199.487	-0.000115581	22.1404
0.8	0.0162795	172.65	-44.0173	194.531	-0.000115853	22.1365
0.81	0.0168779	167.873	-44.0173	189.758	-0.000116143	22.1326
0.82	0.0174899	163.269	-44.0172	185.158	-0.000116451	22.1286
0.83	0.0181159	158.83	-44.0172	180.723	-0.000116778	22.1246
0.84	0.0187557	154.549	-44.0172	176.446	-0.000117123	22.1205
0.85	0.0194097	150.417	-44.0172	172.318	-0.000117485	22.1164
0.86	0.0200777	146.429	-44.0171	168.334	-0.000117865	22.1122
0.87	0.0207601	142.577	-44.0171	164.487	-0.000118262	22.108
0.88	0.0214568	138.856	-44.0171	160.77	-0.000118676	22.1037
0.89	0.0221679	135.259	-44.017	157.177	-0.000119107	22.0994
0.9	0.0228936	131.782	-44.017	153.704	-0.000119555	22.095
0.91	0.0236339	128.418	-44.017	150.344	-0.000120019	22.0906
0.92	0.024389	125.163	-44.0169	147.094	-0.000120499	22.0861
0.93	0.0251589	122.012	-44.0169	143.947	-0.000120996	22.0816
0.94	0.0259436	118.961	-44.0169	140.901	-0.000121509	22.0771
0.95	0.0267434	116.006	-44.0168	137.95	-0.000122037	22.0724
0.96	0.0275582	113.142	-44.0168	135.091	-0.000122582	22.0678
0.97	0.0283882	110.366	-44.0167	132.32	-0.000123142	22.0631
0.98	0.0292334	107.675	-44.0167	129.633	-0.000123718	22.0583
0.99	0.0300939	105.065	-44.0167	127.028	-0.00012431	22.0535
1	0.0309698	102.532	-44.0166	124.5	-0.000124917	22.0486
1.01	0.0318611	100.074	-44.0166	122.047	-0.00012554	22.0437
1.02	0.0327679	97.6876	-44.0166	119.666	-0.000126178	22.0388
1.03	0.0336903	95.3703	-44.0165	117.353	-0.000126832	22.0338
1.04	0.0346283	93.1194	-44.0165	115.107	-0.000127501	22.0287
1.05	0.035582	90.9322	-44.0164	112.925	-0.000128186	22.0236
1.06	0.0365514	88.8065	-44.0164	110.805	-0.000128886	22.0185
1.07	0.0375367	86.7399	-44.0163	108.743	-0.000129601	22.0133
1.08	0.0385378	84.7303	-44.0163	106.739	-0.000130331	22.008
1.09	0.0395548	82.7755	-44.0163	104.789	-0.000131077	22.0027
1.1	0.0405877	80.8736	-44.0162	102.893	-0.000131838	21.9974
1.11	0.0416367	79.0227	-44.0162	101.047	-0.000132615	21.992
1.12	0.0427017	77.2209	-44.0161	99.2506	-0.000133407	21.9865
1.13	0.0437827	75.4666	-44.0161	97.5018	-0.000134215	21.9811
1.14	0.0448799	73.7581	-44.016	95.7987	-0.000135037	21.9755
1.15	0.0459932	72.0937	-44.016	94.1399	-0.000135876	21.9699
1.16	0.0471227	70.472	-44.0159	92.5238	-0.00013673	21.9643
1.17	0.0482685	68.8915	-44.0159	90.9489	-0.000137599	21.9586
1.18	0.0494304	67.3508	-44.0158	89.414	-0.000138485	21.9529
1.19	0.0506086	65.8487	-44.0158	87.9175	-0.000139385	21.9471
1.2	0.0518031	64.3837	-44.0157	86.4583	-0.000140302	21.9412
1.21	0.0530139	62.9547	-44.0157	85.0352	-0.000141235	21.9354
1.22	0.054241	61.5605	-44.0156	83.6469	-0.000142183	21.9294
1.23	0.0554844	60.2	-44.0156	82.2923	-0.000143147	21.9234
1.24	0.0567441	58.8721	-44.0155	80.9703	-0.000144128	21.9174
1.25	0.0580203	57.5757	-44.0155	79.68	-0.000145124	21.9113
1.26	0.0593127	56.3099	-44.0154	78.4203	-0.000146137	21.9052
1.27	0.0606215	55.0737	-44.0153	77.1902	-0.000147166	21.899
1.28	0.0619467	53.8661	-44.0153	75.9888	-0.000148212	21.8928
1.29	0.0632882	52.6864	-44.0152	74.8152	-0.000149274	21.8865
1.3	0.064646	51.5335	-44.0152	73.6686	-0.000150353	21.8802
1.31	0.0660202	50.4068	-44.0151	72.5482	-0.000151448	21.8738
1.32	0.0674107	49.3054	-44.015	71.4532	-0.00015256	21.8674
1.33	0.0688176	48.2285	-44.015	70.3827	-0.00015369	21.861
1.34	0.0702407	47.1755	-44.0149	69.3362	-0.000154836	21.8544
1.35	0.0716801	46.1456	-44.0149	68.3128	-0.000156	21.8479
1.36	0.0731357	45.1382	-44.0148	67.3119	-0.000157181	21.8413
1.37	0.0746076	44.1525	-44.0147	66.3328	-0.000158379	21.8346
1.38	0.0760956	43.188	-44.0147	65.3749	-0.000159596	21.8279
1.39	0.0775998	42.244	-44.0146	64.4377	-0.00016083	21.8211
1.4	0.0791202	41.32	-44.0145	63.5204	-0.000162081	21.8143
1.41	0.0806567	40.4155	-44.0144	62.6226	-0.000163351	21.8075
1.42	0.0822092	39.5297	-44.0144	61.7437	-0.00016464	21.8005
1.43	0.0837777	38.6623	-44.0143	60.8832	-0.000165946	21.7936
1.44	0.0853622	37.8127	-44.0142	60.0405	-0.000167271	21.7866
1.45	0.0869627	36.9804	-44.0141	59.2152	-0.000168615	21.7795
1.46	0.088579	36.165	-44.0141	58.4068	-0.000169978	21.7724
1.47	0.0902111	35.366	-44.014	57.6149	-0.000171359	21.7653
1.48	0.091859	34.5829	-44.0139	56.8389	-0.00017276	21.7581
1.49	0.0935226	33.8154	-44.0138	56.0786	-0.000174181	21.7508
1.5	0.0952018	33.0629	-44.0138	55.3333	-0.000175621	21.7435
1.51	0.0968967	32.3252	-44.0137	54.6029	-0.00017708	21.7362
1.52	0.098607	31.6018	-44.0136	53.8868	-0.00017856	21.7288
1.53	0.100333	30.8923	-44.0135	53.1847	-0.00018006	21.7213
1.54	0.102074	30.1964	-44.0134	52.4962	-0.00018158	21.7138
1.55	0.10383	29.5138	-44.0133	51.821	-0.00018312	21.7063
1.56	0.105602	28.8441	-44.0132	51.1588	-0.000184682	21.6987
1.57	0.107389	28.1869	-44.0132	50.5091	-0.000186264	21.6911
1.58	0.109191	27.5419	-44.0131	49.8718	-0.000187868	21.6834
1.59	0.111008	26.909	-44.013	49.2465	-0.000189492	21.6756
1.6	0.112839	26.2876	-44.0129	48.6328	-0.000191139	21.6679
1.61	0.114686	25.6776	-44.0128	48.0306	-0.000192807	21.66
1.62	0.116547	25.0787	-44.0127	47.4394	-0.000194498	21.6521
1.63	0.118423	24.4905	-44.0126	46.8591	-0.00019621	21.6442
1.64	0.120313	23.913	-44.0125	46.2894	-0.000197945	21.6362
1.65	0.122218	23.3456	-44.0124	45.73	-0.000199703	21.6282
1.66	0.124136	22.7884	-44.0123	45.1807	-0.000201484	21.6201
1.67	0.126069	22.2409	-44.0122	44.6413	-0.000203289	21.612
1.68	0.128017	21.7029	-44.0121	44.1114	-0.000205116	21.6038
1.69	0.129978	21.1743	-44.012	43.5909	-0.000206968	21.5956
1.7	0.131953	20.6548	-44.0119	43.0796	-0.000208843	21.5873
1.71	0.133941	20.1442	-44.0117	42.5772	-0.000210743	21.579
1.72	0.135943	19.6423	-44.0116	42.0836	-0.000212667	21.5706
1.73	0.137959	19.1489	-44.0115	41.5984	-0.000214616	21.5622
1.74	0.139988	18.6638	-44.0114	41.1217	-0.00021659	21.5537
1.75	0.14203	18.1868	-44.0113	40.6531	-0.00021859	21.5452
1.76	0.144085	17.7177	-44.0112	40.1924	-0.000220615	21.5366
1.77	0.146154	17.2563	-44.011	39.7395	-0.000222666	21.528
1.78	0.148235	16.8025	-44.0109	39.2943	-0.000224743	21.5193
1.79	0.150328	16.3561	-44.0108	38.8565	-0.000226847	21.5106
1.8	0.152434	15.9169	-44.0107	38.4259	-0.000228978	21.5019
1.81	0.154553	15.4848	-44.0105	38.0025	-0.000231135	21.4931
1.82	0.156683	15.0596	-44.0104	37.586	-0.000233321	21.4842
1.83	0.158826	14.6412	-44.0103	37.1764	-0.000235534	21.4753
1.84	0.160981	14.2293	-44.0101	36.7734	-0.000237775	21.4663
1.85	0.163147	13.824	-44.01	36.3769	-0.000240044	21.4573
1.86	0.165325	13.425	-44.0099	35.9868	-0.000242342	21.4483
1.87	0.167514	13.0322	-44.0097	35.603	-0.000244669	21.4392
1.88	0.169715	12.6454	-44.0096	35.2252	-0.000247026	21.43
1.89	0.171926	12.2646	-44.0094	34.8534	-0.000249412	21.4208
1.9	0.174149	11.8896	-44.0093	34.4875	-0.000251829	21.4116
1.91	0.176382	11.5202	-44.0091	34.1274	-0.000254275	21.4023
1.92	0.178626	11.1565	-44.009	33.7728	-0.000256753	21.3929
1.93	0.18088	10.7981	-44.0088	33.4237	-0.000259262	21.3835
1.94	0.183144	10.4452	-44.0087	33.08	-0.000261802	21.3741
1.95	0.185419	10.0974	-44.0085	32.7416	-0.000264374	21.3646
1.96	0.187703	9.75477	-44.0084	32.4084	-0.000266978	21.355
1.97	0.189997	9.41716	-44.0082	32.0802	-0.000269615	21.3454
1.98	0.1923	9.08446	-44.008	31.757	-0.000272286	21.3358
1.99	0.194613	8.75657	-44.0079	31.4386	-0.000274989	21.3261
2	0.196934	8.4334	-44.0077	31.125	-0.000277726	21.3164
2.01	0.199265	8.11485	-44.0075	30.8161	-0.000280498	21.3066
2.02	0.201604	7.80083	-44.0073	30.5117	-0.000283304	21.2967
2.03	0.203952	7.49125	-44.0072	30.2118	-0.000286145	21.2868
2.04	0.206307	7.18603	-44.007	29.9164	-0.000289022	21.2769
2.05	0.208671	6.88507	-44.0068	29.6252	-0.000291935	21.2669
2.06	0.211043	6.5883	-44.0066	29.3383	-0.000294884	21.2569
2.07	0.213422	6.29562	-44.0064	29.0555	-0.000297869	21.2468
2.08	0.215809	6.00698	-44.0062	28.7768	-0.000300892	21.2367
2.09	0.218203	5.72227	-44.006	28.5021	-0.000303953	21.2265
2.1	0.220604	5.44144	-44.0058	28.2313	-0.000307051	21.2163
2.11	0.223011	5.1644	-44.0056	27.9643	-0.000310189	21.206
2.12	0.225425	4.89108	-44.0054	27.7011	-0.000313365	21.1957
2.13	0.227846	4.62142	-44.0052	27.4416	-0.000316581	21.1853
2.14	0.230272	4.35534	-44.005	27.1858	-0.000319837	21.1749
2.15	0.232704	4.09277	-44.0048	26.9335	-0.000323133	21.1644
2.16	0.235142	3.83366	-44.0046	26.6847	-0.000326471	21.1539
2.17	0.237585	3.57793	-44.0044	26.4393	-0.000329849	21.1433
2.18	0.240034	3.32553	-44.0041	26.1973	-0.00033327	21.1327
2.19	0.242487	3.07639	-44.0039	25.9586	-0.000336734	21.122
2.2	0.244945	2.83045	-44.0037	25.7231	-0.00034024	21.1113
2.21	0.247407	2.58765	-44.0034	25.4909	-0.00034379	21.1006
2.22	0.249873	2.34794	-44.0032	25.2617	-0.000347384	21.0897
2.23	0.252344	2.11126	-44.003	25.0357	-0.000351023	21.0789
2.24	0.254818	1.87756	-44.0027	24.8127	-0.000354706	21.068
2.25	0.257295	1.64678	-44.0025	24.5926	-0.000358436	21.057
2.26	0.259776	1.41886	-44.0022	24.3754	-0.000362212	21.046
2.27	0.262259	1.19377	-44.002	24.1612	-0.000366035	21.0349
2.28	0.264745	0.971444	-44.0017	23.9497	-0.000369905	21.0238
2.29	0.267233	0.751838	-44.0014	23.741	-0.000373823	21.0127
2.3	0.269724	0.534903	-44.0012	23.535	-0.00037779	21.0015
2.31	0.272217	0.320593	-44.0009	23.3316	-0.000381806	20.9902
2.32	0.274711	0.108861	-44.0006	23.1309	-0.000385872	20.9789
2.33	0.277206	-0.100337	-44.0003	22.9328	-0.000389989	20.9676
2.34	0.279702	-0.307044	-44.0001	22.7372	-0.000394157	20.9562
2.35	0.2822	-0.511305	-43.9998	22.5441	-0.000398376	20.9447
2.36	0.284697	-0.713161	-43.9995	22.3535	-0.000402648	20.9332
2.37	0.287195	-0.912653	-43.9992	22.1653	-0.000406972	20.9217
2.38	0.289693	-1.10982	-43.9989	21.9794	-0.000411351	20.9101
2.39	0.292191	-1.30471	-43.9986	21.7958	-0.000415784	20.8984
2.4	0.294688	-1.49735	-43.9983	21.6146	-0.000420272	20.8868
2.41	0.297184	-1.68778	-43.9979	21.4356	-0.000424815	20.875
2.42	0.29968	-1.87604	-43.9976	21.2588	-0.000429415	20.8632
2.43	0.302173	-2.06217	-43.9973	21.0842	-0.000434072	20.8514
2.44	0.304665	-2.2462	-43.997	20.9117	-0.000438787	20.8395
2.45	0.307155	-2.42816	-43.9966	20.7414	-0.000443561	20.8276
2.46	0.309643	-2.6081	-43.9963	20.5731	-0.000448394	20.8156
2.47	0.312128	-2.78604	-43.996	20.4068	-0.000453287	20.8035
2.48	0.314611	-2.96202	-43.9956	20.2426	-0.00045824	20.7915
2.49	0.31709	-3.13606	-43.9952	20.0803	-0.000463255	20.7793
2.5	0.319566	-3.30821	-43.9949	19.92	-0.000468333	20.7671
2.51	0.322038	-3.47849	-43.9945	19.7616	-0.000473474	20.7549
2.52	0.324506	-3.64693	-43.9942	19.6051	-0.000478678	20.7426
2.53	0.32697	-3.81356	-43.9938	19.4504	-0.000483948	20.7303
2.54	0.329429	-3.97841	-43.9934	19.2975	-0.000489282	20.7179
2.55	0.331883	-4.1415	-43.993	19.1465	-0.000494683	20.7055
2.56	0.334332	-4.30288	-43.9926	18.9972	-0.000500152	20.693
2.57	0.336776	-4.46256	-43.9922	18.8496	-0.000505688	20.6805
2.58	0.339214	-4.62056	-43.9918	18.7038	-0.000511293	20.6679
2.59	0.341645	-4.77693	-43.9914	18.5597	-0.000516968	20.6553
2.6	0.344071	-4.93168	-43.991	18.4172	-0.000522714	20.6427
2.61	0.34649	-5.08483	-43.9905	18.2763	-0.000528531	20.6299
2.62	0.348901	-5.23642	-43.9901	18.1371	-0.000534421	20.6172
2.63	0.351306	-5.38647	-43.9897	17.9994	-0.000540384	20.6044
2.64	0.353702	-5.53499	-43.9892	17.8633	-0.000546421	20.5915
2.65	0.356091	-5.68203	-43.9888	17.7287	-0.000552533	20.5786
2.66	0.358472	-5.82758	-43.9883	17.5957	-0.000558722	20.5656
2.67	0.360844	-5.97169	-43.9879	17.4641	-0.000564988	20.5526
2.68	0.363207	-6.11437	-43.9874	17.334	-0.000571331	20.5396
2.69	0.365562	-6.25565	-43.9869	17.2054	-0.000577754	20.5264
2.7	0.367906	-6.39554	-43.9864	17.0782	-0.000584257	20.5133
2.71	0.370241	-6.53406	-43.9859	16.9524	-0.000590841	20.5001
2.72	0.372566	-6.67124	-43.9854	16.828	-0.000597507	20.4868
2.73	0.374881	-6.8071	-43.9849	16.7049	-0.000604257	20.4735
2.74	0.377185	-6.94165	-43.9844	16.5832	-0.00061109	20.4602
2.75	0.379478	-7.07492	-43.9839	16.4628	-0.000618009	20.4468
2.76	0.381759	-7.20693	-43.9834	16.3437	-0.000625015	20.4333
2.77	0.384029	-7.33769	-43.9828	16.2259	-0.000632107	20.4198
2.78	0.386287	-7.46722	-43.9823	16.1094	-0.000639289	20.4063
2.79	0.388533	-7.59554	-43.9817	15.9941	-0.00064656	20.3927
2.8	0.390766	-7.72267	-43.9812	15.8801	-0.000653922	20.379
2.81	0.392987	-7.84862	-43.9806	15.7673	-0.000661376	20.3653
2.82	0.395194	-7.97342	-43.98	15.6557	-0.000668923	20.3516
2.83	0.397388	-8.09707	-43.9794	15.5452	-0.000676564	20.3378
2.84	0.399568	-8.2196	-43.9788	15.4359	-0.000684301	20.324
2.85	0.401734	-8.34102	-43.9782	15.3278	-0.000692135	20.3101
2.86	0.403885	-8.46135	-43.9776	15.2208	-0.000700067	20.2961
2.87	0.406022	-8.58061	-43.977	15.1149	-0.000708098	20.2822
2.88	0.408144	-8.6988	-43.9763	15.0101	-0.000716229	20.2681
2.89	0.41025	-8.81594	-43.9757	14.9064	-0.000724463	20.254
2.9	0.412341	-8.93206	-43.975	14.8038	-0.000732799	20.2399
2.91	0.414416	-9.04715	-43.9744	14.7022	-0.00074124	20.2257
2.92	0.416474	-9.16124	-43.9737	14.6017	-0.000749786	20.2115
2.93	0.418516	-9.27435	-43.973	14.5022	-0.00075844	20.1972
2.94	0.420541	-9.38648	-43.9723	14.4037	-0.000767202	20.1829
2.95	0.422549	-9.49765	-43.9716	14.3062	-0.000776074	20.1685
2.96	0.424539	-9.60787	-43.9709	14.2097	-0.000785058	20.1541
2.97	0.426512	-9.71715	-43.9702	14.1142	-0.000794153	20.1396
2.98	0.428466	-9.82551	-43.9694	14.0196	-0.000803363	20.1251
2.99	0.430402	-9.93297	-43.9687	13.926	-0.000812689	20.1105
3	0.432319	-10.0395	-43.9679	13.8333	-0.000822132	20.0959
3.01	0.434217	-10.1452	-43.9672	13.7416	-0.000831693	20.0812
3.02	0.436096	-10.25	-43.9664	13.6507	-0.000841374	20.0665
3.03	0.437955	-10.3539	-43.9656	13.5608	-0.000851176	20.0517
3.04	0.439794	-10.457	-43.9648	13.4717	-0.000861102	20.0369
3.05	0.441613	-10.5593	-43.964	13.3835	-0.000871153	20.022
3.06	0.443411	-10.6607	-43.9631	13.2962	-0.00088133	20.0071
3.07	0.445189	-10.7613	-43.9623	13.2097	-0.000891634	19.9922
3.08	0.446945	-10.8611	-43.9614	13.1241	-0.000902068	19.9772
3.09	0.44868	-10.9601	-43.9606	13.0392	-0.000912634	19.9621
3.1	0.450393	-11.0584	-43.9597	12.9553	-0.000923332	19.947
3.11	0.452084	-11.1558	-43.9588	12.8721	-0.000934165	19.9318
3.12	0.453752	-11.2525	-43.9579	12.7897	-0.000945134	19.9166
3.13	0.455398	-11.3484	-43.957	12.7081	-0.000956241	19.9014
3.14	0.457021	-11.4436	-43.956	12.6273	-0.000967488	19.8861
3.15	0.458621	-11.5381	-43.9551	12.5472	-0.000978877	19.8707
3.16	0.460197	-11.6318	-43.9541	12.468	-0.000990409	19.8553
3.17	0.46175	-11.7249	-43.9531	12.3894	-0.00100209	19.8399
3.18	0.463278	-11.8172	-43.9521	12.3116	-0.00101391	19.8244
3.19	0.464782	-11.9088	-43.9511	12.2345	-0.00102588	19.8088
3.2	0.466262	-11.9997	-43.9501	12.1582	-0.00103801	19.7932
3.21	0.467716	-12.09	-43.9491	12.0826	-0.00105028	19.7776
3.22	0.469145	-12.1796	-43.948	12.0076	-0.00106272	19.7619
3.23	0.470549	-12.2685	-43.9469	11.9334	-0.0010753	19.7461
3.24	0.471927	-12.3568	-43.9459	11.8599	-0.00108805	19.7303
3.25	0.473279	-12.4444	-43.9448	11.787	-0.00110096	19.7145
3.26	0.474604	-12.5314	-43.9436	11.7148	-0.00111403	19.6986
3.27	0.475903	-12.6177	-43.9425	11.6432	-0.00112727	19.6827
3.28	0.477175	-12.7035	-43.9414	11.5724	-0.00114067	19.6667
3.29	0.47842	-12.7886	-43.9402	11.5021	-0.00115424	19.6506
3.3	0.479637	-12.8731	-43.939	11.4325	-0.00116798	19.6345
3.31	0.480827	-12.957	-43.9378	11.3635	-0.0011819	19.6184
3.32	0.481989	-13.0404	-43.9366	11.2952	-0.00119599	19.6022
3.33	0.483122	-13.1231	-43.9353	11.2274	-0.00121026	19.586
3.34	0.484227	-13.2053	-43.9341	11.1603	-0.00122472	19.5697
3.35	0.485304	-13.2869	-43.9328	11.0938	-0.00123935	19.5534
3.36	0.486351	-13.3679	-43.9315	11.0278	-0.00125417	19.537
3.37	0.487369	-13.4484	-43.9302	10.9625	-0.00126917	19.5206
3.38	0.488358	-13.5283	-43.9288	10.8977	-0.00128437	19.5041
3.39	0.489317	-13.6077	-43.9275	10.8335	-0.00129976	19.4876
3.4	0.490246	-13.6865	-43.9261	10.7699	-0.00131534	19.471
3.41	0.491145	-13.7648	-43.9247	10.7068	-0.00133112	19.4544
3.42	0.492013	-13.8426	-43.9233	10.6443	-0.0013471	19.4377
3.43	0.492851	-13.9199	-43.9219	10.5823	-0.00136328	19.421
3.44	0.493657	-13.9967	-43.9204	10.5209	-0.00137966	19.4042
3.45	0.494433	-14.0729	-43.9189	10.46	-0.00139626	19.3874
3.46	0.495177	-14.1487	-43.9174	10.3996	-0.00141306	19.3705
3.47	0.495889	-14.2239	-43.9159	10.3398	-0.00143007	19.3536
3.48	0.49657	-14.2987	-43.9143	10.2804	-0.00144731	19.3367
3.49	0.497219	-14.373	-43.9128	10.2216	-0.00146475	19.3196
3.5	0.497835	-14.4468	-43.9112	10.1633	-0.00148242	19.3026
3.51	0.498419	-14.5201	-43.9095	10.1054	-0.00150032	19.2855
3.52	0.49897	-14.593	-43.9079	10.0481	-0.00151844	19.2683
3.53	0.499488	-14.6654	-43.9062	9.99125	-0.00153679	19.2511
3.54	0.499973	-14.7374	-43.9045	9.93488	-0.00155537	19.2338
3.55	0.500424	-14.8089	-43.9028	9.87899	-0.00157419	19.2165
3.56	0.500842	-14.8799	-43.9011	9.82357	-0.00159325	19.1992
3.57	0.501227	-14.9505	-43.8993	9.76861	-0.00161254	19.1818
3.58	0.501577	-15.0207	-43.8975	9.71412	-0.00163209	19.1643
3.59	0.501893	-15.0904	-43.8957	9.66007	-0.00165188	19.1468
3.6	0.502175	-15.1597	-43.8938	9.60648	-0.00167192	19.1293
3.61	0.502423	-15.2286	-43.8919	9.55333	-0.00169221	19.1117
3.62	0.502635	-15.2971	-43.89	9.50063	-0.00171277	19.094
3.63	0.502813	-15.3651	-43.8881	9.44835	-0.00173358	19.0763
3.64	0.502956	-15.4328	-43.8861	9.39651	-0.00175466	19.0586
3.65	0.503063	-15.5	-43.8841	9.34509	-0.001776	19.0408
3.66	0.503135	-15.5669	-43.8821	9.2941	-0.00179762	19.0229
3.67	0.503172	-15.6333	-43.88	9.24352	-0.0018195	19.005
3.68	0.503173	-15.6993	-43.8779	9.19335	-0.00184167	18.9871
3.69	0.503138	-15.765	-43.8758	9.14359	-0.00186412	18.9691
3.7	0.503066	-15.8303	-43.8737	9.09423	-0.00188685	18.9511
3.71	0.502959	-15.8952	-43.8715	9.04527	-0.00190987	18.933
3.72	0.502815	-15.9597	-43.8693	8.9967	-0.00193319	18.9149
3.73	0.502635	-16.0238	-43.867	8.94853	-0.00195679	18.8967
3.74	0.502418	-16.0876	-43.8648	8.90074	-0.0019807	18.8784
3.75	0.502165	-16.151	-43.8624	8.85333	-0.00200491	18.8602
3.76	0.501874	-16.214	-43.8601	8.8063	-0.00202943	18.8418
3.77	0.501546	-16.2767	-43.8577	8.75965	-0.00205426	18.8234
3.78	0.501182	-16.339	-43.8553	8.71336	-0.00207941	18.805
3.79	0.50078	-16.401	-43.8528	8.66744	-0.00210487	18.7865
3.8	0.50034	-16.4626	-43.8503	8.62188	-0.00213066	18.768
3.81	0.499863	-16.5239	-43.8478	8.57668	-0.00215677	18.7494
3.82	0.499348	-16.5848	-43.8452	8.53184	-0.00218322	18.7308
3.83	0.498796	-16.6454	-43.8426	8.48734	-0.00221	18.7121
3.84	0.498206	-16.7056	-43.84	8.4432	-0.00223712	18.6934
3.85	0.497577	-16.7655	-43.8373	8.39939	-0.00226458	18.6746
3.86	0.496911	-16.8251	-43.8346	8.35593	-0.0022924	18.6558
3.87	0.496207	-16.8844	-43.8318	8.3128	-0.00232056	18.637
3.88	0.495464	-16.9433	-43.829	8.27001	-0.00234909	18.618
3.89	0.494683	-17.0019	-43.8262	8.22754	-0.00237797	18.5991
3.9	0.493864	-17.0602	-43.8233	8.1854	-0.00240722	18.5801
3.91	0.493006	-17.1182	-43.8203	8.14359	-0.00243685	18.561
3.92	0.492109	-17.1759	-43.8174	8.10209	-0.00246685	18.5419
3.93	0.491174	-17.2332	-43.8143	8.06091	-0.00249722	18.5227
3.94	0.490201	-17.2903	-43.8113	8.02005	-0.00252799	18.5035
3.95	0.489188	-17.347	-43.8082	7.97949	-0.00255914	18.4842
3.96	0.488137	-17.4034	-43.805	7.93924	-0.00259069	18.4649
3.97	0.487047	-17.4596	-43.8018	7.8993	-0.00262264	18.4456
3.98	0.485918	-17.5154	-43.7986	7.85965	-0.002655	18.4262
3.99	0.48475	-17.5709	-43.7953	7.8203	-0.00268776	18.4067
4	0.483544	-17.6262	-43.7919	7.78125	-0.00272094	18.3872
4.01	0.482298	-17.6811	-43.7885	7.74249	-0.00275454	18.3677
4.02	0.481013	-17.7358	-43.7851	7.70402	-0.00278857	18.3481
4.03	0.479689	-17.7901	-43.7815	7.66583	-0.00282302	18.3284
4.04	0.478327	-17.8442	-43.778	7.62793	-0.00285792	18.3087
4.05	0.476925	-17.898	-43.7744	7.59031	-0.00289325	18.289
4.06	0.475484	-17.9515	-43.7707	7.55296	-0.00292904	18.2692
4.07	0.474004	-18.0048	-43.767	7.51589	-0.00296527	18.2493
4.08	0.472484	-18.0577	-43.7632	7.47909	-0.00300197	18.2294
4.09	0.470926	-18.1104	-43.7594	7.44257	-0.00303913	18.2095
4.1	0.469329	-18.1628	-43.7555	7.40631	-0.00307676	18.1895
4.11	0.467693	-18.2149	-43.7516	7.37031	-0.00311487	18.1695
4.12	0.466017	-18.2668	-43.7476	7.33457	-0.00315345	18.1494
4.13	0.464303	-18.3184	-43.7435	7.2991	-0.00319253	18.1292
4.14	0.462549	-18.3697	-43.7394	7.26388	-0.0032321	18.109
4.15	0.460757	-18.4208	-43.7352	7.22892	-0.00327217	18.0888
4.16	0.458926	-18.4716	-43.731	7.1942	-0.00331275	18.0685
4.17	0.457056	-18.5221	-43.7267	7.15974	-0.00335384	18.0482
4.18	0.455147	-18.5724	-43.7223	7.12552	-0.00339545	18.0278
4.19	0.453199	-18.6224	-43.7179	7.09155	-0.00343759	18.0074
4.2	0.451213	-18.6721	-43.7134	7.05782	-0.00348025	17.9869
4.21	0.449188	-18.7216	-43.7088	7.02433	-0.00352346	17.9664
4.22	0.447124	-18.7709	-43.7042	6.99108	-0.00356721	17.9458
4.23	0.445022	-18.8198	-43.6995	6.95807	-0.00361152	17.9252
4.24	0.442881	-18.8686	-43.6947	6.92528	-0.00365638	17.9045
4.25	0.440702	-18.917	-43.6899	6.89273	-0.00370181	17.8838
4.26	0.438485	-18.9653	-43.6849	6.86041	-0.00374781	17.863
4.27	0.43623	-19.0132	-43.68	6.82832	-0.00379439	17.8422
4.28	0.433936	-19.061	-43.6749	6.79645	-0.00384156	17.8213
4.29	0.431605	-19.1085	-43.6698	6.7648	-0.00388932	17.8004
4.3	0.429235	-19.1557	-43.6645	6.73337	-0.00393768	17.7794
4.31	0.426828	-19.2027	-43.6592	6.70216	-0.00398666	17.7584
4.32	0.424383	-19.2494	-43.6539	6.67117	-0.00403625	17.7373
4.33	0.421901	-19.2959	-43.6484	6.64039	-0.00408646	17.7162
4.34	0.419381	-19.3422	-43.6429	6.60982	-0.0041373	17.6951
4.35	0.416824	-19.3882	-43.6373	6.57947	-0.00418878	17.6739
4.36	0.41423	-19.4339	-43.6316	6.54932	-0.00424091	17.6526
4.37	0.411599	-19.4795	-43.6258	6.51938	-0.0042937	17.6313
4.38	0.408931	-19.5247	-43.62	6.48965	-0.00434715	17.6099
4.39	0.406226	-19.5698	-43.614	6.46012	-0.00440126	17.5885
4.4	0.403485	-19.6146	-43.608	6.43079	-0.00445606	17.5671
4.41	0.400707	-19.6592	-43.6019	6.40165	-0.00451154	17.5456
4.42	0.397893	-19.7035	-43.5956	6.37272	-0.00456772	17.524
4.43	0.395043	-19.7476	-43.5893	6.34398	-0.0046246	17.5024
4.44	0.392157	-19.7914	-43.5829	6.31544	-0.0046822	17.4807
4.45	0.389236	-19.835	-43.5764	6.28708	-0.00474051	17.459
4.46	0.386278	-19.8784	-43.5698	6.25892	-0.00479955	17.4373
4.47	0.383286	-19.9216	-43.5632	6.23095	-0.00485934	17.4155
4.48	0.380258	-19.9645	-43.5564	6.20316	-0.00491986	17.3937
4.49	0.377196	-20.0071	-43.5495	6.17556	-0.00498115	17.3718
4.5	0.374099	-20.0496	-43.5425	6.14815	-0.0050432	17.3498
4.51	0.370967	-20.0918	-43.5354	6.12091	-0.00510602	17.3278
4.52	0.367801	-20.1337	-43.5282	6.09386	-0.00516962	17.3058
4.53	0.3646	-20.1755	-43.5209	6.06699	-0.00523402	17.2837
4.54	0.361366	-20.217	-43.5135	6.04029	-0.00529922	17.2616
4.55	0.358099	-20.2582	-43.506	6.01377	-0.00536523	17.2394
4.56	0.354797	-20.2993	-43.4984	5.98742	-0.00543206	17.2171
4.57	0.351463	-20.34	-43.4906	5.96124	-0.00549972	17.1948
4.58	0.348096	-20.3806	-43.4828	5.93524	-0.00556823	17.1725
4.59	0.344696	-20.4209	-43.4748	5.90941	-0.00563758	17.1501
4.6	0.341263	-20.461	-43.4667	5.88374	-0.00570779	17.1277
4.61	0.337799	-20.5008	-43.4585	5.85824	-0.00577887	17.1052
4.62	0.334302	-20.5405	-43.4502	5.83291	-0.00585083	17.0827
4.63	0.330774	-20.5798	-43.4418	5.80774	-0.00592368	17.0601
4.64	0.327215	-20.619	-43.4332	5.78274	-0.00599743	17.0375
4.65	0.323624	-20.6579	-43.4245	5.75789	-0.00607209	17.0148
4.66	0.320003	-20.6965	-43.4157	5.73321	-0.00614768	16.9921
4.67	0.316351	-20.735	-43.4067	5.70868	-0.00622419	16.9693
4.68	0.312669	-20.7732	-43.3976	5.68431	-0.00630165	16.9465
4.69	0.308956	-20.8111	-43.3884	5.66009	-0.00638006	16.9236
4.7	0.305215	-20.8488	-43.3791	5.63603	-0.00645944	16.9007
4.71	0.301443	-20.8863	-43.3696	5.61213	-0.00653979	16.8777
4.72	0.297643	-20.9235	-43.36	5.58837	-0.00662113	16.8547
4.73	0.293814	-20.9605	-43.3502	5.56477	-0.00670346	16.8316
4.74	0.289957	-20.9973	-43.3403	5.54131	-0.00678681	16.8085
4.75	0.286072	-21.0338	-43.3303	5.51801	-0.00687117	16.7853
4.76	0.282158	-21.07	-43.3201	5.49484	-0.00695657	16.7621
4.77	0.278218	-21.1061	-43.3097	5.47183	-0.00704301	16.7389
4.78	0.27425	-21.1418	-43.2992	5.44896	-0.0071305	16.7156
4.79	0.270256	-21.1774	-43.2886	5.42623	-0.00721907	16.6922
4.8	0.266235	-21.2126	-43.2778	5.40365	-0.00730871	16.6688
4.81	0.262188	-21.2477	-43.2668	5.3812	-0.00739944	16.6453
4.82	0.258115	-21.2825	-43.2557	5.3589	-0.00749127	16.6218
4.83	0.254017	-21.317	-43.2444	5.33673	-0.00758422	16.5983
4.84	0.249894	-21.3513	-43.233	5.3147	-0.0076783	16.5747
4.85	0.245746	-21.3853	-43.2214	5.2928	-0.00777351	16.551
4.86	0.241575	-21.4191	-43.2096	5.27105	-0.00786988	16.5273
4.87	0.237379	-21.4526	-43.1976	5.24942	-0.00796741	16.5036
4.88	0.233159	-21.4859	-43.1855	5.22793	-0.00806612	16.4798
4.89	0.228917	-21.5189	-43.1732	5.20657	-0.00816601	16.4559
4.9	0.224652	-21.5517	-43.1607	5.18534	-0.00826711	16.432
4.91	0.220364	-21.5842	-43.1481	5.16424	-0.00836943	16.4081
4.92	0.216055	-21.6164	-43.1353	5.14327	-0.00847297	16.3841
4.93	0.211724	-21.6484	-43.1222	5.12242	-0.00857776	16.36
4.94	0.207371	-21.6801	-43.109	5.10171	-0.0086838	16.3359
4.95	0.202998	-21.7115	-43.0956	5.08111	-0.0087911	16.3118
4.96	0.198605	-21.7427	-43.082	5.06065	-0.00889969	16.2876
4.97	0.194191	-21.7736	-43.0682	5.0403	-0.00900957	16.2634
4.98	0.189759	-21.8042	-43.0543	5.02008	-0.00912076	16.2391
4.99	0.185306	-21.8346	-43.0401	4.99998	-0.00923327	16.2148
5	0.180836	-21.8647	-43.0257	4.98	-0.00934712	16.1904
5.01	0.176347	-21.8945	-43.0111	4.96014	-0.00946231	16.1659
5.02	0.17184	-21.924	-42.9963	4.9404	-0.00957887	16.1414
5.03	0.167316	-21.9533	-42.9813	4.92077	-0.0096968	16.1169
5.04	0.162774	-21.9822	-42.966	4.90127	-0.00981612	16.0923
5.05	0.158217	-22.0109	-42.9506	4.88187	-0.00993685	16.0677
5.06	0.153643	-22.0393	-42.9349	4.8626	-0.010059	16.043
5.07	0.149053	-22.0674	-42.919	4.84343	-0.0101826	16.0183
5.08	0.144448	-22.0953	-42.9029	4.82438	-0.0103076	15.9935
5.09	0.139829	-22.1228	-42.8865	4.80545	-0.0104341	15.9687
5.1	0.135195	-22.15	-42.8699	4.78662	-0.010562	15.9438
5.11	0.130548	-22.177	-42.8531	4.7679	-0.0106915	15.9189
5.12	0.125886	-22.2036	-42.836	4.7493	-0.0108224	15.8939
5.13	0.121213	-22.23	-42.8187	4.7308	-0.0109549	15.8689
5.14	0.116526	-22.256	-42.8012	4.71241	-0.0110889	15.8438
5.15	0.111828	-22.2817	-42.7834	4.69413	-0.0112245	15.8187
5.16	0.107118	-22.3072	-42.7653	4.67595	-0.0113616	15.7936
5.17	0.102397	-22.3323	-42.747	4.65788	-0.0115002	15.7683
5.18	0.0976652	-22.3571	-42.7284	4.63991	-0.0116405	15.7431
5.19	0.0929235	-22.3816	-42.7096	4.62205	-0.0117824	15.7178
5.2	0.0881722	-22.4057	-42.6905	4.60429	-0.0119259	15.6924
5.21	0.0834117	-22.4296	-42.6711	4.58663	-0.0120711	15.667
5.22	0.0786426	-22.4531	-42.6515	4.56908	-0.0122178	15.6415
5.23	0.0738654	-22.4763	-42.6316	4.55162	-0.0123663	15.616
5.24	0.0690804	-22.4992	-42.6114	4.53426	-0.0125164	15.5905
5.25	0.0642883	-22.5217	-42.5909	4.51701	-0.0126683	15.5649
5.26	0.0594895	-22.5439	-42.5701	4.49985	-0.0128218	15.5392
5.27	0.0546844	-22.5657	-42.5491	4.48279	-0.012977	15.5135
5.28	0.0498737	-22.5873	-42.5277	4.46582	-0.013134	15.4878
5.29	0.0450577	-22.6084	-42.5061	4.44895	-0.0132928	15.462
5.3	0.040237	-22.6292	-42.4841	4.43218	-0.0134533	15.4361
5.31	0.0354121	-22.6497	-42.4618	4.4155	-0.0136156	15.4102
5.32	0.0305835	-22.6698	-42.4392	4.39892	-0.0137797	15.3843
5.33	0.0257517	-22.6896	-42.4163	4.38243	-0.0139456	15.3583
5.34	0.0209172	-22.709	-42.3931	4.36603	-0.0141134	15.3322
5.35	0.0160805	-22.728	-42.3696	4.34972	-0.0142829	15.3061
5.36	0.011242	-22.7467	-42.3457	4.33351	-0.0144544	15.28
5.37	0.00640244	-22.765	-42.3215	4.31739	-0.0146277	15.2538
5.38	0.00156217	-22.7829	-42.297	4.30135	-0.0148029	15.2276
5.39	-0.00327826	-22.8005	-42.2721	4.2854	-0.0149799	15.2013
5.4	-0.00811835	-22.8176	-42.2469	4.26955	-0.0151589	15.1749
5.41	-0.0129576	-22.8344	-42.2214	4.25378	-0.0153399	15.1485
5.42	-0.0177954	-22.8508	-42.1955	4.2381	-0.0155227	15.1221
5.43	-0.0226314	-22.8668	-42.1692	4.2225	-0.0157076	15.0956
5.44	-0.027465	-22.8824	-42.1425	4.20699	-0.0158944	15.0691
5.45	-0.0322957	-22.8976	-42.1155	4.19157	-0.0160831	15.0425
5.46	-0.0371229	-22.9123	-42.0882	4.17623	-0.0162739	15.0159
5.47	-0.0419462	-22.9267	-42.0604	4.16097	-0.0164667	14.9892
5.48	-0.0467651	-22.9407	-42.0323	4.1458	-0.0166615	14.9625
5.49	-0.051579	-22.9543	-42.0038	4.13071	-0.0168584	14.9357
5.5	-0.0563874	-22.9674	-41.9749	4.1157	-0.0170573	14.9089
5.51	-0.0611898	-22.9801	-41.9456	4.10078	-0.0172582	14.882
5.52	-0.0659857	-22.9924	-41.9159	4.08593	-0.0174612	14.8551
5.53	-0.0707746	-23.0041	-41.8858	4.07117	-0.0176664	14.8282
5.54	-0.0755559	-23.0153	-41.8553	4.05648	-0.0178736	14.8014
5.55	-0.0803292	-23.0258	-41.8244	4.04188	-0.0180829	14.7748
5.56	-0.0850939	-23.0358	-41.7931	4.02735	-0.0182944	14.7482
5.57	-0.0898495	-23.0452	-41.7613	4.01291	-0.018508	14.7217
5.58	-0.0945956	-23.054	-41.7291	3.99854	-0.0187237	14.6953
5.59	-0.0993315	-23.0621	-41.6965	3.98424	-0.0189417	14.6691
5.6	-0.104057	-23.0697	-41.6634	3.97003	-0.0191617	14.6429
5.61	-0.108771	-23.0767	-41.6299	3.95588	-0.019384	14.6168
5.62	-0.113474	-23.083	-41.596	3.94182	-0.0196084	14.5907
5.63	-0.118164	-23.0888	-41.5616	3.92783	-0.0198351	14.5648
5.64	-0.122842	-23.0939	-41.5267	3.91391	-0.020064	14.539
5.65	-0.127507	-23.0983	-41.4914	3.90007	-0.020295	14.5133
5.66	-0.132158	-23.1022	-41.4556	3.8863	-0.0205284	14.4876
5.67	-0.136794	-23.1054	-41.4193	3.87261	-0.0207639	14.4621
5.68	-0.141417	-23.108	-41.3826	3.85898	-0.0210017	14.4366
5.69	-0.146024	-23.1099	-41.3453	3.84543	-0.0212418	14.4112
5.7	-0.150615	-23.1112	-41.3076	3.83195	-0.0214841	14.386
5.71	-0.155191	-23.1118	-41.2694	3.81854	-0.0217287	14.3608
5.72	-0.159749	-23.1117	-41.2306	3.8052	-0.0219756	14.3357
5.73	-0.164291	-23.111	-41.1914	3.79193	-0.0222248	14.3106
5.74	-0.168815	-23.1097	-41.1516	3.77873	-0.0224762	14.2857
5.75	-0.173321	-23.1076	-41.1114	3.7656	-0.02273	14.2609
5.76	-0.177808	-23.1049	-41.0706	3.75253	-0.022986	14.2361
5.77	-0.182277	-23.1015	-41.0292	3.73954	-0.0232444	14.2114
5.78	-0.186726	-23.0974	-40.9874	3.72661	-0.023505	14.1869
5.79	-0.191155	-23.0926	-40.945	3.71375	-0.023768	14.1623
5.8	-0.195563	-23.0872	-40.902	3.70095	-0.0240333	14.1379
5.81	-0.199951	-23.081	-40.8585	3.68822	-0.024301	14.1136
5.82	-0.204317	-23.0741	-40.8144	3.67556	-0.0245709	14.0893
5.83	-0.208661	-23.0665	-40.7698	3.66296	-0.0248432	14.0652
5.84	-0.212983	-23.0582	-40.7246	3.65043	-0.0251178	14.0411
5.85	-0.217282	-23.0492	-40.6788	3.63796	-0.0253947	14.0171
5.86	-0.221559	-23.0394	-40.6324	3.62555	-0.025674	13.9932
5.87	-0.225811	-23.0289	-40.5855	3.61321	-0.0259556	13.9693
5.88	-0.230039	-23.0177	-40.5379	3.60093	-0.0262395	13.9456
5.89	-0.234243	-23.0057	-40.4898	3.58871	-0.0265257	13.9219
5.9	-0.238422	-22.993	-40.441	3.57656	-0.0268142	13.8983
5.91	-0.242576	-22.9795	-40.3917	3.56447	-0.0271051	13.8748
5.92	-0.246703	-22.9653	-40.3417	3.55243	-0.0273982	13.8514
5.93	-0.250805	-22.9503	-40.2911	3.54046	-0.0276937	13.828
5.94	-0.25488	-22.9345	-40.2398	3.52855	-0.0279915	13.8047
5.95	-0.258927	-22.918	-40.1879	3.5167	-0.0282916	13.7815
5.96	-0.262947	-22.9007	-40.1354	3.50491	-0.0285939	13.7584
5.97	-0.26694	-22.8826	-40.0822	3.49318	-0.0288985	13.7353
5.98	-0.270904	-22.8637	-40.0284	3.4815	-0.0292054	13.7124
5.99	-0.274839	-22.844	-39.9739	3.46989	-0.0295146	13.6895
6	-0.278746	-22.8235	-39.9187	3.45833	-0.029826	13.6667
6.01	-0.282622	-22.8023	-39.8629	3.44683	-0.0301396	13.6439
6.02	-0.286469	-22.7802	-39.8064	3.43539	-0.0304555	13.6213
6.03	-0.290286	-22.7572	-39.7491	3.42401	-0.0307735	13.5987
6.04	-0.294073	-22.7335	-39.6913	3.41268	-0.0310938	13.5762
6.05	-0.297828	-22.7089	-39.6327	3.40141	-0.0314162	13.5537
6.06	-0.301552	-22.6836	-39.5734	3.39019	-0.0317408	13.5314
6.07	-0.305244	-22.6573	-39.5133	3.37903	-0.0320675	13.5091
6.08	-0.308904	-22.6302	-39.4526	3.36792	-0.0323964	13.4868
6.09	-0.312532	-22.6023	-39.3912	3.35687	-0.0327274	13.4647
6.1	-0.316128	-22.5736	-39.329	3.34587	-0.0330604	13.4426
6.11	-0.31969	-22.5439	-39.2661	3.33493	-0.0333956	13.4206
6.12	-0.323219	-22.5134	-39.2024	3.32404	-0.0337327	13.3987
6.13	-0.326714	-22.4821	-39.138	3.31321	-0.0340719	13.3768
6.14	-0.330175	-22.4498	-39.0729	3.30242	-0.0344131	13.355
6.15	-0.333602	-22.4167	-39.007	3.29169	-0.0347562	13.3333
6.16	-0.336995	-22.3827	-38.9403	3.28101	-0.0351012	13.3117
6.17	-0.340352	-22.3478	-38.8728	3.27039	-0.0354482	13.2901
6.18	-0.343674	-22.312	-38.8046	3.25981	-0.0357971	13.2686
6.19	-0.346961	-22.2753	-38.7356	3.24929	-0.0361478	13.2472
6.2	-0.350212	-22.2377	-38.6658	3.23881	-0.0365003	13.2258
6.21	-0.353427	-22.1992	-38.5952	3.22839	-0.0368545	13.2045
6.22	-0.356606	-22.1598	-38.5239	3.21802	-0.0372106	13.1833
6.23	-0.359748	-22.1194	-38.4517	3.2077	-0.0375683	13.1621
6.24	-0.362853	-22.0782	-38.3787	3.19742	-0.0379277	13.141
6.25	-0.365922	-22.036	-38.3049	3.1872	-0.0382888	13.12
6.26	-0.368953	-21.9928	-38.2303	3.17703	-0.0386514	13.099
6.27	-0.371946	-21.9488	-38.1548	3.1669	-0.0390156	13.0781
6.28	-0.374902	-21.9038	-38.0785	3.15682	-0.0393812	13.0573
6.29	-0.37782	-21.8578	-38.0014	3.14679	-0.0397484	13.0366
6.3	-0.3807	-21.8109	-37.9234	3.13681	-0.0401169	13.0159
6.31	-0.383541	-21.763	-37.8446	3.12688	-0.0404869	12.9952
6.32	-0.386344	-21.7142	-37.765	3.11699	-0.0408581	12.9747
6.33	-0.389108	-21.6644	-37.6845	3.10715	-0.0412306	12.9542
6.34	-0.391833	-21.6136	-37.6031	3.09735	-0.0416044	12.9338
6.35	-0.394519	-21.5618	-37.5208	3.08761	-0.0419792	12.9134
6.36	-0.397166	-21.5091	-37.4377	3.0779	-0.0423552	12.8931
6.37	-0.399773	-21.4554	-37.3538	3.06825	-0.0427323	12.8728
6.38	-0.402341	-21.4007	-37.2689	3.05864	-0.0431103	12.8527
6.39	-0.404868	-21.345	-37.1832	3.04907	-0.0434893	12.8326
6.4	-0.407356	-21.2883	-37.0965	3.03955	-0.0438692	12.8125
6.41	-0.409804	-21.2307	-37.009	3.03007	-0.0442499	12.7925
6.42	-0.412212	-21.172	-36.9206	3.02064	-0.0446313	12.7726
6.43	-0.414579	-21.1123	-36.8313	3.01125	-0.0450134	12.7527
6.44	-0.416907	-21.0516	-36.7411	3.00191	-0.0453961	12.7329
6.45	-0.419193	-20.9899	-36.6499	2.99261	-0.0457794	12.7132
6.46	-0.421439	-20.9272	-36.5579	2.98335	-0.0461631	12.6935
6.47	-0.423644	-20.8635	-36.465	2.97414	-0.0465473	12.6739
6.48	-0.425809	-20.7987	-36.3711	2.96496	-0.0469318	12.6543
6.49	-0.427933	-20.733	-36.2763	2.95583	-0.0473165	12.6348
6.5	-0.430016	-20.6662	-36.1806	2.94675	-0.0477015	12.6154
6.51	-0.432057	-20.5984	-36.084	2.9377	-0.0480865	12.596
6.52	-0.434058	-20.5295	-35.9865	2.9287	-0.0484716	12.5767
6.53	-0.436018	-20.4597	-35.888	2.91973	-0.0488567	12.5574
6.54	-0.437937	-20.3888	-35.7886	2.91081	-0.0492416	12.5382
6.55	-0.439814	-20.3168	-35.6882	2.90193	-0.0496263	12.5191
6.56	-0.44165	-20.2439	-35.5869	2.89309	-0.0500107	12.5
6.57	-0.443446	-20.1699	-35.4847	2.88429	-0.0503947	12.481
6.58	-0.4452	-20.0948	-35.3816	2.87553	-0.0507782	12.462
6.59	-0.446912	-20.0187	-35.2775	2.86681	-0.0511612	12.4431
6.6	-0.448584	-19.9416	-35.1724	2.85813	-0.0515436	12.4242
6.61	-0.450214	-19.8635	-35.0665	2.84949	-0.0519252	12.4054
6.62	-0.451804	-19.7843	-34.9596	2.84088	-0.0523059	12.3867
6.63	-0.453352	-19.704	-34.8517	2.83232	-0.0526858	12.368
6.64	-0.454859	-19.6228	-34.7429	2.8238	-0.0530646	12.3494
6.65	-0.456325	-19.5404	-34.6331	2.81531	-0.0534423	12.3308
6.66	-0.45775	-19.4571	-34.5224	2.80686	-0.0538188	12.3123
6.67	-0.459134	-19.3727	-34.4108	2.79845	-0.054194	12.2939
6.68	-0.460477	-19.2873	-34.2982	2.79008	-0.0545678	12.2754
6.69	-0.461779	-19.2008	-34.1847	2.78174	-0.0549401	12.2571
6.7	-0.463041	-19.1133	-34.0703	2.77345	-0.0553107	12.2388
6.71	-0.464262	-19.0248	-33.9549	2.76519	-0.0556797	12.2206
6.72	-0.465442	-18.9352	-33.8385	2.75696	-0.0560468	12.2024
6.73	-0.466582	-18.8446	-33.7212	2.74878	-0.056412	12.1842
6.74	-0.467682	-18.753	-33.603	2.74062	-0.0567752	12.1662
6.75	-0.468741	-18.6604	-33.4839	2.73251	-0.0571362	12.1481
6.76	-0.469761	-18.5667	-33.3638	2.72443	-0.057495	12.1302
6.77	-0.47074	-18.472	-33.2428	2.71639	-0.0578514	12.1123
6.78	-0.471679	-18.3763	-33.1209	2.70838	-0.0582054	12.0944
6.79	-0.472579	-18.2796	-32.998	2.70041	-0.0585568	12.0766
6.8	-0.473439	-18.1819	-32.8743	2.69247	-0.0589056	12.0588
6.81	-0.474259	-18.0831	-32.7496	2.68457	-0.0592515	12.0411
6.82	-0.475041	-17.9834	-32.624	2.67671	-0.0595946	12.0235
6.83	-0.475783	-17.8827	-32.4975	2.66887	-0.0599347	12.0059
6.84	-0.476486	-17.781	-32.3701	2.66108	-0.0602716	11.9883
6.85	-0.477151	-17.6783	-32.2418	2.65331	-0.0606053	11.9708
6.86	-0.477777	-17.5746	-32.1126	2.64558	-0.0609356	11.9534
6.87	-0.478364	-17.4699	-31.9825	2.63789	-0.0612625	11.936
6.88	-0.478913	-17.3643	-31.8515	2.63022	-0.0615859	11.9186
6.89	-0.479425	-17.2577	-31.7197	2.62259	-0.0619055	11.9013
6.9	-0.479898	-17.1501	-31.587	2.615	-0.0622214	11.8841
6.91	-0.480334	-17.0416	-31.4534	2.60743	-0.0625334	11.8669
6.92	-0.480732	-16.9322	-31.3189	2.5999	-0.0628413	11.8497
6.93	-0.481094	-16.8218	-31.1836	2.59241	-0.0631451	11.8326
6.94	-0.481418	-16.7104	-31.0475	2.58494	-0.0634447	11.8156
6.95	-0.481706	-16.5982	-30.9105	2.57751	-0.0637399	11.7986
6.96	-0.481957	-16.485	-30.7727	2.57011	-0.0640307	11.7816
6.97	-0.482172	-16.371	-30.6341	2.56274	-0.0643169	11.7647
6.98	-0.482351	-16.256	-30.4947	2.5554	-0.0645984	11.7479
6.99	-0.482495	-16.1402	-30.3544	2.54809	-0.0648752	11.731
7	-0.482603	-16.0234	-30.2134	2.54082	-0.065147	11.7143
7.01	-0.482676	-15.9058	-30.0716	2.53357	-0.0654139	11.6976
7.02	-0.482714	-15.7874	-29.929	2.52636	-0.0656756	11.6809
7.03	-0.482717	-15.6681	-29.7856	2.51918	-0.0659321	11.6643
7.04	-0.482686	-15.5479	-29.6415	2.51203	-0.0661833	11.6477
7.05	-0.48262	-15.4269	-29.4966	2.5049	-0.0664291	11.6312
7.06	-0.482521	-15.3051	-29.351	2.49781	-0.0666694	11.6147
7.07	-0.482389	-15.1825	-29.2047	2.49075	-0.066904	11.5983
7.08	-0.482223	-15.0591	-29.0576	2.48372	-0.067133	11.5819
7.09	-0.482025	-14.9349	-28.9098	2.47672	-0.0673561	11.5656
7.1	-0.481793	-14.8099	-28.7614	2.46975	-0.0675733	11.5493
7.11	-0.48153	-14.6842	-28.6123	2.46281	-0.0677845	11.5331
7.12	-0.481234	-14.5577	-28.4625	2.45589	-0.0679896	11.5169
7.13	-0.480907	-14.4305	-28.312	2.44901	-0.0681885	11.5007
7.14	-0.480548	-14.3025	-28.1609	2.44215	-0.0683811	11.4846
7.15	-0.480159	-14.1739	-28.0092	2.43533	-0.0685674	11.4685
7.16	-0.479739	-14.0445	-27.8568	2.42853	-0.0687472	11.4525
7.17	-0.479288	-13.9145	-27.7038	2.42176	-0.0689205	11.4365
7.18	-0.478807	-13.7838	-27.5503	2.41502	-0.0690872	11.4206
7.19	-0.478296	-13.6524	-27.3962	2.40831	-0.0692472	11.4047
7.2	-0.477756	-13.5204	-27.2415	2.40162	-0.0694005	11.3889
7.21	-0.477187	-13.3877	-27.0862	2.39496	-0.0695469	11.3731
7.22	-0.47659	-13.2545	-26.9305	2.38833	-0.0696864	11.3573
7.23	-0.475963	-13.1206	-26.7742	2.38173	-0.0698189	11.3416
7.24	-0.475309	-12.9862	-26.6174	2.37516	-0.0699444	11.326
7.25	-0.474627	-12.8512	-26.4601	2.36861	-0.0700628	11.3103
7.26	-0.473918	-12.7156	-26.3023	2.36209	-0.070174	11.2948
7.27	-0.473182	-12.5795	-26.1441	2.35559	-0.070278	11.2792
7.28	-0.472419	-12.4429	-25.9854	2.34913	-0.0703747	11.2637
7.29	-0.47163	-12.3058	-25.8263	2.34269	-0.0704641	11.2483
7.3	-0.470815	-12.1682	-25.6668	2.33627	-0.0705461	11.2329
7.31	-0.469974	-12.0301	-25.5069	2.32989	-0.0706207	11.2175
7.32	-0.469108	-11.8915	-25.3466	2.32352	-0.0706879	11.2022
7.33	-0.468218	-11.7526	-25.1859	2.31719	-0.0707475	11.1869
7.34	-0.467303	-11.6132	-25.0249	2.31088	-0.0707996	11.1717
7.35	-0.466363	-11.4734	-24.8636	2.3046	-0.0708441	11.1565
7.36	-0.4654	-11.3332	-24.7019	2.29834	-0.070881	11.1413
7.37	-0.464414	-11.1926	-24.54	2.2921	-0.0709103	11.1262
7.38	-0.463404	-11.0517	-24.3778	2.2859	-0.0709319	11.1111
7.39	-0.462372	-10.9105	-24.2153	2.27971	-0.0709459	11.0961
7.4	-0.461317	-10.7689	-24.0526	2.27356	-0.0709522	11.0811
7.41	-0.460241	-10.627	-23.8896	2.26743	-0.0709507	11.0661
7.42	-0.459143	-10.4849	-23.7265	2.26132	-0.0709416	11.0512
7.43	-0.458023	-10.3425	-23.5631	2.25523	-0.0709247	11.0363
7.44	-0.456883	-10.1998	-23.3996	2.24918	-0.0709001	11.0215
7.45	-0.455723	-10.057	-23.236	2.24314	-0.0708678	11.0067
7.46	-0.454542	-9.91389	-23.0721	2.23713	-0.0708277	10.992
7.47	-0.453341	-9.77062	-22.9082	2.23115	-0.0707799	10.9772
7.48	-0.452121	-9.62717	-22.7442	2.22519	-0.0707245	10.9626
7.49	-0.450882	-9.48358	-22.5801	2.21925	-0.0706613	10.9479
7.5	-0.449625	-9.33985	-22.4159	2.21333	-0.0705905	10.9333
7.51	-0.448349	-9.19601	-22.2517	2.20744	-0.070512	10.9188
7.52	-0.447055	-9.05206	-22.0875	2.20158	-0.0704258	10.9043
7.53	-0.445744	-8.90805	-21.9232	2.19573	-0.0703321	10.8898
7.54	-0.444415	-8.76397	-21.759	2.18991	-0.0702308	10.8753
7.55	-0.44307	-8.61985	-21.5948	2.18411	-0.070122	10.8609
7.56	-0.441708	-8.4757	-21.4306	2.17834	-0.0700056	10.8466
7.57	-0.44033	-8.33156	-21.2665	2.17259	-0.0698818	10.8322
7.58	-0.438936	-8.18743	-21.1025	2.16686	-0.0697506	10.8179
7.59	-0.437527	-8.04333	-20.9386	2.16115	-0.069612	10.8037
7.6	-0.436102	-7.89928	-20.7748	2.15547	-0.069466	10.7895
7.61	-0.434663	-7.75531	-20.6111	2.14981	-0.0693128	10.7753
7.62	-0.43321	-7.61142	-20.4476	2.14417	-0.0691524	10.7612
7.63	-0.431742	-7.46764	-20.2843	2.13855	-0.0689849	10.7471
7.64	-0.430261	-7.32398	-20.1211	2.13296	-0.0688102	10.733
7.65	-0.428767	-7.18047	-19.9582	2.12739	-0.0686285	10.719
7.66	-0.427259	-7.03712	-19.7955	2.12184	-0.0684398	10.705
7.67	-0.425739	-6.89394	-19.633	2.11631	-0.0682443	10.691
7.68	-0.424207	-6.75097	-19.4708	2.1108	-0.068042	10.6771
7.69	-0.422663	-6.60821	-19.3089	2.10531	-0.0678329	10.6632
7.7	-0.421107	-6.46568	-19.1473	2.09985	-0.0676171	10.6494
7.71	-0.419539	-6.3234	-18.9859	2.0944	-0.0673948	10.6355
7.72	-0.417961	-6.18138	-18.825	2.08898	-0.0671659	10.6218
7.73	-0.416372	-6.03966	-18.6643	2.08358	-0.0669307	10.608
7.74	-0.414773	-5.89823	-18.5041	2.0782	-0.0666891	10.5943
7.75	-0.413164	-5.75712	-18.3442	2.07284	-0.0664413	10.5806
7.76	-0.411545	-5.61634	-18.1847	2.0675	-0.0661874	10.567
7.77	-0.409917	-5.47592	-18.0256	2.06218	-0.0659274	10.5534
7.78	-0.408279	-5.33587	-17.8669	2.05689	-0.0656615	10.5398
7.79	-0.406633	-5.1962	-17.7087	2.05161	-0.0653897	10.5263
7.8	-0.404979	-5.05692	-17.551	2.04635	-0.0651122	10.5128
7.81	-0.403316	-4.91807	-17.3937	2.04111	-0.0648291	10.4994
7.82	-0.401646	-4.77965	-17.2369	2.0359	-0.0645404	10.4859
7.83	-0.399968	-4.64167	-17.0807	2.0307	-0.0642463	10.4725
7.84	-0.398283	-4.50415	-16.9249	2.02552	-0.0639468	10.4592
7.85	-0.396591	-4.36712	-16.7697	2.02037	-0.0636422	10.4459
7.86	-0.394892	-4.23057	-16.615	2.01523	-0.0633324	10.4326
7.87	-0.393187	-4.09453	-16.4609	2.01011	-0.0630177	10.4193
7.88	-0.391476	-3.95901	-16.3074	2.00501	-0.0626981	10.4061
7.89	-0.389759	-3.82403	-16.1545	1.99993	-0.0623737	10.3929
7.9	-0.388037	-3.68959	-16.0022	1.99487	-0.0620447	10.3797
7.91	-0.386309	-3.55572	-15.8505	1.98983	-0.0617112	10.3666
7.92	-0.384577	-3.42242	-15.6994	1.98481	-0.0613732	10.3535
7.93	-0.38284	-3.28971	-15.549	1.97981	-0.061031	10.3405
7.94	-0.381098	-3.15761	-15.3992	1.97482	-0.0606846	10.3275
7.95	-0.379352	-3.02611	-15.2501	1.96986	-0.0603341	10.3145
7.96	-0.377603	-2.89525	-15.1017	1.96491	-0.0599797	10.3015
7.97	-0.375849	-2.76502	-14.954	1.95998	-0.0596215	10.2886
7.98	-0.374093	-2.63544	-14.807	1.95508	-0.0592596	10.2757
7.99	-0.372333	-2.50653	-14.6606	1.95018	-0.0588941	10.2628
8	-0.37057	-2.37829	-14.5151	1.94531	-0.0585252	10.25
8.01	-0.368805	-2.25073	-14.3702	1.94046	-0.058153	10.2372
8.02	-0.367037	-2.12387	-14.2262	1.93562	-0.0577775	10.2244
8.03	-0.365267	-1.99771	-14.0828	1.9308	-0.057399	10.2117
8.04	-0.363495	-1.87227	-13.9403	1.926	-0.0570175	10.199
8.05	-0.361721	-1.74756	-13.7985	1.92122	-0.0566332	10.1863
8.06	-0.359946	-1.62358	-13.6575	1.91646	-0.0562462	10.1737
8.07	-0.35817	-1.50034	-13.5173	1.91171	-0.0558565	10.1611
8.08	-0.356393	-1.37786	-13.3779	1.90698	-0.0554644	10.1485
8.09	-0.354614	-1.25614	-13.2393	1.90227	-0.05507	10.136
8.1	-0.352836	-1.1352	-13.1016	1.89758	-0.0546733	10.1235
8.11	-0.351056	-1.01503	-12.9646	1.8929	-0.0542745	10.111
8.12	-0.349277	-0.895647	-12.8285	1.88824	-0.0538737	10.0985
8.13	-0.347498	-0.777061	-12.6933	1.8836	-0.053471	10.0861
8.14	-0.345718	-0.659278	-12.5589	1.87897	-0.0530665	10.0737
8.15	-0.343939	-0.542304	-12.4254	1.87436	-0.0526605	10.0613
8.16	-0.342161	-0.426146	-12.2927	1.86977	-0.0522528	10.049
8.17	-0.340384	-0.310811	-12.1609	1.8652	-0.0518438	10.0367
8.18	-0.338607	-0.196305	-12.03	1.86064	-0.0514335	10.0244
8.19	-0.336832	-0.0826346	-11.8999	1.8561	-0.0510219	10.0122
8.2	-0.335058	0.030195	-11.7708	1.85158	-0.0506093	10
8.21	-0.333285	0.142178	-11.6425	1.84707	-0.0501957	9.98782
8.22	-0.331514	0.25331	-11.5152	1.84258	-0.0497813	9.97567
8.23	-0.329745	0.363585	-11.3887	1.8381	-0.0493661	9.96355
8.24	-0.327978	0.472999	-11.2632	1.83364	-0.0489503	9.95146
8.25	-0.326213	0.581548	-11.1385	1.8292	-0.0485339	9.93939
8.26	-0.324451	0.689226	-11.0148	1.82477	-0.0481171	9.92736
8.27	-0.322691	0.796032	-10.892	1.82036	-0.0476999	9.91536
8.28	-0.320933	0.90196	-10.7701	1.81597	-0.0472825	9.90338
8.29	-0.319179	1.00701	-10.6492	1.81159	-0.046865	9.89144
8.3	-0.317427	1.11117	-10.5291	1.80723	-0.0464474	9.87952
8.31	-0.315678	1.21445	-10.41	1.80288	-0.0460299	9.86763
8.32	-0.313933	1.31684	-10.2919	1.79855	-0.0456125	9.85577
8.33	-0.312191	1.41834	-10.1746	1.79424	-0.0451954	9.84394
8.34	-0.310452	1.51894	-10.0584	1.78993	-0.0447786	9.83213
8.35	-0.308717	1.61865	-9.943	1.78565	-0.0443622	9.82036
8.36	-0.306986	1.71746	-9.82859	1.78138	-0.0439463	9.80861
8.37	-0.305259	1.81537	-9.71512	1.77713	-0.0435311	9.79689
8.38	-0.303535	1.91239	-9.60259	1.77289	-0.0431165	9.7852
8.39	-0.301816	2.0085	-9.491	1.76866	-0.0427027	9.77354
8.4	-0.300101	2.10371	-9.38036	1.76446	-0.0422897	9.7619
8.41	-0.29839	2.19802	-9.27066	1.76026	-0.0418776	9.7503
8.42	-0.296684	2.29143	-9.16191	1.75608	-0.0414666	9.73872
8.43	-0.294982	2.38393	-9.05409	1.75192	-0.0410566	9.72716
8.44	-0.293285	2.47554	-8.94723	1.74777	-0.0406478	9.71564
8.45	-0.291593	2.56624	-8.8413	1.74364	-0.0402402	9.70414
8.46	-0.289905	2.65604	-8.73631	1.73952	-0.0398339	9.69267
8.47	-0.288223	2.74494	-8.63227	1.73541	-0.039429	9.68123
8.48	-0.286546	2.83294	-8.52917	1.73132	-0.0390255	9.66981
8.49	-0.284873	2.92004	-8.427	1.72725	-0.0386234	9.65842
8.5	-0.283206	3.00625	-8.32577	1.72318	-0.038223	9.64706
8.51	-0.281545	3.09156	-8.22548	1.71914	-0.0378241	9.63572
8.52	-0.279888	3.17597	-8.12611	1.7151	-0.037427	9.62441
8.53	-0.278238	3.2595	-8.02768	1.71108	-0.0370316	9.61313
8.54	-0.276592	3.34213	-7.93018	1.70708	-0.0366379	9.60187
8.55	-0.274953	3.42388	-7.83361	1.70309	-0.0362462	9.59064
8.56	-0.273319	3.50474	-7.73796	1.69911	-0.0358563	9.57944
8.57	-0.271691	3.58472	-7.64323	1.69515	-0.0354684	9.56826
8.58	-0.270069	3.66381	-7.54941	1.6912	-0.0350825	9.55711
8.59	-0.268453	3.74203	-7.45652	1.68726	-0.0346986	9.54598
8.6	-0.266842	3.81937	-7.36453	1.68334	-0.0343168	9.53488
8.61	-0.265238	3.89585	-7.27346	1.67943	-0.0339372	9.52381
8.62	-0.26364	3.97145	-7.18329	1.67554	-0.0335597	9.51276
8.63	-0.262048	4.04619	-7.09402	1.67166	-0.0331845	9.50174
8.64	-0.260463	4.12007	-7.00565	1.66779	-0.0328115	9.49074
8.65	-0.258884	4.19309	-6.91818	1.66394	-0.0324409	9.47977
8.66	-0.257311	4.26525	-6.8316	1.6601	-0.0320725	9.46882
8.67	-0.255744	4.33656	-6.7459	1.65627	-0.0317066	9.4579
8.68	-0.254184	4.40703	-6.66108	1.65246	-0.031343	9.447
8.69	-0.25263	4.47666	-6.57715	1.64866	-0.0309819	9.43613
8.7	-0.251083	4.54545	-6.49409	1.64487	-0.0306233	9.42529
8.71	-0.249543	4.6134	-6.41189	1.64109	-0.0302671	9.41447
8.72	-0.248009	4.68052	-6.33056	1.63733	-0.0299135	9.40367
8.73	-0.246482	4.74682	-6.2501	1.63358	-0.0295624	9.3929
8.74	-0.244961	4.8123	-6.17048	1.62985	-0.0292139	9.38215
8.75	-0.243447	4.87696	-6.09172	1.62612	-0.028868	9.37143
8.76	-0.24194	4.94081	-6.0138	1.62241	-0.0285247	9.36073
8.77	-0.24044	5.00386	-5.93673	1.61871	-0.028184	9.35006
8.78	-0.238947	5.0661	-5.86049	1.61503	-0.0278461	9.33941
8.79	-0.237461	5.12755	-5.78508	1.61136	-0.0275107	9.32878
8.8	-0.235981	5.18821	-5.71049	1.6077	-0.0271781	9.31818
8.81	-0.234508	5.24808	-5.63673	1.60405	-0.0268482	9.3076
8.82	-0.233043	5.30717	-5.56377	1.60041	-0.026521	9.29705
8.83	-0.231584	5.36548	-5.49163	1.59679	-0.0261965	9.28652
8.84	-0.230132	5.42303	-5.42029	1.59318	-0.0258748	9.27602
8.85	-0.228687	5.47981	-5.34975	1.58958	-0.0255558	9.26554
8.86	-0.22725	5.53583	-5.28001	1.586	-0.0252396	9.25508
8.87	-0.225819	5.59109	-5.21105	1.58242	-0.0249261	9.24464
8.88	-0.224395	5.64561	-5.14287	1.57886	-0.0246155	9.23423
8.89	-0.222979	5.69939	-5.07546	1.57531	-0.0243076	9.22385
8.9	-0.221569	5.75243	-5.00883	1.57177	-0.0240025	9.21348
8.91	-0.220167	5.80473	-4.94295	1.56825	-0.0237002	9.20314
8.92	-0.218772	5.85631	-4.87784	1.56473	-0.0234007	9.19283
8.93	-0.217384	5.90717	-4.81348	1.56123	-0.023104	9.18253
8.94	-0.216003	5.95732	-4.74987	1.55774	-0.0228101	9.17226
8.95	-0.214629	6.00676	-4.68699	1.55426	-0.0225191	9.16201
8.96	-0.213262	6.0555	-4.62485	1.55079	-0.0222308	9.15179
8.97	-0.211903	6.10353	-4.56344	1.54734	-0.0219453	9.14158
8.98	-0.21055	6.15088	-4.50275	1.54389	-0.0216626	9.1314
8.99	-0.209205	6.19755	-4.44278	1.54046	-0.0213827	9.12125
9	-0.207867	6.24353	-4.38351	1.53704	-0.0211056	9.11111
9.01	-0.206536	6.28884	-4.32495	1.53363	-0.0208312	9.101
9.02	-0.205212	6.33349	-4.26709	1.53023	-0.0205597	9.09091
9.03	-0.203895	6.37747	-4.20992	1.52684	-0.0202909	9.08084
9.04	-0.202586	6.4208	-4.15344	1.52347	-0.0200249	9.0708
9.05	-0.201284	6.46348	-4.09764	1.5201	-0.0197616	9.06077
9.06	-0.199988	6.50551	-4.04251	1.51675	-0.0195011	9.05077
9.07	-0.1987	6.54691	-3.98804	1.5134	-0.0192434	9.04079
9.08	-0.197419	6.58768	-3.93424	1.51007	-0.0189884	9.03084
9.09	-0.196145	6.62782	-3.8811	1.50675	-0.0187361	9.0209
9.1	-0.194879	6.66734	-3.8286	1.50344	-0.0184865	9.01099
9.11	-0.193619	6.70625	-3.77675	1.50014	-0.0182396	9.0011
9.12	-0.192367	6.74455	-3.72553	1.49685	-0.0179954	8.99123
9.13	-0.191121	6.78225	-3.67495	1.49358	-0.0177539	8.98138
9.14	-0.189883	6.81936	-3.62499	1.49031	-0.017515	8.97155
9.15	-0.188651	6.85588	-3.57565	1.48706	-0.0172788	8.96175
9.16	-0.187427	6.89181	-3.52692	1.48381	-0.0170452	8.95197
9.17	-0.18621	6.92716	-3.4788	1.48058	-0.0168143	8.9422
9.18	-0.185	6.96195	-3.43128	1.47735	-0.016586	8.93246
9.19	-0.183797	6.99616	-3.38436	1.47414	-0.0163603	8.92274
9.2	-0.1826	7.02982	-3.33802	1.47094	-0.0161371	8.91304
9.21	-0.181411	7.06292	-3.29227	1.46774	-0.0159165	8.90337
9.22	-0.180229	7.09548	-3.24709	1.46456	-0.0156985	8.89371
9.23	-0.179054	7.12749	-3.20249	1.46139	-0.015483	8.88407
9.24	-0.177885	7.15897	-3.15845	1.45823	-0.01527	8.87446
9.25	-0.176724	7.18991	-3.11497	1.45508	-0.0150595	8.86486
9.26	-0.175569	7.22033	-3.07204	1.45194	-0.0148515	8.85529
9.27	-0.174421	7.25023	-3.02966	1.4488	-0.014646	8.84574
9.28	-0.17328	7.27962	-2.98783	1.44568	-0.0144429	8.83621
9.29	-0.172146	7.3085	-2.94653	1.44257	-0.0142422	8.8267
9.3	-0.171019	7.33688	-2.90576	1.43947	-0.014044	8.8172
9.31	-0.169899	7.36476	-2.86551	1.43638	-0.0138482	8.80773
9.32	-0.168785	7.39214	-2.82579	1.4333	-0.0136547	8.79828
9.33	-0.167678	7.41905	-2.78657	1.43023	-0.0134636	8.78885
9.34	-0.166578	7.44547	-2.74787	1.42717	-0.0132748	8.77944
9.35	-0.165484	7.47142	-2.70967	1.42412	-0.0130884	8.77005
9.36	-0.164397	7.4969	-2.67196	1.42108	-0.0129042	8.76068
9.37	-0.163317	7.52191	-2.63475	1.41805	-0.0127223	8.75133
9.38	-0.162243	7.54647	-2.59802	1.41502	-0.0125427	8.742
9.39	-0.161176	7.57057	-2.56177	1.41201	-0.0123654	8.73269
9.4	-0.160116	7.59423	-2.52599	1.40901	-0.0121902	8.7234
9.41	-0.159062	7.61744	-2.49069	1.40602	-0.0120173	8.71413
9.42	-0.158015	7.64022	-2.45585	1.40303	-0.0118466	8.70488
9.43	-0.156974	7.66256	-2.42147	1.40006	-0.011678	8.69565
9.44	-0.155939	7.68448	-2.38754	1.39709	-0.0115115	8.68644
9.45	-0.154912	7.70598	-2.35406	1.39414	-0.0113472	8.67725
9.46	-0.15389	7.72705	-2.32103	1.39119	-0.011185	8.66808
9.47	-0.152875	7.74772	-2.28843	1.38826	-0.0110249	8.65892
9.48	-0.151866	7.76798	-2.25627	1.38533	-0.0108669	8.64979
9.49	-0.150864	7.78784	-2.22453	1.38241	-0.0107108	8.64067
9.5	-0.149868	7.80731	-2.19322	1.3795	-0.0105569	8.63158
9.51	-0.148878	7.82638	-2.16232	1.3766	-0.0104049	8.6225
9.52	-0.147894	7.84506	-2.13184	1.37371	-0.0102549	8.61345
9.53	-0.146917	7.86337	-2.10176	1.37083	-0.0101069	8.60441
9.54	-0.145946	7.88129	-2.07209	1.36796	-0.00996079	8.59539
9.55	-0.144981	7.89884	-2.04282	1.36509	-0.00981664	8.58639
9.56	-0.144022	7.91603	-2.01394	1.36224	-0.00967439	8.57741
9.57	-0.14307	7.93285	-1.98545	1.35939	-0.00953403	8.56844
9.58	-0.142123	7.94931	-1.95735	1.35656	-0.00939553	8.5595
9.59	-0.141182	7.96542	-1.92962	1.35373	-0.00925888	8.55057
9.6	-0.140248	7.98118	-1.90227	1.35091	-0.00912406	8.54167
9.61	-0.13932	7.9966	-1.87529	1.3481	-0.00899105	8.53278
9.62	-0.138397	8.01168	-1.84867	1.3453	-0.00885982	8.52391
9.63	-0.13748	8.02641	-1.82242	1.34251	-0.00873036	8.51506
9.64	-0.13657	8.04082	-1.79652	1.33972	-0.00860265	8.50622
9.65	-0.135665	8.0549	-1.77098	1.33695	-0.00847667	8.49741
9.66	-0.134766	8.06866	-1.74578	1.33418	-0.0083524	8.48861
9.67	-0.133873	8.0821	-1.72093	1.33142	-0.00822983	8.47983
9.68	-0.132986	8.09522	-1.69642	1.32867	-0.00810892	8.47107
9.69	-0.132104	8.10803	-1.67224	1.32593	-0.00798967	8.46233
9.7	-0.131228	8.12054	-1.6484	1.3232	-0.00787205	8.45361
9.71	-0.130358	8.13274	-1.62488	1.32048	-0.00775604	8.4449
9.72	-0.129494	8.14465	-1.60168	1.31776	-0.00764163	8.43621
9.73	-0.128635	8.15626	-1.57881	1.31505	-0.0075288	8.42754
9.74	-0.127782	8.16759	-1.55624	1.31236	-0.00741753	8.41889
9.75	-0.126934	8.17862	-1.53399	1.30966	-0.0073078	8.41026
9.76	-0.126092	8.18938	-1.51205	1.30698	-0.0071996	8.40164
9.77	-0.125255	8.19985	-1.4904	1.30431	-0.00709289	8.39304
9.78	-0.124424	8.21005	-1.46906	1.30164	-0.00698768	8.38446
9.79	-0.123599	8.21998	-1.44801	1.29898	-0.00688393	8.37589
9.8	-0.122779	8.22964	-1.42726	1.29633	-0.00678164	8.36735
9.81	-0.121964	8.23904	-1.40679	1.29369	-0.00668078	8.35882
9.82	-0.121155	8.24818	-1.38661	1.29106	-0.00658133	8.35031
9.83	-0.120351	8.25706	-1.3667	1.28843	-0.00648329	8.34181
9.84	-0.119552	8.26569	-1.34707	1.28582	-0.00638662	8.33333
9.85	-0.118758	8.27407	-1.32772	1.28321	-0.00629132	8.32487
9.86	-0.11797	8.2822	-1.30863	1.28061	-0.00619737	8.31643
9.87	-0.117187	8.2901	-1.28982	1.27801	-0.00610475	8.308
9.88	-0.116409	8.29775	-1.27126	1.27543	-0.00601344	8.2996
9.89	-0.115637	8.30517	-1.25296	1.27285	-0.00592343	8.2912
9.9	-0.114869	8.31235	-1.23492	1.27028	-0.00583471	8.28283
9.91	-0.114107	8.31931	-1.21713	1.26772	-0.00574724	8.27447
9.92	-0.113349	8.32604	-1.19959	1.26516	-0.00566103	8.26613
9.93	-0.112597	8.33254	-1.1823	1.26261	-0.00557605	8.2578
9.94	-0.11185	8.33883	-1.16525	1.26008	-0.00549229	8.2495
9.95	-0.111108	8.34491	-1.14843	1.25754	-0.00540972	8.24121
9.96	-0.11037	8.35076	-1.13186	1.25502	-0.00532835	8.23293
9.97	-0.109638	8.35641	-1.11552	1.2525	-0.00524814	8.22467
9.98	-0.10891	8.36186	-1.0994	1.24999	-0.0051691	8.21643
9.99	-0.108187	8.36709	-1.08352	1.24749	-0.00509119	8.20821
10	-0.10747	8.37213	-1.06785	1.245	-0.0050144	8.2
10.01	-0.106756	8.37697	-1.05241	1.24251	-0.00493873	8.19181
10.02	-0.106048	8.38161	-1.03719	1.24003	-0.00486416	8.18363
10.03	-0.105345	8.38607	-1.02218	1.23756	-0.00479066	8.17547
10.04	-0.104646	8.39033	-1.00738	1.2351	-0.00471823	8.16733
10.05	-0.103952	8.3944	-0.992796	1.23264	-0.00464686	8.1592
10.06	-0.103262	8.3983	-0.978415	1.23019	-0.00457653	8.15109
10.07	-0.102577	8.40201	-0.964238	1.22775	-0.00450722	8.143
10.08	-0.101897	8.40554	-0.950261	1.22532	-0.00443892	8.13492
10.09	-0.101221	8.40889	-0.936483	1.22289	-0.00437162	8.12686
10.1	-0.10055	8.41207	-0.922901	1.22047	-0.00430531	8.11881
10.11	-0.0998833	8.41509	-0.909511	1.21806	-0.00423997	8.11078
10.12	-0.0992211	8.41793	-0.896311	1.21565	-0.00417558	8.10277
10.13	-0.0985634	8.42061	-0.883299	1.21325	-0.00411214	8.09477
10.14	-0.0979101	8.42312	-0.870472	1.21086	-0.00404963	8.08679
10.15	-0.0972612	8.42548	-0.857828	1.20847	-0.00398805	8.07882
10.16	-0.0966166	8.42767	-0.845364	1.2061	-0.00392736	8.07087
10.17	-0.0959764	8.42971	-0.833077	1.20373	-0.00386758	8.06293
10.18	-0.0953405	8.4316	-0.820965	1.20136	-0.00380867	8.05501
10.19	-0.0947089	8.43333	-0.809027	1.199	-0.00375064	8.04711
10.2	-0.0940816	8.43492	-0.797258	1.19666	-0.00369346	8.03922
10.21	-0.0934585	8.43636	-0.785658	1.19431	-0.00363714	8.03134
10.22	-0.0928396	8.43765	-0.774224	1.19198	-0.00358164	8.02348
10.23	-0.0922249	8.43881	-0.762953	1.18965	-0.00352697	8.01564
10.24	-0.0916143	8.43982	-0.751843	1.18732	-0.00347311	8.00781
10.25	-0.0910078	8.4407	-0.740892	1.18501	-0.00342005	8
10.26	-0.0904054	8.44144	-0.730098	1.1827	-0.00336778	7.9922
10.27	-0.0898072	8.44204	-0.719459	1.1804	-0.00331628	7.98442
10.28	-0.0892129	8.44252	-0.708972	1.1781	-0.00326556	7.97665
10.29	-0.0886227	8.44286	-0.698636	1.17581	-0.00321559	7.9689
10.3	-0.0880364	8.44308	-0.688448	1.17353	-0.00316636	7.96117
10.31	-0.0874541	8.44318	-0.678406	1.17126	-0.00311787	7.95344
10.32	-0.0868758	8.44315	-0.668508	1.16899	-0.00307011	7.94574
10.33	-0.0863013	8.44299	-0.658753	1.16673	-0.00302306	7.93804
10.34	-0.0857308	8.44272	-0.649138	1.16447	-0.00297671	7.93037
10.35	-0.0851641	8.44233	-0.639661	1.16222	-0.00293106	7.92271
10.36	-0.0846012	8.44183	-0.63032	1.15998	-0.00288609	7.91506
10.37	-0.0840422	8.44121	-0.621114	1.15774	-0.0028418	7.90743
10.38	-0.0834869	8.44048	-0.61204	1.15551	-0.00279817	7.89981
10.39	-0.0829354	8.43964	-0.603098	1.15329	-0.0027552	7.8922
10.4	-0.0823876	8.43869	-0.594284	1.15107	-0.00271288	7.88462
10.41	-0.0818435	8.43764	-0.585597	1.14886	-0.00267119	7.87704
10.42	-0.0813031	8.43647	-0.577035	1.14666	-0.00263013	7.86948
10.43	-0.0807664	8.43521	-0.568597	1.14446	-0.00258968	7.86194
10.44	-0.0802333	8.43384	-0.560281	1.14227	-0.00254985	7.85441
10.45	-0.0797038	8.43238	-0.552084	1.14008	-0.00251062	7.84689
10.46	-0.0791778	8.43081	-0.544007	1.1379	-0.00247198	7.83939
10.47	-0.0786555	8.42915	-0.536046	1.13573	-0.00243392	7.8319
10.48	-0.0781367	8.4274	-0.5282	1.13357	-0.00239644	7.82443
10.49	-0.0776213	8.42555	-0.520467	1.13141	-0.00235953	7.81697
10.5	-0.0771095	8.42361	-0.512846	1.12925	-0.00232317	7.80952
10.51	-0.0766012	8.42157	-0.505336	1.1271	-0.00228737	7.80209
10.52	-0.0760962	8.41945	-0.497934	1.12496	-0.00225211	7.79468
10.53	-0.0755947	8.41724	-0.49064	1.12283	-0.00221738	7.78727
10.54	-0.0750966	8.41495	-0.483451	1.1207	-0.00218318	7.77989
10.55	-0.0746019	8.41257	-0.476367	1.11857	-0.00214949	7.77251
10.56	-0.0741105	8.41011	-0.469385	1.11646	-0.00211632	7.76515
10.57	-0.0736224	8.40756	-0.462504	1.11434	-0.00208366	7.75781
10.58	-0.0731376	8.40494	-0.455723	1.11224	-0.00205149	7.75047
10.59	-0.0726562	8.40223	-0.449041	1.11014	-0.00201981	7.74315
10.6	-0.0721779	8.39945	-0.442455	1.10805	-0.00198861	7.73585
10.61	-0.0717029	8.39659	-0.435965	1.10596	-0.00195788	7.72856
10.62	-0.0712311	8.39366	-0.42957	1.10388	-0.00192763	7.72128
10.63	-0.0707625	8.39065	-0.423267	1.1018	-0.00189783	7.71402
10.64	-0.0702971	8.38757	-0.417056	1.09973	-0.00186849	7.70677
10.65	-0.0698348	8.38442	-0.410935	1.09767	-0.0018396	7.69953
10.66	-0.0693756	8.3812	-0.404903	1.09561	-0.00181115	7.69231
10.67	-0.0689196	8.37791	-0.398959	1.09355	-0.00178313	7.6851
10.68	-0.0684666	8.37455	-0.393102	1.09151	-0.00175554	7.6779
10.69	-0.0680167	8.37113	-0.387329	1.08947	-0.00172837	7.67072
10.7	-0.0675698	8.36764	-0.381641	1.08743	-0.00170162	7.66355
10.71	-0.0671259	8.36409	-0.376035	1.0854	-0.00167528	7.6564
10.72	-0.066685	8.36047	-0.370511	1.08338	-0.00164933	7.64925
10.73	-0.0662472	8.35679	-0.365068	1.08136	-0.00162379	7.64212
10.74	-0.0658122	8.35305	-0.359704	1.07935	-0.00159864	7.63501
10.75	-0.0653802	8.34925	-0.354418	1.07734	-0.00157387	7.62791
10.76	-0.0649511	8.3454	-0.349209	1.07534	-0.00154948	7.62082
10.77	-0.0645249	8.34148	-0.344076	1.07334	-0.00152547	7.61374
10.78	-0.0641016	8.33751	-0.339018	1.07135	-0.00150182	7.60668
10.79	-0.0636811	8.33348	-0.334034	1.06937	-0.00147854	7.59963
10.8	-0.0632634	8.3294	-0.329122	1.06739	-0.00145562	7.59259
10.81	-0.0628486	8.32527	-0.324282	1.06541	-0.00143304	7.58557
10.82	-0.0624366	8.32108	-0.319513	1.06344	-0.00141082	7.57856
10.83	-0.0620273	8.31684	-0.314814	1.06148	-0.00138893	7.57156
10.84	-0.0616208	8.31255	-0.310183	1.05952	-0.00136738	7.56458
10.85	-0.061217	8.30821	-0.305619	1.05757	-0.00134616	7.5576
10.86	-0.060816	8.30382	-0.301123	1.05563	-0.00132527	7.55064
10.87	-0.0604176	8.29939	-0.296692	1.05368	-0.0013047	7.5437
10.88	-0.0600219	8.2949	-0.292326	1.05175	-0.00128445	7.53676
10.89	-0.0596289	8.29037	-0.288023	1.04982	-0.00126451	7.52984
10.9	-0.0592385	8.2858	-0.283784	1.04789	-0.00124487	7.52294
10.91	-0.0588507	8.28118	-0.279606	1.04597	-0.00122554	7.51604
10.92	-0.0584656	8.27652	-0.27549	1.04406	-0.00120651	7.50916
10.93	-0.058083	8.27181	-0.271434	1.04215	-0.00118777	7.50229
10.94	-0.057703	8.26707	-0.267437	1.04024	-0.00116931	7.49543
10.95	-0.0573255	8.26228	-0.263499	1.03834	-0.00115115	7.48858
10.96	-0.0569506	8.25745	-0.259618	1.03645	-0.00113326	7.48175
10.97	-0.0565782	8.25258	-0.255795	1.03456	-0.00111565	7.47493
10.98	-0.0562082	8.24768	-0.252027	1.03268	-0.00109831	7.46812
10.99	-0.0558408	8.24273	-0.248314	1.0308	-0.00108123	7.46133
11	-0.0554758	8.23775	-0.244656	1.02893	-0.00106443	7.45455
11.01	-0.0551132	8.23273	-0.241051	1.02706	-0.00104788	7.44777
11.02	-0.0547531	8.22768	-0.2375	1.02519	-0.00103158	7.44102
11.03	-0.0543954	8.22259	-0.234	1.02334	-0.00101554	7.43427
11.04	-0.0540401	8.21747	-0.230551	1.02148	-0.000999749	7.42754
11.05	-0.0536871	8.21231	-0.227154	1.01964	-0.0009842	7.42081
11.06	-0.0533365	8.20712	-0.223805	1.01779	-0.000968891	7.4141
11.07	-0.0529883	8.2019	-0.220506	1.01595	-0.000953818	7.40741
11.08	-0.0526424	8.19665	-0.217256	1.01412	-0.000938979	7.40072
11.09	-0.0522987	8.19136	-0.214053	1.01229	-0.00092437	7.39405
11.1	-0.0519574	8.18605	-0.210897	1.01047	-0.000909986	7.38739
11.11	-0.0516183	8.18071	-0.207788	1.00865	-0.000895825	7.38074
11.12	-0.0512815	8.17533	-0.204724	1.00684	-0.000881884	7.3741
11.13	-0.050947	8.16993	-0.201705	1.00503	-0.000868158	7.36748
11.14	-0.0506146	8.1645	-0.19873	1.00323	-0.000854645	7.36086
11.15	-0.0502845	8.15905	-0.195799	1.00143	-0.000841341	7.35426
11.16	-0.0499566	8.15356	-0.192911	0.999634	-0.000828244	7.34767
11.17	-0.0496308	8.14806	-0.190065	0.997845	-0.000815349	7.34109
11.18	-0.0493073	8.14252	-0.187262	0.996061	-0.000802654	7.33453
11.19	-0.0489858	8.13696	-0.184499	0.994281	-0.000790156	7.32797
11.2	-0.0486665	8.13138	-0.181777	0.992506	-0.000777852	7.32143
11.21	-0.0483493	8.12577	-0.179095	0.990736	-0.000765738	7.3149
11.22	-0.0480342	8.12014	-0.176453	0.988971	-0.000753813	7.30838
11.23	-0.0477212	8.11449	-0.173849	0.987211	-0.000742072	7.30187
11.24	-0.0474103	8.10881	-0.171283	0.985455	-0.000730514	7.29537
11.25	-0.0471015	8.10312	-0.168756	0.983704	-0.000719135	7.28889
11.26	-0.0467946	8.0974	-0.166265	0.981957	-0.000707932	7.28242
11.27	-0.0464898	8.09166	-0.163811	0.980215	-0.000696904	7.27595
11.28	-0.0461871	8.0859	-0.161393	0.978478	-0.000686046	7.2695
11.29	-0.0458863	8.08012	-0.159011	0.976746	-0.000675358	7.26306
11.3	-0.0455875	8.07433	-0.156663	0.975018	-0.000664835	7.25664
11.31	-0.0452906	8.06851	-0.154351	0.973294	-0.000654476	7.25022
11.32	-0.0449958	8.06268	-0.152072	0.971575	-0.000644277	7.24382
11.33	-0.0447028	8.05682	-0.149827	0.969861	-0.000634237	7.23742
11.34	-0.0444118	8.05095	-0.147615	0.968151	-0.000624353	7.23104
11.35	-0.0441228	8.04507	-0.145435	0.966446	-0.000614623	7.22467
11.36	-0.0438356	8.03916	-0.143287	0.964745	-0.000605044	7.21831
11.37	-0.0435503	8.03324	-0.141172	0.963049	-0.000595613	7.21196
11.38	-0.0432669	8.02731	-0.139087	0.961357	-0.00058633	7.20562
11.39	-0.0429853	8.02136	-0.137033	0.95967	-0.00057719	7.1993
11.4	-0.0427056	8.01539	-0.135009	0.957987	-0.000568193	7.19298
11.41	-0.0424277	8.00941	-0.133015	0.956309	-0.000559336	7.18668
11.42	-0.0421517	8.00342	-0.13105	0.954635	-0.000550616	7.18039
11.43	-0.0418774	7.99741	-0.129114	0.952965	-0.000542032	7.1741
11.44	-0.041605	7.99139	-0.127207	0.9513	-0.000533582	7.16783
11.45	-0.0413343	7.98536	-0.125328	0.949639	-0.000525263	7.16157
11.46	-0.0410654	7.97931	-0.123476	0.947982	-0.000517074	7.15532
11.47	-0.0407982	7.97325	-0.121652	0.94633	-0.000509012	7.14908
11.48	-0.0405328	7.96718	-0.119855	0.944682	-0.000501075	7.14286
11.49	-0.0402692	7.9611	-0.118084	0.943038	-0.000493262	7.13664
11.5	-0.0400072	7.95501	-0.116339	0.941399	-0.000485571	7.13043
11.51	-0.039747	7.94891	-0.11462	0.939764	-0.000477999	7.12424
11.52	-0.0394884	7.94279	-0.112927	0.938133	-0.000470545	7.11806
11.53	-0.0392315	7.93667	-0.111258	0.936506	-0.000463207	7.11188
11.54	-0.0389763	7.93053	-0.109614	0.934884	-0.000455984	7.10572
11.55	-0.0387228	7.92439	-0.107994	0.933266	-0.000448873	7.09957
11.56	-0.0384709	7.91824	-0.106398	0.931652	-0.000441873	7.09343
11.57	-0.0382207	7.91208	-0.104825	0.930042	-0.000434981	7.08729
11.58	-0.037972	7.90591	-0.103276	0.928437	-0.000428197	7.08117
11.59	-0.037725	7.89973	-0.10175	0.926835	-0.000421519	7.07506
11.6	-0.0374796	7.89354	-0.100246	0.925238	-0.000414945	7.06897
11.61	-0.0372357	7.88735	-0.098764	0.923645	-0.000408473	7.06288
11.62	-0.0369935	7.88115	-0.097304	0.922056	-0.000402102	7.0568
11.63	-0.0367528	7.87494	-0.0958657	0.920471	-0.000395831	7.05073
11.64	-0.0365136	7.86873	-0.0944485	0.91889	-0.000389657	7.04467
11.65	-0.036276	7.8625	-0.0930523	0.917313	-0.000383579	7.03863
11.66	-0.0360399	7.85628	-0.0916766	0.91574	-0.000377596	7.03259
11.67	-0.0358054	7.85004	-0.0903212	0.914171	-0.000371706	7.02656
11.68	-0.0355724	7.8438	-0.0889859	0.912607	-0.000365908	7.02055
11.69	-0.0353408	7.83756	-0.0876702	0.911046	-0.000360201	7.01454
11.7	-0.0351108	7.83131	-0.086374	0.909489	-0.000354582	7.00855
11.71	-0.0348822	7.82505	-0.0850969	0.907937	-0.000349051	7.00256
11.72	-0.0346551	7.81879	-0.0838386	0.906388	-0.000343606	6.99659
11.73	-0.0344294	7.81253	-0.0825989	0.904843	-0.000338247	6.99062
11.74	-0.0342052	7.80626	-0.0813775	0.903302	-0.00033297	6.98467
11.75	-0.0339824	7.79999	-0.0801741	0.901766	-0.000327776	6.97872
11.76	-0.0337611	7.79371	-0.0789885	0.900233	-0.000322663	6.97279
11.77	-0.0335411	7.78743	-0.0778204	0.898703	-0.00031763	6.96686
11.78	-0.0333226	7.78115	-0.0766695	0.897178	-0.000312675	6.96095
11.79	-0.0331055	7.77486	-0.0755357	0.895657	-0.000307798	6.95505
11.8	-0.0328897	7.76857	-0.0744185	0.89414	-0.000302996	6.94915
11.81	-0.0326753	7.76228	-0.0733179	0.892626	-0.00029827	6.94327
11.82	-0.0324623	7.75598	-0.0722335	0.891116	-0.000293617	6.93739
11.83	-0.0322506	7.74969	-0.0711651	0.88961	-0.000289036	6.93153
11.84	-0.0320403	7.74339	-0.0701125	0.888108	-0.000284528	6.92568
11.85	-0.0318313	7.73709	-0.0690755	0.88661	-0.000280089	6.91983
11.86	-0.0316237	7.73078	-0.0680537	0.885116	-0.00027572	6.914
11.87	-0.0314173	7.72448	-0.0670471	0.883625	-0.000271419	6.90817
11.88	-0.0312123	7.71817	-0.0660553	0.882138	-0.000267185	6.90236
11.89	-0.0310085	7.71187	-0.0650782	0.880655	-0.000263017	6.89655
11.9	-0.030806	7.70556	-0.0641155	0.879175	-0.000258914	6.89076
11.91	-0.0306049	7.69925	-0.063167	0.877699	-0.000254875	6.88497
11.92	-0.0304049	7.69294	-0.0622325	0.876227	-0.000250899	6.87919
11.93	-0.0302063	7.68663	-0.0613119	0.874759	-0.000246986	6.87343
11.94	-0.0300089	7.68032	-0.0604048	0.873294	-0.000243133	6.86767
11.95	-0.0298127	7.67401	-0.0595111	0.871833	-0.00023934	6.86192
11.96	-0.0296178	7.6677	-0.0586307	0.870376	-0.000235607	6.85619
11.97	-0.0294241	7.66139	-0.0577632	0.868923	-0.000231932	6.85046
11.98	-0.0292316	7.65508	-0.0569086	0.867472	-0.000228314	6.84474
11.99	-0.0290403	7.64877	-0.0560666	0.866026	-0.000224752	6.83903
12	-0.0288502	7.64246	-0.055237	0.864583	-0.000221247	6.83333
12.01	-0.0286612	7.63615	-0.0544197	0.863144	-0.000217796	6.82764
12.02	-0.0284735	7.62984	-0.0536145	0.861709	-0.000214398	6.82196
12.03	-0.0282869	7.62354	-0.0528212	0.860277	-0.000211054	6.81629
12.04	-0.0281015	7.61723	-0.0520396	0.858848	-0.000207762	6.81063
12.05	-0.0279173	7.61093	-0.0512696	0.857423	-0.000204522	6.80498
12.06	-0.0277342	7.60463	-0.0505109	0.856002	-0.000201332	6.79934
12.07	-0.0275522	7.59833	-0.0497634	0.854584	-0.000198191	6.7937
12.08	-0.0273714	7.59203	-0.049027	0.85317	-0.0001951	6.78808
12.09	-0.0271917	7.58573	-0.0483015	0.851759	-0.000192057	6.78246
12.1	-0.027013	7.57944	-0.0475867	0.850352	-0.000189062	6.77686
12.11	-0.0268355	7.57314	-0.0468825	0.848948	-0.000186113	6.77126
12.12	-0.0266591	7.56685	-0.0461887	0.847548	-0.00018321	6.76568
12.13	-0.0264838	7.56056	-0.0455051	0.846151	-0.000180353	6.7601
12.14	-0.0263096	7.55428	-0.0448317	0.844757	-0.00017754	6.75453
12.15	-0.0261364	7.548	-0.0441682	0.843367	-0.000174771	6.74897
12.16	-0.0259643	7.54172	-0.0435145	0.841981	-0.000172046	6.74342
12.17	-0.0257932	7.53544	-0.0428705	0.840598	-0.000169363	6.73788
12.18	-0.0256232	7.52916	-0.042236	0.839218	-0.000166721	6.73235
12.19	-0.0254543	7.52289	-0.0416109	0.837842	-0.000164121	6.72683
12.2	-0.0252863	7.51662	-0.040995	0.836469	-0.000161562	6.72131
12.21	-0.0251194	7.51036	-0.0403882	0.835099	-0.000159043	6.71581
12.22	-0.0249535	7.5041	-0.0397904	0.833733	-0.000156562	6.71031
12.23	-0.0247887	7.49784	-0.0392015	0.83237	-0.000154121	6.70482
12.24	-0.0246248	7.49158	-0.0386213	0.831011	-0.000151718	6.69935
12.25	-0.0244619	7.48533	-0.0380496	0.829654	-0.000149352	6.69388
12.26	-0.0243	7.47909	-0.0374864	0.828301	-0.000147023	6.68842
12.27	-0.0241391	7.47284	-0.0369315	0.826952	-0.000144731	6.68297
12.28	-0.0239792	7.4666	-0.0363848	0.825606	-0.000142474	6.67752
12.29	-0.0238202	7.46037	-0.0358462	0.824263	-0.000140253	6.67209
12.3	-0.0236622	7.45414	-0.0353156	0.822923	-0.000138066	6.66667
12.31	-0.0235051	7.44791	-0.0347929	0.821586	-0.000135913	6.66125
12.32	-0.023349	7.44169	-0.0342778	0.820253	-0.000133794	6.65584
12.33	-0.0231938	7.43547	-0.0337704	0.818923	-0.000131708	6.65045
12.34	-0.0230396	7.42925	-0.0332705	0.817597	-0.000129655	6.64506
12.35	-0.0228863	7.42304	-0.032778	0.816273	-0.000127633	6.63968
12.36	-0.0227339	7.41684	-0.0322927	0.814953	-0.000125644	6.6343
12.37	-0.0225824	7.41064	-0.0318147	0.813636	-0.000123685	6.62894
12.38	-0.0224318	7.40444	-0.0313437	0.812322	-0.000121757	6.62359
12.39	-0.0222821	7.39825	-0.0308797	0.811011	-0.000119859	6.61824
12.4	-0.0221333	7.39207	-0.0304225	0.809703	-0.00011799	6.6129
12.41	-0.0219854	7.38589	-0.0299721	0.808399	-0.000116151	6.60757
12.42	-0.0218383	7.37971	-0.0295284	0.807098	-0.00011434	6.60225
12.43	-0.0216922	7.37354	-0.0290912	0.8058	-0.000112558	6.59694
12.44	-0.0215469	7.36737	-0.0286606	0.804505	-0.000110804	6.59164
12.45	-0.0214024	7.36121	-0.0282362	0.803213	-0.000109077	6.58635
12.46	-0.0212588	7.35506	-0.0278182	0.801924	-0.000107376	6.58106
12.47	-0.0211161	7.34891	-0.0274063	0.800638	-0.000105703	6.57578
12.48	-0.0209742	7.34276	-0.0270006	0.799356	-0.000104055	6.57051
12.49	-0.0208331	7.33663	-0.0266008	0.798076	-0.000102434	6.56525
12.5	-0.0206929	7.33049	-0.026207	0.7968	-0.000100837	6.56
12.51	-0.0205534	7.32436	-0.0258189	0.795527	-9.92657e-05	6.55476
12.52	-0.0204148	7.31824	-0.0254367	0.794256	-9.77187e-05	6.54952
12.53	-0.020277	7.31213	-0.0250601	0.792989	-9.61959e-05	6.54429
12.54	-0.02014	7.30602	-0.024689	0.791725	-9.46968e-05	6.53907
12.55	-0.0200038	7.29991	-0.0243235	0.790464	-9.32211e-05	6.53386
12.56	-0.0198684	7.29381	-0.0239633	0.789205	-9.17685e-05	6.52866
12.57	-0.0197337	7.28772	-0.0236085	0.78795	-9.03385e-05	6.52347
12.58	-0.0195999	7.28163	-0.0232589	0.786698	-8.89309e-05	6.51828
12.59	-0.0194668	7.27555	-0.0229145	0.785449	-8.75452e-05	6.51311
12.6	-0.0193345	7.26948	-0.0225752	0.784203	-8.61811e-05	6.50794
12.61	-0.0192029	7.26341	-0.022241	0.782959	-8.48383e-05	6.50278
12.62	-0.0190721	7.25735	-0.0219116	0.781719	-8.35165e-05	6.49762
12.63	-0.0189421	7.25129	-0.0215872	0.780482	-8.22153e-05	6.49248
12.64	-0.0188128	7.24524	-0.0212675	0.779247	-8.09344e-05	6.48734
12.65	-0.0186842	7.2392	-0.0209526	0.778016	-7.96735e-05	6.48221
12.66	-0.0185564	7.23316	-0.0206424	0.776787	-7.84323e-05	6.47709
12.67	-0.0184293	7.22713	-0.0203367	0.775561	-7.72105e-05	6.47198
12.68	-0.0183029	7.2211	-0.0200356	0.774338	-7.60077e-05	6.46688
12.69	-0.0181772	7.21509	-0.0197389	0.773119	-7.48236e-05	6.46178
12.7	-0.0180523	7.20907	-0.0194466	0.771902	-7.36581e-05	6.45669
12.71	-0.017928	7.20307	-0.0191586	0.770687	-7.25107e-05	6.45161
12.72	-0.0178045	7.19707	-0.0188749	0.769476	-7.13813e-05	6.44654
12.73	-0.0176816	7.19108	-0.0185954	0.768268	-7.02695e-05	6.44148
12.74	-0.0175594	7.18509	-0.01832	0.767062	-6.9175e-05	6.43642
12.75	-0.0174379	7.17911	-0.0180487	0.765859	-6.80976e-05	6.43137
12.76	-0.0173171	7.17314	-0.0177815	0.764659	-6.7037e-05	6.42633
12.77	-0.017197	7.16718	-0.0175182	0.763462	-6.59929e-05	6.4213
12.78	-0.0170775	7.16122	-0.0172587	0.762268	-6.49652e-05	6.41628
12.79	-0.0169587	7.15527	-0.0170031	0.761076	-6.39534e-05	6.41126
12.8	-0.0168406	7.14932	-0.0167514	0.759888	-6.29575e-05	6.40625
12.81	-0.0167231	7.14339	-0.0165033	0.758702	-6.19771e-05	6.40125
12.82	-0.0166062	7.13745	-0.0162589	0.757519	-6.1012e-05	6.39626
12.83	-0.01649	7.13153	-0.0160181	0.756338	-6.00619e-05	6.39127
12.84	-0.0163745	7.12561	-0.0157809	0.755161	-5.91267e-05	6.38629
12.85	-0.0162595	7.1197	-0.0155472	0.753986	-5.8206e-05	6.38132
12.86	-0.0161452	7.1138	-0.0153169	0.752814	-5.72997e-05	6.37636
12.87	-0.0160316	7.1079	-0.0150901	0.751644	-5.64076e-05	6.37141
12.88	-0.0159185	7.10201	-0.0148666	0.750477	-5.55294e-05	6.36646
12.89	-0.0158061	7.09613	-0.0146465	0.749313	-5.46648e-05	6.36152
12.9	-0.0156942	7.09026	-0.0144295	0.748152	-5.38138e-05	6.35659
12.91	-0.015583	7.08439	-0.0142158	0.746994	-5.2976e-05	6.35167
12.92	-0.0154724	7.07853	-0.0140053	0.745838	-5.21513e-05	6.34675
12.93	-0.0153623	7.07268	-0.0137979	0.744684	-5.13394e-05	6.34184
12.94	-0.0152529	7.06683	-0.0135936	0.743534	-5.05402e-05	6.33694
12.95	-0.015144	7.06099	-0.0133922	0.742386	-4.97535e-05	6.33205
12.96	-0.0150357	7.05516	-0.0131939	0.741241	-4.89791e-05	6.32716
12.97	-0.014928	7.04933	-0.0129985	0.740098	-4.82167e-05	6.32228
12.98	-0.0148209	7.04352	-0.012806	0.738958	-4.74662e-05	6.31741
12.99	-0.0147143	7.03771	-0.0126163	0.737821	-4.67274e-05	6.31255
13	-0.0146083	7.0319	-0.0124295	0.736686	-4.60001e-05	6.30769
13.01	-0.0145029	7.02611	-0.0122454	0.735554	-4.52842e-05	6.30284
13.02	-0.014398	7.02032	-0.012064	0.734425	-4.45795e-05	6.298
13.03	-0.0142936	7.01454	-0.0118853	0.733298	-4.38857e-05	6.29317
13.04	-0.0141898	7.00876	-0.0117093	0.732174	-4.32027e-05	6.28834
13.05	-0.0140866	7.003	-0.0115359	0.731052	-4.25304e-05	6.28352
13.06	-0.0139838	6.99724	-0.011365	0.729933	-4.18686e-05	6.27871
13.07	-0.0138816	6.99149	-0.0111967	0.728816	-4.12171e-05	6.27391
13.08	-0.01378	6.98574	-0.0110309	0.727702	-4.05757e-05	6.26911
13.09	-0.0136788	6.98001	-0.0108675	0.726591	-3.99444e-05	6.26432
13.1	-0.0135782	6.97428	-0.0107065	0.725482	-3.93229e-05	6.25954
13.11	-0.0134781	6.96856	-0.010548	0.724376	-3.8711e-05	6.25477
13.12	-0.0133785	6.96284	-0.0103917	0.723272	-3.81088e-05	6.25
13.13	-0.0132794	6.95714	-0.0102378	0.722171	-3.75159e-05	6.24524
13.14	-0.0131808	6.95144	-0.0100862	0.721072	-3.69322e-05	6.24049
13.15	-0.0130828	6.94574	-0.00993681	0.719976	-3.63577e-05	6.23574
13.16	-0.0129852	6.94006	-0.00978963	0.718882	-3.57921e-05	6.231
13.17	-0.0128881	6.93438	-0.00964463	0.717791	-3.52353e-05	6.22627
13.18	-0.0127915	6.92871	-0.00950178	0.716702	-3.46872e-05	6.22155
13.19	-0.0126953	6.92305	-0.00936105	0.715616	-3.41476e-05	6.21683
13.2	-0.0125997	6.9174	-0.0092224	0.714532	-3.36164e-05	6.21212
13.21	-0.0125045	6.91175	-0.0090858	0.71345	-3.30936e-05	6.20742
13.22	-0.0124098	6.90611	-0.00895123	0.712371	-3.25788e-05	6.20272
13.23	-0.0123155	6.90048	-0.00881864	0.711295	-3.20721e-05	6.19803
13.24	-0.0122218	6.89485	-0.00868803	0.710221	-3.15733e-05	6.19335
13.25	-0.0121284	6.88924	-0.00855934	0.709149	-3.10823e-05	6.18868
13.26	-0.0120356	6.88363	-0.00843256	0.70808	-3.05989e-05	6.18401
13.27	-0.0119431	6.87803	-0.00830766	0.707013	-3.0123e-05	6.17935
13.28	-0.0118512	6.87243	-0.00818461	0.705949	-2.96546e-05	6.1747
13.29	-0.0117597	6.86685	-0.00806338	0.704887	-2.91935e-05	6.17005
13.3	-0.0116686	6.86127	-0.00794395	0.703827	-2.87395e-05	6.16541
13.31	-0.0115779	6.8557	-0.00782628	0.70277	-2.82926e-05	6.16078
13.32	-0.0114877	6.85013	-0.00771036	0.701715	-2.78527e-05	6.15616
13.33	-0.0113979	6.84458	-0.00759615	0.700663	-2.74196e-05	6.15154
13.34	-0.0113086	6.83903	-0.00748364	0.699613	-2.69933e-05	6.14693
13.35	-0.0112196	6.83349	-0.00737279	0.698565	-2.65736e-05	6.14232
13.36	-0.0111311	6.82795	-0.00726359	0.69752	-2.61605e-05	6.13772
13.37	-0.011043	6.82243	-0.007156	0.696477	-2.57538e-05	6.13313
13.38	-0.0109553	6.81691	-0.00705	0.695436	-2.53534e-05	6.12855
13.39	-0.010868	6.8114	-0.00694557	0.694398	-2.49593e-05	6.12397
13.4	-0.0107811	6.8059	-0.0068427	0.693362	-2.45713e-05	6.1194
13.41	-0.0106946	6.8004	-0.00674134	0.692328	-2.41893e-05	6.11484
13.42	-0.0106086	6.79491	-0.00664148	0.691296	-2.38133e-05	6.11028
13.43	-0.0105229	6.78943	-0.00654311	0.690267	-2.34432e-05	6.10573
13.44	-0.0104376	6.78396	-0.00644619	0.689241	-2.30788e-05	6.10119
13.45	-0.0103526	6.7785	-0.00635071	0.688216	-2.27201e-05	6.09665
13.46	-0.0102681	6.77304	-0.00625664	0.687194	-2.2367e-05	6.09212
13.47	-0.0101839	6.76759	-0.00616396	0.686174	-2.20193e-05	6.0876
13.48	-0.0101002	6.76215	-0.00607266	0.685156	-2.16771e-05	6.08309
13.49	-0.0100168	6.75671	-0.00598271	0.684141	-2.13402e-05	6.07858
13.5	-0.00993372	6.75129	-0.00589409	0.683128	-2.10086e-05	6.07407
13.51	-0.00985105	6.74587	-0.00580678	0.682117	-2.06821e-05	6.06958
13.52	-0.00976874	6.74046	-0.00572077	0.681108	-2.03608e-05	6.06509
13.53	-0.00968679	6.73505	-0.00563603	0.680102	-2.00444e-05	6.06061
13.54	-0.0096052	6.72966	-0.00555254	0.679097	-1.97329e-05	6.05613
13.55	-0.00952396	6.72427	-0.00547029	0.678095	-1.94263e-05	6.05166
13.56	-0.00944307	6.71888	-0.00538926	0.677096	-1.91245e-05	6.0472
13.57	-0.00936253	6.71351	-0.00530943	0.676098	-1.88273e-05	6.04274
13.58	-0.00928233	6.70814	-0.00523079	0.675103	-1.85348e-05	6.03829
13.59	-0.00920247	6.70279	-0.0051533	0.674109	-1.82469e-05	6.03385
13.6	-0.00912294	6.69744	-0.00507697	0.673119	-1.79634e-05	6.02941
13.61	-0.00904376	6.69209	-0.00500176	0.67213	-1.76843e-05	6.02498
13.62	-0.0089649	6.68676	-0.00492767	0.671143	-1.74096e-05	6.02056
13.63	-0.00888637	6.68143	-0.00485468	0.670159	-1.71392e-05	6.01614
13.64	-0.00880816	6.67611	-0.00478277	0.669176	-1.68729e-05	6.01173
13.65	-0.00873028	6.67079	-0.00471192	0.668196	-1.66108e-05	6.00733
13.66	-0.00865271	6.66549	-0.00464212	0.667218	-1.63528e-05	6.00293
13.67	-0.00857546	6.66019	-0.00457336	0.666242	-1.60988e-05	5.99854
13.68	-0.00849852	6.6549	-0.00450561	0.665269	-1.58488e-05	5.99415
13.69	-0.00842189	6.64962	-0.00443887	0.664297	-1.56026e-05	5.98977
13.7	-0.00834557	6.64434	-0.00437312	0.663328	-1.53603e-05	5.9854
13.71	-0.00826955	6.63907	-0.00430834	0.662361	-1.51218e-05	5.98104
13.72	-0.00819383	6.63381	-0.00424452	0.661395	-1.48869e-05	5.97668
13.73	-0.00811841	6.62856	-0.00418165	0.660432	-1.46558e-05	5.97232
13.74	-0.00804328	6.62331	-0.0041197	0.659471	-1.44282e-05	5.96798
13.75	-0.00796844	6.61808	-0.00405868	0.658512	-1.42041e-05	5.96364
13.76	-0.0078939	6.61285	-0.00399855	0.657556	-1.39836e-05	5.9593
13.77	-0.00781963	6.60762	-0.00393932	0.656601	-1.37664e-05	5.95497
13.78	-0.00774565	6.60241	-0.00388097	0.655648	-1.35527e-05	5.95065
13.79	-0.00767196	6.5972	-0.00382348	0.654698	-1.33423e-05	5.94634
13.8	-0.00759853	6.592	-0.00376684	0.653749	-1.31351e-05	5.94203
13.81	-0.00752539	6.58681	-0.00371104	0.652803	-1.29312e-05	5.93773
13.82	-0.00745251	6.58162	-0.00365607	0.651858	-1.27304e-05	5.93343
13.83	-0.0073799	6.57644	-0.00360191	0.650916	-1.25328e-05	5.92914
13.84	-0.00730756	6.57127	-0.00354855	0.649976	-1.23382e-05	5.92486
13.85	-0.00723548	6.56611	-0.00349599	0.649038	-1.21467e-05	5.92058
13.86	-0.00716366	6.56095	-0.0034442	0.648101	-1.19582e-05	5.91631
13.87	-0.0070921	6.5558	-0.00339318	0.647167	-1.17725e-05	5.91204
13.88	-0.00702079	6.55066	-0.00334292	0.646235	-1.15898e-05	5.90778
13.89	-0.00694974	6.54553	-0.0032934	0.645305	-1.14099e-05	5.90353
13.9	-0.00687893	6.5404	-0.00324461	0.644377	-1.12328e-05	5.89928
13.91	-0.00680837	6.53528	-0.00319654	0.64345	-1.10585e-05	5.89504
13.92	-0.00673806	6.53017	-0.00314919	0.642526	-1.08868e-05	5.8908
13.93	-0.00666799	6.52507	-0.00310254	0.641604	-1.07179e-05	5.88658
13.94	-0.00659815	6.51997	-0.00305658	0.640684	-1.05515e-05	5.88235
13.95	-0.00652855	6.51488	-0.0030113	0.639766	-1.03878e-05	5.87814
13.96	-0.00645918	6.5098	-0.0029667	0.638849	-1.02266e-05	5.87393
13.97	-0.00639005	6.50472	-0.00292275	0.637935	-1.00679e-05	5.86972
13.98	-0.00632114	6.49966	-0.00287945	0.637023	-9.91168e-06	5.86552
13.99	-0.00625246	6.4946	-0.0028368	0.636112	-9.75788e-06	5.86133
14	-0.006184	6.48954	-0.00279477	0.635204	-9.60647e-06	5.85714
14.01	-0.00611576	6.4845	-0.00275337	0.634298	-9.45742e-06	5.85296
14.02	-0.00604774	6.47946	-0.00271259	0.633393	-9.31068e-06	5.84879
14.03	-0.00597993	6.47443	-0.0026724	0.632491	-9.16623e-06	5.84462
14.04	-0.00591233	6.4694	-0.00263281	0.63159	-9.02402e-06	5.84046
14.05	-0.00584495	6.46439	-0.00259381	0.630691	-8.88402e-06	5.8363
14.06	-0.00577777	6.45938	-0.00255539	0.629794	-8.7462e-06	5.83215
14.07	-0.0057108	6.45438	-0.00251753	0.628899	-8.61052e-06	5.828
14.08	-0.00564403	6.44938	-0.00248024	0.628006	-8.47695e-06	5.82386
14.09	-0.00557746	6.44439	-0.0024435	0.627115	-8.34545e-06	5.81973
14.1	-0.00551109	6.43941	-0.0024073	0.626226	-8.216e-06	5.8156
14.11	-0.00544491	6.43444	-0.00237164	0.625339	-8.08856e-06	5.81148
14.12	-0.00537892	6.42947	-0.00233651	0.624453	-7.9631e-06	5.80737
14.13	-0.00531313	6.42452	-0.00230189	0.62357	-7.83959e-06	5.80326
14.14	-0.00524752	6.41956	-0.00226779	0.622688	-7.718e-06	5.79915
14.15	-0.00518209	6.41462	-0.0022342	0.621808	-7.5983e-06	5.79505
14.16	-0.00511685	6.40968	-0.0022011	0.62093	-7.48046e-06	5.79096
14.17	-0.00505179	6.40475	-0.0021685	0.620054	-7.36445e-06	5.78687
14.18	-0.00498691	6.39983	-0.00213637	0.61918	-7.25024e-06	5.78279
14.19	-0.0049222	6.39491	-0.00210473	0.618308	-7.13781e-06	5.77872
14.2	-0.00485767	6.39	-0.00207355	0.617437	-7.02713e-06	5.77465
14.21	-0.0047933	6.3851	-0.00204283	0.616568	-6.91816e-06	5.77058
14.22	-0.00472911	6.38021	-0.00201257	0.615701	-6.81089e-06	5.76653
14.23	-0.00466508	6.37532	-0.00198275	0.614836	-6.70528e-06	5.76247
14.24	-0.00460121	6.37044	-0.00195338	0.613973	-6.60131e-06	5.75843
14.25	-0.0045375	6.36557	-0.00192444	0.613112	-6.49896e-06	5.75439
14.26	-0.00447396	6.3607	-0.00189593	0.612252	-6.3982e-06	5.75035
14.27	-0.00441057	6.35584	-0.00186785	0.611394	-6.29901e-06	5.74632
14.28	-0.00434733	6.35099	-0.00184018	0.610538	-6.20135e-06	5.7423
14.29	-0.00428425	6.34614	-0.00181292	0.609684	-6.10521e-06	5.73828
14.3	-0.00422131	6.34131	-0.00178606	0.608832	-6.01057e-06	5.73427
14.31	-0.00415852	6.33647	-0.0017596	0.607981	-5.91739e-06	5.73026
14.32	-0.00409588	6.33165	-0.00173354	0.607132	-5.82567e-06	5.72626
14.33	-0.00403338	6.32683	-0.00170786	0.606285	-5.73536e-06	5.72226
14.34	-0.00397102	6.32202	-0.00168256	0.60544	-5.64646e-06	5.71827
14.35	-0.0039088	6.31722	-0.00165763	0.604596	-5.55894e-06	5.71429
14.36	-0.00384672	6.31242	-0.00163307	0.603755	-5.47278e-06	5.71031
14.37	-0.00378476	6.30763	-0.00160888	0.602915	-5.38796e-06	5.70633
14.38	-0.00372294	6.30285	-0.00158505	0.602076	-5.30445e-06	5.70236
14.39	-0.00366125	6.29807	-0.00156157	0.60124	-5.22225e-06	5.6984
14.4	-0.00359969	6.29331	-0.00153843	0.600405	-5.14131e-06	5.69444
14.41	-0.00353825	6.28854	-0.00151564	0.599572	-5.06164e-06	5.69049
14.42	-0.00347693	6.28379	-0.00149319	0.598741	-4.9832e-06	5.68655
14.43	-0.00341574	6.27904	-0.00147107	0.597911	-4.90598e-06	5.68261
14.44	-0.00335466	6.2743	-0.00144928	0.597083	-4.82995e-06	5.67867
14.45	-0.0032937	6.26957	-0.00142781	0.596257	-4.75511e-06	5.67474
14.46	-0.00323285	6.26484	-0.00140666	0.595433	-4.68143e-06	5.67082
14.47	-0.00317211	6.26012	-0.00138582	0.59461	-4.6089e-06	5.6669
14.48	-0.00311148	6.2554	-0.00136529	0.593789	-4.53749e-06	5.66298
14.49	-0.00305096	6.2507	-0.00134506	0.59297	-4.46718e-06	5.65908
14.5	-0.00299055	6.246	-0.00132514	0.592152	-4.39797e-06	5.65517
14.51	-0.00293023	6.2413	-0.00130551	0.591336	-4.32984e-06	5.65127
14.52	-0.00287002	6.23661	-0.00128617	0.590522	-4.26276e-06	5.64738
14.53	-0.00280991	6.23193	-0.00126711	0.589709	-4.19672e-06	5.6435
14.54	-0.00274989	6.22726	-0.00124834	0.588899	-4.13171e-06	5.63961
14.55	-0.00268997	6.22259	-0.00122985	0.588089	-4.06771e-06	5.63574
14.56	-0.00263014	6.21793	-0.00121163	0.587282	-4.00469e-06	5.63187
14.57	-0.0025704	6.21328	-0.00119368	0.586476	-3.94266e-06	5.628
14.58	-0.00251075	6.20863	-0.001176	0.585672	-3.88159e-06	5.62414
14.59	-0.00245118	6.20399	-0.00115858	0.584869	-3.82147e-06	5.62029
14.6	-0.0023917	6.19936	-0.00114141	0.584068	-3.76228e-06	5.61644
14.61	-0.0023323	6.19473	-0.0011245	0.583269	-3.70401e-06	5.61259
14.62	-0.00227298	6.19012	-0.00110784	0.582471	-3.64664e-06	5.60876
14.63	-0.00221374	6.1855	-0.00109143	0.581675	-3.59017e-06	5.60492
14.64	-0.00215457	6.1809	-0.00107526	0.580881	-3.53457e-06	5.60109
14.65	-0.00209548	6.1763	-0.00105934	0.580088	-3.47983e-06	5.59727
14.66	-0.00203646	6.1717	-0.00104364	0.579297	-3.42594e-06	5.59345
14.67	-0.0019775	6.16711	-0.00102818	0.578508	-3.37289e-06	5.58964
14.68	-0.00191862	6.16253	-0.00101295	0.57772	-3.32066e-06	5.58583
14.69	-0.0018598	6.15796	-0.000997943	0.576934	-3.26924e-06	5.58203
14.7	-0.00180104	6.15339	-0.00098316	0.576149	-3.21862e-06	5.57823
14.71	-0.00174235	6.14883	-0.000968595	0.575366	-3.16879e-06	5.57444
14.72	-0.00168371	6.14428	-0.000954246	0.574584	-3.11972e-06	5.57065
14.73	-0.00162513	6.13973	-0.00094011	0.573804	-3.07142e-06	5.56687
14.74	-0.00156661	6.13519	-0.000926183	0.573026	-3.02387e-06	5.56309
14.75	-0.00150813	6.13066	-0.000912462	0.572249	-2.97705e-06	5.55932
14.76	-0.00144971	6.12613	-0.000898944	0.571474	-2.93096e-06	5.55556
14.77	-0.00139134	6.12161	-0.000885627	0.570701	-2.88559e-06	5.55179
14.78	-0.00133302	6.11709	-0.000872507	0.569929	-2.84092e-06	5.54804
14.79	-0.00127474	6.11258	-0.000859582	0.569158	-2.79694e-06	5.54429
14.8	-0.0012165	6.10808	-0.000846848	0.568389	-2.75365e-06	5.54054
14.81	-0.00115831	6.10358	-0.000834302	0.567622	-2.71102e-06	5.5368
14.82	-0.00110015	6.0991	-0.000821943	0.566856	-2.66906e-06	5.53306
14.83	-0.00104204	6.09461	-0.000809766	0.566092	-2.62775e-06	5.52933
14.84	-0.000983952	6.09014	-0.00079777	0.565329	-2.58707e-06	5.52561
14.85	-0.000925901	6.08567	-0.000785952	0.564568	-2.54703e-06	5.52189
14.86	-0.000867882	6.0812	-0.000774308	0.563809	-2.50761e-06	5.51817
14.87	-0.000809892	6.07674	-0.000762838	0.563051	-2.4688e-06	5.51446
14.88	-0.000751929	6.07229	-0.000751537	0.562294	-2.4306e-06	5.51075
14.89	-0.000693992	6.06785	-0.000740403	0.561539	-2.39298e-06	5.50705
14.9	-0.000636077	6.06341	-0.000729435	0.560786	-2.35595e-06	5.50336
14.91	-0.000578184	6.05898	-0.000718629	0.560034	-2.31949e-06	5.49966
14.92	-0.000520311	6.05455	-0.000707983	0.559283	-2.2836e-06	5.49598
14.93	-0.000462455	6.05013	-0.000697494	0.558534	-2.24826e-06	5.4923
14.94	-0.000404614	6.04572	-0.000687161	0.557787	-2.21347e-06	5.48862
14.95	-0.000346787	6.04131	-0.000676982	0.557041	-2.17922e-06	5.48495
14.96	-0.000288971	6.03691	-0.000666953	0.556296	-2.14551e-06	5.48128
14.97	-0.000231165	6.03252	-0.000657072	0.555553	-2.11231e-06	5.47762
14.98	-0.000173367	6.02813	-0.000647338	0.554812	-2.07963e-06	5.47397
14.99	-0.000115575	6.02375	-0.000637748	0.554072	-2.04745e-06	5.47031
