0.01	1.6394e-08	2.68762e-12
0.02	2.29509e-07	1.31686e-10
0.03	8.36039e-07	7.76623e-10
0.04	2.03262e-06	2.58222e-09
0.05	4.01581e-06	6.45069e-09
0.06	6.98205e-06	1.35414e-08
0.07	1.11276e-05	2.52703e-08
0.08	1.66487e-05	4.33093e-08
0.09	2.37412e-05	6.95859e-08
0.1	3.26009e-05	1.06282e-07
0.11	4.34232e-05	1.55832e-07
0.12	5.64033e-05	2.20925e-07
0.13	7.1736e-05	3.04501e-07
0.14	8.96161e-05	4.09747e-07
0.15	0.000110238	5.40103e-07
0.16	0.000133794	6.99254e-07
0.17	0.00016048	8.91132e-07
0.18	0.000190487	1.11991e-06
0.19	0.000224007	1.39001e-06
0.2	0.000261234	1.70609e-06
0.21	0.000302359	2.07304e-06
0.22	0.000347572	2.49599e-06
0.23	0.000397063	2.98032e-06
0.24	0.000451023	3.53163e-06
0.25	0.00050964	4.15573e-06
0.26	0.000573103	4.85869e-06
0.27	0.0006416	5.64679e-06
0.28	0.000715318	6.52652e-06
0.29	0.000794442	7.50461e-06
0.3	0.000879158	8.58799e-06
0.31	0.000969652	9.78381e-06
0.32	0.00106611	1.10994e-05
0.33	0.0011687	1.25424e-05
0.34	0.00127763	1.41206e-05
0.35	0.00139306	1.58418e-05
0.36	0.00151518	1.77143e-05
0.37	0.00164417	1.97464e-05
0.38	0.0017802	2.19467e-05
0.39	0.00192345	2.43239e-05
0.4	0.00207411	2.6887e-05
0.41	0.00223233	2.96449e-05
0.42	0.00239831	3.26071e-05
0.43	0.00257221	3.57829e-05
0.44	0.0027542	3.91819e-05
0.45	0.00294446	4.28139e-05
0.46	0.00314315	4.66889e-05
0.47	0.00335044	5.08168e-05
0.48	0.0035665	5.5208e-05
0.49	0.0037915	5.98727e-05
0.5	0.00402559	6.48216e-05
0.51	0.00426895	7.00652e-05
0.52	0.00452174	7.56143e-05
0.53	0.00478411	8.14799e-05
0.54	0.00505623	8.76729e-05
0.55	0.00533824	9.42045e-05
0.56	0.00563032	0.000101086
0.57	0.00593261	0.000108328
0.58	0.00624527	0.000115944
0.59	0.00656845	0.000123943
0.6	0.0069023	0.000132338
0.61	0.00724697	0.000141141
0.62	0.0076026	0.000150363
0.63	0.00796935	0.000160016
0.64	0.00834734	0.000170113
0.65	0.00873674	0.000180664
0.66	0.00913768	0.000191683
0.67	0.00955029	0.000203181
0.68	0.00997472	0.000215171
0.69	0.0104111	0.000227664
0.7	0.0108596	0.000240674
0.71	0.0113202	0.000254211
0.72	0.0117933	0.00026829
0.73	0.0122788	0.000282921
0.74	0.0127769	0.000298117
0.75	0.0132877	0.00031389
0.76	0.0138114	0.000330254
0.77	0.014348	0.00034722
0.78	0.0148978	0.0003648
0.79	0.0154607	0.000383007
0.8	0.016037	0.000401852
0.81	0.0166267	0.00042135
0.82	0.01723	0.00044151
0.83	0.0178469	0.000462347
0.84	0.0184775	0.000483871
0.85	0.0191221	0.000506095
0.86	0.0197806	0.000529031
0.87	0.0204532	0.000552691
0.88	0.0211399	0.000577086
0.89	0.0218409	0.000602229
0.9	0.0225563	0.000628131
0.91	0.0232861	0.000654804
0.92	0.0240305	0.000682259
0.93	0.0247895	0.000710509
0.94	0.0255632	0.000739563
0.95	0.0263517	0.000769433
0.96	0.0271551	0.000800131
0.97	0.0279735	0.000831668
0.98	0.0288069	0.000864054
0.99	0.0296554	0.000897299
1	0.0305191	0.000931415
1.01	0.031398	0.000966412
1.02	0.0322923	0.0010023
1.03	0.033202	0.00103909
1.04	0.0341271	0.00107679
1.05	0.0350677	0.00111541
1.06	0.0360238	0.00115496
1.07	0.0369956	0.00119546
1.08	0.0379831	0.0012369
1.09	0.0389863	0.0012793
1.1	0.0400053	0.00132266
1.11	0.0410401	0.001367
1.12	0.0420907	0.00141233
1.13	0.0431572	0.00145865
1.14	0.0442397	0.00150597
1.15	0.0453382	0.00155429
1.16	0.0464527	0.00160363
1.17	0.0475832	0.001654
1.18	0.0487298	0.00170539
1.19	0.0498924	0.00175782
1.2	0.0510712	0.0018113
1.21	0.0522661	0.00186582
1.22	0.0534772	0.0019214
1.23	0.0547044	0.00197804
1.24	0.0559479	0.00203575
1.25	0.0572075	0.00209452
1.26	0.0584833	0.00215438
1.27	0.0597753	0.00221532
1.28	0.0610835	0.00227734
1.29	0.0624079	0.00234045
1.3	0.0637485	0.00240466
1.31	0.0651053	0.00246996
1.32	0.0664783	0.00253636
1.33	0.0678674	0.00260387
1.34	0.0692727	0.00267248
1.35	0.0706942	0.0027422
1.36	0.0721317	0.00281303
1.37	0.0735854	0.00288498
1.38	0.0750552	0.00295803
1.39	0.0765409	0.0030322
1.4	0.0780427	0.00310748
1.41	0.0795605	0.00318388
1.42	0.0810942	0.00326139
1.43	0.0826439	0.00334002
1.44	0.0842094	0.00341976
1.45	0.0857907	0.00350061
1.46	0.0873878	0.00358258
1.47	0.0890006	0.00366565
1.48	0.0906291	0.00374983
1.49	0.0922732	0.00383511
1.5	0.0939328	0.0039215
1.51	0.095608	0.00400898
1.52	0.0972985	0.00409756
1.53	0.0990045	0.00418723
1.54	0.100726	0.00427799
1.55	0.102462	0.00436983
1.56	0.104214	0.00446274
1.57	0.105981	0.00455673
1.58	0.107762	0.00465178
1.59	0.109559	0.00474789
1.6	0.11137	0.00484505
1.61	0.113196	0.00494326
1.62	0.115037	0.00504251
1.63	0.116893	0.00514279
1.64	0.118762	0.00524409
1.65	0.120647	0.00534641
1.66	0.122545	0.00544973
1.67	0.124458	0.00555405
1.68	0.126384	0.00565936
1.69	0.128325	0.00576564
1.7	0.130279	0.00587289
1.71	0.132247	0.0059811
1.72	0.134229	0.00609025
1.73	0.136224	0.00620033
1.74	0.138232	0.00631134
1.75	0.140254	0.00642325
1.76	0.142289	0.00653606
1.77	0.144337	0.00664976
1.78	0.146397	0.00676433
1.79	0.14847	0.00687975
1.8	0.150556	0.00699602
1.81	0.152654	0.00711311
1.82	0.154764	0.00723102
1.83	0.156887	0.00734973
1.84	0.159021	0.00746922
1.85	0.161168	0.00758948
1.86	0.163326	0.00771049
1.87	0.165495	0.00783224
1.88	0.167676	0.0079547
1.89	0.169867	0.00807787
1.9	0.17207	0.00820171
1.91	0.174284	0.00832622
1.92	0.176508	0.00845138
1.93	0.178743	0.00857717
1.94	0.180988	0.00870357
1.95	0.183244	0.00883055
1.96	0.185509	0.00895811
1.97	0.187784	0.00908622
1.98	0.190068	0.00921486
1.99	0.192362	0.00934401
2	0.194665	0.00947365
2.01	0.196977	0.00960375
2.02	0.199298	0.00973431
2.03	0.201628	0.00986529
2.04	0.203966	0.00999667
2.05	0.206312	0.0101284
2.06	0.208666	0.0102606
2.07	0.211028	0.010393
2.08	0.213398	0.0105258
2.09	0.215775	0.0106588
2.1	0.218159	0.0107922
2.11	0.22055	0.0109257
2.12	0.222948	0.0110595
2.13	0.225352	0.0111935
2.14	0.227763	0.0113276
2.15	0.23018	0.0114619
2.16	0.232602	0.0115963
2.17	0.23503	0.0117308
2.18	0.237464	0.0118654
2.19	0.239902	0.012
2.2	0.242346	0.0121346
2.21	0.244794	0.0122692
2.22	0.247247	0.0124038
2.23	0.249704	0.0125383
2.24	0.252164	0.0126728
2.25	0.254629	0.0128071
2.26	0.257097	0.0129413
2.27	0.259568	0.0130753
2.28	0.262042	0.0132091
2.29	0.264519	0.0133426
2.3	0.266998	0.013476
2.31	0.269479	0.013609
2.32	0.271963	0.0137418
2.33	0.274448	0.0138742
2.34	0.276934	0.0140062
2.35	0.279422	0.0141379
2.36	0.28191	0.0142691
2.37	0.284399	0.0143999
2.38	0.286889	0.0145302
2.39	0.289378	0.0146601
2.4	0.291867	0.0147893
2.41	0.294356	0.0149181
2.42	0.296844	0.0150462
2.43	0.299331	0.0151737
2.44	0.301817	0.0153006
2.45	0.304301	0.0154268
2.46	0.306784	0.0155523
2.47	0.309264	0.0156771
2.48	0.311742	0.0158011
2.49	0.314217	0.0159243
2.5	0.316689	0.0160467
2.51	0.319158	0.0161683
2.52	0.321623	0.016289
2.53	0.324085	0.0164088
2.54	0.326542	0.0165276
2.55	0.328995	0.0166456
2.56	0.331443	0.0167625
2.57	0.333886	0.0168784
2.58	0.336324	0.0169933
2.59	0.338756	0.0171071
2.6	0.341183	0.0172198
2.61	0.343603	0.0173314
2.62	0.346017	0.0174418
2.63	0.348423	0.0175511
2.64	0.350823	0.0176591
2.65	0.353216	0.0177659
2.66	0.3556	0.0178715
2.67	0.357977	0.0179758
2.68	0.360346	0.0180788
2.69	0.362705	0.0181804
2.7	0.365056	0.0182807
2.71	0.367398	0.0183796
2.72	0.36973	0.018477
2.73	0.372053	0.0185731
2.74	0.374365	0.0186676
2.75	0.376667	0.0187607
2.76	0.378958	0.0188523
2.77	0.381238	0.0189423
2.78	0.383507	0.0190308
2.79	0.385764	0.0191177
2.8	0.388009	0.0192029
2.81	0.390242	0.0192866
2.82	0.392462	0.0193686
2.83	0.39467	0.0194489
2.84	0.396864	0.0195275
2.85	0.399045	0.0196044
2.86	0.401212	0.0196795
2.87	0.403364	0.0197529
2.88	0.405503	0.0198245
2.89	0.407627	0.0198943
2.9	0.409735	0.0199623
2.91	0.411828	0.0200284
2.92	0.413906	0.0200927
2.93	0.415968	0.0201551
2.94	0.418013	0.0202155
2.95	0.420042	0.0202741
2.96	0.422054	0.0203307
2.97	0.424049	0.0203854
2.98	0.426026	0.0204381
2.99	0.427986	0.0204888
3	0.429927	0.0205375
3.01	0.43185	0.0205842
3.02	0.433755	0.0206288
3.03	0.43564	0.0206714
3.04	0.437506	0.020712
3.05	0.439353	0.0207504
3.06	0.441179	0.0207868
3.07	0.442985	0.020821
3.08	0.444771	0.0208532
3.09	0.446536	0.0208832
3.1	0.44828	0.0209111
3.11	0.450003	0.0209368
3.12	0.451704	0.0209603
3.13	0.453383	0.0209817
3.14	0.45504	0.0210009
3.15	0.456674	0.021018
3.16	0.458285	0.0210328
3.17	0.459873	0.0210454
3.18	0.461438	0.0210558
3.19	0.462979	0.021064
3.2	0.464496	0.02107
3.21	0.465989	0.0210737
3.22	0.467457	0.0210752
3.23	0.4689	0.0210745
3.24	0.470319	0.0210715
3.25	0.471712	0.0210662
3.26	0.473079	0.0210587
3.27	0.47442	0.021049
3.28	0.475736	0.021037
3.29	0.477024	0.0210227
3.3	0.478286	0.0210062
3.31	0.479521	0.0209874
3.32	0.480729	0.0209664
3.33	0.481909	0.0209431
3.34	0.483061	0.0209176
3.35	0.484186	0.0208898
3.36	0.485282	0.0208597
3.37	0.486349	0.0208275
3.38	0.487388	0.0207929
3.39	0.488397	0.0207562
3.4	0.489377	0.0207172
3.41	0.490328	0.0206759
3.42	0.491249	0.0206325
3.43	0.49214	0.0205868
3.44	0.493001	0.0205389
3.45	0.493831	0.0204889
3.46	0.49463	0.0204366
3.47	0.495398	0.0203822
3.48	0.496136	0.0203255
3.49	0.496841	0.0202668
3.5	0.497515	0.0202058
3.51	0.498158	0.0201428
3.52	0.498768	0.0200776
3.53	0.499346	0.0200103
3.54	0.499891	0.0199409
3.55	0.500404	0.0198694
3.56	0.500883	0.0197958
3.57	0.50133	0.0197202
3.58	0.501743	0.0196425
3.59	0.502123	0.0195628
3.6	0.502469	0.0194811
3.61	0.502781	0.0193974
3.62	0.503058	0.0193117
3.63	0.503302	0.019224
3.64	0.503511	0.0191344
3.65	0.503686	0.0190429
3.66	0.503825	0.0189495
3.67	0.50393	0.0188542
3.68	0.503999	0.018757
3.69	0.504034	0.0186581
3.7	0.504032	0.0185572
3.71	0.503995	0.0184546
3.72	0.503922	0.0183502
3.73	0.503814	0.0182441
3.74	0.503669	0.0181362
3.75	0.503488	0.0180266
3.76	0.50327	0.0179154
3.77	0.503016	0.0178025
3.78	0.502725	0.0176879
3.79	0.502397	0.0175718
3.8	0.502033	0.0174541
3.81	0.501631	0.0173348
3.82	0.501193	0.017214
3.83	0.500717	0.0170917
3.84	0.500203	0.016968
3.85	0.499652	0.0168428
3.86	0.499064	0.0167162
3.87	0.498437	0.0165882
3.88	0.497773	0.0164589
3.89	0.497071	0.0163282
3.9	0.496331	0.0161962
3.91	0.495553	0.016063
3.92	0.494737	0.0159286
3.93	0.493883	0.0157929
3.94	0.49299	0.0156561
3.95	0.492059	0.0155182
3.96	0.49109	0.0153791
3.97	0.490082	0.015239
3.98	0.489035	0.0150978
3.99	0.48795	0.0149556
4	0.486826	0.0148125
4.01	0.485664	0.0146684
4.02	0.484463	0.0145234
4.03	0.483223	0.0143775
4.04	0.481944	0.0142309
4.05	0.480627	0.0140833
4.06	0.479271	0.0139351
4.07	0.477875	0.0137861
4.08	0.476442	0.0136364
4.09	0.474969	0.013486
4.1	0.473457	0.013335
4.11	0.471907	0.0131834
4.12	0.470317	0.0130313
4.13	0.468689	0.0128786
4.14	0.467022	0.0127255
4.15	0.465317	0.0125719
4.16	0.463572	0.0124179
4.17	0.461789	0.0122635
4.18	0.459967	0.0121088
4.19	0.458106	0.0119538
4.2	0.456207	0.0117985
4.21	0.454269	0.0116429
4.22	0.452293	0.0114872
4.23	0.450279	0.0113314
4.24	0.448225	0.0111754
4.25	0.446134	0.0110193
4.26	0.444004	0.0108631
4.27	0.441837	0.010707
4.28	0.439631	0.0105509
4.29	0.437387	0.0103948
4.3	0.435105	0.0102389
4.31	0.432786	0.010083
4.32	0.430428	0.00992737
4.33	0.428034	0.00977192
4.34	0.425601	0.00961671
4.35	0.423132	0.00946177
4.36	0.420625	0.00930714
4.37	0.418081	0.00915287
4.38	0.4155	0.00899897
4.39	0.412882	0.0088455
4.4	0.410227	0.00869248
4.41	0.407536	0.00853994
4.42	0.404809	0.00838793
4.43	0.402045	0.00823647
4.44	0.399245	0.00808561
4.45	0.396409	0.00793537
4.46	0.393538	0.00778579
4.47	0.39063	0.0076369
4.48	0.387688	0.00748874
4.49	0.38471	0.00734133
4.5	0.381698	0.00719472
4.51	0.37865	0.00704892
4.52	0.375568	0.00690398
4.53	0.372451	0.00675993
4.54	0.3693	0.00661679
4.55	0.366116	0.00647461
4.56	0.362897	0.0063334
4.57	0.359645	0.0061932
4.58	0.356359	0.00605404
4.59	0.353041	0.00591595
4.6	0.349689	0.00577895
4.61	0.346305	0.00564308
4.62	0.342889	0.00550837
4.63	0.33944	0.00537483
4.64	0.33596	0.00524251
4.65	0.332448	0.00511142
4.66	0.328905	0.0049816
4.67	0.325331	0.00485306
4.68	0.321725	0.00472584
4.69	0.31809	0.00459996
4.7	0.314424	0.00447544
4.71	0.310728	0.00435231
4.72	0.307003	0.00423059
4.73	0.303248	0.00411031
4.74	0.299465	0.00399148
4.75	0.295652	0.00387414
4.76	0.291811	0.00375829
4.77	0.287943	0.00364397
4.78	0.284046	0.00353119
4.79	0.280122	0.00341997
4.8	0.276171	0.00331034
4.81	0.272193	0.0032023
4.82	0.268188	0.00309589
4.83	0.264158	0.00299111
4.84	0.260101	0.00288798
4.85	0.25602	0.00278653
4.86	0.251913	0.00268676
4.87	0.247782	0.00258869
4.88	0.243626	0.00249234
4.89	0.239446	0.00239772
4.9	0.235243	0.00230484
4.91	0.231017	0.00221372
4.92	0.226767	0.00212437
4.93	0.222496	0.0020368
4.94	0.218202	0.00195102
4.95	0.213886	0.00186705
4.96	0.20955	0.00178489
4.97	0.205192	0.00170455
4.98	0.200814	0.00162603
4.99	0.196416	0.00154936
5	0.191998	0.00147453
5.01	0.187561	0.00140156
5.02	0.183106	0.00133044
5.03	0.178631	0.00126119
5.04	0.174139	0.0011938
5.05	0.16963	0.00112829
5.06	0.165103	0.00106465
5.07	0.160559	0.00100289
5.08	0.155999	0.000943014
5.09	0.151424	0.000885019
5.1	0.146833	0.000828908
5.11	0.142227	0.00077468
5.12	0.137607	0.000722335
5.13	0.132972	0.000671873
5.14	0.128324	0.000623292
5.15	0.123663	0.00057659
5.16	0.11899	0.000531763
5.17	0.114304	0.000488809
5.18	0.109606	0.000447723
5.19	0.104897	0.000408501
5.2	0.100178	0.000371137
5.21	0.0954476	0.000335625
5.22	0.0907078	0.000301959
5.23	0.0859587	0.000270132
5.24	0.0812006	0.000240136
5.25	0.0764342	0.000211962
5.26	0.0716599	0.000185601
5.27	0.0668781	0.000161045
5.28	0.0620894	0.000138283
5.29	0.0572943	0.000117303
5.3	0.0524932	9.80965e-05
5.31	0.0476866	8.06498e-05
5.32	0.042875	6.4951e-05
5.33	0.038059	5.09872e-05
5.34	0.033239	3.87449e-05
5.35	0.0284156	2.82102e-05
5.36	0.0235891	1.93685e-05
5.37	0.0187602	1.22047e-05
5.38	0.0139294	6.70346e-06
5.39	0.00909705	2.84855e-06
5.4	0.00426377	6.23448e-07
5.41	-0.000569959	1.10992e-08
5.42	-0.00540363	9.93969e-07
5.43	-0.0102367	3.55405e-06
5.44	-0.0150688	7.67285e-06
5.45	-0.0198992	1.33315e-05
5.46	-0.0247275	2.05105e-05
5.47	-0.0295533	2.91901e-05
5.48	-0.0343759	3.93501e-05
5.49	-0.0391948	5.09698e-05
5.5	-0.0440096	6.40281e-05
5.51	-0.0488198	7.85035e-05
5.52	-0.0536248	9.43742e-05
5.53	-0.0584241	0.000111618
5.54	-0.0632172	0.000130212
5.55	-0.0680036	0.000150134
5.56	-0.0727828	0.000171359
5.57	-0.0775542	0.000193865
5.58	-0.0823174	0.000217628
5.59	-0.0870718	0.000242623
5.6	-0.091817	0.000268825
5.61	-0.0965524	0.00029621
5.62	-0.101277	0.000324753
5.63	-0.105992	0.000354428
5.64	-0.110695	0.000385209
5.65	-0.115386	0.000417071
5.66	-0.120065	0.000449986
5.67	-0.124731	0.00048393
5.68	-0.129384	0.000518875
5.69	-0.134023	0.000554795
5.7	-0.138647	0.000591662
5.71	-0.143257	0.00062945
5.72	-0.147852	0.000668131
5.73	-0.152431	0.000707677
5.74	-0.156993	0.000748061
5.75	-0.161539	0.000789256
5.76	-0.166067	0.000831233
5.77	-0.170578	0.000873965
5.78	-0.17507	0.000917423
5.79	-0.179544	0.00096158
5.8	-0.183999	0.00100641
5.81	-0.188434	0.00105188
5.82	-0.192849	0.00109796
5.83	-0.197243	0.00114463
5.84	-0.201616	0.00119186
5.85	-0.205968	0.00123961
5.86	-0.210297	0.00128787
5.87	-0.214605	0.0013366
5.88	-0.218889	0.00138578
5.89	-0.22315	0.00143537
5.9	-0.227387	0.00148535
5.91	-0.231601	0.00153569
5.92	-0.235789	0.00158637
5.93	-0.239952	0.00163735
5.94	-0.24409	0.0016886
5.95	-0.248202	0.00174011
5.96	-0.252288	0.00179184
5.97	-0.256347	0.00184377
5.98	-0.260378	0.00189586
5.99	-0.264382	0.0019481
6	-0.268358	0.00200045
6.01	-0.272306	0.00205289
6.02	-0.276225	0.00210539
6.03	-0.280114	0.00215792
6.04	-0.283974	0.00221047
6.05	-0.287805	0.002263
6.06	-0.291605	0.00231549
6.07	-0.295374	0.00236792
6.08	-0.299112	0.00242025
6.09	-0.302819	0.00247247
6.1	-0.306494	0.00252454
6.11	-0.310136	0.00257646
6.12	-0.313747	0.00262818
6.13	-0.317324	0.0026797
6.14	-0.320869	0.00273098
6.15	-0.32438	0.002782
6.16	-0.327857	0.00283275
6.17	-0.331301	0.00288319
6.18	-0.334709	0.00293332
6.19	-0.338084	0.00298309
6.2	-0.341423	0.00303251
6.21	-0.344727	0.00308153
6.22	-0.347995	0.00313015
6.23	-0.351228	0.00317835
6.24	-0.354424	0.0032261
6.25	-0.357584	0.00327338
6.26	-0.360708	0.00332018
6.27	-0.363794	0.00336648
6.28	-0.366844	0.00341226
6.29	-0.369856	0.00345751
6.3	-0.37283	0.0035022
6.31	-0.375767	0.00354633
6.32	-0.378666	0.00358986
6.33	-0.381526	0.0036328
6.34	-0.384348	0.00367512
6.35	-0.387132	0.0037168
6.36	-0.389876	0.00375785
6.37	-0.392582	0.00379823
6.38	-0.395248	0.00383794
6.39	-0.397875	0.00387696
6.4	-0.400462	0.00391529
6.41	-0.40301	0.0039529
6.42	-0.405518	0.00398979
6.43	-0.407986	0.00402595
6.44	-0.410414	0.00406137
6.45	-0.412802	0.00409603
6.46	-0.415149	0.00412993
6.47	-0.417456	0.00416306
6.48	-0.419722	0.00419541
6.49	-0.421948	0.00422696
6.5	-0.424133	0.00425772
6.51	-0.426277	0.00428767
6.52	-0.42838	0.00431681
6.53	-0.430442	0.00434514
6.54	-0.432464	0.00437264
6.55	-0.434444	0.00439931
6.56	-0.436383	0.00442514
6.57	-0.43828	0.00445014
6.58	-0.440137	0.00447429
6.59	-0.441952	0.00449759
6.6	-0.443727	0.00452005
6.61	-0.44546	0.00454165
6.62	-0.447151	0.0045624
6.63	-0.448802	0.00458228
6.64	-0.450411	0.00460131
6.65	-0.451979	0.00461948
6.66	-0.453506	0.00463679
6.67	-0.454991	0.00465323
6.68	-0.456436	0.00466882
6.69	-0.45784	0.00468354
6.7	-0.459202	0.00469741
6.71	-0.460524	0.00471041
6.72	-0.461804	0.00472256
6.73	-0.463044	0.00473386
6.74	-0.464244	0.0047443
6.75	-0.465402	0.00475389
6.76	-0.46652	0.00476264
6.77	-0.467598	0.00477055
6.78	-0.468636	0.00477762
6.79	-0.469633	0.00478385
6.8	-0.47059	0.00478925
6.81	-0.471507	0.00479383
6.82	-0.472385	0.00479759
6.83	-0.473223	0.00480054
6.84	-0.474021	0.00480268
6.85	-0.47478	0.00480402
6.86	-0.4755	0.00480456
6.87	-0.476181	0.00480431
6.88	-0.476824	0.00480329
6.89	-0.477427	0.00480149
6.9	-0.477992	0.00479892
6.91	-0.478519	0.00479559
6.92	-0.479008	0.00479152
6.93	-0.479459	0.0047867
6.94	-0.479872	0.00478115
6.95	-0.480248	0.00477487
6.96	-0.480587	0.00476788
6.97	-0.480889	0.00476018
6.98	-0.481154	0.00475179
6.99	-0.481383	0.00474271
7	-0.481575	0.00473295
7.01	-0.481731	0.00472252
7.02	-0.481852	0.00471144
7.03	-0.481937	0.00469971
7.04	-0.481987	0.00468734
7.05	-0.482003	0.00467434
7.06	-0.481983	0.00466073
7.07	-0.481929	0.00464652
7.08	-0.481841	0.00463171
7.09	-0.481719	0.00461632
7.1	-0.481564	0.00460036
7.11	-0.481376	0.00458384
7.12	-0.481154	0.00456676
7.13	-0.4809	0.00454916
7.14	-0.480614	0.00453102
7.15	-0.480296	0.00451237
7.16	-0.479945	0.00449322
7.17	-0.479564	0.00447358
7.18	-0.479152	0.00445346
7.19	-0.478709	0.00443287
7.2	-0.478235	0.00441182
7.21	-0.477732	0.00439033
7.22	-0.477198	0.00436841
7.23	-0.476636	0.00434607
7.24	-0.476044	0.00432331
7.25	-0.475423	0.00430017
7.26	-0.474775	0.00427663
7.27	-0.474098	0.00425272
7.28	-0.473393	0.00422846
7.29	-0.472662	0.00420384
7.3	-0.471903	0.00417888
7.31	-0.471118	0.00415359
7.32	-0.470306	0.00412799
7.33	-0.469469	0.00410209
7.34	-0.468606	0.00407589
7.35	-0.467718	0.00404942
7.36	-0.466805	0.00402267
7.37	-0.465867	0.00399567
7.38	-0.464906	0.00396841
7.39	-0.46392	0.00394093
7.4	-0.462912	0.00391321
7.41	-0.46188	0.00388528
7.42	-0.460826	0.00385715
7.43	-0.45975	0.00382882
7.44	-0.458652	0.00380032
7.45	-0.457532	0.00377164
7.46	-0.456391	0.0037428
7.47	-0.455229	0.0037138
7.48	-0.454047	0.00368467
7.49	-0.452845	0.0036554
7.5	-0.451623	0.00362602
7.51	-0.450382	0.00359652
7.52	-0.449122	0.00356691
7.53	-0.447843	0.00353722
7.54	-0.446546	0.00350744
7.55	-0.445232	0.00347759
7.56	-0.4439	0.00344767
7.57	-0.44255	0.0034177
7.58	-0.441184	0.00338768
7.59	-0.439802	0.00335761
7.6	-0.438404	0.00332752
7.61	-0.436989	0.00329741
7.62	-0.43556	0.00326728
7.63	-0.434116	0.00323714
7.64	-0.432657	0.00320701
7.65	-0.431184	0.00317689
7.66	-0.429697	0.00314678
7.67	-0.428196	0.0031167
7.68	-0.426682	0.00308664
7.69	-0.425155	0.00305663
7.7	-0.423616	0.00302666
7.71	-0.422065	0.00299674
7.72	-0.420502	0.00296689
7.73	-0.418927	0.00293709
7.74	-0.417341	0.00290737
7.75	-0.415744	0.00287773
7.76	-0.414137	0.00284816
7.77	-0.41252	0.00281869
7.78	-0.410893	0.00278931
7.79	-0.409256	0.00276004
7.8	-0.40761	0.00273086
7.81	-0.405955	0.0027018
7.82	-0.404292	0.00267286
7.83	-0.40262	0.00264403
7.84	-0.40094	0.00261533
7.85	-0.399253	0.00258676
7.86	-0.397558	0.00255833
7.87	-0.395856	0.00253003
7.88	-0.394148	0.00250188
7.89	-0.392433	0.00247387
7.9	-0.390712	0.00244601
7.91	-0.388985	0.00241831
7.92	-0.387252	0.00239077
7.93	-0.385514	0.00236339
7.94	-0.383771	0.00233617
7.95	-0.382023	0.00230912
7.96	-0.380271	0.00228224
7.97	-0.378515	0.00225553
7.98	-0.376754	0.002229
7.99	-0.37499	0.00220265
8	-0.373222	0.00217648
8.01	-0.371451	0.0021505
8.02	-0.369677	0.0021247
8.03	-0.367901	0.00209909
8.04	-0.366122	0.00207367
8.05	-0.364341	0.00204844
8.06	-0.362557	0.00202341
8.07	-0.360773	0.00199857
8.08	-0.358986	0.00197393
8.09	-0.357198	0.00194949
8.1	-0.355409	0.00192525
8.11	-0.35362	0.00190121
8.12	-0.351829	0.00187738
8.13	-0.350039	0.00185375
8.14	-0.348248	0.00183032
8.15	-0.346457	0.0018071
8.16	-0.344666	0.00178409
8.17	-0.342875	0.00176128
8.18	-0.341086	0.00173868
8.19	-0.339296	0.00171629
8.2	-0.337508	0.00169411
8.21	-0.335721	0.00167214
8.22	-0.333936	0.00165037
8.23	-0.332152	0.00162882
8.24	-0.330369	0.00160748
8.25	-0.328589	0.00158635
8.26	-0.32681	0.00156542
8.27	-0.325034	0.00154471
8.28	-0.32326	0.00152421
8.29	-0.321489	0.00150391
8.3	-0.31972	0.00148383
8.31	-0.317954	0.00146395
8.32	-0.316191	0.00144428
8.33	-0.314431	0.00142482
8.34	-0.312674	0.00140557
8.35	-0.310921	0.00138653
8.36	-0.309172	0.00136769
8.37	-0.307426	0.00134905
8.38	-0.305683	0.00133063
8.39	-0.303945	0.0013124
8.4	-0.302211	0.00129438
8.41	-0.300481	0.00127656
8.42	-0.298755	0.00125895
8.43	-0.297034	0.00124153
8.44	-0.295317	0.00122431
8.45	-0.293605	0.00120729
8.46	-0.291898	0.00119047
8.47	-0.290195	0.00117385
8.48	-0.288497	0.00115742
8.49	-0.286805	0.00114119
8.5	-0.285117	0.00112515
8.51	-0.283435	0.0011093
8.52	-0.281758	0.00109364
8.53	-0.280087	0.00107817
8.54	-0.278421	0.00106289
8.55	-0.27676	0.00104779
8.56	-0.275106	0.00103288
8.57	-0.273457	0.00101816
8.58	-0.271814	0.00100362
8.59	-0.270176	0.000989255
8.6	-0.268545	0.000975073
8.61	-0.26692	0.00096107
8.62	-0.265301	0.000947244
8.63	-0.263688	0.000933594
8.64	-0.262081	0.000920117
8.65	-0.26048	0.000906813
8.66	-0.258886	0.000893681
8.67	-0.257299	0.000880717
8.68	-0.255717	0.000867922
8.69	-0.254143	0.000855294
8.7	-0.252574	0.00084283
8.71	-0.251013	0.00083053
8.72	-0.249458	0.000818392
8.73	-0.24791	0.000806415
8.74	-0.246368	0.000794596
8.75	-0.244833	0.000782934
8.76	-0.243306	0.000771429
8.77	-0.241784	0.000760077
8.78	-0.24027	0.000748878
8.79	-0.238763	0.00073783
8.8	-0.237263	0.000726932
8.81	-0.235769	0.000716182
8.82	-0.234283	0.000705578
8.83	-0.232804	0.000695119
8.84	-0.231332	0.000684803
8.85	-0.229867	0.000674629
8.86	-0.228409	0.000664595
8.87	-0.226958	0.0006547
8.88	-0.225514	0.000644942
8.89	-0.224077	0.00063532
8.9	-0.222648	0.000625831
8.91	-0.221226	0.000616475
8.92	-0.219811	0.00060725
8.93	-0.218403	0.000598155
8.94	-0.217002	0.000589187
8.95	-0.215609	0.000580346
8.96	-0.214223	0.00057163
8.97	-0.212844	0.000563038
8.98	-0.211472	0.000554568
8.99	-0.210108	0.000546218
9	-0.208751	0.000537987
9.01	-0.207401	0.000529874
9.02	-0.206059	0.000521877
9.03	-0.204723	0.000513995
9.04	-0.203395	0.000506227
9.05	-0.202075	0.00049857
9.06	-0.200761	0.000491024
9.07	-0.199455	0.000483587
9.08	-0.198156	0.000476258
9.09	-0.196864	0.000469035
9.1	-0.19558	0.000461917
9.11	-0.194302	0.000454904
9.12	-0.193032	0.000447992
9.13	-0.191769	0.000441182
9.14	-0.190514	0.000434471
9.15	-0.189265	0.000427859
9.16	-0.188024	0.000421344
9.17	-0.18679	0.000414924
9.18	-0.185563	0.0004086
9.19	-0.184343	0.000402369
9.2	-0.183131	0.00039623
9.21	-0.181925	0.000390181
9.22	-0.180727	0.000384223
9.23	-0.179535	0.000378353
9.24	-0.178351	0.00037257
9.25	-0.177174	0.000366873
9.26	-0.176004	0.000361261
9.27	-0.17484	0.000355733
9.28	-0.173684	0.000350287
9.29	-0.172535	0.000344923
9.3	-0.171393	0.000339639
9.31	-0.170257	0.000334435
9.32	-0.169129	0.000329308
9.33	-0.168007	0.000324259
9.34	-0.166892	0.000319285
9.35	-0.165784	0.000314387
9.36	-0.164683	0.000309562
9.37	-0.163589	0.00030481
9.38	-0.162502	0.00030013
9.39	-0.161421	0.00029552
9.4	-0.160347	0.000290981
9.41	-0.159279	0.00028651
9.42	-0.158219	0.000282107
9.43	-0.157165	0.00027777
9.44	-0.156117	0.0002735
9.45	-0.155076	0.000269294
9.46	-0.154042	0.000265153
9.47	-0.153014	0.000261074
9.48	-0.151993	0.000257058
9.49	-0.150978	0.000253102
9.5	-0.14997	0.000249208
9.51	-0.148968	0.000245372
9.52	-0.147973	0.000241595
9.53	-0.146984	0.000237876
9.54	-0.146001	0.000234214
9.55	-0.145024	0.000230608
9.56	-0.144054	0.000227057
9.57	-0.14309	0.000223561
9.58	-0.142133	0.000220118
9.59	-0.141181	0.000216728
9.6	-0.140236	0.00021339
9.61	-0.139297	0.000210104
9.62	-0.138363	0.000206868
9.63	-0.137436	0.000203681
9.64	-0.136516	0.000200544
9.65	-0.135601	0.000197455
9.66	-0.134692	0.000194414
9.67	-0.133789	0.000191419
9.68	-0.132892	0.000188471
9.69	-0.132	0.000185568
9.7	-0.131115	0.00018271
9.71	-0.130236	0.000179896
9.72	-0.129362	0.000177125
9.73	-0.128494	0.000174398
9.74	-0.127632	0.000171712
9.75	-0.126776	0.000169068
9.76	-0.125925	0.000166465
9.77	-0.12508	0.000163902
9.78	-0.12424	0.000161379
9.79	-0.123406	0.000158894
9.8	-0.122578	0.000156449
9.81	-0.121755	0.000154041
9.82	-0.120938	0.00015167
9.83	-0.120126	0.000149337
9.84	-0.119319	0.000147039
9.85	-0.118518	0.000144777
9.86	-0.117723	0.00014255
9.87	-0.116932	0.000140357
9.88	-0.116147	0.000138199
9.89	-0.115368	0.000136074
9.9	-0.114593	0.000133982
9.91	-0.113824	0.000131923
9.92	-0.11306	0.000129895
9.93	-0.112301	0.000127899
9.94	-0.111547	0.000125934
9.95	-0.110798	0.000124
9.96	-0.110055	0.000122095
9.97	-0.109316	0.00012022
9.98	-0.108582	0.000118374
9.99	-0.107854	0.000116557
10	-0.10713	0.000114769
10.01	-0.106411	0.000113007
10.02	-0.105697	0.000111274
10.03	-0.104988	0.000109567
10.04	-0.104284	0.000107887
10.05	-0.103585	0.000106233
10.06	-0.10289	0.000104604
10.07	-0.1022	0.000103001
10.08	-0.101515	0.000101423
10.09	-0.100834	9.98695e-05
10.1	-0.100158	9.834e-05
10.11	-0.0994869	9.68343e-05
10.12	-0.0988202	9.53521e-05
10.13	-0.098158	9.38928e-05
10.14	-0.0975003	9.24562e-05
10.15	-0.0968472	9.1042e-05
10.16	-0.0961985	8.96498e-05
10.17	-0.0955543	8.82792e-05
10.18	-0.0949144	8.69299e-05
10.19	-0.094279	8.56015e-05
10.2	-0.0936479	8.42938e-05
10.21	-0.0930211	8.30065e-05
10.22	-0.0923987	8.17391e-05
10.23	-0.0917805	8.04914e-05
10.24	-0.0911666	7.92631e-05
10.25	-0.0905568	7.80539e-05
10.26	-0.0899513	7.68635e-05
10.27	-0.0893499	7.56915e-05
10.28	-0.0887527	7.45378e-05
10.29	-0.0881595	7.3402e-05
10.3	-0.0875705	7.22838e-05
10.31	-0.0869855	7.1183e-05
10.32	-0.0864045	7.00992e-05
10.33	-0.0858275	6.90323e-05
10.34	-0.0852545	6.79819e-05
10.35	-0.0846854	6.69479e-05
10.36	-0.0841203	6.59299e-05
10.37	-0.0835591	6.49276e-05
10.38	-0.0830017	6.39409e-05
10.39	-0.0824481	6.29695e-05
10.4	-0.0818984	6.20132e-05
10.41	-0.0813525	6.10717e-05
10.42	-0.0808103	6.01448e-05
10.43	-0.0802719	5.92323e-05
10.44	-0.0797372	5.83338e-05
10.45	-0.0792061	5.74494e-05
10.46	-0.0786788	5.65786e-05
10.47	-0.0781551	5.57212e-05
10.48	-0.077635	5.48772e-05
10.49	-0.0771184	5.40462e-05
10.5	-0.0766055	5.32281e-05
10.51	-0.0760961	5.24227e-05
10.52	-0.0755902	5.16297e-05
10.53	-0.0750878	5.08489e-05
10.54	-0.0745888	5.00803e-05
10.55	-0.0740934	4.93235e-05
10.56	-0.0736013	4.85784e-05
10.57	-0.0731126	4.78448e-05
10.58	-0.0726273	4.71226e-05
10.59	-0.0721454	4.64115e-05
10.6	-0.0716668	4.57113e-05
10.61	-0.0711915	4.5022e-05
10.62	-0.0707194	4.43434e-05
10.63	-0.0702507	4.36752e-05
10.64	-0.0697852	4.30173e-05
10.65	-0.0693228	4.23695e-05
10.66	-0.0688637	4.17318e-05
10.67	-0.0684078	4.11038e-05
10.68	-0.067955	4.04856e-05
10.69	-0.0675053	3.98768e-05
10.7	-0.0670588	3.92775e-05
10.71	-0.0666153	3.86873e-05
10.72	-0.0661748	3.81063e-05
10.73	-0.0657375	3.75341e-05
10.74	-0.0653031	3.69708e-05
10.75	-0.0648718	3.64162e-05
10.76	-0.0644434	3.587e-05
10.77	-0.0640179	3.53323e-05
10.78	-0.0635955	3.48028e-05
10.79	-0.0631759	3.42815e-05
10.8	-0.0627592	3.37682e-05
10.81	-0.0623454	3.32627e-05
10.82	-0.0619345	3.2765e-05
10.83	-0.0615263	3.22749e-05
10.84	-0.061121	3.17924e-05
10.85	-0.0607185	3.13172e-05
10.86	-0.0603188	3.08494e-05
10.87	-0.0599219	3.03886e-05
10.88	-0.0595276	2.9935e-05
10.89	-0.0591361	2.94883e-05
10.9	-0.0587473	2.90484e-05
10.91	-0.0583612	2.86153e-05
10.92	-0.0579777	2.81888e-05
10.93	-0.0575968	2.77688e-05
10.94	-0.0572186	2.73552e-05
10.95	-0.056843	2.6948e-05
10.96	-0.05647	2.6547e-05
10.97	-0.0560996	2.6152e-05
10.98	-0.0557317	2.57632e-05
10.99	-0.0553663	2.53802e-05
11	-0.0550034	2.50031e-05
11.01	-0.0546431	2.46318e-05
11.02	-0.0542852	2.42661e-05
11.03	-0.0539298	2.3906e-05
11.04	-0.0535768	2.35513e-05
11.05	-0.0532263	2.32021e-05
11.06	-0.0528781	2.28582e-05
11.07	-0.0525324	2.25195e-05
11.08	-0.052189	2.2186e-05
11.09	-0.051848	2.18575e-05
11.1	-0.0515094	2.15341e-05
11.11	-0.051173	2.12155e-05
11.12	-0.050839	2.09018e-05
11.13	-0.0505072	2.05929e-05
11.14	-0.0501778	2.02886e-05
11.15	-0.0498506	1.9989e-05
11.16	-0.0495256	1.96939e-05
11.17	-0.0492029	1.94033e-05
11.18	-0.0488824	1.91171e-05
11.19	-0.0485641	1.88352e-05
11.2	-0.0482479	1.85576e-05
11.21	-0.0479339	1.82842e-05
11.22	-0.0476221	1.80149e-05
11.23	-0.0473124	1.77497e-05
11.24	-0.0470049	1.74885e-05
11.25	-0.0466994	1.72313e-05
11.26	-0.046396	1.69779e-05
11.27	-0.0460947	1.67284e-05
11.28	-0.0457955	1.64827e-05
11.29	-0.0454983	1.62406e-05
11.3	-0.0452032	1.60022e-05
11.31	-0.04491	1.57674e-05
11.32	-0.0446189	1.55362e-05
11.33	-0.0443297	1.53084e-05
11.34	-0.0440426	1.50841e-05
11.35	-0.0437573	1.48631e-05
11.36	-0.0434741	1.46455e-05
11.37	-0.0431927	1.44311e-05
11.38	-0.0429133	1.422e-05
11.39	-0.0426358	1.40121e-05
11.4	-0.0423602	1.38072e-05
11.41	-0.0420865	1.36055e-05
11.42	-0.0418146	1.34067e-05
11.43	-0.0415446	1.3211e-05
11.44	-0.0412764	1.30182e-05
11.45	-0.04101	1.28283e-05
11.46	-0.0407455	1.26412e-05
11.47	-0.0404827	1.2457e-05
11.48	-0.0402218	1.22755e-05
11.49	-0.0399626	1.20967e-05
11.5	-0.0397051	1.19206e-05
11.51	-0.0394495	1.17471e-05
11.52	-0.0391955	1.15763e-05
11.53	-0.0389433	1.14079e-05
11.54	-0.0386928	1.12421e-05
11.55	-0.038444	1.10788e-05
11.56	-0.0381969	1.09179e-05
11.57	-0.0379515	1.07595e-05
11.58	-0.0377077	1.06033e-05
11.59	-0.0374656	1.04496e-05
11.6	-0.0372251	1.02981e-05
11.61	-0.0369862	1.01488e-05
11.62	-0.036749	1.00018e-05
11.63	-0.0365134	9.85699e-06
11.64	-0.0362793	9.71432e-06
11.65	-0.0360469	9.57378e-06
11.66	-0.035816	9.43533e-06
11.67	-0.0355867	9.29894e-06
11.68	-0.0353589	9.16457e-06
11.69	-0.0351327	9.03221e-06
11.7	-0.034908	8.9018e-06
11.71	-0.0346848	8.77334e-06
11.72	-0.0344631	8.64678e-06
11.73	-0.034243	8.5221e-06
11.74	-0.0340243	8.39926e-06
11.75	-0.033807	8.27825e-06
11.76	-0.0335913	8.15903e-06
11.77	-0.033377	8.04158e-06
11.78	-0.0331641	7.92586e-06
11.79	-0.0329527	7.81186e-06
11.8	-0.0327427	7.69954e-06
11.81	-0.0325341	7.58889e-06
11.82	-0.0323269	7.47987e-06
11.83	-0.0321211	7.37246e-06
11.84	-0.0319167	7.26663e-06
11.85	-0.0317137	7.16237e-06
11.86	-0.031512	7.05965e-06
11.87	-0.0313117	6.95844e-06
11.88	-0.0311127	6.85873e-06
11.89	-0.0309151	6.76048e-06
11.9	-0.0307188	6.66368e-06
11.91	-0.0305238	6.56831e-06
11.92	-0.0303301	6.47434e-06
11.93	-0.0301377	6.38176e-06
11.94	-0.0299466	6.29053e-06
11.95	-0.0297568	6.20065e-06
11.96	-0.0295683	6.11209e-06
11.97	-0.029381	6.02482e-06
11.98	-0.029195	5.93884e-06
11.99	-0.0290102	5.85413e-06
12	-0.0288266	5.77065e-06
12.01	-0.0286443	5.6884e-06
12.02	-0.0284632	5.60735e-06
12.03	-0.0282833	5.5275e-06
12.04	-0.0281046	5.44881e-06
12.05	-0.0279271	5.37127e-06
12.06	-0.0277508	5.29487e-06
12.07	-0.0275756	5.21959e-06
12.08	-0.0274017	5.14541e-06
12.09	-0.0272288	5.07231e-06
12.1	-0.0270572	5.00028e-06
12.11	-0.0268867	4.9293e-06
12.12	-0.0267173	4.85936e-06
12.13	-0.026549	4.79044e-06
12.14	-0.0263819	4.72252e-06
12.15	-0.0262159	4.6556e-06
12.16	-0.0260509	4.58965e-06
12.17	-0.0258871	4.52466e-06
12.18	-0.0257244	4.46062e-06
12.19	-0.0255627	4.39751e-06
12.2	-0.0254021	4.33531e-06
12.21	-0.0252426	4.27403e-06
12.22	-0.0250842	4.21363e-06
12.23	-0.0249267	4.15411e-06
12.24	-0.0247704	4.09546e-06
12.25	-0.0246151	4.03766e-06
12.26	-0.0244608	3.98069e-06
12.27	-0.0243075	3.92456e-06
12.28	-0.0241552	3.86923e-06
12.29	-0.024004	3.81471e-06
12.3	-0.0238537	3.76098e-06
12.31	-0.0237044	3.70803e-06
12.32	-0.0235562	3.65585e-06
12.33	-0.0234089	3.60442e-06
12.34	-0.0232626	3.55373e-06
12.35	-0.0231172	3.50378e-06
12.36	-0.0229728	3.45455e-06
12.37	-0.0228294	3.40603e-06
12.38	-0.0226869	3.35821e-06
12.39	-0.0225453	3.31108e-06
12.4	-0.0224047	3.26463e-06
12.41	-0.022265	3.21885e-06
12.42	-0.0221262	3.17374e-06
12.43	-0.0219883	3.12927e-06
12.44	-0.0218514	3.08544e-06
12.45	-0.0217153	3.04225e-06
12.46	-0.0215802	2.99967e-06
12.47	-0.0214459	2.95771e-06
12.48	-0.0213125	2.91636e-06
12.49	-0.02118	2.87559e-06
12.5	-0.0210484	2.83542e-06
12.51	-0.0209176	2.79582e-06
12.52	-0.0207877	2.75679e-06
12.53	-0.0206586	2.71832e-06
12.54	-0.0205304	2.6804e-06
12.55	-0.020403	2.64302e-06
12.56	-0.0202765	2.60618e-06
12.57	-0.0201507	2.56987e-06
12.58	-0.0200259	2.53408e-06
12.59	-0.0199018	2.4988e-06
12.6	-0.0197785	2.46403e-06
12.61	-0.0196561	2.42976e-06
12.62	-0.0195344	2.39597e-06
12.63	-0.0194135	2.36267e-06
12.64	-0.0192935	2.32984e-06
12.65	-0.0191742	2.29749e-06
12.66	-0.0190557	2.26559e-06
12.67	-0.0189379	2.23415e-06
12.68	-0.018821	2.20316e-06
12.69	-0.0187048	2.17261e-06
12.7	-0.0185893	2.1425e-06
12.71	-0.0184746	2.11281e-06
12.72	-0.0183607	2.08355e-06
12.73	-0.0182475	2.0547e-06
12.74	-0.018135	2.02627e-06
12.75	-0.0180233	1.99824e-06
12.76	-0.0179123	1.97061e-06
12.77	-0.017802	1.94337e-06
12.78	-0.0176924	1.91652e-06
12.79	-0.0175836	1.89005e-06
12.8	-0.0174754	1.86396e-06
12.81	-0.017368	1.83823e-06
12.82	-0.0172612	1.81287e-06
12.83	-0.0171552	1.78787e-06
12.84	-0.0170498	1.76323e-06
12.85	-0.0169451	1.73893e-06
12.86	-0.0168411	1.71498e-06
12.87	-0.0167378	1.69137e-06
12.88	-0.0166351	1.66809e-06
12.89	-0.0165331	1.64514e-06
12.9	-0.0164318	1.62252e-06
12.91	-0.0163311	1.60021e-06
12.92	-0.0162311	1.57823e-06
12.93	-0.0161317	1.55655e-06
12.94	-0.0160329	1.53517e-06
12.95	-0.0159348	1.5141e-06
12.96	-0.0158374	1.49333e-06
12.97	-0.0157405	1.47285e-06
12.98	-0.0156443	1.45266e-06
12.99	-0.0155487	1.43275e-06
13	-0.0154537	1.41312e-06
13.01	-0.0153594	1.39377e-06
13.02	-0.0152656	1.3747e-06
13.03	-0.0151725	1.35589e-06
13.04	-0.0150799	1.33734e-06
13.05	-0.0149879	1.31906e-06
13.06	-0.0148966	1.30103e-06
13.07	-0.0148058	1.28325e-06
13.08	-0.0147156	1.26573e-06
13.09	-0.014626	1.24845e-06
13.1	-0.014537	1.23141e-06
13.11	-0.0144485	1.21462e-06
13.12	-0.0143606	1.19805e-06
13.13	-0.0142732	1.18172e-06
13.14	-0.0141865	1.16562e-06
13.15	-0.0141003	1.14975e-06
13.16	-0.0140146	1.13409e-06
13.17	-0.0139295	1.11866e-06
13.18	-0.0138449	1.10344e-06
13.19	-0.0137609	1.08844e-06
13.2	-0.0136774	1.07364e-06
13.21	-0.0135944	1.05905e-06
13.22	-0.013512	1.04466e-06
13.23	-0.0134301	1.03048e-06
13.24	-0.0133487	1.01649e-06
13.25	-0.0132679	1.0027e-06
13.26	-0.0131875	9.89101e-07
13.27	-0.0131077	9.75691e-07
13.28	-0.0130284	9.62468e-07
13.29	-0.0129496	9.49429e-07
13.3	-0.0128713	9.36571e-07
13.31	-0.0127935	9.23893e-07
13.32	-0.0127162	9.1139e-07
13.33	-0.0126394	8.99062e-07
13.34	-0.012563	8.86905e-07
13.35	-0.0124872	8.74917e-07
13.36	-0.0124118	8.63095e-07
13.37	-0.0123369	8.51437e-07
13.38	-0.0122625	8.39941e-07
13.39	-0.0121886	8.28605e-07
13.4	-0.0121152	8.17426e-07
13.41	-0.0120422	8.06402e-07
13.42	-0.0119696	7.9553e-07
13.43	-0.0118976	7.84809e-07
13.44	-0.011826	7.74237e-07
13.45	-0.0117548	7.63811e-07
13.46	-0.0116841	7.53529e-07
13.47	-0.0116138	7.43389e-07
13.48	-0.011544	7.33389e-07
13.49	-0.0114747	7.23528e-07
13.5	-0.0114057	7.13803e-07
13.51	-0.0113372	7.04212e-07
13.52	-0.0112692	6.94754e-07
13.53	-0.0112015	6.85426e-07
13.54	-0.0111343	6.76226e-07
13.55	-0.0110676	6.67154e-07
13.56	-0.0110012	6.58206e-07
13.57	-0.0109353	6.49382e-07
13.58	-0.0108698	6.40679e-07
13.59	-0.0108047	6.32096e-07
13.6	-0.01074	6.23632e-07
13.61	-0.0106757	6.15283e-07
13.62	-0.0106118	6.0705e-07
13.63	-0.0105483	5.98929e-07
13.64	-0.0104853	5.9092e-07
13.65	-0.0104226	5.83021e-07
13.66	-0.0103603	5.75231e-07
13.67	-0.0102984	5.67548e-07
13.68	-0.0102369	5.59969e-07
13.69	-0.0101758	5.52495e-07
13.7	-0.0101151	5.45124e-07
13.71	-0.0100547	5.37853e-07
13.72	-0.00999473	5.30682e-07
13.73	-0.00993514	5.23609e-07
13.74	-0.00987592	5.16633e-07
13.75	-0.00981708	5.09752e-07
13.76	-0.0097586	5.02966e-07
13.77	-0.00970049	4.96272e-07
13.78	-0.00964275	4.8967e-07
13.79	-0.00958536	4.83157e-07
13.8	-0.00952834	4.76734e-07
13.81	-0.00947168	4.70399e-07
13.82	-0.00941536	4.6415e-07
13.83	-0.00935941	4.57986e-07
13.84	-0.0093038	4.51906e-07
13.85	-0.00924854	4.4591e-07
13.86	-0.00919363	4.39994e-07
13.87	-0.00913905	4.3416e-07
13.88	-0.00908483	4.28405e-07
13.89	-0.00903093	4.22728e-07
13.9	-0.00897738	4.17128e-07
13.91	-0.00892416	4.11605e-07
13.92	-0.00887127	4.06157e-07
13.93	-0.00881872	4.00782e-07
13.94	-0.00876649	3.95481e-07
13.95	-0.00871459	3.90252e-07
13.96	-0.00866301	3.85094e-07
13.97	-0.00861175	3.80005e-07
13.98	-0.00856081	3.74986e-07
13.99	-0.00851019	3.70035e-07
14	-0.00845988	3.65151e-07
14.01	-0.00840989	3.60333e-07
14.02	-0.00836021	3.5558e-07
14.03	-0.00831083	3.50892e-07
14.04	-0.00826177	3.46267e-07
14.05	-0.008213	3.41705e-07
14.06	-0.00816455	3.37205e-07
14.07	-0.00811639	3.32765e-07
14.08	-0.00806853	3.28385e-07
14.09	-0.00802097	3.24065e-07
14.1	-0.0079737	3.19803e-07
14.11	-0.00792673	3.15598e-07
14.12	-0.00788005	3.1145e-07
14.13	-0.00783366	3.07358e-07
14.14	-0.00778755	3.03321e-07
14.15	-0.00774173	2.99339e-07
14.16	-0.0076962	2.9541e-07
14.17	-0.00765094	2.91535e-07
14.18	-0.00760597	2.87711e-07
14.19	-0.00756128	2.83939e-07
14.2	-0.00751686	2.80218e-07
14.21	-0.00747271	2.76547e-07
14.22	-0.00742884	2.72925e-07
14.23	-0.00738524	2.69352e-07
14.24	-0.00734191	2.65826e-07
14.25	-0.00729885	2.62349e-07
14.26	-0.00725605	2.58917e-07
14.27	-0.00721351	2.55532e-07
14.28	-0.00717124	2.52193e-07
14.29	-0.00712923	2.48898e-07
14.3	-0.00708748	2.45647e-07
14.31	-0.00704599	2.4244e-07
14.32	-0.00700475	2.39276e-07
14.33	-0.00696376	2.36154e-07
14.34	-0.00692303	2.33074e-07
14.35	-0.00688255	2.30035e-07
14.36	-0.00684231	2.27037e-07
14.37	-0.00680233	2.24079e-07
14.38	-0.00676259	2.21161e-07
14.39	-0.00672309	2.18281e-07
14.4	-0.00668384	2.1544e-07
14.41	-0.00664483	2.12637e-07
14.42	-0.00660605	2.09872e-07
14.43	-0.00656752	2.07143e-07
14.44	-0.00652922	2.04451e-07
14.45	-0.00649116	2.01794e-07
14.46	-0.00645333	1.99173e-07
14.47	-0.00641573	1.96587e-07
14.48	-0.00637836	1.94035e-07
14.49	-0.00634122	1.91518e-07
14.5	-0.00630431	1.89034e-07
14.51	-0.00626762	1.86583e-07
14.52	-0.00623116	1.84164e-07
14.53	-0.00619493	1.81778e-07
14.54	-0.00615891	1.79423e-07
14.55	-0.00612311	1.771e-07
14.56	-0.00608753	1.74808e-07
14.57	-0.00605217	1.72546e-07
14.58	-0.00601703	1.70314e-07
14.59	-0.0059821	1.68111e-07
14.6	-0.00594738	1.65938e-07
14.61	-0.00591288	1.63794e-07
14.62	-0.00587858	1.61678e-07
14.63	-0.0058445	1.5959e-07
14.64	-0.00581062	1.5753e-07
14.65	-0.00577695	1.55497e-07
14.66	-0.00574348	1.53491e-07
14.67	-0.00571022	1.51512e-07
14.68	-0.00567716	1.49558e-07
14.69	-0.0056443	1.47631e-07
14.7	-0.00561164	1.45729e-07
14.71	-0.00557918	1.43852e-07
14.72	-0.00554692	1.42e-07
14.73	-0.00551486	1.40172e-07
14.74	-0.00548298	1.38369e-07
14.75	-0.0054513	1.36589e-07
14.76	-0.00541982	1.34833e-07
14.77	-0.00538852	1.331e-07
14.78	-0.00535742	1.3139e-07
14.79	-0.0053265	1.29702e-07
14.8	-0.00529577	1.28037e-07
14.81	-0.00526523	1.26393e-07
14.82	-0.00523487	1.24772e-07
14.83	-0.0052047	1.23171e-07
14.84	-0.00517471	1.21592e-07
14.85	-0.0051449	1.20033e-07
14.86	-0.00511527	1.18495e-07
14.87	-0.00508582	1.16977e-07
14.88	-0.00505655	1.15479e-07
14.89	-0.00502745	1.14001e-07
14.9	-0.00499854	1.12542e-07
14.91	-0.00496979	1.11102e-07
14.92	-0.00494122	1.09681e-07
14.93	-0.00491282	1.08279e-07
14.94	-0.0048846	1.06895e-07
14.95	-0.00485654	1.05529e-07
14.96	-0.00482865	1.04181e-07
14.97	-0.00480093	1.02851e-07
14.98	-0.00477338	1.01538e-07
14.99	-0.004746	1.00242e-07
15	-0.00471878	9.89638e-08
15.01	-0.00469172	9.77018e-08
15.02	-0.00466483	9.64564e-08
15.03	-0.00463809	9.52272e-08
15.04	-0.00461152	9.40141e-08
15.05	-0.00458511	9.28169e-08
15.06	-0.00455886	9.16352e-08
15.07	-0.00453276	9.0469e-08
15.08	-0.00450683	8.9318e-08
15.09	-0.00448105	8.8182e-08
15.1	-0.00445542	8.70609e-08
15.11	-0.00442994	8.59543e-08
15.12	-0.00440462	8.48622e-08
15.13	-0.00437946	8.37843e-08
15.14	-0.00435444	8.27204e-08
15.15	-0.00432957	8.16704e-08
15.16	-0.00430485	8.0634e-08
15.17	-0.00428028	7.96111e-08
15.18	-0.00425586	7.86016e-08
15.19	-0.00423158	7.76051e-08
15.2	-0.00420745	7.66216e-08
15.21	-0.00418347	7.56509e-08
15.22	-0.00415962	7.46928e-08
15.23	-0.00413592	7.37471e-08
15.24	-0.00411236	7.28137e-08
15.25	-0.00408894	7.18924e-08
15.26	-0.00406567	7.0983e-08
15.27	-0.00404253	7.00854e-08
15.28	-0.00401953	6.91995e-08
15.29	-0.00399666	6.83251e-08
15.3	-0.00397394	6.74619e-08
15.31	-0.00395134	6.661e-08
15.32	-0.00392889	6.57691e-08
15.33	-0.00390656	6.4939e-08
15.34	-0.00388437	6.41197e-08
15.35	-0.00386232	6.3311e-08
15.36	-0.00384039	6.25127e-08
15.37	-0.0038186	6.17248e-08
15.38	-0.00379693	6.0947e-08
15.39	-0.00377539	6.01793e-08
15.4	-0.00375398	5.94215e-08
15.41	-0.0037327	5.86734e-08
15.42	-0.00371155	5.79351e-08
15.43	-0.00369052	5.72062e-08
15.44	-0.00366962	5.64867e-08
15.45	-0.00364884	5.57765e-08
15.46	-0.00362818	5.50755e-08
15.47	-0.00360765	5.43835e-08
15.48	-0.00358723	5.37004e-08
15.49	-0.00356694	5.30261e-08
15.5	-0.00354677	5.23604e-08
15.51	-0.00352672	5.17034e-08
15.52	-0.00350679	5.10547e-08
15.53	-0.00348698	5.04145e-08
15.54	-0.00346728	4.97824e-08
15.55	-0.0034477	4.91585e-08
15.56	-0.00342824	4.85425e-08
15.57	-0.00340889	4.79345e-08
15.58	-0.00338965	4.73343e-08
15.59	-0.00337053	4.67418e-08
15.6	-0.00335153	4.61569e-08
15.61	-0.00333263	4.55794e-08
15.62	-0.00331385	4.50094e-08
15.63	-0.00329518	4.44467e-08
15.64	-0.00327662	4.38912e-08
15.65	-0.00325816	4.33428e-08
15.66	-0.00323982	4.28014e-08
15.67	-0.00322159	4.2267e-08
15.68	-0.00320346	4.17394e-08
15.69	-0.00318544	4.12185e-08
15.7	-0.00316752	4.07043e-08
15.71	-0.00314971	4.01967e-08
15.72	-0.00313201	3.96955e-08
15.73	-0.00311441	3.92008e-08
15.74	-0.00309692	3.87123e-08
15.75	-0.00307952	3.82301e-08
15.76	-0.00306223	3.77541e-08
15.77	-0.00304504	3.72841e-08
15.78	-0.00302796	3.68201e-08
15.79	-0.00301097	3.63621e-08
15.8	-0.00299408	3.59098e-08
15.81	-0.0029773	3.54634e-08
15.82	-0.00296061	3.50226e-08
15.83	-0.00294401	3.45874e-08
15.84	-0.00292752	3.41578e-08
15.85	-0.00291112	3.37336e-08
15.86	-0.00289482	3.33149e-08
15.87	-0.00287862	3.29014e-08
15.88	-0.00286251	3.24932e-08
15.89	-0.00284649	3.20902e-08
15.9	-0.00283057	3.16923e-08
15.91	-0.00281474	3.12995e-08
15.92	-0.00279901	3.09116e-08
15.93	-0.00278336	3.05287e-08
15.94	-0.00276781	3.01506e-08
15.95	-0.00275235	2.97774e-08
15.96	-0.00273698	2.94088e-08
15.97	-0.0027217	2.9045e-08
15.98	-0.00270651	2.86857e-08
15.99	-0.00269141	2.8331e-08
16	-0.00267639	2.79808e-08
16.01	-0.00266147	2.7635e-08
16.02	-0.00264663	2.72936e-08
16.03	-0.00263187	2.69565e-08
16.04	-0.00261721	2.66237e-08
16.05	-0.00260263	2.6295e-08
16.06	-0.00258813	2.59706e-08
16.07	-0.00257372	2.56502e-08
16.08	-0.00255939	2.53339e-08
16.09	-0.00254515	2.50216e-08
16.1	-0.00253099	2.47132e-08
16.11	-0.00251691	2.44087e-08
16.12	-0.00250291	2.4108e-08
16.13	-0.002489	2.38112e-08
16.14	-0.00247517	2.35181e-08
16.15	-0.00246141	2.32286e-08
16.16	-0.00244774	2.29429e-08
16.17	-0.00243415	2.26607e-08
16.18	-0.00242063	2.23821e-08
16.19	-0.0024072	2.2107e-08
16.2	-0.00239384	2.18353e-08
16.21	-0.00238056	2.15671e-08
16.22	-0.00236735	2.13022e-08
16.23	-0.00235423	2.10407e-08
16.24	-0.00234118	2.07824e-08
16.25	-0.0023282	2.05274e-08
16.26	-0.0023153	2.02756e-08
16.27	-0.00230248	2.0027e-08
16.28	-0.00228973	1.97815e-08
16.29	-0.00227705	1.9539e-08
16.3	-0.00226445	1.92997e-08
16.31	-0.00225192	1.90633e-08
16.32	-0.00223946	1.88298e-08
16.33	-0.00222708	1.85993e-08
16.34	-0.00221476	1.83717e-08
16.35	-0.00220252	1.8147e-08
16.36	-0.00219035	1.7925e-08
16.37	-0.00217825	1.77058e-08
16.38	-0.00216621	1.74894e-08
16.39	-0.00215425	1.72757e-08
16.4	-0.00214236	1.70646e-08
16.41	-0.00213054	1.68562e-08
16.42	-0.00211878	1.66504e-08
16.43	-0.00210709	1.64472e-08
16.44	-0.00209547	1.62465e-08
16.45	-0.00208392	1.60483e-08
16.46	-0.00207243	1.58526e-08
16.47	-0.00206101	1.56594e-08
16.48	-0.00204966	1.54685e-08
16.49	-0.00203837	1.528e-08
16.5	-0.00202714	1.50939e-08
16.51	-0.00201598	1.49101e-08
16.52	-0.00200489	1.47286e-08
16.53	-0.00199386	1.45493e-08
16.54	-0.00198289	1.43723e-08
16.55	-0.00197198	1.41975e-08
16.56	-0.00196114	1.40248e-08
16.57	-0.00195036	1.38543e-08
16.58	-0.00193964	1.3686e-08
16.59	-0.00192899	1.35197e-08
16.6	-0.00191839	1.33555e-08
16.61	-0.00190786	1.31933e-08
16.62	-0.00189739	1.30331e-08
16.63	-0.00188697	1.2875e-08
16.64	-0.00187662	1.27188e-08
16.65	-0.00186632	1.25645e-08
16.66	-0.00185609	1.24121e-08
16.67	-0.00184591	1.22617e-08
16.68	-0.00183579	1.21131e-08
16.69	-0.00182573	1.19663e-08
16.7	-0.00181573	1.18214e-08
16.71	-0.00180578	1.16783e-08
16.72	-0.00179589	1.15369e-08
16.73	-0.00178606	1.13973e-08
16.74	-0.00177629	1.12594e-08
16.75	-0.00176657	1.11232e-08
16.76	-0.0017569	1.09887e-08
16.77	-0.00174729	1.08559e-08
16.78	-0.00173774	1.07247e-08
16.79	-0.00172824	1.05951e-08
16.8	-0.0017188	1.04672e-08
16.81	-0.0017094	1.03408e-08
16.82	-0.00170007	1.0216e-08
16.83	-0.00169078	1.00927e-08
16.84	-0.00168155	9.97093e-09
16.85	-0.00167237	9.85067e-09
16.86	-0.00166325	9.73189e-09
16.87	-0.00165417	9.61458e-09
16.88	-0.00164515	9.49872e-09
16.89	-0.00163618	9.38428e-09
16.9	-0.00162726	9.27126e-09
16.91	-0.00161839	9.15963e-09
16.92	-0.00160957	9.04937e-09
16.93	-0.0016008	8.94047e-09
16.94	-0.00159208	8.83291e-09
16.95	-0.00158341	8.72667e-09
16.96	-0.00157479	8.62174e-09
16.97	-0.00156622	8.5181e-09
16.98	-0.0015577	8.41573e-09
16.99	-0.00154923	8.31462e-09
17	-0.0015408	8.21476e-09
17.01	-0.00153242	8.11612e-09
17.02	-0.00152409	8.01869e-09
17.03	-0.00151581	7.92245e-09
17.04	-0.00150757	7.8274e-09
17.05	-0.00149938	7.73352e-09
17.06	-0.00149124	7.64078e-09
17.07	-0.00148314	7.54919e-09
17.08	-0.00147509	7.45871e-09
17.09	-0.00146709	7.36935e-09
17.1	-0.00145913	7.28107e-09
17.11	-0.00145121	7.19388e-09
17.12	-0.00144335	7.10776e-09
17.13	-0.00143552	7.02269e-09
17.14	-0.00142774	6.93867e-09
17.15	-0.00142	6.85567e-09
17.16	-0.00141231	6.77368e-09
17.17	-0.00140466	6.6927e-09
17.18	-0.00139705	6.61271e-09
17.19	-0.00138949	6.53369e-09
17.2	-0.00138197	6.45564e-09
17.21	-0.00137449	6.37855e-09
17.22	-0.00136705	6.30239e-09
17.23	-0.00135966	6.22716e-09
17.24	-0.00135231	6.15285e-09
17.25	-0.001345	6.07945e-09
17.26	-0.00133773	6.00695e-09
17.27	-0.0013305	5.93532e-09
17.28	-0.00132331	5.86457e-09
17.29	-0.00131616	5.79469e-09
17.3	-0.00130906	5.72565e-09
17.31	-0.00130199	5.65745e-09
17.32	-0.00129496	5.59009e-09
17.33	-0.00128797	5.52354e-09
17.34	-0.00128103	5.4578e-09
17.35	-0.00127412	5.39287e-09
17.36	-0.00126725	5.32872e-09
17.37	-0.00126041	5.26535e-09
17.38	-0.00125362	5.20275e-09
17.39	-0.00124687	5.14092e-09
17.4	-0.00124015	5.07983e-09
17.41	-0.00123347	5.01949e-09
17.42	-0.00122683	4.95988e-09
17.43	-0.00122022	4.90099e-09
17.44	-0.00121366	4.84281e-09
17.45	-0.00120712	4.78535e-09
17.46	-0.00120063	4.72857e-09
17.47	-0.00119417	4.67249e-09
17.48	-0.00118775	4.61709e-09
17.49	-0.00118137	4.56236e-09
17.5	-0.00117502	4.50829e-09
17.51	-0.0011687	4.45487e-09
17.52	-0.00116242	4.4021e-09
17.53	-0.00115618	4.34997e-09
17.54	-0.00114997	4.29848e-09
17.55	-0.0011438	4.2476e-09
17.56	-0.00113766	4.19734e-09
17.57	-0.00113155	4.14769e-09
17.58	-0.00112548	4.09863e-09
17.59	-0.00111944	4.05017e-09
17.6	-0.00111344	4.0023e-09
17.61	-0.00110747	3.955e-09
17.62	-0.00110154	3.90827e-09
17.63	-0.00109563	3.86211e-09
17.64	-0.00108976	3.81651e-09
17.65	-0.00108392	3.77145e-09
17.66	-0.00107812	3.72694e-09
17.67	-0.00107235	3.68296e-09
17.68	-0.00106661	3.63952e-09
17.69	-0.0010609	3.5966e-09
17.7	-0.00105522	3.55419e-09
17.71	-0.00104958	3.5123e-09
17.72	-0.00104396	3.47091e-09
17.73	-0.00103838	3.43001e-09
17.74	-0.00103283	3.38961e-09
17.75	-0.00102731	3.3497e-09
17.76	-0.00102182	3.31027e-09
17.77	-0.00101636	3.27131e-09
17.78	-0.00101093	3.23281e-09
17.79	-0.00100553	3.19479e-09
17.8	-0.00100017	3.15721e-09
17.81	-0.000994827	3.12009e-09
17.82	-0.000989518	3.08342e-09
17.83	-0.000984239	3.04718e-09
17.84	-0.000978989	3.01138e-09
17.85	-0.000973768	2.97601e-09
17.86	-0.000968576	2.94106e-09
17.87	-0.000963412	2.90653e-09
17.88	-0.000958278	2.87242e-09
17.89	-0.000953172	2.83871e-09
17.9	-0.000948094	2.80541e-09
17.91	-0.000943044	2.77251e-09
17.92	-0.000938023	2.74e-09
17.93	-0.000933029	2.70788e-09
17.94	-0.000928063	2.67615e-09
17.95	-0.000923124	2.64479e-09
17.96	-0.000918213	2.61381e-09
17.97	-0.000913328	2.5832e-09
17.98	-0.000908471	2.55295e-09
17.99	-0.000903641	2.52307e-09
18	-0.000898837	2.49354e-09
18.01	-0.00089406	2.46437e-09
18.02	-0.00088931	2.43555e-09
18.03	-0.000884585	2.40707e-09
18.04	-0.000879887	2.37892e-09
18.05	-0.000875214	2.35112e-09
18.06	-0.000870568	2.32365e-09
18.07	-0.000865947	2.2965e-09
18.08	-0.000861351	2.26968e-09
18.09	-0.000856781	2.24317e-09
18.1	-0.000852236	2.21699e-09
18.11	-0.000847717	2.19111e-09
18.12	-0.000843222	2.16554e-09
18.13	-0.000838751	2.14028e-09
18.14	-0.000834306	2.11532e-09
18.15	-0.000829885	2.09065e-09
18.16	-0.000825488	2.06628e-09
18.17	-0.000821116	2.0422e-09
18.18	-0.000816767	2.01841e-09
18.19	-0.000812442	1.99489e-09
18.2	-0.000808142	1.97166e-09
18.21	-0.000803864	1.9487e-09
18.22	-0.000799611	1.92602e-09
18.23	-0.000795381	1.9036e-09
18.24	-0.000791174	1.88146e-09
18.25	-0.00078699	1.85957e-09
18.26	-0.000782829	1.83794e-09
18.27	-0.000778691	1.81657e-09
18.28	-0.000774575	1.79546e-09
18.29	-0.000770482	1.77459e-09
18.3	-0.000766412	1.75397e-09
18.31	-0.000762364	1.7336e-09
18.32	-0.000758338	1.71346e-09
18.33	-0.000754334	1.69357e-09
18.34	-0.000750352	1.67391e-09
18.35	-0.000746392	1.65448e-09
18.36	-0.000742454	1.63528e-09
18.37	-0.000738537	1.61632e-09
18.38	-0.000734641	1.59757e-09
18.39	-0.000730767	1.57905e-09
18.4	-0.000726914	1.56074e-09
18.41	-0.000723083	1.54265e-09
18.42	-0.000719272	1.52478e-09
18.43	-0.000715482	1.50711e-09
18.44	-0.000711712	1.48966e-09
18.45	-0.000707964	1.47241e-09
18.46	-0.000704235	1.45537e-09
18.47	-0.000700527	1.43852e-09
18.48	-0.00069684	1.42188e-09
18.49	-0.000693172	1.40543e-09
18.5	-0.000689524	1.38917e-09
18.51	-0.000685897	1.37311e-09
18.52	-0.000682289	1.35723e-09
18.53	-0.0006787	1.34155e-09
18.54	-0.000675132	1.32604e-09
18.55	-0.000671582	1.31072e-09
18.56	-0.000668053	1.29558e-09
18.57	-0.000664542	1.28062e-09
18.58	-0.00066105	1.26584e-09
18.59	-0.000657578	1.25122e-09
18.6	-0.000654124	1.23678e-09
18.61	-0.000650689	1.22251e-09
18.62	-0.000647273	1.20841e-09
18.63	-0.000643875	1.19448e-09
18.64	-0.000640496	1.1807e-09
18.65	-0.000637135	1.16709e-09
18.66	-0.000633792	1.15364e-09
18.67	-0.000630468	1.14035e-09
18.68	-0.000627161	1.12721e-09
18.69	-0.000623873	1.11423e-09
18.7	-0.000620602	1.10139e-09
18.71	-0.000617349	1.08871e-09
18.72	-0.000614114	1.07618e-09
18.73	-0.000610896	1.0638e-09
18.74	-0.000607696	1.05156e-09
18.75	-0.000604513	1.03946e-09
18.76	-0.000601347	1.02751e-09
18.77	-0.000598198	1.01569e-09
18.78	-0.000595067	1.00401e-09
18.79	-0.000591952	9.92475e-10
18.8	-0.000588854	9.8107e-10
18.81	-0.000585773	9.69799e-10
18.82	-0.000582709	9.58659e-10
18.83	-0.000579661	9.4765e-10
18.84	-0.00057663	9.36769e-10
18.85	-0.000573615	9.26015e-10
18.86	-0.000570616	9.15387e-10
18.87	-0.000567634	9.04883e-10
18.88	-0.000564667	8.94502e-10
18.89	-0.000561717	8.84242e-10
18.9	-0.000558782	8.74102e-10
18.91	-0.000555864	8.6408e-10
18.92	-0.000552961	8.54174e-10
18.93	-0.000550074	8.44385e-10
18.94	-0.000547202	8.34709e-10
18.95	-0.000544346	8.25147e-10
18.96	-0.000541505	8.15695e-10
18.97	-0.000538679	8.06354e-10
18.98	-0.000535869	7.97122e-10
18.99	-0.000533074	7.87997e-10
19	-0.000530294	7.78978e-10
19.01	-0.000527528	7.70065e-10
19.02	-0.000524778	7.61255e-10
19.03	-0.000522042	7.52547e-10
19.04	-0.000519321	7.43941e-10
19.05	-0.000516615	7.35435e-10
19.06	-0.000513923	7.27028e-10
19.07	-0.000511246	7.18718e-10
19.08	-0.000508583	7.10505e-10
19.09	-0.000505934	7.02387e-10
19.1	-0.0005033	6.94364e-10
19.11	-0.00050068	6.86434e-10
19.12	-0.000498073	6.78595e-10
19.13	-0.000495481	6.70848e-10
19.14	-0.000492903	6.63191e-10
19.15	-0.000490338	6.55622e-10
19.16	-0.000487787	6.48142e-10
19.17	-0.00048525	6.40747e-10
19.18	-0.000482726	6.33439e-10
19.19	-0.000480216	6.26215e-10
19.2	-0.000477719	6.19075e-10
19.21	-0.000475236	6.12018e-10
19.22	-0.000472766	6.05042e-10
19.23	-0.000470309	5.98147e-10
19.24	-0.000467865	5.91332e-10
19.25	-0.000465435	5.84596e-10
19.26	-0.000463017	5.77938e-10
19.27	-0.000460612	5.71356e-10
19.28	-0.00045822	5.64851e-10
19.29	-0.000455841	5.58421e-10
19.3	-0.000453474	5.52065e-10
19.31	-0.00045112	5.45783e-10
19.32	-0.000448779	5.39573e-10
19.33	-0.00044645	5.33435e-10
19.34	-0.000444133	5.27368e-10
19.35	-0.000441829	5.21371e-10
19.36	-0.000439537	5.15443e-10
19.37	-0.000437257	5.09583e-10
19.38	-0.00043499	5.03791e-10
19.39	-0.000432734	4.98066e-10
19.4	-0.000430491	4.92407e-10
19.41	-0.000428259	4.86813e-10
19.42	-0.000426039	4.81283e-10
19.43	-0.000423831	4.75817e-10
19.44	-0.000421635	4.70414e-10
19.45	-0.00041945	4.65074e-10
19.46	-0.000417277	4.59794e-10
19.47	-0.000415116	4.54576e-10
19.48	-0.000412966	4.49418e-10
19.49	-0.000410827	4.44318e-10
19.5	-0.0004087	4.39278e-10
19.51	-0.000406584	4.34296e-10
19.52	-0.000404479	4.2937e-10
19.53	-0.000402385	4.24502e-10
19.54	-0.000400303	4.19689e-10
19.55	-0.000398231	4.14932e-10
19.56	-0.00039617	4.10229e-10
19.57	-0.000394121	4.0558e-10
19.58	-0.000392082	4.00985e-10
19.59	-0.000390054	3.96442e-10
19.6	-0.000388036	3.91951e-10
19.61	-0.000386029	3.87512e-10
19.62	-0.000384033	3.83124e-10
19.63	-0.000382048	3.78786e-10
19.64	-0.000380072	3.74498e-10
19.65	-0.000378108	3.70259e-10
19.66	-0.000376153	3.66069e-10
19.67	-0.000374209	3.61926e-10
19.68	-0.000372275	3.57831e-10
19.69	-0.000370352	3.53783e-10
19.7	-0.000368438	3.49781e-10
19.71	-0.000366535	3.45825e-10
19.72	-0.000364641	3.41915e-10
19.73	-0.000362758	3.38049e-10
19.74	-0.000360884	3.34227e-10
19.75	-0.00035902	3.30449e-10
19.76	-0.000357167	3.26714e-10
19.77	-0.000355322	3.23022e-10
19.78	-0.000353488	3.19372e-10
19.79	-0.000351663	3.15763e-10
19.8	-0.000349848	3.12196e-10
19.81	-0.000348042	3.0867e-10
19.82	-0.000346246	3.05184e-10
19.83	-0.000344459	3.01737e-10
19.84	-0.000342681	2.9833e-10
19.85	-0.000340913	2.94962e-10
19.86	-0.000339154	2.91632e-10
19.87	-0.000337404	2.8834e-10
19.88	-0.000335664	2.85086e-10
19.89	-0.000333932	2.81869e-10
19.9	-0.00033221	2.78688e-10
19.91	-0.000330496	2.75544e-10
19.92	-0.000328792	2.72435e-10
19.93	-0.000327096	2.69362e-10
19.94	-0.00032541	2.66324e-10
19.95	-0.000323732	2.6332e-10
19.96	-0.000322062	2.60351e-10
19.97	-0.000320402	2.57415e-10
19.98	-0.00031875	2.54513e-10
19.99	-0.000317107	2.51644e-10
20	-0.000315472	2.48807e-10
20.01	-0.000313846	2.46003e-10
20.02	-0.000312229	2.4323e-10
20.03	-0.000310619	2.40489e-10
20.04	-0.000309019	2.37779e-10
20.05	-0.000307426	2.351e-10
20.06	-0.000305842	2.32451e-10
20.07	-0.000304266	2.29833e-10
20.08	-0.000302698	2.27244e-10
20.09	-0.000301138	2.24684e-10
20.1	-0.000299587	2.22154e-10
20.11	-0.000298043	2.19652e-10
20.12	-0.000296508	2.17178e-10
20.13	-0.00029498	2.14733e-10
20.14	-0.000293461	2.12315e-10
20.15	-0.000291949	2.09925e-10
20.16	-0.000290445	2.07561e-10
20.17	-0.000288949	2.05225e-10
20.18	-0.00028746	2.02915e-10
20.19	-0.00028598	2.00631e-10
20.2	-0.000284507	1.98373e-10
20.21	-0.000283041	1.9614e-10
20.22	-0.000281583	1.93933e-10
20.23	-0.000280133	1.91751e-10
20.24	-0.00027869	1.89593e-10
20.25	-0.000277255	1.8746e-10
20.26	-0.000275827	1.85351e-10
20.27	-0.000274406	1.83265e-10
20.28	-0.000272993	1.81204e-10
20.29	-0.000271587	1.79165e-10
20.3	-0.000270188	1.7715e-10
20.31	-0.000268797	1.75157e-10
20.32	-0.000267412	1.73187e-10
20.33	-0.000266035	1.71239e-10
20.34	-0.000264665	1.69313e-10
20.35	-0.000263302	1.67409e-10
20.36	-0.000261945	1.65526e-10
20.37	-0.000260596	1.63664e-10
20.38	-0.000259254	1.61824e-10
20.39	-0.000257919	1.60004e-10
20.4	-0.00025659	1.58205e-10
20.41	-0.000255268	1.56426e-10
20.42	-0.000253953	1.54666e-10
20.43	-0.000252645	1.52927e-10
20.44	-0.000251344	1.51208e-10
20.45	-0.000250049	1.49507e-10
20.46	-0.00024876	1.47826e-10
20.47	-0.000247479	1.46164e-10
20.48	-0.000246204	1.4452e-10
20.49	-0.000244935	1.42895e-10
20.5	-0.000243673	1.41289e-10
20.51	-0.000242417	1.397e-10
20.52	-0.000241168	1.38129e-10
20.53	-0.000239925	1.36576e-10
20.54	-0.000238689	1.3504e-10
20.55	-0.000237458	1.33522e-10
20.56	-0.000236234	1.3202e-10
20.57	-0.000235017	1.30536e-10
20.58	-0.000233805	1.29068e-10
20.59	-0.0002326	1.27616e-10
20.6	-0.000231401	1.26181e-10
20.61	-0.000230207	1.24762e-10
20.62	-0.00022902	1.23359e-10
20.63	-0.000227839	1.21971e-10
20.64	-0.000226664	1.206e-10
20.65	-0.000225495	1.19243e-10
20.66	-0.000224332	1.17902e-10
20.67	-0.000223174	1.16576e-10
20.68	-0.000222023	1.15264e-10
20.69	-0.000220877	1.13967e-10
20.7	-0.000219737	1.12685e-10
20.71	-0.000218603	1.11417e-10
20.72	-0.000217475	1.10164e-10
20.73	-0.000216352	1.08924e-10
20.74	-0.000215235	1.07698e-10
20.75	-0.000214124	1.06486e-10
20.76	-0.000213018	1.05288e-10
20.77	-0.000211918	1.04103e-10
20.78	-0.000210823	1.02931e-10
20.79	-0.000209734	1.01772e-10
20.8	-0.00020865	1.00626e-10
20.81	-0.000207572	9.94935e-11
20.82	-0.000206499	9.83731e-11
20.83	-0.000205432	9.72653e-11
20.84	-0.00020437	9.61699e-11
20.85	-0.000203313	9.50867e-11
20.86	-0.000202262	9.40155e-11
20.87	-0.000201216	9.29564e-11
20.88	-0.000200175	9.1909e-11
20.89	-0.000199139	9.08734e-11
20.9	-0.000198109	8.98493e-11
20.91	-0.000197083	8.88366e-11
20.92	-0.000196063	8.78352e-11
20.93	-0.000195048	8.68449e-11
20.94	-0.000194038	8.58657e-11
20.95	-0.000193033	8.48974e-11
20.96	-0.000192033	8.39399e-11
20.97	-0.000191038	8.29931e-11
20.98	-0.000190048	8.20568e-11
20.99	-0.000189063	8.11309e-11
21	-0.000188082	8.02154e-11
21.01	-0.000187107	7.931e-11
21.02	-0.000186136	7.84147e-11
21.03	-0.000185171	7.75294e-11
21.04	-0.00018421	7.66539e-11
21.05	-0.000183254	7.57881e-11
21.06	-0.000182302	7.4932e-11
21.07	-0.000181356	7.40854e-11
21.08	-0.000180414	7.32482e-11
21.09	-0.000179476	7.24203e-11
21.1	-0.000178543	7.16016e-11
21.11	-0.000177615	7.0792e-11
21.12	-0.000176692	6.99914e-11
21.13	-0.000175773	6.91997e-11
21.14	-0.000174858	6.84168e-11
21.15	-0.000173948	6.76426e-11
21.16	-0.000173043	6.6877e-11
21.17	-0.000172142	6.61198e-11
21.18	-0.000171245	6.53711e-11
21.19	-0.000170353	6.46307e-11
21.2	-0.000169465	6.38985e-11
21.21	-0.000168582	6.31744e-11
21.22	-0.000167703	6.24583e-11
21.23	-0.000166828	6.17502e-11
21.24	-0.000165958	6.10499e-11
21.25	-0.000165091	6.03574e-11
21.26	-0.000164229	5.96726e-11
21.27	-0.000163371	5.89953e-11
21.28	-0.000162518	5.83256e-11
21.29	-0.000161668	5.76632e-11
21.3	-0.000160823	5.70083e-11
21.31	-0.000159982	5.63605e-11
21.32	-0.000159145	5.57199e-11
21.33	-0.000158312	5.50865e-11
21.34	-0.000157483	5.446e-11
21.35	-0.000156658	5.38405e-11
21.36	-0.000155837	5.32278e-11
21.37	-0.00015502	5.26219e-11
21.38	-0.000154207	5.20227e-11
21.39	-0.000153398	5.14301e-11
21.4	-0.000152593	5.0844e-11
21.41	-0.000151791	5.02645e-11
21.42	-0.000150994	4.96914e-11
21.43	-0.000150201	4.91245e-11
21.44	-0.000149411	4.8564e-11
21.45	-0.000148625	4.80096e-11
21.46	-0.000147843	4.74614e-11
21.47	-0.000147064	4.69192e-11
21.48	-0.00014629	4.6383e-11
21.49	-0.000145519	4.58528e-11
21.5	-0.000144752	4.53284e-11
21.51	-0.000143988	4.48097e-11
21.52	-0.000143228	4.42968e-11
21.53	-0.000142472	4.37896e-11
21.54	-0.000141719	4.3288e-11
21.55	-0.00014097	4.27918e-11
21.56	-0.000140225	4.23012e-11
21.57	-0.000139483	4.1816e-11
21.58	-0.000138745	4.13361e-11
21.59	-0.00013801	4.08615e-11
21.6	-0.000137278	4.03922e-11
21.61	-0.000136551	3.9928e-11
21.62	-0.000135826	3.94689e-11
21.63	-0.000135105	3.90149e-11
21.64	-0.000134388	3.85659e-11
21.65	-0.000133673	3.81219e-11
21.66	-0.000132963	3.76827e-11
21.67	-0.000132255	3.72484e-11
21.68	-0.000131551	3.68188e-11
21.69	-0.00013085	3.6394e-11
21.7	-0.000130153	3.59739e-11
21.71	-0.000129459	3.55584e-11
21.72	-0.000128768	3.51475e-11
21.73	-0.00012808	3.47411e-11
21.74	-0.000127395	3.43391e-11
21.75	-0.000126714	3.39416e-11
21.76	-0.000126036	3.35485e-11
21.77	-0.000125361	3.31596e-11
21.78	-0.00012469	3.27751e-11
21.79	-0.000124021	3.23948e-11
21.8	-0.000123355	3.20187e-11
21.81	-0.000122693	3.16467e-11
21.82	-0.000122034	3.12788e-11
21.83	-0.000121377	3.09149e-11
21.84	-0.000120724	3.05551e-11
21.85	-0.000120074	3.01992e-11
21.86	-0.000119427	2.98472e-11
21.87	-0.000118783	2.94991e-11
21.88	-0.000118142	2.91548e-11
21.89	-0.000117503	2.88143e-11
21.9	-0.000116868	2.84776e-11
21.91	-0.000116236	2.81445e-11
21.92	-0.000115606	2.78151e-11
21.93	-0.00011498	2.74893e-11
21.94	-0.000114356	2.71671e-11
21.95	-0.000113735	2.68485e-11
21.96	-0.000113117	2.65333e-11
21.97	-0.000112502	2.62216e-11
21.98	-0.000111889	2.59133e-11
21.99	-0.00011128	2.56084e-11
22	-0.000110673	2.53069e-11
22.01	-0.000110069	2.50087e-11
22.02	-0.000109468	2.47137e-11
22.03	-0.000108869	2.4422e-11
22.04	-0.000108273	2.41335e-11
22.05	-0.00010768	2.38481e-11
22.06	-0.00010709	2.35659e-11
22.07	-0.000106502	2.32868e-11
22.08	-0.000105917	2.30107e-11
22.09	-0.000105334	2.27377e-11
22.1	-0.000104754	2.24677e-11
22.11	-0.000104177	2.22006e-11
22.12	-0.000103602	2.19365e-11
22.13	-0.00010303	2.16753e-11
22.14	-0.00010246	2.14169e-11
22.15	-0.000101893	2.11614e-11
22.16	-0.000101329	2.09086e-11
22.17	-0.000100767	2.06587e-11
22.18	-0.000100207	2.04115e-11
22.19	-9.96501e-05	2.0167e-11
22.2	-9.90956e-05	1.99252e-11
22.21	-9.85434e-05	1.9686e-11
22.22	-9.79937e-05	1.94495e-11
22.23	-9.74465e-05	1.92156e-11
22.24	-9.69016e-05	1.89842e-11
22.25	-9.63591e-05	1.87554e-11
22.26	-9.58191e-05	1.85291e-11
22.27	-9.52813e-05	1.83052e-11
22.28	-9.4746e-05	1.80839e-11
22.29	-9.42129e-05	1.78649e-11
22.3	-9.36822e-05	1.76484e-11
22.31	-9.31538e-05	1.74342e-11
22.32	-9.26277e-05	1.72224e-11
22.33	-9.21039e-05	1.70129e-11
22.34	-9.15824e-05	1.68057e-11
22.35	-9.10631e-05	1.66008e-11
22.36	-9.0546e-05	1.63982e-11
22.37	-9.00312e-05	1.61977e-11
22.38	-8.95186e-05	1.59995e-11
22.39	-8.90082e-05	1.58034e-11
22.4	-8.85e-05	1.56095e-11
22.41	-8.79939e-05	1.54178e-11
22.42	-8.749e-05	1.52281e-11
22.43	-8.69883e-05	1.50405e-11
22.44	-8.64887e-05	1.4855e-11
22.45	-8.59912e-05	1.46715e-11
22.46	-8.54958e-05	1.44901e-11
22.47	-8.50025e-05	1.43106e-11
22.48	-8.45113e-05	1.41331e-11
22.49	-8.40222e-05	1.39576e-11
22.5	-8.35351e-05	1.37839e-11
22.51	-8.30501e-05	1.36122e-11
22.52	-8.25671e-05	1.34424e-11
22.53	-8.20862e-05	1.32745e-11
22.54	-8.16072e-05	1.31084e-11
22.55	-8.11302e-05	1.29441e-11
22.56	-8.06552e-05	1.27817e-11
22.57	-8.01822e-05	1.2621e-11
22.58	-7.97112e-05	1.24621e-11
22.59	-7.92421e-05	1.23049e-11
22.6	-7.87749e-05	1.21495e-11
22.61	-7.83096e-05	1.19958e-11
22.62	-7.78463e-05	1.18438e-11
22.63	-7.73848e-05	1.16934e-11
22.64	-7.69252e-05	1.15448e-11
22.65	-7.64676e-05	1.13977e-11
22.66	-7.60117e-05	1.12523e-11
22.67	-7.55577e-05	1.11085e-11
22.68	-7.51056e-05	1.09663e-11
22.69	-7.46553e-05	1.08256e-11
22.7	-7.42068e-05	1.06865e-11
22.71	-7.37601e-05	1.05489e-11
22.72	-7.33152e-05	1.04129e-11
22.73	-7.2872e-05	1.02783e-11
22.74	-7.24307e-05	1.01453e-11
22.75	-7.19911e-05	1.00137e-11
22.76	-7.15532e-05	9.88357e-12
22.77	-7.11171e-05	9.75489e-12
22.78	-7.06827e-05	9.62762e-12
22.79	-7.025e-05	9.50177e-12
22.8	-6.98191e-05	9.37731e-12
22.81	-6.93898e-05	9.25423e-12
22.82	-6.89622e-05	9.13252e-12
22.83	-6.85362e-05	9.01215e-12
22.84	-6.81119e-05	8.89312e-12
22.85	-6.76893e-05	8.77542e-12
22.86	-6.72683e-05	8.65902e-12
22.87	-6.68489e-05	8.54391e-12
22.88	-6.64312e-05	8.43008e-12
22.89	-6.6015e-05	8.31752e-12
22.9	-6.56005e-05	8.20621e-12
22.91	-6.51875e-05	8.09615e-12
22.92	-6.47761e-05	7.9873e-12
22.93	-6.43662e-05	7.87967e-12
22.94	-6.39579e-05	7.77324e-12
22.95	-6.35512e-05	7.668e-12
22.96	-6.3146e-05	7.56393e-12
22.97	-6.27423e-05	7.46103e-12
22.98	-6.23401e-05	7.35927e-12
22.99	-6.19394e-05	7.25865e-12
23	-6.15402e-05	7.15916e-12
23.01	-6.11425e-05	7.06078e-12
23.02	-6.07462e-05	6.96351e-12
23.03	-6.03514e-05	6.86732e-12
23.04	-5.99581e-05	6.77222e-12
23.05	-5.95662e-05	6.67818e-12
23.06	-5.91757e-05	6.58519e-12
23.07	-5.87867e-05	6.49326e-12
23.08	-5.8399e-05	6.40236e-12
23.09	-5.80128e-05	6.31248e-12
23.1	-5.76279e-05	6.22361e-12
23.11	-5.72445e-05	6.13574e-12
23.12	-5.68624e-05	6.04887e-12
23.13	-5.64816e-05	5.96298e-12
23.14	-5.61023e-05	5.87806e-12
23.15	-5.57242e-05	5.7941e-12
23.16	-5.53475e-05	5.71109e-12
23.17	-5.49721e-05	5.62902e-12
23.18	-5.4598e-05	5.54788e-12
23.19	-5.42253e-05	5.46767e-12
23.2	-5.38538e-05	5.38836e-12
23.21	-5.34836e-05	5.30996e-12
23.22	-5.31147e-05	5.23245e-12
23.23	-5.27471e-05	5.15583e-12
23.24	-5.23807e-05	5.08007e-12
23.25	-5.20155e-05	5.00519e-12
23.26	-5.16517e-05	4.93116e-12
23.27	-5.1289e-05	4.85798e-12
23.28	-5.09275e-05	4.78563e-12
23.29	-5.05673e-05	4.71412e-12
23.3	-5.02083e-05	4.64343e-12
23.31	-4.98505e-05	4.57355e-12
23.32	-4.94938e-05	4.50448e-12
23.33	-4.91383e-05	4.4362e-12
23.34	-4.8784e-05	4.36872e-12
23.35	-4.84309e-05	4.30201e-12
23.36	-4.80789e-05	4.23607e-12
23.37	-4.77281e-05	4.1709e-12
23.38	-4.73783e-05	4.10649e-12
23.39	-4.70297e-05	4.04282e-12
23.4	-4.66823e-05	3.9799e-12
23.41	-4.63359e-05	3.91771e-12
23.42	-4.59906e-05	3.85625e-12
23.43	-4.56464e-05	3.7955e-12
23.44	-4.53033e-05	3.73547e-12
23.45	-4.49613e-05	3.67614e-12
23.46	-4.46203e-05	3.61751e-12
23.47	-4.42804e-05	3.55957e-12
23.48	-4.39416e-05	3.50231e-12
23.49	-4.36038e-05	3.44573e-12
23.5	-4.3267e-05	3.38982e-12
23.51	-4.29312e-05	3.33458e-12
23.52	-4.25964e-05	3.27999e-12
23.53	-4.22627e-05	3.22605e-12
23.54	-4.19299e-05	3.17275e-12
23.55	-4.15982e-05	3.12009e-12
23.56	-4.12674e-05	3.06806e-12
23.57	-4.09376e-05	3.01665e-12
23.58	-4.06088e-05	2.96587e-12
23.59	-4.02809e-05	2.91569e-12
23.6	-3.99539e-05	2.86613e-12
23.61	-3.96279e-05	2.81716e-12
23.62	-3.93029e-05	2.76878e-12
23.63	-3.89787e-05	2.721e-12
23.64	-3.86555e-05	2.6738e-12
23.65	-3.83332e-05	2.62717e-12
23.66	-3.80118e-05	2.58112e-12
23.67	-3.76913e-05	2.53563e-12
23.68	-3.73717e-05	2.4907e-12
23.69	-3.70529e-05	2.44633e-12
23.7	-3.6735e-05	2.4025e-12
23.71	-3.6418e-05	2.35923e-12
23.72	-3.61018e-05	2.31649e-12
23.73	-3.57865e-05	2.27428e-12
23.74	-3.54721e-05	2.2326e-12
23.75	-3.51584e-05	2.19145e-12
23.76	-3.48456e-05	2.15081e-12
23.77	-3.45336e-05	2.11069e-12
23.78	-3.42224e-05	2.07108e-12
23.79	-3.3912e-05	2.03197e-12
23.8	-3.36024e-05	1.99336e-12
23.81	-3.32936e-05	1.95525e-12
23.82	-3.29855e-05	1.91762e-12
23.83	-3.26782e-05	1.88048e-12
23.84	-3.23717e-05	1.84382e-12
23.85	-3.2066e-05	1.80764e-12
23.86	-3.1761e-05	1.77193e-12
23.87	-3.14567e-05	1.73669e-12
23.88	-3.11532e-05	1.70191e-12
23.89	-3.08504e-05	1.66759e-12
23.9	-3.05483e-05	1.63373e-12
23.91	-3.0247e-05	1.60031e-12
23.92	-2.99463e-05	1.56734e-12
23.93	-2.96463e-05	1.53482e-12
23.94	-2.93471e-05	1.50273e-12
23.95	-2.90485e-05	1.47108e-12
23.96	-2.87506e-05	1.43986e-12
23.97	-2.84533e-05	1.40906e-12
23.98	-2.81567e-05	1.37869e-12
23.99	-2.78608e-05	1.34874e-12
24	-2.75655e-05	1.3192e-12
24.01	-2.72709e-05	1.29007e-12
24.02	-2.69769e-05	1.26136e-12
24.03	-2.66835e-05	1.23304e-12
24.04	-2.63907e-05	1.20513e-12
24.05	-2.60986e-05	1.17762e-12
24.06	-2.5807e-05	1.1505e-12
24.07	-2.55161e-05	1.12377e-12
24.08	-2.52257e-05	1.09743e-12
24.09	-2.4936e-05	1.07147e-12
24.1	-2.46468e-05	1.04589e-12
24.11	-2.43582e-05	1.02069e-12
24.12	-2.40701e-05	9.95868e-13
24.13	-2.37826e-05	9.71414e-13
24.14	-2.34957e-05	9.47329e-13
24.15	-2.32093e-05	9.23609e-13
24.16	-2.29234e-05	9.00252e-13
24.17	-2.26381e-05	8.77253e-13
24.18	-2.23532e-05	8.54611e-13
24.19	-2.20689e-05	8.32322e-13
24.2	-2.17851e-05	8.10383e-13
24.21	-2.15019e-05	7.88792e-13
24.22	-2.12191e-05	7.67546e-13
24.23	-2.09368e-05	7.46642e-13
24.24	-2.0655e-05	7.26078e-13
24.25	-2.03736e-05	7.0585e-13
24.26	-2.00927e-05	6.85957e-13
24.27	-1.98123e-05	6.66394e-13
24.28	-1.95324e-05	6.47161e-13
24.29	-1.92529e-05	6.28255e-13
24.3	-1.89738e-05	6.09672e-13
24.31	-1.86952e-05	5.91411e-13
24.32	-1.8417e-05	5.73469e-13
24.33	-1.81392e-05	5.55844e-13
24.34	-1.78619e-05	5.38533e-13
24.35	-1.75849e-05	5.21534e-13
24.36	-1.73084e-05	5.04845e-13
24.37	-1.70322e-05	4.88464e-13
24.38	-1.67565e-05	4.72388e-13
24.39	-1.64811e-05	4.56615e-13
24.4	-1.62061e-05	4.41143e-13
24.41	-1.59315e-05	4.2597e-13
24.42	-1.56573e-05	4.11093e-13
24.43	-1.53834e-05	3.96512e-13
24.44	-1.51098e-05	3.82223e-13
24.45	-1.48366e-05	3.68225e-13
24.46	-1.45638e-05	3.54516e-13
24.47	-1.42913e-05	3.41093e-13
24.48	-1.40191e-05	3.27956e-13
24.49	-1.37472e-05	3.15101e-13
24.5	-1.34756e-05	3.02528e-13
24.51	-1.32044e-05	2.90235e-13
24.52	-1.29334e-05	2.78219e-13
24.53	-1.26628e-05	2.66479e-13
24.54	-1.23924e-05	2.55013e-13
24.55	-1.21223e-05	2.4382e-13
24.56	-1.18525e-05	2.32898e-13
24.57	-1.1583e-05	2.22244e-13
24.58	-1.13137e-05	2.11859e-13
24.59	-1.10447e-05	2.0174e-13
24.6	-1.07759e-05	1.91885e-13
24.61	-1.05074e-05	1.82293e-13
24.62	-1.02392e-05	1.72962e-13
24.63	-9.97111e-06	1.63892e-13
24.64	-9.70329e-06	1.5508e-13
24.65	-9.4357e-06	1.46526e-13
24.66	-9.16832e-06	1.38227e-13
24.67	-8.90114e-06	1.30183e-13
24.68	-8.63417e-06	1.22391e-13
24.69	-8.3674e-06	1.14852e-13
24.7	-8.10081e-06	1.07563e-13
24.71	-7.83442e-06	1.00524e-13
24.72	-7.56819e-06	9.37319e-14
24.73	-7.30214e-06	8.71871e-14
24.74	-7.03626e-06	8.0888e-14
24.75	-6.77053e-06	7.48334e-14
24.76	-6.50496e-06	6.90221e-14
24.77	-6.23954e-06	6.34531e-14
24.78	-5.97426e-06	5.81253e-14
24.79	-5.70911e-06	5.30376e-14
24.8	-5.44409e-06	4.81889e-14
24.81	-5.1792e-06	4.35784e-14
24.82	-4.91442e-06	3.92049e-14
24.83	-4.64975e-06	3.50676e-14
24.84	-4.38519e-06	3.11655e-14
24.85	-4.12073e-06	2.74976e-14
24.86	-3.85636e-06	2.40632e-14
24.87	-3.59208e-06	2.08612e-14
24.88	-3.32788e-06	1.7891e-14
24.89	-3.06375e-06	1.51516e-14
24.9	-2.7997e-06	1.26422e-14
24.91	-2.5357e-06	1.03621e-14
24.92	-2.27177e-06	8.31059e-15
24.93	-2.00788e-06	6.48683e-15
24.94	-1.74404e-06	4.89015e-15
24.95	-1.48024e-06	3.51986e-15
24.96	-1.21648e-06	2.3753e-15
24.97	-9.52738e-07	1.45583e-15
24.98	-6.8902e-07	7.60814e-16
24.99	-4.25317e-07	2.89664e-16
