0	0	inf	-44.0186	inf	-inf	22.2927
0.01	5.8462e-24	2.48998e+06	-44.0186	2.49e+06	-0.00427597	22.2927
0.02	-5.24902e-18	622478	-44.0186	622500	-0.00217014	22.2926
0.03	-3.14956e-17	276645	-44.0186	276667	-0.00146851	22.2925
0.04	-1.04992e-16	155603	-44.0186	155625	-0.00111795	22.2923
0.05	-2.62501e-16	99578.3	-44.0186	99600	-0.000907804	22.2921
0.06	-5.51307e-16	69144.9	-44.0186	69166.7	-0.000767879	22.2919
0.07	-1.02923e-15	50794.6	-44.0186	50816.3	-0.000668079	22.2915
0.08	-1.76462e-15	38884.5	-44.0186	38906.2	-0.000593359	22.2912
0.09	-2.83643e-15	30719	-44.0186	30740.7	-0.000535361	22.2908
0.1	-4.33417e-15	24878.3	-44.0186	24900	-0.00048907	22.2903
0.11	-6.35797e-15	20556.8	-44.0185	20578.5	-0.000451295	22.2898
0.12	-9.01861e-15	17269.9	-44.0185	17291.7	-0.000419908	22.2892
0.13	-1.24375e-14	14712	-44.0185	14733.7	-0.000393435	22.2886
0.14	-1.67468e-14	12682.4	-44.0185	12704.1	-0.000370826	22.288
0.15	-2.20895e-14	11044.9	-44.0185	11066.7	-0.000351309	22.2872
0.16	-2.8619e-14	9704.83	-44.0185	9726.56	-0.000334304	22.2865
0.17	-3.64999e-14	8594.18	-44.0185	8615.92	-0.000319371	22.2857
0.18	-4.59076e-14	7663.45	-44.0185	7685.19	-0.000306163	22.2848
0.19	-5.70282e-14	6875.77	-44.0185	6897.51	-0.000294411	22.2839
0.2	-7.0059e-14	6203.26	-44.0184	6225	-0.000283896	22.283
0.21	-8.52081e-14	5624.52	-44.0184	5646.26	-0.000274443	22.282
0.22	-1.02695e-13	5122.89	-44.0184	5144.63	-0.000265907	22.2809
0.23	-1.22749e-13	4685.26	-44.0184	4706.99	-0.000258171	22.2798
0.24	-1.45613e-13	4301.18	-44.0184	4322.92	-0.000251134	22.2787
0.25	-1.7154e-13	3962.26	-44.0184	3984	-0.000244714	22.2775
0.26	-2.00793e-13	3661.69	-44.0184	3683.43	-0.00023884	22.2762
0.27	-2.33648e-13	3393.89	-44.0184	3415.64	-0.000233452	22.2749
0.28	-2.70391e-13	3154.28	-44.0183	3176.02	-0.0002285	22.2736
0.29	-3.11322e-13	2939.02	-44.0183	2960.76	-0.000223938	22.2722
0.3	-3.56751e-13	2744.92	-44.0183	2766.67	-0.000219728	22.2708
0.31	-4.06999e-13	2569.3	-44.0183	2591.05	-0.000215838	22.2693
0.32	-4.62399e-13	2409.89	-44.0183	2431.64	-0.000212237	22.2677
0.33	-5.23298e-13	2264.75	-44.0183	2286.5	-0.0002089	22.2662
0.34	-5.90053e-13	2132.23	-44.0183	2153.98	-0.000205805	22.2645
0.35	-6.63032e-13	2010.9	-44.0182	2032.65	-0.000202931	22.2628
0.36	-7.42619e-13	1899.54	-44.0182	1921.3	-0.00020026	22.2611
0.37	-8.29206e-13	1797.09	-44.0182	1818.85	-0.000197778	22.2593
0.38	-9.232e-13	1702.62	-44.0182	1724.38	-0.000195469	22.2575
0.39	-1.02502e-12	1615.32	-44.0182	1637.08	-0.00019332	22.2556
0.4	-1.13509e-12	1534.49	-44.0182	1556.25	-0.000191322	22.2537
0.41	-1.25387e-12	1459.49	-44.0182	1481.26	-0.000189462	22.2517
0.42	-1.3818e-12	1389.8	-44.0181	1411.56	-0.000187732	22.2497
0.43	-1.51937e-12	1324.9	-44.0181	1346.67	-0.000186123	22.2476
0.44	-1.66704e-12	1264.38	-44.0181	1286.16	-0.000184628	22.2455
0.45	-1.82531e-12	1207.86	-44.0181	1229.63	-0.00018324	22.2433
0.46	-1.9947e-12	1154.97	-44.0181	1176.75	-0.000181952	22.2411
0.47	-2.17573e-12	1105.43	-44.0181	1127.21	-0.000180758	22.2388
0.48	-2.36893e-12	1058.95	-44.018	1080.73	-0.000179654	22.2365
0.49	-2.57485e-12	1015.28	-44.018	1037.07	-0.000178634	22.2341
0.5	-2.79406e-12	974.214	-44.018	996	-0.000177693	22.2317
0.51	-3.02714e-12	935.536	-44.018	957.324	-0.000176828	22.2293
0.52	-3.27467e-12	899.067	-44.018	920.858	-0.000176036	22.2267
0.53	-3.53726e-12	864.643	-44.0179	886.436	-0.000175311	22.2242
0.54	-3.81554e-12	832.113	-44.0179	853.909	-0.000174652	22.2216
0.55	-4.11014e-12	801.342	-44.0179	823.14	-0.000174055	22.2189
0.56	-4.4217e-12	772.204	-44.0179	794.005	-0.000173517	22.2162
0.57	-4.7509e-12	744.585	-44.0179	766.39	-0.000173036	22.2134
0.58	-5.0984e-12	718.383	-44.0178	740.19	-0.00017261	22.2106
0.59	-5.46492e-12	693.502	-44.0178	715.312	-0.000172236	22.2078
0.6	-5.85116e-12	669.854	-44.0178	691.667	-0.000171912	22.2049
0.61	-6.25784e-12	647.359	-44.0178	669.175	-0.000171636	22.2019
0.62	-6.68571e-12	625.944	-44.0178	647.763	-0.000171407	22.1989
0.63	-7.13553e-12	605.54	-44.0177	627.362	-0.000171223	22.1959
0.64	-7.60807e-12	586.085	-44.0177	607.91	-0.000171082	22.1928
0.65	-8.10412e-12	567.521	-44.0177	589.349	-0.000170982	22.1896
0.66	-8.62448e-12	549.794	-44.0177	571.625	-0.000170924	22.1864
0.67	-9.17e-12	532.855	-44.0176	554.689	-0.000170904	22.1832
0.68	-9.74149e-12	516.657	-44.0176	538.495	-0.000170923	22.1799
0.69	-1.03398e-11	501.159	-44.0176	522.999	-0.000170979	22.1765
0.7	-1.09659e-11	486.319	-44.0176	508.163	-0.00017107	22.1731
0.71	-1.16206e-11	472.102	-44.0175	493.95	-0.000171197	22.1697
0.72	-1.23048e-11	458.473	-44.0175	480.324	-0.000171357	22.1662
0.73	-1.30194e-11	445.4	-44.0175	467.255	-0.000171551	22.1627
0.74	-1.37655e-11	432.853	-44.0175	454.711	-0.000171778	22.1591
0.75	-1.45439e-11	420.805	-44.0174	442.667	-0.000172036	22.1554
0.76	-1.53557e-11	409.229	-44.0174	431.094	-0.000172325	22.1518
0.77	-1.62018e-11	398.1	-44.0174	419.97	-0.000172644	22.148
0.78	-1.70834e-11	387.397	-44.0174	409.27	-0.000172993	22.1442
0.79	-1.80013e-11	377.098	-44.0173	398.975	-0.000173372	22.1404
0.8	-1.89568e-11	367.182	-44.0173	389.062	-0.000173779	22.1365
0.81	-1.99508e-11	357.631	-44.0173	379.515	-0.000174214	22.1326
0.82	-2.09845e-11	348.427	-44.0172	370.315	-0.000174677	22.1286
0.83	-2.2059e-11	339.553	-44.0172	361.446	-0.000175167	22.1246
0.84	-2.31755e-11	330.995	-44.0172	352.891	-0.000175685	22.1205
0.85	-2.43351e-11	322.736	-44.0172	344.637	-0.000176228	22.1164
0.86	-2.5539e-11	314.764	-44.0171	336.668	-0.000176798	22.1122
0.87	-2.67884e-11	307.065	-44.0171	328.973	-0.000177394	22.108
0.88	-2.80845e-11	299.626	-44.0171	321.539	-0.000178015	22.1037
0.89	-2.94287e-11	292.437	-44.017	314.354	-0.000178661	22.0994
0.9	-3.08221e-11	285.486	-44.017	307.407	-0.000179332	22.095
0.91	-3.22662e-11	278.762	-44.017	300.688	-0.000180028	22.0906
0.92	-3.37621e-11	272.257	-44.0169	294.187	-0.000180749	22.0861
0.93	-3.53113e-11	265.96	-44.0169	287.895	-0.000181494	22.0816
0.94	-3.69151e-11	259.862	-44.0169	281.802	-0.000182263	22.0771
0.95	-3.85749e-11	253.956	-44.0168	275.9	-0.000183056	22.0724
0.96	-4.02922e-11	248.234	-44.0168	270.182	-0.000183873	22.0678
0.97	-4.20684e-11	242.687	-44.0167	264.64	-0.000184714	22.0631
0.98	-4.39049e-11	237.309	-44.0167	259.267	-0.000185578	22.0583
0.99	-4.58033e-11	232.093	-44.0167	254.056	-0.000186465	22.0535
1	-4.77651e-11	227.032	-44.0166	249	-0.000187376	22.0486
1.01	-4.97918e-11	222.121	-44.0166	244.094	-0.00018831	22.0437
1.02	-5.1885e-11	217.354	-44.0166	239.331	-0.000189268	22.0388
1.03	-5.40463e-11	212.724	-44.0165	234.706	-0.000190248	22.0338
1.04	-5.62773e-11	208.227	-44.0165	230.214	-0.000191252	22.0287
1.05	-5.85798e-11	203.858	-44.0164	225.85	-0.000192279	22.0236
1.06	-6.09553e-11	199.611	-44.0164	221.609	-0.000193328	22.0185
1.07	-6.34056e-11	195.483	-44.0163	217.486	-0.000194401	22.0133
1.08	-6.59325e-11	191.469	-44.0163	213.477	-0.000195497	22.008
1.09	-6.85377e-11	187.565	-44.0163	209.578	-0.000196616	22.0027
1.1	-7.12231e-11	183.767	-44.0162	205.785	-0.000197758	21.9974
1.11	-7.39904e-11	180.07	-44.0162	202.094	-0.000198923	21.992
1.12	-7.68415e-11	176.472	-44.0161	198.501	-0.000200111	21.9865
1.13	-7.97783e-11	172.969	-44.0161	195.004	-0.000201322	21.9811
1.14	-8.28028e-11	169.557	-44.016	191.597	-0.000202556	21.9755
1.15	-8.5917e-11	166.234	-44.016	188.28	-0.000203814	21.9699
1.16	-8.91227e-11	162.996	-44.0159	185.048	-0.000205095	21.9643
1.17	-9.24221e-11	159.841	-44.0159	181.898	-0.000206399	21.9586
1.18	-9.58172e-11	156.765	-44.0158	178.828	-0.000207727	21.9529
1.19	-9.931e-11	153.767	-44.0158	175.835	-0.000209078	21.9471
1.2	-1.02903e-10	150.842	-44.0157	172.917	-0.000210453	21.9412
1.21	-1.06598e-10	147.99	-44.0157	170.07	-0.000211852	21.9354
1.22	-1.10397e-10	145.208	-44.0156	167.294	-0.000213274	21.9294
1.23	-1.14303e-10	142.493	-44.0156	164.585	-0.000214721	21.9234
1.24	-1.18317e-10	139.843	-44.0155	161.941	-0.000216191	21.9174
1.25	-1.22443e-10	137.256	-44.0155	159.36	-0.000217686	21.9113
1.26	-1.26682e-10	134.731	-44.0154	156.841	-0.000219206	21.9052
1.27	-1.31037e-10	132.264	-44.0153	154.38	-0.000220749	21.899
1.28	-1.3551e-10	129.855	-44.0153	151.978	-0.000222318	21.8928
1.29	-1.40104e-10	127.502	-44.0152	149.63	-0.000223911	21.8865
1.3	-1.44821e-10	125.203	-44.0152	147.337	-0.000225529	21.8802
1.31	-1.49664e-10	122.955	-44.0151	145.096	-0.000227172	21.8738
1.32	-1.54635e-10	120.759	-44.015	142.906	-0.000228841	21.8674
1.33	-1.59737e-10	118.612	-44.015	140.765	-0.000230535	21.861
1.34	-1.64973e-10	116.512	-44.0149	138.672	-0.000232254	21.8544
1.35	-1.70346e-10	114.459	-44.0149	136.626	-0.000234	21.8479
1.36	-1.75857e-10	112.45	-44.0148	134.624	-0.000235771	21.8413
1.37	-1.8151e-10	110.486	-44.0147	132.666	-0.000237569	21.8346
1.38	-1.87308e-10	108.563	-44.0147	130.75	-0.000239393	21.8279
1.39	-1.93254e-10	106.682	-44.0146	128.875	-0.000241244	21.8211
1.4	-1.99351e-10	104.841	-44.0145	127.041	-0.000243122	21.8143
1.41	-2.05601e-10	103.039	-44.0144	125.245	-0.000245027	21.8075
1.42	-2.12007e-10	101.274	-44.0144	123.487	-0.000246959	21.8005
1.43	-2.18573e-10	99.546	-44.0143	121.766	-0.000248919	21.7936
1.44	-2.25302e-10	97.8537	-44.0142	120.081	-0.000250907	21.7866
1.45	-2.32197e-10	96.1962	-44.0141	118.43	-0.000252922	21.7795
1.46	-2.39262e-10	94.5724	-44.0141	116.814	-0.000254966	21.7724
1.47	-2.46498e-10	92.9814	-44.014	115.23	-0.000257039	21.7653
1.48	-2.53911e-10	91.4224	-44.0139	113.678	-0.00025914	21.7581
1.49	-2.61502e-10	89.8944	-44.0138	112.157	-0.000261271	21.7508
1.5	-2.69277e-10	88.3968	-44.0138	110.667	-0.000263431	21.7435
1.51	-2.77237e-10	86.9286	-44.0137	109.206	-0.00026562	21.7362
1.52	-2.85387e-10	85.4891	-44.0136	107.774	-0.00026784	21.7288
1.53	-2.9373e-10	84.0775	-44.0135	106.369	-0.000270089	21.7213
1.54	-3.0227e-10	82.6932	-44.0134	104.992	-0.000272369	21.7138
1.55	-3.11011e-10	81.3354	-44.0133	103.642	-0.00027468	21.7063
1.56	-3.19956e-10	80.0034	-44.0132	102.318	-0.000277023	21.6987
1.57	-3.2911e-10	78.6966	-44.0132	101.018	-0.000279396	21.6911
1.58	-3.38475e-10	77.4143	-44.0131	99.7436	-0.000281801	21.6834
1.59	-3.48056e-10	76.156	-44.013	98.4929	-0.000284239	21.6756
1.6	-3.57858e-10	74.921	-44.0129	97.2656	-0.000286708	21.6679
1.61	-3.67883e-10	73.7087	-44.0128	96.0611	-0.000289211	21.66
1.62	-3.78137e-10	72.5187	-44.0127	94.8788	-0.000291746	21.6521
1.63	-3.88623e-10	71.3503	-44.0126	93.7182	-0.000294315	21.6442
1.64	-3.99345e-10	70.203	-44.0125	92.5788	-0.000296918	21.6362
1.65	-4.10309e-10	69.0763	-44.0124	91.4601	-0.000299555	21.6282
1.66	-4.21518e-10	67.9697	-44.0123	90.3614	-0.000302227	21.6201
1.67	-4.32977e-10	66.8827	-44.0122	89.2825	-0.000304933	21.612
1.68	-4.4469e-10	65.8149	-44.0121	88.2228	-0.000307674	21.6038
1.69	-4.56662e-10	64.7659	-44.012	87.1818	-0.000310451	21.5956
1.7	-4.68898e-10	63.735	-44.0119	86.1592	-0.000313265	21.5873
1.71	-4.81402e-10	62.7221	-44.0117	85.1544	-0.000316114	21.579
1.72	-4.94179e-10	61.7265	-44.0116	84.1671	-0.000319001	21.5706
1.73	-5.07234e-10	60.748	-44.0115	83.1969	-0.000321924	21.5622
1.74	-5.20572e-10	59.7861	-44.0114	82.2434	-0.000324885	21.5537
1.75	-5.34198e-10	58.8405	-44.0113	81.3061	-0.000327885	21.5452
1.76	-5.48117e-10	57.9107	-44.0112	80.3848	-0.000330922	21.5366
1.77	-5.62335e-10	56.9965	-44.011	79.4791	-0.000333999	21.528
1.78	-5.76856e-10	56.0974	-44.0109	78.5886	-0.000337115	21.5193
1.79	-5.91686e-10	55.2132	-44.0108	77.7129	-0.000340271	21.5106
1.8	-6.0683e-10	54.3435	-44.0107	76.8519	-0.000343467	21.5019
1.81	-6.22294e-10	53.488	-44.0105	76.005	-0.000346703	21.4931
1.82	-6.38083e-10	52.6463	-44.0104	75.1721	-0.000349981	21.4842
1.83	-6.54203e-10	51.8183	-44.0103	74.3528	-0.0003533	21.4753
1.84	-6.7066e-10	51.0035	-44.0101	73.5468	-0.000356662	21.4663
1.85	-6.8746e-10	50.2016	-44.01	72.7538	-0.000360066	21.4573
1.86	-7.04608e-10	49.4125	-44.0099	71.9736	-0.000363513	21.4483
1.87	-7.22111e-10	48.6359	-44.0097	71.2059	-0.000367004	21.4392
1.88	-7.39975e-10	47.8714	-44.0096	70.4504	-0.000370539	21.43
1.89	-7.58205e-10	47.1188	-44.0094	69.7069	-0.000374118	21.4208
1.9	-7.76809e-10	46.3778	-44.0093	68.9751	-0.000377743	21.4116
1.91	-7.95792e-10	45.6483	-44.0091	68.2547	-0.000381413	21.4023
1.92	-8.15161e-10	44.93	-44.009	67.5456	-0.000385129	21.3929
1.93	-8.34923e-10	44.2226	-44.0088	66.8474	-0.000388892	21.3835
1.94	-8.55084e-10	43.526	-44.0087	66.1601	-0.000392703	21.3741
1.95	-8.75651e-10	42.8398	-44.0085	65.4832	-0.000396561	21.3646
1.96	-8.96631e-10	42.1639	-44.0084	64.8167	-0.000400468	21.355
1.97	-9.1803e-10	41.4982	-44.0082	64.1604	-0.000404423	21.3454
1.98	-9.39857e-10	40.8422	-44.008	63.5139	-0.000408428	21.3358
1.99	-9.62118e-10	40.196	-44.0079	62.8772	-0.000412483	21.3261
2	-9.8482e-10	39.5592	-44.0077	62.25	-0.000416589	21.3164
2.01	-1.00797e-09	38.9318	-44.0075	61.6321	-0.000420747	21.3066
2.02	-1.03158e-09	38.3134	-44.0073	61.0234	-0.000424956	21.2967
2.03	-1.05565e-09	37.704	-44.0072	60.4237	-0.000429218	21.2868
2.04	-1.08019e-09	37.1033	-44.007	59.8328	-0.000433533	21.2769
2.05	-1.10522e-09	36.5112	-44.0068	59.2504	-0.000437902	21.2669
2.06	-1.13073e-09	35.9275	-44.0066	58.6766	-0.000442325	21.2569
2.07	-1.15673e-09	35.352	-44.0064	58.111	-0.000446804	21.2468
2.08	-1.18324e-09	34.7847	-44.0062	57.5536	-0.000451338	21.2367
2.09	-1.21026e-09	34.2253	-44.006	57.0042	-0.000455929	21.2265
2.1	-1.2378e-09	33.6737	-44.0058	56.4626	-0.000460577	21.2163
2.11	-1.26587e-09	33.1297	-44.0056	55.9287	-0.000465283	21.206
2.12	-1.29448e-09	32.5932	-44.0054	55.4023	-0.000470048	21.1957
2.13	-1.32364e-09	32.064	-44.0052	54.8833	-0.000474871	21.1853
2.14	-1.35335e-09	31.5421	-44.005	54.3716	-0.000479755	21.1749
2.15	-1.38362e-09	31.0272	-44.0048	53.867	-0.0004847	21.1644
2.16	-1.41447e-09	30.5193	-44.0046	53.3693	-0.000489706	21.1539
2.17	-1.4459e-09	30.0182	-44.0044	52.8786	-0.000494774	21.1433
2.18	-1.47792e-09	29.5238	-44.0041	52.3946	-0.000499905	21.1327
2.19	-1.51055e-09	29.036	-44.0039	51.9172	-0.0005051	21.122
2.2	-1.54379e-09	28.5546	-44.0037	51.4463	-0.00051036	21.1113
2.21	-1.57764e-09	28.0796	-44.0034	50.9818	-0.000515685	21.1006
2.22	-1.61214e-09	27.6107	-44.0032	50.5235	-0.000521076	21.0897
2.23	-1.64727e-09	27.148	-44.003	50.0714	-0.000526534	21.0789
2.24	-1.68305e-09	26.6913	-44.0027	49.6253	-0.00053206	21.068
2.25	-1.7195e-09	26.2404	-44.0025	49.1852	-0.000537654	21.057
2.26	-1.75662e-09	25.7954	-44.0022	48.7509	-0.000543318	21.046
2.27	-1.79443e-09	25.356	-44.002	48.3223	-0.000549052	21.0349
2.28	-1.83292e-09	24.9222	-44.0017	47.8994	-0.000554858	21.0238
2.29	-1.87213e-09	24.4939	-44.0014	47.4819	-0.000560735	21.0127
2.3	-1.91205e-09	24.071	-44.0012	47.0699	-0.000566685	21.0015
2.31	-1.9527e-09	23.6534	-44.0009	46.6633	-0.00057271	20.9902
2.32	-1.9941e-09	23.241	-44.0006	46.2619	-0.000578809	20.9789
2.33	-2.03624e-09	22.8337	-44.0003	45.8656	-0.000584984	20.9676
2.34	-2.07915e-09	22.4314	-44.0001	45.4745	-0.000591235	20.9562
2.35	-2.12283e-09	22.034	-43.9998	45.0883	-0.000597564	20.9447
2.36	-2.1673e-09	21.6415	-43.9995	44.707	-0.000603972	20.9332
2.37	-2.21257e-09	21.2538	-43.9992	44.3305	-0.000610459	20.9217
2.38	-2.25866e-09	20.8708	-43.9989	43.9588	-0.000617026	20.9101
2.39	-2.30557e-09	20.4924	-43.9986	43.5917	-0.000623676	20.8984
2.4	-2.35332e-09	20.1185	-43.9983	43.2292	-0.000630407	20.8868
2.41	-2.40192e-09	19.7491	-43.9979	42.8712	-0.000637223	20.875
2.42	-2.45139e-09	19.384	-43.9976	42.5176	-0.000644123	20.8632
2.43	-2.50173e-09	19.0233	-43.9973	42.1684	-0.000651108	20.8514
2.44	-2.55297e-09	18.6668	-43.997	41.8234	-0.000658181	20.8395
2.45	-2.60512e-09	18.3145	-43.9966	41.4827	-0.000665341	20.8276
2.46	-2.65818e-09	17.9663	-43.9963	41.1461	-0.00067259	20.8156
2.47	-2.71218e-09	17.6221	-43.996	40.8137	-0.00067993	20.8035
2.48	-2.76713e-09	17.2819	-43.9956	40.4852	-0.00068736	20.7915
2.49	-2.82304e-09	16.9456	-43.9952	40.1606	-0.000694883	20.7793
2.5	-2.87994e-09	16.6132	-43.9949	39.84	-0.000702499	20.7671
2.51	-2.93782e-09	16.2845	-43.9945	39.5232	-0.00071021	20.7549
2.52	-2.99672e-09	15.9596	-43.9942	39.2101	-0.000718017	20.7426
2.53	-3.05664e-09	15.6383	-43.9938	38.9008	-0.000725921	20.7303
2.54	-3.1176e-09	15.3206	-43.9934	38.5951	-0.000733923	20.7179
2.55	-3.17962e-09	15.0065	-43.993	38.293	-0.000742025	20.7055
2.56	-3.24271e-09	14.6958	-43.9926	37.9944	-0.000750228	20.693
2.57	-3.30688e-09	14.3886	-43.9922	37.6993	-0.000758532	20.6805
2.58	-3.37217e-09	14.0848	-43.9918	37.4076	-0.00076694	20.6679
2.59	-3.43858e-09	13.7843	-43.9914	37.1193	-0.000775453	20.6553
2.6	-3.50612e-09	13.487	-43.991	36.8343	-0.000784071	20.6427
2.61	-3.57483e-09	13.1931	-43.9905	36.5526	-0.000792797	20.6299
2.62	-3.64471e-09	12.9022	-43.9901	36.2741	-0.000801631	20.6172
2.63	-3.71578e-09	12.6145	-43.9897	35.9988	-0.000810576	20.6044
2.64	-3.78807e-09	12.3299	-43.9892	35.7266	-0.000819631	20.5915
2.65	-3.86158e-09	12.0484	-43.9888	35.4575	-0.0008288	20.5786
2.66	-3.93634e-09	11.7698	-43.9883	35.1914	-0.000838083	20.5656
2.67	-4.01237e-09	11.4941	-43.9879	34.9282	-0.000847481	20.5526
2.68	-4.08968e-09	11.2214	-43.9874	34.6681	-0.000856997	20.5396
2.69	-4.1683e-09	10.9515	-43.9869	34.4108	-0.000866631	20.5264
2.7	-4.24824e-09	10.6844	-43.9864	34.1564	-0.000876386	20.5133
2.71	-4.32953e-09	10.4201	-43.9859	33.9048	-0.000886262	20.5001
2.72	-4.41218e-09	10.1585	-43.9854	33.6559	-0.000896261	20.4868
2.73	-4.49622e-09	9.89962	-43.9849	33.4098	-0.000906385	20.4735
2.74	-4.58166e-09	9.64337	-43.9844	33.1664	-0.000916636	20.4602
2.75	-4.66853e-09	9.38974	-43.9839	32.9256	-0.000927014	20.4468
2.76	-4.75686e-09	9.13868	-43.9834	32.6875	-0.000937522	20.4333
2.77	-4.84665e-09	8.89015	-43.9828	32.4519	-0.000948161	20.4198
2.78	-4.93793e-09	8.64411	-43.9823	32.2188	-0.000958933	20.4063
2.79	-5.03073e-09	8.40054	-43.9817	31.9883	-0.00096984	20.3927
2.8	-5.12506e-09	8.1594	-43.9812	31.7602	-0.000980882	20.379
2.81	-5.22096e-09	7.92064	-43.9806	31.5346	-0.000992063	20.3653
2.82	-5.31844e-09	7.68424	-43.98	31.3113	-0.00100338	20.3516
2.83	-5.41752e-09	7.45016	-43.9794	31.0904	-0.00101485	20.3378
2.84	-5.51824e-09	7.21838	-43.9788	30.8719	-0.00102645	20.324
2.85	-5.62061e-09	6.98884	-43.9782	30.6556	-0.0010382	20.3101
2.86	-5.72466e-09	6.76154	-43.9776	30.4416	-0.0010501	20.2961
2.87	-5.83041e-09	6.53643	-43.977	30.2298	-0.00106215	20.2822
2.88	-5.93789e-09	6.31348	-43.9763	30.0203	-0.00107434	20.2681
2.89	-6.04713e-09	6.09266	-43.9757	29.8129	-0.00108669	20.254
2.9	-6.15815e-09	5.87395	-43.975	29.6076	-0.0010992	20.2399
2.91	-6.27097e-09	5.65731	-43.9744	29.4045	-0.00111186	20.2257
2.92	-6.38563e-09	5.44271	-43.9737	29.2034	-0.00112468	20.2115
2.93	-6.50215e-09	5.23013	-43.973	29.0044	-0.00113766	20.1972
2.94	-6.62055e-09	5.01954	-43.9723	28.8074	-0.0011508	20.1829
2.95	-6.74087e-09	4.81092	-43.9716	28.6125	-0.00116411	20.1685
2.96	-6.86314e-09	4.60422	-43.9709	28.4195	-0.00117759	20.1541
2.97	-6.98737e-09	4.39944	-43.9702	28.2284	-0.00119123	20.1396
2.98	-7.11361e-09	4.19653	-43.9694	28.0393	-0.00120505	20.1251
2.99	-7.24187e-09	3.99549	-43.9687	27.852	-0.00121903	20.1105
3	-7.37219e-09	3.79627	-43.9679	27.6667	-0.0012332	20.0959
3.01	-7.50461e-09	3.59887	-43.9672	27.4831	-0.00124754	20.0812
3.02	-7.63914e-09	3.40324	-43.9664	27.3014	-0.00126206	20.0665
3.03	-7.77582e-09	3.20938	-43.9656	27.1215	-0.00127676	20.0517
3.04	-7.91468e-09	3.01725	-43.9648	26.9434	-0.00129165	20.0369
3.05	-8.05576e-09	2.82684	-43.964	26.767	-0.00130673	20.022
3.06	-8.19908e-09	2.63811	-43.9631	26.5923	-0.00132199	20.0071
3.07	-8.34468e-09	2.45105	-43.9623	26.4194	-0.00133745	19.9922
3.08	-8.49259e-09	2.26564	-43.9614	26.2481	-0.0013531	19.9772
3.09	-8.64284e-09	2.08185	-43.9606	26.0785	-0.00136895	19.9621
3.1	-8.79547e-09	1.89967	-43.9597	25.9105	-0.001385	19.947
3.11	-8.95052e-09	1.71907	-43.9588	25.7442	-0.00140125	19.9318
3.12	-9.10801e-09	1.54003	-43.9579	25.5794	-0.0014177	19.9166
3.13	-9.26798e-09	1.36253	-43.957	25.4162	-0.00143436	19.9014
3.14	-9.43047e-09	1.18655	-43.956	25.2546	-0.00145123	19.8861
3.15	-9.59551e-09	1.01208	-43.9551	25.0945	-0.00146832	19.8707
3.16	-9.76314e-09	0.839091	-43.9541	24.9359	-0.00148561	19.8553
3.17	-9.9334e-09	0.667565	-43.9531	24.7788	-0.00150313	19.8399
3.18	-1.01063e-08	0.497484	-43.9521	24.6232	-0.00152087	19.8244
3.19	-1.0282e-08	0.328831	-43.9511	24.4691	-0.00153883	19.8088
3.2	-1.04603e-08	0.161587	-43.9501	24.3164	-0.00155701	19.7932
3.21	-1.06415e-08	-0.00426481	-43.9491	24.1651	-0.00157543	19.7776
3.22	-1.08254e-08	-0.168743	-43.948	24.0153	-0.00159407	19.7619
3.23	-1.10123e-08	-0.331864	-43.9469	23.8668	-0.00161296	19.7461
3.24	-1.1202e-08	-0.493645	-43.9459	23.7197	-0.00163208	19.7303
3.25	-1.13947e-08	-0.654102	-43.9448	23.574	-0.00165144	19.7145
3.26	-1.15903e-08	-0.813252	-43.9436	23.4296	-0.00167105	19.6986
3.27	-1.1789e-08	-0.971111	-43.9425	23.2865	-0.0016909	19.6827
3.28	-1.19908e-08	-1.1277	-43.9414	23.1447	-0.001711	19.6667
3.29	-1.21957e-08	-1.28302	-43.9402	23.0042	-0.00173136	19.6506
3.3	-1.24037e-08	-1.4371	-43.939	22.865	-0.00175198	19.6345
3.31	-1.26149e-08	-1.58995	-43.9378	22.7271	-0.00177285	19.6184
3.32	-1.28294e-08	-1.74159	-43.9366	22.5904	-0.00179399	19.6022
3.33	-1.30472e-08	-1.89202	-43.9353	22.4549	-0.0018154	19.586
3.34	-1.32683e-08	-2.04128	-43.9341	22.3206	-0.00183707	19.5697
3.35	-1.34928e-08	-2.18936	-43.9328	22.1876	-0.00185902	19.5534
3.36	-1.37207e-08	-2.33628	-43.9315	22.0557	-0.00188125	19.537
3.37	-1.39521e-08	-2.48206	-43.9302	21.925	-0.00190376	19.5206
3.38	-1.4187e-08	-2.62671	-43.9288	21.7955	-0.00192655	19.5041
3.39	-1.44256e-08	-2.77025	-43.9275	21.6671	-0.00194963	19.4876
3.4	-1.46677e-08	-2.91268	-43.9261	21.5398	-0.00197301	19.471
3.41	-1.49136e-08	-3.05402	-43.9247	21.4136	-0.00199668	19.4544
3.42	-1.51631e-08	-3.19429	-43.9233	21.2886	-0.00202064	19.4377
3.43	-1.54165e-08	-3.33349	-43.9219	21.1647	-0.00204492	19.421
3.44	-1.56737e-08	-3.47163	-43.9204	21.0418	-0.00206949	19.4042
3.45	-1.59348e-08	-3.60874	-43.9189	20.92	-0.00209438	19.3874
3.46	-1.61998e-08	-3.74482	-43.9174	20.7992	-0.00211959	19.3705
3.47	-1.64688e-08	-3.87988	-43.9159	20.6795	-0.00214511	19.3536
3.48	-1.67419e-08	-4.01394	-43.9143	20.5608	-0.00217096	19.3367
3.49	-1.70191e-08	-4.147	-43.9128	20.4432	-0.00219713	19.3196
3.5	-1.73005e-08	-4.27908	-43.9112	20.3265	-0.00222364	19.3026
3.51	-1.75861e-08	-4.41019	-43.9095	20.2109	-0.00225048	19.2855
3.52	-1.7876e-08	-4.54034	-43.9079	20.0962	-0.00227766	19.2683
3.53	-1.81703e-08	-4.66954	-43.9062	19.9825	-0.00230518	19.2511
3.54	-1.84689e-08	-4.7978	-43.9045	19.8698	-0.00233306	19.2338
3.55	-1.8772e-08	-4.92514	-43.9028	19.758	-0.00236129	19.2165
3.56	-1.90797e-08	-5.05155	-43.9011	19.6471	-0.00238987	19.1992
3.57	-1.93919e-08	-5.17706	-43.8993	19.5372	-0.00241882	19.1818
3.58	-1.97088e-08	-5.30167	-43.8975	19.4282	-0.00244813	19.1643
3.59	-2.00304e-08	-5.42539	-43.8957	19.3201	-0.00247782	19.1468
3.6	-2.03568e-08	-5.54823	-43.8938	19.213	-0.00250788	19.1293
3.61	-2.06881e-08	-5.6702	-43.8919	19.1067	-0.00253832	19.1117
3.62	-2.10243e-08	-5.79132	-43.89	19.0013	-0.00256915	19.094
3.63	-2.13654e-08	-5.91158	-43.8881	18.8967	-0.00260037	19.0763
3.64	-2.17116e-08	-6.031	-43.8861	18.793	-0.00263198	19.0586
3.65	-2.2063e-08	-6.1496	-43.8841	18.6902	-0.002664	19.0408
3.66	-2.24195e-08	-6.26736	-43.8821	18.5882	-0.00269642	19.0229
3.67	-2.27813e-08	-6.38432	-43.88	18.487	-0.00272926	19.005
3.68	-2.31484e-08	-6.50046	-43.8779	18.3867	-0.00276251	18.9871
3.69	-2.3521e-08	-6.61581	-43.8758	18.2872	-0.00279618	18.9691
3.7	-2.3899e-08	-6.73037	-43.8737	18.1885	-0.00283028	18.9511
3.71	-2.42826e-08	-6.84415	-43.8715	18.0905	-0.00286481	18.933
3.72	-2.46718e-08	-6.95716	-43.8693	17.9934	-0.00289978	18.9149
3.73	-2.50668e-08	-7.0694	-43.867	17.8971	-0.00293519	18.8967
3.74	-2.54675e-08	-7.18088	-43.8648	17.8015	-0.00297105	18.8784
3.75	-2.58741e-08	-7.29162	-43.8624	17.7067	-0.00300737	18.8602
3.76	-2.62866e-08	-7.40161	-43.8601	17.6126	-0.00304415	18.8418
3.77	-2.67052e-08	-7.51087	-43.8577	17.5193	-0.00308139	18.8234
3.78	-2.71299e-08	-7.6194	-43.8553	17.4267	-0.00311911	18.805
3.79	-2.75608e-08	-7.72721	-43.8528	17.3349	-0.00315731	18.7865
3.8	-2.79979e-08	-7.83431	-43.8503	17.2438	-0.00319599	18.768
3.81	-2.84415e-08	-7.9407	-43.8478	17.1534	-0.00323516	18.7494
3.82	-2.88914e-08	-8.0464	-43.8452	17.0637	-0.00327483	18.7308
3.83	-2.93479e-08	-8.1514	-43.8426	16.9747	-0.003315	18.7121
3.84	-2.98111e-08	-8.25572	-43.84	16.8864	-0.00335568	18.6934
3.85	-3.02809e-08	-8.35936	-43.8373	16.7988	-0.00339688	18.6746
3.86	-3.07576e-08	-8.46232	-43.8346	16.7119	-0.0034386	18.6558
3.87	-3.12412e-08	-8.56463	-43.8318	16.6256	-0.00348085	18.637
3.88	-3.17317e-08	-8.66627	-43.829	16.54	-0.00352363	18.618
3.89	-3.22294e-08	-8.76726	-43.8262	16.4551	-0.00356696	18.5991
3.9	-3.27342e-08	-8.8676	-43.8233	16.3708	-0.00361084	18.5801
3.91	-3.32463e-08	-8.9673	-43.8203	16.2872	-0.00365527	18.561
3.92	-3.37657e-08	-9.06637	-43.8174	16.2042	-0.00370027	18.5419
3.93	-3.42927e-08	-9.16481	-43.8143	16.1218	-0.00374584	18.5227
3.94	-3.48272e-08	-9.26263	-43.8113	16.0401	-0.00379198	18.5035
3.95	-3.53694e-08	-9.35982	-43.8082	15.959	-0.00383871	18.4842
3.96	-3.59194e-08	-9.45641	-43.805	15.8785	-0.00388604	18.4649
3.97	-3.64773e-08	-9.55239	-43.8018	15.7986	-0.00393396	18.4456
3.98	-3.70431e-08	-9.64777	-43.7986	15.7193	-0.00398249	18.4262
3.99	-3.76171e-08	-9.74255	-43.7953	15.6406	-0.00403164	18.4067
4	-3.81992e-08	-9.83674	-43.7919	15.5625	-0.00408141	18.3872
4.01	-3.87897e-08	-9.93035	-43.7885	15.485	-0.00413181	18.3677
4.02	-3.93886e-08	-10.0234	-43.7851	15.408	-0.00418285	18.3481
4.03	-3.9996e-08	-10.1158	-43.7815	15.3317	-0.00423454	18.3284
4.04	-4.06121e-08	-10.2077	-43.778	15.2559	-0.00428688	18.3087
4.05	-4.12369e-08	-10.299	-43.7744	15.1806	-0.00433988	18.289
4.06	-4.18707e-08	-10.3898	-43.7707	15.1059	-0.00439356	18.2692
4.07	-4.25134e-08	-10.48	-43.767	15.0318	-0.00444791	18.2493
4.08	-4.31653e-08	-10.5696	-43.7632	14.9582	-0.00450295	18.2294
4.09	-4.38264e-08	-10.6587	-43.7594	14.8851	-0.00455869	18.2095
4.1	-4.44968e-08	-10.7473	-43.7555	14.8126	-0.00461514	18.1895
4.11	-4.51768e-08	-10.8353	-43.7516	14.7406	-0.0046723	18.1695
4.12	-4.58664e-08	-10.9228	-43.7476	14.6691	-0.00473018	18.1494
4.13	-4.65657e-08	-11.0097	-43.7435	14.5982	-0.0047888	18.1292
4.14	-4.72749e-08	-11.0961	-43.7394	14.5278	-0.00484815	18.109
4.15	-4.79941e-08	-11.182	-43.7352	14.4578	-0.00490826	18.0888
4.16	-4.87234e-08	-11.2674	-43.731	14.3884	-0.00496913	18.0685
4.17	-4.9463e-08	-11.3523	-43.7267	14.3195	-0.00503076	18.0482
4.18	-5.0213e-08	-11.4367	-43.7223	14.251	-0.00509318	18.0278
4.19	-5.09735e-08	-11.5205	-43.7179	14.1831	-0.00515638	18.0074
4.2	-5.17447e-08	-11.6039	-43.7134	14.1156	-0.00522038	17.9869
4.21	-5.25268e-08	-11.6867	-43.7088	14.0487	-0.00528519	17.9664
4.22	-5.33198e-08	-11.7691	-43.7042	13.9822	-0.00535082	17.9458
4.23	-5.41239e-08	-11.8509	-43.6995	13.9161	-0.00541727	17.9252
4.24	-5.49393e-08	-11.9323	-43.6947	13.8506	-0.00548457	17.9045
4.25	-5.5766e-08	-12.0132	-43.6899	13.7855	-0.00555271	17.8838
4.26	-5.66044e-08	-12.0936	-43.6849	13.7208	-0.00562171	17.863
4.27	-5.74544e-08	-12.1736	-43.68	13.6566	-0.00569159	17.8422
4.28	-5.83163e-08	-12.253	-43.6749	13.5929	-0.00576234	17.8213
4.29	-5.91902e-08	-12.332	-43.6698	13.5296	-0.00583398	17.8004
4.3	-6.00763e-08	-12.4105	-43.6645	13.4667	-0.00590653	17.7794
4.31	-6.09747e-08	-12.4885	-43.6592	13.4043	-0.00597999	17.7584
4.32	-6.18856e-08	-12.5661	-43.6539	13.3423	-0.00605437	17.7373
4.33	-6.28091e-08	-12.6433	-43.6484	13.2808	-0.00612969	17.7162
4.34	-6.37455e-08	-12.7199	-43.6429	13.2196	-0.00620595	17.6951
4.35	-6.46949e-08	-12.7961	-43.6373	13.1589	-0.00628318	17.6739
4.36	-6.56574e-08	-12.8719	-43.6316	13.0986	-0.00636137	17.6526
4.37	-6.66333e-08	-12.9472	-43.6258	13.0388	-0.00644055	17.6313
4.38	-6.76226e-08	-13.0221	-43.62	12.9793	-0.00652072	17.6099
4.39	-6.86257e-08	-13.0965	-43.614	12.9202	-0.00660189	17.5885
4.4	-6.96426e-08	-13.1704	-43.608	12.8616	-0.00668409	17.5671
4.41	-7.06735e-08	-13.244	-43.6019	12.8033	-0.00676731	17.5456
4.42	-7.17187e-08	-13.3171	-43.5956	12.7454	-0.00685158	17.524
4.43	-7.27782e-08	-13.3897	-43.5893	12.688	-0.0069369	17.5024
4.44	-7.38524e-08	-13.4619	-43.5829	12.6309	-0.00702329	17.4807
4.45	-7.49413e-08	-13.5337	-43.5764	12.5742	-0.00711077	17.459
4.46	-7.60453e-08	-13.6051	-43.5698	12.5178	-0.00719933	17.4373
4.47	-7.71644e-08	-13.676	-43.5632	12.4619	-0.007289	17.4155
4.48	-7.82988e-08	-13.7465	-43.5564	12.4063	-0.0073798	17.3937
4.49	-7.94488e-08	-13.8166	-43.5495	12.3511	-0.00747172	17.3718
4.5	-8.06146e-08	-13.8863	-43.5425	12.2963	-0.0075648	17.3498
4.51	-8.17964e-08	-13.9555	-43.5354	12.2418	-0.00765903	17.3278
4.52	-8.29944e-08	-14.0244	-43.5282	12.1877	-0.00775444	17.3058
4.53	-8.42087e-08	-14.0928	-43.5209	12.134	-0.00785103	17.2837
4.54	-8.54396e-08	-14.1608	-43.5135	12.0806	-0.00794883	17.2616
4.55	-8.66874e-08	-14.2284	-43.506	12.0275	-0.00804785	17.2394
4.56	-8.79522e-08	-14.2955	-43.4984	11.9748	-0.00814809	17.2171
4.57	-8.92342e-08	-14.3623	-43.4906	11.9225	-0.00824959	17.1948
4.58	-9.05338e-08	-14.4286	-43.4828	11.8705	-0.00835234	17.1725
4.59	-9.1851e-08	-14.4946	-43.4748	11.8188	-0.00845637	17.1501
4.6	-9.31861e-08	-14.5601	-43.4667	11.7675	-0.00856168	17.1277
4.61	-9.45394e-08	-14.6253	-43.4585	11.7165	-0.0086683	17.1052
4.62	-9.59112e-08	-14.69	-43.4502	11.6658	-0.00877624	17.0827
4.63	-9.73015e-08	-14.7543	-43.4418	11.6155	-0.00888552	17.0601
4.64	-9.87107e-08	-14.8182	-43.4332	11.5655	-0.00899615	17.0375
4.65	-1.00139e-07	-14.8818	-43.4245	11.5158	-0.00910814	17.0148
4.66	-1.01587e-07	-14.9449	-43.4157	11.4664	-0.00922151	16.9921
4.67	-1.03054e-07	-15.0076	-43.4067	11.4174	-0.00933629	16.9693
4.68	-1.04541e-07	-15.0699	-43.3976	11.3686	-0.00945248	16.9465
4.69	-1.06048e-07	-15.1319	-43.3884	11.3202	-0.00957009	16.9236
4.7	-1.07576e-07	-15.1934	-43.3791	11.2721	-0.00968916	16.9007
4.71	-1.09124e-07	-15.2545	-43.3696	11.2243	-0.00980968	16.8777
4.72	-1.10694e-07	-15.3153	-43.36	11.1767	-0.00993169	16.8547
4.73	-1.12284e-07	-15.3756	-43.3502	11.1295	-0.0100552	16.8316
4.74	-1.13896e-07	-15.4356	-43.3403	11.0826	-0.0101802	16.8085
4.75	-1.15529e-07	-15.4952	-43.3303	11.036	-0.0103068	16.7853
4.76	-1.17185e-07	-15.5543	-43.3201	10.9897	-0.0104349	16.7621
4.77	-1.18863e-07	-15.6131	-43.3097	10.9437	-0.0105645	16.7389
4.78	-1.20563e-07	-15.6715	-43.2992	10.8979	-0.0106958	16.7156
4.79	-1.22286e-07	-15.7295	-43.2886	10.8525	-0.0108286	16.6922
4.8	-1.24033e-07	-15.7871	-43.2778	10.8073	-0.0109631	16.6688
4.81	-1.25802e-07	-15.8443	-43.2668	10.7624	-0.0110992	16.6453
4.82	-1.27596e-07	-15.9011	-43.2557	10.7178	-0.0112369	16.6218
4.83	-1.29413e-07	-15.9575	-43.2444	10.6735	-0.0113763	16.5983
4.84	-1.31255e-07	-16.0136	-43.233	10.6294	-0.0115174	16.5747
4.85	-1.33122e-07	-16.0692	-43.2214	10.5856	-0.0116603	16.551
4.86	-1.35014e-07	-16.1244	-43.2096	10.5421	-0.0118048	16.5273
4.87	-1.3693e-07	-16.1793	-43.1976	10.4988	-0.0119511	16.5036
4.88	-1.38873e-07	-16.2338	-43.1855	10.4559	-0.0120992	16.4798
4.89	-1.40841e-07	-16.2878	-43.1732	10.4131	-0.012249	16.4559
4.9	-1.42836e-07	-16.3415	-43.1607	10.3707	-0.0124007	16.432
4.91	-1.44857e-07	-16.3948	-43.1481	10.3285	-0.0125541	16.4081
4.92	-1.46906e-07	-16.4477	-43.1353	10.2865	-0.0127095	16.3841
4.93	-1.48981e-07	-16.5002	-43.1222	10.2448	-0.0128666	16.36
4.94	-1.51084e-07	-16.5523	-43.109	10.2034	-0.0130257	16.3359
4.95	-1.53216e-07	-16.604	-43.0956	10.1622	-0.0131867	16.3118
4.96	-1.55375e-07	-16.6553	-43.082	10.1213	-0.0133495	16.2876
4.97	-1.57563e-07	-16.7063	-43.0682	10.0806	-0.0135144	16.2634
4.98	-1.59781e-07	-16.7568	-43.0543	10.0402	-0.0136811	16.2391
4.99	-1.62028e-07	-16.8069	-43.0401	9.99996	-0.0138499	16.2148
5	-1.64304e-07	-16.8566	-43.0257	9.96	-0.0140207	16.1904
5.01	-1.66611e-07	-16.9059	-43.0111	9.92028	-0.0141935	16.1659
5.02	-1.68948e-07	-16.9549	-42.9963	9.8808	-0.0143683	16.1414
5.03	-1.71317e-07	-17.0034	-42.9813	9.84155	-0.0145452	16.1169
5.04	-1.73717e-07	-17.0515	-42.966	9.80253	-0.0147242	16.0923
5.05	-1.76148e-07	-17.0992	-42.9506	9.76375	-0.0149053	16.0677
5.06	-1.78612e-07	-17.1466	-42.9349	9.72519	-0.0150885	16.043
5.07	-1.81108e-07	-17.1935	-42.919	9.68687	-0.0152739	16.0183
5.08	-1.83637e-07	-17.24	-42.9029	9.64877	-0.0154614	15.9935
5.09	-1.862e-07	-17.2861	-42.8865	9.61089	-0.0156511	15.9687
5.1	-1.88797e-07	-17.3317	-42.8699	9.57324	-0.015843	15.9438
5.11	-1.91427e-07	-17.377	-42.8531	9.53581	-0.0160372	15.9189
5.12	-1.94093e-07	-17.4219	-42.836	9.4986	-0.0162336	15.8939
5.13	-1.96794e-07	-17.4663	-42.8187	9.4616	-0.0164324	15.8689
5.14	-1.9953e-07	-17.5103	-42.8012	9.42482	-0.0166334	15.8438
5.15	-2.02302e-07	-17.5539	-42.7834	9.38826	-0.0168367	15.8187
5.16	-2.05111e-07	-17.5971	-42.7653	9.3519	-0.0170423	15.7936
5.17	-2.07957e-07	-17.6399	-42.747	9.31576	-0.0172504	15.7683
5.18	-2.1084e-07	-17.6823	-42.7284	9.27983	-0.0174608	15.7431
5.19	-2.13761e-07	-17.7242	-42.7096	9.2441	-0.0176736	15.7178
5.2	-2.16721e-07	-17.7657	-42.6905	9.20858	-0.0178889	15.6924
5.21	-2.19719e-07	-17.8067	-42.6711	9.17326	-0.0181066	15.667
5.22	-2.22757e-07	-17.8474	-42.6515	9.13815	-0.0183268	15.6415
5.23	-2.25835e-07	-17.8876	-42.6316	9.10324	-0.0185494	15.616
5.24	-2.28953e-07	-17.9273	-42.6114	9.06853	-0.0187746	15.5905
5.25	-2.32112e-07	-17.9667	-42.5909	9.03401	-0.0190024	15.5649
5.26	-2.35312e-07	-18.0056	-42.5701	8.9997	-0.0192327	15.5392
5.27	-2.38555e-07	-18.044	-42.5491	8.96557	-0.0194656	15.5135
5.28	-2.4184e-07	-18.082	-42.5277	8.93165	-0.0197011	15.4878
5.29	-2.45168e-07	-18.1196	-42.5061	8.89791	-0.0199392	15.462
5.3	-2.48539e-07	-18.1567	-42.4841	8.86436	-0.02018	15.4361
5.31	-2.51955e-07	-18.1934	-42.4618	8.83101	-0.0204234	15.4102
5.32	-2.55415e-07	-18.2296	-42.4392	8.79784	-0.0206696	15.3843
5.33	-2.58921e-07	-18.2653	-42.4163	8.76486	-0.0209184	15.3583
5.34	-2.62472e-07	-18.3006	-42.3931	8.73206	-0.02117	15.3322
5.35	-2.6607e-07	-18.3355	-42.3696	8.69945	-0.0214244	15.3061
5.36	-2.69715e-07	-18.3698	-42.3457	8.66702	-0.0216815	15.28
5.37	-2.73407e-07	-18.4037	-42.3215	8.63477	-0.0219415	15.2538
5.38	-2.77148e-07	-18.4372	-42.297	8.6027	-0.0222043	15.2276
5.39	-2.80937e-07	-18.4701	-42.2721	8.57081	-0.0224699	15.2013
5.4	-2.84776e-07	-18.5026	-42.2469	8.53909	-0.0227384	15.1749
5.41	-2.88666e-07	-18.5346	-42.2214	8.50756	-0.0230098	15.1485
5.42	-2.92605e-07	-18.5661	-42.1955	8.47619	-0.0232841	15.1221
5.43	-2.96597e-07	-18.5971	-42.1692	8.445	-0.0235614	15.0956
5.44	-3.0064e-07	-18.6277	-42.1425	8.41398	-0.0238415	15.0691
5.45	-3.04736e-07	-18.6577	-42.1155	8.38313	-0.0241247	15.0425
5.46	-3.08885e-07	-18.6873	-42.0882	8.35245	-0.0244109	15.0159
5.47	-3.13088e-07	-18.7164	-42.0604	8.32194	-0.0247001	14.9892
5.48	-3.17346e-07	-18.7449	-42.0323	8.2916	-0.0249923	14.9625
5.49	-3.2166e-07	-18.773	-42.0038	8.26142	-0.0252875	14.9357
5.5	-3.2603e-07	-18.8005	-41.9749	8.2314	-0.0255859	14.9089
5.51	-3.30456e-07	-18.8275	-41.9456	8.20155	-0.0258873	14.882
5.52	-3.3494e-07	-18.8541	-41.9159	8.17187	-0.0261919	14.8551
5.53	-3.39483e-07	-18.8799	-41.8858	8.14234	-0.0264996	14.8282
5.54	-3.44085e-07	-18.9052	-41.8553	8.11297	-0.0268104	14.8014
5.55	-3.48746e-07	-18.9297	-41.8244	8.08376	-0.0271244	14.7748
5.56	-3.53468e-07	-18.9536	-41.7931	8.05471	-0.0274416	14.7482
5.57	-3.58252e-07	-18.9768	-41.7613	8.02581	-0.027762	14.7217
5.58	-3.63097e-07	-18.9993	-41.7291	7.99707	-0.0280856	14.6953
5.59	-3.68006e-07	-19.0211	-41.6965	7.96848	-0.0284125	14.6691
5.6	-3.72979e-07	-19.0422	-41.6634	7.94005	-0.0287426	14.6429
5.61	-3.78016e-07	-19.0626	-41.6299	7.91177	-0.029076	14.6168
5.62	-3.83118e-07	-19.0824	-41.596	7.88364	-0.0294127	14.5907
5.63	-3.88287e-07	-19.1014	-41.5616	7.85566	-0.0297526	14.5648
5.64	-3.93523e-07	-19.1198	-41.5267	7.82783	-0.0300959	14.539
5.65	-3.98828e-07	-19.1374	-41.4914	7.80014	-0.0304426	14.5133
5.66	-4.04201e-07	-19.1543	-41.4556	7.7726	-0.0307925	14.4876
5.67	-4.09644e-07	-19.1705	-41.4193	7.74521	-0.0311459	14.4621
5.68	-4.15157e-07	-19.186	-41.3826	7.71796	-0.0315026	14.4366
5.69	-4.20743e-07	-19.2007	-41.3453	7.69086	-0.0318627	14.4112
5.7	-4.26401e-07	-19.2148	-41.3076	7.6639	-0.0322262	14.386
5.71	-4.32132e-07	-19.2281	-41.2694	7.63708	-0.0325931	14.3608
5.72	-4.37938e-07	-19.2406	-41.2306	7.6104	-0.0329634	14.3357
5.73	-4.43819e-07	-19.2524	-41.1914	7.58386	-0.0333371	14.3106
5.74	-4.49777e-07	-19.2635	-41.1516	7.55745	-0.0337143	14.2857
5.75	-4.55813e-07	-19.2738	-41.1114	7.53119	-0.0340949	14.2609
5.76	-4.61926e-07	-19.2834	-41.0706	7.50506	-0.034479	14.2361
5.77	-4.6812e-07	-19.2922	-41.0292	7.47907	-0.0348666	14.2114
5.78	-4.74394e-07	-19.3003	-40.9874	7.45322	-0.0352576	14.1869
5.79	-4.80749e-07	-19.3076	-40.945	7.42749	-0.035652	14.1623
5.8	-4.87187e-07	-19.3141	-40.902	7.4019	-0.03605	14.1379
5.81	-4.93709e-07	-19.3199	-40.8585	7.37644	-0.0364514	14.1136
5.82	-5.00316e-07	-19.3248	-40.8144	7.35112	-0.0368564	14.0893
5.83	-5.07009e-07	-19.329	-40.7698	7.32592	-0.0372648	14.0652
5.84	-5.13789e-07	-19.3324	-40.7246	7.30085	-0.0376767	14.0411
5.85	-5.20658e-07	-19.335	-40.6788	7.27591	-0.0380921	14.0171
5.86	-5.27615e-07	-19.3368	-40.6324	7.2511	-0.038511	13.9932
5.87	-5.34664e-07	-19.3378	-40.5855	7.22642	-0.0389333	13.9693
5.88	-5.41804e-07	-19.338	-40.5379	7.20186	-0.0393592	13.9456
5.89	-5.49038e-07	-19.3374	-40.4898	7.17743	-0.0397885	13.9219
5.9	-5.56366e-07	-19.336	-40.441	7.15312	-0.0402213	13.8983
5.91	-5.6379e-07	-19.3337	-40.3917	7.12893	-0.0406576	13.8748
5.92	-5.7131e-07	-19.3307	-40.3417	7.10487	-0.0410974	13.8514
5.93	-5.78929e-07	-19.3267	-40.2911	7.08092	-0.0415406	13.828
5.94	-5.86647e-07	-19.322	-40.2398	7.0571	-0.0419872	13.8047
5.95	-5.94466e-07	-19.3164	-40.1879	7.0334	-0.0424373	13.7815
5.96	-6.02387e-07	-19.31	-40.1354	7.00982	-0.0428909	13.7584
5.97	-6.10412e-07	-19.3027	-40.0822	6.98636	-0.0433478	13.7353
5.98	-6.18542e-07	-19.2946	-40.0284	6.96301	-0.0438081	13.7124
5.99	-6.26779e-07	-19.2856	-39.9739	6.93978	-0.0442719	13.6895
6	-6.35123e-07	-19.2757	-39.9187	6.91667	-0.044739	13.6667
6.01	-6.43576e-07	-19.265	-39.8629	6.89367	-0.0452094	13.6439
6.02	-6.52141e-07	-19.2534	-39.8064	6.87079	-0.0456832	13.6213
6.03	-6.60818e-07	-19.2409	-39.7491	6.84802	-0.0461603	13.5987
6.04	-6.69608e-07	-19.2275	-39.6913	6.82536	-0.0466407	13.5762
6.05	-6.78514e-07	-19.2133	-39.6327	6.80281	-0.0471243	13.5537
6.06	-6.87538e-07	-19.1981	-39.5734	6.78038	-0.0476112	13.5314
6.07	-6.96679e-07	-19.1821	-39.5133	6.75806	-0.0481013	13.5091
6.08	-7.05941e-07	-19.1651	-39.4526	6.73585	-0.0485946	13.4868
6.09	-7.15325e-07	-19.1473	-39.3912	6.71374	-0.0490911	13.4647
6.1	-7.24833e-07	-19.1285	-39.329	6.69175	-0.0495907	13.4426
6.11	-7.34466e-07	-19.1088	-39.2661	6.66986	-0.0500933	13.4206
6.12	-7.44225e-07	-19.0882	-39.2024	6.64808	-0.0505991	13.3987
6.13	-7.54114e-07	-19.0666	-39.138	6.62641	-0.0511078	13.3768
6.14	-7.64133e-07	-19.0441	-39.0729	6.60484	-0.0516196	13.355
6.15	-7.74285e-07	-19.0207	-39.007	6.58338	-0.0521343	13.3333
6.16	-7.84571e-07	-18.9964	-38.9403	6.56203	-0.0526519	13.3117
6.17	-7.94993e-07	-18.9711	-38.8728	6.54077	-0.0531723	13.2901
6.18	-8.05553e-07	-18.9448	-38.8046	6.51962	-0.0536956	13.2686
6.19	-8.16253e-07	-18.9176	-38.7356	6.49857	-0.0542216	13.2472
6.2	-8.27095e-07	-18.8894	-38.6658	6.47763	-0.0547504	13.2258
6.21	-8.38081e-07	-18.8602	-38.5952	6.45678	-0.0552818	13.2045
6.22	-8.49213e-07	-18.8301	-38.5239	6.43604	-0.0558159	13.1833
6.23	-8.60493e-07	-18.799	-38.4517	6.41539	-0.0563525	13.1621
6.24	-8.71923e-07	-18.767	-38.3787	6.39485	-0.0568916	13.141
6.25	-8.83506e-07	-18.7339	-38.3049	6.3744	-0.0574331	13.12
6.26	-8.95243e-07	-18.6999	-38.2303	6.35405	-0.0579771	13.099
6.27	-9.07136e-07	-18.6648	-38.1548	6.3338	-0.0585233	13.0781
6.28	-9.19188e-07	-18.6288	-38.0785	6.31364	-0.0590719	13.0573
6.29	-9.31402e-07	-18.5917	-38.0014	6.29358	-0.0596226	13.0366
6.3	-9.43778e-07	-18.5537	-37.9234	6.27362	-0.0601754	13.0159
6.31	-9.56321e-07	-18.5147	-37.8446	6.25375	-0.0607303	12.9952
6.32	-9.69032e-07	-18.4746	-37.765	6.23398	-0.0612872	12.9747
6.33	-9.81913e-07	-18.4335	-37.6845	6.2143	-0.0618459	12.9542
6.34	-9.94967e-07	-18.3914	-37.6031	6.19471	-0.0624065	12.9338
6.35	-1.0082e-06	-18.3483	-37.5208	6.17521	-0.0629689	12.9134
6.36	-1.02161e-06	-18.3041	-37.4377	6.15581	-0.0635329	12.8931
6.37	-1.03519e-06	-18.259	-37.3538	6.1365	-0.0640984	12.8728
6.38	-1.04897e-06	-18.2127	-37.2689	6.11727	-0.0646655	12.8527
6.39	-1.06292e-06	-18.1655	-37.1832	6.09814	-0.065234	12.8326
6.4	-1.07707e-06	-18.1172	-37.0965	6.0791	-0.0658038	12.8125
6.41	-1.09141e-06	-18.0678	-37.009	6.06015	-0.0663748	12.7925
6.42	-1.10594e-06	-18.0175	-36.9206	6.04128	-0.0669469	12.7726
6.43	-1.12067e-06	-17.966	-36.8313	6.02251	-0.0675201	12.7527
6.44	-1.1356e-06	-17.9135	-36.7411	6.00382	-0.0680942	12.7329
6.45	-1.15073e-06	-17.86	-36.6499	5.98522	-0.0686691	12.7132
6.46	-1.16607e-06	-17.8054	-36.5579	5.9667	-0.0692447	12.6935
6.47	-1.18162e-06	-17.7497	-36.465	5.94827	-0.0698209	12.6739
6.48	-1.19738e-06	-17.693	-36.3711	5.92993	-0.0703977	12.6543
6.49	-1.21335e-06	-17.6352	-36.2763	5.91167	-0.0709748	12.6348
6.5	-1.22955e-06	-17.5763	-36.1806	5.89349	-0.0715522	12.6154
6.51	-1.24596e-06	-17.5164	-36.084	5.8754	-0.0721298	12.596
6.52	-1.2626e-06	-17.4554	-35.9865	5.85739	-0.0727075	12.5767
6.53	-1.27947e-06	-17.3934	-35.888	5.83946	-0.073285	12.5574
6.54	-1.29657e-06	-17.3302	-35.7886	5.82162	-0.0738624	12.5382
6.55	-1.31391e-06	-17.266	-35.6882	5.80386	-0.0744394	12.5191
6.56	-1.33148e-06	-17.2007	-35.5869	5.78618	-0.075016	12.5
6.57	-1.3493e-06	-17.1344	-35.4847	5.76858	-0.075592	12.481
6.58	-1.36736e-06	-17.067	-35.3816	5.75106	-0.0761674	12.462
6.59	-1.38567e-06	-16.9984	-35.2775	5.73361	-0.0767418	12.4431
6.6	-1.40424e-06	-16.9289	-35.1724	5.71625	-0.0773154	12.4242
6.61	-1.42307e-06	-16.8582	-35.0665	5.69897	-0.0778878	12.4054
6.62	-1.44215e-06	-16.7865	-34.9596	5.68177	-0.0784589	12.3867
6.63	-1.46151e-06	-16.7137	-34.8517	5.66464	-0.0790287	12.368
6.64	-1.48113e-06	-16.6398	-34.7429	5.64759	-0.0795969	12.3494
6.65	-1.50102e-06	-16.5648	-34.6331	5.63062	-0.0801635	12.3308
6.66	-1.5212e-06	-16.4888	-34.5224	5.61372	-0.0807282	12.3123
6.67	-1.54165e-06	-16.4117	-34.4108	5.5969	-0.081291	12.2939
6.68	-1.5624e-06	-16.3335	-34.2982	5.58016	-0.0818517	12.2754
6.69	-1.58343e-06	-16.2542	-34.1847	5.56349	-0.0824101	12.2571
6.7	-1.60476e-06	-16.1739	-34.0703	5.54689	-0.0829661	12.2388
6.71	-1.62639e-06	-16.0926	-33.9549	5.53037	-0.0835195	12.2206
6.72	-1.64832e-06	-16.0101	-33.8385	5.51392	-0.0840702	12.2024
6.73	-1.67057e-06	-15.9266	-33.7212	5.49755	-0.084618	12.1842
6.74	-1.69313e-06	-15.8421	-33.603	5.48125	-0.0851627	12.1662
6.75	-1.71601e-06	-15.7564	-33.4839	5.46502	-0.0857043	12.1481
6.76	-1.73921e-06	-15.6698	-33.3638	5.44886	-0.0862425	12.1302
6.77	-1.76274e-06	-15.5821	-33.2428	5.43278	-0.0867771	12.1123
6.78	-1.78661e-06	-15.4933	-33.1209	5.41676	-0.0873081	12.0944
6.79	-1.81082e-06	-15.4035	-32.998	5.40082	-0.0878353	12.0766
6.8	-1.83537e-06	-15.3127	-32.8743	5.38495	-0.0883584	12.0588
6.81	-1.86028e-06	-15.2208	-32.7496	5.36914	-0.0888773	12.0411
6.82	-1.88554e-06	-15.1279	-32.624	5.35341	-0.0893919	12.0235
6.83	-1.91116e-06	-15.034	-32.4975	5.33775	-0.089902	12.0059
6.84	-1.93715e-06	-14.9391	-32.3701	5.32215	-0.0904074	11.9883
6.85	-1.96352e-06	-14.8431	-32.2418	5.30662	-0.0909079	11.9708
6.86	-1.99026e-06	-14.7462	-32.1126	5.29116	-0.0914035	11.9534
6.87	-2.01739e-06	-14.6482	-31.9825	5.27577	-0.0918938	11.936
6.88	-2.04492e-06	-14.5493	-31.8515	5.26044	-0.0923788	11.9186
6.89	-2.07284e-06	-14.4494	-31.7197	5.24519	-0.0928583	11.9013
6.9	-2.10117e-06	-14.3485	-31.587	5.22999	-0.0933321	11.8841
6.91	-2.12991e-06	-14.2466	-31.4534	5.21487	-0.0938	11.8669
6.92	-2.15907e-06	-14.1437	-31.3189	5.19981	-0.094262	11.8497
6.93	-2.18865e-06	-14.0399	-31.1836	5.18481	-0.0947177	11.8326
6.94	-2.21866e-06	-13.9352	-31.0475	5.16988	-0.0951671	11.8156
6.95	-2.24912e-06	-13.8295	-30.9105	5.15501	-0.0956099	11.7986
6.96	-2.28002e-06	-13.7228	-30.7727	5.14021	-0.0960461	11.7816
6.97	-2.31137e-06	-13.6153	-30.6341	5.12547	-0.0964754	11.7647
6.98	-2.34319e-06	-13.5068	-30.4947	5.1108	-0.0968977	11.7479
6.99	-2.37547e-06	-13.3975	-30.3544	5.09618	-0.0973128	11.731
7	-2.40823e-06	-13.2872	-30.2134	5.08163	-0.0977205	11.7143
7.01	-2.44147e-06	-13.176	-30.0716	5.06714	-0.0981208	11.6976
7.02	-2.47521e-06	-13.064	-29.929	5.05272	-0.0985134	11.6809
7.03	-2.50944e-06	-12.9511	-29.7856	5.03835	-0.0988982	11.6643
7.04	-2.54419e-06	-12.8373	-29.6415	5.02405	-0.099275	11.6477
7.05	-2.57945e-06	-12.7227	-29.4966	5.00981	-0.0996437	11.6312
7.06	-2.61524e-06	-12.6073	-29.351	4.99563	-0.100004	11.6147
7.07	-2.65156e-06	-12.491	-29.2047	4.9815	-0.100356	11.5983
7.08	-2.68842e-06	-12.374	-29.0576	4.96744	-0.100699	11.5819
7.09	-2.72584e-06	-12.2561	-28.9098	4.95344	-0.101034	11.5656
7.1	-2.76382e-06	-12.1375	-28.7614	4.9395	-0.10136	11.5493
7.11	-2.80237e-06	-12.018	-28.6123	4.92561	-0.101677	11.5331
7.12	-2.8415e-06	-11.8978	-28.4625	4.91179	-0.101984	11.5169
7.13	-2.88122e-06	-11.7769	-28.312	4.89802	-0.102283	11.5007
7.14	-2.92154e-06	-11.6552	-28.1609	4.88431	-0.102572	11.4846
7.15	-2.96247e-06	-11.5328	-28.0092	4.87065	-0.102851	11.4685
7.16	-3.00402e-06	-11.4097	-27.8568	4.85706	-0.103121	11.4525
7.17	-3.0462e-06	-11.2859	-27.7038	4.84352	-0.103381	11.4365
7.18	-3.08903e-06	-11.1615	-27.5503	4.83004	-0.103631	11.4206
7.19	-3.1325e-06	-11.0363	-27.3962	4.81661	-0.103871	11.4047
7.2	-3.17664e-06	-10.9105	-27.2415	4.80324	-0.104101	11.3889
7.21	-3.22146e-06	-10.7841	-27.0862	4.78993	-0.10432	11.3731
7.22	-3.26696e-06	-10.6571	-26.9305	4.77667	-0.10453	11.3573
7.23	-3.31316e-06	-10.5294	-26.7742	4.76346	-0.104728	11.3416
7.24	-3.36007e-06	-10.4012	-26.6174	4.75031	-0.104917	11.326
7.25	-3.4077e-06	-10.2724	-26.4601	4.73722	-0.105094	11.3103
7.26	-3.45607e-06	-10.143	-26.3023	4.72418	-0.105261	11.2948
7.27	-3.50518e-06	-10.0131	-26.1441	4.71119	-0.105417	11.2792
7.28	-3.55506e-06	-9.88264	-25.9854	4.69826	-0.105562	11.2637
7.29	-3.6057e-06	-9.75169	-25.8263	4.68537	-0.105696	11.2483
7.3	-3.65714e-06	-9.62025	-25.6668	4.67255	-0.105819	11.2329
7.31	-3.70937e-06	-9.48833	-25.5069	4.65977	-0.105931	11.2175
7.32	-3.76242e-06	-9.35595	-25.3466	4.64705	-0.106032	11.2022
7.33	-3.81629e-06	-9.22313	-25.1859	4.63438	-0.106121	11.1869
7.34	-3.87101e-06	-9.08989	-25.0249	4.62176	-0.106199	11.1717
7.35	-3.92658e-06	-8.95623	-24.8636	4.60919	-0.106266	11.1565
7.36	-3.98302e-06	-8.82219	-24.7019	4.59667	-0.106322	11.1413
7.37	-4.04036e-06	-8.68778	-24.54	4.58421	-0.106365	11.1262
7.38	-4.09859e-06	-8.55301	-24.3778	4.57179	-0.106398	11.1111
7.39	-4.15774e-06	-8.41791	-24.2153	4.55943	-0.106419	11.0961
7.4	-4.21782e-06	-8.28248	-24.0526	4.54711	-0.106428	11.0811
7.41	-4.27885e-06	-8.14676	-23.8896	4.53485	-0.106426	11.0661
7.42	-4.34085e-06	-8.01075	-23.7265	4.52263	-0.106412	11.0512
7.43	-4.40383e-06	-7.87448	-23.5631	4.51047	-0.106387	11.0363
7.44	-4.46782e-06	-7.73797	-23.3996	4.49835	-0.10635	11.0215
7.45	-4.53282e-06	-7.60122	-23.236	4.48628	-0.106302	11.0067
7.46	-4.59885e-06	-7.46427	-23.0721	4.47426	-0.106242	10.992
7.47	-4.66594e-06	-7.32713	-22.9082	4.46229	-0.10617	10.9772
7.48	-4.7341e-06	-7.18981	-22.7442	4.45037	-0.106087	10.9626
7.49	-4.80335e-06	-7.05235	-22.5801	4.43849	-0.105992	10.9479
7.5	-4.87371e-06	-6.91475	-22.4159	4.42667	-0.105886	10.9333
7.51	-4.9452e-06	-6.77703	-22.2517	4.41489	-0.105768	10.9188
7.52	-5.01784e-06	-6.63921	-22.0875	4.40315	-0.105639	10.9043
7.53	-5.09165e-06	-6.50132	-21.9232	4.39146	-0.105498	10.8898
7.54	-5.16665e-06	-6.36336	-21.759	4.37982	-0.105346	10.8753
7.55	-5.24286e-06	-6.22537	-21.5948	4.36823	-0.105183	10.8609
7.56	-5.32031e-06	-6.08735	-21.4306	4.35668	-0.105008	10.8466
7.57	-5.39901e-06	-5.94932	-21.2665	4.34518	-0.104823	10.8322
7.58	-5.47898e-06	-5.81132	-21.1025	4.33372	-0.104626	10.8179
7.59	-5.56025e-06	-5.67334	-20.9386	4.32231	-0.104418	10.8037
7.6	-5.64285e-06	-5.53541	-20.7748	4.31094	-0.104199	10.7895
7.61	-5.72679e-06	-5.39756	-20.6111	4.29962	-0.103969	10.7753
7.62	-5.81209e-06	-5.25979	-20.4476	4.28834	-0.103729	10.7612
7.63	-5.8988e-06	-5.12213	-20.2843	4.27711	-0.103477	10.7471
7.64	-5.98692e-06	-4.98459	-20.1211	4.26592	-0.103215	10.733
7.65	-6.07648e-06	-4.8472	-19.9582	4.25477	-0.102943	10.719
7.66	-6.16751e-06	-4.70996	-19.7955	4.24367	-0.10266	10.705
7.67	-6.26004e-06	-4.5729	-19.633	4.23261	-0.102366	10.691
7.68	-6.35408e-06	-4.43604	-19.4708	4.2216	-0.102063	10.6771
7.69	-6.44968e-06	-4.29939	-19.3089	4.21063	-0.101749	10.6632
7.7	-6.54685e-06	-4.16298	-19.1473	4.1997	-0.101426	10.6494
7.71	-6.64563e-06	-4.02681	-18.9859	4.18881	-0.101092	10.6355
7.72	-6.74604e-06	-3.8909	-18.825	4.17796	-0.100749	10.6218
7.73	-6.84811e-06	-3.75528	-18.6643	4.16716	-0.100396	10.608
7.74	-6.95187e-06	-3.61996	-18.5041	4.1564	-0.100034	10.5943
7.75	-7.05735e-06	-3.48495	-18.3442	4.14568	-0.099662	10.5806
7.76	-7.16459e-06	-3.35028	-18.1847	4.135	-0.0992811	10.567
7.77	-7.2736e-06	-3.21596	-18.0256	4.12437	-0.0988911	10.5534
7.78	-7.38444e-06	-3.082	-17.8669	4.11377	-0.0984922	10.5398
7.79	-7.49712e-06	-2.94842	-17.7087	4.10322	-0.0980846	10.5263
7.8	-7.61168e-06	-2.81524	-17.551	4.0927	-0.0976683	10.5128
7.81	-7.72816e-06	-2.68247	-17.3937	4.08223	-0.0972436	10.4994
7.82	-7.84658e-06	-2.55013	-17.2369	4.07179	-0.0968106	10.4859
7.83	-7.96699e-06	-2.41823	-17.0807	4.0614	-0.0963694	10.4725
7.84	-8.08942e-06	-2.28679	-16.9249	4.05105	-0.0959202	10.4592
7.85	-8.2139e-06	-2.15582	-16.7697	4.04073	-0.0954633	10.4459
7.86	-8.34048e-06	-2.02534	-16.615	4.03046	-0.0949987	10.4326
7.87	-8.46918e-06	-1.89537	-16.4609	4.02022	-0.0945266	10.4193
7.88	-8.60005e-06	-1.76591	-16.3074	4.01002	-0.0940471	10.4061
7.89	-8.73313e-06	-1.63697	-16.1545	3.99987	-0.0935606	10.3929
7.9	-8.86845e-06	-1.50859	-16.0022	3.98975	-0.0930671	10.3797
7.91	-9.00606e-06	-1.38075	-15.8505	3.97966	-0.0925668	10.3666
7.92	-9.146e-06	-1.25349	-15.6994	3.96962	-0.0920598	10.3535
7.93	-9.2883e-06	-1.12681	-15.549	3.95962	-0.0915465	10.3405
7.94	-9.43302e-06	-1.00073	-15.3992	3.94965	-0.0910268	10.3275
7.95	-9.5802e-06	-0.875254	-15.2501	3.93972	-0.0905011	10.3145
7.96	-9.72987e-06	-0.750397	-15.1017	3.92983	-0.0899695	10.3015
7.97	-9.88208e-06	-0.626172	-14.954	3.91997	-0.0894322	10.2886
7.98	-1.00369e-05	-0.50259	-14.807	3.91015	-0.0888894	10.2757
7.99	-1.01943e-05	-0.379663	-14.6606	3.90037	-0.0883412	10.2628
8	-1.03545e-05	-0.257401	-14.5151	3.89062	-0.0877878	10.25
8.01	-1.05173e-05	-0.135814	-14.3702	3.88092	-0.0872294	10.2372
8.02	-1.06829e-05	-0.0149148	-14.2262	3.87124	-0.0866663	10.2244
8.03	-1.08514e-05	0.105288	-14.0828	3.86161	-0.0860985	10.2117
8.04	-1.10228e-05	0.224784	-13.9403	3.85201	-0.0855263	10.199
8.05	-1.1197e-05	0.343564	-13.7985	3.84244	-0.0849498	10.1863
8.06	-1.13743e-05	0.461618	-13.6575	3.83292	-0.0843692	10.1737
8.07	-1.15546e-05	0.578937	-13.5173	3.82342	-0.0837848	10.1611
8.08	-1.1738e-05	0.695513	-13.3779	3.81396	-0.0831966	10.1485
8.09	-1.19246e-05	0.811337	-13.2393	3.80454	-0.082605	10.136
8.1	-1.21144e-05	0.9264	-13.1016	3.79515	-0.0820099	10.1235
8.11	-1.23074e-05	1.0407	-12.9646	3.7858	-0.0814117	10.111
8.12	-1.25037e-05	1.15421	-12.8285	3.77648	-0.0808105	10.0985
8.13	-1.27035e-05	1.26695	-12.6933	3.7672	-0.0802065	10.0861
8.14	-1.29067e-05	1.3789	-12.5589	3.75795	-0.0795998	10.0737
8.15	-1.31133e-05	1.49004	-12.4254	3.74873	-0.0789907	10.0613
8.16	-1.33236e-05	1.60039	-12.2927	3.73955	-0.0783792	10.049
8.17	-1.35375e-05	1.70992	-12.1609	3.7304	-0.0777657	10.0367
8.18	-1.37551e-05	1.81864	-12.03	3.72128	-0.0771502	10.0244
8.19	-1.39764e-05	1.92653	-11.8999	3.7122	-0.0765329	10.0122
8.2	-1.42016e-05	2.0336	-11.7708	3.70315	-0.075914	10
8.21	-1.44307e-05	2.13983	-11.6425	3.69414	-0.0752936	9.98782
8.22	-1.46638e-05	2.24523	-11.5152	3.68515	-0.0746719	9.97567
8.23	-1.49009e-05	2.34979	-11.3887	3.6762	-0.0740492	9.96355
8.24	-1.51422e-05	2.45349	-11.2632	3.66729	-0.0734254	9.95146
8.25	-1.53876e-05	2.55635	-11.1385	3.6584	-0.0728008	9.93939
8.26	-1.56373e-05	2.65835	-11.0148	3.64955	-0.0721756	9.92736
8.27	-1.58913e-05	2.7595	-10.892	3.64073	-0.0715498	9.91536
8.28	-1.61498e-05	2.85978	-10.7701	3.63194	-0.0709237	9.90338
8.29	-1.64128e-05	2.95919	-10.6492	3.62318	-0.0702974	9.89144
8.3	-1.66803e-05	3.05774	-10.5291	3.61446	-0.0696711	9.87952
8.31	-1.69525e-05	3.15542	-10.41	3.60576	-0.0690448	9.86763
8.32	-1.72295e-05	3.25223	-10.2919	3.5971	-0.0684187	9.85577
8.33	-1.75113e-05	3.34816	-10.1746	3.58847	-0.067793	9.84394
8.34	-1.7798e-05	3.44321	-10.0584	3.57987	-0.0671678	9.83213
8.35	-1.80898e-05	3.53738	-9.943	3.5713	-0.0665433	9.82036
8.36	-1.83866e-05	3.63068	-9.82859	3.56276	-0.0659195	9.80861
8.37	-1.86887e-05	3.72309	-9.71512	3.55425	-0.0652966	9.79689
8.38	-1.8996e-05	3.81462	-9.60259	3.54578	-0.0646747	9.7852
8.39	-1.93087e-05	3.90527	-9.491	3.53733	-0.064054	9.77354
8.4	-1.96269e-05	3.99503	-9.38036	3.52891	-0.0634345	9.7619
8.41	-1.99507e-05	4.08391	-9.27066	3.52052	-0.0628164	9.7503
8.42	-2.02802e-05	4.17191	-9.16191	3.51217	-0.0621999	9.73872
8.43	-2.06154e-05	4.25902	-9.05409	3.50384	-0.0615849	9.72716
8.44	-2.09566e-05	4.34525	-8.94723	3.49554	-0.0609717	9.71564
8.45	-2.13037e-05	4.4306	-8.8413	3.48727	-0.0603603	9.70414
8.46	-2.16569e-05	4.51506	-8.73631	3.47903	-0.0597508	9.69267
8.47	-2.20163e-05	4.59864	-8.63227	3.47082	-0.0591434	9.68123
8.48	-2.23821e-05	4.68134	-8.52917	3.46264	-0.0585382	9.66981
8.49	-2.27543e-05	4.76316	-8.427	3.45449	-0.0579352	9.65842
8.5	-2.31331e-05	4.8441	-8.32577	3.44637	-0.0573345	9.64706
8.51	-2.35185e-05	4.92417	-8.22548	3.43827	-0.0567362	9.63572
8.52	-2.39107e-05	5.00336	-8.12611	3.43021	-0.0561405	9.62441
8.53	-2.43098e-05	5.08168	-8.02768	3.42217	-0.0555474	9.61313
8.54	-2.4716e-05	5.15912	-7.93018	3.41416	-0.0549569	9.60187
8.55	-2.51294e-05	5.2357	-7.83361	3.40618	-0.0543693	9.59064
8.56	-2.555e-05	5.31142	-7.73796	3.39822	-0.0537844	9.57944
8.57	-2.5978e-05	5.38627	-7.64323	3.3903	-0.0532026	9.56826
8.58	-2.64137e-05	5.46026	-7.54941	3.3824	-0.0526237	9.55711
8.59	-2.6857e-05	5.53339	-7.45652	3.37453	-0.0520479	9.54598
8.6	-2.73081e-05	5.60567	-7.36453	3.36668	-0.0514752	9.53488
8.61	-2.77673e-05	5.67709	-7.27346	3.35887	-0.0509058	9.52381
8.62	-2.82345e-05	5.74767	-7.18329	3.35108	-0.0503396	9.51276
8.63	-2.871e-05	5.8174	-7.09402	3.34332	-0.0497767	9.50174
8.64	-2.9194e-05	5.88629	-7.00565	3.33558	-0.0492173	9.49074
8.65	-2.96864e-05	5.95435	-6.91818	3.32788	-0.0486613	9.47977
8.66	-3.01877e-05	6.02157	-6.8316	3.32019	-0.0481088	9.46882
8.67	-3.06978e-05	6.08795	-6.7459	3.31254	-0.0475599	9.4579
8.68	-3.12169e-05	6.15352	-6.66108	3.30491	-0.0470145	9.447
8.69	-3.17452e-05	6.21826	-6.57715	3.29731	-0.0464729	9.43613
8.7	-3.22829e-05	6.28218	-6.49409	3.28973	-0.0459349	9.42529
8.71	-3.28301e-05	6.34529	-6.41189	3.28218	-0.0454007	9.41447
8.72	-3.33871e-05	6.40759	-6.33056	3.27466	-0.0448702	9.40367
8.73	-3.39539e-05	6.46909	-6.2501	3.26716	-0.0443436	9.3929
8.74	-3.45308e-05	6.52979	-6.17048	3.25969	-0.0438209	9.38215
8.75	-3.51179e-05	6.58969	-6.09172	3.25224	-0.043302	9.37143
8.76	-3.57154e-05	6.6488	-6.0138	3.24482	-0.0427871	9.36073
8.77	-3.63236e-05	6.70713	-5.93673	3.23743	-0.0422761	9.35006
8.78	-3.69425e-05	6.76467	-5.86049	3.23006	-0.0417691	9.33941
8.79	-3.75725e-05	6.82144	-5.78508	3.22271	-0.0412661	9.32878
8.8	-3.82136e-05	6.87744	-5.71049	3.21539	-0.0407671	9.31818
8.81	-3.88662e-05	6.93267	-5.63673	3.2081	-0.0402723	9.3076
8.82	-3.95303e-05	6.98715	-5.56377	3.20083	-0.0397814	9.29705
8.83	-4.02063e-05	7.04086	-5.49163	3.19358	-0.0392947	9.28652
8.84	-4.08943e-05	7.09383	-5.42029	3.18636	-0.0388121	9.27602
8.85	-4.15945e-05	7.14606	-5.34975	3.17916	-0.0383337	9.26554
8.86	-4.23071e-05	7.19754	-5.28001	3.17199	-0.0378594	9.25508
8.87	-4.30325e-05	7.24829	-5.21105	3.16484	-0.0373892	9.24464
8.88	-4.37707e-05	7.29832	-5.14287	3.15772	-0.0369232	9.23423
8.89	-4.45221e-05	7.34762	-5.07546	3.15062	-0.0364614	9.22385
8.9	-4.52869e-05	7.3962	-5.00883	3.14354	-0.0360038	9.21348
8.91	-4.60653e-05	7.44408	-4.94295	3.13649	-0.0355503	9.20314
8.92	-4.68576e-05	7.49125	-4.87784	3.12946	-0.0351011	9.19283
8.93	-4.7664e-05	7.53771	-4.81348	3.12246	-0.0346561	9.18253
8.94	-4.84847e-05	7.58349	-4.74987	3.11548	-0.0342152	9.17226
8.95	-4.93201e-05	7.62858	-4.68699	3.10852	-0.0337786	9.16201
8.96	-5.01703e-05	7.67298	-4.62485	3.10158	-0.0333461	9.15179
8.97	-5.10357e-05	7.71671	-4.56344	3.09467	-0.0329179	9.14158
8.98	-5.19165e-05	7.75976	-4.50275	3.08778	-0.0324939	9.1314
8.99	-5.28131e-05	7.80215	-4.44278	3.08092	-0.032074	9.12125
9	-5.37256e-05	7.84388	-4.38351	3.07407	-0.0316583	9.11111
9.01	-5.46544e-05	7.88496	-4.32495	3.06725	-0.0312468	9.101
9.02	-5.55997e-05	7.92539	-4.26709	3.06046	-0.0308395	9.09091
9.03	-5.6562e-05	7.96518	-4.20992	3.05368	-0.0304364	9.08084
9.04	-5.75413e-05	8.00434	-4.15344	3.04693	-0.0300373	9.0708
9.05	-5.85382e-05	8.04286	-4.09764	3.0402	-0.0296425	9.06077
9.06	-5.95528e-05	8.08076	-4.04251	3.03349	-0.0292517	9.05077
9.07	-6.05856e-05	8.11804	-3.98804	3.02681	-0.0288651	9.04079
9.08	-6.16367e-05	8.15472	-3.93424	3.02014	-0.0284825	9.03084
9.09	-6.27067e-05	8.19078	-3.8811	3.0135	-0.0281041	9.0209
9.1	-6.37957e-05	8.22624	-3.8286	3.00688	-0.0277297	9.01099
9.11	-6.49041e-05	8.26111	-3.77675	3.00029	-0.0273594	9.0011
9.12	-6.60324e-05	8.2954	-3.72553	2.99371	-0.0269931	8.99123
9.13	-6.71808e-05	8.32909	-3.67495	2.98716	-0.0266308	8.98138
9.14	-6.83497e-05	8.36222	-3.62499	2.98062	-0.0262725	8.97155
9.15	-6.95395e-05	8.39477	-3.57565	2.97411	-0.0259182	8.96175
9.16	-7.07505e-05	8.42675	-3.52692	2.96762	-0.0255679	8.95197
9.17	-7.19831e-05	8.45818	-3.4788	2.96115	-0.0252215	8.9422
9.18	-7.32378e-05	8.48906	-3.43128	2.9547	-0.024879	8.93246
9.19	-7.45149e-05	8.51938	-3.38436	2.94828	-0.0245404	8.92274
9.2	-7.58148e-05	8.54917	-3.33802	2.94187	-0.0242057	8.91304
9.21	-7.71379e-05	8.57842	-3.29227	2.93549	-0.0238748	8.90337
9.22	-7.84846e-05	8.60714	-3.24709	2.92912	-0.0235477	8.89371
9.23	-7.98554e-05	8.63533	-3.20249	2.92278	-0.0232245	8.88407
9.24	-8.12507e-05	8.66301	-3.15845	2.91646	-0.022905	8.87446
9.25	-8.26709e-05	8.69017	-3.11497	2.91015	-0.0225893	8.86486
9.26	-8.41165e-05	8.71682	-3.07204	2.90387	-0.0222773	8.85529
9.27	-8.55879e-05	8.74298	-3.02966	2.89761	-0.021969	8.84574
9.28	-8.70856e-05	8.76863	-2.98783	2.89137	-0.0216643	8.83621
9.29	-8.86101e-05	8.7938	-2.94653	2.88515	-0.0213634	8.8267
9.3	-9.01618e-05	8.81848	-2.90576	2.87895	-0.021066	8.8172
9.31	-9.17413e-05	8.84268	-2.86551	2.87276	-0.0207722	8.80773
9.32	-9.33489e-05	8.86641	-2.82579	2.8666	-0.020482	8.79828
9.33	-9.49853e-05	8.88967	-2.78657	2.86046	-0.0201954	8.78885
9.34	-9.6651e-05	8.91246	-2.74787	2.85434	-0.0199122	8.77944
9.35	-9.83464e-05	8.9348	-2.70967	2.84824	-0.0196325	8.77005
9.36	-0.000100072	8.95669	-2.67196	2.84215	-0.0193563	8.76068
9.37	-0.000101829	8.97812	-2.63475	2.83609	-0.0190835	8.75133
9.38	-0.000103617	8.99912	-2.59802	2.83005	-0.0188141	8.742
9.39	-0.000105437	9.01968	-2.56177	2.82402	-0.0185481	8.73269
9.4	-0.000107289	9.03981	-2.52599	2.81802	-0.0182854	8.7234
9.41	-0.000109175	9.05951	-2.49069	2.81203	-0.018026	8.71413
9.42	-0.000111094	9.07879	-2.45585	2.80606	-0.0177698	8.70488
9.43	-0.000113048	9.09765	-2.42147	2.80012	-0.017517	8.69565
9.44	-0.000115036	9.11611	-2.38754	2.79419	-0.0172673	8.68644
9.45	-0.00011706	9.13416	-2.35406	2.78828	-0.0170208	8.67725
9.46	-0.00011912	9.1518	-2.32103	2.78238	-0.0167775	8.66808
9.47	-0.000121217	9.16905	-2.28843	2.77651	-0.0165374	8.65892
9.48	-0.000123352	9.18591	-2.25627	2.77066	-0.0163003	8.64979
9.49	-0.000125525	9.20239	-2.22453	2.76482	-0.0160663	8.64067
9.5	-0.000127736	9.21848	-2.19322	2.759	-0.0158353	8.63158
9.51	-0.000129987	9.23419	-2.16232	2.7532	-0.0156073	8.6225
9.52	-0.000132279	9.24954	-2.13184	2.74742	-0.0153823	8.61345
9.53	-0.000134611	9.26452	-2.10176	2.74166	-0.0151603	8.60441
9.54	-0.000136985	9.27913	-2.07209	2.73591	-0.0149412	8.59539
9.55	-0.000139401	9.29339	-2.04282	2.73019	-0.014725	8.58639
9.56	-0.000141861	9.30729	-2.01394	2.72448	-0.0145116	8.57741
9.57	-0.000144365	9.32085	-1.98545	2.71879	-0.014301	8.56844
9.58	-0.000146913	9.33406	-1.95735	2.71312	-0.0140933	8.5595
9.59	-0.000149507	9.34693	-1.92962	2.70746	-0.0138883	8.55057
9.6	-0.000152147	9.35947	-1.90227	2.70182	-0.0136861	8.54167
9.61	-0.000154834	9.37167	-1.87529	2.6962	-0.0134866	8.53278
9.62	-0.00015757	9.38355	-1.84867	2.6906	-0.0132897	8.52391
9.63	-0.000160354	9.39511	-1.82242	2.68502	-0.0130955	8.51506
9.64	-0.000163188	9.40635	-1.79652	2.67945	-0.012904	8.50622
9.65	-0.000166073	9.41728	-1.77098	2.6739	-0.012715	8.49741
9.66	-0.00016901	9.4279	-1.74578	2.66836	-0.0125286	8.48861
9.67	-0.000171998	9.43821	-1.72093	2.66285	-0.0123447	8.47983
9.68	-0.000175041	9.44822	-1.69642	2.65735	-0.0121634	8.47107
9.69	-0.000178137	9.45794	-1.67224	2.65187	-0.0119845	8.46233
9.7	-0.000181289	9.46736	-1.6484	2.6464	-0.0118081	8.45361
9.71	-0.000184497	9.47649	-1.62488	2.64095	-0.0116341	8.4449
9.72	-0.000187763	9.48534	-1.60168	2.63552	-0.0114624	8.43621
9.73	-0.000191087	9.4939	-1.57881	2.63011	-0.0112932	8.42754
9.74	-0.00019447	9.50219	-1.55624	2.62471	-0.0111263	8.41889
9.75	-0.000197914	9.51021	-1.53399	2.61933	-0.0109617	8.41026
9.76	-0.000201419	9.51796	-1.51205	2.61396	-0.0107994	8.40164
9.77	-0.000204987	9.52544	-1.4904	2.60862	-0.0106393	8.39304
9.78	-0.000208619	9.53266	-1.46906	2.60328	-0.0104815	8.38446
9.79	-0.000212316	9.53962	-1.44801	2.59797	-0.0103259	8.37589
9.8	-0.000216078	9.54632	-1.42726	2.59267	-0.0101725	8.36735
9.81	-0.000219908	9.55278	-1.40679	2.58739	-0.0100212	8.35882
9.82	-0.000223806	9.55898	-1.38661	2.58212	-0.009872	8.35031
9.83	-0.000227774	9.56494	-1.3667	2.57687	-0.00972493	8.34181
9.84	-0.000231813	9.57067	-1.34707	2.57163	-0.00957994	8.33333
9.85	-0.000235924	9.57615	-1.32772	2.56642	-0.00943699	8.32487
9.86	-0.000240108	9.5814	-1.30863	2.56121	-0.00929606	8.31643
9.87	-0.000244367	9.58642	-1.28982	2.55602	-0.00915713	8.308
9.88	-0.000248702	9.59122	-1.27126	2.55085	-0.00902017	8.2996
9.89	-0.000253115	9.59578	-1.25296	2.5457	-0.00888515	8.2912
9.9	-0.000257606	9.60013	-1.23492	2.54056	-0.00875206	8.28283
9.91	-0.000262178	9.60426	-1.21713	2.53543	-0.00862087	8.27447
9.92	-0.000266831	9.60818	-1.19959	2.53032	-0.00849155	8.26613
9.93	-0.000271567	9.61189	-1.1823	2.52523	-0.00836407	8.2578
9.94	-0.000276388	9.61539	-1.16525	2.52015	-0.00823843	8.2495
9.95	-0.000281295	9.61868	-1.14843	2.51509	-0.00811459	8.24121
9.96	-0.000286289	9.62177	-1.13186	2.51004	-0.00799252	8.23293
9.97	-0.000291373	9.62466	-1.11552	2.50501	-0.00787222	8.22467
9.98	-0.000296547	9.62736	-1.0994	2.49999	-0.00775364	8.21643
9.99	-0.000301814	9.62986	-1.08352	2.49499	-0.00763678	8.20821
10	-0.000307175	9.63218	-1.06785	2.49	-0.00752161	8.2
10.01	-0.000312631	9.6343	-1.05241	2.48503	-0.0074081	8.19181
10.02	-0.000318185	9.63624	-1.03719	2.48007	-0.00729623	8.18363
10.03	-0.000323838	9.638	-1.02218	2.47513	-0.00718599	8.17547
10.04	-0.000329592	9.63958	-1.00738	2.4702	-0.00707735	8.16733
10.05	-0.000335449	9.64099	-0.992796	2.46529	-0.00697029	8.1592
10.06	-0.00034141	9.64222	-0.978415	2.46039	-0.00686479	8.15109
10.07	-0.000347477	9.64328	-0.964238	2.4555	-0.00676083	8.143
10.08	-0.000353653	9.64417	-0.950261	2.45063	-0.00665838	8.13492
10.09	-0.000359938	9.6449	-0.936483	2.44578	-0.00655743	8.12686
10.1	-0.000366336	9.64546	-0.922901	2.44094	-0.00645796	8.11881
10.11	-0.000372848	9.64586	-0.909511	2.43611	-0.00635995	8.11078
10.12	-0.000379477	9.64611	-0.896311	2.4313	-0.00626337	8.10277
10.13	-0.000386223	9.64619	-0.883299	2.4265	-0.00616821	8.09477
10.14	-0.00039309	9.64613	-0.870472	2.42172	-0.00607445	8.08679
10.15	-0.000400079	9.64591	-0.857828	2.41695	-0.00598207	8.07882
10.16	-0.000407193	9.64555	-0.845364	2.41219	-0.00589105	8.07087
10.17	-0.000414434	9.64504	-0.833077	2.40745	-0.00580137	8.06293
10.18	-0.000421804	9.64439	-0.820965	2.40272	-0.00571301	8.05501
10.19	-0.000429305	9.64359	-0.809027	2.39801	-0.00562596	8.04711
10.2	-0.00043694	9.64265	-0.797258	2.39331	-0.0055402	8.03922
10.21	-0.000444711	9.64158	-0.785658	2.38862	-0.0054557	8.03134
10.22	-0.000452621	9.64038	-0.774224	2.38395	-0.00537246	8.02348
10.23	-0.000460672	9.63904	-0.762953	2.37929	-0.00529045	8.01564
10.24	-0.000468866	9.63756	-0.751843	2.37465	-0.00520966	8.00781
10.25	-0.000477206	9.63597	-0.740892	2.37002	-0.00513007	8
10.26	-0.000485695	9.63424	-0.730098	2.3654	-0.00505167	7.9922
10.27	-0.000494335	9.63239	-0.719459	2.3608	-0.00497443	7.98442
10.28	-0.00050313	9.63042	-0.708972	2.35621	-0.00489834	7.97665
10.29	-0.000512081	9.62832	-0.698636	2.35163	-0.00482338	7.9689
10.3	-0.000521191	9.62611	-0.688448	2.34706	-0.00474954	7.96117
10.31	-0.000530464	9.62379	-0.678406	2.34251	-0.00467681	7.95344
10.32	-0.000539902	9.62134	-0.668508	2.33798	-0.00460516	7.94574
10.33	-0.000549508	9.61879	-0.658753	2.33345	-0.00453459	7.93804
10.34	-0.000559285	9.61612	-0.649138	2.32894	-0.00446507	7.93037
10.35	-0.000569236	9.61335	-0.639661	2.32444	-0.00439659	7.92271
10.36	-0.000579365	9.61047	-0.63032	2.31996	-0.00432914	7.91506
10.37	-0.000589674	9.60748	-0.621114	2.31548	-0.0042627	7.90743
10.38	-0.000600167	9.60439	-0.61204	2.31102	-0.00419726	7.89981
10.39	-0.000610846	9.6012	-0.603098	2.30658	-0.0041328	7.8922
10.4	-0.000621716	9.5979	-0.594284	2.30214	-0.00406932	7.88462
10.41	-0.000632779	9.59451	-0.585597	2.29772	-0.00400678	7.87704
10.42	-0.00064404	9.59102	-0.577035	2.29332	-0.00394519	7.86948
10.43	-0.0006555	9.58744	-0.568597	2.28892	-0.00388453	7.86194
10.44	-0.000667165	9.58376	-0.560281	2.28454	-0.00382478	7.85441
10.45	-0.000679038	9.57999	-0.552084	2.28017	-0.00376593	7.84689
10.46	-0.000691122	9.57614	-0.544007	2.27581	-0.00370797	7.83939
10.47	-0.00070342	9.57219	-0.536046	2.27146	-0.00365088	7.8319
10.48	-0.000715938	9.56815	-0.5282	2.26713	-0.00359466	7.82443
10.49	-0.000728679	9.56403	-0.520467	2.26281	-0.00353929	7.81697
10.5	-0.000741646	9.55983	-0.512846	2.2585	-0.00348476	7.80952
10.51	-0.000754844	9.55554	-0.505336	2.25421	-0.00343105	7.80209
10.52	-0.000768277	9.55117	-0.497934	2.24992	-0.00337816	7.79468
10.53	-0.000781949	9.54672	-0.49064	2.24565	-0.00332607	7.78727
10.54	-0.000795864	9.54219	-0.483451	2.24139	-0.00327476	7.77989
10.55	-0.000810027	9.53759	-0.476367	2.23715	-0.00322424	7.77251
10.56	-0.000824442	9.53291	-0.469385	2.23291	-0.00317449	7.76515
10.57	-0.000839113	9.52816	-0.462504	2.22869	-0.00312549	7.75781
10.58	-0.000854045	9.52333	-0.455723	2.22448	-0.00307723	7.75047
10.59	-0.000869242	9.51843	-0.449041	2.22028	-0.00302971	7.74315
10.6	-0.00088471	9.51346	-0.442455	2.21609	-0.00298291	7.73585
10.61	-0.000900453	9.50842	-0.435965	2.21192	-0.00293683	7.72856
10.62	-0.000916476	9.50332	-0.42957	2.20775	-0.00289144	7.72128
10.63	-0.000932784	9.49815	-0.423267	2.2036	-0.00284675	7.71402
10.64	-0.000949382	9.49291	-0.417056	2.19946	-0.00280274	7.70677
10.65	-0.000966274	9.48761	-0.410935	2.19533	-0.0027594	7.69953
10.66	-0.000983468	9.48224	-0.404903	2.19121	-0.00271672	7.69231
10.67	-0.00100097	9.47681	-0.398959	2.18711	-0.00267469	7.6851
10.68	-0.00101878	9.47133	-0.393102	2.18302	-0.00263331	7.6779
10.69	-0.0010369	9.46578	-0.387329	2.17893	-0.00259256	7.67072
10.7	-0.00105535	9.46018	-0.381641	2.17486	-0.00255243	7.66355
10.71	-0.00107413	9.45451	-0.376035	2.1708	-0.00251291	7.6564
10.72	-0.00109324	9.4488	-0.370511	2.16675	-0.002474	7.64925
10.73	-0.00111269	9.44302	-0.365068	2.16272	-0.00243569	7.64212
10.74	-0.00113248	9.4372	-0.359704	2.15869	-0.00239796	7.63501
10.75	-0.00115263	9.43131	-0.354418	2.15468	-0.00236081	7.62791
10.76	-0.00117313	9.42538	-0.349209	2.15068	-0.00232423	7.62082
10.77	-0.001194	9.4194	-0.344076	2.14668	-0.00228821	7.61374
10.78	-0.00121524	9.41337	-0.339018	2.1427	-0.00225274	7.60668
10.79	-0.00123686	9.40729	-0.334034	2.13873	-0.00221781	7.59963
10.8	-0.00125886	9.40116	-0.329122	2.13477	-0.00218343	7.59259
10.81	-0.00128125	9.39498	-0.324282	2.13083	-0.00214956	7.58557
10.82	-0.00130404	9.38876	-0.319513	2.12689	-0.00211622	7.57856
10.83	-0.00132724	9.38249	-0.314814	2.12296	-0.0020834	7.57156
10.84	-0.00135084	9.37618	-0.310183	2.11905	-0.00205107	7.56458
10.85	-0.00137487	9.36982	-0.305619	2.11514	-0.00201925	7.5576
10.86	-0.00139932	9.36342	-0.301123	2.11125	-0.00198791	7.55064
10.87	-0.0014242	9.35698	-0.296692	2.10737	-0.00195705	7.5437
10.88	-0.00144953	9.3505	-0.292326	2.1035	-0.00192667	7.53676
10.89	-0.00147531	9.34398	-0.288023	2.09963	-0.00189676	7.52984
10.9	-0.00150154	9.33742	-0.283784	2.09578	-0.00186731	7.52294
10.91	-0.00152824	9.33083	-0.279606	2.09194	-0.00183831	7.51604
10.92	-0.00155541	9.32419	-0.27549	2.08811	-0.00180976	7.50916
10.93	-0.00158307	9.31752	-0.271434	2.08429	-0.00178165	7.50229
10.94	-0.00161122	9.31082	-0.267437	2.08049	-0.00175397	7.49543
10.95	-0.00163986	9.30408	-0.263499	2.07669	-0.00172672	7.48858
10.96	-0.00166902	9.2973	-0.259618	2.0729	-0.00169989	7.48175
10.97	-0.00169869	9.29049	-0.255795	2.06912	-0.00167347	7.47493
10.98	-0.00172888	9.28365	-0.252027	2.06535	-0.00164746	7.46812
10.99	-0.00175962	9.27677	-0.248314	2.0616	-0.00162185	7.46133
11	-0.0017909	9.26987	-0.244656	2.05785	-0.00159664	7.45455
11.01	-0.00182273	9.26293	-0.241051	2.05411	-0.00157182	7.44777
11.02	-0.00185513	9.25597	-0.2375	2.05039	-0.00154738	7.44102
11.03	-0.0018881	9.24897	-0.234	2.04667	-0.00152331	7.43427
11.04	-0.00192166	9.24195	-0.230551	2.04297	-0.00149962	7.42754
11.05	-0.00195581	9.2349	-0.227154	2.03927	-0.0014763	7.42081
11.06	-0.00199056	9.22782	-0.223805	2.03558	-0.00145334	7.4141
11.07	-0.00202594	9.22072	-0.220506	2.03191	-0.00143073	7.40741
11.08	-0.00206194	9.21359	-0.217256	2.02824	-0.00140847	7.40072
11.09	-0.00209858	9.20643	-0.214053	2.02459	-0.00138655	7.39405
11.1	-0.00213586	9.19925	-0.210897	2.02094	-0.00136498	7.38739
11.11	-0.00217381	9.19205	-0.207788	2.0173	-0.00134374	7.38074
11.12	-0.00221243	9.18482	-0.204724	2.01368	-0.00132283	7.3741
11.13	-0.00225174	9.17757	-0.201705	2.01006	-0.00130224	7.36748
11.14	-0.00229174	9.17029	-0.19873	2.00645	-0.00128197	7.36086
11.15	-0.00233245	9.163	-0.195799	2.00286	-0.00126201	7.35426
11.16	-0.00237388	9.15568	-0.192911	1.99927	-0.00124237	7.34767
11.17	-0.00241605	9.14835	-0.190065	1.99569	-0.00122302	7.34109
11.18	-0.00245896	9.14099	-0.187262	1.99212	-0.00120398	7.33453
11.19	-0.00250263	9.13361	-0.184499	1.98856	-0.00118523	7.32797
11.2	-0.00254708	9.12622	-0.181777	1.98501	-0.00116678	7.32143
11.21	-0.00259232	9.11881	-0.179095	1.98147	-0.00114861	7.3149
11.22	-0.00263835	9.11138	-0.176453	1.97794	-0.00113072	7.30838
11.23	-0.0026852	9.10393	-0.173849	1.97442	-0.00111311	7.30187
11.24	-0.00273288	9.09646	-0.171283	1.97091	-0.00109577	7.29537
11.25	-0.0027814	9.08898	-0.168756	1.96741	-0.0010787	7.28889
11.26	-0.00283079	9.08148	-0.166265	1.96391	-0.0010619	7.28242
11.27	-0.00288104	9.07397	-0.163811	1.96043	-0.00104536	7.27595
11.28	-0.00293219	9.06644	-0.161393	1.95696	-0.00102907	7.2695
11.29	-0.00298424	9.0589	-0.159011	1.95349	-0.00101304	7.26306
11.3	-0.00303721	9.05134	-0.156663	1.95004	-0.000997252	7.25664
11.31	-0.00309113	9.04377	-0.154351	1.94659	-0.000981713	7.25022
11.32	-0.00314599	9.03618	-0.152072	1.94315	-0.000966416	7.24382
11.33	-0.00320183	9.02859	-0.149827	1.93972	-0.000951356	7.23742
11.34	-0.00325865	9.02098	-0.147615	1.9363	-0.00093653	7.23104
11.35	-0.00331648	9.01336	-0.145435	1.93289	-0.000921934	7.22467
11.36	-0.00337533	9.00572	-0.143287	1.92949	-0.000907566	7.21831
11.37	-0.00343523	8.99808	-0.141172	1.9261	-0.00089342	7.21196
11.38	-0.00349618	8.99042	-0.139087	1.92271	-0.000879495	7.20562
11.39	-0.00355821	8.98276	-0.137033	1.91934	-0.000865786	7.1993
11.4	-0.00362134	8.97508	-0.135009	1.91597	-0.00085229	7.19298
11.41	-0.00368558	8.9674	-0.133015	1.91262	-0.000839004	7.18668
11.42	-0.00375097	8.95971	-0.13105	1.90927	-0.000825925	7.18039
11.43	-0.0038175	8.952	-0.129114	1.90593	-0.000813049	7.1741
11.44	-0.00388522	8.94429	-0.127207	1.9026	-0.000800373	7.16783
11.45	-0.00395413	8.93657	-0.125328	1.89928	-0.000787895	7.16157
11.46	-0.00402426	8.92884	-0.123476	1.89596	-0.000775611	7.15532
11.47	-0.00409563	8.92111	-0.121652	1.89266	-0.000763518	7.14908
11.48	-0.00416826	8.91337	-0.119855	1.88936	-0.000751613	7.14286
11.49	-0.00424218	8.90562	-0.118084	1.88608	-0.000739893	7.13664
11.5	-0.0043174	8.89786	-0.116339	1.8828	-0.000728356	7.13043
11.51	-0.00439395	8.8901	-0.11462	1.87953	-0.000716998	7.12424
11.52	-0.00447185	8.88234	-0.112927	1.87627	-0.000705818	7.11806
11.53	-0.00455114	8.87456	-0.111258	1.87301	-0.000694811	7.11188
11.54	-0.00463182	8.86679	-0.109614	1.86977	-0.000683976	7.10572
11.55	-0.00471393	8.859	-0.107994	1.86653	-0.000673309	7.09957
11.56	-0.00479748	8.85122	-0.106398	1.8633	-0.000662809	7.09343
11.57	-0.00488252	8.84342	-0.104825	1.86008	-0.000652472	7.08729
11.58	-0.00496906	8.83563	-0.103276	1.85687	-0.000642296	7.08117
11.59	-0.00505712	8.82783	-0.10175	1.85367	-0.000632279	7.07506
11.6	-0.00514674	8.82003	-0.100246	1.85048	-0.000622418	7.06897
11.61	-0.00523795	8.81222	-0.098764	1.84729	-0.00061271	7.06288
11.62	-0.00533076	8.80441	-0.097304	1.84411	-0.000603153	7.0568
11.63	-0.00542522	8.7966	-0.0958657	1.84094	-0.000593746	7.05073
11.64	-0.00552134	8.78878	-0.0944485	1.83778	-0.000584485	7.04467
11.65	-0.00561916	8.78097	-0.0930523	1.83463	-0.000575369	7.03863
11.66	-0.00571871	8.77315	-0.0916766	1.83148	-0.000566394	7.03259
11.67	-0.00582001	8.76533	-0.0903212	1.82834	-0.000557559	7.02656
11.68	-0.00592311	8.75751	-0.0889859	1.82521	-0.000548863	7.02055
11.69	-0.00602802	8.74968	-0.0876702	1.82209	-0.000540301	7.01454
11.7	-0.00613479	8.74186	-0.086374	1.81898	-0.000531873	7.00855
11.71	-0.00624344	8.73404	-0.0850969	1.81587	-0.000523577	7.00256
11.72	-0.006354	8.72621	-0.0838386	1.81278	-0.00051541	6.99659
11.73	-0.00646652	8.71839	-0.0825989	1.80969	-0.00050737	6.99062
11.74	-0.00658103	8.71056	-0.0813775	1.8066	-0.000499455	6.98467
11.75	-0.00669755	8.70274	-0.0801741	1.80353	-0.000491664	6.97872
11.76	-0.00681614	8.69491	-0.0789885	1.80047	-0.000483995	6.97279
11.77	-0.00693681	8.68709	-0.0778204	1.79741	-0.000476445	6.96686
11.78	-0.00705961	8.67926	-0.0766695	1.79436	-0.000469013	6.96095
11.79	-0.00718459	8.67144	-0.0755357	1.79131	-0.000461696	6.95505
11.8	-0.00731176	8.66362	-0.0744185	1.78828	-0.000454494	6.94915
11.81	-0.00744118	8.6558	-0.0733179	1.78525	-0.000447404	6.94327
11.82	-0.00757288	8.64798	-0.0722335	1.78223	-0.000440425	6.93739
11.83	-0.0077069	8.64016	-0.0711651	1.77922	-0.000433555	6.93153
11.84	-0.00784329	8.63235	-0.0701125	1.77622	-0.000426791	6.92568
11.85	-0.00798208	8.62454	-0.0690755	1.77322	-0.000420134	6.91983
11.86	-0.00812332	8.61673	-0.0680537	1.77023	-0.00041358	6.914
11.87	-0.00826706	8.60892	-0.0670471	1.76725	-0.000407128	6.90817
11.88	-0.00841332	8.60111	-0.0660553	1.76428	-0.000400777	6.90236
11.89	-0.00856216	8.59331	-0.0650782	1.76131	-0.000394525	6.89655
11.9	-0.00871363	8.58551	-0.0641155	1.75835	-0.000388371	6.89076
11.91	-0.00886777	8.57771	-0.063167	1.7554	-0.000382313	6.88497
11.92	-0.00902463	8.56992	-0.0622325	1.75245	-0.000376349	6.87919
11.93	-0.00918425	8.56213	-0.0613119	1.74952	-0.000370478	6.87343
11.94	-0.00934668	8.55434	-0.0604048	1.74659	-0.000364699	6.86767
11.95	-0.00951198	8.54656	-0.0595111	1.74367	-0.00035901	6.86192
11.96	-0.00968019	8.53878	-0.0586307	1.74075	-0.00035341	6.85619
11.97	-0.00985136	8.53101	-0.0577632	1.73785	-0.000347897	6.85046
11.98	-0.0100256	8.52323	-0.0569086	1.73494	-0.000342471	6.84474
11.99	-0.0102028	8.51547	-0.0560666	1.73205	-0.000337129	6.83903
12	-0.0103832	8.50771	-0.055237	1.72917	-0.00033187	6.83333
12.01	-0.0105668	8.49995	-0.0544197	1.72629	-0.000326693	6.82764
12.02	-0.0107536	8.49219	-0.0536145	1.72342	-0.000321598	6.82196
12.03	-0.0109436	8.48445	-0.0528212	1.72055	-0.000316581	6.81629
12.04	-0.0111371	8.4767	-0.0520396	1.7177	-0.000311643	6.81063
12.05	-0.0113339	8.46897	-0.0512696	1.71485	-0.000306782	6.80498
12.06	-0.0115342	8.46123	-0.0505109	1.712	-0.000301997	6.79934
12.07	-0.0117381	8.4535	-0.0497634	1.70917	-0.000297287	6.7937
12.08	-0.0119455	8.44578	-0.049027	1.70634	-0.00029265	6.78808
12.09	-0.0121566	8.43807	-0.0483015	1.70352	-0.000288086	6.78246
12.1	-0.0123714	8.43035	-0.0475867	1.7007	-0.000283593	6.77686
12.11	-0.0125899	8.42265	-0.0468825	1.6979	-0.00027917	6.77126
12.12	-0.0128124	8.41495	-0.0461887	1.6951	-0.000274816	6.76568
12.13	-0.0130387	8.40726	-0.0455051	1.6923	-0.000270529	6.7601
12.14	-0.013269	8.39957	-0.0448317	1.68951	-0.00026631	6.75453
12.15	-0.0135034	8.39189	-0.0441682	1.68673	-0.000262157	6.74897
12.16	-0.0137419	8.38421	-0.0435145	1.68396	-0.000258069	6.74342
12.17	-0.0139846	8.37654	-0.0428705	1.6812	-0.000254044	6.73788
12.18	-0.0142316	8.36888	-0.042236	1.67844	-0.000250082	6.73235
12.19	-0.0144829	8.36123	-0.0416109	1.67568	-0.000246182	6.72683
12.2	-0.0147386	8.35358	-0.040995	1.67294	-0.000242343	6.72131
12.21	-0.0149989	8.34593	-0.0403882	1.6702	-0.000238564	6.71581
12.22	-0.0152637	8.3383	-0.0397904	1.66747	-0.000234844	6.71031
12.23	-0.0155332	8.33067	-0.0392015	1.66474	-0.000231182	6.70482
12.24	-0.0158074	8.32305	-0.0386213	1.66202	-0.000227577	6.69935
12.25	-0.0160864	8.31544	-0.0380496	1.65931	-0.000224028	6.69388
12.26	-0.0163704	8.30783	-0.0374864	1.6566	-0.000220535	6.68842
12.27	-0.0166593	8.30023	-0.0369315	1.6539	-0.000217096	6.68297
12.28	-0.0169534	8.29264	-0.0363848	1.65121	-0.000213711	6.67752
12.29	-0.0172526	8.28505	-0.0358462	1.64853	-0.000210379	6.67209
12.3	-0.017557	8.27747	-0.0353156	1.64585	-0.000207099	6.66667
12.31	-0.0178669	8.2699	-0.0347929	1.64317	-0.00020387	6.66125
12.32	-0.0181821	8.26234	-0.0342778	1.64051	-0.000200691	6.65584
12.33	-0.0185029	8.25479	-0.0337704	1.63785	-0.000197562	6.65045
12.34	-0.0188294	8.24724	-0.0332705	1.63519	-0.000194482	6.64506
12.35	-0.0191616	8.2397	-0.032778	1.63255	-0.00019145	6.63968
12.36	-0.0194996	8.23217	-0.0322927	1.62991	-0.000188465	6.6343
12.37	-0.0198436	8.22464	-0.0318147	1.62727	-0.000185527	6.62894
12.38	-0.0201936	8.21713	-0.0313437	1.62464	-0.000182635	6.62359
12.39	-0.0205498	8.20962	-0.0308797	1.62202	-0.000179788	6.61824
12.4	-0.0209122	8.20212	-0.0304225	1.61941	-0.000176985	6.6129
12.41	-0.021281	8.19463	-0.0299721	1.6168	-0.000174226	6.60757
12.42	-0.0216563	8.18715	-0.0295284	1.6142	-0.000171511	6.60225
12.43	-0.0220382	8.17968	-0.0290912	1.6116	-0.000168837	6.59694
12.44	-0.0224268	8.17221	-0.0286606	1.60901	-0.000166206	6.59164
12.45	-0.0228222	8.16475	-0.0282362	1.60643	-0.000163615	6.58635
12.46	-0.0232245	8.1573	-0.0278182	1.60385	-0.000161065	6.58106
12.47	-0.023634	8.14986	-0.0274063	1.60128	-0.000158554	6.57578
12.48	-0.0240506	8.14243	-0.0270006	1.59871	-0.000156083	6.57051
12.49	-0.0244745	8.13501	-0.0266008	1.59615	-0.000153651	6.56525
12.5	-0.0249059	8.12759	-0.026207	1.5936	-0.000151256	6.56
12.51	-0.0253449	8.12019	-0.0258189	1.59105	-0.000148899	6.55476
12.52	-0.0257916	8.11279	-0.0254367	1.58851	-0.000146578	6.54952
12.53	-0.0262461	8.1054	-0.0250601	1.58598	-0.000144294	6.54429
12.54	-0.0267086	8.09803	-0.024689	1.58345	-0.000142045	6.53907
12.55	-0.0271792	8.09065	-0.0243235	1.58093	-0.000139832	6.53386
12.56	-0.0276581	8.08329	-0.0239633	1.57841	-0.000137653	6.52866
12.57	-0.0281454	8.07594	-0.0236085	1.5759	-0.000135508	6.52347
12.58	-0.0286413	8.0686	-0.0232589	1.5734	-0.000133396	6.51828
12.59	-0.0291458	8.06126	-0.0229145	1.5709	-0.000131318	6.51311
12.6	-0.0296593	8.05394	-0.0225752	1.56841	-0.000129272	6.50794
12.61	-0.0301817	8.04662	-0.022241	1.56592	-0.000127257	6.50278
12.62	-0.0307133	8.03932	-0.0219116	1.56344	-0.000125275	6.49762
12.63	-0.0312542	8.03202	-0.0215872	1.56096	-0.000123323	6.49248
12.64	-0.0318047	8.02473	-0.0212675	1.55849	-0.000121402	6.48734
12.65	-0.0323647	8.01745	-0.0209526	1.55603	-0.00011951	6.48221
12.66	-0.0329347	8.01018	-0.0206424	1.55357	-0.000117648	6.47709
12.67	-0.0335146	8.00292	-0.0203367	1.55112	-0.000115816	6.47198
12.68	-0.0341047	7.99567	-0.0200356	1.54868	-0.000114011	6.46688
12.69	-0.0347051	7.98843	-0.0197389	1.54624	-0.000112235	6.46178
12.7	-0.0353161	7.9812	-0.0194466	1.5438	-0.000110487	6.45669
12.71	-0.0359378	7.97397	-0.0191586	1.54137	-0.000108766	6.45161
12.72	-0.0365704	7.96676	-0.0188749	1.53895	-0.000107072	6.44654
12.73	-0.0372141	7.95956	-0.0185954	1.53654	-0.000105404	6.44148
12.74	-0.0378691	7.95236	-0.01832	1.53412	-0.000103762	6.43642
12.75	-0.0385356	7.94518	-0.0180487	1.53172	-0.000102146	6.43137
12.76	-0.0392138	7.938	-0.0177815	1.52932	-0.000100555	6.42633
12.77	-0.0399039	7.93084	-0.0175182	1.52692	-9.89894e-05	6.4213
12.78	-0.0406061	7.92368	-0.0172587	1.52454	-9.74477e-05	6.41628
12.79	-0.0413205	7.91654	-0.0170031	1.52215	-9.59302e-05	6.41126
12.8	-0.0420476	7.9094	-0.0167514	1.51978	-9.44362e-05	6.40625
12.81	-0.0427873	7.90227	-0.0165033	1.5174	-9.29656e-05	6.40125
12.82	-0.0435401	7.89516	-0.0162589	1.51504	-9.1518e-05	6.39626
12.83	-0.044306	7.88805	-0.0160181	1.51268	-9.00929e-05	6.39127
12.84	-0.0450854	7.88095	-0.0157809	1.51032	-8.869e-05	6.38629
12.85	-0.0458784	7.87386	-0.0155472	1.50797	-8.7309e-05	6.38132
12.86	-0.0466853	7.86679	-0.0153169	1.50563	-8.59496e-05	6.37636
12.87	-0.0475064	7.85972	-0.0150901	1.50329	-8.46114e-05	6.37141
12.88	-0.0483419	7.85266	-0.0148666	1.50095	-8.3294e-05	6.36646
12.89	-0.049192	7.84561	-0.0146465	1.49863	-8.19972e-05	6.36152
12.9	-0.050057	7.83857	-0.0144295	1.4963	-8.07207e-05	6.35659
12.91	-0.0509372	7.83154	-0.0142158	1.49399	-7.9464e-05	6.35167
12.92	-0.0518328	7.82452	-0.0140053	1.49168	-7.82269e-05	6.34675
12.93	-0.0527441	7.81751	-0.0137979	1.48937	-7.70092e-05	6.34184
12.94	-0.0536713	7.81052	-0.0135936	1.48707	-7.58104e-05	6.33694
12.95	-0.0546148	7.80353	-0.0133922	1.48477	-7.46303e-05	6.33205
12.96	-0.0555748	7.79655	-0.0131939	1.48248	-7.34686e-05	6.32716
12.97	-0.0565517	7.78958	-0.0129985	1.4802	-7.2325e-05	6.32228
12.98	-0.0575457	7.78262	-0.012806	1.47792	-7.11993e-05	6.31741
12.99	-0.058557	7.77567	-0.0126163	1.47564	-7.00911e-05	6.31255
13	-0.0595861	7.76873	-0.0124295	1.47337	-6.90002e-05	6.30769
13.01	-0.0606332	7.7618	-0.0122454	1.47111	-6.79263e-05	6.30284
13.02	-0.0616987	7.75488	-0.012064	1.46885	-6.68692e-05	6.298
13.03	-0.0627828	7.74797	-0.0118853	1.4666	-6.58285e-05	6.29317
13.04	-0.0638859	7.74107	-0.0117093	1.46435	-6.48041e-05	6.28834
13.05	-0.0650083	7.73418	-0.0115359	1.4621	-6.37956e-05	6.28352
13.06	-0.0661504	7.7273	-0.011365	1.45987	-6.28029e-05	6.27871
13.07	-0.0673125	7.72043	-0.0111967	1.45763	-6.18256e-05	6.27391
13.08	-0.0684949	7.71357	-0.0110309	1.4554	-6.08636e-05	6.26911
13.09	-0.069698	7.70672	-0.0108675	1.45318	-5.99166e-05	6.26432
13.1	-0.0709222	7.69988	-0.0107065	1.45096	-5.89843e-05	6.25954
13.11	-0.0721678	7.69305	-0.010548	1.44875	-5.80666e-05	6.25477
13.12	-0.0734353	7.68623	-0.0103917	1.44654	-5.71631e-05	6.25
13.13	-0.0747249	7.67942	-0.0102378	1.44434	-5.62738e-05	6.24524
13.14	-0.0760371	7.67262	-0.0100862	1.44214	-5.53983e-05	6.24049
13.15	-0.0773722	7.66583	-0.00993681	1.43995	-5.45365e-05	6.23574
13.16	-0.0787307	7.65905	-0.00978963	1.43776	-5.36881e-05	6.231
13.17	-0.080113	7.65228	-0.00964463	1.43558	-5.28529e-05	6.22627
13.18	-0.0815195	7.64552	-0.00950178	1.4334	-5.20307e-05	6.22155
13.19	-0.0829506	7.63877	-0.00936105	1.43123	-5.12214e-05	6.21683
13.2	-0.0844067	7.63203	-0.0092224	1.42906	-5.04247e-05	6.21212
13.21	-0.0858883	7.6253	-0.0090858	1.4269	-4.96404e-05	6.20742
13.22	-0.0873958	7.61858	-0.00895123	1.42474	-4.88683e-05	6.20272
13.23	-0.0889298	7.61187	-0.00881864	1.42259	-4.81082e-05	6.19803
13.24	-0.0904905	7.60517	-0.00868803	1.42044	-4.736e-05	6.19335
13.25	-0.0920785	7.59848	-0.00855934	1.4183	-4.66234e-05	6.18868
13.26	-0.0936944	7.5918	-0.00843256	1.41616	-4.58983e-05	6.18401
13.27	-0.0953384	7.58513	-0.00830766	1.41403	-4.51846e-05	6.17935
13.28	-0.0970113	7.57847	-0.00818461	1.4119	-4.44819e-05	6.1747
13.29	-0.0987134	7.57182	-0.00806338	1.40977	-4.37902e-05	6.17005
13.3	-0.100445	7.56518	-0.00794395	1.40765	-4.31093e-05	6.16541
13.31	-0.102207	7.55855	-0.00782628	1.40554	-4.24389e-05	6.16078
13.32	-0.104	7.55193	-0.00771036	1.40343	-4.1779e-05	6.15616
13.33	-0.105825	7.54532	-0.00759615	1.40133	-4.11294e-05	6.15154
13.34	-0.107681	7.53872	-0.00748364	1.39923	-4.049e-05	6.14693
13.35	-0.10957	7.53213	-0.00737279	1.39713	-3.98604e-05	6.14232
13.36	-0.111491	7.52555	-0.00726359	1.39504	-3.92407e-05	6.13772
13.37	-0.113447	7.51898	-0.007156	1.39295	-3.86307e-05	6.13313
13.38	-0.115436	7.51242	-0.00705	1.39087	-3.80301e-05	6.12855
13.39	-0.11746	7.50587	-0.00694557	1.3888	-3.74389e-05	6.12397
13.4	-0.11952	7.49933	-0.0068427	1.38672	-3.68569e-05	6.1194
13.41	-0.121616	7.4928	-0.00674134	1.38466	-3.6284e-05	6.11484
13.42	-0.123748	7.48628	-0.00664148	1.38259	-3.572e-05	6.11028
13.43	-0.125917	7.47977	-0.00654311	1.38053	-3.51648e-05	6.10573
13.44	-0.128125	7.47327	-0.00644619	1.37848	-3.46182e-05	6.10119
13.45	-0.130371	7.46678	-0.00635071	1.37643	-3.40801e-05	6.09665
13.46	-0.132656	7.4603	-0.00625664	1.37439	-3.35504e-05	6.09212
13.47	-0.134981	7.45383	-0.00616396	1.37235	-3.3029e-05	6.0876
13.48	-0.137347	7.44737	-0.00607266	1.37031	-3.25157e-05	6.08309
13.49	-0.139754	7.44092	-0.00598271	1.36828	-3.20104e-05	6.07858
13.5	-0.142204	7.43448	-0.00589409	1.36626	-3.15129e-05	6.07407
13.51	-0.144696	7.42805	-0.00580678	1.36423	-3.10232e-05	6.06958
13.52	-0.147231	7.42162	-0.00572077	1.36222	-3.05411e-05	6.06509
13.53	-0.149811	7.41521	-0.00563603	1.3602	-3.00666e-05	6.06061
13.54	-0.152436	7.40881	-0.00555254	1.35819	-2.95994e-05	6.05613
13.55	-0.155107	7.40242	-0.00547029	1.35619	-2.91395e-05	6.05166
13.56	-0.157824	7.39604	-0.00538926	1.35419	-2.86867e-05	6.0472
13.57	-0.160589	7.38967	-0.00530943	1.3522	-2.8241e-05	6.04274
13.58	-0.163402	7.3833	-0.00523079	1.35021	-2.78022e-05	6.03829
13.59	-0.166264	7.37695	-0.0051533	1.34822	-2.73703e-05	6.03385
13.6	-0.169177	7.37061	-0.00507697	1.34624	-2.69451e-05	6.02941
13.61	-0.17214	7.36427	-0.00500176	1.34426	-2.65265e-05	6.02498
13.62	-0.175154	7.35795	-0.00492767	1.34229	-2.61144e-05	6.02056
13.63	-0.178222	7.35164	-0.00485468	1.34032	-2.57088e-05	6.01614
13.64	-0.181343	7.34533	-0.00478277	1.33835	-2.53094e-05	6.01173
13.65	-0.184519	7.33904	-0.00471192	1.33639	-2.49163e-05	6.00733
13.66	-0.187749	7.33276	-0.00464212	1.33444	-2.45293e-05	6.00293
13.67	-0.191037	7.32648	-0.00457336	1.33248	-2.41483e-05	5.99854
13.68	-0.194382	7.32022	-0.00450561	1.33054	-2.37732e-05	5.99415
13.69	-0.197785	7.31396	-0.00443887	1.32859	-2.3404e-05	5.98977
13.7	-0.201247	7.30771	-0.00437312	1.32666	-2.30405e-05	5.9854
13.71	-0.20477	7.30148	-0.00430834	1.32472	-2.26827e-05	5.98104
13.72	-0.208355	7.29525	-0.00424452	1.32279	-2.23304e-05	5.97668
13.73	-0.212002	7.28904	-0.00418165	1.32086	-2.19836e-05	5.97232
13.74	-0.215712	7.28283	-0.0041197	1.31894	-2.16423e-05	5.96798
13.75	-0.219488	7.27663	-0.00405868	1.31702	-2.13062e-05	5.96364
13.76	-0.223329	7.27044	-0.00399855	1.31511	-2.09754e-05	5.9593
13.77	-0.227237	7.26426	-0.00393932	1.3132	-2.06497e-05	5.95497
13.78	-0.231214	7.2581	-0.00388097	1.3113	-2.0329e-05	5.95065
13.79	-0.23526	7.25194	-0.00382348	1.3094	-2.00134e-05	5.94634
13.8	-0.239376	7.24579	-0.00376684	1.3075	-1.97027e-05	5.94203
13.81	-0.243564	7.23965	-0.00371104	1.30561	-1.93968e-05	5.93773
13.82	-0.247825	7.23352	-0.00365607	1.30372	-1.90956e-05	5.93343
13.83	-0.252161	7.22739	-0.00360191	1.30183	-1.87992e-05	5.92914
13.84	-0.256572	7.22128	-0.00354855	1.29995	-1.85074e-05	5.92486
13.85	-0.261061	7.21518	-0.00349599	1.29808	-1.82201e-05	5.92058
13.86	-0.265627	7.20909	-0.0034442	1.2962	-1.79372e-05	5.91631
13.87	-0.270273	7.203	-0.00339318	1.29433	-1.76588e-05	5.91204
13.88	-0.275	7.19693	-0.00334292	1.29247	-1.73847e-05	5.90778
13.89	-0.27981	7.19087	-0.0032934	1.29061	-1.71149e-05	5.90353
13.9	-0.284703	7.18481	-0.00324461	1.28875	-1.68492e-05	5.89928
13.91	-0.289682	7.17877	-0.00319654	1.2869	-1.65877e-05	5.89504
13.92	-0.294748	7.17273	-0.00314919	1.28505	-1.63303e-05	5.8908
13.93	-0.299901	7.1667	-0.00310254	1.28321	-1.60768e-05	5.88658
13.94	-0.305145	7.16069	-0.00305658	1.28137	-1.58273e-05	5.88235
13.95	-0.31048	7.15468	-0.0030113	1.27953	-1.55817e-05	5.87814
13.96	-0.315908	7.14868	-0.0029667	1.2777	-1.53399e-05	5.87393
13.97	-0.321431	7.14269	-0.00292275	1.27587	-1.51019e-05	5.86972
13.98	-0.32705	7.13671	-0.00287945	1.27405	-1.48675e-05	5.86552
13.99	-0.332767	7.13074	-0.0028368	1.27222	-1.46368e-05	5.86133
14	-0.338584	7.12478	-0.00279477	1.27041	-1.44097e-05	5.85714
14.01	-0.344502	7.11882	-0.00275337	1.2686	-1.41861e-05	5.85296
14.02	-0.350523	7.11288	-0.00271259	1.26679	-1.3966e-05	5.84879
14.03	-0.356649	7.10695	-0.0026724	1.26498	-1.37493e-05	5.84462
14.04	-0.362882	7.10102	-0.00263281	1.26318	-1.3536e-05	5.84046
14.05	-0.369223	7.09511	-0.00259381	1.26138	-1.3326e-05	5.8363
14.06	-0.375675	7.0892	-0.00255539	1.25959	-1.31193e-05	5.83215
14.07	-0.382239	7.0833	-0.00251753	1.2578	-1.29158e-05	5.828
14.08	-0.388918	7.07741	-0.00248024	1.25601	-1.27154e-05	5.82386
14.09	-0.395713	7.07153	-0.0024435	1.25423	-1.25182e-05	5.81973
14.1	-0.402626	7.06566	-0.0024073	1.25245	-1.2324e-05	5.8156
14.11	-0.40966	7.0598	-0.00237164	1.25068	-1.21328e-05	5.81148
14.12	-0.416817	7.05395	-0.00233651	1.24891	-1.19447e-05	5.80737
14.13	-0.424098	7.04811	-0.00230189	1.24714	-1.17594e-05	5.80326
14.14	-0.431505	7.04228	-0.00226779	1.24538	-1.1577e-05	5.79915
14.15	-0.439042	7.03645	-0.0022342	1.24362	-1.13975e-05	5.79505
14.16	-0.44671	7.03063	-0.0022011	1.24186	-1.12207e-05	5.79096
14.17	-0.454512	7.02483	-0.0021685	1.24011	-1.10467e-05	5.78687
14.18	-0.46245	7.01903	-0.00213637	1.23836	-1.08754e-05	5.78279
14.19	-0.470525	7.01324	-0.00210473	1.23662	-1.07067e-05	5.77872
14.2	-0.478742	7.00746	-0.00207355	1.23487	-1.05407e-05	5.77465
14.21	-0.487101	7.00169	-0.00204283	1.23314	-1.03772e-05	5.77058
14.22	-0.495606	6.99593	-0.00201257	1.2314	-1.02163e-05	5.76653
14.23	-0.504259	6.99018	-0.00198275	1.22967	-1.00579e-05	5.76247
14.24	-0.513063	6.98443	-0.00195338	1.22795	-9.90197e-06	5.75843
14.25	-0.52202	6.9787	-0.00192444	1.22622	-9.74845e-06	5.75439
14.26	-0.531133	6.97297	-0.00189593	1.2245	-9.5973e-06	5.75035
14.27	-0.540405	6.96725	-0.00186785	1.22279	-9.44851e-06	5.74632
14.28	-0.549837	6.96155	-0.00184018	1.22108	-9.30203e-06	5.7423
14.29	-0.559435	6.95585	-0.00181292	1.21937	-9.15782e-06	5.73828
14.3	-0.569199	6.95016	-0.00178606	1.21766	-9.01585e-06	5.73427
14.31	-0.579133	6.94447	-0.0017596	1.21596	-8.87609e-06	5.73026
14.32	-0.58924	6.9388	-0.00173354	1.21426	-8.7385e-06	5.72626
14.33	-0.599523	6.93314	-0.00170786	1.21257	-8.60305e-06	5.72226
14.34	-0.609985	6.92748	-0.00168256	1.21088	-8.4697e-06	5.71827
14.35	-0.620629	6.92183	-0.00165763	1.20919	-8.33842e-06	5.71429
14.36	-0.631458	6.91619	-0.00163307	1.20751	-8.20917e-06	5.71031
14.37	-0.642475	6.91056	-0.00160888	1.20583	-8.08194e-06	5.70633
14.38	-0.653684	6.90494	-0.00158505	1.20415	-7.95668e-06	5.70236
14.39	-0.665089	6.89933	-0.00156157	1.20248	-7.83337e-06	5.6984
14.4	-0.676691	6.89373	-0.00153843	1.20081	-7.71197e-06	5.69444
14.41	-0.688496	6.88813	-0.00151564	1.19914	-7.59245e-06	5.69049
14.42	-0.700506	6.88254	-0.00149319	1.19748	-7.4748e-06	5.68655
14.43	-0.712725	6.87697	-0.00147107	1.19582	-7.35896e-06	5.68261
14.44	-0.725156	6.8714	-0.00144928	1.19417	-7.24493e-06	5.67867
14.45	-0.737803	6.86584	-0.00142781	1.19251	-7.13267e-06	5.67474
14.46	-0.750671	6.86028	-0.00140666	1.19087	-7.02215e-06	5.67082
14.47	-0.763762	6.85474	-0.00138582	1.18922	-6.91334e-06	5.6669
14.48	-0.777081	6.84921	-0.00136529	1.18758	-6.80623e-06	5.66298
14.49	-0.790632	6.84368	-0.00134506	1.18594	-6.70078e-06	5.65908
14.5	-0.804418	6.83816	-0.00132514	1.1843	-6.59696e-06	5.65517
14.51	-0.818444	6.83265	-0.00130551	1.18267	-6.49476e-06	5.65127
14.52	-0.832714	6.82715	-0.00128617	1.18104	-6.39414e-06	5.64738
14.53	-0.847232	6.82166	-0.00126711	1.17942	-6.29508e-06	5.6435
14.54	-0.862003	6.81617	-0.00124834	1.1778	-6.19756e-06	5.63961
14.55	-0.87703	6.8107	-0.00122985	1.17618	-6.10156e-06	5.63574
14.56	-0.892319	6.80523	-0.00121163	1.17456	-6.00704e-06	5.63187
14.57	-0.907873	6.79977	-0.00119368	1.17295	-5.91399e-06	5.628
14.58	-0.923698	6.79432	-0.001176	1.17134	-5.82239e-06	5.62414
14.59	-0.939797	6.78888	-0.00115858	1.16974	-5.73221e-06	5.62029
14.6	-0.956177	6.78344	-0.00114141	1.16814	-5.64342e-06	5.61644
14.61	-0.972841	6.77802	-0.0011245	1.16654	-5.55602e-06	5.61259
14.62	-0.989795	6.7726	-0.00110784	1.16494	-5.46997e-06	5.60876
14.63	-1.00704	6.76719	-0.00109143	1.16335	-5.38525e-06	5.60492
14.64	-1.02459	6.76179	-0.00107526	1.16176	-5.30185e-06	5.60109
14.65	-1.04245	6.75639	-0.00105934	1.16018	-5.21975e-06	5.59727
14.66	-1.06061	6.75101	-0.00104364	1.15859	-5.13891e-06	5.59345
14.67	-1.07909	6.74563	-0.00102818	1.15702	-5.05934e-06	5.58964
14.68	-1.09789	6.74026	-0.00101295	1.15544	-4.98099e-06	5.58583
14.69	-1.11702	6.7349	-0.000997943	1.15387	-4.90386e-06	5.58203
14.7	-1.13648	6.72955	-0.00098316	1.1523	-4.82793e-06	5.57823
14.71	-1.15627	6.72421	-0.000968595	1.15073	-4.75318e-06	5.57444
14.72	-1.17642	6.71887	-0.000954246	1.14917	-4.67958e-06	5.57065
14.73	-1.19691	6.71355	-0.00094011	1.14761	-4.60713e-06	5.56687
14.74	-1.21775	6.70823	-0.000926183	1.14605	-4.5358e-06	5.56309
14.75	-1.23896	6.70291	-0.000912462	1.1445	-4.46558e-06	5.55932
14.76	-1.26054	6.69761	-0.000898944	1.14295	-4.39645e-06	5.55556
14.77	-1.28249	6.69232	-0.000885627	1.1414	-4.32838e-06	5.55179
14.78	-1.30483	6.68703	-0.000872507	1.13986	-4.26138e-06	5.54804
14.79	-1.32755	6.68175	-0.000859582	1.13832	-4.19541e-06	5.54429
14.8	-1.35067	6.67648	-0.000846848	1.13678	-4.13047e-06	5.54054
14.81	-1.37419	6.67121	-0.000834302	1.13524	-4.06653e-06	5.5368
14.82	-1.39811	6.66596	-0.000821943	1.13371	-4.00359e-06	5.53306
14.83	-1.42245	6.66071	-0.000809766	1.13218	-3.94162e-06	5.52933
14.84	-1.44722	6.65547	-0.00079777	1.13066	-3.88061e-06	5.52561
14.85	-1.47241	6.65024	-0.000785952	1.12914	-3.82055e-06	5.52189
14.86	-1.49805	6.64502	-0.000774308	1.12762	-3.76142e-06	5.51817
14.87	-1.52412	6.6398	-0.000762838	1.1261	-3.7032e-06	5.51446
14.88	-1.55065	6.63459	-0.000751537	1.12459	-3.64589e-06	5.51075
14.89	-1.57765	6.62939	-0.000740403	1.12308	-3.58947e-06	5.50705
14.9	-1.6051	6.6242	-0.000729435	1.12157	-3.53392e-06	5.50336
14.91	-1.63304	6.61902	-0.000718629	1.12007	-3.47924e-06	5.49966
14.92	-1.66146	6.61384	-0.000707983	1.11857	-3.4254e-06	5.49598
14.93	-1.69038	6.60867	-0.000697494	1.11707	-3.37239e-06	5.4923
14.94	-1.71979	6.60351	-0.000687161	1.11557	-3.32021e-06	5.48862
14.95	-1.74972	6.59836	-0.000676982	1.11408	-3.26884e-06	5.48495
14.96	-1.78017	6.59321	-0.000666953	1.11259	-3.21826e-06	5.48128
14.97	-1.81114	6.58808	-0.000657072	1.11111	-3.16847e-06	5.47762
14.98	-1.84265	6.58295	-0.000647338	1.10962	-3.11944e-06	5.47397
14.99	-1.87471	6.57782	-0.000637748	1.10814	-3.07118e-06	5.47031
