0	0	inf	-44.0186	inf	-inf	22.2927
0.01	3.99353e-14	4.14998e+06	-44.0186	4.15e+06	-0.149011	22.2927
0.02	-1.1182e-12	1.03748e+06	-44.0186	1.0375e+06	-0.0756259	22.2926
0.03	-1.18606e-11	461089	-44.0186	461111	-0.0511754	22.2925
0.04	-5.49484e-11	259353	-44.0186	259375	-0.0389587	22.2923
0.05	-1.74702e-10	165978	-44.0186	166000	-0.0316356	22.2921
0.06	-4.44184e-10	115256	-44.0186	115278	-0.0267594	22.2919
0.07	-9.72369e-10	84672.2	-44.0186	84693.9	-0.0232815	22.2915
0.08	-1.91132e-09	64822	-44.0186	64843.8	-0.0206777	22.2912
0.09	-3.46336e-09	51212.9	-44.0186	51234.6	-0.0186565	22.2908
0.1	-5.88819e-09	41478.3	-44.0186	41500	-0.0170434	22.2903
0.11	-9.51007e-09	34275.8	-44.0185	34297.5	-0.0157269	22.2898
0.12	-1.4725e-08	28797.7	-44.0185	28819.4	-0.0146331	22.2892
0.13	-2.20076e-08	24534.5	-44.0185	24556.2	-0.0137106	22.2886
0.14	-3.19186e-08	21151.8	-44.0185	21173.5	-0.0129227	22.288
0.15	-4.51117e-08	18422.7	-44.0185	18444.4	-0.0122426	22.2872
0.16	-6.23406e-08	16189.2	-44.0185	16210.9	-0.01165	22.2865
0.17	-8.44661e-08	14338.1	-44.0185	14359.9	-0.0111296	22.2857
0.18	-1.12463e-07	12786.9	-44.0185	12808.6	-0.0106693	22.2848
0.19	-1.47429e-07	11474.1	-44.0185	11495.8	-0.0102598	22.2839
0.2	-1.90586e-07	10353.3	-44.0184	10375	-0.00989335	22.283
0.21	-2.43296e-07	9388.71	-44.0184	9410.43	-0.00956391	22.282
0.22	-3.0706e-07	8552.65	-44.0184	8574.38	-0.00926646	22.2809
0.23	-3.83529e-07	7823.26	-44.0184	7844.99	-0.00899685	22.2798
0.24	-4.74509e-07	7183.13	-44.0184	7204.86	-0.00875163	22.2787
0.25	-5.81971e-07	6618.27	-44.0184	6640	-0.0085279	22.2775
0.26	-7.08054e-07	6117.32	-44.0184	6139.05	-0.0083232	22.2762
0.27	-8.55074e-07	5671	-44.0184	5692.73	-0.00813545	22.2749
0.28	-1.02553e-06	5271.63	-44.0183	5293.37	-0.00796286	22.2736
0.29	-1.22211e-06	4912.87	-44.0183	4934.6	-0.00780389	22.2722
0.3	-1.44771e-06	4589.37	-44.0183	4611.11	-0.00765719	22.2708
0.31	-1.7054e-06	4296.68	-44.0183	4318.42	-0.00752161	22.2693
0.32	-1.9985e-06	4030.99	-44.0183	4052.73	-0.00739613	22.2677
0.33	-2.33051e-06	3789.09	-44.0183	3810.84	-0.00727984	22.2662
0.34	-2.70519e-06	3568.22	-44.0183	3589.97	-0.00717198	22.2645
0.35	-3.12649e-06	3366.01	-44.0182	3387.76	-0.00707182	22.2628
0.36	-3.59863e-06	3180.41	-44.0182	3202.16	-0.00697877	22.2611
0.37	-4.12606e-06	3009.66	-44.0182	3031.41	-0.00689225	22.2593
0.38	-4.71347e-06	2852.21	-44.0182	2873.96	-0.00681179	22.2575
0.39	-5.36582e-06	2706.71	-44.0182	2728.47	-0.00673692	22.2556
0.4	-6.08832e-06	2571.99	-44.0182	2593.75	-0.00666727	22.2537
0.41	-6.88647e-06	2447.01	-44.0182	2468.77	-0.00660246	22.2517
0.42	-7.76602e-06	2330.85	-44.0181	2352.61	-0.00654217	22.2497
0.43	-8.73301e-06	2222.69	-44.0181	2244.46	-0.00648611	22.2476
0.44	-9.79376e-06	2121.83	-44.0181	2143.6	-0.00643401	22.2455
0.45	-1.09549e-05	2027.62	-44.0181	2049.38	-0.00638563	22.2433
0.46	-1.22234e-05	1939.48	-44.0181	1961.25	-0.00634074	22.2411
0.47	-1.36064e-05	1856.91	-44.0181	1878.68	-0.00629915	22.2388
0.48	-1.51114e-05	1779.44	-44.018	1801.22	-0.00626066	22.2365
0.49	-1.67464e-05	1706.67	-44.018	1728.45	-0.00622511	22.2341
0.5	-1.85195e-05	1638.22	-44.018	1660	-0.00619234	22.2317
0.51	-2.04392e-05	1573.76	-44.018	1595.54	-0.0061622	22.2293
0.52	-2.25143e-05	1512.98	-44.018	1534.76	-0.00613458	22.2267
0.53	-2.47541e-05	1455.61	-44.0179	1477.39	-0.00610933	22.2242
0.54	-2.7168e-05	1401.39	-44.0179	1423.18	-0.00608636	22.2216
0.55	-2.97659e-05	1350.11	-44.0179	1371.9	-0.00606555	22.2189
0.56	-3.25581e-05	1301.55	-44.0179	1323.34	-0.00604681	22.2162
0.57	-3.55551e-05	1255.52	-44.0179	1277.32	-0.00603005	22.2134
0.58	-3.87679e-05	1211.85	-44.0178	1233.65	-0.00601519	22.2106
0.59	-4.22079e-05	1170.38	-44.0178	1192.19	-0.00600216	22.2078
0.6	-4.58868e-05	1130.97	-44.0178	1152.78	-0.00599087	22.2049
0.61	-4.98165e-05	1093.48	-44.0178	1115.29	-0.00598126	22.2019
0.62	-5.40098e-05	1057.79	-44.0178	1079.6	-0.00597327	22.1989
0.63	-5.84793e-05	1023.79	-44.0177	1045.6	-0.00596685	22.1959
0.64	-6.32384e-05	991.366	-44.0177	1013.18	-0.00596193	22.1928
0.65	-6.83008e-05	960.428	-44.0177	982.249	-0.00595848	22.1896
0.66	-7.36805e-05	930.885	-44.0177	952.709	-0.00595643	22.1864
0.67	-7.93921e-05	902.655	-44.0176	924.482	-0.00595576	22.1832
0.68	-8.54504e-05	875.661	-44.0176	897.491	-0.00595641	22.1799
0.69	-9.18708e-05	849.832	-44.0176	871.666	-0.00595835	22.1765
0.7	-9.86691e-05	825.102	-44.0176	846.939	-0.00596154	22.1731
0.71	-0.000105861	801.409	-44.0175	823.249	-0.00596595	22.1697
0.72	-0.000113464	778.696	-44.0175	800.54	-0.00597155	22.1662
0.73	-0.000121495	756.91	-44.0175	778.758	-0.0059783	22.1627
0.74	-0.000129971	736.002	-44.0175	757.852	-0.00598619	22.1591
0.75	-0.000138911	715.923	-44.0174	737.778	-0.00599518	22.1554
0.76	-0.000148331	696.632	-44.0174	718.49	-0.00600526	22.1518
0.77	-0.000158253	678.088	-44.0174	699.949	-0.00601639	22.148
0.78	-0.000168694	660.251	-44.0174	682.117	-0.00602856	22.1442
0.79	-0.000179675	643.088	-44.0173	664.958	-0.00604175	22.1404
0.8	-0.000191215	626.564	-44.0173	648.437	-0.00605593	22.1365
0.81	-0.000203337	610.648	-44.0173	632.526	-0.0060711	22.1326
0.82	-0.00021606	595.311	-44.0172	617.192	-0.00608724	22.1286
0.83	-0.000229406	580.525	-44.0172	602.41	-0.00610432	22.1246
0.84	-0.000243398	566.263	-44.0172	588.152	-0.00612234	22.1205
0.85	-0.000258059	552.501	-44.0172	574.394	-0.00614129	22.1164
0.86	-0.000273411	539.217	-44.0171	561.114	-0.00616114	22.1122
0.87	-0.000289477	526.388	-44.0171	548.289	-0.0061819	22.108
0.88	-0.000306283	513.993	-44.0171	535.899	-0.00620354	22.1037
0.89	-0.000323853	502.014	-44.017	523.924	-0.00622607	22.0994
0.9	-0.000342211	490.432	-44.017	512.346	-0.00624946	22.095
0.91	-0.000361384	479.229	-44.017	501.147	-0.00627372	22.0906
0.92	-0.000381398	468.389	-44.0169	490.312	-0.00629883	22.0861
0.93	-0.000402279	457.897	-44.0169	479.824	-0.00632479	22.0816
0.94	-0.000424054	447.738	-44.0169	469.67	-0.00635159	22.0771
0.95	-0.00044675	437.897	-44.0168	459.834	-0.00637923	22.0724
0.96	-0.000470397	428.363	-44.0168	450.304	-0.00640769	22.0678
0.97	-0.000495023	419.121	-44.0167	441.067	-0.00643699	22.0631
0.98	-0.000520657	410.161	-44.0167	432.112	-0.0064671	22.0583
0.99	-0.000547328	401.471	-44.0167	423.426	-0.00649803	22.0535
1	-0.000575068	393.04	-44.0166	415	-0.00652977	22.0486
1.01	-0.000603906	384.858	-44.0166	406.823	-0.00656233	22.0437
1.02	-0.000633873	376.916	-44.0166	398.885	-0.00659569	22.0388
1.03	-0.000665003	369.203	-44.0165	391.177	-0.00662986	22.0338
1.04	-0.000697326	361.711	-44.0165	383.691	-0.00666484	22.0287
1.05	-0.000730877	354.433	-44.0164	376.417	-0.00670062	22.0236
1.06	-0.000765687	347.359	-44.0164	369.349	-0.0067372	22.0185
1.07	-0.000801792	340.482	-44.0163	362.477	-0.00677459	22.0133
1.08	-0.000839226	333.796	-44.0163	355.796	-0.00681277	22.008
1.09	-0.000878023	327.292	-44.0163	349.297	-0.00685176	22.0027
1.1	-0.000918219	320.965	-44.0162	342.975	-0.00689155	21.9974
1.11	-0.00095985	314.808	-44.0162	336.823	-0.00693215	21.992
1.12	-0.00100295	308.815	-44.0161	330.835	-0.00697355	21.9865
1.13	-0.00104756	302.98	-44.0161	325.006	-0.00701576	21.9811
1.14	-0.00109372	297.297	-44.016	319.329	-0.00705878	21.9755
1.15	-0.00114147	291.762	-44.016	313.8	-0.0071026	21.9699
1.16	-0.00119083	286.37	-44.0159	308.413	-0.00714724	21.9643
1.17	-0.00124186	281.115	-44.0159	303.163	-0.00719269	21.9586
1.18	-0.00129459	275.993	-44.0158	298.047	-0.00723896	21.9529
1.19	-0.00134907	270.999	-44.0158	293.058	-0.00728606	21.9471
1.2	-0.00140533	266.129	-44.0157	288.194	-0.00733397	21.9412
1.21	-0.00146341	261.379	-44.0157	283.451	-0.00738271	21.9354
1.22	-0.00152336	256.746	-44.0156	278.823	-0.00743229	21.9294
1.23	-0.00158522	252.225	-44.0156	274.308	-0.0074827	21.9234
1.24	-0.00164903	247.812	-44.0155	269.901	-0.00753395	21.9174
1.25	-0.00171484	243.505	-44.0155	265.6	-0.00758604	21.9113
1.26	-0.00178268	239.3	-44.0154	261.401	-0.00763898	21.9052
1.27	-0.00185262	235.194	-44.0153	257.301	-0.00769278	21.899
1.28	-0.00192468	231.183	-44.0153	253.296	-0.00774743	21.8928
1.29	-0.00199892	227.265	-44.0152	249.384	-0.00780295	21.8865
1.3	-0.00207537	223.437	-44.0152	245.562	-0.00785934	21.8802
1.31	-0.0021541	219.696	-44.0151	241.827	-0.0079166	21.8738
1.32	-0.00223514	216.04	-44.015	238.177	-0.00797475	21.8674
1.33	-0.00231855	212.465	-44.015	234.609	-0.00803378	21.861
1.34	-0.00240436	208.97	-44.0149	231.121	-0.00809371	21.8544
1.35	-0.00249264	205.552	-44.0149	227.709	-0.00815454	21.8479
1.36	-0.00258342	202.21	-44.0148	224.373	-0.00821628	21.8413
1.37	-0.00267677	198.94	-44.0147	221.109	-0.00827893	21.8346
1.38	-0.00277272	195.74	-44.0147	217.916	-0.0083425	21.8279
1.39	-0.00287134	192.609	-44.0146	214.792	-0.008407	21.8211
1.4	-0.00297266	189.545	-44.0145	211.735	-0.00847244	21.8143
1.41	-0.00307675	186.546	-44.0144	208.742	-0.00853882	21.8075
1.42	-0.00318365	183.609	-44.0144	205.812	-0.00860616	21.8005
1.43	-0.00329342	180.734	-44.0143	202.944	-0.00867446	21.7936
1.44	-0.00340612	177.918	-44.0142	200.135	-0.00874372	21.7866
1.45	-0.00352178	175.16	-44.0141	197.384	-0.00881397	21.7795
1.46	-0.00364048	172.459	-44.0141	194.689	-0.0088852	21.7724
1.47	-0.00376226	169.812	-44.014	192.05	-0.00895742	21.7653
1.48	-0.00388718	167.219	-44.0139	189.463	-0.00903065	21.7581
1.49	-0.0040153	164.677	-44.0138	186.929	-0.0091049	21.7508
1.5	-0.00414666	162.186	-44.0138	184.444	-0.00918016	21.7435
1.51	-0.00428134	159.744	-44.0137	182.01	-0.00925646	21.7362
1.52	-0.00441937	157.349	-44.0136	179.623	-0.00933381	21.7288
1.53	-0.00456083	155.002	-44.0135	177.282	-0.0094122	21.7213
1.54	-0.00470577	152.7	-44.0134	174.987	-0.00949166	21.7138
1.55	-0.00485425	150.442	-44.0133	172.737	-0.0095722	21.7063
1.56	-0.00500633	148.227	-44.0132	170.529	-0.00965381	21.6987
1.57	-0.00516206	146.054	-44.0132	168.364	-0.00973653	21.6911
1.58	-0.00532151	143.922	-44.0131	166.239	-0.00982035	21.6834
1.59	-0.00548473	141.83	-44.013	164.155	-0.00990529	21.6756
1.6	-0.00565179	139.777	-44.0129	162.109	-0.00999135	21.6679
1.61	-0.00582275	137.762	-44.0128	160.102	-0.0100786	21.66
1.62	-0.00599767	135.784	-44.0127	158.131	-0.0101669	21.6521
1.63	-0.0061766	133.842	-44.0126	156.197	-0.0102564	21.6442
1.64	-0.00635962	131.935	-44.0125	154.298	-0.0103472	21.6362
1.65	-0.00654679	130.062	-44.0124	152.433	-0.010439	21.6282
1.66	-0.00673816	128.223	-44.0123	150.602	-0.0105321	21.6201
1.67	-0.00693381	126.417	-44.0122	148.804	-0.0106264	21.612
1.68	-0.00713379	124.643	-44.0121	147.038	-0.010722	21.6038
1.69	-0.00733817	122.9	-44.012	145.303	-0.0108188	21.5956
1.7	-0.00754701	121.188	-44.0119	143.599	-0.0109168	21.5873
1.71	-0.00776038	119.505	-44.0117	141.924	-0.0110161	21.579
1.72	-0.00797835	117.851	-44.0116	140.279	-0.0111167	21.5706
1.73	-0.00820097	116.226	-44.0115	138.661	-0.0112186	21.5622
1.74	-0.00842832	114.629	-44.0114	137.072	-0.0113218	21.5537
1.75	-0.00866046	113.058	-44.0113	135.51	-0.0114263	21.5452
1.76	-0.00889746	111.515	-44.0112	133.975	-0.0115321	21.5366
1.77	-0.00913938	109.997	-44.011	132.465	-0.0116394	21.528
1.78	-0.00938629	108.504	-44.0109	130.981	-0.0117479	21.5193
1.79	-0.00963826	107.036	-44.0108	129.522	-0.0118579	21.5106
1.8	-0.00989536	105.593	-44.0107	128.086	-0.0119693	21.5019
1.81	-0.0101576	104.173	-44.0105	126.675	-0.0120821	21.4931
1.82	-0.0104252	102.776	-44.0104	125.287	-0.0121963	21.4842
1.83	-0.0106981	101.402	-44.0103	123.921	-0.012312	21.4753
1.84	-0.0109764	100.05	-44.0101	122.578	-0.0124291	21.4663
1.85	-0.0112601	98.7194	-44.01	121.256	-0.0125478	21.4573
1.86	-0.0115494	97.4103	-44.0099	119.956	-0.0126679	21.4483
1.87	-0.0118443	96.122	-44.0097	118.677	-0.0127895	21.4392
1.88	-0.0121448	94.854	-44.0096	117.417	-0.0129127	21.43
1.89	-0.0124512	93.6058	-44.0094	116.178	-0.0130375	21.4208
1.9	-0.0127633	92.3772	-44.0093	114.958	-0.0131638	21.4116
1.91	-0.0130813	91.1676	-44.0091	113.758	-0.0132917	21.4023
1.92	-0.0134053	89.9767	-44.009	112.576	-0.0134212	21.3929
1.93	-0.0137353	88.804	-44.0088	111.412	-0.0135523	21.3835
1.94	-0.0140714	87.6493	-44.0087	110.267	-0.0136851	21.3741
1.95	-0.0144136	86.5121	-44.0085	109.139	-0.0138196	21.3646
1.96	-0.0147621	85.392	-44.0084	108.028	-0.0139557	21.355
1.97	-0.0151169	84.2888	-44.0082	106.934	-0.0140935	21.3454
1.98	-0.0154781	83.2021	-44.008	105.857	-0.0142331	21.3358
1.99	-0.0158458	82.1315	-44.0079	104.795	-0.0143744	21.3261
2	-0.01622	81.0768	-44.0077	103.75	-0.0145175	21.3164
2.01	-0.0166007	80.0376	-44.0075	102.72	-0.0146624	21.3066
2.02	-0.0169882	79.0136	-44.0073	101.706	-0.0148091	21.2967
2.03	-0.0173824	78.0045	-44.0072	100.706	-0.0149576	21.2868
2.04	-0.0177834	77.0101	-44.007	99.7213	-0.015108	21.2769
2.05	-0.0181912	76.03	-44.0068	98.7507	-0.0152602	21.2669
2.06	-0.0186061	75.0639	-44.0066	97.7943	-0.0154144	21.2569
2.07	-0.0190279	74.1116	-44.0064	96.8517	-0.0155704	21.2468
2.08	-0.0194569	73.1728	-44.0062	95.9227	-0.0157285	21.2367
2.09	-0.019893	72.2473	-44.006	95.007	-0.0158884	21.2265
2.1	-0.0203364	71.3348	-44.0058	94.1043	-0.0160504	21.2163
2.11	-0.0207871	70.4351	-44.0056	93.2144	-0.0162144	21.206
2.12	-0.0212452	69.5479	-44.0054	92.3371	-0.0163804	21.1957
2.13	-0.0217107	68.6729	-44.0052	91.4722	-0.0165485	21.1853
2.14	-0.0221838	67.81	-44.005	90.6193	-0.0167187	21.1749
2.15	-0.0226644	66.959	-44.0048	89.7783	-0.0168911	21.1644
2.16	-0.0231528	66.1196	-44.0046	88.9489	-0.0170655	21.1539
2.17	-0.0236489	65.2915	-44.0044	88.131	-0.0172421	21.1433
2.18	-0.0241528	64.4746	-44.0041	87.3243	-0.0174209	21.1327
2.19	-0.0246646	63.6688	-44.0039	86.5286	-0.017602	21.122
2.2	-0.0251844	62.8737	-44.0037	85.7438	-0.0177853	21.1113
2.21	-0.0257122	62.0892	-44.0034	84.9696	-0.0179708	21.1006
2.22	-0.0262481	61.3151	-44.0032	84.2058	-0.0181587	21.0897
2.23	-0.0267922	60.5512	-44.003	83.4523	-0.0183489	21.0789
2.24	-0.0273445	59.7973	-44.0027	82.7089	-0.0185415	21.068
2.25	-0.0279051	59.0533	-44.0025	81.9753	-0.0187364	21.057
2.26	-0.0284742	58.3189	-44.0022	81.2515	-0.0189338	21.046
2.27	-0.0290517	57.5941	-44.002	80.5372	-0.0191336	21.0349
2.28	-0.0296377	56.8786	-44.0017	79.8323	-0.0193359	21.0238
2.29	-0.0302323	56.1722	-44.0014	79.1366	-0.0195408	21.0127
2.3	-0.0308356	55.4749	-44.0012	78.4499	-0.0197481	21.0015
2.31	-0.0314476	54.7864	-44.0009	77.7722	-0.0199581	20.9902
2.32	-0.0320684	54.1067	-44.0006	77.1032	-0.0201706	20.9789
2.33	-0.0326981	53.4355	-44.0003	76.4427	-0.0203858	20.9676
2.34	-0.0333367	52.7727	-44.0001	75.7908	-0.0206036	20.9562
2.35	-0.0339844	52.1181	-43.9998	75.1471	-0.0208242	20.9447
2.36	-0.0346411	51.4717	-43.9995	74.5116	-0.0210475	20.9332
2.37	-0.035307	50.8333	-43.9992	73.8842	-0.0212736	20.9217
2.38	-0.0359821	50.2027	-43.9989	73.2646	-0.0215024	20.9101
2.39	-0.0366664	49.5798	-43.9986	72.6528	-0.0217342	20.8984
2.4	-0.0373601	48.9646	-43.9983	72.0486	-0.0219687	20.8868
2.41	-0.0380633	48.3568	-43.9979	71.4519	-0.0222062	20.875
2.42	-0.0387759	47.7563	-43.9976	70.8626	-0.0224467	20.8632
2.43	-0.039498	47.1631	-43.9973	70.2806	-0.0226901	20.8514
2.44	-0.0402298	46.5769	-43.997	69.7057	-0.0229366	20.8395
2.45	-0.0409712	45.9978	-43.9966	69.1379	-0.0231861	20.8276
2.46	-0.0417223	45.4255	-43.9963	68.5769	-0.0234388	20.8156
2.47	-0.0424833	44.86	-43.996	68.0228	-0.0236945	20.8035
2.48	-0.0432541	44.3011	-43.9956	67.4753	-0.0239535	20.7915
2.49	-0.0440349	43.7488	-43.9952	66.9344	-0.0242156	20.7793
2.5	-0.0448256	43.2029	-43.9949	66.4	-0.024481	20.7671
2.51	-0.0456264	42.6633	-43.9945	65.872	-0.0247498	20.7549
2.52	-0.0464373	42.13	-43.9942	65.3502	-0.0250218	20.7426
2.53	-0.0472583	41.6028	-43.9938	64.8346	-0.0252973	20.7303
2.54	-0.0480896	41.0816	-43.9934	64.3251	-0.0255761	20.7179
2.55	-0.0489312	40.5664	-43.993	63.8216	-0.0258585	20.7055
2.56	-0.0497831	40.0571	-43.9926	63.324	-0.0261443	20.693
2.57	-0.0506455	39.5535	-43.9922	62.8321	-0.0264337	20.6805
2.58	-0.0515183	39.0556	-43.9918	62.346	-0.0267267	20.6679
2.59	-0.0524016	38.5632	-43.9914	61.8655	-0.0270233	20.6553
2.6	-0.0532955	38.0764	-43.991	61.3905	-0.0273237	20.6427
2.61	-0.0542	37.5949	-43.9905	60.921	-0.0276278	20.6299
2.62	-0.0551152	37.1188	-43.9901	60.4568	-0.0279356	20.6172
2.63	-0.0560411	36.648	-43.9897	59.998	-0.0282473	20.6044
2.64	-0.0569778	36.1823	-43.9892	59.5443	-0.0285629	20.5915
2.65	-0.0579254	35.7217	-43.9888	59.0958	-0.0288824	20.5786
2.66	-0.0588839	35.2661	-43.9883	58.6523	-0.0292059	20.5656
2.67	-0.0598533	34.8154	-43.9879	58.2137	-0.0295334	20.5526
2.68	-0.0608337	34.3696	-43.9874	57.7801	-0.029865	20.5396
2.69	-0.0618252	33.9286	-43.9869	57.3513	-0.0302008	20.5264
2.7	-0.0628278	33.4923	-43.9864	56.9273	-0.0305407	20.5133
2.71	-0.0638415	33.0607	-43.9859	56.5079	-0.0308849	20.5001
2.72	-0.0648664	32.6336	-43.9854	56.0932	-0.0312333	20.4868
2.73	-0.0659025	32.2111	-43.9849	55.683	-0.0315862	20.4735
2.74	-0.0669499	31.793	-43.9844	55.2773	-0.0319434	20.4602
2.75	-0.0680086	31.3793	-43.9839	54.876	-0.032305	20.4468
2.76	-0.0690788	30.9699	-43.9834	54.4791	-0.0326712	20.4333
2.77	-0.0701603	30.5648	-43.9828	54.0865	-0.033042	20.4198
2.78	-0.0712533	30.1638	-43.9823	53.698	-0.0334174	20.4063
2.79	-0.0723577	29.767	-43.9817	53.3138	-0.0337974	20.3927
2.8	-0.0734737	29.3743	-43.9812	52.9337	-0.0341823	20.379
2.81	-0.0746013	28.9856	-43.9806	52.5576	-0.0345719	20.3653
2.82	-0.0757405	28.6008	-43.98	52.1855	-0.0349664	20.3516
2.83	-0.0768913	28.22	-43.9794	51.8174	-0.0353658	20.3378
2.84	-0.0780539	27.843	-43.9788	51.4531	-0.0357703	20.324
2.85	-0.0792281	27.4697	-43.9782	51.0926	-0.0361798	20.3101
2.86	-0.0804141	27.1003	-43.9776	50.736	-0.0365944	20.2961
2.87	-0.0816119	26.7345	-43.977	50.383	-0.0370142	20.2822
2.88	-0.0828215	26.3723	-43.9763	50.0338	-0.0374393	20.2681
2.89	-0.0840429	26.0138	-43.9757	49.6881	-0.0378696	20.254
2.9	-0.0852762	25.6588	-43.975	49.346	-0.0383054	20.2399
2.91	-0.0865215	25.3072	-43.9744	49.0075	-0.0387466	20.2257
2.92	-0.0877786	24.9591	-43.9737	48.6724	-0.0391934	20.2115
2.93	-0.0890478	24.6145	-43.973	48.3407	-0.0396457	20.1972
2.94	-0.0903289	24.2731	-43.9723	48.0124	-0.0401038	20.1829
2.95	-0.091622	23.9351	-43.9716	47.6874	-0.0405675	20.1685
2.96	-0.0929271	23.6003	-43.9709	47.3658	-0.0410371	20.1541
2.97	-0.0942443	23.2687	-43.9702	47.0474	-0.0415126	20.1396
2.98	-0.0955736	22.9403	-43.9694	46.7321	-0.041994	20.1251
2.99	-0.0969149	22.615	-43.9687	46.4201	-0.0424815	20.1105
3	-0.0982684	22.2928	-43.9679	46.1111	-0.0429751	20.0959
3.01	-0.099634	21.9736	-43.9672	45.8052	-0.0434748	20.0812
3.02	-0.101012	21.6575	-43.9664	45.5024	-0.0439809	20.0665
3.03	-0.102402	21.3443	-43.9656	45.2025	-0.0444933	20.0517
3.04	-0.103804	21.0341	-43.9648	44.9056	-0.0450122	20.0369
3.05	-0.105218	20.7267	-43.964	44.6117	-0.0455375	20.022
3.06	-0.106644	20.4222	-43.9631	44.3206	-0.0460695	20.0071
3.07	-0.108083	20.1204	-43.9623	44.0323	-0.0466082	19.9922
3.08	-0.109534	19.8215	-43.9614	43.7468	-0.0471536	19.9772
3.09	-0.110997	19.5253	-43.9606	43.4641	-0.0477059	19.9621
3.1	-0.112472	19.2318	-43.9597	43.1842	-0.0482651	19.947
3.11	-0.11396	18.941	-43.9588	42.9069	-0.0488314	19.9318
3.12	-0.115459	18.6528	-43.9579	42.6323	-0.0494047	19.9166
3.13	-0.116971	18.3672	-43.957	42.3603	-0.0499853	19.9014
3.14	-0.118495	18.0842	-43.956	42.091	-0.0505733	19.8861
3.15	-0.120032	17.8037	-43.9551	41.8241	-0.0511686	19.8707
3.16	-0.12158	17.5258	-43.9541	41.5598	-0.0517714	19.8553
3.17	-0.123141	17.2503	-43.9531	41.2981	-0.0523818	19.8399
3.18	-0.124714	16.9772	-43.9521	41.0387	-0.0529999	19.8244
3.19	-0.126299	16.7065	-43.9511	40.7818	-0.0536257	19.8088
3.2	-0.127896	16.4383	-43.9501	40.5273	-0.0542595	19.7932
3.21	-0.129506	16.1724	-43.9491	40.2752	-0.0549012	19.7776
3.22	-0.131128	15.9088	-43.948	40.0255	-0.0555511	19.7619
3.23	-0.132761	15.6475	-43.9469	39.778	-0.0562091	19.7461
3.24	-0.134407	15.3884	-43.9459	39.5328	-0.0568755	19.7303
3.25	-0.136066	15.1316	-43.9448	39.2899	-0.0575502	19.7145
3.26	-0.137736	14.877	-43.9436	39.0493	-0.0582334	19.6986
3.27	-0.139418	14.6246	-43.9425	38.8108	-0.0589253	19.6827
3.28	-0.141112	14.3744	-43.9414	38.5745	-0.0596259	19.6667
3.29	-0.142819	14.1262	-43.9402	38.3404	-0.0603353	19.6506
3.3	-0.144537	13.8802	-43.939	38.1084	-0.0610538	19.6345
3.31	-0.146267	13.6363	-43.9378	37.8784	-0.0617812	19.6184
3.32	-0.148009	13.3944	-43.9366	37.6506	-0.0625179	19.6022
3.33	-0.149764	13.1546	-43.9353	37.4248	-0.0632638	19.586
3.34	-0.15153	12.9167	-43.9341	37.201	-0.0640192	19.5697
3.35	-0.153307	12.6809	-43.9328	36.9793	-0.0647842	19.5534
3.36	-0.155097	12.447	-43.9315	36.7595	-0.0655588	19.537
3.37	-0.156899	12.215	-43.9302	36.5417	-0.0663432	19.5206
3.38	-0.158712	11.9849	-43.9288	36.3258	-0.0671375	19.5041
3.39	-0.160537	11.7568	-43.9275	36.1118	-0.0679418	19.4876
3.4	-0.162373	11.5305	-43.9261	35.8997	-0.0687563	19.471
3.41	-0.164222	11.3061	-43.9247	35.6894	-0.0695811	19.4544
3.42	-0.166081	11.0834	-43.9233	35.481	-0.0704164	19.4377
3.43	-0.167953	10.8626	-43.9219	35.2744	-0.0712622	19.421
3.44	-0.169835	10.6436	-43.9204	35.0696	-0.0721187	19.4042
3.45	-0.17173	10.4263	-43.9189	34.8666	-0.0729861	19.3874
3.46	-0.173635	10.2108	-43.9174	34.6654	-0.0738644	19.3705
3.47	-0.175552	9.99705	-43.9159	34.4659	-0.0747539	19.3536
3.48	-0.17748	9.78496	-43.9143	34.2681	-0.0756546	19.3367
3.49	-0.179419	9.57457	-43.9128	34.072	-0.0765667	19.3196
3.5	-0.18137	9.36584	-43.9112	33.8776	-0.0774904	19.3026
3.51	-0.183331	9.15876	-43.9095	33.6848	-0.0784258	19.2855
3.52	-0.185304	8.95331	-43.9079	33.4937	-0.079373	19.2683
3.53	-0.187287	8.74947	-43.9062	33.3042	-0.0803322	19.2511
3.54	-0.189282	8.54723	-43.9045	33.1163	-0.0813035	19.2338
3.55	-0.191287	8.34656	-43.9028	32.93	-0.0822872	19.2165
3.56	-0.193303	8.14746	-43.9011	32.7452	-0.0832833	19.1992
3.57	-0.19533	7.9499	-43.8993	32.562	-0.0842921	19.1818
3.58	-0.197367	7.75387	-43.8975	32.3804	-0.0853136	19.1643
3.59	-0.199415	7.55934	-43.8957	32.2002	-0.0863481	19.1468
3.6	-0.201473	7.36631	-43.8938	32.0216	-0.0873957	19.1293
3.61	-0.203541	7.17476	-43.8919	31.8444	-0.0884566	19.1117
3.62	-0.20562	6.98467	-43.89	31.6688	-0.089531	19.094
3.63	-0.207709	6.79603	-43.8881	31.4945	-0.0906189	19.0763
3.64	-0.209808	6.60882	-43.8861	31.3217	-0.0917207	19.0586
3.65	-0.211918	6.42302	-43.8841	31.1503	-0.0928364	19.0408
3.66	-0.214037	6.23863	-43.8821	30.9803	-0.0939662	19.0229
3.67	-0.216166	6.05562	-43.88	30.8117	-0.0951104	19.005
3.68	-0.218304	5.87399	-43.8779	30.6445	-0.0962692	18.9871
3.69	-0.220453	5.69371	-43.8758	30.4786	-0.0974426	18.9691
3.7	-0.222611	5.51478	-43.8737	30.3141	-0.0986309	18.9511
3.71	-0.224778	5.33718	-43.8715	30.1509	-0.0998342	18.933
3.72	-0.226955	5.1609	-43.8693	29.989	-0.101053	18.9149
3.73	-0.229141	4.98592	-43.867	29.8284	-0.102287	18.8967
3.74	-0.231336	4.81223	-43.8648	29.6691	-0.103537	18.8784
3.75	-0.233541	4.63982	-43.8624	29.5111	-0.104802	18.8602
3.76	-0.235754	4.46868	-43.8601	29.3543	-0.106084	18.8418
3.77	-0.237976	4.29878	-43.8577	29.1988	-0.107382	18.8234
3.78	-0.240207	4.13013	-43.8553	29.0445	-0.108696	18.805
3.79	-0.242446	3.9627	-43.8528	28.8915	-0.110027	18.7865
3.8	-0.244694	3.79649	-43.8503	28.7396	-0.111375	18.768
3.81	-0.246951	3.63149	-43.8478	28.5889	-0.11274	18.7494
3.82	-0.249215	3.46768	-43.8452	28.4395	-0.114123	18.7308
3.83	-0.251488	3.30504	-43.8426	28.2911	-0.115523	18.7121
3.84	-0.253769	3.14358	-43.84	28.144	-0.11694	18.6934
3.85	-0.256057	2.98327	-43.8373	27.998	-0.118376	18.6746
3.86	-0.258354	2.82412	-43.8346	27.8531	-0.11983	18.6558
3.87	-0.260658	2.6661	-43.8318	27.7093	-0.121302	18.637
3.88	-0.262969	2.5092	-43.829	27.5667	-0.122793	18.618
3.89	-0.265288	2.35342	-43.8262	27.4251	-0.124303	18.5991
3.9	-0.267614	2.19875	-43.8233	27.2847	-0.125832	18.5801
3.91	-0.269947	2.04517	-43.8203	27.1453	-0.127381	18.561
3.92	-0.272288	1.89267	-43.8174	27.007	-0.128949	18.5419
3.93	-0.274635	1.74125	-43.8143	26.8697	-0.130537	18.5227
3.94	-0.276988	1.59089	-43.8113	26.7335	-0.132145	18.5035
3.95	-0.279349	1.4416	-43.8082	26.5983	-0.133773	18.4842
3.96	-0.281715	1.29334	-43.805	26.4641	-0.135423	18.4649
3.97	-0.284088	1.14613	-43.8018	26.331	-0.137093	18.4456
3.98	-0.286467	0.999937	-43.7986	26.1988	-0.138784	18.4262
3.99	-0.288852	0.854767	-43.7953	26.0677	-0.140497	18.4067
4	-0.291243	0.710607	-43.7919	25.9375	-0.142231	18.3872
4.01	-0.29364	0.567448	-43.7885	25.8083	-0.143987	18.3677
4.02	-0.296041	0.425282	-43.7851	25.6801	-0.145766	18.3481
4.03	-0.298449	0.2841	-43.7815	25.5528	-0.147567	18.3284
4.04	-0.300861	0.143893	-43.778	25.4264	-0.149391	18.3087
4.05	-0.303278	0.00465474	-43.7744	25.301	-0.151238	18.289
4.06	-0.305701	-0.133624	-43.7707	25.1765	-0.153109	18.2692
4.07	-0.308128	-0.270952	-43.767	25.053	-0.155003	18.2493
4.08	-0.310559	-0.407335	-43.7632	24.9303	-0.156921	18.2294
4.09	-0.312995	-0.542783	-43.7594	24.8086	-0.158864	18.2095
4.1	-0.315435	-0.677301	-43.7555	24.6877	-0.160831	18.1895
4.11	-0.317879	-0.810899	-43.7516	24.5677	-0.162823	18.1695
4.12	-0.320327	-0.943583	-43.7476	24.4486	-0.16484	18.1494
4.13	-0.322778	-1.07536	-43.7435	24.3303	-0.166882	18.1292
4.14	-0.325233	-1.20624	-43.7394	24.2129	-0.168951	18.109
4.15	-0.327691	-1.33622	-43.7352	24.0964	-0.171045	18.0888
4.16	-0.330153	-1.46532	-43.731	23.9807	-0.173166	18.0685
4.17	-0.332617	-1.59354	-43.7267	23.8658	-0.175314	18.0482
4.18	-0.335084	-1.72089	-43.7223	23.7517	-0.177489	18.0278
4.19	-0.337554	-1.84737	-43.7179	23.6385	-0.179692	18.0074
4.2	-0.340026	-1.97299	-43.7134	23.5261	-0.181922	17.9869
4.21	-0.3425	-2.09776	-43.7088	23.4144	-0.184181	17.9664
4.22	-0.344976	-2.22168	-43.7042	23.3036	-0.186468	17.9458
4.23	-0.347454	-2.34476	-43.6995	23.1936	-0.188784	17.9252
4.24	-0.349934	-2.46701	-43.6947	23.0843	-0.191129	17.9045
4.25	-0.352415	-2.58842	-43.6899	22.9758	-0.193504	17.8838
4.26	-0.354897	-2.70902	-43.6849	22.868	-0.195908	17.863
4.27	-0.35738	-2.82879	-43.68	22.7611	-0.198343	17.8422
4.28	-0.359864	-2.94775	-43.6749	22.6548	-0.200809	17.8213
4.29	-0.362349	-3.06591	-43.6698	22.5493	-0.203305	17.8004
4.3	-0.364834	-3.18326	-43.6645	22.4446	-0.205834	17.7794
4.31	-0.36732	-3.29982	-43.6592	22.3405	-0.208393	17.7584
4.32	-0.369805	-3.41558	-43.6539	22.2372	-0.210986	17.7373
4.33	-0.37229	-3.53056	-43.6484	22.1346	-0.21361	17.7162
4.34	-0.374775	-3.64476	-43.6429	22.0327	-0.216268	17.6951
4.35	-0.377259	-3.75818	-43.6373	21.9316	-0.218959	17.6739
4.36	-0.379743	-3.87083	-43.6316	21.8311	-0.221684	17.6526
4.37	-0.382225	-3.98271	-43.6258	21.7313	-0.224443	17.6313
4.38	-0.384706	-4.09383	-43.62	21.6322	-0.227237	17.6099
4.39	-0.387186	-4.2042	-43.614	21.5337	-0.230066	17.5885
4.4	-0.389664	-4.31381	-43.608	21.436	-0.23293	17.5671
4.41	-0.39214	-4.42266	-43.6019	21.3388	-0.235831	17.5456
4.42	-0.394614	-4.53078	-43.5956	21.2424	-0.238767	17.524
4.43	-0.397086	-4.63815	-43.5893	21.1466	-0.241741	17.5024
4.44	-0.399555	-4.74479	-43.5829	21.0515	-0.244751	17.4807
4.45	-0.402022	-4.85069	-43.5764	20.9569	-0.247799	17.459
4.46	-0.404485	-4.95586	-43.5698	20.8631	-0.250886	17.4373
4.47	-0.406945	-5.06031	-43.5632	20.7698	-0.254011	17.4155
4.48	-0.409402	-5.16403	-43.5564	20.6772	-0.257175	17.3937
4.49	-0.411855	-5.26704	-43.5495	20.5852	-0.260378	17.3718
4.5	-0.414305	-5.36933	-43.5425	20.4938	-0.263622	17.3498
4.51	-0.41675	-5.47091	-43.5354	20.403	-0.266906	17.3278
4.52	-0.419191	-5.57178	-43.5282	20.3129	-0.27023	17.3058
4.53	-0.421627	-5.67194	-43.5209	20.2233	-0.273597	17.2837
4.54	-0.424058	-5.77141	-43.5135	20.1343	-0.277005	17.2616
4.55	-0.426485	-5.87017	-43.506	20.0459	-0.280455	17.2394
4.56	-0.428906	-5.96824	-43.4984	19.9581	-0.283949	17.2171
4.57	-0.431322	-6.06561	-43.4906	19.8708	-0.287486	17.1948
4.58	-0.433731	-6.1623	-43.4828	19.7841	-0.291066	17.1725
4.59	-0.436135	-6.25829	-43.4748	19.698	-0.294692	17.1501
4.6	-0.438533	-6.3536	-43.4667	19.6125	-0.298362	17.1277
4.61	-0.440925	-6.44823	-43.4585	19.5275	-0.302077	17.1052
4.62	-0.443309	-6.54218	-43.4502	19.443	-0.305839	17.0827
4.63	-0.445687	-6.63545	-43.4418	19.3591	-0.309647	17.0601
4.64	-0.448058	-6.72805	-43.4332	19.2758	-0.313502	17.0375
4.65	-0.450421	-6.81997	-43.4245	19.193	-0.317405	17.0148
4.66	-0.452777	-6.91122	-43.4157	19.1107	-0.321356	16.9921
4.67	-0.455124	-7.0018	-43.4067	19.0289	-0.325355	16.9693
4.68	-0.457464	-7.09172	-43.3976	18.9477	-0.329404	16.9465
4.69	-0.459795	-7.18097	-43.3884	18.867	-0.333503	16.9236
4.7	-0.462118	-7.26955	-43.3791	18.7868	-0.337652	16.9007
4.71	-0.464432	-7.35748	-43.3696	18.7071	-0.341853	16.8777
4.72	-0.466737	-7.44474	-43.36	18.6279	-0.346104	16.8547
4.73	-0.469033	-7.53135	-43.3502	18.5492	-0.350408	16.8316
4.74	-0.471319	-7.6173	-43.3403	18.471	-0.354765	16.8085
4.75	-0.473595	-7.70259	-43.3303	18.3934	-0.359175	16.7853
4.76	-0.475861	-7.78723	-43.3201	18.3161	-0.363639	16.7621
4.77	-0.478117	-7.87122	-43.3097	18.2394	-0.368157	16.7389
4.78	-0.480363	-7.95455	-43.2992	18.1632	-0.372731	16.7156
4.79	-0.482597	-8.03724	-43.2886	18.0874	-0.37736	16.6922
4.8	-0.484821	-8.11927	-43.2778	18.0122	-0.382046	16.6688
4.81	-0.487034	-8.20066	-43.2668	17.9373	-0.386789	16.6453
4.82	-0.489235	-8.2814	-43.2557	17.863	-0.391589	16.6218
4.83	-0.491424	-8.36149	-43.2444	17.7891	-0.396448	16.5983
4.84	-0.493601	-8.44094	-43.233	17.7157	-0.401365	16.5747
4.85	-0.495767	-8.51974	-43.2214	17.6427	-0.406343	16.551
4.86	-0.497919	-8.5979	-43.2096	17.5702	-0.41138	16.5273
4.87	-0.500059	-8.67541	-43.1976	17.4981	-0.416478	16.5036
4.88	-0.502186	-8.75228	-43.1855	17.4264	-0.421638	16.4798
4.89	-0.5043	-8.8285	-43.1732	17.3552	-0.42686	16.4559
4.9	-0.506401	-8.90409	-43.1607	17.2845	-0.432145	16.432
4.91	-0.508488	-8.97903	-43.1481	17.2141	-0.437493	16.4081
4.92	-0.51056	-9.05332	-43.1353	17.1442	-0.442905	16.3841
4.93	-0.512619	-9.12698	-43.1222	17.0747	-0.448383	16.36
4.94	-0.514664	-9.19999	-43.109	17.0057	-0.453926	16.3359
4.95	-0.516694	-9.27236	-43.0956	16.937	-0.459535	16.3118
4.96	-0.518709	-9.34409	-43.082	16.8688	-0.465211	16.2876
4.97	-0.520709	-9.41517	-43.0682	16.801	-0.470955	16.2634
4.98	-0.522693	-9.48561	-43.0543	16.7336	-0.476767	16.2391
4.99	-0.524662	-9.55541	-43.0401	16.6666	-0.482648	16.2148
5	-0.526615	-9.62457	-43.0257	16.6	-0.488599	16.1904
5.01	-0.528553	-9.69308	-43.0111	16.5338	-0.494621	16.1659
5.02	-0.530474	-9.76094	-42.9963	16.468	-0.500713	16.1414
5.03	-0.532378	-9.82816	-42.9813	16.4026	-0.506878	16.1169
5.04	-0.534266	-9.89474	-42.966	16.3376	-0.513115	16.0923
5.05	-0.536137	-9.96066	-42.9506	16.2729	-0.519426	16.0677
5.06	-0.53799	-10.0259	-42.9349	16.2087	-0.525811	16.043
5.07	-0.539826	-10.0906	-42.919	16.1448	-0.532271	16.0183
5.08	-0.541645	-10.1546	-42.9029	16.0813	-0.538806	15.9935
5.09	-0.543446	-10.2179	-42.8865	16.0182	-0.545418	15.9687
5.1	-0.545228	-10.2806	-42.8699	15.9554	-0.552106	15.9438
5.11	-0.546993	-10.3426	-42.8531	15.893	-0.558873	15.9189
5.12	-0.548738	-10.404	-42.836	15.831	-0.565718	15.8939
5.13	-0.550465	-10.4647	-42.8187	15.7693	-0.572643	15.8689
5.14	-0.552174	-10.5247	-42.8012	15.708	-0.579647	15.8438
5.15	-0.553862	-10.5841	-42.7834	15.6471	-0.586733	15.8187
5.16	-0.555532	-10.6429	-42.7653	15.5865	-0.5939	15.7936
5.17	-0.557182	-10.701	-42.747	15.5263	-0.601149	15.7683
5.18	-0.558811	-10.7584	-42.7284	15.4664	-0.608482	15.7431
5.19	-0.560421	-10.8151	-42.7096	15.4068	-0.615899	15.7178
5.2	-0.562011	-10.8712	-42.6905	15.3476	-0.6234	15.6924
5.21	-0.56358	-10.9266	-42.6711	15.2888	-0.630987	15.667
5.22	-0.565129	-10.9814	-42.6515	15.2303	-0.63866	15.6415
5.23	-0.566656	-11.0355	-42.6316	15.1721	-0.64642	15.616
5.24	-0.568163	-11.0889	-42.6114	15.1142	-0.654268	15.5905
5.25	-0.569648	-11.1416	-42.5909	15.0567	-0.662204	15.5649
5.26	-0.571111	-11.1936	-42.5701	14.9995	-0.67023	15.5392
5.27	-0.572553	-11.245	-42.5491	14.9426	-0.678345	15.5135
5.28	-0.573974	-11.2957	-42.5277	14.8861	-0.686552	15.4878
5.29	-0.575372	-11.3457	-42.5061	14.8298	-0.69485	15.462
5.3	-0.576747	-11.395	-42.4841	14.7739	-0.703241	15.4361
5.31	-0.5781	-11.4436	-42.4618	14.7183	-0.711725	15.4102
5.32	-0.579431	-11.4915	-42.4392	14.6631	-0.720303	15.3843
5.33	-0.580739	-11.5388	-42.4163	14.6081	-0.728975	15.3583
5.34	-0.582023	-11.5853	-42.3931	14.5534	-0.737743	15.3322
5.35	-0.583285	-11.6311	-42.3696	14.4991	-0.746608	15.3061
5.36	-0.584523	-11.6763	-42.3457	14.445	-0.755569	15.28
5.37	-0.585738	-11.7207	-42.3215	14.3913	-0.764628	15.2538
5.38	-0.586928	-11.7644	-42.297	14.3378	-0.773786	15.2276
5.39	-0.588095	-11.8074	-42.2721	14.2847	-0.783043	15.2013
5.4	-0.589238	-11.8497	-42.2469	14.2318	-0.792399	15.1749
5.41	-0.590357	-11.8912	-42.2214	14.1793	-0.801857	15.1485
5.42	-0.591451	-11.9321	-42.1955	14.127	-0.811416	15.1221
5.43	-0.59252	-11.9722	-42.1692	14.075	-0.821077	15.0956
5.44	-0.593565	-12.0116	-42.1425	14.0233	-0.830842	15.0691
5.45	-0.594585	-12.0503	-42.1155	13.9719	-0.84071	15.0425
5.46	-0.59558	-12.0882	-42.0882	13.9208	-0.850682	15.0159
5.47	-0.59655	-12.1254	-42.0604	13.8699	-0.860759	14.9892
5.48	-0.597494	-12.1618	-42.0323	13.8193	-0.870943	14.9625
5.49	-0.598413	-12.1975	-42.0038	13.769	-0.881232	14.9357
5.5	-0.599306	-12.2325	-41.9749	13.719	-0.891629	14.9089
5.51	-0.600174	-12.2667	-41.9456	13.6693	-0.902134	14.882
5.52	-0.601015	-12.3001	-41.9159	13.6198	-0.912747	14.8551
5.53	-0.601831	-12.3327	-41.8858	13.5706	-0.923469	14.8282
5.54	-0.60262	-12.3644	-41.8553	13.5216	-0.934302	14.8014
5.55	-0.603383	-12.3951	-41.8244	13.4729	-0.945244	14.7748
5.56	-0.60412	-12.425	-41.7931	13.4245	-0.956298	14.7482
5.57	-0.60483	-12.4539	-41.7613	13.3764	-0.967463	14.7217
5.58	-0.605514	-12.4819	-41.7291	13.3285	-0.978741	14.6953
5.59	-0.60617	-12.509	-41.6965	13.2808	-0.990132	14.6691
5.6	-0.6068	-12.5351	-41.6634	13.2334	-1.00164	14.6429
5.61	-0.607403	-12.5603	-41.6299	13.1863	-1.01325	14.6168
5.62	-0.607979	-12.5846	-41.596	13.1394	-1.02499	14.5907
5.63	-0.608528	-12.6079	-41.5616	13.0928	-1.03683	14.5648
5.64	-0.609049	-12.6303	-41.5267	13.0464	-1.0488	14.539
5.65	-0.609543	-12.6518	-41.4914	13.0002	-1.06088	14.5133
5.66	-0.610009	-12.6723	-41.4556	12.9543	-1.07307	14.4876
5.67	-0.610448	-12.6918	-41.4193	12.9087	-1.08539	14.4621
5.68	-0.61086	-12.7104	-41.3826	12.8633	-1.09782	14.4366
5.69	-0.611244	-12.728	-41.3453	12.8181	-1.11037	14.4112
5.7	-0.6116	-12.7447	-41.3076	12.7732	-1.12303	14.386
5.71	-0.611928	-12.7604	-41.2694	12.7285	-1.13582	14.3608
5.72	-0.612228	-12.7751	-41.2306	12.684	-1.14872	14.3357
5.73	-0.612501	-12.7888	-41.1914	12.6398	-1.16175	14.3106
5.74	-0.612745	-12.8016	-41.1516	12.5958	-1.17489	14.2857
5.75	-0.612962	-12.8133	-41.1114	12.552	-1.18816	14.2609
5.76	-0.61315	-12.8241	-41.0706	12.5084	-1.20154	14.2361
5.77	-0.61331	-12.8339	-41.0292	12.4651	-1.21505	14.2114
5.78	-0.613442	-12.8427	-40.9874	12.422	-1.22867	14.1869
5.79	-0.613546	-12.8504	-40.945	12.3792	-1.24242	14.1623
5.8	-0.613622	-12.8572	-40.902	12.3365	-1.25629	14.1379
5.81	-0.613669	-12.863	-40.8585	12.2941	-1.27028	14.1136
5.82	-0.613689	-12.8677	-40.8144	12.2519	-1.28439	14.0893
5.83	-0.61368	-12.8715	-40.7698	12.2099	-1.29862	14.0652
5.84	-0.613642	-12.8742	-40.7246	12.1681	-1.31298	14.0411
5.85	-0.613577	-12.8759	-40.6788	12.1265	-1.32745	14.0171
5.86	-0.613483	-12.8765	-40.6324	12.0852	-1.34205	13.9932
5.87	-0.613361	-12.8762	-40.5855	12.044	-1.35677	13.9693
5.88	-0.61321	-12.8748	-40.5379	12.0031	-1.37161	13.9456
5.89	-0.613031	-12.8723	-40.4898	11.9624	-1.38657	13.9219
5.9	-0.612824	-12.8688	-40.441	11.9219	-1.40165	13.8983
5.91	-0.612589	-12.8642	-40.3917	11.8816	-1.41686	13.8748
5.92	-0.612326	-12.8586	-40.3417	11.8414	-1.43218	13.8514
5.93	-0.612034	-12.852	-40.2911	11.8015	-1.44763	13.828
5.94	-0.611715	-12.8443	-40.2398	11.7618	-1.46319	13.8047
5.95	-0.611367	-12.8355	-40.1879	11.7223	-1.47888	13.7815
5.96	-0.610991	-12.8256	-40.1354	11.683	-1.49468	13.7584
5.97	-0.610587	-12.8147	-40.0822	11.6439	-1.5106	13.7353
5.98	-0.610155	-12.8027	-40.0284	11.605	-1.52665	13.7124
5.99	-0.609695	-12.7896	-39.9739	11.5663	-1.54281	13.6895
6	-0.609208	-12.7754	-39.9187	11.5278	-1.55908	13.6667
6.01	-0.608692	-12.7601	-39.8629	11.4894	-1.57548	13.6439
6.02	-0.608149	-12.7438	-39.8064	11.4513	-1.59199	13.6213
6.03	-0.607578	-12.7263	-39.7491	11.4134	-1.60862	13.5987
6.04	-0.60698	-12.7078	-39.6913	11.3756	-1.62536	13.5762
6.05	-0.606354	-12.6881	-39.6327	11.338	-1.64221	13.5537
6.06	-0.605701	-12.6674	-39.5734	11.3006	-1.65918	13.5314
6.07	-0.60502	-12.6455	-39.5133	11.2634	-1.67626	13.5091
6.08	-0.604313	-12.6226	-39.4526	11.2264	-1.69345	13.4868
6.09	-0.603578	-12.5985	-39.3912	11.1896	-1.71075	13.4647
6.1	-0.602816	-12.5733	-39.329	11.1529	-1.72816	13.4426
6.11	-0.602027	-12.5469	-39.2661	11.1164	-1.74568	13.4206
6.12	-0.601211	-12.5195	-39.2024	11.0801	-1.7633	13.3987
6.13	-0.600369	-12.4909	-39.138	11.044	-1.78103	13.3768
6.14	-0.5995	-12.4612	-39.0729	11.0081	-1.79886	13.355
6.15	-0.598605	-12.4303	-39.007	10.9723	-1.8168	13.3333
6.16	-0.597683	-12.3983	-38.9403	10.9367	-1.83484	13.3117
6.17	-0.596735	-12.3652	-38.8728	10.9013	-1.85297	13.2901
6.18	-0.595762	-12.331	-38.8046	10.866	-1.87121	13.2686
6.19	-0.594762	-12.2956	-38.7356	10.831	-1.88954	13.2472
6.2	-0.593736	-12.259	-38.6658	10.796	-1.90797	13.2258
6.21	-0.592685	-12.2213	-38.5952	10.7613	-1.92649	13.2045
6.22	-0.591609	-12.1825	-38.5239	10.7267	-1.9451	13.1833
6.23	-0.590507	-12.1425	-38.4517	10.6923	-1.9638	13.1621
6.24	-0.58938	-12.1014	-38.3787	10.6581	-1.98259	13.141
6.25	-0.588228	-12.0591	-38.3049	10.624	-2.00146	13.12
6.26	-0.587051	-12.0156	-38.2303	10.5901	-2.02041	13.099
6.27	-0.58585	-11.971	-38.1548	10.5563	-2.03945	13.0781
6.28	-0.584624	-11.9252	-38.0785	10.5227	-2.05857	13.0573
6.29	-0.583374	-11.8783	-38.0014	10.4893	-2.07776	13.0366
6.3	-0.5821	-11.8303	-37.9234	10.456	-2.09702	13.0159
6.31	-0.580802	-11.781	-37.8446	10.4229	-2.11636	12.9952
6.32	-0.57948	-11.7306	-37.765	10.39	-2.13577	12.9747
6.33	-0.578135	-11.6791	-37.6845	10.3572	-2.15524	12.9542
6.34	-0.576766	-11.6264	-37.6031	10.3245	-2.17477	12.9338
6.35	-0.575374	-11.5725	-37.5208	10.292	-2.19437	12.9134
6.36	-0.57396	-11.5174	-37.4377	10.2597	-2.21402	12.8931
6.37	-0.572522	-11.4613	-37.3538	10.2275	-2.23373	12.8728
6.38	-0.571063	-11.4039	-37.2689	10.1955	-2.2535	12.8527
6.39	-0.56958	-11.3454	-37.1832	10.1636	-2.27331	12.8326
6.4	-0.568076	-11.2857	-37.0965	10.1318	-2.29316	12.8125
6.41	-0.56655	-11.2249	-37.009	10.1002	-2.31306	12.7925
6.42	-0.565003	-11.1629	-36.9206	10.0688	-2.333	12.7726
6.43	-0.563434	-11.0998	-36.8313	10.0375	-2.35297	12.7527
6.44	-0.561844	-11.0355	-36.7411	10.0064	-2.37298	12.7329
6.45	-0.560233	-10.9701	-36.6499	9.97536	-2.39301	12.7132
6.46	-0.558601	-10.9036	-36.5579	9.9445	-2.41307	12.6935
6.47	-0.556949	-10.8359	-36.465	9.91379	-2.43315	12.6739
6.48	-0.555276	-10.767	-36.3711	9.88321	-2.45325	12.6543
6.49	-0.553584	-10.697	-36.2763	9.85278	-2.47336	12.6348
6.5	-0.551872	-10.6259	-36.1806	9.82249	-2.49349	12.6154
6.51	-0.550141	-10.5536	-36.084	9.79233	-2.51362	12.596
6.52	-0.54839	-10.4803	-35.9865	9.76232	-2.53374	12.5767
6.53	-0.54662	-10.4058	-35.888	9.73244	-2.55387	12.5574
6.54	-0.544832	-10.3301	-35.7886	9.7027	-2.57399	12.5382
6.55	-0.543025	-10.2534	-35.6882	9.6731	-2.5941	12.5191
6.56	-0.5412	-10.1756	-35.5869	9.64363	-2.61419	12.5
6.57	-0.539357	-10.0966	-35.4847	9.61429	-2.63427	12.481
6.58	-0.537497	-10.0166	-35.3816	9.58509	-2.65432	12.462
6.59	-0.535619	-9.93544	-35.2775	9.55602	-2.67434	12.4431
6.6	-0.533724	-9.85321	-35.1724	9.52709	-2.69432	12.4242
6.61	-0.531812	-9.7699	-35.0665	9.49828	-2.71427	12.4054
6.62	-0.529884	-9.68552	-34.9596	9.46961	-2.73417	12.3867
6.63	-0.527939	-9.60006	-34.8517	9.44107	-2.75403	12.368
6.64	-0.525979	-9.51355	-34.7429	9.41265	-2.77383	12.3494
6.65	-0.524002	-9.42598	-34.6331	9.38436	-2.79358	12.3308
6.66	-0.522011	-9.33736	-34.5224	9.3562	-2.81326	12.3123
6.67	-0.520004	-9.2477	-34.4108	9.32817	-2.83287	12.2939
6.68	-0.517982	-9.15702	-34.2982	9.30026	-2.85241	12.2754
6.69	-0.515946	-9.0653	-34.1847	9.27248	-2.87187	12.2571
6.7	-0.513895	-8.97258	-34.0703	9.24482	-2.89124	12.2388
6.71	-0.51183	-8.87884	-33.9549	9.21729	-2.91053	12.2206
6.72	-0.509752	-8.78411	-33.8385	9.18987	-2.92972	12.2024
6.73	-0.50766	-8.6884	-33.7212	9.16258	-2.94881	12.1842
6.74	-0.505555	-8.5917	-33.603	9.13542	-2.96779	12.1662
6.75	-0.503437	-8.49404	-33.4839	9.10837	-2.98666	12.1481
6.76	-0.501306	-8.39542	-33.3638	9.08144	-3.00542	12.1302
6.77	-0.499163	-8.29585	-33.2428	9.05463	-3.02405	12.1123
6.78	-0.497009	-8.19535	-33.1209	9.02794	-3.04256	12.0944
6.79	-0.494842	-8.09392	-32.998	9.00137	-3.06093	12.0766
6.8	-0.492664	-7.99158	-32.8743	8.97491	-3.07916	12.0588
6.81	-0.490475	-7.88833	-32.7496	8.94857	-3.09724	12.0411
6.82	-0.488275	-7.7842	-32.624	8.92235	-3.11517	12.0235
6.83	-0.486065	-7.67919	-32.4975	8.89624	-3.13295	12.0059
6.84	-0.483844	-7.57331	-32.3701	8.87025	-3.15056	11.9883
6.85	-0.481614	-7.46659	-32.2418	8.84437	-3.168	11.9708
6.86	-0.479374	-7.35902	-32.1126	8.8186	-3.18527	11.9534
6.87	-0.477124	-7.25063	-31.9825	8.79295	-3.20236	11.936
6.88	-0.474865	-7.14142	-31.8515	8.76741	-3.21926	11.9186
6.89	-0.472598	-7.03142	-31.7197	8.74198	-3.23597	11.9013
6.9	-0.470322	-6.92063	-31.587	8.71666	-3.25248	11.8841
6.91	-0.468038	-6.80908	-31.4534	8.69145	-3.26879	11.8669
6.92	-0.465746	-6.69677	-31.3189	8.66634	-3.28489	11.8497
6.93	-0.463447	-6.58372	-31.1836	8.64135	-3.30077	11.8326
6.94	-0.46114	-6.46994	-31.0475	8.61647	-3.31643	11.8156
6.95	-0.458826	-6.35546	-30.9105	8.59169	-3.33186	11.7986
6.96	-0.456506	-6.24028	-30.7727	8.56702	-3.34706	11.7816
6.97	-0.454179	-6.12442	-30.6341	8.54245	-3.36202	11.7647
6.98	-0.451845	-6.00791	-30.4947	8.51799	-3.37674	11.7479
6.99	-0.449506	-5.89075	-30.3544	8.49364	-3.3912	11.731
7	-0.447162	-5.77296	-30.2134	8.46939	-3.40541	11.7143
7.01	-0.444812	-5.65455	-30.0716	8.44524	-3.41936	11.6976
7.02	-0.442457	-5.53556	-29.929	8.4212	-3.43304	11.6809
7.03	-0.440097	-5.41599	-29.7856	8.39726	-3.44645	11.6643
7.04	-0.437733	-5.29585	-29.6415	8.37342	-3.45958	11.6477
7.05	-0.435364	-5.17518	-29.4966	8.34968	-3.47243	11.6312
7.06	-0.432992	-5.05398	-29.351	8.32604	-3.48499	11.6147
7.07	-0.430616	-4.93227	-29.2047	8.30251	-3.49726	11.5983
7.08	-0.428237	-4.81008	-29.0576	8.27907	-3.50922	11.5819
7.09	-0.425855	-4.68742	-28.9098	8.25573	-3.52089	11.5656
7.1	-0.423469	-4.5643	-28.7614	8.23249	-3.53224	11.5493
7.11	-0.421082	-4.44075	-28.6123	8.20935	-3.54328	11.5331
7.12	-0.418691	-4.31679	-28.4625	8.18631	-3.554	11.5169
7.13	-0.416299	-4.19244	-28.312	8.16336	-3.5644	11.5007
7.14	-0.413905	-4.0677	-28.1609	8.14051	-3.57447	11.4846
7.15	-0.41151	-3.94261	-28.0092	8.11776	-3.58421	11.4685
7.16	-0.409113	-3.81719	-27.8568	8.0951	-3.59361	11.4525
7.17	-0.406716	-3.69144	-27.7038	8.07253	-3.60266	11.4365
7.18	-0.404317	-3.5654	-27.5503	8.05006	-3.61138	11.4206
7.19	-0.401919	-3.43908	-27.3962	8.02768	-3.61974	11.4047
7.2	-0.399519	-3.31249	-27.2415	8.0054	-3.62775	11.3889
7.21	-0.39712	-3.18567	-27.0862	7.98321	-3.6354	11.3731
7.22	-0.394721	-3.05863	-26.9305	7.96111	-3.6427	11.3573
7.23	-0.392323	-2.93139	-26.7742	7.9391	-3.64962	11.3416
7.24	-0.389925	-2.80397	-26.6174	7.91719	-3.65618	11.326
7.25	-0.387529	-2.67638	-26.4601	7.89536	-3.66237	11.3103
7.26	-0.385133	-2.54866	-26.3023	7.87363	-3.66819	11.2948
7.27	-0.382739	-2.42082	-26.1441	7.85198	-3.67362	11.2792
7.28	-0.380346	-2.29287	-25.9854	7.83043	-3.67868	11.2637
7.29	-0.377956	-2.16485	-25.8263	7.80896	-3.68335	11.2483
7.3	-0.375567	-2.03676	-25.6668	7.78758	-3.68764	11.2329
7.31	-0.373181	-1.90863	-25.5069	7.76629	-3.69154	11.2175
7.32	-0.370797	-1.78049	-25.3466	7.74508	-3.69505	11.2022
7.33	-0.368416	-1.65234	-25.1859	7.72396	-3.69816	11.1869
7.34	-0.366038	-1.52421	-25.0249	7.70293	-3.70089	11.1717
7.35	-0.363663	-1.39611	-24.8636	7.68198	-3.70321	11.1565
7.36	-0.361292	-1.26808	-24.7019	7.66112	-3.70514	11.1413
7.37	-0.358924	-1.14012	-24.54	7.64035	-3.70667	11.1262
7.38	-0.35656	-1.01226	-24.3778	7.61966	-3.70781	11.1111
7.39	-0.354199	-0.88451	-24.2153	7.59905	-3.70853	11.0961
7.4	-0.351843	-0.756899	-24.0526	7.57852	-3.70886	11.0811
7.41	-0.349492	-0.629443	-23.8896	7.55808	-3.70879	11.0661
7.42	-0.347144	-0.50216	-23.7265	7.53772	-3.70831	11.0512
7.43	-0.344802	-0.37507	-23.5631	7.51745	-3.70743	11.0363
7.44	-0.342464	-0.24819	-23.3996	7.49725	-3.70614	11.0215
7.45	-0.340131	-0.12154	-23.236	7.47714	-3.70445	11.0067
7.46	-0.337804	0.0048627	-23.0721	7.45711	-3.70236	10.992
7.47	-0.335482	0.130999	-22.9082	7.43716	-3.69986	10.9772
7.48	-0.333165	0.256851	-22.7442	7.41728	-3.69696	10.9626
7.49	-0.330855	0.3824	-22.5801	7.39749	-3.69366	10.9479
7.5	-0.32855	0.50763	-22.4159	7.37778	-3.68996	10.9333
7.51	-0.326251	0.632522	-22.2517	7.35814	-3.68585	10.9188
7.52	-0.323958	0.75706	-22.0875	7.33859	-3.68135	10.9043
7.53	-0.321672	0.881226	-21.9232	7.31911	-3.67645	10.8898
7.54	-0.319392	1.005	-21.759	7.29971	-3.67116	10.8753
7.55	-0.317119	1.12838	-21.5948	7.28038	-3.66547	10.8609
7.56	-0.314853	1.25133	-21.4306	7.26113	-3.65938	10.8466
7.57	-0.312593	1.37384	-21.2665	7.24196	-3.65291	10.8322
7.58	-0.310341	1.4959	-21.1025	7.22287	-3.64605	10.8179
7.59	-0.308096	1.61748	-20.9386	7.20385	-3.63881	10.8037
7.6	-0.305858	1.73859	-20.7748	7.1849	-3.63118	10.7895
7.61	-0.303628	1.85919	-20.6111	7.16603	-3.62317	10.7753
7.62	-0.301405	1.97928	-20.4476	7.14724	-3.61479	10.7612
7.63	-0.29919	2.09884	-20.2843	7.12851	-3.60603	10.7471
7.64	-0.296982	2.21785	-20.1211	7.10987	-3.5969	10.733
7.65	-0.294783	2.33631	-19.9582	7.09129	-3.5874	10.719
7.66	-0.292592	2.4542	-19.7955	7.07279	-3.57754	10.705
7.67	-0.290408	2.5715	-19.633	7.05436	-3.56732	10.691
7.68	-0.288233	2.6882	-19.4708	7.036	-3.55674	10.6771
7.69	-0.286066	2.80428	-19.3089	7.01771	-3.54581	10.6632
7.7	-0.283908	2.91975	-19.1473	6.99949	-3.53453	10.6494
7.71	-0.281758	3.03458	-18.9859	6.98135	-3.52291	10.6355
7.72	-0.279617	3.14876	-18.825	6.96327	-3.51095	10.6218
7.73	-0.277485	3.26228	-18.6643	6.94527	-3.49865	10.608
7.74	-0.275361	3.37512	-18.5041	6.92733	-3.48602	10.5943
7.75	-0.273246	3.48729	-18.3442	6.90947	-3.47307	10.5806
7.76	-0.271141	3.59876	-18.1847	6.89167	-3.45979	10.567
7.77	-0.269044	3.70952	-18.0256	6.87395	-3.44621	10.5534
7.78	-0.266956	3.81958	-17.8669	6.85629	-3.4323	10.5398
7.79	-0.264877	3.9289	-17.7087	6.83869	-3.4181	10.5263
7.8	-0.262808	4.0375	-17.551	6.82117	-3.40359	10.5128
7.81	-0.260748	4.14535	-17.3937	6.80371	-3.38879	10.4994
7.82	-0.258698	4.25245	-17.2369	6.78632	-3.3737	10.4859
7.83	-0.256656	4.35879	-17.0807	6.769	-3.35833	10.4725
7.84	-0.254625	4.46436	-16.9249	6.75174	-3.34268	10.4592
7.85	-0.252603	4.56915	-16.7697	6.73455	-3.32675	10.4459
7.86	-0.25059	4.67316	-16.615	6.71743	-3.31056	10.4326
7.87	-0.248587	4.77638	-16.4609	6.70037	-3.29411	10.4193
7.88	-0.246594	4.8788	-16.3074	6.68337	-3.2774	10.4061
7.89	-0.24461	4.98041	-16.1545	6.66644	-3.26044	10.3929
7.9	-0.242637	5.08121	-16.0022	6.64958	-3.24325	10.3797
7.91	-0.240673	5.1812	-15.8505	6.63277	-3.22581	10.3666
7.92	-0.238719	5.28036	-15.6994	6.61603	-3.20815	10.3535
7.93	-0.236774	5.37869	-15.549	6.59936	-3.19026	10.3405
7.94	-0.23484	5.47618	-15.3992	6.58275	-3.17215	10.3275
7.95	-0.232916	5.57284	-15.2501	6.5662	-3.15383	10.3145
7.96	-0.231001	5.66865	-15.1017	6.54971	-3.1353	10.3015
7.97	-0.229097	5.76362	-14.954	6.53328	-3.11658	10.2886
7.98	-0.227203	5.85773	-14.807	6.51692	-3.09766	10.2757
7.99	-0.225318	5.95099	-14.6606	6.50062	-3.07856	10.2628
8	-0.223444	6.04339	-14.5151	6.48438	-3.05927	10.25
8.01	-0.22158	6.13492	-14.3702	6.46819	-3.03981	10.2372
8.02	-0.219726	6.2256	-14.2262	6.45207	-3.02019	10.2244
8.03	-0.217882	6.3154	-14.0828	6.43601	-3.0004	10.2117
8.04	-0.216048	6.40433	-13.9403	6.42001	-2.98046	10.199
8.05	-0.214224	6.49239	-13.7985	6.40407	-2.96037	10.1863
8.06	-0.212411	6.57958	-13.6575	6.38819	-2.94014	10.1737
8.07	-0.210607	6.66589	-13.5173	6.37237	-2.91977	10.1611
8.08	-0.208814	6.75132	-13.3779	6.35661	-2.89928	10.1485
8.09	-0.207031	6.83588	-13.2393	6.3409	-2.87866	10.136
8.1	-0.205257	6.91956	-13.1016	6.32526	-2.85792	10.1235
8.11	-0.203494	7.00236	-12.9646	6.30967	-2.83707	10.111
8.12	-0.201741	7.08428	-12.8285	6.29413	-2.81612	10.0985
8.13	-0.199999	7.16531	-12.6933	6.27866	-2.79507	10.0861
8.14	-0.198266	7.24548	-12.5589	6.26324	-2.77393	10.0737
8.15	-0.196543	7.32476	-12.4254	6.24788	-2.75271	10.0613
8.16	-0.194831	7.40316	-12.2927	6.23258	-2.7314	10.049
8.17	-0.193128	7.48069	-12.1609	6.21733	-2.71002	10.0367
8.18	-0.191436	7.55733	-12.03	6.20214	-2.68857	10.0244
8.19	-0.189753	7.63311	-11.8999	6.187	-2.66706	10.0122
8.2	-0.188081	7.70801	-11.7708	6.17192	-2.64549	10
8.21	-0.186419	7.78204	-11.6425	6.1569	-2.62387	9.98782
8.22	-0.184766	7.85519	-11.5152	6.14192	-2.6022	9.97567
8.23	-0.183124	7.92748	-11.3887	6.12701	-2.5805	9.96355
8.24	-0.181491	7.99891	-11.2632	6.11215	-2.55876	9.95146
8.25	-0.179868	8.06947	-11.1385	6.09734	-2.537	9.93939
8.26	-0.178255	8.13916	-11.0148	6.08258	-2.51521	9.92736
8.27	-0.176652	8.208	-10.892	6.06788	-2.4934	9.91536
8.28	-0.175059	8.27599	-10.7701	6.05323	-2.47158	9.90338
8.29	-0.173476	8.34312	-10.6492	6.03864	-2.44976	9.89144
8.3	-0.171902	8.4094	-10.5291	6.0241	-2.42793	9.87952
8.31	-0.170338	8.47484	-10.41	6.00961	-2.40611	9.86763
8.32	-0.168784	8.53943	-10.2919	5.99517	-2.38429	9.85577
8.33	-0.167239	8.60318	-10.1746	5.98078	-2.36248	9.84394
8.34	-0.165704	8.6661	-10.0584	5.96645	-2.3407	9.83213
8.35	-0.164179	8.72819	-9.943	5.95217	-2.31893	9.82036
8.36	-0.162663	8.78945	-9.82859	5.93794	-2.29719	9.80861
8.37	-0.161156	8.84989	-9.71512	5.92376	-2.27549	9.79689
8.38	-0.159659	8.90951	-9.60259	5.90963	-2.25382	9.7852
8.39	-0.158172	8.96831	-9.491	5.89555	-2.23218	9.77354
8.4	-0.156693	9.02631	-9.38036	5.88152	-2.2106	9.7619
8.41	-0.155224	9.0835	-9.27066	5.86754	-2.18906	9.7503
8.42	-0.153765	9.13989	-9.16191	5.85361	-2.16757	9.73872
8.43	-0.152314	9.19548	-9.05409	5.83973	-2.14614	9.72716
8.44	-0.150873	9.25028	-8.94723	5.8259	-2.12477	9.71564
8.45	-0.149441	9.30429	-8.8413	5.81212	-2.10346	9.70414
8.46	-0.148018	9.35753	-8.73631	5.79839	-2.08223	9.69267
8.47	-0.146604	9.40999	-8.63227	5.78471	-2.06106	9.68123
8.48	-0.145199	9.46167	-8.52917	5.77107	-2.03997	9.66981
8.49	-0.143803	9.5126	-8.427	5.75748	-2.01895	9.65842
8.5	-0.142415	9.56276	-8.32577	5.74394	-1.99802	9.64706
8.51	-0.141037	9.61216	-8.22548	5.73045	-1.97717	9.63572
8.52	-0.139667	9.66082	-8.12611	5.71701	-1.95641	9.62441
8.53	-0.138307	9.70874	-8.02768	5.70361	-1.93574	9.61313
8.54	-0.136954	9.75591	-7.93018	5.69026	-1.91517	9.60187
8.55	-0.135611	9.80235	-7.83361	5.67696	-1.89469	9.59064
8.56	-0.134276	9.84807	-7.73796	5.6637	-1.87431	9.57944
8.57	-0.132949	9.89307	-7.64323	5.65049	-1.85403	9.56826
8.58	-0.131631	9.93735	-7.54941	5.63733	-1.83386	9.55711
8.59	-0.130322	9.98092	-7.45652	5.62421	-1.81379	9.54598
8.6	-0.129021	10.0238	-7.36453	5.61114	-1.79383	9.53488
8.61	-0.127728	10.066	-7.27346	5.59811	-1.77399	9.52381
8.62	-0.126443	10.1074	-7.18329	5.58513	-1.75426	9.51276
8.63	-0.125166	10.1482	-7.09402	5.5722	-1.73464	9.50174
8.64	-0.123898	10.1883	-7.00565	5.55931	-1.71515	9.49074
8.65	-0.122637	10.2278	-6.91818	5.54646	-1.69577	9.47977
8.66	-0.121385	10.2665	-6.8316	5.53366	-1.67652	9.46882
8.67	-0.120141	10.3046	-6.7459	5.5209	-1.65739	9.4579
8.68	-0.118904	10.3421	-6.66108	5.50819	-1.63839	9.447
8.69	-0.117675	10.3789	-6.57715	5.49552	-1.61951	9.43613
8.7	-0.116454	10.415	-6.49409	5.48289	-1.60076	9.42529
8.71	-0.115241	10.4506	-6.41189	5.47031	-1.58214	9.41447
8.72	-0.114036	10.4854	-6.33056	5.45777	-1.56366	9.40367
8.73	-0.112837	10.5197	-6.2501	5.44527	-1.54531	9.3929
8.74	-0.111647	10.5534	-6.17048	5.43282	-1.52709	9.38215
8.75	-0.110464	10.5864	-6.09172	5.42041	-1.50901	9.37143
8.76	-0.109288	10.6188	-6.0138	5.40804	-1.49106	9.36073
8.77	-0.10812	10.6506	-5.93673	5.39571	-1.47326	9.35006
8.78	-0.106959	10.6818	-5.86049	5.38343	-1.45559	9.33941
8.79	-0.105805	10.7125	-5.78508	5.37119	-1.43806	9.32878
8.8	-0.104658	10.7425	-5.71049	5.35899	-1.42067	9.31818
8.81	-0.103519	10.772	-5.63673	5.34683	-1.40343	9.3076
8.82	-0.102386	10.8009	-5.56377	5.33471	-1.38632	9.29705
8.83	-0.101261	10.8292	-5.49163	5.32264	-1.36936	9.28652
8.84	-0.100142	10.857	-5.42029	5.3106	-1.35254	9.27602
8.85	-0.09903	10.8842	-5.34975	5.29861	-1.33587	9.26554
8.86	-0.0979249	10.9109	-5.28001	5.28665	-1.31934	9.25508
8.87	-0.0968265	10.937	-5.21105	5.27474	-1.30296	9.24464
8.88	-0.0957348	10.9626	-5.14287	5.26286	-1.28672	9.23423
8.89	-0.0946496	10.9877	-5.07546	5.25103	-1.27062	9.22385
8.9	-0.093571	11.0122	-5.00883	5.23924	-1.25468	9.21348
8.91	-0.0924988	11.0363	-4.94295	5.22748	-1.23888	9.20314
8.92	-0.0914331	11.0598	-4.87784	5.21577	-1.22322	9.19283
8.93	-0.0903736	11.0828	-4.81348	5.20409	-1.20771	9.18253
8.94	-0.0893204	11.1053	-4.74987	5.19246	-1.19235	9.17226
8.95	-0.0882735	11.1273	-4.68699	5.18086	-1.17713	9.16201
8.96	-0.0872326	11.1488	-4.62485	5.1693	-1.16206	9.15179
8.97	-0.0861979	11.1699	-4.56344	5.15778	-1.14714	9.14158
8.98	-0.0851692	11.1904	-4.50275	5.1463	-1.13236	9.1314
8.99	-0.0841464	11.2105	-4.44278	5.13486	-1.11773	9.12125
9	-0.0831295	11.2301	-4.38351	5.12346	-1.10324	9.11111
9.01	-0.0821184	11.2493	-4.32495	5.11209	-1.08891	9.101
9.02	-0.0811131	11.268	-4.26709	5.10076	-1.07471	9.09091
9.03	-0.0801135	11.2862	-4.20992	5.08947	-1.06066	9.08084
9.04	-0.0791196	11.304	-4.15344	5.07822	-1.04676	9.0708
9.05	-0.0781312	11.3214	-4.09764	5.067	-1.03299	9.06077
9.06	-0.0771483	11.3383	-4.04251	5.05582	-1.01938	9.05077
9.07	-0.0761708	11.3548	-3.98804	5.04468	-1.0059	9.04079
9.08	-0.0751988	11.3709	-3.93424	5.03357	-0.992573	9.03084
9.09	-0.074232	11.3865	-3.8811	5.0225	-0.979385	9.0209
9.1	-0.0732706	11.4018	-3.8286	5.01147	-0.966338	9.01099
9.11	-0.0723143	11.4166	-3.77675	5.00048	-0.953433	9.0011
9.12	-0.0713631	11.431	-3.72553	4.98952	-0.940668	8.99123
9.13	-0.0704171	11.4451	-3.67495	4.97859	-0.928043	8.98138
9.14	-0.069476	11.4587	-3.62499	4.9677	-0.915557	8.97155
9.15	-0.0685398	11.472	-3.57565	4.95685	-0.903211	8.96175
9.16	-0.0676086	11.4848	-3.52692	4.94603	-0.891002	8.95197
9.17	-0.0666822	11.4973	-3.4788	4.93525	-0.87893	8.9422
9.18	-0.0657605	11.5094	-3.43128	4.92451	-0.866995	8.93246
9.19	-0.0648435	11.5212	-3.38436	4.9138	-0.855195	8.92274
9.2	-0.0639312	11.5326	-3.33802	4.90312	-0.84353	8.91304
9.21	-0.0630235	11.5436	-3.29227	4.89248	-0.832	8.90337
9.22	-0.0621202	11.5542	-3.24709	4.88187	-0.820603	8.89371
9.23	-0.0612214	11.5646	-3.20249	4.8713	-0.809338	8.88407
9.24	-0.060327	11.5745	-3.15845	4.86076	-0.798205	8.87446
9.25	-0.0594369	11.5842	-3.11497	4.85026	-0.787202	8.86486
9.26	-0.0585511	11.5934	-3.07204	4.83979	-0.776329	8.85529
9.27	-0.0576695	11.6024	-3.02966	4.82935	-0.765586	8.84574
9.28	-0.056792	11.611	-2.98783	4.81895	-0.75497	8.83621
9.29	-0.0559186	11.6193	-2.94653	4.80858	-0.744481	8.8267
9.3	-0.0550493	11.6273	-2.90576	4.79824	-0.734118	8.8172
9.31	-0.0541839	11.635	-2.86551	4.78794	-0.723881	8.80773
9.32	-0.0533224	11.6424	-2.82579	4.77767	-0.713768	8.79828
9.33	-0.0524647	11.6494	-2.78657	4.76744	-0.703778	8.78885
9.34	-0.0516109	11.6562	-2.74787	4.75723	-0.693911	8.77944
9.35	-0.0507607	11.6627	-2.70967	4.74706	-0.684164	8.77005
9.36	-0.0499142	11.6688	-2.67196	4.73692	-0.674538	8.76068
9.37	-0.0490714	11.6747	-2.63475	4.72682	-0.665032	8.75133
9.38	-0.048232	11.6803	-2.59802	4.71675	-0.655643	8.742
9.39	-0.0473962	11.6856	-2.56177	4.7067	-0.646372	8.73269
9.4	-0.0465638	11.6906	-2.52599	4.6967	-0.637217	8.7234
9.41	-0.0457347	11.6954	-2.49069	4.68672	-0.628178	8.71413
9.42	-0.0449089	11.6999	-2.45585	4.67677	-0.619252	8.70488
9.43	-0.0440864	11.7041	-2.42147	4.66686	-0.61044	8.69565
9.44	-0.0432671	11.7081	-2.38754	4.65698	-0.60174	8.68644
9.45	-0.042451	11.7117	-2.35406	4.64713	-0.593151	8.67725
9.46	-0.0416378	11.7152	-2.32103	4.63731	-0.584672	8.66808
9.47	-0.0408278	11.7184	-2.28843	4.62752	-0.576302	8.65892
9.48	-0.0400206	11.7213	-2.25627	4.61776	-0.56804	8.64979
9.49	-0.0392164	11.724	-2.22453	4.60803	-0.559885	8.64067
9.5	-0.038415	11.7265	-2.19322	4.59834	-0.551836	8.63158
9.51	-0.0376164	11.7287	-2.16232	4.58867	-0.543892	8.6225
9.52	-0.0368205	11.7307	-2.13184	4.57904	-0.536051	8.61345
9.53	-0.0360273	11.7325	-2.10176	4.56943	-0.528314	8.60441
9.54	-0.0352367	11.734	-2.07209	4.55986	-0.520678	8.59539
9.55	-0.0344486	11.7353	-2.04282	4.55031	-0.513142	8.58639
9.56	-0.0336631	11.7364	-2.01394	4.5408	-0.505707	8.57741
9.57	-0.03288	11.7373	-1.98545	4.53131	-0.49837	8.56844
9.58	-0.0320992	11.7379	-1.95735	4.52186	-0.49113	8.5595
9.59	-0.0313208	11.7384	-1.92962	4.51243	-0.483987	8.55057
9.6	-0.0305447	11.7386	-1.90227	4.50304	-0.47694	8.54167
9.61	-0.0297708	11.7386	-1.87529	4.49367	-0.469987	8.53278
9.62	-0.0289991	11.7385	-1.84867	4.48433	-0.463127	8.52391
9.63	-0.0282294	11.7381	-1.82242	4.47503	-0.45636	8.51506
9.64	-0.0274618	11.7376	-1.79652	4.46575	-0.449684	8.50622
9.65	-0.0266962	11.7368	-1.77098	4.4565	-0.443099	8.49741
9.66	-0.0259325	11.7359	-1.74578	4.44727	-0.436603	8.48861
9.67	-0.0251707	11.7347	-1.72093	4.43808	-0.430195	8.47983
9.68	-0.0244108	11.7334	-1.69642	4.42892	-0.423875	8.47107
9.69	-0.0236526	11.7319	-1.67224	4.41978	-0.417642	8.46233
9.7	-0.0228961	11.7302	-1.6484	4.41067	-0.411493	8.45361
9.71	-0.0221413	11.7284	-1.62488	4.40159	-0.405429	8.4449
9.72	-0.021388	11.7264	-1.60168	4.39254	-0.399449	8.43621
9.73	-0.0206364	11.7242	-1.57881	4.38351	-0.393551	8.42754
9.74	-0.0198862	11.7218	-1.55624	4.37452	-0.387735	8.41889
9.75	-0.0191375	11.7193	-1.53399	4.36555	-0.381999	8.41026
9.76	-0.0183901	11.7166	-1.51205	4.35661	-0.376343	8.40164
9.77	-0.0176441	11.7138	-1.4904	4.34769	-0.370765	8.39304
9.78	-0.0168994	11.7108	-1.46906	4.33881	-0.365265	8.38446
9.79	-0.0161559	11.7076	-1.44801	4.32995	-0.359842	8.37589
9.8	-0.0154135	11.7043	-1.42726	4.32112	-0.354495	8.36735
9.81	-0.0146723	11.7009	-1.40679	4.31231	-0.349223	8.35882
9.82	-0.0139321	11.6973	-1.38661	4.30353	-0.344024	8.35031
9.83	-0.013193	11.6935	-1.3667	4.29478	-0.338899	8.34181
9.84	-0.0124548	11.6896	-1.34707	4.28606	-0.333846	8.33333
9.85	-0.0117174	11.6856	-1.32772	4.27736	-0.328865	8.32487
9.86	-0.010981	11.6814	-1.30863	4.26869	-0.323954	8.31643
9.87	-0.0102453	11.6771	-1.28982	4.26004	-0.319112	8.308
9.88	-0.0095104	11.6727	-1.27126	4.25142	-0.314339	8.2996
9.89	-0.00877616	11.6681	-1.25296	4.24283	-0.309634	8.2912
9.9	-0.00804255	11.6634	-1.23492	4.23426	-0.304996	8.28283
9.91	-0.00730953	11.6586	-1.21713	4.22572	-0.300424	8.27447
9.92	-0.00657703	11.6536	-1.19959	4.21721	-0.295917	8.26613
9.93	-0.00584501	11.6486	-1.1823	4.20872	-0.291475	8.2578
9.94	-0.00511341	11.6434	-1.16525	4.20025	-0.287097	8.2495
9.95	-0.00438217	11.6381	-1.14843	4.19181	-0.282781	8.24121
9.96	-0.00365126	11.6326	-1.13186	4.1834	-0.278527	8.23293
9.97	-0.0029206	11.6271	-1.11552	4.17501	-0.274335	8.22467
9.98	-0.00219016	11.6214	-1.0994	4.16665	-0.270203	8.21643
9.99	-0.00145987	11.6157	-1.08352	4.15831	-0.26613	8.20821
