0	0	inf	-44.0186	inf	inf	22.2927
0.01	3.3854e-14	4.14998e+06	-44.0186	4.15e+06	0.0319402	22.2927
0.02	-9.47919e-13	1.03748e+06	-44.0186	1.0375e+06	0.0162103	22.2926
0.03	-1.00545e-11	461089	-44.0186	461111	0.0109693	22.2925
0.04	-4.65812e-11	259353	-44.0186	259375	0.00835071	22.2923
0.05	-1.481e-10	165978	-44.0186	166000	0.00678102	22.2921
0.06	-3.76548e-10	115256	-44.0186	115278	0.00573582	22.2919
0.07	-8.24311e-10	84672.2	-44.0186	84693.9	0.00499035	22.2915
0.08	-1.6203e-09	64822	-44.0186	64843.8	0.00443221	22.2912
0.09	-2.93604e-09	51212.8	-44.0186	51234.6	0.00399899	22.2908
0.1	-4.99171e-09	41478.3	-44.0186	41500	0.00365321	22.2903
0.11	-8.06222e-09	34275.8	-44.0185	34297.5	0.00337104	22.2898
0.12	-1.24833e-08	28797.7	-44.0185	28819.4	0.00313658	22.2892
0.13	-1.86574e-08	24534.5	-44.0185	24556.2	0.00293884	22.2886
0.14	-2.70599e-08	21151.7	-44.0185	21173.5	0.00276996	22.288
0.15	-3.82451e-08	18422.7	-44.0185	18444.4	0.00262417	22.2872
0.16	-5.28521e-08	16189.2	-44.0185	16210.9	0.00249715	22.2865
0.17	-7.16109e-08	14338.1	-44.0185	14359.9	0.0023856	22.2857
0.18	-9.53484e-08	12786.9	-44.0185	12808.6	0.00228695	22.2848
0.19	-1.24994e-07	11474.1	-44.0185	11495.8	0.00219916	22.2839
0.2	-1.61587e-07	10353.3	-44.0184	10375	0.00212062	22.283
0.21	-2.06279e-07	9388.7	-44.0184	9410.43	0.00205	22.282
0.22	-2.60345e-07	8552.65	-44.0184	8574.38	0.00198625	22.2809
0.23	-3.25186e-07	7823.25	-44.0184	7844.99	0.00192846	22.2798
0.24	-4.02333e-07	7183.12	-44.0184	7204.86	0.00187589	22.2787
0.25	-4.93457e-07	6618.26	-44.0184	6640	0.00182794	22.2775
0.26	-6.00375e-07	6117.31	-44.0184	6139.05	0.00178406	22.2762
0.27	-7.2505e-07	5670.99	-44.0184	5692.73	0.00174382	22.2749
0.28	-8.69603e-07	5271.62	-44.0183	5293.37	0.00170682	22.2736
0.29	-1.03632e-06	4912.86	-44.0183	4934.6	0.00167275	22.2722
0.3	-1.22764e-06	4589.37	-44.0183	4611.11	0.0016413	22.2708
0.31	-1.44619e-06	4296.67	-44.0183	4318.42	0.00161224	22.2693
0.32	-1.69478e-06	4030.99	-44.0183	4052.73	0.00158534	22.2677
0.33	-1.97638e-06	3789.09	-44.0183	3810.84	0.00156042	22.2662
0.34	-2.29418e-06	3568.21	-44.0183	3589.97	0.0015373	22.2645
0.35	-2.65154e-06	3366	-44.0182	3387.76	0.00151583	22.2628
0.36	-3.05203e-06	3180.41	-44.0182	3202.16	0.00149588	22.2611
0.37	-3.49944e-06	3009.65	-44.0182	3031.41	0.00147734	22.2593
0.38	-3.99774e-06	2852.2	-44.0182	2873.96	0.00146009	22.2575
0.39	-4.55116e-06	2706.71	-44.0182	2728.47	0.00144405	22.2556
0.4	-5.16411e-06	2571.99	-44.0182	2593.75	0.00142911	22.2537
0.41	-5.84127e-06	2447	-44.0182	2468.77	0.00141522	22.2517
0.42	-6.58752e-06	2330.84	-44.0181	2352.61	0.0014023	22.2497
0.43	-7.40799e-06	2222.69	-44.0181	2244.46	0.00139028	22.2476
0.44	-8.30805e-06	2121.82	-44.0181	2143.6	0.00137912	22.2455
0.45	-9.29335e-06	2027.61	-44.0181	2049.38	0.00136875	22.2433
0.46	-1.03698e-05	1939.47	-44.0181	1961.25	0.00135912	22.2411
0.47	-1.15434e-05	1856.9	-44.0181	1878.68	0.00135021	22.2388
0.48	-1.28207e-05	1779.44	-44.018	1801.22	0.00134196	22.2365
0.49	-1.42083e-05	1706.66	-44.018	1728.45	0.00133434	22.2341
0.5	-1.57132e-05	1638.22	-44.018	1660	0.00132731	22.2317
0.51	-1.73427e-05	1573.75	-44.018	1595.54	0.00132086	22.2293
0.52	-1.91041e-05	1512.97	-44.018	1534.76	0.00131493	22.2267
0.53	-2.10054e-05	1455.6	-44.0179	1477.39	0.00130952	22.2242
0.54	-2.30546e-05	1401.39	-44.0179	1423.18	0.0013046	22.2216
0.55	-2.52602e-05	1350.1	-44.0179	1371.9	0.00130014	22.2189
0.56	-2.76308e-05	1301.54	-44.0179	1323.34	0.00129612	22.2162
0.57	-3.01755e-05	1255.51	-44.0179	1277.32	0.00129253	22.2134
0.58	-3.29035e-05	1211.85	-44.0178	1233.65	0.00128934	22.2106
0.59	-3.58246e-05	1170.38	-44.0178	1192.19	0.00128655	22.2078
0.6	-3.89487e-05	1130.97	-44.0178	1152.78	0.00128413	22.2049
0.61	-4.22862e-05	1093.48	-44.0178	1115.29	0.00128207	22.2019
0.62	-4.58475e-05	1057.79	-44.0178	1079.6	0.00128036	22.1989
0.63	-4.96438e-05	1023.78	-44.0177	1045.6	0.00127898	22.1959
0.64	-5.36863e-05	991.36	-44.0177	1013.18	0.00127793	22.1928
0.65	-5.79867e-05	960.422	-44.0177	982.249	0.00127719	22.1896
0.66	-6.25569e-05	930.879	-44.0177	952.709	0.00127675	22.1864
0.67	-6.74094e-05	902.649	-44.0176	924.482	0.0012766	22.1832
0.68	-7.25568e-05	875.655	-44.0176	897.491	0.00127674	22.1799
0.69	-7.80123e-05	849.826	-44.0176	871.666	0.00127716	22.1765
0.7	-8.37892e-05	825.096	-44.0176	846.939	0.00127784	22.1731
0.71	-8.99014e-05	801.403	-44.0175	823.249	0.00127879	22.1697
0.72	-9.63631e-05	778.691	-44.0175	800.54	0.00127999	22.1662
0.73	-0.000103189	756.905	-44.0175	778.758	0.00128144	22.1627
0.74	-0.000110393	735.996	-44.0175	757.852	0.00128313	22.1591
0.75	-0.000117992	715.918	-44.0174	737.778	0.00128505	22.1554
0.76	-0.000126001	696.626	-44.0174	718.49	0.00128721	22.1518
0.77	-0.000134436	678.082	-44.0174	699.949	0.0012896	22.148
0.78	-0.000143314	660.246	-44.0174	682.117	0.00129221	22.1442
0.79	-0.000152652	643.082	-44.0173	664.958	0.00129504	22.1404
0.8	-0.000162466	626.559	-44.0173	648.437	0.00129808	22.1365
0.81	-0.000172774	610.643	-44.0173	632.526	0.00130133	22.1326
0.82	-0.000183596	595.305	-44.0172	617.192	0.00130479	22.1286
0.83	-0.000194948	580.519	-44.0172	602.41	0.00130845	22.1246
0.84	-0.000206851	566.257	-44.0172	588.152	0.00131231	22.1205
0.85	-0.000219323	552.496	-44.0172	574.394	0.00131637	22.1164
0.86	-0.000232385	539.211	-44.0171	561.114	0.00132063	22.1122
0.87	-0.000246056	526.382	-44.0171	548.289	0.00132508	22.108
0.88	-0.000260358	513.987	-44.0171	535.899	0.00132972	22.1037
0.89	-0.00027531	502.008	-44.017	523.924	0.00133454	22.0994
0.9	-0.000290935	490.426	-44.017	512.346	0.00133956	22.095
0.91	-0.000307255	479.223	-44.017	501.147	0.00134476	22.0906
0.92	-0.000324292	468.383	-44.0169	490.312	0.00135014	22.0861
0.93	-0.000342069	457.891	-44.0169	479.824	0.00135571	22.0816
0.94	-0.000360609	447.732	-44.0169	469.67	0.00136145	22.0771
0.95	-0.000379936	437.891	-44.0168	459.834	0.00136737	22.0724
0.96	-0.000400074	428.357	-44.0168	450.304	0.00137348	22.0678
0.97	-0.000421047	419.115	-44.0167	441.067	0.00137975	22.0631
0.98	-0.000442881	410.155	-44.0167	432.112	0.00138621	22.0583
0.99	-0.000465601	401.465	-44.0167	423.426	0.00139284	22.0535
1	-0.000489233	393.034	-44.0166	415	0.00139964	22.0486
1.01	-0.000513804	384.852	-44.0166	406.823	0.00140662	22.0437
1.02	-0.00053934	376.909	-44.0166	398.885	0.00141377	22.0388
1.03	-0.000565868	369.197	-44.0165	391.177	0.0014211	22.0338
1.04	-0.000593417	361.705	-44.0165	383.691	0.00142859	22.0287
1.05	-0.000622015	354.426	-44.0164	376.417	0.00143626	22.0236
1.06	-0.000651689	347.353	-44.0164	369.349	0.0014441	22.0185
1.07	-0.000682471	340.476	-44.0163	362.477	0.00145212	22.0133
1.08	-0.000714389	333.789	-44.0163	355.796	0.0014603	22.008
1.09	-0.000747473	327.286	-44.0163	349.297	0.00146866	22.0027
1.1	-0.000781754	320.958	-44.0162	342.975	0.00147719	21.9974
1.11	-0.000817263	314.801	-44.0162	336.823	0.00148589	21.992
1.12	-0.000854031	308.808	-44.0161	330.835	0.00149477	21.9865
1.13	-0.000892091	302.973	-44.0161	325.006	0.00150381	21.9811
1.14	-0.000931474	297.291	-44.016	319.329	0.00151303	21.9755
1.15	-0.000972215	291.756	-44.016	313.8	0.00152243	21.9699
1.16	-0.00101435	286.363	-44.0159	308.413	0.001532	21.9643
1.17	-0.0010579	281.108	-44.0159	303.163	0.00154174	21.9586
1.18	-0.00110291	275.986	-44.0158	298.047	0.00155166	21.9529
1.19	-0.00114942	270.992	-44.0158	293.058	0.00156175	21.9471
1.2	-0.00119746	266.122	-44.0157	288.194	0.00157202	21.9412
1.21	-0.00124706	261.372	-44.0157	283.451	0.00158247	21.9354
1.22	-0.00129826	256.739	-44.0156	278.823	0.00159309	21.9294
1.23	-0.00135109	252.218	-44.0156	274.308	0.0016039	21.9234
1.24	-0.00140561	247.805	-44.0155	269.901	0.00161488	21.9174
1.25	-0.00146183	243.498	-44.0155	265.6	0.00162605	21.9113
1.26	-0.00151981	239.293	-44.0154	261.401	0.0016374	21.9052
1.27	-0.00157957	235.187	-44.0153	257.301	0.00164893	21.899
1.28	-0.00164116	231.176	-44.0153	253.296	0.00166065	21.8928
1.29	-0.00170462	227.258	-44.0152	249.384	0.00167255	21.8865
1.3	-0.00176999	223.43	-44.0152	245.562	0.00168463	21.8802
1.31	-0.0018373	219.689	-44.0151	241.827	0.00169691	21.8738
1.32	-0.00190661	216.032	-44.015	238.177	0.00170937	21.8674
1.33	-0.00197794	212.457	-44.015	234.609	0.00172202	21.861
1.34	-0.00205135	208.962	-44.0149	231.121	0.00173487	21.8544
1.35	-0.00212687	205.545	-44.0149	227.709	0.00174791	21.8479
1.36	-0.00220455	202.202	-44.0148	224.373	0.00176114	21.8413
1.37	-0.00228443	198.932	-44.0147	221.109	0.00177457	21.8346
1.38	-0.00236655	195.732	-44.0147	217.916	0.0017882	21.8279
1.39	-0.00245097	192.601	-44.0146	214.792	0.00180202	21.8211
1.4	-0.00253771	189.537	-44.0145	211.735	0.00181605	21.8143
1.41	-0.00262684	186.538	-44.0144	208.742	0.00183028	21.8075
1.42	-0.00271839	183.601	-44.0144	205.812	0.00184471	21.8005
1.43	-0.00281241	180.726	-44.0143	202.944	0.00185935	21.7936
1.44	-0.00290894	177.91	-44.0142	200.135	0.0018742	21.7866
1.45	-0.00300804	175.152	-44.0141	197.384	0.00188925	21.7795
1.46	-0.00310975	172.45	-44.0141	194.689	0.00190452	21.7724
1.47	-0.00321412	169.804	-44.014	192.05	0.00192	21.7653
1.48	-0.0033212	167.21	-44.0139	189.463	0.0019357	21.7581
1.49	-0.00343103	164.668	-44.0138	186.929	0.00195161	21.7508
1.5	-0.00354367	162.177	-44.0138	184.444	0.00196775	21.7435
1.51	-0.00365915	159.735	-44.0137	182.01	0.0019841	21.7362
1.52	-0.00377755	157.341	-44.0136	179.623	0.00200068	21.7288
1.53	-0.0038989	154.993	-44.0135	177.282	0.00201749	21.7213
1.54	-0.00402325	152.691	-44.0134	174.987	0.00203452	21.7138
1.55	-0.00415066	150.433	-44.0133	172.737	0.00205178	21.7063
1.56	-0.00428118	148.218	-44.0132	170.529	0.00206927	21.6987
1.57	-0.00441485	146.045	-44.0132	168.364	0.002087	21.6911
1.58	-0.00455174	143.913	-44.0131	166.239	0.00210497	21.6834
1.59	-0.0046919	141.821	-44.013	164.155	0.00212318	21.6756
1.6	-0.00483537	139.767	-44.0129	162.109	0.00214162	21.6679
1.61	-0.00498222	137.752	-44.0128	160.102	0.00216032	21.66
1.62	-0.00513249	135.774	-44.0127	158.131	0.00217926	21.6521
1.63	-0.00528624	133.832	-44.0126	156.197	0.00219845	21.6442
1.64	-0.00544353	131.925	-44.0125	154.298	0.00221789	21.6362
1.65	-0.00560441	130.052	-44.0124	152.433	0.00223759	21.6282
1.66	-0.00576893	128.213	-44.0123	150.602	0.00225754	21.6201
1.67	-0.00593716	126.407	-44.0122	148.804	0.00227776	21.612
1.68	-0.00610914	124.633	-44.0121	147.038	0.00229823	21.6038
1.69	-0.00628494	122.89	-44.012	145.303	0.00231898	21.5956
1.7	-0.00646461	121.177	-44.0119	143.599	0.00233999	21.5873
1.71	-0.00664821	119.495	-44.0117	141.924	0.00236128	21.579
1.72	-0.00683579	117.841	-44.0116	140.279	0.00238284	21.5706
1.73	-0.00702742	116.216	-44.0115	138.661	0.00240468	21.5622
1.74	-0.00722316	114.618	-44.0114	137.072	0.0024268	21.5537
1.75	-0.00742305	113.048	-44.0113	135.51	0.0024492	21.5452
1.76	-0.00762717	111.504	-44.0112	133.975	0.00247189	21.5366
1.77	-0.00783557	109.986	-44.011	132.465	0.00249487	21.528
1.78	-0.0080483	108.493	-44.0109	130.981	0.00251815	21.5193
1.79	-0.00826544	107.025	-44.0108	129.522	0.00254172	21.5106
1.8	-0.00848703	105.581	-44.0107	128.086	0.00256559	21.5019
1.81	-0.00871315	104.161	-44.0105	126.675	0.00258977	21.4931
1.82	-0.00894385	102.764	-44.0104	125.287	0.00261425	21.4842
1.83	-0.00917919	101.39	-44.0103	123.921	0.00263905	21.4753
1.84	-0.00941923	100.038	-44.0101	122.578	0.00266416	21.4663
1.85	-0.00966404	98.7075	-44.01	121.256	0.00268958	21.4573
1.86	-0.00991367	97.3983	-44.0099	119.956	0.00271533	21.4483
1.87	-0.0101682	96.1098	-44.0097	118.677	0.00274141	21.4392
1.88	-0.0104277	94.8417	-44.0096	117.417	0.00276781	21.43
1.89	-0.0106922	93.5934	-44.0094	116.178	0.00279455	21.4208
1.9	-0.0109617	92.3647	-44.0093	114.958	0.00282162	21.4116
1.91	-0.0112364	91.155	-44.0091	113.758	0.00284904	21.4023
1.92	-0.0115163	89.9639	-44.009	112.576	0.0028768	21.3929
1.93	-0.0118015	88.7911	-44.0088	111.412	0.00290491	21.3835
1.94	-0.012092	87.6363	-44.0087	110.267	0.00293337	21.3741
1.95	-0.0123879	86.4989	-44.0085	109.139	0.00296219	21.3646
1.96	-0.0126893	85.3788	-44.0084	108.028	0.00299137	21.355
1.97	-0.0129962	84.2754	-44.0082	106.934	0.00302092	21.3454
1.98	-0.0133086	83.1886	-44.008	105.857	0.00305084	21.3358
1.99	-0.0136268	82.1179	-44.0079	104.795	0.00308113	21.3261
2	-0.0139506	81.063	-44.0077	103.75	0.0031118	21.3164
2.01	-0.0142802	80.0237	-44.0075	102.72	0.00314285	21.3066
2.02	-0.0146157	78.9996	-44.0073	101.706	0.00317429	21.2967
2.03	-0.0149571	77.9903	-44.0072	100.706	0.00320613	21.2868
2.04	-0.0153044	76.9957	-44.007	99.7213	0.00323836	21.2769
2.05	-0.0156578	76.0155	-44.0068	98.7507	0.00327099	21.2669
2.06	-0.0160173	75.0492	-44.0066	97.7943	0.00330404	21.2569
2.07	-0.016383	74.0968	-44.0064	96.8517	0.00333749	21.2468
2.08	-0.0167549	73.1579	-44.0062	95.9227	0.00337136	21.2367
2.09	-0.0171332	72.2322	-44.006	95.007	0.00340565	21.2265
2.1	-0.0175178	71.3196	-44.0058	94.1043	0.00344037	21.2163
2.11	-0.0179088	70.4197	-44.0056	93.2144	0.00347552	21.206
2.12	-0.0183063	69.5323	-44.0054	92.3371	0.00351111	21.1957
2.13	-0.0187105	68.6572	-44.0052	91.4722	0.00354715	21.1853
2.14	-0.0191212	67.7942	-44.005	90.6193	0.00358363	21.1749
2.15	-0.0195386	66.943	-44.0048	89.7783	0.00362056	21.1644
2.16	-0.0199629	66.1033	-44.0046	88.9489	0.00365795	21.1539
2.17	-0.0203939	65.2751	-44.0044	88.131	0.00369581	21.1433
2.18	-0.0208319	64.4581	-44.0041	87.3243	0.00373414	21.1327
2.19	-0.0212768	63.6521	-44.0039	86.5286	0.00377295	21.122
2.2	-0.0217287	62.8568	-44.0037	85.7438	0.00381223	21.1113
2.21	-0.0221878	62.0721	-44.0034	84.9696	0.00385201	21.1006
2.22	-0.022654	61.2978	-44.0032	84.2058	0.00389228	21.0897
2.23	-0.0231274	60.5337	-44.003	83.4523	0.00393305	21.0789
2.24	-0.0236082	59.7797	-44.0027	82.7089	0.00397432	21.068
2.25	-0.0240963	59.0355	-44.0025	81.9753	0.00401611	21.057
2.26	-0.0245918	58.3009	-44.0022	81.2515	0.00405842	21.046
2.27	-0.0250948	57.5759	-44.002	80.5372	0.00410125	21.0349
2.28	-0.0256054	56.8602	-44.0017	79.8323	0.00414462	21.0238
2.29	-0.0261236	56.1537	-44.0014	79.1366	0.00418852	21.0127
2.3	-0.0266495	55.4561	-44.0012	78.4499	0.00423297	21.0015
2.31	-0.0271832	54.7675	-44.0009	77.7722	0.00427797	20.9902
2.32	-0.0277246	54.0875	-44.0006	77.1032	0.00432353	20.9789
2.33	-0.028274	53.4161	-44.0003	76.4427	0.00436965	20.9676
2.34	-0.0288313	52.7531	-44.0001	75.7908	0.00441635	20.9562
2.35	-0.0293966	52.0983	-43.9998	75.1471	0.00446362	20.9447
2.36	-0.0299701	51.4517	-43.9995	74.5116	0.00451148	20.9332
2.37	-0.0305516	50.8131	-43.9992	73.8842	0.00455994	20.9217
2.38	-0.0311414	50.1823	-43.9989	73.2646	0.004609	20.9101
2.39	-0.0317394	49.5592	-43.9986	72.6528	0.00465867	20.8984
2.4	-0.0323458	48.9437	-43.9983	72.0486	0.00470895	20.8868
2.41	-0.0329605	48.3357	-43.9979	71.4519	0.00475986	20.875
2.42	-0.0335837	47.735	-43.9976	70.8626	0.0048114	20.8632
2.43	-0.0342155	47.1415	-43.9973	70.2806	0.00486358	20.8514
2.44	-0.0348558	46.5551	-43.997	69.7057	0.00491641	20.8395
2.45	-0.0355048	45.9757	-43.9966	69.1379	0.0049699	20.8276
2.46	-0.0361625	45.4032	-43.9963	68.5769	0.00502405	20.8156
2.47	-0.036829	44.8375	-43.996	68.0228	0.00507887	20.8035
2.48	-0.0375043	44.2783	-43.9956	67.4753	0.00513437	20.7915
2.49	-0.0381885	43.7258	-43.9952	66.9344	0.00519057	20.7793
2.5	-0.0388816	43.1796	-43.9949	66.4	0.00524746	20.7671
2.51	-0.0395838	42.6398	-43.9945	65.872	0.00530506	20.7549
2.52	-0.040295	42.1062	-43.9942	65.3502	0.00536337	20.7426
2.53	-0.0410154	41.5788	-43.9938	64.8346	0.00542241	20.7303
2.54	-0.041745	41.0574	-43.9934	64.3251	0.00548219	20.7179
2.55	-0.0424838	40.5419	-43.993	63.8216	0.0055427	20.7055
2.56	-0.0432319	40.0323	-43.9926	63.324	0.00560397	20.693
2.57	-0.0439894	39.5284	-43.9922	62.8321	0.00566601	20.6805
2.58	-0.0447563	39.0302	-43.9918	62.346	0.00572881	20.6679
2.59	-0.0455327	38.5376	-43.9914	61.8655	0.0057924	20.6553
2.6	-0.0463187	38.0504	-43.991	61.3905	0.00585677	20.6427
2.61	-0.0471142	37.5687	-43.9905	60.921	0.00592195	20.6299
2.62	-0.0479194	37.0923	-43.9901	60.4568	0.00598794	20.6172
2.63	-0.0487343	36.6211	-43.9897	59.998	0.00605475	20.6044
2.64	-0.049559	36.1551	-43.9892	59.5443	0.0061224	20.5915
2.65	-0.0503934	35.6942	-43.9888	59.0958	0.00619088	20.5786
2.66	-0.0512378	35.2383	-43.9883	58.6523	0.00626022	20.5656
2.67	-0.052092	34.7874	-43.9879	58.2137	0.00633043	20.5526
2.68	-0.0529562	34.3413	-43.9874	57.7801	0.00640151	20.5396
2.69	-0.0538305	33.8999	-43.9869	57.3513	0.00647347	20.5264
2.7	-0.0547148	33.4633	-43.9864	56.9273	0.00654634	20.5133
2.71	-0.0556092	33.0314	-43.9859	56.5079	0.00662011	20.5001
2.72	-0.0565138	32.604	-43.9854	56.0932	0.0066948	20.4868
2.73	-0.0574287	32.1811	-43.9849	55.683	0.00677042	20.4735
2.74	-0.0583538	31.7627	-43.9844	55.2773	0.00684699	20.4602
2.75	-0.0592892	31.3486	-43.9839	54.876	0.00692451	20.4468
2.76	-0.060235	30.9389	-43.9834	54.4791	0.007003	20.4333
2.77	-0.0611912	30.5334	-43.9828	54.0865	0.00708248	20.4198
2.78	-0.0621579	30.1321	-43.9823	53.698	0.00716294	20.4063
2.79	-0.0631351	29.7349	-43.9817	53.3138	0.00724441	20.3927
2.8	-0.0641228	29.3418	-43.9812	52.9337	0.00732689	20.379
2.81	-0.0651211	28.9527	-43.9806	52.5576	0.00741041	20.3653
2.82	-0.06613	28.5676	-43.98	52.1855	0.00749497	20.3516
2.83	-0.0671496	28.1864	-43.9794	51.8174	0.00758059	20.3378
2.84	-0.06818	27.809	-43.9788	51.4531	0.00766728	20.324
2.85	-0.0692211	27.4354	-43.9782	51.0926	0.00775506	20.3101
2.86	-0.070273	27.0655	-43.9776	50.736	0.00784393	20.2961
2.87	-0.0713357	26.6993	-43.977	50.383	0.00793391	20.2822
2.88	-0.0724093	26.3368	-43.9763	50.0338	0.00802502	20.2681
2.89	-0.0734938	25.9778	-43.9757	49.6881	0.00811727	20.254
2.9	-0.0745893	25.6224	-43.975	49.346	0.00821068	20.2399
2.91	-0.0756957	25.2704	-43.9744	49.0075	0.00830526	20.2257
2.92	-0.0768132	24.9219	-43.9737	48.6724	0.00840102	20.2115
2.93	-0.0779417	24.5768	-43.973	48.3407	0.00849798	20.1972
2.94	-0.0790813	24.235	-43.9723	48.0124	0.00859615	20.1829
2.95	-0.080232	23.8965	-43.9716	47.6874	0.00869556	20.1685
2.96	-0.0813938	23.5613	-43.9709	47.3658	0.00879621	20.1541
2.97	-0.0825669	23.2293	-43.9702	47.0474	0.00889813	20.1396
2.98	-0.0837511	22.9004	-43.9694	46.7321	0.00900132	20.1251
2.99	-0.0849466	22.5747	-43.9687	46.4201	0.00910581	20.1105
3	-0.0861533	22.252	-43.9679	46.1111	0.00921161	20.0959
3.01	-0.0873713	21.9324	-43.9672	45.8052	0.00931874	20.0812
3.02	-0.0886007	21.6157	-43.9664	45.5024	0.00942721	20.0665
3.03	-0.0898413	21.3021	-43.9656	45.2025	0.00953704	20.0517
3.04	-0.0910934	20.9913	-43.9648	44.9056	0.00964826	20.0369
3.05	-0.0923568	20.6834	-43.964	44.6117	0.00976087	20.022
3.06	-0.0936316	20.3784	-43.9631	44.3206	0.0098749	20.0071
3.07	-0.0949178	20.0762	-43.9623	44.0323	0.00999036	19.9922
3.08	-0.0962154	19.7767	-43.9614	43.7468	0.0101073	19.9772
3.09	-0.0975246	19.48	-43.9606	43.4641	0.0102256	19.9621
3.1	-0.0988452	19.186	-43.9597	43.1842	0.0103455	19.947
3.11	-0.100177	18.8946	-43.9588	42.9069	0.0104669	19.9318
3.12	-0.101521	18.6059	-43.9579	42.6323	0.0105898	19.9166
3.13	-0.102876	18.3198	-43.957	42.3603	0.0107143	19.9014
3.14	-0.104243	18.0362	-43.956	42.091	0.0108403	19.8861
3.15	-0.105621	17.7552	-43.9551	41.8241	0.0109679	19.8707
3.16	-0.10701	17.4766	-43.9541	41.5598	0.0110971	19.8553
3.17	-0.108412	17.2005	-43.9531	41.2981	0.0112279	19.8399
3.18	-0.109825	16.9269	-43.9521	41.0387	0.0113604	19.8244
3.19	-0.111249	16.6556	-43.9511	40.7818	0.0114946	19.8088
3.2	-0.112685	16.3868	-43.9501	40.5273	0.0116304	19.7932
3.21	-0.114132	16.1202	-43.9491	40.2752	0.011768	19.7776
3.22	-0.115592	15.856	-43.948	40.0255	0.0119073	19.7619
3.23	-0.117062	15.5941	-43.9469	39.778	0.0120483	19.7461
3.24	-0.118545	15.3344	-43.9459	39.5328	0.0121911	19.7303
3.25	-0.120038	15.077	-43.9448	39.2899	0.0123358	19.7145
3.26	-0.121544	14.8217	-43.9436	39.0493	0.0124822	19.6986
3.27	-0.123061	14.5687	-43.9425	38.8108	0.0126305	19.6827
3.28	-0.124589	14.3177	-43.9414	38.5745	0.0127807	19.6667
3.29	-0.12613	14.0689	-43.9402	38.3404	0.0129328	19.6506
3.3	-0.127681	13.8222	-43.939	38.1084	0.0130867	19.6345
3.31	-0.129244	13.5776	-43.9378	37.8784	0.0132427	19.6184
3.32	-0.130819	13.335	-43.9366	37.6506	0.0134006	19.6022
3.33	-0.132405	13.0945	-43.9353	37.4248	0.0135605	19.586
3.34	-0.134003	12.8559	-43.9341	37.201	0.0137224	19.5697
3.35	-0.135613	12.6193	-43.9328	36.9793	0.0138863	19.5534
3.36	-0.137233	12.3847	-43.9315	36.7595	0.0140524	19.537
3.37	-0.138865	12.152	-43.9302	36.5417	0.0142205	19.5206
3.38	-0.140509	11.9212	-43.9288	36.3258	0.0143908	19.5041
3.39	-0.142164	11.6923	-43.9275	36.1118	0.0145632	19.4876
3.4	-0.14383	11.4652	-43.9261	35.8997	0.0147378	19.471
3.41	-0.145508	11.24	-43.9247	35.6894	0.0149146	19.4544
3.42	-0.147197	11.0166	-43.9233	35.481	0.0150936	19.4377
3.43	-0.148898	10.795	-43.9219	35.2744	0.0152749	19.421
3.44	-0.150609	10.5751	-43.9204	35.0696	0.0154585	19.4042
3.45	-0.152332	10.357	-43.9189	34.8666	0.0156444	19.3874
3.46	-0.154067	10.1407	-43.9174	34.6654	0.0158327	19.3705
3.47	-0.155812	9.92606	-43.9159	34.4659	0.0160233	19.3536
3.48	-0.157568	9.71312	-43.9143	34.2681	0.0162164	19.3367
3.49	-0.159336	9.50186	-43.9128	34.072	0.0164119	19.3196
3.5	-0.161115	9.29225	-43.9112	33.8776	0.0166099	19.3026
3.51	-0.162905	9.08429	-43.9095	33.6848	0.0168104	19.2855
3.52	-0.164705	8.87794	-43.9079	33.4937	0.0170134	19.2683
3.53	-0.166517	8.67319	-43.9062	33.3042	0.017219	19.2511
3.54	-0.16834	8.47003	-43.9045	33.1163	0.0174272	19.2338
3.55	-0.170173	8.26843	-43.9028	32.93	0.0176381	19.2165
3.56	-0.172018	8.06838	-43.9011	32.7452	0.0178516	19.1992
3.57	-0.173873	7.86986	-43.8993	32.562	0.0180678	19.1818
3.58	-0.175739	7.67286	-43.8975	32.3804	0.0182868	19.1643
3.59	-0.177615	7.47735	-43.8957	32.2002	0.0185085	19.1468
3.6	-0.179502	7.28332	-43.8938	32.0216	0.0187331	19.1293
3.61	-0.1814	7.09077	-43.8919	31.8444	0.0189605	19.1117
3.62	-0.183308	6.89966	-43.89	31.6688	0.0191908	19.094
3.63	-0.185227	6.70998	-43.8881	31.4945	0.019424	19.0763
3.64	-0.187156	6.52172	-43.8861	31.3217	0.0196601	19.0586
3.65	-0.189095	6.33487	-43.8841	31.1503	0.0198993	19.0408
3.66	-0.191045	6.1494	-43.8821	30.9803	0.0201415	19.0229
3.67	-0.193005	5.96531	-43.88	30.8117	0.0203867	19.005
3.68	-0.194975	5.78257	-43.8779	30.6445	0.0206351	18.9871
3.69	-0.196955	5.60119	-43.8758	30.4786	0.0208866	18.9691
3.7	-0.198945	5.42113	-43.8737	30.3141	0.0211413	18.9511
3.71	-0.200945	5.24238	-43.8715	30.1509	0.0213992	18.933
3.72	-0.202955	5.06494	-43.8693	29.989	0.0216605	18.9149
3.73	-0.204975	4.88879	-43.867	29.8284	0.021925	18.8967
3.74	-0.207004	4.71392	-43.8648	29.6691	0.0221929	18.8784
3.75	-0.209043	4.54031	-43.8624	29.5111	0.0224641	18.8602
3.76	-0.211091	4.36794	-43.8601	29.3543	0.0227389	18.8418
3.77	-0.213149	4.19682	-43.8577	29.1988	0.0230171	18.8234
3.78	-0.215217	4.02692	-43.8553	29.0445	0.0232988	18.805
3.79	-0.217293	3.85823	-43.8528	28.8915	0.0235841	18.7865
3.8	-0.219379	3.69074	-43.8503	28.7396	0.0238731	18.768
3.81	-0.221474	3.52443	-43.8478	28.5889	0.0241656	18.7494
3.82	-0.223578	3.35931	-43.8452	28.4395	0.024462	18.7308
3.83	-0.225691	3.19535	-43.8426	28.2911	0.024762	18.7121
3.84	-0.227812	3.03254	-43.84	28.144	0.0250659	18.6934
3.85	-0.229943	2.87087	-43.8373	27.998	0.0253736	18.6746
3.86	-0.232082	2.71033	-43.8346	27.8531	0.0256853	18.6558
3.87	-0.23423	2.55091	-43.8318	27.7093	0.0260009	18.637
3.88	-0.236386	2.3926	-43.829	27.5667	0.0263205	18.618
3.89	-0.23855	2.23539	-43.8262	27.4251	0.0266441	18.5991
3.9	-0.240723	2.07926	-43.8233	27.2847	0.0269718	18.5801
3.91	-0.242904	1.92421	-43.8203	27.1453	0.0273038	18.561
3.92	-0.245093	1.77023	-43.8174	27.007	0.0276399	18.5419
3.93	-0.247289	1.6173	-43.8143	26.8697	0.0279803	18.5227
3.94	-0.249494	1.46541	-43.8113	26.7335	0.028325	18.5035
3.95	-0.251706	1.31457	-43.8082	26.5983	0.028674	18.4842
3.96	-0.253926	1.16475	-43.805	26.4641	0.0290275	18.4649
3.97	-0.256153	1.01595	-43.8018	26.331	0.0293855	18.4456
3.98	-0.258388	0.868152	-43.7986	26.1988	0.029748	18.4262
3.99	-0.26063	0.721356	-43.7953	26.0677	0.0301151	18.4067
4	-0.262879	0.575549	-43.7919	25.9375	0.0304869	18.3872
4.01	-0.265134	0.430723	-43.7885	25.8083	0.0308634	18.3677
4.02	-0.267397	0.286867	-43.7851	25.6801	0.0312446	18.3481
4.03	-0.269667	0.143975	-43.7815	25.5528	0.0316307	18.3284
4.04	-0.271943	0.0020367	-43.778	25.4264	0.0320217	18.3087
4.05	-0.274225	-0.138956	-43.7744	25.301	0.0324176	18.289
4.06	-0.276514	-0.279011	-43.7707	25.1765	0.0328185	18.2692
4.07	-0.278809	-0.418137	-43.767	25.053	0.0332245	18.2493
4.08	-0.28111	-0.556342	-43.7632	24.9303	0.0336357	18.2294
4.09	-0.283418	-0.693634	-43.7594	24.8086	0.0340521	18.2095
4.1	-0.28573	-0.830021	-43.7555	24.6877	0.0344737	18.1895
4.11	-0.288049	-0.96551	-43.7516	24.5677	0.0349007	18.1695
4.12	-0.290373	-1.10011	-43.7476	24.4486	0.035333	18.1494
4.13	-0.292702	-1.23383	-43.7435	24.3303	0.0357709	18.1292
4.14	-0.295037	-1.36667	-43.7394	24.2129	0.0362142	18.109
4.15	-0.297376	-1.49864	-43.7352	24.0964	0.0366632	18.0888
4.16	-0.299721	-1.62975	-43.731	23.9807	0.0371179	18.0685
4.17	-0.30207	-1.76001	-43.7267	23.8658	0.0375783	18.0482
4.18	-0.304424	-1.88943	-43.7223	23.7517	0.0380445	18.0278
4.19	-0.306783	-2.018	-43.7179	23.6385	0.0385166	18.0074
4.2	-0.309145	-2.14574	-43.7134	23.5261	0.0389947	17.9869
4.21	-0.311512	-2.27265	-43.7088	23.4144	0.0394788	17.9664
4.22	-0.313883	-2.39875	-43.7042	23.3036	0.039969	17.9458
4.23	-0.316258	-2.52402	-43.6995	23.1936	0.0404654	17.9252
4.24	-0.318636	-2.6485	-43.6947	23.0843	0.0409681	17.9045
4.25	-0.321018	-2.77217	-43.6899	22.9758	0.0414771	17.8838
4.26	-0.323403	-2.89504	-43.6849	22.868	0.0419925	17.863
4.27	-0.325792	-3.01713	-43.68	22.7611	0.0425144	17.8422
4.28	-0.328183	-3.13843	-43.6749	22.6548	0.0430429	17.8213
4.29	-0.330577	-3.25896	-43.6698	22.5493	0.0435781	17.8004
4.3	-0.332974	-3.37871	-43.6645	22.4446	0.04412	17.7794
4.31	-0.335374	-3.4977	-43.6592	22.3405	0.0446687	17.7584
4.32	-0.337775	-3.61593	-43.6539	22.2372	0.0452243	17.7373
4.33	-0.340179	-3.7334	-43.6484	22.1346	0.0457869	17.7162
4.34	-0.342585	-3.85012	-43.6429	22.0327	0.0463566	17.6951
4.35	-0.344992	-3.9661	-43.6373	21.9316	0.0469334	17.6739
4.36	-0.347402	-4.08134	-43.6316	21.8311	0.0475175	17.6526
4.37	-0.349812	-4.19584	-43.6258	21.7313	0.0481089	17.6313
4.38	-0.352224	-4.30961	-43.62	21.6322	0.0487078	17.6099
4.39	-0.354637	-4.42266	-43.614	21.5337	0.0493142	17.5885
4.4	-0.357051	-4.53499	-43.608	21.436	0.0499281	17.5671
4.41	-0.359465	-4.6466	-43.6019	21.3388	0.0505498	17.5456
4.42	-0.36188	-4.7575	-43.5956	21.2424	0.0511792	17.524
4.43	-0.364295	-4.8677	-43.5893	21.1466	0.0518166	17.5024
4.44	-0.366711	-4.97719	-43.5829	21.0515	0.0524619	17.4807
4.45	-0.369126	-5.08599	-43.5764	20.9569	0.0531153	17.459
4.46	-0.371541	-5.19409	-43.5698	20.8631	0.0537768	17.4373
4.47	-0.373955	-5.30151	-43.5632	20.7698	0.0544466	17.4155
4.48	-0.376369	-5.40824	-43.5564	20.6772	0.0551248	17.3937
4.49	-0.378782	-5.51428	-43.5495	20.5852	0.0558115	17.3718
4.5	-0.381194	-5.61965	-43.5425	20.4938	0.0565067	17.3498
4.51	-0.383605	-5.72435	-43.5354	20.403	0.0572106	17.3278
4.52	-0.386014	-5.82838	-43.5282	20.3129	0.0579233	17.3058
4.53	-0.388421	-5.93174	-43.5209	20.2233	0.0586448	17.2837
4.54	-0.390827	-6.03444	-43.5135	20.1343	0.0593754	17.2616
4.55	-0.39323	-6.13648	-43.506	20.0459	0.060115	17.2394
4.56	-0.395632	-6.23787	-43.4984	19.9581	0.0608638	17.2171
4.57	-0.39803	-6.3386	-43.4906	19.8708	0.0616219	17.1948
4.58	-0.400427	-6.43868	-43.4828	19.7841	0.0623894	17.1725
4.59	-0.40282	-6.53812	-43.4748	19.698	0.0631665	17.1501
4.6	-0.40521	-6.63692	-43.4667	19.6125	0.0639532	17.1277
4.61	-0.407596	-6.73508	-43.4585	19.5275	0.0647496	17.1052
4.62	-0.40998	-6.8326	-43.4502	19.443	0.0655559	17.0827
4.63	-0.412359	-6.92948	-43.4418	19.3591	0.0663721	17.0601
4.64	-0.414734	-7.02574	-43.4332	19.2758	0.0671985	17.0375
4.65	-0.417106	-7.12137	-43.4245	19.193	0.068035	17.0148
4.66	-0.419473	-7.21637	-43.4157	19.1107	0.0688819	16.9921
4.67	-0.421835	-7.31075	-43.4067	19.0289	0.0697392	16.9693
4.68	-0.424192	-7.40451	-43.3976	18.9477	0.0706071	16.9465
4.69	-0.426544	-7.49765	-43.3884	18.867	0.0714857	16.9236
4.7	-0.428892	-7.59018	-43.3791	18.7868	0.0723751	16.9007
4.71	-0.431233	-7.68209	-43.3696	18.7071	0.0732754	16.8777
4.72	-0.433569	-7.77339	-43.36	18.6279	0.0741867	16.8547
4.73	-0.435899	-7.86408	-43.3502	18.5492	0.0751093	16.8316
4.74	-0.438223	-7.95417	-43.3403	18.471	0.0760431	16.8085
4.75	-0.44054	-8.04365	-43.3303	18.3934	0.0769884	16.7853
4.76	-0.442851	-8.13253	-43.3201	18.3161	0.0779452	16.7621
4.77	-0.445154	-8.22081	-43.3097	18.2394	0.0789137	16.7389
4.78	-0.447451	-8.30848	-43.2992	18.1632	0.0798941	16.7156
4.79	-0.449741	-8.39556	-43.2886	18.0874	0.0808864	16.6922
4.8	-0.452023	-8.48205	-43.2778	18.0122	0.0818907	16.6688
4.81	-0.454297	-8.56794	-43.2668	17.9373	0.0829073	16.6453
4.82	-0.456564	-8.65324	-43.2557	17.863	0.0839363	16.6218
4.83	-0.458822	-8.73794	-43.2444	17.7891	0.0849777	16.5983
4.84	-0.461071	-8.82206	-43.233	17.7157	0.0860318	16.5747
4.85	-0.463313	-8.90559	-43.2214	17.6427	0.0870987	16.551
4.86	-0.465545	-8.98853	-43.2096	17.5702	0.0881784	16.5273
4.87	-0.467768	-9.07088	-43.1976	17.4981	0.0892712	16.5036
4.88	-0.469982	-9.15265	-43.1855	17.4264	0.0903772	16.4798
4.89	-0.472186	-9.23383	-43.1732	17.3552	0.0914965	16.4559
4.9	-0.47438	-9.31443	-43.1607	17.2845	0.0926293	16.432
4.91	-0.476565	-9.39445	-43.1481	17.2141	0.0937756	16.4081
4.92	-0.478739	-9.47389	-43.1353	17.1442	0.0949358	16.3841
4.93	-0.480903	-9.55275	-43.1222	17.0747	0.0961099	16.36
4.94	-0.483055	-9.63102	-43.109	17.0057	0.097298	16.3359
4.95	-0.485197	-9.70872	-43.0956	16.937	0.0985003	16.3118
4.96	-0.487328	-9.78584	-43.082	16.8688	0.099717	16.2876
4.97	-0.489448	-9.86238	-43.0682	16.801	0.100948	16.2634
4.98	-0.491556	-9.93834	-43.0543	16.7336	0.102194	16.2391
4.99	-0.493651	-10.0137	-43.0401	16.6666	0.103455	16.2148
5	-0.495735	-10.0885	-43.0257	16.6	0.10473	16.1904
5.01	-0.497807	-10.1628	-43.0111	16.5338	0.106021	16.1659
5.02	-0.499866	-10.2364	-42.9963	16.468	0.107327	16.1414
5.03	-0.501912	-10.3095	-42.9813	16.4026	0.108648	16.1169
5.04	-0.503945	-10.382	-42.966	16.3376	0.109985	16.0923
5.05	-0.505965	-10.4539	-42.9506	16.2729	0.111338	16.0677
5.06	-0.507972	-10.5252	-42.9349	16.2087	0.112706	16.043
5.07	-0.509964	-10.596	-42.919	16.1448	0.114091	16.0183
5.08	-0.511943	-10.6662	-42.9029	16.0813	0.115492	15.9935
5.09	-0.513908	-10.7358	-42.8865	16.0182	0.116909	15.9687
5.1	-0.515858	-10.8048	-42.8699	15.9554	0.118343	15.9438
5.11	-0.517794	-10.8733	-42.8531	15.893	0.119793	15.9189
5.12	-0.519715	-10.9411	-42.836	15.831	0.12126	15.8939
5.13	-0.521621	-11.0084	-42.8187	15.7693	0.122745	15.8689
5.14	-0.523511	-11.0752	-42.8012	15.708	0.124246	15.8438
5.15	-0.525386	-11.1413	-42.7834	15.6471	0.125765	15.8187
5.16	-0.527246	-11.2068	-42.7653	15.5865	0.127301	15.7936
5.17	-0.529089	-11.2718	-42.747	15.5263	0.128855	15.7683
5.18	-0.530916	-11.3362	-42.7284	15.4664	0.130427	15.7431
5.19	-0.532727	-11.4	-42.7096	15.4068	0.132017	15.7178
5.2	-0.534521	-11.4632	-42.6905	15.3476	0.133624	15.6924
5.21	-0.536299	-11.5258	-42.6711	15.2888	0.135251	15.667
5.22	-0.538059	-11.5878	-42.6515	15.2303	0.136895	15.6415
5.23	-0.539802	-11.6493	-42.6316	15.1721	0.138559	15.616
5.24	-0.541528	-11.7101	-42.6114	15.1142	0.140241	15.5905
5.25	-0.543236	-11.7704	-42.5909	15.0567	0.141942	15.5649
5.26	-0.544926	-11.8301	-42.5701	14.9995	0.143662	15.5392
5.27	-0.546597	-11.8891	-42.5491	14.9426	0.145402	15.5135
5.28	-0.548251	-11.9476	-42.5277	14.8861	0.147161	15.4878
5.29	-0.549886	-12.0055	-42.5061	14.8298	0.14894	15.462
5.3	-0.551502	-12.0628	-42.4841	14.7739	0.150738	15.4361
5.31	-0.5531	-12.1194	-42.4618	14.7183	0.152557	15.4102
5.32	-0.554678	-12.1755	-42.4392	14.6631	0.154395	15.3843
5.33	-0.556236	-12.231	-42.4163	14.6081	0.156254	15.3583
5.34	-0.557776	-12.2858	-42.3931	14.5534	0.158134	15.3322
5.35	-0.559295	-12.3401	-42.3696	14.4991	0.160034	15.3061
5.36	-0.560795	-12.3937	-42.3457	14.445	0.161955	15.28
5.37	-0.562274	-12.4467	-42.3215	14.3913	0.163896	15.2538
5.38	-0.563733	-12.4992	-42.297	14.3378	0.165859	15.2276
5.39	-0.565171	-12.5509	-42.2721	14.2847	0.167843	15.2013
5.4	-0.566589	-12.6021	-42.2469	14.2318	0.169849	15.1749
5.41	-0.567985	-12.6527	-42.2214	14.1793	0.171876	15.1485
5.42	-0.569361	-12.7026	-42.1955	14.127	0.173925	15.1221
5.43	-0.570715	-12.7519	-42.1692	14.075	0.175996	15.0956
5.44	-0.572048	-12.8005	-42.1425	14.0233	0.178089	15.0691
5.45	-0.573359	-12.8486	-42.1155	13.9719	0.180204	15.0425
5.46	-0.574648	-12.896	-42.0882	13.9208	0.182342	15.0159
5.47	-0.575915	-12.9427	-42.0604	13.8699	0.184502	14.9892
5.48	-0.57716	-12.9888	-42.0323	13.8193	0.186685	14.9625
5.49	-0.578382	-13.0343	-42.0038	13.769	0.18889	14.9357
5.5	-0.579582	-13.0791	-41.9749	13.719	0.191119	14.9089
5.51	-0.580759	-13.1233	-41.9456	13.6693	0.19337	14.882
5.52	-0.581913	-13.1668	-41.9159	13.6198	0.195645	14.8551
5.53	-0.583044	-13.2096	-41.8858	13.5706	0.197944	14.8282
5.54	-0.584152	-13.2516	-41.8553	13.5216	0.200266	14.8014
5.55	-0.585236	-13.2927	-41.8244	13.4729	0.202611	14.7748
5.56	-0.586297	-13.333	-41.7931	13.4245	0.20498	14.7482
5.57	-0.587334	-13.3726	-41.7613	13.3764	0.207374	14.7217
5.58	-0.588347	-13.4113	-41.7291	13.3285	0.209791	14.6953
5.59	-0.589336	-13.4492	-41.6965	13.2808	0.212233	14.6691
5.6	-0.590301	-13.4862	-41.6634	13.2334	0.214698	14.6429
5.61	-0.591242	-13.5225	-41.6299	13.1863	0.217189	14.6168
5.62	-0.592158	-13.5579	-41.596	13.1394	0.219704	14.5907
5.63	-0.593049	-13.5925	-41.5616	13.0928	0.222243	14.5648
5.64	-0.593916	-13.6262	-41.5267	13.0464	0.224808	14.539
5.65	-0.594758	-13.6592	-41.4914	13.0002	0.227397	14.5133
5.66	-0.595574	-13.6912	-41.4556	12.9543	0.230011	14.4876
5.67	-0.596366	-13.7225	-41.4193	12.9087	0.23265	14.4621
5.68	-0.597132	-13.7528	-41.3826	12.8633	0.235315	14.4366
5.69	-0.597873	-13.7824	-41.3453	12.8181	0.238005	14.4112
5.7	-0.598589	-13.8111	-41.3076	12.7732	0.24072	14.386
5.71	-0.599279	-13.8389	-41.2694	12.7285	0.24346	14.3608
5.72	-0.599943	-13.8659	-41.2306	12.684	0.246227	14.3357
5.73	-0.600581	-13.892	-41.1914	12.6398	0.249018	14.3106
5.74	-0.601193	-13.9172	-41.1516	12.5958	0.251836	14.2857
5.75	-0.60178	-13.9415	-41.1114	12.552	0.254679	14.2609
5.76	-0.60234	-13.965	-41.0706	12.5084	0.257548	14.2361
5.77	-0.602874	-13.9876	-41.0292	12.4651	0.260443	14.2114
5.78	-0.603381	-14.0094	-40.9874	12.422	0.263363	14.1869
5.79	-0.603863	-14.0302	-40.945	12.3792	0.26631	14.1623
5.8	-0.604317	-14.0501	-40.902	12.3365	0.269283	14.1379
5.81	-0.604746	-14.0692	-40.8585	12.2941	0.272281	14.1136
5.82	-0.605147	-14.0874	-40.8144	12.2519	0.275306	14.0893
5.83	-0.605522	-14.1046	-40.7698	12.2099	0.278357	14.0652
5.84	-0.60587	-14.1209	-40.7246	12.1681	0.281433	14.0411
5.85	-0.606191	-14.1364	-40.6788	12.1265	0.284536	14.0171
5.86	-0.606486	-14.1509	-40.6324	12.0852	0.287665	13.9932
5.87	-0.606753	-14.1645	-40.5855	12.044	0.29082	13.9693
5.88	-0.606993	-14.1772	-40.5379	12.0031	0.294001	13.9456
5.89	-0.607207	-14.1889	-40.4898	11.9624	0.297208	13.9219
5.9	-0.607393	-14.1998	-40.441	11.9219	0.300441	13.8983
5.91	-0.607552	-14.2096	-40.3917	11.8816	0.3037	13.8748
5.92	-0.607684	-14.2186	-40.3417	11.8414	0.306985	13.8514
5.93	-0.607789	-14.2266	-40.2911	11.8015	0.310296	13.828
5.94	-0.607866	-14.2337	-40.2398	11.7618	0.313632	13.8047
5.95	-0.607917	-14.2398	-40.1879	11.7223	0.316994	13.7815
5.96	-0.60794	-14.2449	-40.1354	11.683	0.320382	13.7584
5.97	-0.607935	-14.2491	-40.0822	11.6439	0.323795	13.7353
5.98	-0.607904	-14.2523	-40.0284	11.605	0.327233	13.7124
5.99	-0.607845	-14.2546	-39.9739	11.5663	0.330697	13.6895
6	-0.607759	-14.2559	-39.9187	11.5278	0.334186	13.6667
6.01	-0.607645	-14.2562	-39.8629	11.4894	0.337701	13.6439
6.02	-0.607504	-14.2555	-39.8064	11.4513	0.34124	13.6213
6.03	-0.607336	-14.2538	-39.7491	11.4134	0.344803	13.5987
6.04	-0.607141	-14.2512	-39.6913	11.3756	0.348392	13.5762
6.05	-0.606918	-14.2475	-39.6327	11.338	0.352004	13.5537
6.06	-0.606668	-14.2429	-39.5734	11.3006	0.355641	13.5314
6.07	-0.606391	-14.2372	-39.5133	11.2634	0.359302	13.5091
6.08	-0.606087	-14.2306	-39.4526	11.2264	0.362987	13.4868
6.09	-0.605755	-14.2229	-39.3912	11.1896	0.366695	13.4647
6.1	-0.605396	-14.2143	-39.329	11.1529	0.370427	13.4426
6.11	-0.605011	-14.2046	-39.2661	11.1164	0.374182	13.4206
6.12	-0.604598	-14.1938	-39.2024	11.0801	0.37796	13.3987
6.13	-0.604158	-14.1821	-39.138	11.044	0.38176	13.3768
6.14	-0.603691	-14.1693	-39.0729	11.0081	0.385583	13.355
6.15	-0.603198	-14.1555	-39.007	10.9723	0.389427	13.3333
6.16	-0.602677	-14.1406	-38.9403	10.9367	0.393293	13.3117
6.17	-0.60213	-14.1247	-38.8728	10.9013	0.397181	13.2901
6.18	-0.601556	-14.1078	-38.8046	10.866	0.40109	13.2686
6.19	-0.600956	-14.0898	-38.7356	10.831	0.405019	13.2472
6.2	-0.600329	-14.0708	-38.6658	10.796	0.408969	13.2258
6.21	-0.599676	-14.0507	-38.5952	10.7613	0.412938	13.2045
6.22	-0.598996	-14.0295	-38.5239	10.7267	0.416928	13.1833
6.23	-0.59829	-14.0072	-38.4517	10.6923	0.420936	13.1621
6.24	-0.597558	-13.9839	-38.3787	10.6581	0.424963	13.141
6.25	-0.596799	-13.9596	-38.3049	10.624	0.429008	13.12
6.26	-0.596015	-13.9341	-38.2303	10.5901	0.433071	13.099
6.27	-0.595205	-13.9076	-38.1548	10.5563	0.437152	13.0781
6.28	-0.594369	-13.88	-38.0785	10.5227	0.441249	13.0573
6.29	-0.593508	-13.8513	-38.0014	10.4893	0.445363	13.0366
6.3	-0.592621	-13.8215	-37.9234	10.456	0.449492	13.0159
6.31	-0.591708	-13.7906	-37.8446	10.4229	0.453637	12.9952
6.32	-0.590771	-13.7587	-37.765	10.39	0.457797	12.9747
6.33	-0.589808	-13.7256	-37.6845	10.3572	0.46197	12.9542
6.34	-0.58882	-13.6914	-37.6031	10.3245	0.466158	12.9338
6.35	-0.587807	-13.6562	-37.5208	10.292	0.470358	12.9134
6.36	-0.58677	-13.6198	-37.4377	10.2597	0.474571	12.8931
6.37	-0.585708	-13.5823	-37.3538	10.2275	0.478796	12.8728
6.38	-0.584622	-13.5437	-37.2689	10.1955	0.483032	12.8527
6.39	-0.583511	-13.5041	-37.1832	10.1636	0.487278	12.8326
6.4	-0.582376	-13.4632	-37.0965	10.1318	0.491534	12.8125
6.41	-0.581218	-13.4213	-37.009	10.1002	0.4958	12.7925
6.42	-0.580035	-13.3783	-36.9206	10.0688	0.500073	12.7726
6.43	-0.578829	-13.3341	-36.8313	10.0375	0.504354	12.7527
6.44	-0.577599	-13.2888	-36.7411	10.0064	0.508643	12.7329
6.45	-0.576347	-13.2425	-36.6499	9.97536	0.512937	12.7132
6.46	-0.575071	-13.1949	-36.5579	9.9445	0.517237	12.6935
6.47	-0.573772	-13.1463	-36.465	9.91379	0.521541	12.6739
6.48	-0.57245	-13.0965	-36.3711	9.88321	0.525849	12.6543
6.49	-0.571106	-13.0456	-36.2763	9.85278	0.53016	12.6348
6.5	-0.56974	-12.9936	-36.1806	9.82249	0.534474	12.6154
6.51	-0.568352	-12.9405	-36.084	9.79233	0.538788	12.596
6.52	-0.566941	-12.8862	-35.9865	9.76232	0.543103	12.5767
6.53	-0.565509	-12.8308	-35.888	9.73244	0.547417	12.5574
6.54	-0.564055	-12.7743	-35.7886	9.7027	0.55173	12.5382
6.55	-0.56258	-12.7167	-35.6882	9.6731	0.55604	12.5191
6.56	-0.561084	-12.6579	-35.5869	9.64363	0.560347	12.5
6.57	-0.559567	-12.598	-35.4847	9.61429	0.56465	12.481
6.58	-0.558029	-12.537	-35.3816	9.58509	0.568947	12.462
6.59	-0.556471	-12.4749	-35.2775	9.55602	0.573238	12.4431
6.6	-0.554893	-12.4116	-35.1724	9.52709	0.577522	12.4242
6.61	-0.553294	-12.3473	-35.0665	9.49828	0.581798	12.4054
6.62	-0.551676	-12.2818	-34.9596	9.46961	0.586064	12.3867
6.63	-0.550038	-12.2152	-34.8517	9.44107	0.59032	12.368
6.64	-0.548381	-12.1475	-34.7429	9.41265	0.594565	12.3494
6.65	-0.546705	-12.0787	-34.6331	9.38436	0.598797	12.3308
6.66	-0.54501	-12.0087	-34.5224	9.3562	0.603016	12.3123
6.67	-0.543297	-11.9377	-34.4108	9.32817	0.607219	12.2939
6.68	-0.541565	-11.8656	-34.2982	9.30026	0.611407	12.2754
6.69	-0.539815	-11.7923	-34.1847	9.27248	0.615578	12.2571
6.7	-0.538047	-11.718	-34.0703	9.24482	0.619732	12.2388
6.71	-0.536261	-11.6426	-33.9549	9.21729	0.623865	12.2206
6.72	-0.534459	-11.5661	-33.8385	9.18987	0.627979	12.2024
6.73	-0.532639	-11.4885	-33.7212	9.16258	0.632071	12.1842
6.74	-0.530802	-11.4098	-33.603	9.13542	0.63614	12.1662
6.75	-0.528949	-11.3301	-33.4839	9.10837	0.640185	12.1481
6.76	-0.527079	-11.2493	-33.3638	9.08144	0.644205	12.1302
6.77	-0.525194	-11.1674	-33.2428	9.05463	0.648199	12.1123
6.78	-0.523292	-11.0845	-33.1209	9.02794	0.652165	12.0944
6.79	-0.521375	-11.0005	-32.998	9.00137	0.656103	12.0766
6.8	-0.519443	-10.9154	-32.8743	8.97491	0.66001	12.0588
6.81	-0.517496	-10.8294	-32.7496	8.94857	0.663887	12.0411
6.82	-0.515534	-10.7423	-32.624	8.92235	0.66773	12.0235
6.83	-0.513558	-10.6541	-32.4975	8.89624	0.671541	12.0059
6.84	-0.511567	-10.565	-32.3701	8.87025	0.675316	11.9883
6.85	-0.509563	-10.4748	-32.2418	8.84437	0.679055	11.9708
6.86	-0.507545	-10.3836	-32.1126	8.8186	0.682756	11.9534
6.87	-0.505513	-10.2915	-31.9825	8.79295	0.686419	11.936
6.88	-0.503469	-10.1983	-31.8515	8.76741	0.690042	11.9186
6.89	-0.501412	-10.1042	-31.7197	8.74198	0.693623	11.9013
6.9	-0.499342	-10.0091	-31.587	8.71666	0.697163	11.8841
6.91	-0.49726	-9.91301	-31.4534	8.69145	0.700658	11.8669
6.92	-0.495166	-9.81598	-31.3189	8.66634	0.704108	11.8497
6.93	-0.493061	-9.71801	-31.1836	8.64135	0.707512	11.8326
6.94	-0.490944	-9.61911	-31.0475	8.61647	0.710869	11.8156
6.95	-0.488816	-9.51928	-30.9105	8.59169	0.714177	11.7986
6.96	-0.486677	-9.41853	-30.7727	8.56702	0.717435	11.7816
6.97	-0.484528	-9.31688	-30.6341	8.54245	0.720642	11.7647
6.98	-0.482368	-9.21434	-30.4947	8.51799	0.723796	11.7479
6.99	-0.480199	-9.11091	-30.3544	8.49364	0.726897	11.731
7	-0.478019	-9.00662	-30.2134	8.46939	0.729943	11.7143
7.01	-0.475831	-8.90146	-30.0716	8.44524	0.732933	11.6976
7.02	-0.473633	-8.79546	-29.929	8.4212	0.735865	11.6809
7.03	-0.471427	-8.68862	-29.7856	8.39726	0.738739	11.6643
7.04	-0.469212	-8.58095	-29.6415	8.37342	0.741554	11.6477
7.05	-0.466988	-8.47248	-29.4966	8.34968	0.744308	11.6312
7.06	-0.464757	-8.3632	-29.351	8.32604	0.747	11.6147
7.07	-0.462518	-8.25315	-29.2047	8.30251	0.749629	11.5983
7.08	-0.460272	-8.14232	-29.0576	8.27907	0.752194	11.5819
7.09	-0.458018	-8.03073	-28.9098	8.25573	0.754694	11.5656
7.1	-0.455758	-7.91839	-28.7614	8.23249	0.757128	11.5493
7.11	-0.453491	-7.80533	-28.6123	8.20935	0.759494	11.5331
7.12	-0.451218	-7.69155	-28.4625	8.18631	0.761792	11.5169
7.13	-0.448939	-7.57706	-28.312	8.16336	0.764021	11.5007
7.14	-0.446654	-7.46189	-28.1609	8.14051	0.76618	11.4846
7.15	-0.444363	-7.34605	-28.0092	8.11776	0.768267	11.4685
7.16	-0.442068	-7.22955	-27.8568	8.0951	0.770282	11.4525
7.17	-0.439767	-7.11241	-27.7038	8.07253	0.772223	11.4365
7.18	-0.437462	-6.99464	-27.5503	8.05006	0.774091	11.4206
7.19	-0.435153	-6.87626	-27.3962	8.02768	0.775884	11.4047
7.2	-0.432839	-6.75728	-27.2415	8.0054	0.777601	11.3889
7.21	-0.430522	-6.63773	-27.0862	7.98321	0.779241	11.3731
7.22	-0.428201	-6.51761	-26.9305	7.96111	0.780804	11.3573
7.23	-0.425877	-6.39695	-26.7742	7.9391	0.782289	11.3416
7.24	-0.42355	-6.27575	-26.6174	7.91719	0.783695	11.326
7.25	-0.42122	-6.15405	-26.4601	7.89536	0.785021	11.3103
7.26	-0.418888	-6.03184	-26.3023	7.87363	0.786268	11.2948
7.27	-0.416553	-5.90916	-26.1441	7.85198	0.787433	11.2792
7.28	-0.414217	-5.78602	-25.9854	7.83043	0.788517	11.2637
7.29	-0.411878	-5.66243	-25.8263	7.80896	0.789518	11.2483
7.3	-0.409539	-5.53841	-25.6668	7.78758	0.790437	11.2329
7.31	-0.407198	-5.41399	-25.5069	7.76629	0.791273	11.2175
7.32	-0.404856	-5.28917	-25.3466	7.74508	0.792025	11.2022
7.33	-0.402513	-5.16398	-25.1859	7.72396	0.792693	11.1869
7.34	-0.40017	-5.03844	-25.0249	7.70293	0.793277	11.1717
7.35	-0.397827	-4.91256	-24.8636	7.68198	0.793776	11.1565
7.36	-0.395484	-4.78635	-24.7019	7.66112	0.79419	11.1413
7.37	-0.393141	-4.65985	-24.54	7.64035	0.794518	11.1262
7.38	-0.390799	-4.53306	-24.3778	7.61966	0.79476	11.1111
7.39	-0.388457	-4.40601	-24.2153	7.59905	0.794916	11.0961
7.4	-0.386116	-4.27871	-24.0526	7.57852	0.794987	11.0811
7.41	-0.383777	-4.15118	-23.8896	7.55808	0.79497	11.0661
7.42	-0.381439	-4.02344	-23.7265	7.53772	0.794868	11.0512
7.43	-0.379103	-3.89551	-23.5631	7.51745	0.794679	11.0363
7.44	-0.376768	-3.76741	-23.3996	7.49725	0.794403	11.0215
7.45	-0.374436	-3.63916	-23.236	7.47714	0.794041	11.0067
7.46	-0.372106	-3.51077	-23.0721	7.45711	0.793592	10.992
7.47	-0.369778	-3.38226	-22.9082	7.43716	0.793057	10.9772
7.48	-0.367454	-3.25365	-22.7442	7.41728	0.792435	10.9626
7.49	-0.365132	-3.12497	-22.5801	7.39749	0.791728	10.9479
7.5	-0.362813	-2.99622	-22.4159	7.37778	0.790934	10.9333
7.51	-0.360498	-2.86744	-22.2517	7.35814	0.790055	10.9188
7.52	-0.358187	-2.73862	-22.0875	7.33859	0.78909	10.9043
7.53	-0.355879	-2.6098	-21.9232	7.31911	0.788039	10.8898
7.54	-0.353575	-2.481	-21.759	7.29971	0.786904	10.8753
7.55	-0.351275	-2.35222	-21.5948	7.28038	0.785685	10.8609
7.56	-0.34898	-2.2235	-21.4306	7.26113	0.784381	10.8466
7.57	-0.346689	-2.09484	-21.2665	7.24196	0.782994	10.8322
7.58	-0.344403	-1.96627	-21.1025	7.22287	0.781523	10.8179
7.59	-0.342122	-1.8378	-20.9386	7.20385	0.77997	10.8037
7.6	-0.339846	-1.70945	-20.7748	7.1849	0.778335	10.7895
7.61	-0.337576	-1.58124	-20.6111	7.16603	0.776619	10.7753
7.62	-0.335311	-1.45319	-20.4476	7.14724	0.774821	10.7612
7.63	-0.333051	-1.32532	-20.2843	7.12851	0.772944	10.7471
7.64	-0.330797	-1.19763	-20.1211	7.10987	0.770987	10.733
7.65	-0.328549	-1.07016	-19.9582	7.09129	0.768951	10.719
7.66	-0.326307	-0.942909	-19.7955	7.07279	0.766837	10.705
7.67	-0.324072	-0.815904	-19.633	7.05436	0.764646	10.691
7.68	-0.321843	-0.689159	-19.4708	7.036	0.762379	10.6771
7.69	-0.31962	-0.562692	-19.3089	7.01771	0.760036	10.6632
7.7	-0.317405	-0.436517	-19.1473	6.99949	0.757619	10.6494
7.71	-0.315196	-0.310653	-18.9859	6.98135	0.755128	10.6355
7.72	-0.312994	-0.185116	-18.825	6.96327	0.752564	10.6218
7.73	-0.310799	-0.0599199	-18.6643	6.94527	0.749928	10.608
7.74	-0.308612	0.0649178	-18.5041	6.92733	0.747221	10.5943
7.75	-0.306432	0.189382	-18.3442	6.90947	0.744445	10.5806
7.76	-0.304259	0.313457	-18.1847	6.89167	0.7416	10.567
7.77	-0.302094	0.437127	-18.0256	6.87395	0.738687	10.5534
7.78	-0.299937	0.560379	-17.8669	6.85629	0.735707	10.5398
7.79	-0.297788	0.683196	-17.7087	6.83869	0.732662	10.5263
7.8	-0.295648	0.805565	-17.551	6.82117	0.729553	10.5128
7.81	-0.293515	0.927471	-17.3937	6.80371	0.72638	10.4994
7.82	-0.29139	1.0489	-17.2369	6.78632	0.723146	10.4859
7.83	-0.289274	1.16984	-17.0807	6.769	0.71985	10.4725
7.84	-0.287167	1.29027	-16.9249	6.75174	0.716495	10.4592
7.85	-0.285068	1.41019	-16.7697	6.73455	0.713082	10.4459
7.86	-0.282977	1.52957	-16.615	6.71743	0.709611	10.4326
7.87	-0.280896	1.64841	-16.4609	6.70037	0.706085	10.4193
7.88	-0.278823	1.76669	-16.3074	6.68337	0.702504	10.4061
7.89	-0.27676	1.88441	-16.1545	6.66644	0.698869	10.3929
7.9	-0.274705	2.00154	-16.0022	6.64958	0.695183	10.3797
7.91	-0.27266	2.11808	-15.8505	6.63277	0.691446	10.3666
7.92	-0.270624	2.23401	-15.6994	6.61603	0.687659	10.3535
7.93	-0.268597	2.34933	-15.549	6.59936	0.683824	10.3405
7.94	-0.26658	2.46402	-15.3992	6.58275	0.679943	10.3275
7.95	-0.264572	2.57808	-15.2501	6.5662	0.676016	10.3145
7.96	-0.262574	2.69148	-15.1017	6.54971	0.672045	10.3015
7.97	-0.260586	2.80423	-14.954	6.53328	0.668032	10.2886
7.98	-0.258607	2.9163	-14.807	6.51692	0.663977	10.2757
7.99	-0.256638	3.0277	-14.6606	6.50062	0.659882	10.2628
8	-0.254679	3.13841	-14.5151	6.48438	0.655748	10.25
8.01	-0.252729	3.24842	-14.3702	6.46819	0.651578	10.2372
8.02	-0.25079	3.35773	-14.2262	6.45207	0.647371	10.2244
8.03	-0.248861	3.46632	-14.0828	6.43601	0.64313	10.2117
8.04	-0.246942	3.57419	-13.9403	6.42001	0.638855	10.199
8.05	-0.245033	3.68133	-13.7985	6.40407	0.634549	10.1863
8.06	-0.243134	3.78772	-13.6575	6.38819	0.630213	10.1737
8.07	-0.241245	3.89337	-13.5173	6.37237	0.625847	10.1611
8.08	-0.239366	3.99827	-13.3779	6.35661	0.621454	10.1485
8.09	-0.237498	4.10241	-13.2393	6.3409	0.617034	10.136
8.1	-0.23564	4.20577	-13.1016	6.32526	0.612589	10.1235
8.11	-0.233793	4.30837	-12.9646	6.30967	0.608121	10.111
8.12	-0.231956	4.41018	-12.8285	6.29413	0.60363	10.0985
8.13	-0.230129	4.51121	-12.6933	6.27866	0.599118	10.0861
8.14	-0.228313	4.61145	-12.5589	6.26324	0.594586	10.0737
8.15	-0.226507	4.71088	-12.4254	6.24788	0.590036	10.0613
8.16	-0.224712	4.80952	-12.2927	6.23258	0.585469	10.049
8.17	-0.222928	4.90735	-12.1609	6.21733	0.580886	10.0367
8.18	-0.221154	5.00436	-12.03	6.20214	0.576288	10.0244
8.19	-0.21939	5.10057	-11.8999	6.187	0.571677	10.0122
8.2	-0.217638	5.19595	-11.7708	6.17192	0.567054	10
8.21	-0.215895	5.2905	-11.6425	6.1569	0.56242	9.98782
8.22	-0.214164	5.38423	-11.5152	6.14192	0.557777	9.97567
8.23	-0.212443	5.47713	-11.3887	6.12701	0.553125	9.96355
8.24	-0.210733	5.56919	-11.2632	6.11215	0.548465	9.95146
8.25	-0.209033	5.66042	-11.1385	6.09734	0.5438	9.93939
8.26	-0.207344	5.75081	-11.0148	6.08258	0.53913	9.92736
8.27	-0.205666	5.84035	-10.892	6.06788	0.534456	9.91536
8.28	-0.203998	5.92906	-10.7701	6.05323	0.529779	9.90338
8.29	-0.202342	6.01691	-10.6492	6.03864	0.525101	9.89144
8.3	-0.200695	6.10392	-10.5291	6.0241	0.520422	9.87952
8.31	-0.19906	6.19008	-10.41	6.00961	0.515744	9.86763
8.32	-0.197435	6.27539	-10.2919	5.99517	0.511067	9.85577
8.33	-0.195821	6.35985	-10.1746	5.98078	0.506393	9.84394
8.34	-0.194217	6.44346	-10.0584	5.96645	0.501723	9.83213
8.35	-0.192624	6.52621	-9.943	5.95217	0.497058	9.82036
8.36	-0.191042	6.60812	-9.82859	5.93794	0.492399	9.80861
8.37	-0.18947	6.68917	-9.71512	5.92376	0.487746	9.79689
8.38	-0.187909	6.76937	-9.60259	5.90963	0.4831	9.7852
8.39	-0.186359	6.84871	-9.491	5.89555	0.478464	9.77354
8.4	-0.184819	6.9272	-9.38036	5.88152	0.473837	9.7619
8.41	-0.18329	7.00484	-9.27066	5.86754	0.46922	9.7503
8.42	-0.181771	7.08164	-9.16191	5.85361	0.464614	9.73872
8.43	-0.180263	7.15758	-9.05409	5.83973	0.460021	9.72716
8.44	-0.178765	7.23267	-8.94723	5.8259	0.45544	9.71564
8.45	-0.177278	7.30692	-8.8413	5.81212	0.450873	9.70414
8.46	-0.175801	7.38032	-8.73631	5.79839	0.446321	9.69267
8.47	-0.174335	7.45288	-8.63227	5.78471	0.441784	9.68123
8.48	-0.172879	7.52459	-8.52917	5.77107	0.437262	9.66981
8.49	-0.171433	7.59547	-8.427	5.75748	0.432758	9.65842
8.5	-0.169998	7.66551	-8.32577	5.74394	0.428271	9.64706
8.51	-0.168573	7.73471	-8.22548	5.73045	0.423802	9.63572
8.52	-0.167158	7.80308	-8.12611	5.71701	0.419352	9.62441
8.53	-0.165754	7.87062	-8.02768	5.70361	0.414922	9.61313
8.54	-0.16436	7.93734	-7.93018	5.69026	0.410512	9.60187
8.55	-0.162976	8.00323	-7.83361	5.67696	0.406122	9.59064
8.56	-0.161602	8.06829	-7.73796	5.6637	0.401754	9.57944
8.57	-0.160238	8.13254	-7.64323	5.65049	0.397407	9.56826
8.58	-0.158885	8.19598	-7.54941	5.63733	0.393083	9.55711
8.59	-0.157541	8.2586	-7.45652	5.62421	0.388782	9.54598
8.6	-0.156208	8.32042	-7.36453	5.61114	0.384504	9.53488
8.61	-0.154884	8.38143	-7.27346	5.59811	0.380251	9.52381
8.62	-0.153571	8.44164	-7.18329	5.58513	0.376021	9.51276
8.63	-0.152267	8.50106	-7.09402	5.5722	0.371817	9.50174
8.64	-0.150973	8.55968	-7.00565	5.55931	0.367638	9.49074
8.65	-0.149689	8.61752	-6.91818	5.54646	0.363485	9.47977
8.66	-0.148415	8.67457	-6.8316	5.53366	0.359358	9.46882
8.67	-0.14715	8.73084	-6.7459	5.5209	0.355258	9.4579
8.68	-0.145896	8.78633	-6.66108	5.50819	0.351184	9.447
8.69	-0.14465	8.84106	-6.57715	5.49552	0.347138	9.43613
8.7	-0.143415	8.89502	-6.49409	5.48289	0.34312	9.42529
8.71	-0.142189	8.94821	-6.41189	5.47031	0.339129	9.41447
8.72	-0.140972	9.00065	-6.33056	5.45777	0.335167	9.40367
8.73	-0.139765	9.05234	-6.2501	5.44527	0.331233	9.3929
8.74	-0.138567	9.10328	-6.17048	5.43282	0.327329	9.38215
8.75	-0.137379	9.15348	-6.09172	5.42041	0.323453	9.37143
8.76	-0.1362	9.20293	-6.0138	5.40804	0.319606	9.36073
8.77	-0.135031	9.25166	-5.93673	5.39571	0.315789	9.35006
8.78	-0.13387	9.29966	-5.86049	5.38343	0.312002	9.33941
8.79	-0.132719	9.34694	-5.78508	5.37119	0.308245	9.32878
8.8	-0.131577	9.3935	-5.71049	5.35899	0.304518	9.31818
8.81	-0.130444	9.43935	-5.63673	5.34683	0.300822	9.3076
8.82	-0.12932	9.48449	-5.56377	5.33471	0.297155	9.29705
8.83	-0.128205	9.52893	-5.49163	5.32264	0.29352	9.28652
8.84	-0.127099	9.57267	-5.42029	5.3106	0.289915	9.27602
8.85	-0.126001	9.61573	-5.34975	5.29861	0.286341	9.26554
8.86	-0.124913	9.6581	-5.28001	5.28665	0.282798	9.25508
8.87	-0.123833	9.69979	-5.21105	5.27474	0.279286	9.24464
8.88	-0.122762	9.74081	-5.14287	5.26286	0.275805	9.23423
8.89	-0.1217	9.78116	-5.07546	5.25103	0.272356	9.22385
8.9	-0.120647	9.82084	-5.00883	5.23924	0.268937	9.21348
8.91	-0.119602	9.85987	-4.94295	5.22748	0.26555	9.20314
8.92	-0.118565	9.89825	-4.87784	5.21577	0.262195	9.19283
8.93	-0.117537	9.93598	-4.81348	5.20409	0.25887	9.18253
8.94	-0.116518	9.97308	-4.74987	5.19246	0.255577	9.17226
8.95	-0.115507	10.0095	-4.68699	5.18086	0.252316	9.16201
8.96	-0.114504	10.0454	-4.62485	5.1693	0.249086	9.15179
8.97	-0.113509	10.0806	-4.56344	5.15778	0.245887	9.14158
8.98	-0.112523	10.1152	-4.50275	5.1463	0.242719	9.1314
8.99	-0.111544	10.1491	-4.44278	5.13486	0.239583	9.12125
9	-0.110574	10.1825	-4.38351	5.12346	0.236478	9.11111
9.01	-0.109612	10.2153	-4.32495	5.11209	0.233404	9.101
9.02	-0.108658	10.2475	-4.26709	5.10076	0.230362	9.09091
9.03	-0.107712	10.279	-4.20992	5.08947	0.22735	9.08084
9.04	-0.106774	10.3101	-4.15344	5.07822	0.22437	9.0708
9.05	-0.105843	10.3405	-4.09764	5.067	0.22142	9.06077
9.06	-0.104921	10.3703	-4.04251	5.05582	0.218501	9.05077
9.07	-0.104006	10.3996	-3.98804	5.04468	0.215613	9.04079
9.08	-0.103099	10.4284	-3.93424	5.03357	0.212756	9.03084
9.09	-0.102199	10.4566	-3.8811	5.0225	0.209929	9.0209
9.1	-0.101307	10.4842	-3.8286	5.01147	0.207132	9.01099
9.11	-0.100423	10.5113	-3.77675	5.00048	0.204366	9.0011
9.12	-0.0995458	10.5378	-3.72553	4.98952	0.20163	8.99123
9.13	-0.0986762	10.5638	-3.67495	4.97859	0.198924	8.98138
9.14	-0.097814	10.5893	-3.62499	4.9677	0.196248	8.97155
9.15	-0.0969592	10.6143	-3.57565	4.95685	0.193601	8.96175
9.16	-0.0961116	10.6388	-3.52692	4.94603	0.190984	8.95197
9.17	-0.0952712	10.6627	-3.4788	4.93525	0.188397	8.9422
9.18	-0.0944379	10.6862	-3.43128	4.92451	0.185838	8.93246
9.19	-0.0936118	10.7091	-3.38436	4.9138	0.183309	8.92274
9.2	-0.0927927	10.7316	-3.33802	4.90312	0.180809	8.91304
9.21	-0.0919807	10.7535	-3.29227	4.89248	0.178337	8.90337
9.22	-0.0911755	10.775	-3.24709	4.88187	0.175894	8.89371
9.23	-0.0903773	10.796	-3.20249	4.8713	0.17348	8.88407
9.24	-0.089586	10.8166	-3.15845	4.86076	0.171093	8.87446
9.25	-0.0888014	10.8367	-3.11497	4.85026	0.168735	8.86486
9.26	-0.0880236	10.8563	-3.07204	4.83979	0.166404	8.85529
9.27	-0.0872525	10.8754	-3.02966	4.82935	0.164102	8.84574
9.28	-0.086488	10.8941	-2.98783	4.81895	0.161826	8.83621
9.29	-0.0857301	10.9124	-2.94653	4.80858	0.159578	8.8267
9.3	-0.0849788	10.9302	-2.90576	4.79824	0.157357	8.8172
9.31	-0.084234	10.9476	-2.86551	4.78794	0.155162	8.80773
9.32	-0.0834956	10.9646	-2.82579	4.77767	0.152995	8.79828
9.33	-0.0827636	10.9812	-2.78657	4.76744	0.150853	8.78885
9.34	-0.0820379	10.9973	-2.74787	4.75723	0.148738	8.77944
9.35	-0.0813186	11.013	-2.70967	4.74706	0.146649	8.77005
9.36	-0.0806055	11.0283	-2.67196	4.73692	0.144586	8.76068
9.37	-0.0798986	11.0432	-2.63475	4.72682	0.142548	8.75133
9.38	-0.0791978	11.0577	-2.59802	4.71675	0.140536	8.742
9.39	-0.0785032	11.0718	-2.56177	4.7067	0.138548	8.73269
9.4	-0.0778146	11.0855	-2.52599	4.6967	0.136586	8.7234
9.41	-0.077132	11.0989	-2.49069	4.68672	0.134648	8.71413
9.42	-0.0764553	11.1119	-2.45585	4.67677	0.132735	8.70488
9.43	-0.0757846	11.1244	-2.42147	4.66686	0.130846	8.69565
9.44	-0.0751198	11.1367	-2.38754	4.65698	0.128982	8.68644
9.45	-0.0744607	11.1485	-2.35406	4.64713	0.127141	8.67725
9.46	-0.0738075	11.16	-2.32103	4.63731	0.125323	8.66808
9.47	-0.0731599	11.1712	-2.28843	4.62752	0.123529	8.65892
9.48	-0.072518	11.1819	-2.25627	4.61776	0.121758	8.64979
9.49	-0.0718818	11.1924	-2.22453	4.60803	0.12001	8.64067
9.5	-0.0712512	11.2025	-2.19322	4.59834	0.118285	8.63158
9.51	-0.070626	11.2123	-2.16232	4.58867	0.116582	8.6225
9.52	-0.0700064	11.2217	-2.13184	4.57904	0.114901	8.61345
9.53	-0.0693923	11.2308	-2.10176	4.56943	0.113243	8.60441
9.54	-0.0687835	11.2396	-2.07209	4.55986	0.111606	8.59539
9.55	-0.0681801	11.248	-2.04282	4.55031	0.109991	8.58639
9.56	-0.067582	11.2562	-2.01394	4.5408	0.108397	8.57741
9.57	-0.0669892	11.264	-1.98545	4.53131	0.106824	8.56844
9.58	-0.0664016	11.2716	-1.95735	4.52186	0.105273	8.5595
9.59	-0.0658192	11.2788	-1.92962	4.51243	0.103742	8.55057
9.6	-0.0652419	11.2857	-1.90227	4.50304	0.102231	8.54167
9.61	-0.0646698	11.2924	-1.87529	4.49367	0.100741	8.53278
9.62	-0.0641027	11.2987	-1.84867	4.48433	0.0992703	8.52391
9.63	-0.0635406	11.3048	-1.82242	4.47503	0.0978198	8.51506
9.64	-0.0629835	11.3105	-1.79652	4.46575	0.0963888	8.50622
9.65	-0.0624313	11.316	-1.77098	4.4565	0.0949773	8.49741
9.66	-0.061884	11.3213	-1.74578	4.44727	0.0935849	8.48861
9.67	-0.0613415	11.3262	-1.72093	4.43808	0.0922115	8.47983
9.68	-0.0608039	11.3309	-1.69642	4.42892	0.0908568	8.47107
9.69	-0.060271	11.3353	-1.67224	4.41978	0.0895206	8.46233
9.7	-0.0597428	11.3395	-1.6484	4.41067	0.0882027	8.45361
9.71	-0.0592193	11.3434	-1.62488	4.40159	0.0869029	8.4449
9.72	-0.0587005	11.3471	-1.60168	4.39254	0.085621	8.43621
9.73	-0.0581863	11.3505	-1.57881	4.38351	0.0843568	8.42754
9.74	-0.0576766	11.3537	-1.55624	4.37452	0.0831101	8.41889
9.75	-0.0571715	11.3566	-1.53399	4.36555	0.0818806	8.41026
9.76	-0.0566708	11.3593	-1.51205	4.35661	0.0806682	8.40164
9.77	-0.0561746	11.3617	-1.4904	4.34769	0.0794727	8.39304
9.78	-0.0556829	11.3639	-1.46906	4.33881	0.0782938	8.38446
9.79	-0.0551954	11.3659	-1.44801	4.32995	0.0771313	8.37589
9.8	-0.0547124	11.3677	-1.42726	4.32112	0.0759852	8.36735
9.81	-0.0542336	11.3693	-1.40679	4.31231	0.0748551	8.35882
9.82	-0.0537591	11.3706	-1.38661	4.30353	0.0737409	8.35031
9.83	-0.0532888	11.3717	-1.3667	4.29478	0.0726423	8.34181
9.84	-0.0528227	11.3726	-1.34707	4.28606	0.0715592	8.33333
9.85	-0.0523607	11.3733	-1.32772	4.27736	0.0704914	8.32487
9.86	-0.0519028	11.3738	-1.30863	4.26869	0.0694387	8.31643
9.87	-0.0514491	11.3741	-1.28982	4.26004	0.068401	8.308
9.88	-0.0509994	11.3742	-1.27126	4.25142	0.0673779	8.2996
9.89	-0.0505536	11.3741	-1.25296	4.24283	0.0663694	8.2912
9.9	-0.0501119	11.3738	-1.23492	4.23426	0.0653752	8.28283
9.91	-0.0496741	11.3733	-1.21713	4.22572	0.0643953	8.27447
9.92	-0.0492402	11.3726	-1.19959	4.21721	0.0634293	8.26613
9.93	-0.0488101	11.3718	-1.1823	4.20872	0.0624771	8.2578
9.94	-0.0483839	11.3708	-1.16525	4.20025	0.0615386	8.2495
9.95	-0.0479615	11.3695	-1.14843	4.19181	0.0606135	8.24121
9.96	-0.0475429	11.3682	-1.13186	4.1834	0.0597017	8.23293
9.97	-0.047128	11.3666	-1.11552	4.17501	0.0588031	8.22467
9.98	-0.0467168	11.3649	-1.0994	4.16665	0.0579174	8.21643
9.99	-0.0463093	11.363	-1.08352	4.15831	0.0570444	8.20821
10	-0.0459054	11.3609	-1.06785	4.15	0.0561841	8.2
10.01	-0.0455051	11.3587	-1.05241	4.14171	0.0553362	8.19181
10.02	-0.0451084	11.3563	-1.03719	4.13345	0.0545007	8.18363
10.03	-0.0447152	11.3537	-1.02218	4.12521	0.0536772	8.17547
10.04	-0.0443255	11.351	-1.00738	4.117	0.0528657	8.16733
10.05	-0.0439393	11.3482	-0.992796	4.10881	0.052066	8.1592
10.06	-0.0435566	11.3452	-0.978415	4.10064	0.0512779	8.15109
10.07	-0.0431773	11.342	-0.964238	4.0925	0.0505013	8.143
10.08	-0.0428013	11.3388	-0.950261	4.08439	0.0497361	8.13492
10.09	-0.0424288	11.3353	-0.936483	4.0763	0.048982	8.12686
10.1	-0.0420595	11.3318	-0.922901	4.06823	0.048239	8.11881
10.11	-0.0416935	11.328	-0.909511	4.06018	0.0475069	8.11078
10.12	-0.0413309	11.3242	-0.896311	4.05216	0.0467855	8.10277
10.13	-0.0409714	11.3202	-0.883299	4.04417	0.0460747	8.09477
10.14	-0.0406152	11.3161	-0.870472	4.0362	0.0453743	8.08679
10.15	-0.0402621	11.3119	-0.857828	4.02825	0.0446842	8.07882
10.16	-0.0399122	11.3075	-0.845364	4.02032	0.0440043	8.07087
10.17	-0.0395654	11.303	-0.833077	4.01242	0.0433345	8.06293
10.18	-0.0392217	11.2984	-0.820965	4.00454	0.0426745	8.05501
10.19	-0.0388811	11.2937	-0.809027	3.99668	0.0420242	8.04711
10.2	-0.0385435	11.2888	-0.797258	3.98885	0.0413836	8.03922
10.21	-0.0382089	11.2838	-0.785658	3.98104	0.0407524	8.03134
10.22	-0.0378773	11.2788	-0.774224	3.97325	0.0401307	8.02348
10.23	-0.0375487	11.2736	-0.762953	3.96549	0.0395181	8.01564
10.24	-0.037223	11.2683	-0.751843	3.95775	0.0389146	8.00781
10.25	-0.0369002	11.2628	-0.740892	3.95003	0.0383201	8
10.26	-0.0365803	11.2573	-0.730098	3.94233	0.0377344	7.9922
10.27	-0.0362632	11.2517	-0.719459	3.93466	0.0371575	7.98442
10.28	-0.035949	11.246	-0.708972	3.92701	0.0365891	7.97665
10.29	-0.0356375	11.2401	-0.698636	3.91938	0.0360292	7.9689
10.3	-0.0353289	11.2342	-0.688448	3.91177	0.0354777	7.96117
10.31	-0.035023	11.2282	-0.678406	3.90419	0.0349344	7.95344
10.32	-0.0347198	11.2221	-0.668508	3.89663	0.0343992	7.94574
10.33	-0.0344194	11.2159	-0.658753	3.88909	0.033872	7.93804
10.34	-0.0341216	11.2095	-0.649138	3.88157	0.0333527	7.93037
10.35	-0.0338264	11.2031	-0.639661	3.87407	0.0328412	7.92271
10.36	-0.0335339	11.1967	-0.63032	3.86659	0.0323374	7.91506
10.37	-0.033244	11.1901	-0.621114	3.85914	0.0318411	7.90743
10.38	-0.0329567	11.1834	-0.61204	3.85171	0.0313523	7.89981
10.39	-0.0326719	11.1767	-0.603098	3.8443	0.0308708	7.8922
10.4	-0.0323897	11.1698	-0.594284	3.83691	0.0303966	7.88462
10.41	-0.03211	11.1629	-0.585597	3.82954	0.0299294	7.87704
10.42	-0.0318328	11.1559	-0.577035	3.82219	0.0294694	7.86948
10.43	-0.0315581	11.1489	-0.568597	3.81487	0.0290162	7.86194
10.44	-0.0312857	11.1417	-0.560281	3.80756	0.0285699	7.85441
10.45	-0.0310159	11.1345	-0.552084	3.80028	0.0281303	7.84689
10.46	-0.0307484	11.1272	-0.544007	3.79302	0.0276974	7.83939
10.47	-0.0304833	11.1199	-0.536046	3.78577	0.027271	7.8319
10.48	-0.0302205	11.1124	-0.5282	3.77855	0.026851	7.82443
10.49	-0.0299601	11.1049	-0.520467	3.77135	0.0264374	7.81697
10.5	-0.029702	11.0973	-0.512846	3.76417	0.0260301	7.80952
10.51	-0.0294462	11.0897	-0.505336	3.75701	0.0256289	7.80209
10.52	-0.0291927	11.082	-0.497934	3.74987	0.0252338	7.79468
10.53	-0.0289415	11.0742	-0.49064	3.74275	0.0248447	7.78727
10.54	-0.0286924	11.0664	-0.483451	3.73566	0.0244615	7.77989
10.55	-0.0284456	11.0585	-0.476367	3.72858	0.0240841	7.77251
10.56	-0.028201	11.0505	-0.469385	3.72152	0.0237124	7.76515
10.57	-0.0279585	11.0425	-0.462504	3.71448	0.0233464	7.75781
10.58	-0.0277182	11.0344	-0.455723	3.70746	0.022986	7.75047
10.59	-0.02748	11.0263	-0.449041	3.70046	0.022631	7.74315
10.6	-0.0272439	11.0181	-0.442455	3.69349	0.0222814	7.73585
10.61	-0.02701	11.0099	-0.435965	3.68653	0.0219372	7.72856
10.62	-0.0267781	11.0016	-0.42957	3.67959	0.0215982	7.72128
10.63	-0.0265482	10.9932	-0.423267	3.67267	0.0212644	7.71402
10.64	-0.0263204	10.9848	-0.417056	3.66577	0.0209356	7.70677
10.65	-0.0260947	10.9764	-0.410935	3.65889	0.0206119	7.69953
10.66	-0.0258709	10.9679	-0.404903	3.65202	0.0202931	7.69231
10.67	-0.0256491	10.9593	-0.398959	3.64518	0.0199792	7.6851
10.68	-0.0254292	10.9507	-0.393102	3.63836	0.01967	7.6779
10.69	-0.0252113	10.9421	-0.387329	3.63156	0.0193656	7.67072
10.7	-0.0249954	10.9334	-0.381641	3.62477	0.0190659	7.66355
10.71	-0.0247813	10.9247	-0.376035	3.618	0.0187707	7.6564
10.72	-0.0245692	10.9159	-0.370511	3.61126	0.01848	7.64925
10.73	-0.0243589	10.9071	-0.365068	3.60453	0.0181938	7.64212
10.74	-0.0241505	10.8982	-0.359704	3.59782	0.017912	7.63501
10.75	-0.0239439	10.8893	-0.354418	3.59113	0.0176345	7.62791
10.76	-0.0237391	10.8804	-0.349209	3.58446	0.0173613	7.62082
10.77	-0.0235362	10.8714	-0.344076	3.57781	0.0170922	7.61374
10.78	-0.0233351	10.8624	-0.339018	3.57117	0.0168273	7.60668
10.79	-0.0231357	10.8534	-0.334034	3.56455	0.0165664	7.59963
10.8	-0.0229381	10.8443	-0.329122	3.55796	0.0163095	7.59259
10.81	-0.0227422	10.8352	-0.324282	3.55138	0.0160566	7.58557
10.82	-0.022548	10.826	-0.319513	3.54482	0.0158076	7.57856
10.83	-0.0223556	10.8168	-0.314814	3.53827	0.0155623	7.57156
10.84	-0.0221649	10.8076	-0.310183	3.53175	0.0153209	7.56458
10.85	-0.0219758	10.7984	-0.305619	3.52524	0.0150832	7.5576
10.86	-0.0217884	10.7891	-0.301123	3.51875	0.0148491	7.55064
10.87	-0.0216027	10.7798	-0.296692	3.51228	0.0146186	7.5437
10.88	-0.0214186	10.7704	-0.292326	3.50583	0.0143917	7.53676
10.89	-0.0212361	10.7611	-0.288023	3.49939	0.0141682	7.52984
10.9	-0.0210552	10.7517	-0.283784	3.49297	0.0139482	7.52294
10.91	-0.020876	10.7423	-0.279606	3.48657	0.0137316	7.51604
10.92	-0.0206982	10.7328	-0.27549	3.48019	0.0135184	7.50916
10.93	-0.0205221	10.7233	-0.271434	3.47382	0.0133084	7.50229
10.94	-0.0203475	10.7138	-0.267437	3.46748	0.0131016	7.49543
10.95	-0.0201744	10.7043	-0.263499	3.46115	0.0128981	7.48858
10.96	-0.0200029	10.6948	-0.259618	3.45483	0.0126976	7.48175
10.97	-0.0198329	10.6852	-0.255795	3.44854	0.0125003	7.47493
10.98	-0.0196643	10.6756	-0.252027	3.44226	0.012306	7.46812
10.99	-0.0194973	10.666	-0.248314	3.436	0.0121147	7.46133
11	-0.0193317	10.6564	-0.244656	3.42975	0.0119264	7.45455
11.01	-0.0191675	10.6467	-0.241051	3.42352	0.011741	7.44777
11.02	-0.0190048	10.637	-0.2375	3.41731	0.0115584	7.44102
11.03	-0.0188435	10.6273	-0.234	3.41112	0.0113787	7.43427
11.04	-0.0186836	10.6176	-0.230551	3.40494	0.0112017	7.42754
11.05	-0.0185252	10.6079	-0.227154	3.39878	0.0110275	7.42081
11.06	-0.0183681	10.5982	-0.223805	3.39264	0.010856	7.4141
11.07	-0.0182124	10.5884	-0.220506	3.38651	0.0106871	7.40741
11.08	-0.018058	10.5786	-0.217256	3.3804	0.0105208	7.40072
11.09	-0.017905	10.5688	-0.214053	3.37431	0.0103571	7.39405
11.1	-0.0177534	10.559	-0.210897	3.36823	0.010196	7.38739
11.11	-0.0176031	10.5492	-0.207788	3.36217	0.0100373	7.38074
11.12	-0.017454	10.5394	-0.204724	3.35613	0.00988111	7.3741
11.13	-0.0173063	10.5295	-0.201705	3.3501	0.00972732	7.36748
11.14	-0.0171599	10.5196	-0.19873	3.34409	0.00957591	7.36086
11.15	-0.0170147	10.5098	-0.195799	3.33809	0.00942685	7.35426
11.16	-0.0168709	10.4999	-0.192911	3.33211	0.00928009	7.34767
11.17	-0.0167282	10.49	-0.190065	3.32615	0.00913561	7.34109
11.18	-0.0165868	10.4801	-0.187262	3.3202	0.00899337	7.33453
11.19	-0.0164467	10.4702	-0.184499	3.31427	0.00885334	7.32797
11.2	-0.0163077	10.4602	-0.181777	3.30835	0.00871548	7.32143
11.21	-0.01617	10.4503	-0.179095	3.30245	0.00857975	7.3149
11.22	-0.0160335	10.4403	-0.176453	3.29657	0.00844613	7.30838
11.23	-0.0158982	10.4304	-0.173849	3.2907	0.00831458	7.30187
11.24	-0.015764	10.4204	-0.171283	3.28485	0.00818508	7.29537
11.25	-0.015631	10.4104	-0.168756	3.27901	0.00805758	7.28889
11.26	-0.0154992	10.4005	-0.166265	3.27319	0.00793206	7.28242
11.27	-0.0153685	10.3905	-0.163811	3.26738	0.00780849	7.27595
11.28	-0.0152389	10.3805	-0.161393	3.26159	0.00768684	7.2695
11.29	-0.0151105	10.3705	-0.159011	3.25582	0.00756708	7.26306
11.3	-0.0149831	10.3605	-0.156663	3.25006	0.00744917	7.25664
11.31	-0.0148569	10.3505	-0.154351	3.24431	0.0073331	7.25022
11.32	-0.0147318	10.3404	-0.152072	3.23858	0.00721883	7.24382
11.33	-0.0146078	10.3304	-0.149827	3.23287	0.00710634	7.23742
11.34	-0.0144848	10.3204	-0.147615	3.22717	0.00699559	7.23104
11.35	-0.0143629	10.3104	-0.145435	3.22149	0.00688657	7.22467
11.36	-0.014242	10.3003	-0.143287	3.21582	0.00677924	7.21831
11.37	-0.0141222	10.2903	-0.141172	3.21016	0.00667358	7.21196
11.38	-0.0140035	10.2803	-0.139087	3.20452	0.00656956	7.20562
11.39	-0.0138857	10.2702	-0.137033	3.1989	0.00646716	7.1993
11.4	-0.013769	10.2602	-0.135009	3.19329	0.00636635	7.19298
11.41	-0.0136533	10.2501	-0.133015	3.1877	0.0062671	7.18668
11.42	-0.0135386	10.2401	-0.13105	3.18212	0.00616941	7.18039
11.43	-0.0134249	10.2301	-0.129114	3.17655	0.00607323	7.1741
11.44	-0.0133121	10.22	-0.127207	3.171	0.00597854	7.16783
11.45	-0.0132004	10.21	-0.125328	3.16546	0.00588534	7.16157
11.46	-0.0130896	10.1999	-0.123476	3.15994	0.00579358	7.15532
11.47	-0.0129797	10.1899	-0.121652	3.15443	0.00570324	7.14908
11.48	-0.0128708	10.1798	-0.119855	3.14894	0.00561432	7.14286
11.49	-0.0127628	10.1698	-0.118084	3.14346	0.00552678	7.13664
11.5	-0.0126558	10.1597	-0.116339	3.138	0.0054406	7.13043
11.51	-0.0125497	10.1497	-0.11462	3.13255	0.00535576	7.12424
11.52	-0.0124445	10.1396	-0.112927	3.12711	0.00527224	7.11806
11.53	-0.0123402	10.1296	-0.111258	3.12169	0.00519003	7.11188
11.54	-0.0122367	10.1195	-0.109614	3.11628	0.00510909	7.10572
11.55	-0.0121342	10.1095	-0.107994	3.11089	0.00502942	7.09957
11.56	-0.0120326	10.0995	-0.106398	3.10551	0.00495098	7.09343
11.57	-0.0119318	10.0894	-0.104825	3.10014	0.00487377	7.08729
11.58	-0.0118319	10.0794	-0.103276	3.09479	0.00479776	7.08117
11.59	-0.0117329	10.0694	-0.10175	3.08945	0.00472293	7.07506
11.6	-0.0116347	10.0594	-0.100246	3.08413	0.00464927	7.06897
11.61	-0.0115373	10.0493	-0.098764	3.07882	0.00457676	7.06288
11.62	-0.0114408	10.0393	-0.097304	3.07352	0.00450537	7.0568
11.63	-0.0113451	10.0293	-0.0958657	3.06824	0.0044351	7.05073
11.64	-0.0112502	10.0193	-0.0944485	3.06297	0.00436593	7.04467
11.65	-0.0111561	10.0093	-0.0930523	3.05771	0.00429783	7.03863
11.66	-0.0110628	9.99931	-0.0916766	3.05247	0.00423079	7.03259
11.67	-0.0109703	9.98932	-0.0903212	3.04724	0.0041648	7.02656
11.68	-0.0108787	9.97933	-0.0889859	3.04202	0.00409984	7.02055
11.69	-0.0107878	9.96935	-0.0876702	3.03682	0.00403589	7.01454
11.7	-0.0106976	9.95937	-0.086374	3.03163	0.00397293	7.00855
11.71	-0.0106083	9.9494	-0.0850969	3.02646	0.00391096	7.00256
11.72	-0.0105197	9.93944	-0.0838386	3.02129	0.00384995	6.99659
11.73	-0.0104318	9.92948	-0.0825989	3.01614	0.0037899	6.99062
11.74	-0.0103447	9.91953	-0.0813775	3.01101	0.00373078	6.98467
11.75	-0.0102583	9.90958	-0.0801741	3.00589	0.00367258	6.97872
11.76	-0.0101727	9.89964	-0.0789885	3.00078	0.00361529	6.97279
11.77	-0.0100878	9.88971	-0.0778204	2.99568	0.0035589	6.96686
11.78	-0.0100036	9.87979	-0.0766695	2.99059	0.00350338	6.96095
11.79	-0.00992017	9.86987	-0.0755357	2.98552	0.00344873	6.95505
11.8	-0.00983741	9.85996	-0.0744185	2.98047	0.00339493	6.94915
11.81	-0.00975535	9.85005	-0.0733179	2.97542	0.00334197	6.94327
11.82	-0.00967399	9.84016	-0.0722335	2.97039	0.00328984	6.93739
11.83	-0.00959332	9.83027	-0.0711651	2.96537	0.00323852	6.93153
11.84	-0.00951333	9.82039	-0.0701125	2.96036	0.003188	6.92568
11.85	-0.00943401	9.81052	-0.0690755	2.95537	0.00313827	6.91983
11.86	-0.00935537	9.80066	-0.0680537	2.95039	0.00308932	6.914
11.87	-0.00927739	9.7908	-0.0670471	2.94542	0.00304112	6.90817
11.88	-0.00920006	9.78096	-0.0660553	2.94046	0.00299368	6.90236
11.89	-0.00912339	9.77112	-0.0650782	2.93552	0.00294699	6.89655
11.9	-0.00904737	9.76129	-0.0641155	2.93058	0.00290101	6.89076
11.91	-0.00897199	9.75147	-0.063167	2.92566	0.00285576	6.88497
11.92	-0.00889724	9.74166	-0.0622325	2.92076	0.00281121	6.87919
11.93	-0.00882312	9.73186	-0.0613119	2.91586	0.00276736	6.87343
11.94	-0.00874962	9.72207	-0.0604048	2.91098	0.00272419	6.86767
11.95	-0.00867675	9.71228	-0.0595111	2.90611	0.0026817	6.86192
11.96	-0.00860448	9.70251	-0.0586307	2.90125	0.00263987	6.85619
11.97	-0.00853282	9.69275	-0.0577632	2.89641	0.00259869	6.85046
11.98	-0.00846176	9.68299	-0.0569086	2.89157	0.00255815	6.84474
11.99	-0.0083913	9.67325	-0.0560666	2.88675	0.00251825	6.83903
12	-0.00832143	9.66352	-0.055237	2.88194	0.00247897	6.83333
12.01	-0.00825215	9.65379	-0.0544197	2.87715	0.0024403	6.82764
12.02	-0.00818344	9.64408	-0.0536145	2.87236	0.00240224	6.82196
12.03	-0.00811531	9.63437	-0.0528212	2.86759	0.00236477	6.81629
12.04	-0.00804775	9.62468	-0.0520396	2.86283	0.00232788	6.81063
12.05	-0.00798075	9.615	-0.0512696	2.85808	0.00229157	6.80498
12.06	-0.00791431	9.60533	-0.0505109	2.85334	0.00225583	6.79934
12.07	-0.00784843	9.59567	-0.0497634	2.84861	0.00222064	6.7937
12.08	-0.0077831	9.58602	-0.049027	2.8439	0.00218601	6.78808
12.09	-0.00771831	9.57638	-0.0483015	2.8392	0.00215191	6.78246
12.1	-0.00765406	9.56675	-0.0475867	2.83451	0.00211835	6.77686
12.11	-0.00759034	9.55713	-0.0468825	2.82983	0.00208531	6.77126
12.12	-0.00752716	9.54752	-0.0461887	2.82516	0.00205279	6.76568
12.13	-0.0074645	9.53793	-0.0455051	2.8205	0.00202077	6.7601
12.14	-0.00740236	9.52834	-0.0448317	2.81586	0.00198926	6.75453
12.15	-0.00734074	9.51877	-0.0441682	2.81122	0.00195823	6.74897
12.16	-0.00727963	9.50921	-0.0435145	2.8066	0.00192769	6.74342
12.17	-0.00721902	9.49966	-0.0428705	2.80199	0.00189763	6.73788
12.18	-0.00715892	9.49012	-0.042236	2.79739	0.00186804	6.73235
12.19	-0.00709931	9.4806	-0.0416109	2.79281	0.00183891	6.72683
12.2	-0.0070402	9.47108	-0.040995	2.78823	0.00181023	6.72131
12.21	-0.00698158	9.46158	-0.0403882	2.78366	0.001782	6.71581
12.22	-0.00692344	9.45209	-0.0397904	2.77911	0.00175421	6.71031
12.23	-0.00686578	9.44261	-0.0392015	2.77457	0.00172686	6.70482
12.24	-0.00680859	9.43314	-0.0386213	2.77004	0.00169993	6.69935
12.25	-0.00675188	9.42369	-0.0380496	2.76551	0.00167342	6.69388
12.26	-0.00669563	9.41424	-0.0374864	2.761	0.00164733	6.68842
12.27	-0.00663985	9.40481	-0.0369315	2.75651	0.00162164	6.68297
12.28	-0.00658453	9.3954	-0.0363848	2.75202	0.00159636	6.67752
12.29	-0.00652966	9.38599	-0.0358462	2.74754	0.00157147	6.67209
12.3	-0.00647524	9.3766	-0.0353156	2.74308	0.00154696	6.66667
12.31	-0.00642126	9.36721	-0.0347929	2.73862	0.00152285	6.66125
12.32	-0.00636773	9.35784	-0.0342778	2.73418	0.0014991	6.65584
12.33	-0.00631464	9.34849	-0.0337704	2.72974	0.00147573	6.65045
12.34	-0.00626199	9.33914	-0.0332705	2.72532	0.00145272	6.64506
12.35	-0.00620976	9.32981	-0.032778	2.72091	0.00143007	6.63968
12.36	-0.00615796	9.32049	-0.0322927	2.71651	0.00140778	6.6343
12.37	-0.00610658	9.31119	-0.0318147	2.71212	0.00138583	6.62894
12.38	-0.00605562	9.30189	-0.0313437	2.70774	0.00136423	6.62359
12.39	-0.00600508	9.29261	-0.0308797	2.70337	0.00134296	6.61824
12.4	-0.00595495	9.28335	-0.0304225	2.69901	0.00132203	6.6129
12.41	-0.00590523	9.27409	-0.0299721	2.69466	0.00130142	6.60757
12.42	-0.00585591	9.26485	-0.0295284	2.69033	0.00128113	6.60225
12.43	-0.00580699	9.25562	-0.0290912	2.686	0.00126116	6.59694
12.44	-0.00575847	9.2464	-0.0286606	2.68168	0.0012415	6.59164
12.45	-0.00571034	9.2372	-0.0282362	2.67738	0.00122215	6.58635
12.46	-0.00566261	9.22801	-0.0278182	2.67308	0.0012031	6.58106
12.47	-0.00561525	9.21883	-0.0274063	2.66879	0.00118435	6.57578
12.48	-0.00556829	9.20967	-0.0270006	2.66452	0.00116589	6.57051
12.49	-0.0055217	9.20051	-0.0266008	2.66025	0.00114772	6.56525
12.5	-0.00547548	9.19138	-0.026207	2.656	0.00112984	6.56
12.51	-0.00542964	9.18225	-0.0258189	2.65176	0.00111223	6.55476
12.52	-0.00538417	9.17314	-0.0254367	2.64752	0.00109489	6.54952
12.53	-0.00533907	9.16404	-0.0250601	2.6433	0.00107783	6.54429
12.54	-0.00529433	9.15496	-0.024689	2.63908	0.00106103	6.53907
12.55	-0.00524994	9.14588	-0.0243235	2.63488	0.0010445	6.53386
12.56	-0.00520592	9.13683	-0.0239633	2.63068	0.00102822	6.52866
12.57	-0.00516224	9.12778	-0.0236085	2.6265	0.0010122	6.52347
12.58	-0.00511892	9.11875	-0.0232589	2.62233	0.00099643	6.51828
12.59	-0.00507594	9.10973	-0.0229145	2.61816	0.000980904	6.51311
12.6	-0.00503331	9.10072	-0.0225752	2.61401	0.00096562	6.50794
12.61	-0.00499101	9.09173	-0.022241	2.60986	0.000950575	6.50278
12.62	-0.00494906	9.08275	-0.0219116	2.60573	0.000935764	6.49762
12.63	-0.00490744	9.07379	-0.0215872	2.60161	0.000921185	6.49248
12.64	-0.00486614	9.06484	-0.0212675	2.59749	0.000906833	6.48734
12.65	-0.00482518	9.0559	-0.0209526	2.59339	0.000892706	6.48221
12.66	-0.00478454	9.04697	-0.0206424	2.58929	0.000878798	6.47709
12.67	-0.00474423	9.03806	-0.0203367	2.5852	0.000865108	6.47198
12.68	-0.00470423	9.02916	-0.0200356	2.58113	0.000851631	6.46688
12.69	-0.00466455	9.02028	-0.0197389	2.57706	0.000838365	6.46178
12.7	-0.00462519	9.01141	-0.0194466	2.57301	0.000825306	6.45669
12.71	-0.00458613	9.00255	-0.0191586	2.56896	0.00081245	6.45161
12.72	-0.00454739	8.99371	-0.0188749	2.56492	0.000799795	6.44654
12.73	-0.00450894	8.98488	-0.0185954	2.56089	0.000787337	6.44148
12.74	-0.00447081	8.97606	-0.01832	2.55687	0.000775074	6.43642
12.75	-0.00443297	8.96726	-0.0180487	2.55286	0.000763002	6.43137
12.76	-0.00439542	8.95847	-0.0177815	2.54886	0.000751119	6.42633
12.77	-0.00435817	8.94969	-0.0175182	2.54487	0.000739421	6.4213
12.78	-0.00432122	8.94093	-0.0172587	2.54089	0.000727905	6.41628
12.79	-0.00428455	8.93218	-0.0170031	2.53692	0.000716569	6.41126
12.8	-0.00424817	8.92345	-0.0167514	2.53296	0.00070541	6.40625
12.81	-0.00421207	8.91472	-0.0165033	2.52901	0.000694425	6.40125
12.82	-0.00417625	8.90602	-0.0162589	2.52506	0.000683611	6.39626
12.83	-0.00414071	8.89732	-0.0160181	2.52113	0.000672966	6.39127
12.84	-0.00410545	8.88864	-0.0157809	2.5172	0.000662488	6.38629
12.85	-0.00407046	8.87998	-0.0155472	2.51329	0.000652172	6.38132
12.86	-0.00403574	8.87132	-0.0153169	2.50938	0.000642018	6.37636
12.87	-0.00400129	8.86268	-0.0150901	2.50548	0.000632021	6.37141
12.88	-0.00396711	8.85406	-0.0148666	2.50159	0.000622181	6.36646
12.89	-0.00393319	8.84544	-0.0146465	2.49771	0.000612495	6.36152
12.9	-0.00389953	8.83685	-0.0144295	2.49384	0.000602959	6.35659
12.91	-0.00386613	8.82826	-0.0142158	2.48998	0.000593572	6.35167
12.92	-0.00383298	8.81969	-0.0140053	2.48613	0.000584331	6.34675
12.93	-0.00380009	8.81113	-0.0137979	2.48228	0.000575235	6.34184
12.94	-0.00376745	8.80259	-0.0135936	2.47845	0.00056628	6.33694
12.95	-0.00373506	8.79406	-0.0133922	2.47462	0.000557466	6.33205
12.96	-0.00370292	8.78554	-0.0131939	2.4708	0.000548788	6.32716
12.97	-0.00367102	8.77704	-0.0129985	2.46699	0.000540246	6.32228
12.98	-0.00363937	8.76855	-0.012806	2.46319	0.000531837	6.31741
12.99	-0.00360795	8.76007	-0.0126163	2.4594	0.000523559	6.31255
13	-0.00357678	8.75161	-0.0124295	2.45562	0.000515411	6.30769
13.01	-0.00354584	8.74316	-0.0122454	2.45185	0.000507389	6.30284
13.02	-0.00351513	8.73472	-0.012064	2.44808	0.000499493	6.298
13.03	-0.00348465	8.7263	-0.0118853	2.44433	0.000491719	6.29317
13.04	-0.00345441	8.71789	-0.0117093	2.44058	0.000484067	6.28834
13.05	-0.00342439	8.7095	-0.0115359	2.43684	0.000476534	6.28352
13.06	-0.00339459	8.70112	-0.011365	2.43311	0.000469119	6.27871
13.07	-0.00336502	8.69275	-0.0111967	2.42939	0.000461819	6.27391
13.08	-0.00333567	8.68439	-0.0110309	2.42567	0.000454633	6.26911
13.09	-0.00330654	8.67605	-0.0108675	2.42197	0.000447559	6.26432
13.1	-0.00327763	8.66773	-0.0107065	2.41827	0.000440595	6.25954
13.11	-0.00324893	8.65941	-0.010548	2.41459	0.00043374	6.25477
13.12	-0.00322044	8.65111	-0.0103917	2.41091	0.000426991	6.25
13.13	-0.00319216	8.64283	-0.0102378	2.40724	0.000420348	6.24524
13.14	-0.0031641	8.63455	-0.0100862	2.40357	0.000413809	6.24049
13.15	-0.00313624	8.62629	-0.00993681	2.39992	0.000407371	6.23574
13.16	-0.00310858	8.61805	-0.00978963	2.39627	0.000401034	6.231
13.17	-0.00308113	8.60982	-0.00964463	2.39264	0.000394795	6.22627
13.18	-0.00305388	8.6016	-0.00950178	2.38901	0.000388654	6.22155
13.19	-0.00302682	8.59339	-0.00936105	2.38539	0.000382608	6.21683
13.2	-0.00299997	8.5852	-0.0092224	2.38177	0.000376657	6.21212
13.21	-0.00297331	8.57702	-0.0090858	2.37817	0.000370798	6.20742
13.22	-0.00294684	8.56885	-0.00895123	2.37457	0.000365031	6.20272
13.23	-0.00292057	8.5607	-0.00881864	2.37098	0.000359354	6.19803
13.24	-0.00289448	8.55256	-0.00868803	2.3674	0.000353765	6.19335
13.25	-0.00286859	8.54444	-0.00855934	2.36383	0.000348263	6.18868
13.26	-0.00284288	8.53633	-0.00843256	2.36027	0.000342847	6.18401
13.27	-0.00281735	8.52823	-0.00830766	2.35671	0.000337515	6.17935
13.28	-0.00279201	8.52014	-0.00818461	2.35316	0.000332266	6.1747
13.29	-0.00276685	8.51207	-0.00806338	2.34962	0.000327099	6.17005
13.3	-0.00274186	8.50401	-0.00794395	2.34609	0.000322013	6.16541
13.31	-0.00271706	8.49597	-0.00782628	2.34257	0.000317006	6.16078
13.32	-0.00269243	8.48793	-0.00771036	2.33905	0.000312077	6.15616
13.33	-0.00266798	8.47991	-0.00759615	2.33554	0.000307224	6.15154
13.34	-0.00264369	8.47191	-0.00748364	2.33204	0.000302448	6.14693
13.35	-0.00261958	8.46392	-0.00737279	2.32855	0.000297745	6.14232
13.36	-0.00259564	8.45594	-0.00726359	2.32507	0.000293116	6.13772
13.37	-0.00257186	8.44797	-0.007156	2.32159	0.000288559	6.13313
13.38	-0.00254825	8.44002	-0.00705	2.31812	0.000284073	6.12855
13.39	-0.00252481	8.43208	-0.00694557	2.31466	0.000279657	6.12397
13.4	-0.00250152	8.42415	-0.0068427	2.31121	0.00027531	6.1194
13.41	-0.0024784	8.41624	-0.00674134	2.30776	0.00027103	6.11484
13.42	-0.00245544	8.40834	-0.00664148	2.30432	0.000266817	6.11028
13.43	-0.00243264	8.40045	-0.00654311	2.30089	0.00026267	6.10573
13.44	-0.00240999	8.39258	-0.00644619	2.29747	0.000258587	6.10119
13.45	-0.00238749	8.38471	-0.00635071	2.29405	0.000254568	6.09665
13.46	-0.00236515	8.37687	-0.00625664	2.29065	0.000250612	6.09212
13.47	-0.00234297	8.36903	-0.00616396	2.28725	0.000246717	6.0876
13.48	-0.00232093	8.36121	-0.00607266	2.28385	0.000242882	6.08309
13.49	-0.00229904	8.3534	-0.00598271	2.28047	0.000239108	6.07858
13.5	-0.00227729	8.3456	-0.00589409	2.27709	0.000235392	6.07407
13.51	-0.0022557	8.33782	-0.00580678	2.27372	0.000231734	6.06958
13.52	-0.00223424	8.33005	-0.00572077	2.27036	0.000228133	6.06509
13.53	-0.00221293	8.32229	-0.00563603	2.26701	0.000224588	6.06061
13.54	-0.00219177	8.31455	-0.00555254	2.26366	0.000221098	6.05613
13.55	-0.00217074	8.30681	-0.00547029	2.26032	0.000217663	6.05166
13.56	-0.00214985	8.29909	-0.00538926	2.25699	0.000214281	6.0472
13.57	-0.00212909	8.29139	-0.00530943	2.25366	0.000210952	6.04274
13.58	-0.00210848	8.28369	-0.00523079	2.25034	0.000207674	6.03829
13.59	-0.00208799	8.27601	-0.0051533	2.24703	0.000204448	6.03385
13.6	-0.00206764	8.26835	-0.00507697	2.24373	0.000201272	6.02941
13.61	-0.00204743	8.26069	-0.00500176	2.24043	0.000198145	6.02498
13.62	-0.00202734	8.25305	-0.00492767	2.23714	0.000195067	6.02056
13.63	-0.00200738	8.24542	-0.00485468	2.23386	0.000192037	6.01614
13.64	-0.00198754	8.2378	-0.00478277	2.23059	0.000189054	6.01173
13.65	-0.00196784	8.2302	-0.00471192	2.22732	0.000186117	6.00733
13.66	-0.00194826	8.2226	-0.00464212	2.22406	0.000183226	6.00293
13.67	-0.0019288	8.21502	-0.00457336	2.22081	0.00018038	5.99854
13.68	-0.00190946	8.20746	-0.00450561	2.21756	0.000177579	5.99415
13.69	-0.00189025	8.1999	-0.00443887	2.21432	0.000174821	5.98977
13.7	-0.00187115	8.19236	-0.00437312	2.21109	0.000172105	5.9854
13.71	-0.00185218	8.18483	-0.00430834	2.20787	0.000169433	5.98104
13.72	-0.00183332	8.17732	-0.00424452	2.20465	0.000166801	5.97668
13.73	-0.00181457	8.16981	-0.00418165	2.20144	0.000164211	5.97232
13.74	-0.00179594	8.16232	-0.0041197	2.19824	0.000161661	5.96798
13.75	-0.00177743	8.15484	-0.00405868	2.19504	0.000159151	5.96364
13.76	-0.00175902	8.14738	-0.00399855	2.19185	0.00015668	5.9593
13.77	-0.00174073	8.13992	-0.00393932	2.18867	0.000154247	5.95497
13.78	-0.00172255	8.13248	-0.00388097	2.18549	0.000151852	5.95065
13.79	-0.00170447	8.12505	-0.00382348	2.18233	0.000149494	5.94634
13.8	-0.0016865	8.11763	-0.00376684	2.17916	0.000147173	5.94203
13.81	-0.00166864	8.11023	-0.00371104	2.17601	0.000144888	5.93773
13.82	-0.00165089	8.10283	-0.00365607	2.17286	0.000142639	5.93343
13.83	-0.00163323	8.09545	-0.00360191	2.16972	0.000140424	5.92914
13.84	-0.00161568	8.08809	-0.00354855	2.16659	0.000138244	5.92486
13.85	-0.00159823	8.08073	-0.00349599	2.16346	0.000136098	5.92058
13.86	-0.00158088	8.07339	-0.0034442	2.16034	0.000133986	5.91631
13.87	-0.00156363	8.06606	-0.00339318	2.15722	0.000131906	5.91204
13.88	-0.00154648	8.05874	-0.00334292	2.15412	0.000129858	5.90778
13.89	-0.00152943	8.05143	-0.0032934	2.15102	0.000127843	5.90353
13.9	-0.00151247	8.04413	-0.00324461	2.14792	0.000125859	5.89928
13.91	-0.0014956	8.03685	-0.00319654	2.14483	0.000123905	5.89504
13.92	-0.00147883	8.02958	-0.00314919	2.14175	0.000121982	5.8908
13.93	-0.00146215	8.02232	-0.00310254	2.13868	0.000120089	5.88658
13.94	-0.00144556	8.01508	-0.00305658	2.13561	0.000118225	5.88235
13.95	-0.00142907	8.00784	-0.0030113	2.13255	0.000116391	5.87814
13.96	-0.00141266	8.00062	-0.0029667	2.1295	0.000114584	5.87393
13.97	-0.00139634	7.99341	-0.00292275	2.12645	0.000112806	5.86972
13.98	-0.0013801	7.98621	-0.00287945	2.12341	0.000111056	5.86552
13.99	-0.00136396	7.97902	-0.0028368	2.12037	0.000109333	5.86133
14	-0.00134789	7.97185	-0.00279477	2.11735	0.000107636	5.85714
14.01	-0.00133192	7.96468	-0.00275337	2.11433	0.000105966	5.85296
14.02	-0.00131602	7.95753	-0.00271259	2.11131	0.000104322	5.84879
14.03	-0.0013002	7.95039	-0.0026724	2.1083	0.000102703	5.84462
14.04	-0.00128447	7.94326	-0.00263281	2.1053	0.00010111	5.84046
14.05	-0.00126882	7.93615	-0.00259381	2.1023	9.95414e-05	5.8363
14.06	-0.00125324	7.92904	-0.00255539	2.09931	9.79972e-05	5.83215
14.07	-0.00123774	7.92195	-0.00251753	2.09633	9.64769e-05	5.828
14.08	-0.00122232	7.91487	-0.00248024	2.09335	9.49803e-05	5.82386
14.09	-0.00120698	7.9078	-0.0024435	2.09038	9.3507e-05	5.81973
14.1	-0.00119171	7.90074	-0.0024073	2.08742	9.20565e-05	5.8156
14.11	-0.00117651	7.8937	-0.00237164	2.08446	9.06286e-05	5.81148
14.12	-0.00116139	7.88666	-0.00233651	2.08151	8.92229e-05	5.80737
14.13	-0.00114633	7.87964	-0.00230189	2.07857	8.78391e-05	5.80326
14.14	-0.00113135	7.87263	-0.00226779	2.07563	8.64767e-05	5.79915
14.15	-0.00111644	7.86563	-0.0022342	2.07269	8.51355e-05	5.79505
14.16	-0.0011016	7.85864	-0.0022011	2.06977	8.38152e-05	5.79096
14.17	-0.00108682	7.85167	-0.0021685	2.06685	8.25153e-05	5.78687
14.18	-0.00107211	7.8447	-0.00213637	2.06393	8.12357e-05	5.78279
14.19	-0.00105747	7.83775	-0.00210473	2.06103	7.99759e-05	5.77872
14.2	-0.00104289	7.83081	-0.00207355	2.05812	7.87358e-05	5.77465
14.21	-0.00102838	7.82388	-0.00204283	2.05523	7.75148e-05	5.77058
14.22	-0.00101393	7.81696	-0.00201257	2.05234	7.63129e-05	5.76653
14.23	-0.000999543	7.81005	-0.00198275	2.04945	7.51296e-05	5.76247
14.24	-0.000985217	7.80315	-0.00195338	2.04658	7.39647e-05	5.75843
14.25	-0.000970951	7.79627	-0.00192444	2.04371	7.28179e-05	5.75439
14.26	-0.000956745	7.7894	-0.00189593	2.04084	7.1689e-05	5.75035
14.27	-0.000942598	7.78253	-0.00186785	2.03798	7.05775e-05	5.74632
14.28	-0.000928508	7.77568	-0.00184018	2.03513	6.94833e-05	5.7423
14.29	-0.000914475	7.76884	-0.00181292	2.03228	6.84062e-05	5.73828
14.3	-0.000900498	7.76201	-0.00178606	2.02944	6.73457e-05	5.73427
14.31	-0.000886577	7.7552	-0.0017596	2.0266	6.63017e-05	5.73026
14.32	-0.000872709	7.74839	-0.00173354	2.02377	6.5274e-05	5.72626
14.33	-0.000858895	7.74159	-0.00170786	2.02095	6.42621e-05	5.72226
14.34	-0.000845133	7.73481	-0.00168256	2.01813	6.32661e-05	5.71827
14.35	-0.000831423	7.72804	-0.00165763	2.01532	6.22854e-05	5.71429
14.36	-0.000817763	7.72127	-0.00163307	2.01252	6.132e-05	5.71031
14.37	-0.000804153	7.71452	-0.00160888	2.00972	6.03696e-05	5.70633
14.38	-0.000790593	7.70778	-0.00158505	2.00692	5.9434e-05	5.70236
14.39	-0.00077708	7.70105	-0.00156157	2.00413	5.85129e-05	5.6984
14.4	-0.000763615	7.69434	-0.00153843	2.00135	5.76061e-05	5.69444
14.41	-0.000750196	7.68763	-0.00151564	1.99857	5.67133e-05	5.69049
14.42	-0.000736823	7.68093	-0.00149319	1.9958	5.58345e-05	5.68655
14.43	-0.000723495	7.67425	-0.00147107	1.99304	5.49692e-05	5.68261
14.44	-0.00071021	7.66757	-0.00144928	1.99028	5.41174e-05	5.67867
14.45	-0.000696969	7.66091	-0.00142781	1.98752	5.32789e-05	5.67474
14.46	-0.00068377	7.65426	-0.00140666	1.98478	5.24533e-05	5.67082
14.47	-0.000670613	7.64762	-0.00138582	1.98203	5.16406e-05	5.6669
14.48	-0.000657496	7.64099	-0.00136529	1.9793	5.08405e-05	5.66298
14.49	-0.000644419	7.63437	-0.00134506	1.97657	5.00528e-05	5.65908
14.5	-0.000631381	7.62776	-0.00132514	1.97384	4.92773e-05	5.65517
14.51	-0.000618381	7.62116	-0.00130551	1.97112	4.85139e-05	5.65127
14.52	-0.000605419	7.61457	-0.00128617	1.96841	4.77623e-05	5.64738
14.53	-0.000592493	7.60799	-0.00126711	1.9657	4.70224e-05	5.6435
14.54	-0.000579603	7.60143	-0.00124834	1.963	4.62939e-05	5.63961
14.55	-0.000566748	7.59487	-0.00122985	1.9603	4.55768e-05	5.63574
14.56	-0.000553927	7.58833	-0.00121163	1.95761	4.48708e-05	5.63187
14.57	-0.00054114	7.58179	-0.00119368	1.95492	4.41757e-05	5.628
14.58	-0.000528385	7.57527	-0.001176	1.95224	4.34915e-05	5.62414
14.59	-0.000515662	7.56875	-0.00115858	1.94956	4.28178e-05	5.62029
14.6	-0.00050297	7.56225	-0.00114141	1.94689	4.21547e-05	5.61644
14.61	-0.000490309	7.55576	-0.0011245	1.94423	4.15018e-05	5.61259
14.62	-0.000477677	7.54928	-0.00110784	1.94157	4.0859e-05	5.60876
14.63	-0.000465074	7.5428	-0.00109143	1.93892	4.02262e-05	5.60492
14.64	-0.000452498	7.53634	-0.00107526	1.93627	3.96032e-05	5.60109
14.65	-0.00043995	7.52989	-0.00105934	1.93363	3.89899e-05	5.59727
14.66	-0.000427428	7.52345	-0.00104364	1.93099	3.83861e-05	5.59345
14.67	-0.000414932	7.51702	-0.00102818	1.92836	3.77917e-05	5.58964
14.68	-0.000402461	7.5106	-0.00101295	1.92573	3.72065e-05	5.58583
14.69	-0.000390014	7.50419	-0.000997943	1.92311	3.66304e-05	5.58203
14.7	-0.000377591	7.49779	-0.00098316	1.9205	3.60632e-05	5.57823
14.71	-0.000365189	7.49141	-0.000968595	1.91789	3.55048e-05	5.57444
14.72	-0.00035281	7.48503	-0.000954246	1.91528	3.49551e-05	5.57065
14.73	-0.000340452	7.47866	-0.00094011	1.91268	3.44139e-05	5.56687
14.74	-0.000328114	7.4723	-0.000926183	1.91009	3.38811e-05	5.56309
14.75	-0.000315796	7.46595	-0.000912462	1.9075	3.33565e-05	5.55932
14.76	-0.000303497	7.45962	-0.000898944	1.90491	3.28401e-05	5.55556
14.77	-0.000291216	7.45329	-0.000885627	1.90234	3.23317e-05	5.55179
14.78	-0.000278952	7.44697	-0.000872507	1.89976	3.18312e-05	5.54804
14.79	-0.000266705	7.44067	-0.000859582	1.89719	3.13385e-05	5.54429
14.8	-0.000254474	7.43437	-0.000846848	1.89463	3.08534e-05	5.54054
14.81	-0.000242258	7.42808	-0.000834302	1.89207	3.03758e-05	5.5368
14.82	-0.000230056	7.4218	-0.000821943	1.88952	2.99056e-05	5.53306
14.83	-0.000217868	7.41554	-0.000809766	1.88697	2.94427e-05	5.52933
14.84	-0.000205694	7.40928	-0.00079777	1.88443	2.8987e-05	5.52561
14.85	-0.000193531	7.40303	-0.000785952	1.88189	2.85383e-05	5.52189
14.86	-0.00018138	7.3968	-0.000774308	1.87936	2.80967e-05	5.51817
14.87	-0.000169239	7.39057	-0.000762838	1.87684	2.76618e-05	5.51446
14.88	-0.000157109	7.38435	-0.000751537	1.87431	2.72337e-05	5.51075
14.89	-0.000144988	7.37815	-0.000740403	1.8718	2.68123e-05	5.50705
14.9	-0.000132875	7.37195	-0.000729435	1.86929	2.63973e-05	5.50336
14.91	-0.000120771	7.36576	-0.000718629	1.86678	2.59888e-05	5.49966
14.92	-0.000108673	7.35958	-0.000707983	1.86428	2.55867e-05	5.49598
14.93	-9.65823e-05	7.35342	-0.000697494	1.86178	2.51908e-05	5.4923
14.94	-8.4497e-05	7.34726	-0.000687161	1.85929	2.4801e-05	5.48862
14.95	-7.24167e-05	7.34111	-0.000676982	1.8568	2.44172e-05	5.48495
14.96	-6.03407e-05	7.33497	-0.000666953	1.85432	2.40394e-05	5.48128
14.97	-4.82683e-05	7.32884	-0.000657072	1.85184	2.36675e-05	5.47762
14.98	-3.61987e-05	7.32272	-0.000647338	1.84937	2.33013e-05	5.47397
14.99	-2.41313e-05	7.31661	-0.000637748	1.84691	2.29408e-05	5.47031
