0	0	inf	-44.0186	inf	inf	22.2927
0.01	3.33708e-14	4.14998e+06	-44.0186	4.15e+06	0.0319402	22.2927
0.02	-9.34389e-13	1.03748e+06	-44.0186	1.0375e+06	0.0162103	22.2926
0.03	-9.91098e-12	461089	-44.0186	461111	0.0109693	22.2925
0.04	-4.59163e-11	259353	-44.0186	259375	0.00835071	22.2923
0.05	-1.45986e-10	165978	-44.0186	166000	0.00678102	22.2921
0.06	-3.71174e-10	115256	-44.0186	115278	0.00573582	22.2919
0.07	-8.12547e-10	84672.2	-44.0186	84693.9	0.00499035	22.2915
0.08	-1.59718e-09	64822	-44.0186	64843.8	0.00443221	22.2912
0.09	-2.89414e-09	51212.8	-44.0186	51234.6	0.00399899	22.2908
0.1	-4.92048e-09	41478.3	-44.0186	41500	0.00365321	22.2903
0.11	-7.94718e-09	34275.8	-44.0185	34297.5	0.00337104	22.2898
0.12	-1.23052e-08	28797.7	-44.0185	28819.4	0.00313658	22.2892
0.13	-1.83912e-08	24534.5	-44.0185	24556.2	0.00293884	22.2886
0.14	-2.66738e-08	21151.7	-44.0185	21173.5	0.00276996	22.288
0.15	-3.76995e-08	18422.7	-44.0185	18444.4	0.00262417	22.2872
0.16	-5.20982e-08	16189.2	-44.0185	16210.9	0.00249715	22.2865
0.17	-7.05894e-08	14338.1	-44.0185	14359.9	0.0023856	22.2857
0.18	-9.39884e-08	12786.9	-44.0185	12808.6	0.00228695	22.2848
0.19	-1.23211e-07	11474.1	-44.0185	11495.8	0.00219916	22.2839
0.2	-1.59282e-07	10353.3	-44.0184	10375	0.00212062	22.283
0.21	-2.03338e-07	9388.7	-44.0184	9410.43	0.00205	22.282
0.22	-2.56633e-07	8552.64	-44.0184	8574.38	0.00198625	22.2809
0.23	-3.2055e-07	7823.25	-44.0184	7844.99	0.00192846	22.2798
0.24	-3.96597e-07	7183.12	-44.0184	7204.86	0.00187589	22.2787
0.25	-4.86424e-07	6618.26	-44.0184	6640	0.00182794	22.2775
0.26	-5.91818e-07	6117.31	-44.0184	6139.05	0.00178406	22.2762
0.27	-7.14717e-07	5670.99	-44.0184	5692.73	0.00174382	22.2749
0.28	-8.57212e-07	5271.62	-44.0183	5293.37	0.00170682	22.2736
0.29	-1.02155e-06	4912.86	-44.0183	4934.6	0.00167275	22.2722
0.3	-1.21015e-06	4589.37	-44.0183	4611.11	0.0016413	22.2708
0.31	-1.42559e-06	4296.67	-44.0183	4318.42	0.00161224	22.2693
0.32	-1.67064e-06	4030.99	-44.0183	4052.73	0.00158534	22.2677
0.33	-1.94824e-06	3789.09	-44.0183	3810.84	0.00156042	22.2662
0.34	-2.26152e-06	3568.21	-44.0183	3589.97	0.0015373	22.2645
0.35	-2.61379e-06	3366	-44.0182	3387.76	0.00151583	22.2628
0.36	-3.00859e-06	3180.4	-44.0182	3202.16	0.00149588	22.2611
0.37	-3.44964e-06	3009.65	-44.0182	3031.41	0.00147734	22.2593
0.38	-3.94086e-06	2852.2	-44.0182	2873.96	0.00146009	22.2575
0.39	-4.48642e-06	2706.71	-44.0182	2728.47	0.00144405	22.2556
0.4	-5.09066e-06	2571.99	-44.0182	2593.75	0.00142911	22.2537
0.41	-5.7582e-06	2447	-44.0182	2468.77	0.00141522	22.2517
0.42	-6.49385e-06	2330.84	-44.0181	2352.61	0.0014023	22.2497
0.43	-7.30268e-06	2222.69	-44.0181	2244.46	0.00139028	22.2476
0.44	-8.18998e-06	2121.82	-44.0181	2143.6	0.00137912	22.2455
0.45	-9.16129e-06	2027.61	-44.0181	2049.38	0.00136875	22.2433
0.46	-1.02224e-05	1939.47	-44.0181	1961.25	0.00135912	22.2411
0.47	-1.13794e-05	1856.9	-44.0181	1878.68	0.00135021	22.2388
0.48	-1.26386e-05	1779.44	-44.018	1801.22	0.00134196	22.2365
0.49	-1.40066e-05	1706.66	-44.018	1728.45	0.00133434	22.2341
0.5	-1.54902e-05	1638.22	-44.018	1660	0.00132731	22.2317
0.51	-1.70965e-05	1573.75	-44.018	1595.54	0.00132086	22.2293
0.52	-1.88331e-05	1512.97	-44.018	1534.76	0.00131493	22.2267
0.53	-2.07074e-05	1455.6	-44.0179	1477.39	0.00130952	22.2242
0.54	-2.27277e-05	1401.39	-44.0179	1423.18	0.0013046	22.2216
0.55	-2.4902e-05	1350.1	-44.0179	1371.9	0.00130014	22.2189
0.56	-2.72391e-05	1301.54	-44.0179	1323.34	0.00129612	22.2162
0.57	-2.97479e-05	1255.51	-44.0179	1277.32	0.00129253	22.2134
0.58	-3.24374e-05	1211.84	-44.0178	1233.65	0.00128934	22.2106
0.59	-3.53172e-05	1170.38	-44.0178	1192.19	0.00128655	22.2078
0.6	-3.83972e-05	1130.97	-44.0178	1152.78	0.00128413	22.2049
0.61	-4.16876e-05	1093.48	-44.0178	1115.29	0.00128207	22.2019
0.62	-4.51987e-05	1057.79	-44.0178	1079.6	0.00128036	22.1989
0.63	-4.89414e-05	1023.78	-44.0177	1045.6	0.00127898	22.1959
0.64	-5.2927e-05	991.36	-44.0177	1013.18	0.00127793	22.1928
0.65	-5.71667e-05	960.422	-44.0177	982.249	0.00127719	22.1896
0.66	-6.16726e-05	930.879	-44.0177	952.709	0.00127675	22.1864
0.67	-6.64568e-05	902.649	-44.0176	924.482	0.0012766	22.1832
0.68	-7.15318e-05	875.655	-44.0176	897.491	0.00127674	22.1799
0.69	-7.69105e-05	849.826	-44.0176	871.666	0.00127716	22.1765
0.7	-8.26062e-05	825.096	-44.0176	846.939	0.00127784	22.1731
0.71	-8.86325e-05	801.403	-44.0175	823.249	0.00127879	22.1697
0.72	-9.50034e-05	778.69	-44.0175	800.54	0.00127999	22.1662
0.73	-0.000101733	756.904	-44.0175	778.758	0.00128144	22.1627
0.74	-0.000108837	735.995	-44.0175	757.852	0.00128313	22.1591
0.75	-0.000116329	715.917	-44.0174	737.778	0.00128505	22.1554
0.76	-0.000124226	696.626	-44.0174	718.49	0.00128721	22.1518
0.77	-0.000132543	678.081	-44.0174	699.949	0.0012896	22.148
0.78	-0.000141296	660.245	-44.0174	682.117	0.00129221	22.1442
0.79	-0.000150503	643.082	-44.0173	664.958	0.00129504	22.1404
0.8	-0.00016018	626.558	-44.0173	648.437	0.00129808	22.1365
0.81	-0.000170344	610.642	-44.0173	632.526	0.00130133	22.1326
0.82	-0.000181014	595.305	-44.0172	617.192	0.00130479	22.1286
0.83	-0.000192208	580.518	-44.0172	602.41	0.00130845	22.1246
0.84	-0.000203945	566.257	-44.0172	588.152	0.00131231	22.1205
0.85	-0.000216243	552.495	-44.0172	574.394	0.00131637	22.1164
0.86	-0.000229122	539.211	-44.0171	561.114	0.00132063	22.1122
0.87	-0.000242603	526.381	-44.0171	548.289	0.00132508	22.108
0.88	-0.000256705	513.987	-44.0171	535.899	0.00132972	22.1037
0.89	-0.000271449	502.007	-44.017	523.924	0.00133454	22.0994
0.9	-0.000286857	490.425	-44.017	512.346	0.00133956	22.095
0.91	-0.00030295	479.222	-44.017	501.147	0.00134476	22.0906
0.92	-0.000319751	468.382	-44.0169	490.312	0.00135014	22.0861
0.93	-0.00033728	457.89	-44.0169	479.824	0.00135571	22.0816
0.94	-0.000355563	447.731	-44.0169	469.67	0.00136145	22.0771
0.95	-0.000374622	437.891	-44.0168	459.834	0.00136737	22.0724
0.96	-0.00039448	428.356	-44.0168	450.304	0.00137348	22.0678
0.97	-0.000415163	419.115	-44.0167	441.067	0.00137975	22.0631
0.98	-0.000436694	410.155	-44.0167	432.112	0.00138621	22.0583
0.99	-0.0004591	401.464	-44.0167	423.426	0.00139284	22.0535
1	-0.000482405	393.033	-44.0166	415	0.00139964	22.0486
1.01	-0.000506636	384.851	-44.0166	406.823	0.00140662	22.0437
1.02	-0.000531819	376.909	-44.0166	398.885	0.00141377	22.0388
1.03	-0.000557981	369.196	-44.0165	391.177	0.0014211	22.0338
1.04	-0.00058515	361.705	-44.0165	383.691	0.00142859	22.0287
1.05	-0.000613354	354.426	-44.0164	376.417	0.00143626	22.0236
1.06	-0.00064262	347.352	-44.0164	369.349	0.0014441	22.0185
1.07	-0.000672978	340.475	-44.0163	362.477	0.00145212	22.0133
1.08	-0.000704456	333.789	-44.0163	355.796	0.0014603	22.008
1.09	-0.000737085	327.285	-44.0163	349.297	0.00146866	22.0027
1.1	-0.000770896	320.958	-44.0162	342.975	0.00147719	21.9974
1.11	-0.000805917	314.801	-44.0162	336.823	0.00148589	21.992
1.12	-0.000842181	308.807	-44.0161	330.835	0.00149477	21.9865
1.13	-0.000879719	302.972	-44.0161	325.006	0.00150381	21.9811
1.14	-0.000918563	297.29	-44.016	319.329	0.00151303	21.9755
1.15	-0.000958746	291.755	-44.016	313.8	0.00152243	21.9699
1.16	-0.0010003	286.362	-44.0159	308.413	0.001532	21.9643
1.17	-0.00104326	281.107	-44.0159	303.163	0.00154174	21.9586
1.18	-0.00108766	275.985	-44.0158	298.047	0.00155166	21.9529
1.19	-0.00113353	270.991	-44.0158	293.058	0.00156175	21.9471
1.2	-0.00118091	266.122	-44.0157	288.194	0.00157202	21.9412
1.21	-0.00122984	261.372	-44.0157	283.451	0.00158247	21.9354
1.22	-0.00128034	256.738	-44.0156	278.823	0.00159309	21.9294
1.23	-0.00133246	252.217	-44.0156	274.308	0.0016039	21.9234
1.24	-0.00138623	247.805	-44.0155	269.901	0.00161488	21.9174
1.25	-0.00144169	243.498	-44.0155	265.6	0.00162605	21.9113
1.26	-0.00149888	239.292	-44.0154	261.401	0.0016374	21.9052
1.27	-0.00155783	235.186	-44.0153	257.301	0.00164893	21.899
1.28	-0.00161859	231.175	-44.0153	253.296	0.00166065	21.8928
1.29	-0.00168119	227.257	-44.0152	249.384	0.00167255	21.8865
1.3	-0.00174568	223.429	-44.0152	245.562	0.00168463	21.8802
1.31	-0.00181208	219.688	-44.0151	241.827	0.00169691	21.8738
1.32	-0.00188045	216.031	-44.015	238.177	0.00170937	21.8674
1.33	-0.00195082	212.457	-44.015	234.609	0.00172202	21.861
1.34	-0.00202324	208.962	-44.0149	231.121	0.00173487	21.8544
1.35	-0.00209775	205.544	-44.0149	227.709	0.00174791	21.8479
1.36	-0.00217438	202.201	-44.0148	224.373	0.00176114	21.8413
1.37	-0.00225319	198.931	-44.0147	221.109	0.00177457	21.8346
1.38	-0.00233421	195.731	-44.0147	217.916	0.0017882	21.8279
1.39	-0.00241749	192.601	-44.0146	214.792	0.00180202	21.8211
1.4	-0.00250308	189.536	-44.0145	211.735	0.00181605	21.8143
1.41	-0.00259101	186.537	-44.0144	208.742	0.00183028	21.8075
1.42	-0.00268134	183.6	-44.0144	205.812	0.00184471	21.8005
1.43	-0.0027741	180.725	-44.0143	202.944	0.00185935	21.7936
1.44	-0.00286935	177.909	-44.0142	200.135	0.0018742	21.7866
1.45	-0.00296713	175.151	-44.0141	197.384	0.00188925	21.7795
1.46	-0.00306748	172.45	-44.0141	194.689	0.00190452	21.7724
1.47	-0.00317046	169.803	-44.014	192.05	0.00192	21.7653
1.48	-0.00327612	167.209	-44.0139	189.463	0.0019357	21.7581
1.49	-0.00338449	164.667	-44.0138	186.929	0.00195161	21.7508
1.5	-0.00349563	162.176	-44.0138	184.444	0.00196775	21.7435
1.51	-0.00360959	159.734	-44.0137	182.01	0.0019841	21.7362
1.52	-0.00372642	157.34	-44.0136	179.623	0.00200068	21.7288
1.53	-0.00384616	154.992	-44.0135	177.282	0.00201749	21.7213
1.54	-0.00396887	152.69	-44.0134	174.987	0.00203452	21.7138
1.55	-0.0040946	150.432	-44.0133	172.737	0.00205178	21.7063
1.56	-0.0042234	148.217	-44.0132	170.529	0.00206927	21.6987
1.57	-0.00435532	146.044	-44.0132	168.364	0.002087	21.6911
1.58	-0.00449041	143.912	-44.0131	166.239	0.00210497	21.6834
1.59	-0.00462872	141.82	-44.013	164.155	0.00212318	21.6756
1.6	-0.00477031	139.766	-44.0129	162.109	0.00214162	21.6679
1.61	-0.00491524	137.751	-44.0128	160.102	0.00216032	21.66
1.62	-0.00506354	135.773	-44.0127	158.131	0.00217926	21.6521
1.63	-0.00521528	133.831	-44.0126	156.197	0.00219845	21.6442
1.64	-0.00537052	131.924	-44.0125	154.298	0.00221789	21.6362
1.65	-0.0055293	130.051	-44.0124	152.433	0.00223759	21.6282
1.66	-0.00569168	128.212	-44.0123	150.602	0.00225754	21.6201
1.67	-0.00585771	126.406	-44.0122	148.804	0.00227776	21.612
1.68	-0.00602746	124.632	-44.0121	147.038	0.00229823	21.6038
1.69	-0.00620098	122.889	-44.012	145.303	0.00231898	21.5956
1.7	-0.00637832	121.176	-44.0119	143.599	0.00233999	21.5873
1.71	-0.00655955	119.494	-44.0117	141.924	0.00236128	21.579
1.72	-0.00674471	117.84	-44.0116	140.279	0.00238284	21.5706
1.73	-0.00693386	116.215	-44.0115	138.661	0.00240468	21.5622
1.74	-0.00712707	114.617	-44.0114	137.072	0.0024268	21.5537
1.75	-0.00732439	113.047	-44.0113	135.51	0.0024492	21.5452
1.76	-0.00752588	111.503	-44.0112	133.975	0.00247189	21.5366
1.77	-0.0077316	109.985	-44.011	132.465	0.00249487	21.528
1.78	-0.00794161	108.492	-44.0109	130.981	0.00251815	21.5193
1.79	-0.00815596	107.024	-44.0108	129.522	0.00254172	21.5106
1.8	-0.00837472	105.58	-44.0107	128.086	0.00256559	21.5019
1.81	-0.00859795	104.16	-44.0105	126.675	0.00258977	21.4931
1.82	-0.0088257	102.763	-44.0104	125.287	0.00261425	21.4842
1.83	-0.00905804	101.389	-44.0103	123.921	0.00263905	21.4753
1.84	-0.00929503	100.037	-44.0101	122.578	0.00266416	21.4663
1.85	-0.00953673	98.7064	-44.01	121.256	0.00268958	21.4573
1.86	-0.00978319	97.3972	-44.0099	119.956	0.00271533	21.4483
1.87	-0.0100345	96.1087	-44.0097	118.677	0.00274141	21.4392
1.88	-0.0102907	94.8406	-44.0096	117.417	0.00276781	21.43
1.89	-0.0105518	93.5923	-44.0094	116.178	0.00279455	21.4208
1.9	-0.010818	92.3635	-44.0093	114.958	0.00282162	21.4116
1.91	-0.0110892	91.1538	-44.0091	113.758	0.00284904	21.4023
1.92	-0.0113656	89.9628	-44.009	112.576	0.0028768	21.3929
1.93	-0.0116472	88.79	-44.0088	111.412	0.00290491	21.3835
1.94	-0.0119341	87.6351	-44.0087	110.267	0.00293337	21.3741
1.95	-0.0122263	86.4977	-44.0085	109.139	0.00296219	21.3646
1.96	-0.0125239	85.3776	-44.0084	108.028	0.00299137	21.355
1.97	-0.0128269	84.2742	-44.0082	106.934	0.00302092	21.3454
1.98	-0.0131355	83.1874	-44.008	105.857	0.00305084	21.3358
1.99	-0.0134497	82.1167	-44.0079	104.795	0.00308113	21.3261
2	-0.0137695	81.0618	-44.0077	103.75	0.0031118	21.3164
2.01	-0.014095	80.0224	-44.0075	102.72	0.00314285	21.3066
2.02	-0.0144263	78.9983	-44.0073	101.706	0.00317429	21.2967
2.03	-0.0147635	77.9891	-44.0072	100.706	0.00320613	21.2868
2.04	-0.0151065	76.9944	-44.007	99.7213	0.00323836	21.2769
2.05	-0.0154556	76.0142	-44.0068	98.7507	0.00327099	21.2669
2.06	-0.0158107	75.0479	-44.0066	97.7943	0.00330404	21.2569
2.07	-0.0161719	74.0955	-44.0064	96.8517	0.00333749	21.2468
2.08	-0.0165392	73.1565	-44.0062	95.9227	0.00337136	21.2367
2.09	-0.0169128	72.2309	-44.006	95.007	0.00340565	21.2265
2.1	-0.0172927	71.3182	-44.0058	94.1043	0.00344037	21.2163
2.11	-0.017679	70.4183	-44.0056	93.2144	0.00347552	21.206
2.12	-0.0180717	69.5309	-44.0054	92.3371	0.00351111	21.1957
2.13	-0.0184709	68.6558	-44.0052	91.4722	0.00354715	21.1853
2.14	-0.0188766	67.7927	-44.005	90.6193	0.00358363	21.1749
2.15	-0.019289	66.9415	-44.0048	89.7783	0.00362056	21.1644
2.16	-0.0197081	66.1019	-44.0046	88.9489	0.00365795	21.1539
2.17	-0.0201339	65.2736	-44.0044	88.131	0.00369581	21.1433
2.18	-0.0205666	64.4566	-44.0041	87.3243	0.00373414	21.1327
2.19	-0.0210062	63.6505	-44.0039	86.5286	0.00377295	21.122
2.2	-0.0214527	62.8553	-44.0037	85.7438	0.00381223	21.1113
2.21	-0.0219062	62.0706	-44.0034	84.9696	0.00385201	21.1006
2.22	-0.0223668	61.2963	-44.0032	84.2058	0.00389228	21.0897
2.23	-0.0228346	60.5322	-44.003	83.4523	0.00393305	21.0789
2.24	-0.0233096	59.7781	-44.0027	82.7089	0.00397432	21.068
2.25	-0.0237919	59.0339	-44.0025	81.9753	0.00401611	21.057
2.26	-0.0242816	58.2993	-44.0022	81.2515	0.00405842	21.046
2.27	-0.0247786	57.5743	-44.002	80.5372	0.00410125	21.0349
2.28	-0.0252832	56.8585	-44.0017	79.8323	0.00414462	21.0238
2.29	-0.0257953	56.152	-44.0014	79.1366	0.00418852	21.0127
2.3	-0.026315	55.4544	-44.0012	78.4499	0.00423297	21.0015
2.31	-0.0268423	54.7658	-44.0009	77.7722	0.00427797	20.9902
2.32	-0.0273774	54.0858	-44.0006	77.1032	0.00432353	20.9789
2.33	-0.0279204	53.4143	-44.0003	76.4427	0.00436965	20.9676
2.34	-0.0284712	52.7513	-44.0001	75.7908	0.00441635	20.9562
2.35	-0.0290299	52.0965	-43.9998	75.1471	0.00446362	20.9447
2.36	-0.0295966	51.4499	-43.9995	74.5116	0.00451148	20.9332
2.37	-0.0301714	50.8112	-43.9992	73.8842	0.00455994	20.9217
2.38	-0.0307543	50.1804	-43.9989	73.2646	0.004609	20.9101
2.39	-0.0313454	49.5573	-43.9986	72.6528	0.00465867	20.8984
2.4	-0.0319448	48.9418	-43.9983	72.0486	0.00470895	20.8868
2.41	-0.0325525	48.3338	-43.9979	71.4519	0.00475986	20.875
2.42	-0.0331685	47.7331	-43.9976	70.8626	0.0048114	20.8632
2.43	-0.033793	47.1396	-43.9973	70.2806	0.00486358	20.8514
2.44	-0.034426	46.5532	-43.997	69.7057	0.00491641	20.8395
2.45	-0.0350676	45.9738	-43.9966	69.1379	0.0049699	20.8276
2.46	-0.0357178	45.4012	-43.9963	68.5769	0.00502405	20.8156
2.47	-0.0363767	44.8354	-43.996	68.0228	0.00507887	20.8035
2.48	-0.0370443	44.2763	-43.9956	67.4753	0.00513437	20.7915
2.49	-0.0377208	43.7237	-43.9952	66.9344	0.00519057	20.7793
2.5	-0.0384061	43.1775	-43.9949	66.4	0.00524746	20.7671
2.51	-0.0391003	42.6377	-43.9945	65.872	0.00530506	20.7549
2.52	-0.0398036	42.1041	-43.9942	65.3502	0.00536337	20.7426
2.53	-0.0405159	41.5766	-43.9938	64.8346	0.00542241	20.7303
2.54	-0.0412373	41.0552	-43.9934	64.3251	0.00548219	20.7179
2.55	-0.0419678	40.5397	-43.993	63.8216	0.0055427	20.7055
2.56	-0.0427076	40.03	-43.9926	63.324	0.00560397	20.693
2.57	-0.0434567	39.5261	-43.9922	62.8321	0.00566601	20.6805
2.58	-0.0442151	39.0279	-43.9918	62.346	0.00572881	20.6679
2.59	-0.044983	38.5352	-43.9914	61.8655	0.0057924	20.6553
2.6	-0.0457602	38.0481	-43.991	61.3905	0.00585677	20.6427
2.61	-0.046547	37.5663	-43.9905	60.921	0.00592195	20.6299
2.62	-0.0473434	37.0899	-43.9901	60.4568	0.00598794	20.6172
2.63	-0.0481493	36.6187	-43.9897	59.998	0.00605475	20.6044
2.64	-0.048965	36.1527	-43.9892	59.5443	0.0061224	20.5915
2.65	-0.0497904	35.6918	-43.9888	59.0958	0.00619088	20.5786
2.66	-0.0506255	35.2358	-43.9883	58.6523	0.00626022	20.5656
2.67	-0.0514705	34.7848	-43.9879	58.2137	0.00633043	20.5526
2.68	-0.0523254	34.3387	-43.9874	57.7801	0.00640151	20.5396
2.69	-0.0531902	33.8973	-43.9869	57.3513	0.00647347	20.5264
2.7	-0.054065	33.4607	-43.9864	56.9273	0.00654634	20.5133
2.71	-0.0549499	33.0287	-43.9859	56.5079	0.00662011	20.5001
2.72	-0.0558448	32.6013	-43.9854	56.0932	0.0066948	20.4868
2.73	-0.0567499	32.1784	-43.9849	55.683	0.00677042	20.4735
2.74	-0.0576652	31.7599	-43.9844	55.2773	0.00684699	20.4602
2.75	-0.0585907	31.3458	-43.9839	54.876	0.00692451	20.4468
2.76	-0.0595265	30.9361	-43.9834	54.4791	0.007003	20.4333
2.77	-0.0604726	30.5305	-43.9828	54.0865	0.00708248	20.4198
2.78	-0.0614292	30.1292	-43.9823	53.698	0.00716294	20.4063
2.79	-0.0623961	29.732	-43.9817	53.3138	0.00724441	20.3927
2.8	-0.0633735	29.3389	-43.9812	52.9337	0.00732689	20.379
2.81	-0.0643614	28.9498	-43.9806	52.5576	0.00741041	20.3653
2.82	-0.0653599	28.5646	-43.98	52.1855	0.00749497	20.3516
2.83	-0.0663689	28.1833	-43.9794	51.8174	0.00758059	20.3378
2.84	-0.0673886	27.8059	-43.9788	51.4531	0.00766728	20.324
2.85	-0.068419	27.4323	-43.9782	51.0926	0.00775506	20.3101
2.86	-0.0694601	27.0624	-43.9776	50.736	0.00784393	20.2961
2.87	-0.0705119	26.6962	-43.977	50.383	0.00793391	20.2822
2.88	-0.0715746	26.3336	-43.9763	50.0338	0.00802502	20.2681
2.89	-0.0726481	25.9746	-43.9757	49.6881	0.00811727	20.254
2.9	-0.0737324	25.6191	-43.975	49.346	0.00821068	20.2399
2.91	-0.0748277	25.2671	-43.9744	49.0075	0.00830526	20.2257
2.92	-0.0759339	24.9186	-43.9737	48.6724	0.00840102	20.2115
2.93	-0.0770511	24.5734	-43.973	48.3407	0.00849798	20.1972
2.94	-0.0781793	24.2316	-43.9723	48.0124	0.00859615	20.1829
2.95	-0.0793185	23.893	-43.9716	47.6874	0.00869556	20.1685
2.96	-0.0804689	23.5578	-43.9709	47.3658	0.00879621	20.1541
2.97	-0.0816303	23.2257	-43.9702	47.0474	0.00889813	20.1396
2.98	-0.0828028	22.8968	-43.9694	46.7321	0.00900132	20.1251
2.99	-0.0839865	22.571	-43.9687	46.4201	0.00910581	20.1105
3	-0.0851815	22.2483	-43.9679	46.1111	0.00921161	20.0959
3.01	-0.0863876	21.9286	-43.9672	45.8052	0.00931874	20.0812
3.02	-0.0876049	21.6119	-43.9664	45.5024	0.00942721	20.0665
3.03	-0.0888336	21.2982	-43.9656	45.2025	0.00953704	20.0517
3.04	-0.0900735	20.9874	-43.9648	44.9056	0.00964826	20.0369
3.05	-0.0913248	20.6795	-43.964	44.6117	0.00976087	20.022
3.06	-0.0925873	20.3744	-43.9631	44.3206	0.0098749	20.0071
3.07	-0.0938613	20.0722	-43.9623	44.0323	0.00999036	19.9922
3.08	-0.0951466	19.7727	-43.9614	43.7468	0.0101073	19.9772
3.09	-0.0964433	19.4759	-43.9606	43.4641	0.0102256	19.9621
3.1	-0.0977514	19.1818	-43.9597	43.1842	0.0103455	19.947
3.11	-0.0990709	18.8904	-43.9588	42.9069	0.0104669	19.9318
3.12	-0.100402	18.6017	-43.9579	42.6323	0.0105898	19.9166
3.13	-0.101744	18.3155	-43.957	42.3603	0.0107143	19.9014
3.14	-0.103098	18.0318	-43.956	42.091	0.0108403	19.8861
3.15	-0.104464	17.7507	-43.9551	41.8241	0.0109679	19.8707
3.16	-0.105841	17.4721	-43.9541	41.5598	0.0110971	19.8553
3.17	-0.107229	17.196	-43.9531	41.2981	0.0112279	19.8399
3.18	-0.108629	16.9223	-43.9521	41.0387	0.0113604	19.8244
3.19	-0.11004	16.651	-43.9511	40.7818	0.0114946	19.8088
3.2	-0.111463	16.3821	-43.9501	40.5273	0.0116304	19.7932
3.21	-0.112898	16.1155	-43.9491	40.2752	0.011768	19.7776
3.22	-0.114344	15.8512	-43.948	40.0255	0.0119073	19.7619
3.23	-0.115801	15.5892	-43.9469	39.778	0.0120483	19.7461
3.24	-0.11727	15.3295	-43.9459	39.5328	0.0121911	19.7303
3.25	-0.118751	15.072	-43.9448	39.2899	0.0123358	19.7145
3.26	-0.120243	14.8167	-43.9436	39.0493	0.0124822	19.6986
3.27	-0.121747	14.5636	-43.9425	38.8108	0.0126305	19.6827
3.28	-0.123262	14.3126	-43.9414	38.5745	0.0127807	19.6667
3.29	-0.124789	14.0638	-43.9402	38.3404	0.0129328	19.6506
3.3	-0.126327	13.817	-43.939	38.1084	0.0130867	19.6345
3.31	-0.127877	13.5723	-43.9378	37.8784	0.0132427	19.6184
3.32	-0.129438	13.3297	-43.9366	37.6506	0.0134006	19.6022
3.33	-0.13101	13.089	-43.9353	37.4248	0.0135605	19.586
3.34	-0.132595	12.8504	-43.9341	37.201	0.0137224	19.5697
3.35	-0.13419	12.6138	-43.9328	36.9793	0.0138863	19.5534
3.36	-0.135797	12.3791	-43.9315	36.7595	0.0140524	19.537
3.37	-0.137416	12.1463	-43.9302	36.5417	0.0142205	19.5206
3.38	-0.139046	11.9154	-43.9288	36.3258	0.0143908	19.5041
3.39	-0.140687	11.6864	-43.9275	36.1118	0.0145632	19.4876
3.4	-0.14234	11.4593	-43.9261	35.8997	0.0147378	19.471
3.41	-0.144004	11.234	-43.9247	35.6894	0.0149146	19.4544
3.42	-0.145679	11.0105	-43.9233	35.481	0.0150936	19.4377
3.43	-0.147365	10.7888	-43.9219	35.2744	0.0152749	19.421
3.44	-0.149063	10.5689	-43.9204	35.0696	0.0154585	19.4042
3.45	-0.150772	10.3508	-43.9189	34.8666	0.0156444	19.3874
3.46	-0.152493	10.1343	-43.9174	34.6654	0.0158327	19.3705
3.47	-0.154224	9.91963	-43.9159	34.4659	0.0160233	19.3536
3.48	-0.155967	9.70661	-43.9143	34.2681	0.0162164	19.3367
3.49	-0.157721	9.49527	-43.9128	34.072	0.0164119	19.3196
3.5	-0.159485	9.28558	-43.9112	33.8776	0.0166099	19.3026
3.51	-0.161261	9.07753	-43.9095	33.6848	0.0168104	19.2855
3.52	-0.163048	8.8711	-43.9079	33.4937	0.0170134	19.2683
3.53	-0.164846	8.66627	-43.9062	33.3042	0.017219	19.2511
3.54	-0.166655	8.46303	-43.9045	33.1163	0.0174272	19.2338
3.55	-0.168474	8.26134	-43.9028	32.93	0.0176381	19.2165
3.56	-0.170305	8.06121	-43.9011	32.7452	0.0178516	19.1992
3.57	-0.172146	7.8626	-43.8993	32.562	0.0180678	19.1818
3.58	-0.173998	7.66551	-43.8975	32.3804	0.0182868	19.1643
3.59	-0.175861	7.46992	-43.8957	32.2002	0.0185085	19.1468
3.6	-0.177734	7.2758	-43.8938	32.0216	0.0187331	19.1293
3.61	-0.179618	7.08315	-43.8919	31.8444	0.0189605	19.1117
3.62	-0.181512	6.89195	-43.89	31.6688	0.0191908	19.094
3.63	-0.183417	6.70218	-43.8881	31.4945	0.019424	19.0763
3.64	-0.185332	6.51383	-43.8861	31.3217	0.0196601	19.0586
3.65	-0.187258	6.32688	-43.8841	31.1503	0.0198993	19.0408
3.66	-0.189194	6.14131	-43.8821	30.9803	0.0201415	19.0229
3.67	-0.19114	5.95712	-43.88	30.8117	0.0203867	19.005
3.68	-0.193096	5.77429	-43.8779	30.6445	0.0206351	18.9871
3.69	-0.195063	5.5928	-43.8758	30.4786	0.0208866	18.9691
3.7	-0.197039	5.41264	-43.8737	30.3141	0.0211413	18.9511
3.71	-0.199026	5.23379	-43.8715	30.1509	0.0213992	18.933
3.72	-0.201022	5.05624	-43.8693	29.989	0.0216605	18.9149
3.73	-0.203028	4.87999	-43.867	29.8284	0.021925	18.8967
3.74	-0.205044	4.705	-43.8648	29.6691	0.0221929	18.8784
3.75	-0.207069	4.53128	-43.8624	29.5111	0.0224641	18.8602
3.76	-0.209105	4.35881	-43.8601	29.3543	0.0227389	18.8418
3.77	-0.211149	4.18757	-43.8577	29.1988	0.0230171	18.8234
3.78	-0.213203	4.01756	-43.8553	29.0445	0.0232988	18.805
3.79	-0.215267	3.84875	-43.8528	28.8915	0.0235841	18.7865
3.8	-0.217339	3.68115	-43.8503	28.7396	0.0238731	18.768
3.81	-0.219421	3.51473	-43.8478	28.5889	0.0241656	18.7494
3.82	-0.221512	3.34948	-43.8452	28.4395	0.024462	18.7308
3.83	-0.223612	3.1854	-43.8426	28.2911	0.024762	18.7121
3.84	-0.225721	3.02247	-43.84	28.144	0.0250659	18.6934
3.85	-0.227838	2.86068	-43.8373	27.998	0.0253736	18.6746
3.86	-0.229965	2.70001	-43.8346	27.8531	0.0256853	18.6558
3.87	-0.2321	2.54047	-43.8318	27.7093	0.0260009	18.637
3.88	-0.234243	2.38203	-43.829	27.5667	0.0263205	18.618
3.89	-0.236395	2.22469	-43.8262	27.4251	0.0266441	18.5991
3.9	-0.238555	2.06843	-43.8233	27.2847	0.0269718	18.5801
3.91	-0.240724	1.91324	-43.8203	27.1453	0.0273038	18.561
3.92	-0.2429	1.75912	-43.8174	27.007	0.0276399	18.5419
3.93	-0.245085	1.60606	-43.8143	26.8697	0.0279803	18.5227
3.94	-0.247277	1.45404	-43.8113	26.7335	0.028325	18.5035
3.95	-0.249477	1.30305	-43.8082	26.5983	0.028674	18.4842
3.96	-0.251685	1.15309	-43.805	26.4641	0.0290275	18.4649
3.97	-0.253901	1.00415	-43.8018	26.331	0.0293855	18.4456
3.98	-0.256124	0.856205	-43.7986	26.1988	0.029748	18.4262
3.99	-0.258354	0.709261	-43.7953	26.0677	0.0301151	18.4067
4	-0.260591	0.563305	-43.7919	25.9375	0.0304869	18.3872
4.01	-0.262836	0.418327	-43.7885	25.8083	0.0308634	18.3677
4.02	-0.265087	0.274319	-43.7851	25.6801	0.0312446	18.3481
4.03	-0.267346	0.131271	-43.7815	25.5528	0.0316307	18.3284
4.04	-0.269611	-0.0108239	-43.778	25.4264	0.0320217	18.3087
4.05	-0.271882	-0.151976	-43.7744	25.301	0.0324176	18.289
4.06	-0.27416	-0.292192	-43.7707	25.1765	0.0328185	18.2692
4.07	-0.276445	-0.431481	-43.767	25.053	0.0332245	18.2493
4.08	-0.278735	-0.569851	-43.7632	24.9303	0.0336357	18.2294
4.09	-0.281032	-0.70731	-43.7594	24.8086	0.0340521	18.2095
4.1	-0.283334	-0.843866	-43.7555	24.6877	0.0344737	18.1895
4.11	-0.285643	-0.979527	-43.7516	24.5677	0.0349007	18.1695
4.12	-0.287956	-1.1143	-43.7476	24.4486	0.035333	18.1494
4.13	-0.290276	-1.24819	-43.7435	24.3303	0.0357709	18.1292
4.14	-0.292601	-1.38121	-43.7394	24.2129	0.0362142	18.109
4.15	-0.294931	-1.51337	-43.7352	24.0964	0.0366632	18.0888
4.16	-0.297266	-1.64466	-43.731	23.9807	0.0371179	18.0685
4.17	-0.299606	-1.77511	-43.7267	23.8658	0.0375783	18.0482
4.18	-0.301951	-1.90471	-43.7223	23.7517	0.0380445	18.0278
4.19	-0.3043	-2.03347	-43.7179	23.6385	0.0385166	18.0074
4.2	-0.306654	-2.1614	-43.7134	23.5261	0.0389947	17.9869
4.21	-0.309012	-2.28851	-43.7088	23.4144	0.0394788	17.9664
4.22	-0.311374	-2.4148	-43.7042	23.3036	0.039969	17.9458
4.23	-0.313741	-2.54028	-43.6995	23.1936	0.0404654	17.9252
4.24	-0.316111	-2.66495	-43.6947	23.0843	0.0409681	17.9045
4.25	-0.318485	-2.78883	-43.6899	22.9758	0.0414771	17.8838
4.26	-0.320862	-2.91191	-43.6849	22.868	0.0419925	17.863
4.27	-0.323243	-3.0342	-43.68	22.7611	0.0425144	17.8422
4.28	-0.325626	-3.15572	-43.6749	22.6548	0.0430429	17.8213
4.29	-0.328013	-3.27646	-43.6698	22.5493	0.0435781	17.8004
4.3	-0.330403	-3.39643	-43.6645	22.4446	0.04412	17.7794
4.31	-0.332795	-3.51564	-43.6592	22.3405	0.0446687	17.7584
4.32	-0.33519	-3.63409	-43.6539	22.2372	0.0452243	17.7373
4.33	-0.337587	-3.75179	-43.6484	22.1346	0.0457869	17.7162
4.34	-0.339987	-3.86874	-43.6429	22.0327	0.0463566	17.6951
4.35	-0.342388	-3.98495	-43.6373	21.9316	0.0469334	17.6739
4.36	-0.344791	-4.10042	-43.6316	21.8311	0.0475175	17.6526
4.37	-0.347196	-4.21516	-43.6258	21.7313	0.0481089	17.6313
4.38	-0.349602	-4.32917	-43.62	21.6322	0.0487078	17.6099
4.39	-0.35201	-4.44247	-43.614	21.5337	0.0493142	17.5885
4.4	-0.354418	-4.55504	-43.608	21.436	0.0499281	17.5671
4.41	-0.356828	-4.6669	-43.6019	21.3388	0.0505498	17.5456
4.42	-0.359238	-4.77806	-43.5956	21.2424	0.0511792	17.524
4.43	-0.361649	-4.88851	-43.5893	21.1466	0.0518166	17.5024
4.44	-0.36406	-4.99826	-43.5829	21.0515	0.0524619	17.4807
4.45	-0.366471	-5.10732	-43.5764	20.9569	0.0531153	17.459
4.46	-0.368882	-5.21569	-43.5698	20.8631	0.0537768	17.4373
4.47	-0.371293	-5.32337	-43.5632	20.7698	0.0544466	17.4155
4.48	-0.373703	-5.43037	-43.5564	20.6772	0.0551248	17.3937
4.49	-0.376113	-5.5367	-43.5495	20.5852	0.0558115	17.3718
4.5	-0.378522	-5.64235	-43.5425	20.4938	0.0565067	17.3498
4.51	-0.38093	-5.74733	-43.5354	20.403	0.0572106	17.3278
4.52	-0.383337	-5.85164	-43.5282	20.3129	0.0579233	17.3058
4.53	-0.385742	-5.95529	-43.5209	20.2233	0.0586448	17.2837
4.54	-0.388145	-6.05829	-43.5135	20.1343	0.0593754	17.2616
4.55	-0.390547	-6.16062	-43.506	20.0459	0.060115	17.2394
4.56	-0.392947	-6.26231	-43.4984	19.9581	0.0608638	17.2171
4.57	-0.395344	-6.36335	-43.4906	19.8708	0.0616219	17.1948
4.58	-0.397739	-6.46374	-43.4828	19.7841	0.0623894	17.1725
4.59	-0.400132	-6.56349	-43.4748	19.698	0.0631665	17.1501
4.6	-0.402521	-6.6626	-43.4667	19.6125	0.0639532	17.1277
4.61	-0.404908	-6.76108	-43.4585	19.5275	0.0647496	17.1052
4.62	-0.407291	-6.85892	-43.4502	19.443	0.0655559	17.0827
4.63	-0.409671	-6.95614	-43.4418	19.3591	0.0663721	17.0601
4.64	-0.412047	-7.05273	-43.4332	19.2758	0.0671985	17.0375
4.65	-0.414419	-7.14869	-43.4245	19.193	0.068035	17.0148
4.66	-0.416786	-7.24403	-43.4157	19.1107	0.0688819	16.9921
4.67	-0.41915	-7.33876	-43.4067	19.0289	0.0697392	16.9693
4.68	-0.421509	-7.43287	-43.3976	18.9477	0.0706071	16.9465
4.69	-0.423863	-7.52636	-43.3884	18.867	0.0714857	16.9236
4.7	-0.426212	-7.61924	-43.3791	18.7868	0.0723751	16.9007
4.71	-0.428556	-7.71152	-43.3696	18.7071	0.0732754	16.8777
4.72	-0.430895	-7.80318	-43.36	18.6279	0.0741867	16.8547
4.73	-0.433228	-7.89425	-43.3502	18.5492	0.0751093	16.8316
4.74	-0.435555	-7.98471	-43.3403	18.471	0.0760431	16.8085
4.75	-0.437876	-8.07457	-43.3303	18.3934	0.0769884	16.7853
4.76	-0.44019	-8.16383	-43.3201	18.3161	0.0779452	16.7621
4.77	-0.442498	-8.2525	-43.3097	18.2394	0.0789137	16.7389
4.78	-0.444799	-8.34057	-43.2992	18.1632	0.0798941	16.7156
4.79	-0.447094	-8.42805	-43.2886	18.0874	0.0808864	16.6922
4.8	-0.449381	-8.51494	-43.2778	18.0122	0.0818907	16.6688
4.81	-0.45166	-8.60124	-43.2668	17.9373	0.0829073	16.6453
4.82	-0.453932	-8.68695	-43.2557	17.863	0.0839363	16.6218
4.83	-0.456196	-8.77207	-43.2444	17.7891	0.0849777	16.5983
4.84	-0.458452	-8.85661	-43.233	17.7157	0.0860318	16.5747
4.85	-0.460699	-8.94057	-43.2214	17.6427	0.0870987	16.551
4.86	-0.462938	-9.02394	-43.2096	17.5702	0.0881784	16.5273
4.87	-0.465168	-9.10673	-43.1976	17.4981	0.0892712	16.5036
4.88	-0.46739	-9.18895	-43.1855	17.4264	0.0903772	16.4798
4.89	-0.469601	-9.27058	-43.1732	17.3552	0.0914965	16.4559
4.9	-0.471804	-9.35164	-43.1607	17.2845	0.0926293	16.432
4.91	-0.473996	-9.43212	-43.1481	17.2141	0.0937756	16.4081
4.92	-0.476179	-9.51202	-43.1353	17.1442	0.0949358	16.3841
4.93	-0.478352	-9.59135	-43.1222	17.0747	0.0961099	16.36
4.94	-0.480514	-9.6701	-43.109	17.0057	0.097298	16.3359
4.95	-0.482665	-9.74828	-43.0956	16.937	0.0985003	16.3118
4.96	-0.484806	-9.82588	-43.082	16.8688	0.099717	16.2876
4.97	-0.486935	-9.90292	-43.0682	16.801	0.100948	16.2634
4.98	-0.489053	-9.97938	-43.0543	16.7336	0.102194	16.2391
4.99	-0.49116	-10.0553	-43.0401	16.6666	0.103455	16.2148
5	-0.493255	-10.1306	-43.0257	16.6	0.10473	16.1904
5.01	-0.495338	-10.2053	-43.0111	16.5338	0.106021	16.1659
5.02	-0.497408	-10.2795	-42.9963	16.468	0.107327	16.1414
5.03	-0.499466	-10.3531	-42.9813	16.4026	0.108648	16.1169
5.04	-0.501512	-10.4261	-42.966	16.3376	0.109985	16.0923
5.05	-0.503544	-10.4986	-42.9506	16.2729	0.111338	16.0677
5.06	-0.505564	-10.5705	-42.9349	16.2087	0.112706	16.043
5.07	-0.50757	-10.6418	-42.919	16.1448	0.114091	16.0183
5.08	-0.509562	-10.7126	-42.9029	16.0813	0.115492	15.9935
5.09	-0.51154	-10.7827	-42.8865	16.0182	0.116909	15.9687
5.1	-0.513505	-10.8524	-42.8699	15.9554	0.118343	15.9438
5.11	-0.515455	-10.9214	-42.8531	15.893	0.119793	15.9189
5.12	-0.517391	-10.9898	-42.836	15.831	0.12126	15.8939
5.13	-0.519311	-11.0577	-42.8187	15.7693	0.122745	15.8689
5.14	-0.521217	-11.1251	-42.8012	15.708	0.124246	15.8438
5.15	-0.523108	-11.1918	-42.7834	15.6471	0.125765	15.8187
5.16	-0.524983	-11.258	-42.7653	15.5865	0.127301	15.7936
5.17	-0.526843	-11.3235	-42.747	15.5263	0.128855	15.7683
5.18	-0.528687	-11.3886	-42.7284	15.4664	0.130427	15.7431
5.19	-0.530514	-11.453	-42.7096	15.4068	0.132017	15.7178
5.2	-0.532326	-11.5168	-42.6905	15.3476	0.133624	15.6924
5.21	-0.534121	-11.5801	-42.6711	15.2888	0.135251	15.667
5.22	-0.535899	-11.6428	-42.6515	15.2303	0.136895	15.6415
5.23	-0.53766	-11.7049	-42.6316	15.1721	0.138559	15.616
5.24	-0.539404	-11.7665	-42.6114	15.1142	0.140241	15.5905
5.25	-0.541131	-11.8274	-42.5909	15.0567	0.141942	15.5649
5.26	-0.54284	-11.8878	-42.5701	14.9995	0.143662	15.5392
5.27	-0.544531	-11.9475	-42.5491	14.9426	0.145402	15.5135
5.28	-0.546204	-12.0067	-42.5277	14.8861	0.147161	15.4878
5.29	-0.547859	-12.0653	-42.5061	14.8298	0.14894	15.462
5.3	-0.549496	-12.1233	-42.4841	14.7739	0.150738	15.4361
5.31	-0.551114	-12.1807	-42.4618	14.7183	0.152557	15.4102
5.32	-0.552712	-12.2375	-42.4392	14.6631	0.154395	15.3843
5.33	-0.554292	-12.2937	-42.4163	14.6081	0.156254	15.3583
5.34	-0.555853	-12.3493	-42.3931	14.5534	0.158134	15.3322
5.35	-0.557394	-12.4044	-42.3696	14.4991	0.160034	15.3061
5.36	-0.558916	-12.4588	-42.3457	14.445	0.161955	15.28
5.37	-0.560417	-12.5126	-42.3215	14.3913	0.163896	15.2538
5.38	-0.561899	-12.5658	-42.297	14.3378	0.165859	15.2276
5.39	-0.56336	-12.6184	-42.2721	14.2847	0.167843	15.2013
5.4	-0.564801	-12.6703	-42.2469	14.2318	0.169849	15.1749
5.41	-0.566221	-12.7217	-42.2214	14.1793	0.171876	15.1485
5.42	-0.56762	-12.7724	-42.1955	14.127	0.173925	15.1221
5.43	-0.568998	-12.8226	-42.1692	14.075	0.175996	15.0956
5.44	-0.570355	-12.8721	-42.1425	14.0233	0.178089	15.0691
5.45	-0.57169	-12.9209	-42.1155	13.9719	0.180204	15.0425
5.46	-0.573004	-12.9692	-42.0882	13.9208	0.182342	15.0159
5.47	-0.574296	-13.0168	-42.0604	13.8699	0.184502	14.9892
5.48	-0.575567	-13.0638	-42.0323	13.8193	0.186685	14.9625
5.49	-0.576814	-13.1102	-42.0038	13.769	0.18889	14.9357
5.5	-0.57804	-13.1559	-41.9749	13.719	0.191119	14.9089
5.51	-0.579243	-13.201	-41.9456	13.6693	0.19337	14.882
5.52	-0.580424	-13.2454	-41.9159	13.6198	0.195645	14.8551
5.53	-0.581581	-13.2891	-41.8858	13.5706	0.197944	14.8282
5.54	-0.582716	-13.332	-41.8553	13.5216	0.200266	14.8014
5.55	-0.583827	-13.3741	-41.8244	13.4729	0.202611	14.7748
5.56	-0.584915	-13.4154	-41.7931	13.4245	0.20498	14.7482
5.57	-0.58598	-13.4559	-41.7613	13.3764	0.207374	14.7217
5.58	-0.587021	-13.4955	-41.7291	13.3285	0.209791	14.6953
5.59	-0.588038	-13.5344	-41.6965	13.2808	0.212233	14.6691
5.6	-0.589031	-13.5725	-41.6634	13.2334	0.214698	14.6429
5.61	-0.59	-13.6097	-41.6299	13.1863	0.217189	14.6168
5.62	-0.590945	-13.6461	-41.596	13.1394	0.219704	14.5907
5.63	-0.591865	-13.6817	-41.5616	13.0928	0.222243	14.5648
5.64	-0.592761	-13.7165	-41.5267	13.0464	0.224808	14.539
5.65	-0.593632	-13.7505	-41.4914	13.0002	0.227397	14.5133
5.66	-0.594478	-13.7836	-41.4556	12.9543	0.230011	14.4876
5.67	-0.595299	-13.8159	-41.4193	12.9087	0.23265	14.4621
5.68	-0.596096	-13.8474	-41.3826	12.8633	0.235315	14.4366
5.69	-0.596867	-13.878	-41.3453	12.8181	0.238005	14.4112
5.7	-0.597612	-13.9077	-41.3076	12.7732	0.24072	14.386
5.71	-0.598333	-13.9367	-41.2694	12.7285	0.24346	14.3608
5.72	-0.599028	-13.9647	-41.2306	12.684	0.246227	14.3357
5.73	-0.599697	-13.992	-41.1914	12.6398	0.249018	14.3106
5.74	-0.60034	-14.0183	-41.1516	12.5958	0.251836	14.2857
5.75	-0.600958	-14.0438	-41.1114	12.552	0.254679	14.2609
5.76	-0.601549	-14.0685	-41.0706	12.5084	0.257548	14.2361
5.77	-0.602114	-14.0922	-41.0292	12.4651	0.260443	14.2114
5.78	-0.602654	-14.1151	-40.9874	12.422	0.263363	14.1869
5.79	-0.603167	-14.1372	-40.945	12.3792	0.26631	14.1623
5.8	-0.603654	-14.1583	-40.902	12.3365	0.269283	14.1379
5.81	-0.604114	-14.1786	-40.8585	12.2941	0.272281	14.1136
5.82	-0.604548	-14.1979	-40.8144	12.2519	0.275306	14.0893
5.83	-0.604955	-14.2164	-40.7698	12.2099	0.278357	14.0652
5.84	-0.605335	-14.234	-40.7246	12.1681	0.281433	14.0411
5.85	-0.605689	-14.2507	-40.6788	12.1265	0.284536	14.0171
5.86	-0.606016	-14.2664	-40.6324	12.0852	0.287665	13.9932
5.87	-0.606317	-14.2813	-40.5855	12.044	0.29082	13.9693
5.88	-0.60659	-14.2953	-40.5379	12.0031	0.294001	13.9456
5.89	-0.606836	-14.3083	-40.4898	11.9624	0.297208	13.9219
5.9	-0.607056	-14.3204	-40.441	11.9219	0.300441	13.8983
5.91	-0.607248	-14.3316	-40.3917	11.8816	0.3037	13.8748
5.92	-0.607413	-14.3419	-40.3417	11.8414	0.306985	13.8514
5.93	-0.607551	-14.3512	-40.2911	11.8015	0.310296	13.828
5.94	-0.607663	-14.3596	-40.2398	11.7618	0.313632	13.8047
5.95	-0.607746	-14.3671	-40.1879	11.7223	0.316994	13.7815
5.96	-0.607803	-14.3736	-40.1354	11.683	0.320382	13.7584
5.97	-0.607832	-14.3791	-40.0822	11.6439	0.323795	13.7353
5.98	-0.607834	-14.3837	-40.0284	11.605	0.327233	13.7124
5.99	-0.607809	-14.3874	-39.9739	11.5663	0.330697	13.6895
6	-0.607757	-14.3901	-39.9187	11.5278	0.334186	13.6667
6.01	-0.607677	-14.3918	-39.8629	11.4894	0.337701	13.6439
6.02	-0.60757	-14.3925	-39.8064	11.4513	0.34124	13.6213
6.03	-0.607436	-14.3923	-39.7491	11.4134	0.344803	13.5987
6.04	-0.607274	-14.3911	-39.6913	11.3756	0.348392	13.5762
6.05	-0.607086	-14.3889	-39.6327	11.338	0.352004	13.5537
6.06	-0.60687	-14.3857	-39.5734	11.3006	0.355641	13.5314
6.07	-0.606626	-14.3815	-39.5133	11.2634	0.359302	13.5091
6.08	-0.606356	-14.3764	-39.4526	11.2264	0.362987	13.4868
6.09	-0.606058	-14.3702	-39.3912	11.1896	0.366695	13.4647
6.1	-0.605734	-14.363	-39.329	11.1529	0.370427	13.4426
6.11	-0.605382	-14.3548	-39.2661	11.1164	0.374182	13.4206
6.12	-0.605003	-14.3456	-39.2024	11.0801	0.37796	13.3987
6.13	-0.604597	-14.3354	-39.138	11.044	0.38176	13.3768
6.14	-0.604164	-14.3242	-39.0729	11.0081	0.385583	13.355
6.15	-0.603704	-14.3119	-39.007	10.9723	0.389427	13.3333
6.16	-0.603217	-14.2986	-38.9403	10.9367	0.393293	13.3117
6.17	-0.602704	-14.2843	-38.8728	10.9013	0.397181	13.2901
6.18	-0.602164	-14.2689	-38.8046	10.866	0.40109	13.2686
6.19	-0.601597	-14.2525	-38.7356	10.831	0.405019	13.2472
6.2	-0.601003	-14.235	-38.6658	10.796	0.408969	13.2258
6.21	-0.600383	-14.2165	-38.5952	10.7613	0.412938	13.2045
6.22	-0.599737	-14.1969	-38.5239	10.7267	0.416928	13.1833
6.23	-0.599064	-14.1763	-38.4517	10.6923	0.420936	13.1621
6.24	-0.598365	-14.1546	-38.3787	10.6581	0.424963	13.141
6.25	-0.597639	-14.1319	-38.3049	10.624	0.429008	13.12
6.26	-0.596888	-14.1081	-38.2303	10.5901	0.433071	13.099
6.27	-0.59611	-14.0832	-38.1548	10.5563	0.437152	13.0781
6.28	-0.595307	-14.0572	-38.0785	10.5227	0.441249	13.0573
6.29	-0.594478	-14.0302	-38.0014	10.4893	0.445363	13.0366
6.3	-0.593623	-14.002	-37.9234	10.456	0.449492	13.0159
6.31	-0.592743	-13.9728	-37.8446	10.4229	0.453637	12.9952
6.32	-0.591838	-13.9425	-37.765	10.39	0.457797	12.9747
6.33	-0.590907	-13.9111	-37.6845	10.3572	0.46197	12.9542
6.34	-0.589951	-13.8787	-37.6031	10.3245	0.466158	12.9338
6.35	-0.58897	-13.8451	-37.5208	10.292	0.470358	12.9134
6.36	-0.587964	-13.8104	-37.4377	10.2597	0.474571	12.8931
6.37	-0.586933	-13.7746	-37.3538	10.2275	0.478796	12.8728
6.38	-0.585878	-13.7377	-37.2689	10.1955	0.483032	12.8527
6.39	-0.584798	-13.6998	-37.1832	10.1636	0.487278	12.8326
6.4	-0.583694	-13.6607	-37.0965	10.1318	0.491534	12.8125
6.41	-0.582566	-13.6204	-37.009	10.1002	0.4958	12.7925
6.42	-0.581413	-13.5791	-36.9206	10.0688	0.500073	12.7726
6.43	-0.580237	-13.5367	-36.8313	10.0375	0.504354	12.7527
6.44	-0.579038	-13.4931	-36.7411	10.0064	0.508643	12.7329
6.45	-0.577815	-13.4485	-36.6499	9.97536	0.512937	12.7132
6.46	-0.576568	-13.4027	-36.5579	9.9445	0.517237	12.6935
6.47	-0.575298	-13.3558	-36.465	9.91379	0.521541	12.6739
6.48	-0.574006	-13.3077	-36.3711	9.88321	0.525849	12.6543
6.49	-0.572691	-13.2586	-36.2763	9.85278	0.53016	12.6348
6.5	-0.571353	-13.2083	-36.1806	9.82249	0.534474	12.6154
6.51	-0.569992	-13.1569	-36.084	9.79233	0.538788	12.596
6.52	-0.56861	-13.1043	-35.9865	9.76232	0.543103	12.5767
6.53	-0.567205	-13.0507	-35.888	9.73244	0.547417	12.5574
6.54	-0.565779	-12.9959	-35.7886	9.7027	0.55173	12.5382
6.55	-0.564331	-12.94	-35.6882	9.6731	0.55604	12.5191
6.56	-0.562862	-12.883	-35.5869	9.64363	0.560347	12.5
6.57	-0.561371	-12.8248	-35.4847	9.61429	0.56465	12.481
6.58	-0.55986	-12.7655	-35.3816	9.58509	0.568947	12.462
6.59	-0.558328	-12.7051	-35.2775	9.55602	0.573238	12.4431
6.6	-0.556775	-12.6436	-35.1724	9.52709	0.577522	12.4242
6.61	-0.555202	-12.5809	-35.0665	9.49828	0.581798	12.4054
6.62	-0.553609	-12.5172	-34.9596	9.46961	0.586064	12.3867
6.63	-0.551996	-12.4523	-34.8517	9.44107	0.59032	12.368
6.64	-0.550364	-12.3863	-34.7429	9.41265	0.594565	12.3494
6.65	-0.548712	-12.3192	-34.6331	9.38436	0.598797	12.3308
6.66	-0.547041	-12.2509	-34.5224	9.3562	0.603016	12.3123
6.67	-0.545351	-12.1816	-34.4108	9.32817	0.607219	12.2939
6.68	-0.543642	-12.1111	-34.2982	9.30026	0.611407	12.2754
6.69	-0.541915	-12.0396	-34.1847	9.27248	0.615578	12.2571
6.7	-0.54017	-11.9669	-34.0703	9.24482	0.619732	12.2388
6.71	-0.538407	-11.8931	-33.9549	9.21729	0.623865	12.2206
6.72	-0.536626	-11.8183	-33.8385	9.18987	0.627979	12.2024
6.73	-0.534828	-11.7423	-33.7212	9.16258	0.632071	12.1842
6.74	-0.533012	-11.6653	-33.603	9.13542	0.63614	12.1662
6.75	-0.53118	-11.5872	-33.4839	9.10837	0.640185	12.1481
6.76	-0.529331	-11.508	-33.3638	9.08144	0.644205	12.1302
6.77	-0.527465	-11.4277	-33.2428	9.05463	0.648199	12.1123
6.78	-0.525583	-11.3464	-33.1209	9.02794	0.652165	12.0944
6.79	-0.523686	-11.264	-32.998	9.00137	0.656103	12.0766
6.8	-0.521773	-11.1805	-32.8743	8.97491	0.66001	12.0588
6.81	-0.519844	-11.096	-32.7496	8.94857	0.663887	12.0411
6.82	-0.517901	-11.0104	-32.624	8.92235	0.66773	12.0235
6.83	-0.515942	-10.9238	-32.4975	8.89624	0.671541	12.0059
6.84	-0.51397	-10.8362	-32.3701	8.87025	0.675316	11.9883
6.85	-0.511982	-10.7475	-32.2418	8.84437	0.679055	11.9708
6.86	-0.509981	-10.6579	-32.1126	8.8186	0.682756	11.9534
6.87	-0.507966	-10.5672	-31.9825	8.79295	0.686419	11.936
6.88	-0.505938	-10.4755	-31.8515	8.76741	0.690042	11.9186
6.89	-0.503897	-10.3828	-31.7197	8.74198	0.693623	11.9013
6.9	-0.501842	-10.2891	-31.587	8.71666	0.697163	11.8841
6.91	-0.499775	-10.1944	-31.4534	8.69145	0.700658	11.8669
6.92	-0.497696	-10.0988	-31.3189	8.66634	0.704108	11.8497
6.93	-0.495605	-10.0022	-31.1836	8.64135	0.707512	11.8326
6.94	-0.493502	-9.90461	-31.0475	8.61647	0.710869	11.8156
6.95	-0.491387	-9.80611	-30.9105	8.59169	0.714177	11.7986
6.96	-0.489261	-9.70667	-30.7727	8.56702	0.717435	11.7816
6.97	-0.487124	-9.60631	-30.6341	8.54245	0.720642	11.7647
6.98	-0.484977	-9.50503	-30.4947	8.51799	0.723796	11.7479
6.99	-0.482819	-9.40285	-30.3544	8.49364	0.726897	11.731
7	-0.480652	-9.29978	-30.2134	8.46939	0.729943	11.7143
7.01	-0.478474	-9.19582	-30.0716	8.44524	0.732933	11.6976
7.02	-0.476287	-9.091	-29.929	8.4212	0.735865	11.6809
7.03	-0.474091	-8.98531	-29.7856	8.39726	0.738739	11.6643
7.04	-0.471886	-8.87878	-29.6415	8.37342	0.741554	11.6477
7.05	-0.469672	-8.77141	-29.4966	8.34968	0.744308	11.6312
7.06	-0.46745	-8.66322	-29.351	8.32604	0.747	11.6147
7.07	-0.46522	-8.55421	-29.2047	8.30251	0.749629	11.5983
7.08	-0.462982	-8.44441	-29.0576	8.27907	0.752194	11.5819
7.09	-0.460736	-8.33383	-28.9098	8.25573	0.754694	11.5656
7.1	-0.458483	-8.22247	-28.7614	8.23249	0.757128	11.5493
7.11	-0.456223	-8.11036	-28.6123	8.20935	0.759494	11.5331
7.12	-0.453957	-7.9975	-28.4625	8.18631	0.761792	11.5169
7.13	-0.451684	-7.88391	-28.312	8.16336	0.764021	11.5007
7.14	-0.449405	-7.76961	-28.1609	8.14051	0.76618	11.4846
7.15	-0.447121	-7.6546	-28.0092	8.11776	0.768267	11.4685
7.16	-0.44483	-7.53891	-27.8568	8.0951	0.770282	11.4525
7.17	-0.442535	-7.42255	-27.7038	8.07253	0.772223	11.4365
7.18	-0.440234	-7.30553	-27.5503	8.05006	0.774091	11.4206
7.19	-0.437929	-7.18787	-27.3962	8.02768	0.775884	11.4047
7.2	-0.435619	-7.06958	-27.2415	8.0054	0.777601	11.3889
7.21	-0.433305	-6.95069	-27.0862	7.98321	0.779241	11.3731
7.22	-0.430987	-6.8312	-26.9305	7.96111	0.780804	11.3573
7.23	-0.428666	-6.71113	-26.7742	7.9391	0.782289	11.3416
7.24	-0.426341	-6.5905	-26.6174	7.91719	0.783695	11.326
7.25	-0.424013	-6.46933	-26.4601	7.89536	0.785021	11.3103
7.26	-0.421682	-6.34763	-26.3023	7.87363	0.786268	11.2948
7.27	-0.419349	-6.22541	-26.1441	7.85198	0.787433	11.2792
7.28	-0.417013	-6.1027	-25.9854	7.83043	0.788517	11.2637
7.29	-0.414675	-5.97952	-25.8263	7.80896	0.789518	11.2483
7.3	-0.412336	-5.85587	-25.6668	7.78758	0.790437	11.2329
7.31	-0.409995	-5.73178	-25.5069	7.76629	0.791273	11.2175
7.32	-0.407652	-5.60727	-25.3466	7.74508	0.792025	11.2022
7.33	-0.405309	-5.48235	-25.1859	7.72396	0.792693	11.1869
7.34	-0.402964	-5.35704	-25.0249	7.70293	0.793277	11.1717
7.35	-0.40062	-5.23135	-24.8636	7.68198	0.793776	11.1565
7.36	-0.398274	-5.10532	-24.7019	7.66112	0.79419	11.1413
7.37	-0.395929	-4.97894	-24.54	7.64035	0.794518	11.1262
7.38	-0.393584	-4.85225	-24.3778	7.61966	0.79476	11.1111
7.39	-0.39124	-4.72526	-24.2153	7.59905	0.794916	11.0961
7.4	-0.388896	-4.59799	-24.0526	7.57852	0.794987	11.0811
7.41	-0.386553	-4.47046	-23.8896	7.55808	0.79497	11.0661
7.42	-0.384211	-4.34268	-23.7265	7.53772	0.794868	11.0512
7.43	-0.381871	-4.21467	-23.5631	7.51745	0.794679	11.0363
7.44	-0.379532	-4.08646	-23.3996	7.49725	0.794403	11.0215
7.45	-0.377195	-3.95806	-23.236	7.47714	0.794041	11.0067
7.46	-0.374859	-3.82949	-23.0721	7.45711	0.793592	10.992
7.47	-0.372527	-3.70077	-22.9082	7.43716	0.793057	10.9772
7.48	-0.370196	-3.57191	-22.7442	7.41728	0.792435	10.9626
7.49	-0.367869	-3.44295	-22.5801	7.39749	0.791728	10.9479
7.5	-0.365544	-3.31388	-22.4159	7.37778	0.790934	10.9333
7.51	-0.363222	-3.18474	-22.2517	7.35814	0.790055	10.9188
7.52	-0.360904	-3.05554	-22.0875	7.33859	0.78909	10.9043
7.53	-0.358589	-2.9263	-21.9232	7.31911	0.788039	10.8898
7.54	-0.356278	-2.79704	-21.759	7.29971	0.786904	10.8753
7.55	-0.353971	-2.66777	-21.5948	7.28038	0.785685	10.8609
7.56	-0.351668	-2.53852	-21.4306	7.26113	0.784381	10.8466
7.57	-0.349369	-2.40931	-21.2665	7.24196	0.782994	10.8322
7.58	-0.347075	-2.28015	-21.1025	7.22287	0.781523	10.8179
7.59	-0.344785	-2.15105	-20.9386	7.20385	0.77997	10.8037
7.6	-0.3425	-2.02205	-20.7748	7.1849	0.778335	10.7895
7.61	-0.340221	-1.89315	-20.6111	7.16603	0.776619	10.7753
7.62	-0.337946	-1.76438	-20.4476	7.14724	0.774821	10.7612
7.63	-0.335677	-1.63575	-20.2843	7.12851	0.772944	10.7471
7.64	-0.333414	-1.50728	-20.1211	7.10987	0.770987	10.733
7.65	-0.331156	-1.37899	-19.9582	7.09129	0.768951	10.719
7.66	-0.328904	-1.25089	-19.7955	7.07279	0.766837	10.705
7.67	-0.326658	-1.123	-19.633	7.05436	0.764646	10.691
7.68	-0.324418	-0.995348	-19.4708	7.036	0.762379	10.6771
7.69	-0.322185	-0.867939	-19.3089	7.01771	0.760036	10.6632
7.7	-0.319959	-0.740794	-19.1473	6.99949	0.757619	10.6494
7.71	-0.317739	-0.61393	-18.9859	6.98135	0.755128	10.6355
7.72	-0.315525	-0.487362	-18.825	6.96327	0.752564	10.6218
7.73	-0.313319	-0.361108	-18.6643	6.94527	0.749928	10.608
7.74	-0.31112	-0.235183	-18.5041	6.92733	0.747221	10.5943
7.75	-0.308928	-0.109604	-18.3442	6.90947	0.744445	10.5806
7.76	-0.306744	0.0156135	-18.1847	6.89167	0.7416	10.567
7.77	-0.304567	0.140454	-18.0256	6.87395	0.738687	10.5534
7.78	-0.302398	0.264902	-17.8669	6.85629	0.735707	10.5398
7.79	-0.300236	0.388942	-17.7087	6.83869	0.732662	10.5263
7.8	-0.298083	0.51256	-17.551	6.82117	0.729553	10.5128
7.81	-0.295937	0.63574	-17.3937	6.80371	0.72638	10.4994
7.82	-0.2938	0.758468	-17.2369	6.78632	0.723146	10.4859
7.83	-0.291671	0.880729	-17.0807	6.769	0.71985	10.4725
7.84	-0.28955	1.00251	-16.9249	6.75174	0.716495	10.4592
7.85	-0.287438	1.1238	-16.7697	6.73455	0.713082	10.4459
7.86	-0.285334	1.24457	-16.615	6.71743	0.709611	10.4326
7.87	-0.28324	1.36483	-16.4609	6.70037	0.706085	10.4193
7.88	-0.281153	1.48455	-16.3074	6.68337	0.702504	10.4061
7.89	-0.279076	1.60372	-16.1545	6.66644	0.698869	10.3929
7.9	-0.277008	1.72234	-16.0022	6.64958	0.695183	10.3797
7.91	-0.274949	1.84038	-15.8505	6.63277	0.691446	10.3666
7.92	-0.272899	1.95783	-15.6994	6.61603	0.687659	10.3535
7.93	-0.270858	2.07469	-15.549	6.59936	0.683824	10.3405
7.94	-0.268826	2.19094	-15.3992	6.58275	0.679943	10.3275
7.95	-0.266804	2.30657	-15.2501	6.5662	0.676016	10.3145
7.96	-0.264792	2.42157	-15.1017	6.54971	0.672045	10.3015
7.97	-0.262789	2.53593	-14.954	6.53328	0.668032	10.2886
7.98	-0.260796	2.64963	-14.807	6.51692	0.663977	10.2757
7.99	-0.258812	2.76268	-14.6606	6.50062	0.659882	10.2628
8	-0.256838	2.87505	-14.5151	6.48438	0.655748	10.25
8.01	-0.254874	2.98673	-14.3702	6.46819	0.651578	10.2372
8.02	-0.25292	3.09773	-14.2262	6.45207	0.647371	10.2244
8.03	-0.250976	3.20803	-14.0828	6.43601	0.64313	10.2117
8.04	-0.249042	3.31761	-13.9403	6.42001	0.638855	10.199
8.05	-0.247118	3.42648	-13.7985	6.40407	0.634549	10.1863
8.06	-0.245204	3.53462	-13.6575	6.38819	0.630213	10.1737
8.07	-0.2433	3.64202	-13.5173	6.37237	0.625847	10.1611
8.08	-0.241407	3.74868	-13.3779	6.35661	0.621454	10.1485
8.09	-0.239524	3.85459	-13.2393	6.3409	0.617034	10.136
8.1	-0.237651	3.95975	-13.1016	6.32526	0.612589	10.1235
8.11	-0.235788	4.06413	-12.9646	6.30967	0.608121	10.111
8.12	-0.233936	4.16775	-12.8285	6.29413	0.60363	10.0985
8.13	-0.232094	4.27059	-12.6933	6.27866	0.599118	10.0861
8.14	-0.230263	4.37265	-12.5589	6.26324	0.594586	10.0737
8.15	-0.228442	4.47391	-12.4254	6.24788	0.590036	10.0613
8.16	-0.226632	4.57438	-12.2927	6.23258	0.585469	10.049
8.17	-0.224832	4.67405	-12.1609	6.21733	0.580886	10.0367
8.18	-0.223043	4.77291	-12.03	6.20214	0.576288	10.0244
8.19	-0.221264	4.87097	-11.8999	6.187	0.571677	10.0122
8.2	-0.219496	4.9682	-11.7708	6.17192	0.567054	10
8.21	-0.217739	5.06462	-11.6425	6.1569	0.56242	9.98782
8.22	-0.215992	5.16022	-11.5152	6.14192	0.557777	9.97567
8.23	-0.214256	5.25498	-11.3887	6.12701	0.553125	9.96355
8.24	-0.212531	5.34892	-11.2632	6.11215	0.548465	9.95146
8.25	-0.210816	5.44202	-11.1385	6.09734	0.5438	9.93939
8.26	-0.209112	5.53428	-11.0148	6.08258	0.53913	9.92736
8.27	-0.207418	5.6257	-10.892	6.06788	0.534456	9.91536
8.28	-0.205736	5.71628	-10.7701	6.05323	0.529779	9.90338
8.29	-0.204064	5.80602	-10.6492	6.03864	0.525101	9.89144
8.3	-0.202403	5.89491	-10.5291	6.0241	0.520422	9.87952
8.31	-0.200752	5.98295	-10.41	6.00961	0.515744	9.86763
8.32	-0.199112	6.07014	-10.2919	5.99517	0.511067	9.85577
8.33	-0.197483	6.15647	-10.1746	5.98078	0.506393	9.84394
8.34	-0.195865	6.24196	-10.0584	5.96645	0.501723	9.83213
8.35	-0.194257	6.32659	-9.943	5.95217	0.497058	9.82036
8.36	-0.19266	6.41036	-9.82859	5.93794	0.492399	9.80861
8.37	-0.191073	6.49328	-9.71512	5.92376	0.487746	9.79689
8.38	-0.189498	6.57534	-9.60259	5.90963	0.4831	9.7852
8.39	-0.187932	6.65655	-9.491	5.89555	0.478464	9.77354
8.4	-0.186378	6.7369	-9.38036	5.88152	0.473837	9.7619
8.41	-0.184834	6.8164	-9.27066	5.86754	0.46922	9.7503
8.42	-0.183301	6.89504	-9.16191	5.85361	0.464614	9.73872
8.43	-0.181778	6.97282	-9.05409	5.83973	0.460021	9.72716
8.44	-0.180266	7.04976	-8.94723	5.8259	0.45544	9.71564
8.45	-0.178764	7.12584	-8.8413	5.81212	0.450873	9.70414
8.46	-0.177273	7.20107	-8.73631	5.79839	0.446321	9.69267
8.47	-0.175793	7.27545	-8.63227	5.78471	0.441784	9.68123
8.48	-0.174322	7.34898	-8.52917	5.77107	0.437262	9.66981
8.49	-0.172863	7.42166	-8.427	5.75748	0.432758	9.65842
8.5	-0.171413	7.4935	-8.32577	5.74394	0.428271	9.64706
8.51	-0.169974	7.5645	-8.22548	5.73045	0.423802	9.63572
8.52	-0.168546	7.63466	-8.12611	5.71701	0.419352	9.62441
8.53	-0.167128	7.70398	-8.02768	5.70361	0.414922	9.61313
8.54	-0.16572	7.77247	-7.93018	5.69026	0.410512	9.60187
8.55	-0.164322	7.84012	-7.83361	5.67696	0.406122	9.59064
8.56	-0.162935	7.90694	-7.73796	5.6637	0.401754	9.57944
8.57	-0.161557	7.97294	-7.64323	5.65049	0.397407	9.56826
8.58	-0.16019	8.03811	-7.54941	5.63733	0.393083	9.55711
8.59	-0.158833	8.10246	-7.45652	5.62421	0.388782	9.54598
8.6	-0.157486	8.16599	-7.36453	5.61114	0.384504	9.53488
8.61	-0.156149	8.22871	-7.27346	5.59811	0.380251	9.52381
8.62	-0.154823	8.29063	-7.18329	5.58513	0.376021	9.51276
8.63	-0.153506	8.35173	-7.09402	5.5722	0.371817	9.50174
8.64	-0.152199	8.41203	-7.00565	5.55931	0.367638	9.49074
8.65	-0.150902	8.47153	-6.91818	5.54646	0.363485	9.47977
8.66	-0.149615	8.53024	-6.8316	5.53366	0.359358	9.46882
8.67	-0.148337	8.58816	-6.7459	5.5209	0.355258	9.4579
8.68	-0.14707	8.64529	-6.66108	5.50819	0.351184	9.447
8.69	-0.145812	8.70164	-6.57715	5.49552	0.347138	9.43613
8.7	-0.144564	8.75721	-6.49409	5.48289	0.34312	9.42529
8.71	-0.143325	8.81201	-6.41189	5.47031	0.339129	9.41447
8.72	-0.142096	8.86604	-6.33056	5.45777	0.335167	9.40367
8.73	-0.140877	8.91931	-6.2501	5.44527	0.331233	9.3929
8.74	-0.139667	8.97182	-6.17048	5.43282	0.327329	9.38215
8.75	-0.138467	9.02357	-6.09172	5.42041	0.323453	9.37143
8.76	-0.137275	9.07457	-6.0138	5.40804	0.319606	9.36073
8.77	-0.136094	9.12483	-5.93673	5.39571	0.315789	9.35006
8.78	-0.134921	9.17435	-5.86049	5.38343	0.312002	9.33941
8.79	-0.133758	9.22314	-5.78508	5.37119	0.308245	9.32878
8.8	-0.132604	9.2712	-5.71049	5.35899	0.304518	9.31818
8.81	-0.13146	9.31853	-5.63673	5.34683	0.300822	9.3076
8.82	-0.130324	9.36514	-5.56377	5.33471	0.297155	9.29705
8.83	-0.129198	9.41105	-5.49163	5.32264	0.29352	9.28652
8.84	-0.12808	9.45624	-5.42029	5.3106	0.289915	9.27602
8.85	-0.126972	9.50073	-5.34975	5.29861	0.286341	9.26554
8.86	-0.125872	9.54452	-5.28001	5.28665	0.282798	9.25508
8.87	-0.124781	9.58762	-5.21105	5.27474	0.279286	9.24464
8.88	-0.123699	9.63004	-5.14287	5.26286	0.275805	9.23423
8.89	-0.122626	9.67177	-5.07546	5.25103	0.272356	9.22385
8.9	-0.121562	9.71283	-5.00883	5.23924	0.268937	9.21348
8.91	-0.120506	9.75322	-4.94295	5.22748	0.26555	9.20314
8.92	-0.119459	9.79295	-4.87784	5.21577	0.262195	9.19283
8.93	-0.11842	9.83201	-4.81348	5.20409	0.25887	9.18253
8.94	-0.11739	9.87043	-4.74987	5.19246	0.255577	9.17226
8.95	-0.116369	9.9082	-4.68699	5.18086	0.252316	9.16201
8.96	-0.115356	9.94532	-4.62485	5.1693	0.249086	9.15179
8.97	-0.114351	9.98182	-4.56344	5.15778	0.245887	9.14158
8.98	-0.113354	10.0177	-4.50275	5.1463	0.242719	9.1314
8.99	-0.112366	10.0529	-4.44278	5.13486	0.239583	9.12125
9	-0.111386	10.0875	-4.38351	5.12346	0.236478	9.11111
9.01	-0.110414	10.1215	-4.32495	5.11209	0.233404	9.101
9.02	-0.10945	10.1549	-4.26709	5.10076	0.230362	9.09091
9.03	-0.108494	10.1877	-4.20992	5.08947	0.22735	9.08084
9.04	-0.107546	10.2199	-4.15344	5.07822	0.22437	9.0708
9.05	-0.106606	10.2516	-4.09764	5.067	0.22142	9.06077
9.06	-0.105674	10.2826	-4.04251	5.05582	0.218501	9.05077
9.07	-0.10475	10.313	-3.98804	5.04468	0.215613	9.04079
9.08	-0.103833	10.3429	-3.93424	5.03357	0.212756	9.03084
9.09	-0.102924	10.3722	-3.8811	5.0225	0.209929	9.0209
9.1	-0.102023	10.401	-3.8286	5.01147	0.207132	9.01099
9.11	-0.10113	10.4292	-3.77675	5.00048	0.204366	9.0011
9.12	-0.100244	10.4568	-3.72553	4.98952	0.20163	8.99123
9.13	-0.0993655	10.4839	-3.67495	4.97859	0.198924	8.98138
9.14	-0.0984945	10.5105	-3.62499	4.9677	0.196248	8.97155
9.15	-0.0976309	10.5366	-3.57565	4.95685	0.193601	8.96175
9.16	-0.0967747	10.5621	-3.52692	4.94603	0.190984	8.95197
9.17	-0.0959257	10.5871	-3.4788	4.93525	0.188397	8.9422
9.18	-0.095084	10.6115	-3.43128	4.92451	0.185838	8.93246
9.19	-0.0942495	10.6355	-3.38436	4.9138	0.183309	8.92274
9.2	-0.0934221	10.6589	-3.33802	4.90312	0.180809	8.91304
9.21	-0.0926018	10.6819	-3.29227	4.89248	0.178337	8.90337
9.22	-0.0917886	10.7044	-3.24709	4.88187	0.175894	8.89371
9.23	-0.0909823	10.7264	-3.20249	4.8713	0.17348	8.88407
9.24	-0.0901829	10.7479	-3.15845	4.86076	0.171093	8.87446
9.25	-0.0893905	10.7689	-3.11497	4.85026	0.168735	8.86486
9.26	-0.0886048	10.7894	-3.07204	4.83979	0.166404	8.85529
9.27	-0.0878259	10.8095	-3.02966	4.82935	0.164102	8.84574
9.28	-0.0870538	10.8292	-2.98783	4.81895	0.161826	8.83621
9.29	-0.0862883	10.8483	-2.94653	4.80858	0.159578	8.8267
9.3	-0.0855295	10.867	-2.90576	4.79824	0.157357	8.8172
9.31	-0.0847772	10.8853	-2.86551	4.78794	0.155162	8.80773
9.32	-0.0840314	10.9032	-2.82579	4.77767	0.152995	8.79828
9.33	-0.0832922	10.9206	-2.78657	4.76744	0.150853	8.78885
9.34	-0.0825593	10.9375	-2.74787	4.75723	0.148738	8.77944
9.35	-0.0818328	10.9541	-2.70967	4.74706	0.146649	8.77005
9.36	-0.0811126	10.9702	-2.67196	4.73692	0.144586	8.76068
9.37	-0.0803987	10.986	-2.63475	4.72682	0.142548	8.75133
9.38	-0.0796911	11.0013	-2.59802	4.71675	0.140536	8.742
9.39	-0.0789896	11.0162	-2.56177	4.7067	0.138548	8.73269
9.4	-0.0782942	11.0307	-2.52599	4.6967	0.136586	8.7234
9.41	-0.0776049	11.0448	-2.49069	4.68672	0.134648	8.71413
9.42	-0.0769216	11.0585	-2.45585	4.67677	0.132735	8.70488
9.43	-0.0762444	11.0719	-2.42147	4.66686	0.130846	8.69565
9.44	-0.075573	11.0849	-2.38754	4.65698	0.128982	8.68644
9.45	-0.0749076	11.0975	-2.35406	4.64713	0.127141	8.67725
9.46	-0.0742479	11.1097	-2.32103	4.63731	0.125323	8.66808
9.47	-0.0735941	11.1215	-2.28843	4.62752	0.123529	8.65892
9.48	-0.072946	11.133	-2.25627	4.61776	0.121758	8.64979
9.49	-0.0723036	11.1442	-2.22453	4.60803	0.12001	8.64067
9.5	-0.0716669	11.155	-2.19322	4.59834	0.118285	8.63158
9.51	-0.0710358	11.1654	-2.16232	4.58867	0.116582	8.6225
9.52	-0.0704102	11.1755	-2.13184	4.57904	0.114901	8.61345
9.53	-0.0697901	11.1853	-2.10176	4.56943	0.113243	8.60441
9.54	-0.0691756	11.1948	-2.07209	4.55986	0.111606	8.59539
9.55	-0.0685664	11.2039	-2.04282	4.55031	0.109991	8.58639
9.56	-0.0679626	11.2127	-2.01394	4.5408	0.108397	8.57741
9.57	-0.0673642	11.2211	-1.98545	4.53131	0.106824	8.56844
9.58	-0.066771	11.2293	-1.95735	4.52186	0.105273	8.5595
9.59	-0.0661831	11.2371	-1.92962	4.51243	0.103742	8.55057
9.6	-0.0656004	11.2447	-1.90227	4.50304	0.102231	8.54167
9.61	-0.0650229	11.2519	-1.87529	4.49367	0.100741	8.53278
9.62	-0.0644505	11.2588	-1.84867	4.48433	0.0992703	8.52391
9.63	-0.0638831	11.2655	-1.82242	4.47503	0.0978198	8.51506
9.64	-0.0633208	11.2718	-1.79652	4.46575	0.0963888	8.50622
9.65	-0.0627635	11.2779	-1.77098	4.4565	0.0949773	8.49741
9.66	-0.0622111	11.2837	-1.74578	4.44727	0.0935849	8.48861
9.67	-0.0616636	11.2892	-1.72093	4.43808	0.0922115	8.47983
9.68	-0.061121	11.2944	-1.69642	4.42892	0.0908568	8.47107
9.69	-0.0605832	11.2994	-1.67224	4.41978	0.0895206	8.46233
9.7	-0.0600502	11.3041	-1.6484	4.41067	0.0882027	8.45361
9.71	-0.0595219	11.3085	-1.62488	4.40159	0.0869029	8.4449
9.72	-0.0589983	11.3127	-1.60168	4.39254	0.085621	8.43621
9.73	-0.0584794	11.3166	-1.57881	4.38351	0.0843568	8.42754
9.74	-0.0579651	11.3203	-1.55624	4.37452	0.0831101	8.41889
9.75	-0.0574554	11.3237	-1.53399	4.36555	0.0818806	8.41026
9.76	-0.0569503	11.3269	-1.51205	4.35661	0.0806682	8.40164
9.77	-0.0564496	11.3298	-1.4904	4.34769	0.0794727	8.39304
9.78	-0.0559534	11.3325	-1.46906	4.33881	0.0782938	8.38446
9.79	-0.0554616	11.335	-1.44801	4.32995	0.0771313	8.37589
9.8	-0.0549742	11.3372	-1.42726	4.32112	0.0759852	8.36735
9.81	-0.0544912	11.3392	-1.40679	4.31231	0.0748551	8.35882
9.82	-0.0540125	11.341	-1.38661	4.30353	0.0737409	8.35031
9.83	-0.053538	11.3425	-1.3667	4.29478	0.0726423	8.34181
9.84	-0.0530678	11.3439	-1.34707	4.28606	0.0715592	8.33333
9.85	-0.0526018	11.345	-1.32772	4.27736	0.0704914	8.32487
9.86	-0.0521399	11.3459	-1.30863	4.26869	0.0694387	8.31643
9.87	-0.0516822	11.3466	-1.28982	4.26004	0.068401	8.308
9.88	-0.0512285	11.3471	-1.27126	4.25142	0.0673779	8.2996
9.89	-0.050779	11.3474	-1.25296	4.24283	0.0663694	8.2912
9.9	-0.0503334	11.3475	-1.23492	4.23426	0.0653752	8.28283
9.91	-0.0498918	11.3475	-1.21713	4.22572	0.0643953	8.27447
9.92	-0.0494542	11.3472	-1.19959	4.21721	0.0634293	8.26613
9.93	-0.0490205	11.3467	-1.1823	4.20872	0.0624771	8.2578
9.94	-0.0485906	11.346	-1.16525	4.20025	0.0615386	8.2495
9.95	-0.0481646	11.3452	-1.14843	4.19181	0.0606135	8.24121
9.96	-0.0477425	11.3442	-1.13186	4.1834	0.0597017	8.23293
9.97	-0.0473241	11.343	-1.11552	4.17501	0.0588031	8.22467
9.98	-0.0469094	11.3416	-1.0994	4.16665	0.0579174	8.21643
9.99	-0.0464985	11.34	-1.08352	4.15831	0.0570444	8.20821
10	-0.0460912	11.3383	-1.06785	4.15	0.0561841	8.2
10.01	-0.0456876	11.3364	-1.05241	4.14171	0.0553362	8.19181
10.02	-0.0452876	11.3344	-1.03719	4.13345	0.0545007	8.18363
10.03	-0.0448911	11.3322	-1.02218	4.12521	0.0536772	8.17547
10.04	-0.0444983	11.3298	-1.00738	4.117	0.0528657	8.16733
10.05	-0.0441089	11.3273	-0.992796	4.10881	0.052066	8.1592
10.06	-0.043723	11.3246	-0.978415	4.10064	0.0512779	8.15109
10.07	-0.0433406	11.3218	-0.964238	4.0925	0.0505013	8.143
10.08	-0.0429616	11.3188	-0.950261	4.08439	0.0497361	8.13492
10.09	-0.0425861	11.3157	-0.936483	4.0763	0.048982	8.12686
10.1	-0.0422138	11.3124	-0.922901	4.06823	0.048239	8.11881
10.11	-0.0418449	11.309	-0.909511	4.06018	0.0475069	8.11078
10.12	-0.0414793	11.3054	-0.896311	4.05216	0.0467855	8.10277
10.13	-0.041117	11.3017	-0.883299	4.04417	0.0460747	8.09477
10.14	-0.040758	11.2979	-0.870472	4.0362	0.0453743	8.08679
10.15	-0.0404021	11.2939	-0.857828	4.02825	0.0446842	8.07882
10.16	-0.0400495	11.2898	-0.845364	4.02032	0.0440043	8.07087
10.17	-0.0396999	11.2856	-0.833077	4.01242	0.0433345	8.06293
10.18	-0.0393536	11.2813	-0.820965	4.00454	0.0426745	8.05501
10.19	-0.0390103	11.2768	-0.809027	3.99668	0.0420242	8.04711
10.2	-0.0386701	11.2722	-0.797258	3.98885	0.0413836	8.03922
10.21	-0.038333	11.2675	-0.785658	3.98104	0.0407524	8.03134
10.22	-0.0379988	11.2626	-0.774224	3.97325	0.0401307	8.02348
10.23	-0.0376677	11.2577	-0.762953	3.96549	0.0395181	8.01564
10.24	-0.0373395	11.2526	-0.751843	3.95775	0.0389146	8.00781
10.25	-0.0370143	11.2475	-0.740892	3.95003	0.0383201	8
10.26	-0.0366919	11.2422	-0.730098	3.94233	0.0377344	7.9922
10.27	-0.0363725	11.2368	-0.719459	3.93466	0.0371575	7.98442
10.28	-0.0360559	11.2313	-0.708972	3.92701	0.0365891	7.97665
10.29	-0.0357422	11.2257	-0.698636	3.91938	0.0360292	7.9689
10.3	-0.0354313	11.22	-0.688448	3.91177	0.0354777	7.96117
10.31	-0.0351231	11.2142	-0.678406	3.90419	0.0349344	7.95344
10.32	-0.0348177	11.2083	-0.668508	3.89663	0.0343992	7.94574
10.33	-0.034515	11.2022	-0.658753	3.88909	0.033872	7.93804
10.34	-0.0342151	11.1961	-0.649138	3.88157	0.0333527	7.93037
10.35	-0.0339178	11.19	-0.639661	3.87407	0.0328412	7.92271
10.36	-0.0336232	11.1837	-0.63032	3.86659	0.0323374	7.91506
10.37	-0.0333312	11.1773	-0.621114	3.85914	0.0318411	7.90743
10.38	-0.0330419	11.1708	-0.61204	3.85171	0.0313523	7.89981
10.39	-0.0327551	11.1643	-0.603098	3.8443	0.0308708	7.8922
10.4	-0.0324709	11.1576	-0.594284	3.83691	0.0303966	7.88462
10.41	-0.0321892	11.1509	-0.585597	3.82954	0.0299294	7.87704
10.42	-0.03191	11.1441	-0.577035	3.82219	0.0294694	7.86948
10.43	-0.0316334	11.1372	-0.568597	3.81487	0.0290162	7.86194
10.44	-0.0313592	11.1303	-0.560281	3.80756	0.0285699	7.85441
10.45	-0.0310874	11.1232	-0.552084	3.80028	0.0281303	7.84689
10.46	-0.0308181	11.1161	-0.544007	3.79302	0.0276974	7.83939
10.47	-0.0305512	11.1089	-0.536046	3.78577	0.027271	7.8319
10.48	-0.0302867	11.1016	-0.5282	3.77855	0.026851	7.82443
10.49	-0.0300245	11.0943	-0.520467	3.77135	0.0264374	7.81697
10.5	-0.0297647	11.0869	-0.512846	3.76417	0.0260301	7.80952
10.51	-0.0295072	11.0794	-0.505336	3.75701	0.0256289	7.80209
10.52	-0.029252	11.0718	-0.497934	3.74987	0.0252338	7.79468
10.53	-0.0289991	11.0642	-0.49064	3.74275	0.0248447	7.78727
10.54	-0.0287484	11.0566	-0.483451	3.73566	0.0244615	7.77989
10.55	-0.0284999	11.0488	-0.476367	3.72858	0.0240841	7.77251
10.56	-0.0282537	11.041	-0.469385	3.72152	0.0237124	7.76515
10.57	-0.0280097	11.0331	-0.462504	3.71448	0.0233464	7.75781
10.58	-0.0277678	11.0252	-0.455723	3.70746	0.022986	7.75047
10.59	-0.0275281	11.0172	-0.449041	3.70046	0.022631	7.74315
10.6	-0.0272905	11.0092	-0.442455	3.69349	0.0222814	7.73585
10.61	-0.0270551	11.0011	-0.435965	3.68653	0.0219372	7.72856
10.62	-0.0268217	10.9929	-0.42957	3.67959	0.0215982	7.72128
10.63	-0.0265905	10.9847	-0.423267	3.67267	0.0212644	7.71402
10.64	-0.0263612	10.9764	-0.417056	3.66577	0.0209356	7.70677
10.65	-0.0261341	10.9681	-0.410935	3.65889	0.0206119	7.69953
10.66	-0.0259089	10.9597	-0.404903	3.65202	0.0202931	7.69231
10.67	-0.0256858	10.9513	-0.398959	3.64518	0.0199792	7.6851
10.68	-0.0254646	10.9428	-0.393102	3.63836	0.01967	7.6779
10.69	-0.0252454	10.9343	-0.387329	3.63156	0.0193656	7.67072
10.7	-0.0250281	10.9257	-0.381641	3.62477	0.0190659	7.66355
10.71	-0.0248128	10.9171	-0.376035	3.618	0.0187707	7.6564
10.72	-0.0245994	10.9085	-0.370511	3.61126	0.01848	7.64925
10.73	-0.0243879	10.8998	-0.365068	3.60453	0.0181938	7.64212
10.74	-0.0241782	10.891	-0.359704	3.59782	0.017912	7.63501
10.75	-0.0239704	10.8823	-0.354418	3.59113	0.0176345	7.62791
10.76	-0.0237645	10.8734	-0.349209	3.58446	0.0173613	7.62082
10.77	-0.0235604	10.8646	-0.344076	3.57781	0.0170922	7.61374
10.78	-0.0233581	10.8557	-0.339018	3.57117	0.0168273	7.60668
10.79	-0.0231576	10.8467	-0.334034	3.56455	0.0165664	7.59963
10.8	-0.0229588	10.8377	-0.329122	3.55796	0.0163095	7.59259
10.81	-0.0227619	10.8287	-0.324282	3.55138	0.0160566	7.58557
10.82	-0.0225666	10.8197	-0.319513	3.54482	0.0158076	7.57856
10.83	-0.0223731	10.8106	-0.314814	3.53827	0.0155623	7.57156
10.84	-0.0221814	10.8015	-0.310183	3.53175	0.0153209	7.56458
10.85	-0.0219913	10.7923	-0.305619	3.52524	0.0150832	7.5576
10.86	-0.0218029	10.7831	-0.301123	3.51875	0.0148491	7.55064
10.87	-0.0216161	10.7739	-0.296692	3.51228	0.0146186	7.5437
10.88	-0.021431	10.7647	-0.292326	3.50583	0.0143917	7.53676
10.89	-0.0212476	10.7554	-0.288023	3.49939	0.0141682	7.52984
10.9	-0.0210658	10.7461	-0.283784	3.49297	0.0139482	7.52294
10.91	-0.0208855	10.7367	-0.279606	3.48657	0.0137316	7.51604
10.92	-0.0207069	10.7274	-0.27549	3.48019	0.0135184	7.50916
10.93	-0.0205299	10.718	-0.271434	3.47382	0.0133084	7.50229
10.94	-0.0203544	10.7086	-0.267437	3.46748	0.0131016	7.49543
10.95	-0.0201804	10.6991	-0.263499	3.46115	0.0128981	7.48858
10.96	-0.020008	10.6897	-0.259618	3.45483	0.0126976	7.48175
10.97	-0.0198371	10.6802	-0.255795	3.44854	0.0125003	7.47493
10.98	-0.0196678	10.6707	-0.252027	3.44226	0.012306	7.46812
10.99	-0.0194999	10.6611	-0.248314	3.436	0.0121147	7.46133
11	-0.0193335	10.6516	-0.244656	3.42975	0.0119264	7.45455
11.01	-0.0191685	10.642	-0.241051	3.42352	0.011741	7.44777
11.02	-0.019005	10.6324	-0.2375	3.41731	0.0115584	7.44102
11.03	-0.018843	10.6228	-0.234	3.41112	0.0113787	7.43427
11.04	-0.0186823	10.6131	-0.230551	3.40494	0.0112017	7.42754
11.05	-0.0185231	10.6035	-0.227154	3.39878	0.0110275	7.42081
11.06	-0.0183653	10.5938	-0.223805	3.39264	0.010856	7.4141
11.07	-0.0182089	10.5841	-0.220506	3.38651	0.0106871	7.40741
11.08	-0.0180538	10.5744	-0.217256	3.3804	0.0105208	7.40072
11.09	-0.0179001	10.5647	-0.214053	3.37431	0.0103571	7.39405
11.1	-0.0177478	10.5549	-0.210897	3.36823	0.010196	7.38739
11.11	-0.0175968	10.5452	-0.207788	3.36217	0.0100373	7.38074
11.12	-0.0174471	10.5354	-0.204724	3.35613	0.00988111	7.3741
11.13	-0.0172987	10.5256	-0.201705	3.3501	0.00972732	7.36748
11.14	-0.0171517	10.5158	-0.19873	3.34409	0.00957591	7.36086
11.15	-0.0170059	10.506	-0.195799	3.33809	0.00942685	7.35426
11.16	-0.0168614	10.4962	-0.192911	3.33211	0.00928009	7.34767
11.17	-0.0167182	10.4863	-0.190065	3.32615	0.00913561	7.34109
11.18	-0.0165762	10.4765	-0.187262	3.3202	0.00899337	7.33453
11.19	-0.0164354	10.4666	-0.184499	3.31427	0.00885334	7.32797
11.2	-0.0162959	10.4567	-0.181777	3.30835	0.00871548	7.32143
11.21	-0.0161576	10.4468	-0.179095	3.30245	0.00857975	7.3149
11.22	-0.0160206	10.4369	-0.176453	3.29657	0.00844613	7.30838
11.23	-0.0158847	10.427	-0.173849	3.2907	0.00831458	7.30187
11.24	-0.01575	10.4171	-0.171283	3.28485	0.00818508	7.29537
11.25	-0.0156165	10.4072	-0.168756	3.27901	0.00805758	7.28889
11.26	-0.0154841	10.3973	-0.166265	3.27319	0.00793206	7.28242
11.27	-0.0153529	10.3873	-0.163811	3.26738	0.00780849	7.27595
11.28	-0.0152229	10.3774	-0.161393	3.26159	0.00768684	7.2695
11.29	-0.0150939	10.3674	-0.159011	3.25582	0.00756708	7.26306
11.3	-0.0149661	10.3575	-0.156663	3.25006	0.00744917	7.25664
11.31	-0.0148395	10.3475	-0.154351	3.24431	0.0073331	7.25022
11.32	-0.0147139	10.3375	-0.152072	3.23858	0.00721883	7.24382
11.33	-0.0145894	10.3276	-0.149827	3.23287	0.00710634	7.23742
11.34	-0.014466	10.3176	-0.147615	3.22717	0.00699559	7.23104
11.35	-0.0143437	10.3076	-0.145435	3.22149	0.00688657	7.22467
11.36	-0.0142224	10.2976	-0.143287	3.21582	0.00677924	7.21831
11.37	-0.0141022	10.2876	-0.141172	3.21016	0.00667358	7.21196
11.38	-0.013983	10.2776	-0.139087	3.20452	0.00656956	7.20562
11.39	-0.0138649	10.2676	-0.137033	3.1989	0.00646716	7.1993
11.4	-0.0137478	10.2576	-0.135009	3.19329	0.00636635	7.19298
11.41	-0.0136317	10.2476	-0.133015	3.1877	0.0062671	7.18668
11.42	-0.0135166	10.2376	-0.13105	3.18212	0.00616941	7.18039
11.43	-0.0134025	10.2276	-0.129114	3.17655	0.00607323	7.1741
11.44	-0.0132894	10.2176	-0.127207	3.171	0.00597854	7.16783
11.45	-0.0131773	10.2076	-0.125328	3.16546	0.00588534	7.16157
11.46	-0.0130661	10.1976	-0.123476	3.15994	0.00579358	7.15532
11.47	-0.0129559	10.1876	-0.121652	3.15443	0.00570324	7.14908
11.48	-0.0128467	10.1776	-0.119855	3.14894	0.00561432	7.14286
11.49	-0.0127384	10.1675	-0.118084	3.14346	0.00552678	7.13664
11.5	-0.012631	10.1575	-0.116339	3.138	0.0054406	7.13043
11.51	-0.0125246	10.1475	-0.11462	3.13255	0.00535576	7.12424
11.52	-0.0124191	10.1375	-0.112927	3.12711	0.00527224	7.11806
11.53	-0.0123145	10.1275	-0.111258	3.12169	0.00519003	7.11188
11.54	-0.0122108	10.1175	-0.109614	3.11628	0.00510909	7.10572
11.55	-0.012108	10.1075	-0.107994	3.11089	0.00502942	7.09957
11.56	-0.0120061	10.0975	-0.106398	3.10551	0.00495098	7.09343
11.57	-0.0119051	10.0875	-0.104825	3.10014	0.00487377	7.08729
11.58	-0.0118049	10.0775	-0.103276	3.09479	0.00479776	7.08117
11.59	-0.0117056	10.0675	-0.10175	3.08945	0.00472293	7.07506
11.6	-0.0116071	10.0575	-0.100246	3.08413	0.00464927	7.06897
11.61	-0.0115095	10.0475	-0.098764	3.07882	0.00457676	7.06288
11.62	-0.0114128	10.0375	-0.097304	3.07352	0.00450537	7.0568
11.63	-0.0113168	10.0275	-0.0958657	3.06824	0.0044351	7.05073
11.64	-0.0112217	10.0176	-0.0944485	3.06297	0.00436593	7.04467
11.65	-0.0111274	10.0076	-0.0930523	3.05771	0.00429783	7.03863
11.66	-0.0110339	9.99761	-0.0916766	3.05247	0.00423079	7.03259
11.67	-0.0109413	9.98765	-0.0903212	3.04724	0.0041648	7.02656
11.68	-0.0108494	9.97768	-0.0889859	3.04202	0.00409984	7.02055
11.69	-0.0107583	9.96773	-0.0876702	3.03682	0.00403589	7.01454
11.7	-0.0106679	9.95778	-0.086374	3.03163	0.00397293	7.00855
11.71	-0.0105784	9.94783	-0.0850969	3.02646	0.00391096	7.00256
11.72	-0.0104896	9.93789	-0.0838386	3.02129	0.00384995	6.99659
11.73	-0.0104016	9.92796	-0.0825989	3.01614	0.0037899	6.99062
11.74	-0.0103143	9.91803	-0.0813775	3.01101	0.00373078	6.98467
11.75	-0.0102278	9.90811	-0.0801741	3.00589	0.00367258	6.97872
11.76	-0.010142	9.89819	-0.0789885	3.00078	0.00361529	6.97279
11.77	-0.0100569	9.88828	-0.0778204	2.99568	0.0035589	6.96686
11.78	-0.00997261	9.87838	-0.0766695	2.99059	0.00350338	6.96095
11.79	-0.009889	9.86848	-0.0755357	2.98552	0.00344873	6.95505
11.8	-0.0098061	9.85859	-0.0744185	2.98047	0.00339493	6.94915
11.81	-0.00972391	9.84871	-0.0733179	2.97542	0.00334197	6.94327
11.82	-0.00964241	9.83884	-0.0722335	2.97039	0.00328984	6.93739
11.83	-0.00956161	9.82897	-0.0711651	2.96537	0.00323852	6.93153
11.84	-0.0094815	9.81911	-0.0701125	2.96036	0.003188	6.92568
11.85	-0.00940206	9.80926	-0.0690755	2.95537	0.00313827	6.91983
11.86	-0.0093233	9.79942	-0.0680537	2.95039	0.00308932	6.914
11.87	-0.00924521	9.78958	-0.0670471	2.94542	0.00304112	6.90817
11.88	-0.00916778	9.77975	-0.0660553	2.94046	0.00299368	6.90236
11.89	-0.00909101	9.76994	-0.0650782	2.93552	0.00294699	6.89655
11.9	-0.00901489	9.76013	-0.0641155	2.93058	0.00290101	6.89076
11.91	-0.00893941	9.75032	-0.063167	2.92566	0.00285576	6.88497
11.92	-0.00886458	9.74053	-0.0622325	2.92076	0.00281121	6.87919
11.93	-0.00879037	9.73075	-0.0613119	2.91586	0.00276736	6.87343
11.94	-0.00871679	9.72097	-0.0604048	2.91098	0.00272419	6.86767
11.95	-0.00864384	9.71121	-0.0595111	2.90611	0.0026817	6.86192
11.96	-0.0085715	9.70145	-0.0586307	2.90125	0.00263987	6.85619
11.97	-0.00849977	9.6917	-0.0577632	2.89641	0.00259869	6.85046
11.98	-0.00842864	9.68197	-0.0569086	2.89157	0.00255815	6.84474
11.99	-0.00835812	9.67224	-0.0560666	2.88675	0.00251825	6.83903
12	-0.00828819	9.66252	-0.055237	2.88194	0.00247897	6.83333
12.01	-0.00821885	9.65281	-0.0544197	2.87715	0.0024403	6.82764
12.02	-0.00815009	9.64311	-0.0536145	2.87236	0.00240224	6.82196
12.03	-0.00808191	9.63342	-0.0528212	2.86759	0.00236477	6.81629
12.04	-0.0080143	9.62375	-0.0520396	2.86283	0.00232788	6.81063
12.05	-0.00794726	9.61408	-0.0512696	2.85808	0.00229157	6.80498
12.06	-0.00788078	9.60442	-0.0505109	2.85334	0.00225583	6.79934
12.07	-0.00781486	9.59477	-0.0497634	2.84861	0.00222064	6.7937
12.08	-0.0077495	9.58514	-0.049027	2.8439	0.00218601	6.78808
12.09	-0.00768468	9.57551	-0.0483015	2.8392	0.00215191	6.78246
12.1	-0.0076204	9.5659	-0.0475867	2.83451	0.00211835	6.77686
12.11	-0.00755666	9.55629	-0.0468825	2.82983	0.00208531	6.77126
12.12	-0.00749345	9.5467	-0.0461887	2.82516	0.00205279	6.76568
12.13	-0.00743078	9.53712	-0.0455051	2.8205	0.00202077	6.7601
12.14	-0.00736862	9.52755	-0.0448317	2.81586	0.00198926	6.75453
12.15	-0.00730699	9.51799	-0.0441682	2.81122	0.00195823	6.74897
12.16	-0.00724586	9.50844	-0.0435145	2.8066	0.00192769	6.74342
12.17	-0.00718525	9.4989	-0.0428705	2.80199	0.00189763	6.73788
12.18	-0.00712514	9.48937	-0.042236	2.79739	0.00186804	6.73235
12.19	-0.00706554	9.47986	-0.0416109	2.79281	0.00183891	6.72683
12.2	-0.00700642	9.47036	-0.040995	2.78823	0.00181023	6.72131
12.21	-0.0069478	9.46086	-0.0403882	2.78366	0.001782	6.71581
12.22	-0.00688967	9.45138	-0.0397904	2.77911	0.00175421	6.71031
12.23	-0.00683202	9.44192	-0.0392015	2.77457	0.00172686	6.70482
12.24	-0.00677484	9.43246	-0.0386213	2.77004	0.00169993	6.69935
12.25	-0.00671814	9.42302	-0.0380496	2.76551	0.00167342	6.69388
12.26	-0.00666191	9.41358	-0.0374864	2.761	0.00164733	6.68842
12.27	-0.00660615	9.40416	-0.0369315	2.75651	0.00162164	6.68297
12.28	-0.00655084	9.39475	-0.0363848	2.75202	0.00159636	6.67752
12.29	-0.006496	9.38536	-0.0358462	2.74754	0.00157147	6.67209
12.3	-0.0064416	9.37597	-0.0353156	2.74308	0.00154696	6.66667
12.31	-0.00638766	9.3666	-0.0347929	2.73862	0.00152285	6.66125
12.32	-0.00633415	9.35724	-0.0342778	2.73418	0.0014991	6.65584
12.33	-0.00628109	9.3479	-0.0337704	2.72974	0.00147573	6.65045
12.34	-0.00622847	9.33856	-0.0332705	2.72532	0.00145272	6.64506
12.35	-0.00617628	9.32924	-0.032778	2.72091	0.00143007	6.63968
12.36	-0.00612452	9.31993	-0.0322927	2.71651	0.00140778	6.6343
12.37	-0.00607318	9.31063	-0.0318147	2.71212	0.00138583	6.62894
12.38	-0.00602226	9.30135	-0.0313437	2.70774	0.00136423	6.62359
12.39	-0.00597176	9.29207	-0.0308797	2.70337	0.00134296	6.61824
12.4	-0.00592168	9.28281	-0.0304225	2.69901	0.00132203	6.6129
12.41	-0.005872	9.27357	-0.0299721	2.69466	0.00130142	6.60757
12.42	-0.00582273	9.26433	-0.0295284	2.69033	0.00128113	6.60225
12.43	-0.00577387	9.25511	-0.0290912	2.686	0.00126116	6.59694
12.44	-0.0057254	9.2459	-0.0286606	2.68168	0.0012415	6.59164
12.45	-0.00567732	9.23671	-0.0282362	2.67738	0.00122215	6.58635
12.46	-0.00562964	9.22752	-0.0278182	2.67308	0.0012031	6.58106
12.47	-0.00558235	9.21835	-0.0274063	2.66879	0.00118435	6.57578
12.48	-0.00553544	9.2092	-0.0270006	2.66452	0.00116589	6.57051
12.49	-0.00548891	9.20005	-0.0266008	2.66025	0.00114772	6.56525
12.5	-0.00544276	9.19092	-0.026207	2.656	0.00112984	6.56
12.51	-0.00539699	9.1818	-0.0258189	2.65176	0.00111223	6.55476
12.52	-0.00535158	9.1727	-0.0254367	2.64752	0.00109489	6.54952
12.53	-0.00530654	9.16361	-0.0250601	2.6433	0.00107783	6.54429
12.54	-0.00526187	9.15453	-0.024689	2.63908	0.00106103	6.53907
12.55	-0.00521756	9.14546	-0.0243235	2.63488	0.0010445	6.53386
12.56	-0.0051736	9.13641	-0.0239633	2.63068	0.00102822	6.52866
12.57	-0.00513	9.12737	-0.0236085	2.6265	0.0010122	6.52347
12.58	-0.00508676	9.11835	-0.0232589	2.62233	0.00099643	6.51828
12.59	-0.00504385	9.10933	-0.0229145	2.61816	0.000980904	6.51311
12.6	-0.0050013	9.10034	-0.0225752	2.61401	0.00096562	6.50794
12.61	-0.00495908	9.09135	-0.022241	2.60986	0.000950575	6.50278
12.62	-0.00491721	9.08238	-0.0219116	2.60573	0.000935764	6.49762
12.63	-0.00487567	9.07342	-0.0215872	2.60161	0.000921185	6.49248
12.64	-0.00483446	9.06447	-0.0212675	2.59749	0.000906833	6.48734
12.65	-0.00479358	9.05554	-0.0209526	2.59339	0.000892706	6.48221
12.66	-0.00475303	9.04662	-0.0206424	2.58929	0.000878798	6.47709
12.67	-0.0047128	9.03771	-0.0203367	2.5852	0.000865108	6.47198
12.68	-0.00467289	9.02882	-0.0200356	2.58113	0.000851631	6.46688
12.69	-0.0046333	9.01994	-0.0197389	2.57706	0.000838365	6.46178
12.7	-0.00459403	9.01108	-0.0194466	2.57301	0.000825306	6.45669
12.71	-0.00455506	9.00222	-0.0191586	2.56896	0.00081245	6.45161
12.72	-0.00451641	8.99339	-0.0188749	2.56492	0.000799795	6.44654
12.73	-0.00447806	8.98456	-0.0185954	2.56089	0.000787337	6.44148
12.74	-0.00444002	8.97575	-0.01832	2.55687	0.000775074	6.43642
12.75	-0.00440227	8.96695	-0.0180487	2.55286	0.000763002	6.43137
12.76	-0.00436483	8.95817	-0.0177815	2.54886	0.000751119	6.42633
12.77	-0.00432768	8.9494	-0.0175182	2.54487	0.000739421	6.4213
12.78	-0.00429082	8.94064	-0.0172587	2.54089	0.000727905	6.41628
12.79	-0.00425425	8.93189	-0.0170031	2.53692	0.000716569	6.41126
12.8	-0.00421797	8.92316	-0.0167514	2.53296	0.00070541	6.40625
12.81	-0.00418197	8.91445	-0.0165033	2.52901	0.000694425	6.40125
12.82	-0.00414626	8.90574	-0.0162589	2.52506	0.000683611	6.39626
12.83	-0.00411082	8.89705	-0.0160181	2.52113	0.000672966	6.39127
12.84	-0.00407566	8.88838	-0.0157809	2.5172	0.000662488	6.38629
12.85	-0.00404078	8.87971	-0.0155472	2.51329	0.000652172	6.38132
12.86	-0.00400617	8.87106	-0.0153169	2.50938	0.000642018	6.37636
12.87	-0.00397182	8.86243	-0.0150901	2.50548	0.000632021	6.37141
12.88	-0.00393775	8.85381	-0.0148666	2.50159	0.000622181	6.36646
12.89	-0.00390394	8.8452	-0.0146465	2.49771	0.000612495	6.36152
12.9	-0.00387039	8.8366	-0.0144295	2.49384	0.000602959	6.35659
12.91	-0.0038371	8.82802	-0.0142158	2.48998	0.000593572	6.35167
12.92	-0.00380406	8.81945	-0.0140053	2.48613	0.000584331	6.34675
12.93	-0.00377128	8.8109	-0.0137979	2.48228	0.000575235	6.34184
12.94	-0.00373876	8.80236	-0.0135936	2.47845	0.00056628	6.33694
12.95	-0.00370648	8.79383	-0.0133922	2.47462	0.000557466	6.33205
12.96	-0.00367445	8.78532	-0.0131939	2.4708	0.000548788	6.32716
12.97	-0.00364267	8.77682	-0.0129985	2.46699	0.000540246	6.32228
12.98	-0.00361113	8.76833	-0.012806	2.46319	0.000531837	6.31741
12.99	-0.00357983	8.75986	-0.0126163	2.4594	0.000523559	6.31255
13	-0.00354877	8.7514	-0.0124295	2.45562	0.000515411	6.30769
13.01	-0.00351795	8.74295	-0.0122454	2.45185	0.000507389	6.30284
13.02	-0.00348736	8.73452	-0.012064	2.44808	0.000499493	6.298
13.03	-0.003457	8.7261	-0.0118853	2.44433	0.000491719	6.29317
13.04	-0.00342688	8.7177	-0.0117093	2.44058	0.000484067	6.28834
13.05	-0.00339698	8.70931	-0.0115359	2.43684	0.000476534	6.28352
13.06	-0.0033673	8.70093	-0.011365	2.43311	0.000469119	6.27871
13.07	-0.00333785	8.69256	-0.0111967	2.42939	0.000461819	6.27391
13.08	-0.00330863	8.68421	-0.0110309	2.42567	0.000454633	6.26911
13.09	-0.00327962	8.67587	-0.0108675	2.42197	0.000447559	6.26432
13.1	-0.00325083	8.66755	-0.0107065	2.41827	0.000440595	6.25954
13.11	-0.00322225	8.65924	-0.010548	2.41459	0.00043374	6.25477
13.12	-0.00319389	8.65094	-0.0103917	2.41091	0.000426991	6.25
13.13	-0.00316574	8.64266	-0.0102378	2.40724	0.000420348	6.24524
13.14	-0.00313779	8.63439	-0.0100862	2.40357	0.000413809	6.24049
13.15	-0.00311006	8.62613	-0.00993681	2.39992	0.000407371	6.23574
13.16	-0.00308253	8.61789	-0.00978963	2.39627	0.000401034	6.231
13.17	-0.0030552	8.60966	-0.00964463	2.39264	0.000394795	6.22627
13.18	-0.00302808	8.60144	-0.00950178	2.38901	0.000388654	6.22155
13.19	-0.00300115	8.59324	-0.00936105	2.38539	0.000382608	6.21683
13.2	-0.00297443	8.58505	-0.0092224	2.38177	0.000376657	6.21212
13.21	-0.0029479	8.57687	-0.0090858	2.37817	0.000370798	6.20742
13.22	-0.00292156	8.56871	-0.00895123	2.37457	0.000365031	6.20272
13.23	-0.00289541	8.56056	-0.00881864	2.37098	0.000359354	6.19803
13.24	-0.00286946	8.55242	-0.00868803	2.3674	0.000353765	6.19335
13.25	-0.00284369	8.5443	-0.00855934	2.36383	0.000348263	6.18868
13.26	-0.00281811	8.53619	-0.00843256	2.36027	0.000342847	6.18401
13.27	-0.00279272	8.52809	-0.00830766	2.35671	0.000337515	6.17935
13.28	-0.0027675	8.52001	-0.00818461	2.35316	0.000332266	6.1747
13.29	-0.00274247	8.51194	-0.00806338	2.34962	0.000327099	6.17005
13.3	-0.00271762	8.50388	-0.00794395	2.34609	0.000322013	6.16541
13.31	-0.00269295	8.49584	-0.00782628	2.34257	0.000317006	6.16078
13.32	-0.00266845	8.48781	-0.00771036	2.33905	0.000312077	6.15616
13.33	-0.00264413	8.47979	-0.00759615	2.33554	0.000307224	6.15154
13.34	-0.00261998	8.47179	-0.00748364	2.33204	0.000302448	6.14693
13.35	-0.002596	8.4638	-0.00737279	2.32855	0.000297745	6.14232
13.36	-0.00257219	8.45582	-0.00726359	2.32507	0.000293116	6.13772
13.37	-0.00254855	8.44786	-0.007156	2.32159	0.000288559	6.13313
13.38	-0.00252508	8.4399	-0.00705	2.31812	0.000284073	6.12855
13.39	-0.00250177	8.43197	-0.00694557	2.31466	0.000279657	6.12397
13.4	-0.00247862	8.42404	-0.0068427	2.31121	0.00027531	6.1194
13.41	-0.00245563	8.41613	-0.00674134	2.30776	0.00027103	6.11484
13.42	-0.00243281	8.40823	-0.00664148	2.30432	0.000266817	6.11028
13.43	-0.00241014	8.40034	-0.00654311	2.30089	0.00026267	6.10573
13.44	-0.00238762	8.39247	-0.00644619	2.29747	0.000258587	6.10119
13.45	-0.00236527	8.38461	-0.00635071	2.29405	0.000254568	6.09665
13.46	-0.00234306	8.37676	-0.00625664	2.29065	0.000250612	6.09212
13.47	-0.00232101	8.36893	-0.00616396	2.28725	0.000246717	6.0876
13.48	-0.00229911	8.36111	-0.00607266	2.28385	0.000242882	6.08309
13.49	-0.00227736	8.3533	-0.00598271	2.28047	0.000239108	6.07858
13.5	-0.00225575	8.34551	-0.00589409	2.27709	0.000235392	6.07407
13.51	-0.00223429	8.33773	-0.00580678	2.27372	0.000231734	6.06958
13.52	-0.00221298	8.32996	-0.00572077	2.27036	0.000228133	6.06509
13.53	-0.00219181	8.3222	-0.00563603	2.26701	0.000224588	6.06061
13.54	-0.00217078	8.31446	-0.00555254	2.26366	0.000221098	6.05613
13.55	-0.00214988	8.30673	-0.00547029	2.26032	0.000217663	6.05166
13.56	-0.00212913	8.29901	-0.00538926	2.25699	0.000214281	6.0472
13.57	-0.00210852	8.2913	-0.00530943	2.25366	0.000210952	6.04274
13.58	-0.00208804	8.28361	-0.00523079	2.25034	0.000207674	6.03829
13.59	-0.0020677	8.27593	-0.0051533	2.24703	0.000204448	6.03385
13.6	-0.00204749	8.26826	-0.00507697	2.24373	0.000201272	6.02941
13.61	-0.00202741	8.26061	-0.00500176	2.24043	0.000198145	6.02498
13.62	-0.00200746	8.25297	-0.00492767	2.23714	0.000195067	6.02056
13.63	-0.00198764	8.24534	-0.00485468	2.23386	0.000192037	6.01614
13.64	-0.00196794	8.23772	-0.00478277	2.23059	0.000189054	6.01173
13.65	-0.00194838	8.23012	-0.00471192	2.22732	0.000186117	6.00733
13.66	-0.00192894	8.22253	-0.00464212	2.22406	0.000183226	6.00293
13.67	-0.00190962	8.21495	-0.00457336	2.22081	0.00018038	5.99854
13.68	-0.00189042	8.20739	-0.00450561	2.21756	0.000177579	5.99415
13.69	-0.00187135	8.19983	-0.00443887	2.21432	0.000174821	5.98977
13.7	-0.0018524	8.19229	-0.00437312	2.21109	0.000172105	5.9854
13.71	-0.00183356	8.18477	-0.00430834	2.20787	0.000169433	5.98104
13.72	-0.00181484	8.17725	-0.00424452	2.20465	0.000166801	5.97668
13.73	-0.00179624	8.16975	-0.00418165	2.20144	0.000164211	5.97232
13.74	-0.00177775	8.16226	-0.0041197	2.19824	0.000161661	5.96798
13.75	-0.00175938	8.15478	-0.00405868	2.19504	0.000159151	5.96364
13.76	-0.00174111	8.14731	-0.00399855	2.19185	0.00015668	5.9593
13.77	-0.00172296	8.13986	-0.00393932	2.18867	0.000154247	5.95497
13.78	-0.00170492	8.13242	-0.00388097	2.18549	0.000151852	5.95065
13.79	-0.00168699	8.12499	-0.00382348	2.18233	0.000149494	5.94634
13.8	-0.00166916	8.11757	-0.00376684	2.17916	0.000147173	5.94203
13.81	-0.00165144	8.11017	-0.00371104	2.17601	0.000144888	5.93773
13.82	-0.00163383	8.10278	-0.00365607	2.17286	0.000142639	5.93343
13.83	-0.00161631	8.0954	-0.00360191	2.16972	0.000140424	5.92914
13.84	-0.00159891	8.08803	-0.00354855	2.16659	0.000138244	5.92486
13.85	-0.0015816	8.08068	-0.00349599	2.16346	0.000136098	5.92058
13.86	-0.00156439	8.07333	-0.0034442	2.16034	0.000133986	5.91631
13.87	-0.00154728	8.066	-0.00339318	2.15722	0.000131906	5.91204
13.88	-0.00153027	8.05868	-0.00334292	2.15412	0.000129858	5.90778
13.89	-0.00151336	8.05138	-0.0032934	2.15102	0.000127843	5.90353
13.9	-0.00149655	8.04408	-0.00324461	2.14792	0.000125859	5.89928
13.91	-0.00147982	8.0368	-0.00319654	2.14483	0.000123905	5.89504
13.92	-0.00146319	8.02953	-0.00314919	2.14175	0.000121982	5.8908
13.93	-0.00144666	8.02227	-0.00310254	2.13868	0.000120089	5.88658
13.94	-0.00143021	8.01503	-0.00305658	2.13561	0.000118225	5.88235
13.95	-0.00141386	8.00779	-0.0030113	2.13255	0.000116391	5.87814
13.96	-0.00139759	8.00057	-0.0029667	2.1295	0.000114584	5.87393
13.97	-0.00138141	7.99336	-0.00292275	2.12645	0.000112806	5.86972
13.98	-0.00136532	7.98616	-0.00287945	2.12341	0.000111056	5.86552
13.99	-0.00134932	7.97898	-0.0028368	2.12037	0.000109333	5.86133
14	-0.0013334	7.9718	-0.00279477	2.11735	0.000107636	5.85714
14.01	-0.00131756	7.96464	-0.00275337	2.11433	0.000105966	5.85296
14.02	-0.00130181	7.95749	-0.00271259	2.11131	0.000104322	5.84879
14.03	-0.00128614	7.95035	-0.0026724	2.1083	0.000102703	5.84462
14.04	-0.00127055	7.94322	-0.00263281	2.1053	0.00010111	5.84046
14.05	-0.00125504	7.93611	-0.00259381	2.1023	9.95414e-05	5.8363
14.06	-0.00123961	7.929	-0.00255539	2.09931	9.79972e-05	5.83215
14.07	-0.00122425	7.92191	-0.00251753	2.09633	9.64769e-05	5.828
14.08	-0.00120897	7.91483	-0.00248024	2.09335	9.49803e-05	5.82386
14.09	-0.00119377	7.90776	-0.0024435	2.09038	9.3507e-05	5.81973
14.1	-0.00117864	7.90071	-0.0024073	2.08742	9.20565e-05	5.8156
14.11	-0.00116359	7.89366	-0.00237164	2.08446	9.06286e-05	5.81148
14.12	-0.00114861	7.88663	-0.00233651	2.08151	8.92229e-05	5.80737
14.13	-0.0011337	7.87961	-0.00230189	2.07857	8.78391e-05	5.80326
14.14	-0.00111886	7.8726	-0.00226779	2.07563	8.64767e-05	5.79915
14.15	-0.00110409	7.8656	-0.0022342	2.07269	8.51355e-05	5.79505
14.16	-0.00108939	7.85861	-0.0022011	2.06977	8.38152e-05	5.79096
14.17	-0.00107476	7.85164	-0.0021685	2.06685	8.25153e-05	5.78687
14.18	-0.0010602	7.84467	-0.00213637	2.06393	8.12357e-05	5.78279
14.19	-0.0010457	7.83772	-0.00210473	2.06103	7.99759e-05	5.77872
14.2	-0.00103127	7.83078	-0.00207355	2.05812	7.87358e-05	5.77465
14.21	-0.0010169	7.82385	-0.00204283	2.05523	7.75148e-05	5.77058
14.22	-0.00100259	7.81693	-0.00201257	2.05234	7.63129e-05	5.76653
14.23	-0.000988345	7.81002	-0.00198275	2.04945	7.51296e-05	5.76247
14.24	-0.000974163	7.80312	-0.00195338	2.04658	7.39647e-05	5.75843
14.25	-0.000960041	7.79624	-0.00192444	2.04371	7.28179e-05	5.75439
14.26	-0.000945978	7.78937	-0.00189593	2.04084	7.1689e-05	5.75035
14.27	-0.000931974	7.7825	-0.00186785	2.03798	7.05775e-05	5.74632
14.28	-0.000918028	7.77565	-0.00184018	2.03513	6.94833e-05	5.7423
14.29	-0.000904139	7.76881	-0.00181292	2.03228	6.84062e-05	5.73828
14.3	-0.000890306	7.76199	-0.00178606	2.02944	6.73457e-05	5.73427
14.31	-0.000876527	7.75517	-0.0017596	2.0266	6.63017e-05	5.73026
14.32	-0.000862803	7.74836	-0.00173354	2.02377	6.5274e-05	5.72626
14.33	-0.000849133	7.74157	-0.00170786	2.02095	6.42621e-05	5.72226
14.34	-0.000835514	7.73478	-0.00168256	2.01813	6.32661e-05	5.71827
14.35	-0.000821948	7.72801	-0.00165763	2.01532	6.22854e-05	5.71429
14.36	-0.000808432	7.72125	-0.00163307	2.01252	6.132e-05	5.71031
14.37	-0.000794966	7.7145	-0.00160888	2.00972	6.03696e-05	5.70633
14.38	-0.000781549	7.70776	-0.00158505	2.00692	5.9434e-05	5.70236
14.39	-0.00076818	7.70103	-0.00156157	2.00413	5.85129e-05	5.6984
14.4	-0.000754858	7.69431	-0.00153843	2.00135	5.76061e-05	5.69444
14.41	-0.000741583	7.68761	-0.00151564	1.99857	5.67133e-05	5.69049
14.42	-0.000728354	7.68091	-0.00149319	1.9958	5.58345e-05	5.68655
14.43	-0.000715169	7.67423	-0.00147107	1.99304	5.49692e-05	5.68261
14.44	-0.000702028	7.66755	-0.00144928	1.99028	5.41174e-05	5.67867
14.45	-0.000688931	7.66089	-0.00142781	1.98752	5.32789e-05	5.67474
14.46	-0.000675875	7.65424	-0.00140666	1.98478	5.24533e-05	5.67082
14.47	-0.000662861	7.6476	-0.00138582	1.98203	5.16406e-05	5.6669
14.48	-0.000649888	7.64097	-0.00136529	1.9793	5.08405e-05	5.66298
14.49	-0.000636955	7.63435	-0.00134506	1.97657	5.00528e-05	5.65908
14.5	-0.00062406	7.62774	-0.00132514	1.97384	4.92773e-05	5.65517
14.51	-0.000611204	7.62114	-0.00130551	1.97112	4.85139e-05	5.65127
14.52	-0.000598385	7.61455	-0.00128617	1.96841	4.77623e-05	5.64738
14.53	-0.000585603	7.60797	-0.00126711	1.9657	4.70224e-05	5.6435
14.54	-0.000572857	7.60141	-0.00124834	1.963	4.62939e-05	5.63961
14.55	-0.000560145	7.59485	-0.00122985	1.9603	4.55768e-05	5.63574
14.56	-0.000547468	7.58831	-0.00121163	1.95761	4.48708e-05	5.63187
14.57	-0.000534825	7.58177	-0.00119368	1.95492	4.41757e-05	5.628
14.58	-0.000522213	7.57525	-0.001176	1.95224	4.34915e-05	5.62414
14.59	-0.000509634	7.56874	-0.00115858	1.94956	4.28178e-05	5.62029
14.6	-0.000497086	7.56223	-0.00114141	1.94689	4.21547e-05	5.61644
14.61	-0.000484568	7.55574	-0.0011245	1.94423	4.15018e-05	5.61259
14.62	-0.00047208	7.54926	-0.00110784	1.94157	4.0859e-05	5.60876
14.63	-0.00045962	7.54279	-0.00109143	1.93892	4.02262e-05	5.60492
14.64	-0.000447188	7.53633	-0.00107526	1.93627	3.96032e-05	5.60109
14.65	-0.000434784	7.52988	-0.00105934	1.93363	3.89899e-05	5.59727
14.66	-0.000422405	7.52344	-0.00104364	1.93099	3.83861e-05	5.59345
14.67	-0.000410053	7.51701	-0.00102818	1.92836	3.77917e-05	5.58964
14.68	-0.000397725	7.51059	-0.00101295	1.92573	3.72065e-05	5.58583
14.69	-0.000385422	7.50418	-0.000997943	1.92311	3.66304e-05	5.58203
14.7	-0.000373142	7.49778	-0.00098316	1.9205	3.60632e-05	5.57823
14.71	-0.000360884	7.49139	-0.000968595	1.91789	3.55048e-05	5.57444
14.72	-0.000348648	7.48501	-0.000954246	1.91528	3.49551e-05	5.57065
14.73	-0.000336434	7.47865	-0.00094011	1.91268	3.44139e-05	5.56687
14.74	-0.00032424	7.47229	-0.000926183	1.91009	3.38811e-05	5.56309
14.75	-0.000312065	7.46594	-0.000912462	1.9075	3.33565e-05	5.55932
14.76	-0.000299909	7.4596	-0.000898944	1.90491	3.28401e-05	5.55556
14.77	-0.000287772	7.45328	-0.000885627	1.90234	3.23317e-05	5.55179
14.78	-0.000275652	7.44696	-0.000872507	1.89976	3.18312e-05	5.54804
14.79	-0.000263548	7.44065	-0.000859582	1.89719	3.13385e-05	5.54429
14.8	-0.00025146	7.43436	-0.000846848	1.89463	3.08534e-05	5.54054
14.81	-0.000239388	7.42807	-0.000834302	1.89207	3.03758e-05	5.5368
14.82	-0.00022733	7.42179	-0.000821943	1.88952	2.99056e-05	5.53306
14.83	-0.000215285	7.41553	-0.000809766	1.88697	2.94427e-05	5.52933
14.84	-0.000203254	7.40927	-0.00079777	1.88443	2.8987e-05	5.52561
14.85	-0.000191235	7.40302	-0.000785952	1.88189	2.85383e-05	5.52189
14.86	-0.000179227	7.39679	-0.000774308	1.87936	2.80967e-05	5.51817
14.87	-0.00016723	7.39056	-0.000762838	1.87684	2.76618e-05	5.51446
14.88	-0.000155243	7.38434	-0.000751537	1.87431	2.72337e-05	5.51075
14.89	-0.000143266	7.37813	-0.000740403	1.8718	2.68123e-05	5.50705
14.9	-0.000131297	7.37194	-0.000729435	1.86929	2.63973e-05	5.50336
14.91	-0.000119336	7.36575	-0.000718629	1.86678	2.59888e-05	5.49966
14.92	-0.000107382	7.35957	-0.000707983	1.86428	2.55867e-05	5.49598
14.93	-9.54342e-05	7.35341	-0.000697494	1.86178	2.51908e-05	5.4923
14.94	-8.34925e-05	7.34725	-0.000687161	1.85929	2.4801e-05	5.48862
14.95	-7.15557e-05	7.3411	-0.000676982	1.8568	2.44172e-05	5.48495
14.96	-5.96232e-05	7.33496	-0.000666953	1.85432	2.40394e-05	5.48128
14.97	-4.76943e-05	7.32883	-0.000657072	1.85184	2.36675e-05	5.47762
14.98	-3.57682e-05	7.32271	-0.000647338	1.84937	2.33013e-05	5.47397
14.99	-2.38443e-05	7.3166	-0.000637748	1.84691	2.29408e-05	5.47031
