0	0	-nan	-44.0186	-nan	inf	22.2927
0.01	0.00345648	-21.7246	-44.0186	0	0.00136054	22.2927
0.02	0.00691279	-21.7253	-44.0186	0	0.000690498	22.2926
0.03	0.0103688	-21.7256	-44.0186	0	0.000467254	22.2925
0.04	0.0138243	-21.7259	-44.0186	0	0.00035571	22.2923
0.05	0.0172792	-21.7262	-44.0186	0	0.000288847	22.2921
0.06	0.0207333	-21.7265	-44.0186	0	0.000244325	22.2919
0.07	0.0241864	-21.7268	-44.0186	0	0.000212571	22.2915
0.08	0.0276385	-21.7272	-44.0186	0	0.000188796	22.2912
0.09	0.0310892	-21.7276	-44.0186	0	0.000170342	22.2908
0.1	0.0345385	-21.7281	-44.0186	0	0.000155613	22.2903
0.11	0.0379863	-21.7286	-44.0185	0	0.000143594	22.2898
0.12	0.0414323	-21.7292	-44.0185	0	0.000133607	22.2892
0.13	0.0448764	-21.7298	-44.0185	0	0.000125184	22.2886
0.14	0.0483184	-21.7304	-44.0185	0	0.00011799	22.288
0.15	0.0517582	-21.7311	-44.0185	0	0.00011178	22.2872
0.16	0.0551956	-21.7319	-44.0185	0	0.00010637	22.2865
0.17	0.0586305	-21.7327	-44.0185	0	0.000101618	22.2857
0.18	0.0620626	-21.7335	-44.0185	0	9.74156e-05	22.2848
0.19	0.065492	-21.7344	-44.0185	0	9.36762e-05	22.2839
0.2	0.0689183	-21.7354	-44.0184	0	9.03306e-05	22.283
0.21	0.0723414	-21.7364	-44.0184	0	8.73227e-05	22.282
0.22	0.0757612	-21.7374	-44.0184	0	8.46069e-05	22.2809
0.23	0.0791775	-21.7385	-44.0184	0	8.21452e-05	22.2798
0.24	0.0825902	-21.7396	-44.0184	0	7.99062e-05	22.2787
0.25	0.0859991	-21.7408	-44.0184	0	7.78634e-05	22.2775
0.26	0.089404	-21.7421	-44.0184	0	7.59945e-05	22.2762
0.27	0.0928048	-21.7433	-44.0184	0	7.42802e-05	22.2749
0.28	0.0962013	-21.7447	-44.0183	0	7.27044e-05	22.2736
0.29	0.0995934	-21.746	-44.0183	0	7.12529e-05	22.2722
0.3	0.102981	-21.7475	-44.0183	0	6.99135e-05	22.2708
0.31	0.106364	-21.749	-44.0183	0	6.86756e-05	22.2693
0.32	0.109741	-21.7505	-44.0183	0	6.75298e-05	22.2677
0.33	0.113114	-21.7521	-44.0183	0	6.64681e-05	22.2662
0.34	0.116482	-21.7537	-44.0183	0	6.54833e-05	22.2645
0.35	0.119844	-21.7553	-44.0182	0	6.45688e-05	22.2628
0.36	0.123201	-21.7571	-44.0182	0	6.37192e-05	22.2611
0.37	0.126552	-21.7588	-44.0182	0	6.29293e-05	22.2593
0.38	0.129897	-21.7606	-44.0182	0	6.21946e-05	22.2575
0.39	0.133236	-21.7625	-44.0182	0	6.1511e-05	22.2556
0.4	0.136569	-21.7644	-44.0182	0	6.08751e-05	22.2537
0.41	0.139896	-21.7664	-44.0182	0	6.02833e-05	22.2517
0.42	0.143216	-21.7684	-44.0181	0	5.97329e-05	22.2497
0.43	0.14653	-21.7705	-44.0181	0	5.9221e-05	22.2476
0.44	0.149836	-21.7726	-44.0181	0	5.87453e-05	22.2455
0.45	0.153136	-21.7747	-44.0181	0	5.83036e-05	22.2433
0.46	0.156429	-21.7769	-44.0181	0	5.78937e-05	22.2411
0.47	0.159715	-21.7792	-44.0181	0	5.7514e-05	22.2388
0.48	0.162993	-21.7815	-44.018	0	5.71625e-05	22.2365
0.49	0.166264	-21.7838	-44.018	0	5.68379e-05	22.2341
0.5	0.169527	-21.7862	-44.018	0	5.65387e-05	22.2317
0.51	0.172782	-21.7887	-44.018	0	5.62636e-05	22.2293
0.52	0.176029	-21.7912	-44.018	0	5.60114e-05	22.2267
0.53	0.179268	-21.7937	-44.0179	0	5.57809e-05	22.2242
0.54	0.182499	-21.7963	-44.0179	0	5.55711e-05	22.2216
0.55	0.185721	-21.7989	-44.0179	0	5.53811e-05	22.2189
0.56	0.188935	-21.8016	-44.0179	0	5.521e-05	22.2162
0.57	0.19214	-21.8044	-44.0179	0	5.5057e-05	22.2134
0.58	0.195336	-21.8072	-44.0178	0	5.49213e-05	22.2106
0.59	0.198523	-21.81	-44.0178	0	5.48023e-05	22.2078
0.6	0.2017	-21.8129	-44.0178	0	5.46992e-05	22.2049
0.61	0.204869	-21.8158	-44.0178	0	5.46115e-05	22.2019
0.62	0.208028	-21.8188	-44.0178	0	5.45386e-05	22.1989
0.63	0.211177	-21.8218	-44.0177	0	5.44799e-05	22.1959
0.64	0.214316	-21.8249	-44.0177	0	5.4435e-05	22.1928
0.65	0.217446	-21.828	-44.0177	0	5.44035e-05	22.1896
0.66	0.220565	-21.8312	-44.0177	0	5.43848e-05	22.1864
0.67	0.223674	-21.8344	-44.0176	0	5.43786e-05	22.1832
0.68	0.226773	-21.8377	-44.0176	0	5.43846e-05	22.1799
0.69	0.229861	-21.841	-44.0176	0	5.44023e-05	22.1765
0.7	0.232938	-21.8444	-44.0176	0	5.44314e-05	22.1731
0.71	0.236005	-21.8478	-44.0175	0	5.44717e-05	22.1697
0.72	0.23906	-21.8513	-44.0175	0	5.45228e-05	22.1662
0.73	0.242105	-21.8548	-44.0175	0	5.45845e-05	22.1627
0.74	0.245138	-21.8583	-44.0175	0	5.46565e-05	22.1591
0.75	0.24816	-21.862	-44.0174	0	5.47386e-05	22.1554
0.76	0.25117	-21.8656	-44.0174	0	5.48306e-05	22.1518
0.77	0.254168	-21.8693	-44.0174	0	5.49323e-05	22.148
0.78	0.257155	-21.8731	-44.0174	0	5.50434e-05	22.1442
0.79	0.26013	-21.8769	-44.0173	0	5.51638e-05	22.1404
0.8	0.263092	-21.8807	-44.0173	0	5.52933e-05	22.1365
0.81	0.266042	-21.8846	-44.0173	0	5.54318e-05	22.1326
0.82	0.26898	-21.8886	-44.0172	0	5.55791e-05	22.1286
0.83	0.271905	-21.8926	-44.0172	0	5.57351e-05	22.1246
0.84	0.274817	-21.8966	-44.0172	0	5.58996e-05	22.1205
0.85	0.277717	-21.9007	-44.0172	0	5.60726e-05	22.1164
0.86	0.280603	-21.9049	-44.0171	0	5.62539e-05	22.1122
0.87	0.283477	-21.9091	-44.0171	0	5.64434e-05	22.108
0.88	0.286337	-21.9133	-44.0171	0	5.6641e-05	22.1037
0.89	0.289184	-21.9176	-44.017	0	5.68467e-05	22.0994
0.9	0.292017	-21.9219	-44.017	0	5.70603e-05	22.095
0.91	0.294836	-21.9263	-44.017	0	5.72818e-05	22.0906
0.92	0.297642	-21.9307	-44.0169	0	5.75111e-05	22.0861
0.93	0.300433	-21.9352	-44.0169	0	5.77481e-05	22.0816
0.94	0.303211	-21.9397	-44.0169	0	5.79928e-05	22.0771
0.95	0.305974	-21.9443	-44.0168	0	5.82451e-05	22.0724
0.96	0.308723	-21.9489	-44.0168	0	5.8505e-05	22.0678
0.97	0.311457	-21.9536	-44.0167	0	5.87725e-05	22.0631
0.98	0.314177	-21.9583	-44.0167	0	5.90474e-05	22.0583
0.99	0.316881	-21.9631	-44.0167	0	5.93298e-05	22.0535
1	0.319571	-21.9679	-44.0166	0	5.96197e-05	22.0486
1.01	0.322246	-21.9728	-44.0166	0	5.99169e-05	22.0437
1.02	0.324906	-21.9777	-44.0166	0	6.02215e-05	22.0388
1.03	0.32755	-21.9827	-44.0165	0	6.05335e-05	22.0338
1.04	0.330179	-21.9877	-44.0165	0	6.08529e-05	22.0287
1.05	0.332792	-21.9927	-44.0164	0	6.11796e-05	22.0236
1.06	0.33539	-21.9979	-44.0164	0	6.15136e-05	22.0185
1.07	0.337971	-22.003	-44.0163	0	6.18549e-05	22.0133
1.08	0.340537	-22.0082	-44.0163	0	6.22036e-05	22.008
1.09	0.343087	-22.0135	-44.0163	0	6.25596e-05	22.0027
1.1	0.34562	-22.0188	-44.0162	0	6.29229e-05	21.9974
1.11	0.348137	-22.0241	-44.0162	0	6.32936e-05	21.992
1.12	0.350637	-22.0295	-44.0161	0	6.36716e-05	21.9865
1.13	0.353121	-22.035	-44.0161	0	6.40569e-05	21.9811
1.14	0.355588	-22.0405	-44.016	0	6.44497e-05	21.9755
1.15	0.358038	-22.046	-44.016	0	6.48498e-05	21.9699
1.16	0.360471	-22.0516	-44.0159	0	6.52574e-05	21.9643
1.17	0.362887	-22.0572	-44.0159	0	6.56724e-05	21.9586
1.18	0.365286	-22.0629	-44.0158	0	6.60949e-05	21.9529
1.19	0.367667	-22.0686	-44.0158	0	6.65249e-05	21.9471
1.2	0.370031	-22.0744	-44.0157	0	6.69623e-05	21.9412
1.21	0.372377	-22.0803	-44.0157	0	6.74074e-05	21.9354
1.22	0.374705	-22.0861	-44.0156	0	6.786e-05	21.9294
1.23	0.377016	-22.0921	-44.0156	0	6.83203e-05	21.9234
1.24	0.379308	-22.098	-44.0155	0	6.87882e-05	21.9174
1.25	0.381583	-22.1041	-44.0155	0	6.92638e-05	21.9113
1.26	0.383839	-22.1101	-44.0154	0	6.97472e-05	21.9052
1.27	0.386077	-22.1162	-44.0153	0	7.02384e-05	21.899
1.28	0.388296	-22.1224	-44.0153	0	7.07374e-05	21.8928
1.29	0.390497	-22.1286	-44.0152	0	7.12443e-05	21.8865
1.3	0.392678	-22.1349	-44.0152	0	7.17592e-05	21.8802
1.31	0.394842	-22.1412	-44.0151	0	7.2282e-05	21.8738
1.32	0.396986	-22.1475	-44.015	0	7.28129e-05	21.8674
1.33	0.399111	-22.1539	-44.015	0	7.33519e-05	21.861
1.34	0.401217	-22.1604	-44.0149	0	7.38991e-05	21.8544
1.35	0.403304	-22.1669	-44.0149	0	7.44545e-05	21.8479
1.36	0.405371	-22.1735	-44.0148	0	7.50182e-05	21.8413
1.37	0.407419	-22.18	-44.0147	0	7.55902e-05	21.8346
1.38	0.409447	-22.1867	-44.0147	0	7.61706e-05	21.8279
1.39	0.411455	-22.1934	-44.0146	0	7.67596e-05	21.8211
1.4	0.413444	-22.2001	-44.0145	0	7.73571e-05	21.8143
1.41	0.415412	-22.2069	-44.0144	0	7.79632e-05	21.8075
1.42	0.417361	-22.2137	-44.0144	0	7.8578e-05	21.8005
1.43	0.419289	-22.2206	-44.0143	0	7.92016e-05	21.7936
1.44	0.421197	-22.2276	-44.0142	0	7.9834e-05	21.7866
1.45	0.423085	-22.2345	-44.0141	0	8.04753e-05	21.7795
1.46	0.424952	-22.2416	-44.0141	0	8.11257e-05	21.7724
1.47	0.426799	-22.2486	-44.014	0	8.17852e-05	21.7653
1.48	0.428625	-22.2558	-44.0139	0	8.24538e-05	21.7581
1.49	0.43043	-22.2629	-44.0138	0	8.31317e-05	21.7508
1.5	0.432214	-22.2701	-44.0138	0	8.38189e-05	21.7435
1.51	0.433977	-22.2774	-44.0137	0	8.45155e-05	21.7362
1.52	0.435719	-22.2847	-44.0136	0	8.52217e-05	21.7288
1.53	0.43744	-22.2921	-44.0135	0	8.59375e-05	21.7213
1.54	0.43914	-22.2995	-44.0134	0	8.6663e-05	21.7138
1.55	0.440818	-22.3069	-44.0133	0	8.73983e-05	21.7063
1.56	0.442475	-22.3144	-44.0132	0	8.81435e-05	21.6987
1.57	0.44411	-22.322	-44.0132	0	8.88987e-05	21.6911
1.58	0.445723	-22.3296	-44.0131	0	8.96641e-05	21.6834
1.59	0.447315	-22.3372	-44.013	0	9.04396e-05	21.6756
1.6	0.448884	-22.3449	-44.0129	0	9.12254e-05	21.6679
1.61	0.450432	-22.3527	-44.0128	0	9.20217e-05	21.66
1.62	0.451958	-22.3605	-44.0127	0	9.28284e-05	21.6521
1.63	0.453461	-22.3683	-44.0126	0	9.36458e-05	21.6442
1.64	0.454942	-22.3762	-44.0125	0	9.4474e-05	21.6362
1.65	0.456401	-22.3841	-44.0124	0	9.5313e-05	21.6282
1.66	0.457838	-22.3921	-44.0123	0	9.6163e-05	21.6201
1.67	0.459252	-22.4001	-44.0122	0	9.70241e-05	21.612
1.68	0.460643	-22.4082	-44.0121	0	9.78964e-05	21.6038
1.69	0.462012	-22.4163	-44.012	0	9.878e-05	21.5956
1.7	0.463357	-22.4244	-44.0119	0	9.96751e-05	21.5873
1.71	0.46468	-22.4327	-44.0117	0	0.000100582	21.579
1.72	0.46598	-22.4409	-44.0116	0	0.0001015	21.5706
1.73	0.467257	-22.4492	-44.0115	0	0.00010243	21.5622
1.74	0.468511	-22.4576	-44.0114	0	0.000103373	21.5537
1.75	0.469742	-22.466	-44.0113	0	0.000104327	21.5452
1.76	0.470949	-22.4744	-44.0112	0	0.000105293	21.5366
1.77	0.472133	-22.4829	-44.011	0	0.000106272	21.528
1.78	0.473294	-22.4915	-44.0109	0	0.000107264	21.5193
1.79	0.474431	-22.5	-44.0108	0	0.000108268	21.5106
1.8	0.475544	-22.5087	-44.0107	0	0.000109285	21.5019
1.81	0.476634	-22.5174	-44.0105	0	0.000110315	21.4931
1.82	0.4777	-22.5261	-44.0104	0	0.000111358	21.4842
1.83	0.478743	-22.5349	-44.0103	0	0.000112414	21.4753
1.84	0.479761	-22.5437	-44.0101	0	0.000113483	21.4663
1.85	0.480756	-22.5526	-44.01	0	0.000114566	21.4573
1.86	0.481726	-22.5615	-44.0099	0	0.000115663	21.4483
1.87	0.482672	-22.5704	-44.0097	0	0.000116774	21.4392
1.88	0.483595	-22.5795	-44.0096	0	0.000117899	21.43
1.89	0.484493	-22.5885	-44.0094	0	0.000119038	21.4208
1.9	0.485366	-22.5976	-44.0093	0	0.000120191	21.4116
1.91	0.486216	-22.6068	-44.0091	0	0.000121359	21.4023
1.92	0.487041	-22.616	-44.009	0	0.000122541	21.3929
1.93	0.487841	-22.6252	-44.0088	0	0.000123739	21.3835
1.94	0.488617	-22.6345	-44.0087	0	0.000124951	21.3741
1.95	0.489368	-22.6438	-44.0085	0	0.000126179	21.3646
1.96	0.490095	-22.6532	-44.0084	0	0.000127422	21.355
1.97	0.490797	-22.6626	-44.0082	0	0.00012868	21.3454
1.98	0.491474	-22.6721	-44.008	0	0.000129954	21.3358
1.99	0.492126	-22.6816	-44.0079	0	0.000131245	21.3261
2	0.492753	-22.6912	-44.0077	0	0.000132551	21.3164
2.01	0.493356	-22.7008	-44.0075	0	0.000133874	21.3066
2.02	0.493933	-22.7105	-44.0073	0	0.000135213	21.2967
2.03	0.494486	-22.7202	-44.0072	0	0.000136569	21.2868
2.04	0.495013	-22.7299	-44.007	0	0.000137942	21.2769
2.05	0.495515	-22.7397	-44.0068	0	0.000139332	21.2669
2.06	0.495992	-22.7496	-44.0066	0	0.00014074	21.2569
2.07	0.496443	-22.7595	-44.0064	0	0.000142165	21.2468
2.08	0.49687	-22.7694	-44.0062	0	0.000143608	21.2367
2.09	0.497271	-22.7794	-44.006	0	0.000145068	21.2265
2.1	0.497646	-22.7894	-44.0058	0	0.000146547	21.2163
2.11	0.497996	-22.7995	-44.0056	0	0.000148045	21.206
2.12	0.498321	-22.8096	-44.0054	0	0.000149561	21.1957
2.13	0.49862	-22.8198	-44.0052	0	0.000151095	21.1853
2.14	0.498894	-22.83	-44.005	0	0.000152649	21.1749
2.15	0.499142	-22.8402	-44.0048	0	0.000154223	21.1644
2.16	0.499364	-22.8505	-44.0046	0	0.000155815	21.1539
2.17	0.499561	-22.8609	-44.0044	0	0.000157428	21.1433
2.18	0.499732	-22.8713	-44.0041	0	0.000159061	21.1327
2.19	0.499877	-22.8817	-44.0039	0	0.000160714	21.122
2.2	0.499997	-22.8922	-44.0037	0	0.000162387	21.1113
2.21	0.500091	-22.9027	-44.0034	0	0.000164082	21.1006
2.22	0.500158	-22.9133	-44.0032	0	0.000165797	21.0897
2.23	0.5002	-22.9239	-44.003	0	0.000167533	21.0789
2.24	0.500217	-22.9346	-44.0027	0	0.000169292	21.068
2.25	0.500207	-22.9453	-44.0025	0	0.000171072	21.057
2.26	0.500171	-22.956	-44.0022	0	0.000172874	21.046
2.27	0.500109	-22.9668	-44.002	0	0.000174698	21.0349
2.28	0.500022	-22.9777	-44.0017	0	0.000176546	21.0238
2.29	0.499908	-22.9886	-44.0014	0	0.000178416	21.0127
2.3	0.499768	-22.9995	-44.0012	0	0.000180309	21.0015
2.31	0.499602	-23.0105	-44.0009	0	0.000182226	20.9902
2.32	0.499411	-23.0215	-44.0006	0	0.000184166	20.9789
2.33	0.499193	-23.0326	-44.0003	0	0.000186131	20.9676
2.34	0.498949	-23.0437	-44.0001	0	0.00018812	20.9562
2.35	0.498679	-23.0549	-43.9998	0	0.000190134	20.9447
2.36	0.498382	-23.0661	-43.9995	0	0.000192173	20.9332
2.37	0.49806	-23.0773	-43.9992	0	0.000194237	20.9217
2.38	0.497711	-23.0886	-43.9989	0	0.000196327	20.9101
2.39	0.497337	-23.0999	-43.9986	0	0.000198442	20.8984
2.4	0.496936	-23.1113	-43.9983	0	0.000200584	20.8868
2.41	0.496509	-23.1227	-43.9979	0	0.000202753	20.875
2.42	0.496056	-23.1342	-43.9976	0	0.000204948	20.8632
2.43	0.495576	-23.1457	-43.9973	0	0.000207171	20.8514
2.44	0.495071	-23.1573	-43.997	0	0.000209421	20.8395
2.45	0.494539	-23.1689	-43.9966	0	0.000211699	20.8276
2.46	0.493981	-23.1805	-43.9963	0	0.000214006	20.8156
2.47	0.493397	-23.1922	-43.996	0	0.000216341	20.8035
2.48	0.492787	-23.2039	-43.9956	0	0.000218706	20.7915
2.49	0.49215	-23.2157	-43.9952	0	0.000221099	20.7793
2.5	0.491488	-23.2275	-43.9949	0	0.000223523	20.7671
2.51	0.490799	-23.2394	-43.9945	0	0.000225976	20.7549
2.52	0.490084	-23.2513	-43.9942	0	0.00022846	20.7426
2.53	0.489343	-23.2632	-43.9938	0	0.000230975	20.7303
2.54	0.488576	-23.2752	-43.9934	0	0.000233521	20.7179
2.55	0.487783	-23.2873	-43.993	0	0.000236099	20.7055
2.56	0.486963	-23.2993	-43.9926	0	0.000238709	20.693
2.57	0.486118	-23.3115	-43.9922	0	0.000241351	20.6805
2.58	0.485247	-23.3236	-43.9918	0	0.000244026	20.6679
2.59	0.484349	-23.3358	-43.9914	0	0.000246735	20.6553
2.6	0.483425	-23.3481	-43.991	0	0.000249477	20.6427
2.61	0.482476	-23.3604	-43.9905	0	0.000252254	20.6299
2.62	0.4815	-23.3727	-43.9901	0	0.000255064	20.6172
2.63	0.480499	-23.3851	-43.9897	0	0.00025791	20.6044
2.64	0.479471	-23.3975	-43.9892	0	0.000260792	20.5915
2.65	0.478418	-23.4099	-43.9888	0	0.000263709	20.5786
2.66	0.477338	-23.4224	-43.9883	0	0.000266663	20.5656
2.67	0.476233	-23.435	-43.9879	0	0.000269653	20.5526
2.68	0.475102	-23.4476	-43.9874	0	0.000272681	20.5396
2.69	0.473946	-23.4602	-43.9869	0	0.000275746	20.5264
2.7	0.472763	-23.4729	-43.9864	0	0.00027885	20.5133
2.71	0.471555	-23.4856	-43.9859	0	0.000281992	20.5001
2.72	0.470321	-23.4983	-43.9854	0	0.000285174	20.4868
2.73	0.469062	-23.5111	-43.9849	0	0.000288395	20.4735
2.74	0.467776	-23.5239	-43.9844	0	0.000291657	20.4602
2.75	0.466466	-23.5368	-43.9839	0	0.000294959	20.4468
2.76	0.465129	-23.5497	-43.9834	0	0.000298302	20.4333
2.77	0.463768	-23.5627	-43.9828	0	0.000301688	20.4198
2.78	0.462381	-23.5757	-43.9823	0	0.000305115	20.4063
2.79	0.460968	-23.5887	-43.9817	0	0.000308585	20.3927
2.8	0.45953	-23.6018	-43.9812	0	0.000312099	20.379
2.81	0.458067	-23.6149	-43.9806	0	0.000315657	20.3653
2.82	0.456579	-23.6281	-43.98	0	0.000319259	20.3516
2.83	0.455065	-23.6413	-43.9794	0	0.000322906	20.3378
2.84	0.453527	-23.6545	-43.9788	0	0.000326598	20.324
2.85	0.451963	-23.6678	-43.9782	0	0.000330337	20.3101
2.86	0.450374	-23.6811	-43.9776	0	0.000334123	20.2961
2.87	0.44876	-23.6945	-43.977	0	0.000337956	20.2822
2.88	0.447122	-23.7079	-43.9763	0	0.000341837	20.2681
2.89	0.445458	-23.7213	-43.9757	0	0.000345766	20.254
2.9	0.44377	-23.7348	-43.975	0	0.000349745	20.2399
2.91	0.442057	-23.7483	-43.9744	0	0.000353774	20.2257
2.92	0.44032	-23.7618	-43.9737	0	0.000357853	20.2115
2.93	0.438558	-23.7754	-43.973	0	0.000361983	20.1972
2.94	0.436771	-23.7891	-43.9723	0	0.000366165	20.1829
2.95	0.43496	-23.8027	-43.9716	0	0.000370399	20.1685
2.96	0.433125	-23.8164	-43.9709	0	0.000374687	20.1541
2.97	0.431265	-23.8302	-43.9702	0	0.000379028	20.1396
2.98	0.429381	-23.844	-43.9694	0	0.000383423	20.1251
2.99	0.427473	-23.8578	-43.9687	0	0.000387874	20.1105
3	0.425541	-23.8716	-43.9679	0	0.000392381	20.0959
3.01	0.423585	-23.8855	-43.9672	0	0.000396944	20.0812
3.02	0.421605	-23.8995	-43.9664	0	0.000401565	20.0665
3.03	0.419602	-23.9134	-43.9656	0	0.000406243	20.0517
3.04	0.417574	-23.9274	-43.9648	0	0.000410981	20.0369
3.05	0.415523	-23.9415	-43.964	0	0.000415777	20.022
3.06	0.413449	-23.9556	-43.9631	0	0.000420635	20.0071
3.07	0.411351	-23.9697	-43.9623	0	0.000425553	19.9922
3.08	0.409229	-23.9838	-43.9614	0	0.000430533	19.9772
3.09	0.407084	-23.998	-43.9606	0	0.000435575	19.9621
3.1	0.404917	-24.0122	-43.9597	0	0.000440681	19.947
3.11	0.402726	-24.0265	-43.9588	0	0.000445852	19.9318
3.12	0.400512	-24.0408	-43.9579	0	0.000451087	19.9166
3.13	0.398275	-24.0551	-43.957	0	0.000456388	19.9014
3.14	0.396015	-24.0695	-43.956	0	0.000461756	19.8861
3.15	0.393733	-24.0839	-43.9551	0	0.000467191	19.8707
3.16	0.391428	-24.0983	-43.9541	0	0.000472695	19.8553
3.17	0.389101	-24.1128	-43.9531	0	0.000478268	19.8399
3.18	0.386751	-24.1273	-43.9521	0	0.000483912	19.8244
3.19	0.384379	-24.1418	-43.9511	0	0.000489626	19.8088
3.2	0.381985	-24.1564	-43.9501	0	0.000495413	19.7932
3.21	0.379569	-24.171	-43.9491	0	0.000501272	19.7776
3.22	0.377131	-24.1856	-43.948	0	0.000507206	19.7619
3.23	0.374671	-24.2003	-43.9469	0	0.000513214	19.7461
3.24	0.37219	-24.215	-43.9459	0	0.000519298	19.7303
3.25	0.369687	-24.2297	-43.9448	0	0.000525458	19.7145
3.26	0.367162	-24.2445	-43.9436	0	0.000531697	19.6986
3.27	0.364616	-24.2593	-43.9425	0	0.000538014	19.6827
3.28	0.362049	-24.2741	-43.9414	0	0.00054441	19.6667
3.29	0.359461	-24.289	-43.9402	0	0.000550888	19.6506
3.3	0.356851	-24.3039	-43.939	0	0.000557447	19.6345
3.31	0.354221	-24.3188	-43.9378	0	0.000564089	19.6184
3.32	0.351571	-24.3338	-43.9366	0	0.000570815	19.6022
3.33	0.348899	-24.3488	-43.9353	0	0.000577626	19.586
3.34	0.346207	-24.3638	-43.9341	0	0.000584523	19.5697
3.35	0.343495	-24.3788	-43.9328	0	0.000591508	19.5534
3.36	0.340763	-24.3939	-43.9315	0	0.00059858	19.537
3.37	0.338011	-24.409	-43.9302	0	0.000605742	19.5206
3.38	0.335238	-24.4241	-43.9288	0	0.000612994	19.5041
3.39	0.332446	-24.4393	-43.9275	0	0.000620338	19.4876
3.4	0.329635	-24.4545	-43.9261	0	0.000627775	19.471
3.41	0.326803	-24.4697	-43.9247	0	0.000635306	19.4544
3.42	0.323953	-24.4849	-43.9233	0	0.000642932	19.4377
3.43	0.321083	-24.5002	-43.9219	0	0.000650655	19.421
3.44	0.318194	-24.5155	-43.9204	0	0.000658475	19.4042
3.45	0.315287	-24.5308	-43.9189	0	0.000666395	19.3874
3.46	0.31236	-24.5462	-43.9174	0	0.000674414	19.3705
3.47	0.309415	-24.5616	-43.9159	0	0.000682535	19.3536
3.48	0.306452	-24.577	-43.9143	0	0.000690759	19.3367
3.49	0.30347	-24.5924	-43.9128	0	0.000699087	19.3196
3.5	0.30047	-24.6079	-43.9112	0	0.000707521	19.3026
3.51	0.297452	-24.6234	-43.9095	0	0.000716061	19.2855
3.52	0.294416	-24.6389	-43.9079	0	0.00072471	19.2683
3.53	0.291363	-24.6544	-43.9062	0	0.000733468	19.2511
3.54	0.288292	-24.6699	-43.9045	0	0.000742337	19.2338
3.55	0.285203	-24.6855	-43.9028	0	0.000751318	19.2165
3.56	0.282098	-24.7011	-43.9011	0	0.000760413	19.1992
3.57	0.278975	-24.7167	-43.8993	0	0.000769624	19.1818
3.58	0.275836	-24.7324	-43.8975	0	0.000778951	19.1643
3.59	0.27268	-24.7481	-43.8957	0	0.000788396	19.1468
3.6	0.269507	-24.7637	-43.8938	0	0.000797961	19.1293
3.61	0.266318	-24.7794	-43.8919	0	0.000807647	19.1117
3.62	0.263113	-24.7952	-43.89	0	0.000817457	19.094
3.63	0.259892	-24.8109	-43.8881	0	0.00082739	19.0763
3.64	0.256655	-24.8267	-43.8861	0	0.000837449	19.0586
3.65	0.253403	-24.8425	-43.8841	0	0.000847636	19.0408
3.66	0.250135	-24.8583	-43.8821	0	0.000857953	19.0229
3.67	0.246852	-24.8741	-43.88	0	0.0008684	19.005
3.68	0.243553	-24.89	-43.8779	0	0.000878979	18.9871
3.69	0.24024	-24.9058	-43.8758	0	0.000889693	18.9691
3.7	0.236912	-24.9217	-43.8737	0	0.000900543	18.9511
3.71	0.23357	-24.9376	-43.8715	0	0.00091153	18.933
3.72	0.230213	-24.9535	-43.8693	0	0.000922657	18.9149
3.73	0.226842	-24.9694	-43.867	0	0.000933924	18.8967
3.74	0.223457	-24.9854	-43.8648	0	0.000945335	18.8784
3.75	0.220058	-25.0013	-43.8624	0	0.000956891	18.8602
3.76	0.216646	-25.0173	-43.8601	0	0.000968593	18.8418
3.77	0.21322	-25.0333	-43.8577	0	0.000980443	18.8234
3.78	0.209781	-25.0493	-43.8553	0	0.000992444	18.805
3.79	0.206329	-25.0653	-43.8528	0	0.0010046	18.7865
3.8	0.202864	-25.0813	-43.8503	0	0.0010169	18.768
3.81	0.199387	-25.0974	-43.8478	0	0.00102937	18.7494
3.82	0.195897	-25.1134	-43.8452	0	0.00104199	18.7308
3.83	0.192395	-25.1295	-43.8426	0	0.00105477	18.7121
3.84	0.188881	-25.1455	-43.84	0	0.00106772	18.6934
3.85	0.185355	-25.1616	-43.8373	0	0.00108082	18.6746
3.86	0.181817	-25.1777	-43.8346	0	0.0010941	18.6558
3.87	0.178269	-25.1938	-43.8318	0	0.00110754	18.637
3.88	0.174709	-25.2099	-43.829	0	0.00112116	18.618
3.89	0.171138	-25.226	-43.8262	0	0.00113494	18.5991
3.9	0.167556	-25.2421	-43.8233	0	0.0011489	18.5801
3.91	0.163964	-25.2582	-43.8203	0	0.00116304	18.561
3.92	0.160361	-25.2743	-43.8174	0	0.00117736	18.5419
3.93	0.156748	-25.2904	-43.8143	0	0.00119186	18.5227
3.94	0.153126	-25.3066	-43.8113	0	0.00120654	18.5035
3.95	0.149494	-25.3227	-43.8082	0	0.00122141	18.4842
3.96	0.145852	-25.3388	-43.805	0	0.00123647	18.4649
3.97	0.142201	-25.355	-43.8018	0	0.00125172	18.4456
3.98	0.138541	-25.3711	-43.7986	0	0.00126716	18.4262
3.99	0.134872	-25.3872	-43.7953	0	0.00128279	18.4067
4	0.131195	-25.4034	-43.7919	0	0.00129863	18.3872
4.01	0.127509	-25.4195	-43.7885	0	0.00131467	18.3677
4.02	0.123815	-25.4357	-43.7851	0	0.00133091	18.3481
4.03	0.120113	-25.4518	-43.7815	0	0.00134735	18.3284
4.04	0.116404	-25.4679	-43.778	0	0.00136401	18.3087
4.05	0.112687	-25.484	-43.7744	0	0.00138087	18.289
4.06	0.108963	-25.5002	-43.7707	0	0.00139795	18.2692
4.07	0.105231	-25.5163	-43.767	0	0.00141524	18.2493
4.08	0.101493	-25.5324	-43.7632	0	0.00143276	18.2294
4.09	0.0977491	-25.5485	-43.7594	0	0.00145049	18.2095
4.1	0.0939983	-25.5646	-43.7555	0	0.00146845	18.1895
4.11	0.0902415	-25.5806	-43.7516	0	0.00148664	18.1695
4.12	0.0864789	-25.5967	-43.7476	0	0.00150506	18.1494
4.13	0.0827107	-25.6128	-43.7435	0	0.00152371	18.1292
4.14	0.0789372	-25.6288	-43.7394	0	0.00154259	18.109
4.15	0.0751585	-25.6449	-43.7352	0	0.00156172	18.0888
4.16	0.0713749	-25.6609	-43.731	0	0.00158109	18.0685
4.17	0.0675867	-25.6769	-43.7267	0	0.0016007	18.0482
4.18	0.0637942	-25.6929	-43.7223	0	0.00162056	18.0278
4.19	0.0599974	-25.7089	-43.7179	0	0.00164067	18.0074
4.2	0.0561968	-25.7248	-43.7134	0	0.00166103	17.9869
4.21	0.0523925	-25.7408	-43.7088	0	0.00168165	17.9664
4.22	0.0485847	-25.7567	-43.7042	0	0.00170253	17.9458
4.23	0.0447738	-25.7726	-43.6995	0	0.00172368	17.9252
4.24	0.04096	-25.7885	-43.6947	0	0.00174509	17.9045
4.25	0.0371435	-25.8043	-43.6899	0	0.00176677	17.8838
4.26	0.0333245	-25.8201	-43.6849	0	0.00178873	17.863
4.27	0.0295033	-25.836	-43.68	0	0.00181096	17.8422
4.28	0.0256802	-25.8517	-43.6749	0	0.00183347	17.8213
4.29	0.0218554	-25.8675	-43.6698	0	0.00185627	17.8004
4.3	0.0180292	-25.8832	-43.6645	0	0.00187935	17.7794
4.31	0.0142018	-25.8989	-43.6592	0	0.00190272	17.7584
4.32	0.0103734	-25.9146	-43.6539	0	0.00192639	17.7373
4.33	0.00654439	-25.9303	-43.6484	0	0.00195036	17.7162
4.34	0.00271491	-25.9459	-43.6429	0	0.00197462	17.6951
4.35	-0.00111475	-25.9614	-43.6373	0	0.00199919	17.6739
4.36	-0.00494433	-25.977	-43.6316	0	0.00202407	17.6526
4.37	-0.00877359	-25.9925	-43.6258	0	0.00204927	17.6313
4.38	-0.0126023	-26.008	-43.62	0	0.00207477	17.6099
4.39	-0.0164301	-26.0234	-43.614	0	0.0021006	17.5885
4.4	-0.0202568	-26.0388	-43.608	0	0.00212676	17.5671
4.41	-0.0240822	-26.0541	-43.6019	0	0.00215324	17.5456
4.42	-0.027906	-26.0695	-43.5956	0	0.00218005	17.524
4.43	-0.0317279	-26.0847	-43.5893	0	0.0022072	17.5024
4.44	-0.0355477	-26.0999	-43.5829	0	0.00223468	17.4807
4.45	-0.0393651	-26.1151	-43.5764	0	0.00226252	17.459
4.46	-0.0431798	-26.1303	-43.5698	0	0.0022907	17.4373
4.47	-0.0469917	-26.1453	-43.5632	0	0.00231923	17.4155
4.48	-0.0508004	-26.1604	-43.5564	0	0.00234812	17.3937
4.49	-0.0546057	-26.1753	-43.5495	0	0.00237737	17.3718
4.5	-0.0584072	-26.1903	-43.5425	0	0.00240698	17.3498
4.51	-0.0622049	-26.2051	-43.5354	0	0.00243696	17.3278
4.52	-0.0659983	-26.22	-43.5282	0	0.00246732	17.3058
4.53	-0.0697873	-26.2347	-43.5209	0	0.00249806	17.2837
4.54	-0.0735716	-26.2494	-43.5135	0	0.00252917	17.2616
4.55	-0.0773508	-26.2641	-43.506	0	0.00256068	17.2394
4.56	-0.0811248	-26.2786	-43.4984	0	0.00259258	17.2171
4.57	-0.0848934	-26.2932	-43.4906	0	0.00262487	17.1948
4.58	-0.0886561	-26.3076	-43.4828	0	0.00265756	17.1725
4.59	-0.0924128	-26.322	-43.4748	0	0.00269066	17.1501
4.6	-0.0961632	-26.3363	-43.4667	0	0.00272417	17.1277
4.61	-0.099907	-26.3506	-43.4585	0	0.0027581	17.1052
4.62	-0.103644	-26.3647	-43.4502	0	0.00279244	17.0827
4.63	-0.107374	-26.3788	-43.4418	0	0.00282721	17.0601
4.64	-0.111097	-26.3929	-43.4332	0	0.00286241	17.0375
4.65	-0.114812	-26.4068	-43.4245	0	0.00289804	17.0148
4.66	-0.118519	-26.4207	-43.4157	0	0.00293412	16.9921
4.67	-0.122218	-26.4345	-43.4067	0	0.00297064	16.9693
4.68	-0.125908	-26.4482	-43.3976	0	0.00300761	16.9465
4.69	-0.12959	-26.4618	-43.3884	0	0.00304503	16.9236
4.7	-0.133263	-26.4753	-43.3791	0	0.00308291	16.9007
4.71	-0.136927	-26.4888	-43.3696	0	0.00312126	16.8777
4.72	-0.140582	-26.5021	-43.36	0	0.00316008	16.8547
4.73	-0.144226	-26.5154	-43.3502	0	0.00319938	16.8316
4.74	-0.147861	-26.5286	-43.3403	0	0.00323916	16.8085
4.75	-0.151486	-26.5416	-43.3303	0	0.00327942	16.7853
4.76	-0.1551	-26.5546	-43.3201	0	0.00332018	16.7621
4.77	-0.158703	-26.5675	-43.3097	0	0.00336144	16.7389
4.78	-0.162295	-26.5803	-43.2992	0	0.0034032	16.7156
4.79	-0.165876	-26.5929	-43.2886	0	0.00344546	16.6922
4.8	-0.169446	-26.6055	-43.2778	0	0.00348825	16.6688
4.81	-0.173004	-26.6179	-43.2668	0	0.00353155	16.6453
4.82	-0.176549	-26.6303	-43.2557	0	0.00357538	16.6218
4.83	-0.180083	-26.6425	-43.2444	0	0.00361974	16.5983
4.84	-0.183604	-26.6546	-43.233	0	0.00366464	16.5747
4.85	-0.187112	-26.6666	-43.2214	0	0.00371008	16.551
4.86	-0.190607	-26.6785	-43.2096	0	0.00375608	16.5273
4.87	-0.194088	-26.6903	-43.1976	0	0.00380263	16.5036
4.88	-0.197556	-26.7019	-43.1855	0	0.00384974	16.4798
4.89	-0.201011	-26.7134	-43.1732	0	0.00389742	16.4559
4.9	-0.204451	-26.7248	-43.1607	0	0.00394567	16.432
4.91	-0.207877	-26.736	-43.1481	0	0.0039945	16.4081
4.92	-0.211288	-26.7471	-43.1353	0	0.00404392	16.3841
4.93	-0.214685	-26.7581	-43.1222	0	0.00409393	16.36
4.94	-0.218066	-26.7689	-43.109	0	0.00414454	16.3359
4.95	-0.221432	-26.7796	-43.0956	0	0.00419575	16.3118
4.96	-0.224783	-26.7902	-43.082	0	0.00424758	16.2876
4.97	-0.228118	-26.8006	-43.0682	0	0.00430002	16.2634
4.98	-0.231436	-26.8108	-43.0543	0	0.00435309	16.2391
4.99	-0.234738	-26.8209	-43.0401	0	0.00440679	16.2148
5	-0.238024	-26.8309	-43.0257	0	0.00446112	16.1904
5.01	-0.241293	-26.8406	-43.0111	0	0.0045161	16.1659
5.02	-0.244545	-26.8503	-42.9963	0	0.00457173	16.1414
5.03	-0.24778	-26.8597	-42.9813	0	0.00462802	16.1169
5.04	-0.250997	-26.869	-42.966	0	0.00468497	16.0923
5.05	-0.254196	-26.8781	-42.9506	0	0.00474259	16.0677
5.06	-0.257378	-26.8871	-42.9349	0	0.00480088	16.043
5.07	-0.260541	-26.8958	-42.919	0	0.00485986	16.0183
5.08	-0.263685	-26.9044	-42.9029	0	0.00491953	15.9935
5.09	-0.266811	-26.9128	-42.8865	0	0.0049799	15.9687
5.1	-0.269918	-26.9211	-42.8699	0	0.00504097	15.9438
5.11	-0.273006	-26.9291	-42.8531	0	0.00510275	15.9189
5.12	-0.276075	-26.9369	-42.836	0	0.00516525	15.8939
5.13	-0.279123	-26.9446	-42.8187	0	0.00522848	15.8689
5.14	-0.282152	-26.952	-42.8012	0	0.00529243	15.8438
5.15	-0.285161	-26.9593	-42.7834	0	0.00535712	15.8187
5.16	-0.28815	-26.9663	-42.7653	0	0.00542256	15.7936
5.17	-0.291118	-26.9732	-42.747	0	0.00548876	15.7683
5.18	-0.294065	-26.9798	-42.7284	0	0.00555571	15.7431
5.19	-0.296991	-26.9862	-42.7096	0	0.00562342	15.7178
5.2	-0.299897	-26.9924	-42.6905	0	0.00569191	15.6924
5.21	-0.30278	-26.9984	-42.6711	0	0.00576118	15.667
5.22	-0.305642	-27.0041	-42.6515	0	0.00583124	15.6415
5.23	-0.308483	-27.0096	-42.6316	0	0.00590209	15.616
5.24	-0.311301	-27.0149	-42.6114	0	0.00597375	15.5905
5.25	-0.314097	-27.02	-42.5909	0	0.00604621	15.5649
5.26	-0.31687	-27.0248	-42.5701	0	0.00611949	15.5392
5.27	-0.319621	-27.0294	-42.5491	0	0.00619359	15.5135
5.28	-0.322349	-27.0337	-42.5277	0	0.00626852	15.4878
5.29	-0.325054	-27.0377	-42.5061	0	0.00634429	15.462
5.3	-0.327736	-27.0416	-42.4841	0	0.0064209	15.4361
5.31	-0.330394	-27.0451	-42.4618	0	0.00649836	15.4102
5.32	-0.333029	-27.0484	-42.4392	0	0.00657668	15.3843
5.33	-0.335639	-27.0514	-42.4163	0	0.00665586	15.3583
5.34	-0.338226	-27.0542	-42.3931	0	0.00673592	15.3322
5.35	-0.340789	-27.0567	-42.3696	0	0.00681685	15.3061
5.36	-0.343327	-27.0589	-42.3457	0	0.00689867	15.28
5.37	-0.34584	-27.0608	-42.3215	0	0.00698139	15.2538
5.38	-0.348329	-27.0624	-42.297	0	0.007065	15.2276
5.39	-0.350792	-27.0637	-42.2721	0	0.00714952	15.2013
5.4	-0.353231	-27.0648	-42.2469	0	0.00723495	15.1749
5.41	-0.355644	-27.0655	-42.2214	0	0.0073213	15.1485
5.42	-0.358031	-27.0659	-42.1955	0	0.00740858	15.1221
5.43	-0.360393	-27.0661	-42.1692	0	0.00749679	15.0956
5.44	-0.362729	-27.0659	-42.1425	0	0.00758595	15.0691
5.45	-0.365039	-27.0654	-42.1155	0	0.00767604	15.0425
5.46	-0.367323	-27.0645	-42.0882	0	0.0077671	15.0159
5.47	-0.369581	-27.0634	-42.0604	0	0.00785911	14.9892
5.48	-0.371812	-27.0619	-42.0323	0	0.00795208	14.9625
5.49	-0.374016	-27.0601	-42.0038	0	0.00804603	14.9357
5.5	-0.376194	-27.0579	-41.9749	0	0.00814096	14.9089
5.51	-0.378345	-27.0554	-41.9456	0	0.00823687	14.882
5.52	-0.380468	-27.0525	-41.9159	0	0.00833378	14.8551
5.53	-0.382564	-27.0492	-41.8858	0	0.00843168	14.8282
5.54	-0.384633	-27.0453	-41.8553	0	0.00853058	14.8014
5.55	-0.386675	-27.041	-41.8244	0	0.00863049	14.7748
5.56	-0.388688	-27.0361	-41.7931	0	0.00873142	14.7482
5.57	-0.390674	-27.0307	-41.7613	0	0.00883336	14.7217
5.58	-0.392632	-27.0248	-41.7291	0	0.00893633	14.6953
5.59	-0.394562	-27.0184	-41.6965	0	0.00904033	14.6691
5.6	-0.396463	-27.0114	-41.6634	0	0.00914537	14.6429
5.61	-0.398336	-27.0039	-41.6299	0	0.00925145	14.6168
5.62	-0.400181	-26.9959	-41.596	0	0.00935857	14.5907
5.63	-0.401997	-26.9873	-41.5616	0	0.00946675	14.5648
5.64	-0.403785	-26.9781	-41.5267	0	0.00957598	14.539
5.65	-0.405544	-26.9684	-41.4914	0	0.00968627	14.5133
5.66	-0.407273	-26.9582	-41.4556	0	0.00979763	14.4876
5.67	-0.408974	-26.9473	-41.4193	0	0.00991005	14.4621
5.68	-0.410646	-26.9359	-41.3826	0	0.0100236	14.4366
5.69	-0.412289	-26.9239	-41.3453	0	0.0101381	14.4112
5.7	-0.413902	-26.9114	-41.3076	0	0.0102538	14.386
5.71	-0.415486	-26.8982	-41.2694	0	0.0103705	14.3608
5.72	-0.41704	-26.8845	-41.2306	0	0.0104884	14.3357
5.73	-0.418565	-26.8701	-41.1914	0	0.0106073	14.3106
5.74	-0.42006	-26.8552	-41.1516	0	0.0107273	14.2857
5.75	-0.421526	-26.8396	-41.1114	0	0.0108484	14.2609
5.76	-0.422962	-26.8235	-41.0706	0	0.0109706	14.2361
5.77	-0.424368	-26.8067	-41.0292	0	0.0110939	14.2114
5.78	-0.425744	-26.7893	-40.9874	0	0.0112183	14.1869
5.79	-0.42709	-26.7713	-40.945	0	0.0113438	14.1623
5.8	-0.428406	-26.7526	-40.902	0	0.0114705	14.1379
5.81	-0.429692	-26.7333	-40.8585	0	0.0115982	14.1136
5.82	-0.430948	-26.7134	-40.8144	0	0.011727	14.0893
5.83	-0.432174	-26.6928	-40.7698	0	0.011857	14.0652
5.84	-0.433369	-26.6715	-40.7246	0	0.011988	14.0411
5.85	-0.434534	-26.6496	-40.6788	0	0.0121202	14.0171
5.86	-0.435669	-26.627	-40.6324	0	0.0122535	13.9932
5.87	-0.436774	-26.6038	-40.5855	0	0.0123879	13.9693
5.88	-0.437848	-26.5798	-40.5379	0	0.0125234	13.9456
5.89	-0.438892	-26.5552	-40.4898	0	0.01266	13.9219
5.9	-0.439906	-26.5299	-40.441	0	0.0127977	13.8983
5.91	-0.440889	-26.5039	-40.3917	0	0.0129365	13.8748
5.92	-0.441841	-26.4772	-40.3417	0	0.0130764	13.8514
5.93	-0.442763	-26.4498	-40.2911	0	0.0132175	13.828
5.94	-0.443655	-26.4217	-40.2398	0	0.0133596	13.8047
5.95	-0.444517	-26.3929	-40.1879	0	0.0135028	13.7815
5.96	-0.445347	-26.3633	-40.1354	0	0.0136471	13.7584
5.97	-0.446148	-26.3331	-40.0822	0	0.0137925	13.7353
5.98	-0.446918	-26.3021	-40.0284	0	0.013939	13.7124
5.99	-0.447658	-26.2703	-39.9739	0	0.0140865	13.6895
6	-0.448367	-26.2378	-39.9187	0	0.0142351	13.6667
6.01	-0.449046	-26.2046	-39.8629	0	0.0143848	13.6439
6.02	-0.449694	-26.1706	-39.8064	0	0.0145356	13.6213
6.03	-0.450313	-26.1358	-39.7491	0	0.0146874	13.5987
6.04	-0.450901	-26.1003	-39.6913	0	0.0148402	13.5762
6.05	-0.451458	-26.0639	-39.6327	0	0.0149941	13.5537
6.06	-0.451986	-26.0269	-39.5734	0	0.015149	13.5314
6.07	-0.452483	-25.989	-39.5133	0	0.015305	13.5091
6.08	-0.45295	-25.9503	-39.4526	0	0.0154619	13.4868
6.09	-0.453388	-25.9109	-39.3912	0	0.0156199	13.4647
6.1	-0.453795	-25.8706	-39.329	0	0.0157788	13.4426
6.11	-0.454172	-25.8295	-39.2661	0	0.0159388	13.4206
6.12	-0.45452	-25.7876	-39.2024	0	0.0160997	13.3987
6.13	-0.454837	-25.7449	-39.138	0	0.0162616	13.3768
6.14	-0.455125	-25.7014	-39.0729	0	0.0164244	13.355
6.15	-0.455383	-25.657	-39.007	0	0.0165882	13.3333
6.16	-0.455612	-25.6118	-38.9403	0	0.0167529	13.3117
6.17	-0.455811	-25.5658	-38.8728	0	0.0169185	13.2901
6.18	-0.455981	-25.5189	-38.8046	0	0.017085	13.2686
6.19	-0.456122	-25.4712	-38.7356	0	0.0172523	13.2472
6.2	-0.456233	-25.4226	-38.6658	0	0.0174206	13.2258
6.21	-0.456315	-25.3731	-38.5952	0	0.0175897	13.2045
6.22	-0.456368	-25.3228	-38.5239	0	0.0177596	13.1833
6.23	-0.456393	-25.2716	-38.4517	0	0.0179303	13.1621
6.24	-0.456388	-25.2196	-38.3787	0	0.0181019	13.141
6.25	-0.456355	-25.1666	-38.3049	0	0.0182742	13.12
6.26	-0.456293	-25.1128	-38.2303	0	0.0184473	13.099
6.27	-0.456203	-25.058	-38.1548	0	0.0186211	13.0781
6.28	-0.456085	-25.0024	-38.0785	0	0.0187956	13.0573
6.29	-0.455938	-24.9459	-38.0014	0	0.0189708	13.0366
6.3	-0.455764	-24.8884	-37.9234	0	0.0191467	13.0159
6.31	-0.455561	-24.8301	-37.8446	0	0.0193233	12.9952
6.32	-0.455331	-24.7708	-37.765	0	0.0195005	12.9747
6.33	-0.455073	-24.7106	-37.6845	0	0.0196783	12.9542
6.34	-0.454787	-24.6495	-37.6031	0	0.0198566	12.9338
6.35	-0.454475	-24.5874	-37.5208	0	0.0200355	12.9134
6.36	-0.454135	-24.5244	-37.4377	0	0.020215	12.8931
6.37	-0.453768	-24.4605	-37.3538	0	0.020395	12.8728
6.38	-0.453374	-24.3957	-37.2689	0	0.0205754	12.8527
6.39	-0.452954	-24.3298	-37.1832	0	0.0207563	12.8326
6.4	-0.452507	-24.2631	-37.0965	0	0.0209376	12.8125
6.41	-0.452034	-24.1954	-37.009	0	0.0211193	12.7925
6.42	-0.451534	-24.1267	-36.9206	0	0.0213013	12.7726
6.43	-0.451009	-24.0571	-36.8313	0	0.0214837	12.7527
6.44	-0.450458	-23.9865	-36.7411	0	0.0216663	12.7329
6.45	-0.449881	-23.9149	-36.6499	0	0.0218492	12.7132
6.46	-0.449278	-23.8424	-36.5579	0	0.0220324	12.6935
6.47	-0.448651	-23.7689	-36.465	0	0.0222158	12.6739
6.48	-0.447998	-23.6944	-36.3711	0	0.0223993	12.6543
6.49	-0.447321	-23.6189	-36.2763	0	0.0225829	12.6348
6.5	-0.446619	-23.5425	-36.1806	0	0.0227666	12.6154
6.51	-0.445892	-23.465	-36.084	0	0.0229504	12.596
6.52	-0.445142	-23.3866	-35.9865	0	0.0231342	12.5767
6.53	-0.444367	-23.3072	-35.888	0	0.023318	12.5574
6.54	-0.443568	-23.2268	-35.7886	0	0.0235017	12.5382
6.55	-0.442746	-23.1455	-35.6882	0	0.0236853	12.5191
6.56	-0.4419	-23.0631	-35.5869	0	0.0238687	12.5
6.57	-0.441032	-22.9797	-35.4847	0	0.024052	12.481
6.58	-0.44014	-22.8953	-35.3816	0	0.0242351	12.462
6.59	-0.439226	-22.81	-35.2775	0	0.0244179	12.4431
6.6	-0.438289	-22.7236	-35.1724	0	0.0246003	12.4242
6.61	-0.437329	-22.6362	-35.0665	0	0.0247825	12.4054
6.62	-0.436348	-22.5479	-34.9596	0	0.0249642	12.3867
6.63	-0.435345	-22.4585	-34.8517	0	0.0251455	12.368
6.64	-0.434321	-22.3682	-34.7429	0	0.0253263	12.3494
6.65	-0.433275	-22.2768	-34.6331	0	0.0255066	12.3308
6.66	-0.432208	-22.1844	-34.5224	0	0.0256863	12.3123
6.67	-0.43112	-22.0911	-34.4108	0	0.0258653	12.2939
6.68	-0.430012	-21.9967	-34.2982	0	0.0260437	12.2754
6.69	-0.428883	-21.9014	-34.1847	0	0.0262214	12.2571
6.7	-0.427734	-21.8051	-34.0703	0	0.0263983	12.2388
6.71	-0.426566	-21.7077	-33.9549	0	0.0265744	12.2206
6.72	-0.425378	-21.6094	-33.8385	0	0.0267496	12.2024
6.73	-0.42417	-21.5101	-33.7212	0	0.0269239	12.1842
6.74	-0.422944	-21.4098	-33.603	0	0.0270972	12.1662
6.75	-0.421698	-21.3085	-33.4839	0	0.0272695	12.1481
6.76	-0.420434	-21.2062	-33.3638	0	0.0274408	12.1302
6.77	-0.419152	-21.1029	-33.2428	0	0.0276109	12.1123
6.78	-0.417852	-20.9987	-33.1209	0	0.0277799	12.0944
6.79	-0.416534	-20.8935	-32.998	0	0.0279476	12.0766
6.8	-0.415199	-20.7873	-32.8743	0	0.028114	12.0588
6.81	-0.413846	-20.6802	-32.7496	0	0.0282791	12.0411
6.82	-0.412476	-20.5721	-32.624	0	0.0284429	12.0235
6.83	-0.41109	-20.463	-32.4975	0	0.0286052	12.0059
6.84	-0.409687	-20.353	-32.3701	0	0.028766	11.9883
6.85	-0.408269	-20.242	-32.2418	0	0.0289252	11.9708
6.86	-0.406834	-20.1301	-32.1126	0	0.0290829	11.9534
6.87	-0.405384	-20.0173	-31.9825	0	0.0292389	11.936
6.88	-0.403918	-19.9035	-31.8515	0	0.0293933	11.9186
6.89	-0.402438	-19.7888	-31.7197	0	0.0295458	11.9013
6.9	-0.400942	-19.6732	-31.587	0	0.0296966	11.8841
6.91	-0.399433	-19.5567	-31.4534	0	0.0298455	11.8669
6.92	-0.397909	-19.4392	-31.3189	0	0.0299924	11.8497
6.93	-0.396371	-19.3209	-31.1836	0	0.0301374	11.8326
6.94	-0.394819	-19.2017	-31.0475	0	0.0302804	11.8156
6.95	-0.393254	-19.0815	-30.9105	0	0.0304213	11.7986
6.96	-0.391676	-18.9606	-30.7727	0	0.0305601	11.7816
6.97	-0.390086	-18.8387	-30.6341	0	0.0306967	11.7647
6.98	-0.388482	-18.716	-30.4947	0	0.0308311	11.7479
6.99	-0.386867	-18.5924	-30.3544	0	0.0309632	11.731
7	-0.38524	-18.468	-30.2134	0	0.0310929	11.7143
7.01	-0.383601	-18.3428	-30.0716	0	0.0312203	11.6976
7.02	-0.38195	-18.2167	-29.929	0	0.0313452	11.6809
7.03	-0.380289	-18.0898	-29.7856	0	0.0314676	11.6643
7.04	-0.378616	-17.9622	-29.6415	0	0.0315875	11.6477
7.05	-0.376933	-17.8337	-29.4966	0	0.0317048	11.6312
7.06	-0.37524	-17.7044	-29.351	0	0.0318195	11.6147
7.07	-0.373537	-17.5744	-29.2047	0	0.0319315	11.5983
7.08	-0.371824	-17.4436	-29.0576	0	0.0320407	11.5819
7.09	-0.370102	-17.3121	-28.9098	0	0.0321472	11.5656
7.1	-0.36837	-17.1798	-28.7614	0	0.0322509	11.5493
7.11	-0.36663	-17.0469	-28.6123	0	0.0323517	11.5331
7.12	-0.364881	-16.9132	-28.4625	0	0.0324496	11.5169
7.13	-0.363124	-16.7788	-28.312	0	0.0325445	11.5007
7.14	-0.361359	-16.6437	-28.1609	0	0.0326364	11.4846
7.15	-0.359586	-16.5079	-28.0092	0	0.0327254	11.4685
7.16	-0.357805	-16.3715	-27.8568	0	0.0328112	11.4525
7.17	-0.356017	-16.2344	-27.7038	0	0.0328939	11.4365
7.18	-0.354223	-16.0967	-27.5503	0	0.0329734	11.4206
7.19	-0.352421	-15.9584	-27.3962	0	0.0330498	11.4047
7.2	-0.350614	-15.8195	-27.2415	0	0.033123	11.3889
7.21	-0.3488	-15.6799	-27.0862	0	0.0331928	11.3731
7.22	-0.34698	-15.5399	-26.9305	0	0.0332594	11.3573
7.23	-0.345155	-15.3992	-26.7742	0	0.0333227	11.3416
7.24	-0.343324	-15.258	-26.6174	0	0.0333825	11.326
7.25	-0.341488	-15.1163	-26.4601	0	0.033439	11.3103
7.26	-0.339647	-14.974	-26.3023	0	0.0334921	11.2948
7.27	-0.337802	-14.8313	-26.1441	0	0.0335418	11.2792
7.28	-0.335953	-14.6881	-25.9854	0	0.0335879	11.2637
7.29	-0.334099	-14.5444	-25.8263	0	0.0336306	11.2483
7.3	-0.332242	-14.4002	-25.6668	0	0.0336697	11.2329
7.31	-0.330381	-14.2556	-25.5069	0	0.0337053	11.2175
7.32	-0.328517	-14.1106	-25.3466	0	0.0337374	11.2022
7.33	-0.326649	-13.9652	-25.1859	0	0.0337658	11.1869
7.34	-0.324779	-13.8195	-25.0249	0	0.0337907	11.1717
7.35	-0.322907	-13.6733	-24.8636	0	0.033812	11.1565
7.36	-0.321032	-13.5268	-24.7019	0	0.0338296	11.1413
7.37	-0.319155	-13.38	-24.54	0	0.0338436	11.1262
7.38	-0.317276	-13.2328	-24.3778	0	0.0338539	11.1111
7.39	-0.315395	-13.0854	-24.2153	0	0.0338605	11.0961
7.4	-0.313513	-12.9376	-24.0526	0	0.0338635	11.0811
7.41	-0.31163	-12.7896	-23.8896	0	0.0338628	11.0661
7.42	-0.309747	-12.6414	-23.7265	0	0.0338585	11.0512
7.43	-0.307862	-12.493	-23.5631	0	0.0338504	11.0363
7.44	-0.305977	-12.3443	-23.3996	0	0.0338387	11.0215
7.45	-0.304092	-12.1954	-23.236	0	0.0338232	11.0067
7.46	-0.302206	-12.0464	-23.0721	0	0.0338041	10.992
7.47	-0.300321	-11.8972	-22.9082	0	0.0337813	10.9772
7.48	-0.298437	-11.7479	-22.7442	0	0.0337549	10.9626
7.49	-0.296553	-11.5984	-22.5801	0	0.0337247	10.9479
7.5	-0.29467	-11.4489	-22.4159	0	0.0336909	10.9333
7.51	-0.292787	-11.2993	-22.2517	0	0.0336534	10.9188
7.52	-0.290907	-11.1496	-22.0875	0	0.0336123	10.9043
7.53	-0.289027	-10.9999	-21.9232	0	0.0335676	10.8898
7.54	-0.287149	-10.8501	-21.759	0	0.0335192	10.8753
7.55	-0.285273	-10.7004	-21.5948	0	0.0334673	10.8609
7.56	-0.283399	-10.5506	-21.4306	0	0.0334118	10.8466
7.57	-0.281528	-10.4009	-21.2665	0	0.0333527	10.8322
7.58	-0.279658	-10.2512	-21.1025	0	0.03329	10.8179
7.59	-0.277792	-10.1016	-20.9386	0	0.0332239	10.8037
7.6	-0.275928	-9.95213	-20.7748	0	0.0331542	10.7895
7.61	-0.274067	-9.80272	-20.6111	0	0.0330811	10.7753
7.62	-0.272209	-9.65343	-20.4476	0	0.0330046	10.7612
7.63	-0.270355	-9.50428	-20.2843	0	0.0329246	10.7471
7.64	-0.268504	-9.35529	-20.1211	0	0.0328412	10.733
7.65	-0.266657	-9.20647	-19.9582	0	0.0327545	10.719
7.66	-0.264813	-9.05785	-19.7955	0	0.0326645	10.705
7.67	-0.262974	-8.90943	-19.633	0	0.0325711	10.691
7.68	-0.261139	-8.76125	-19.4708	0	0.0324746	10.6771
7.69	-0.259308	-8.61331	-19.3089	0	0.0323748	10.6632
7.7	-0.257481	-8.46564	-19.1473	0	0.0322718	10.6494
7.71	-0.255659	-8.31824	-18.9859	0	0.0321657	10.6355
7.72	-0.253842	-8.17114	-18.825	0	0.0320565	10.6218
7.73	-0.25203	-8.02436	-18.6643	0	0.0319442	10.608
7.74	-0.250222	-7.87791	-18.5041	0	0.0318289	10.5943
7.75	-0.24842	-7.73181	-18.3442	0	0.0317106	10.5806
7.76	-0.246624	-7.58607	-18.1847	0	0.0315894	10.567
7.77	-0.244833	-7.44071	-18.0256	0	0.0314654	10.5534
7.78	-0.243047	-7.29575	-17.8669	0	0.0313384	10.5398
7.79	-0.241267	-7.15121	-17.7087	0	0.0312087	10.5263
7.8	-0.239493	-7.00709	-17.551	0	0.0310763	10.5128
7.81	-0.237725	-6.86341	-17.3937	0	0.0309411	10.4994
7.82	-0.235963	-6.7202	-17.2369	0	0.0308034	10.4859
7.83	-0.234207	-6.57746	-17.0807	0	0.030663	10.4725
7.84	-0.232458	-6.43521	-16.9249	0	0.0305201	10.4592
7.85	-0.230715	-6.29346	-16.7697	0	0.0303747	10.4459
7.86	-0.228979	-6.15224	-16.615	0	0.0302268	10.4326
7.87	-0.227249	-6.01155	-16.4609	0	0.0300766	10.4193
7.88	-0.225526	-5.8714	-16.3074	0	0.0299241	10.4061
7.89	-0.22381	-5.73182	-16.1545	0	0.0297693	10.3929
7.9	-0.2221	-5.59281	-16.0022	0	0.0296122	10.3797
7.91	-0.220398	-5.45439	-15.8505	0	0.0294531	10.3666
7.92	-0.218703	-5.31657	-15.6994	0	0.0292918	10.3535
7.93	-0.217016	-5.17936	-15.549	0	0.0291284	10.3405
7.94	-0.215335	-5.04278	-15.3992	0	0.0289631	10.3275
7.95	-0.213662	-4.90684	-15.2501	0	0.0287958	10.3145
7.96	-0.211997	-4.77156	-15.1017	0	0.0286267	10.3015
7.97	-0.210339	-4.63693	-14.954	0	0.0284557	10.2886
7.98	-0.208689	-4.50298	-14.807	0	0.028283	10.2757
7.99	-0.207046	-4.36971	-14.6606	0	0.0281086	10.2628
8	-0.205411	-4.23714	-14.5151	0	0.0279325	10.25
8.01	-0.203784	-4.10528	-14.3702	0	0.0277548	10.2372
8.02	-0.202165	-3.97414	-14.2262	0	0.0275756	10.2244
8.03	-0.200554	-3.84372	-14.0828	0	0.027395	10.2117
8.04	-0.198952	-3.71405	-13.9403	0	0.0272129	10.199
8.05	-0.197357	-3.58512	-13.7985	0	0.0270295	10.1863
8.06	-0.19577	-3.45695	-13.6575	0	0.0268448	10.1737
8.07	-0.194192	-3.32954	-13.5173	0	0.0266588	10.1611
8.08	-0.192622	-3.20291	-13.3779	0	0.0264717	10.1485
8.09	-0.19106	-3.07706	-13.2393	0	0.0262834	10.136
8.1	-0.189507	-2.95201	-13.1016	0	0.0260941	10.1235
8.11	-0.187962	-2.82775	-12.9646	0	0.0259037	10.111
8.12	-0.186425	-2.7043	-12.8285	0	0.0257124	10.0985
8.13	-0.184897	-2.58167	-12.6933	0	0.0255202	10.0861
8.14	-0.183378	-2.45986	-12.5589	0	0.0253272	10.0737
8.15	-0.181867	-2.33887	-12.4254	0	0.0251334	10.0613
8.16	-0.180365	-2.21873	-12.2927	0	0.0249389	10.049
8.17	-0.178872	-2.09942	-12.1609	0	0.0247436	10.0367
8.18	-0.177387	-1.98097	-12.03	0	0.0245478	10.0244
8.19	-0.175911	-1.86336	-11.8999	0	0.0243514	10.0122
8.2	-0.174443	-1.74662	-11.7708	0	0.0241544	10
8.21	-0.172985	-1.63074	-11.6425	0	0.0239571	9.98782
8.22	-0.171535	-1.51573	-11.5152	0	0.0237593	9.97567
8.23	-0.170094	-1.40159	-11.3887	0	0.0235611	9.96355
8.24	-0.168662	-1.28833	-11.2632	0	0.0233626	9.95146
8.25	-0.167239	-1.17596	-11.1385	0	0.0231639	9.93939
8.26	-0.165825	-1.06447	-11.0148	0	0.022965	9.92736
8.27	-0.164419	-0.953867	-10.892	0	0.0227659	9.91536
8.28	-0.163023	-0.844161	-10.7701	0	0.0225666	9.90338
8.29	-0.161635	-0.735352	-10.6492	0	0.0223674	9.89144
8.3	-0.160256	-0.627442	-10.5291	0	0.0221681	9.87952
8.31	-0.158886	-0.520434	-10.41	0	0.0219688	9.86763
8.32	-0.157525	-0.414331	-10.2919	0	0.0217696	9.85577
8.33	-0.156174	-0.309134	-10.1746	0	0.0215705	9.84394
8.34	-0.154831	-0.204846	-10.0584	0	0.0213716	9.83213
8.35	-0.153496	-0.101468	-9.943	0	0.0211729	9.82036
8.36	-0.152171	0.000998626	-9.82859	0	0.0209744	9.80861
8.37	-0.150855	0.102552	-9.71512	0	0.0207762	9.79689
8.38	-0.149548	0.203192	-9.60259	0	0.0205783	9.7852
8.39	-0.14825	0.302917	-9.491	0	0.0203808	9.77354
8.4	-0.14696	0.401727	-9.38036	0	0.0201837	9.7619
8.41	-0.14568	0.499622	-9.27066	0	0.0199871	9.7503
8.42	-0.144408	0.596601	-9.16191	0	0.0197909	9.73872
8.43	-0.143145	0.692665	-9.05409	0	0.0195952	9.72716
8.44	-0.141892	0.787814	-8.94723	0	0.0194001	9.71564
8.45	-0.140647	0.882048	-8.8413	0	0.0192055	9.70414
8.46	-0.139411	0.975368	-8.73631	0	0.0190116	9.69267
8.47	-0.138183	1.06778	-8.63227	0	0.0188184	9.68123
8.48	-0.136965	1.15927	-8.52917	0	0.0186258	9.66981
8.49	-0.135755	1.24986	-8.427	0	0.0184339	9.65842
8.5	-0.134554	1.33953	-8.32577	0	0.0182428	9.64706
8.51	-0.133362	1.4283	-8.22548	0	0.0180524	9.63572
8.52	-0.132179	1.51616	-8.12611	0	0.0178629	9.62441
8.53	-0.131005	1.60312	-8.02768	0	0.0176742	9.61313
8.54	-0.129839	1.68918	-7.93018	0	0.0174863	9.60187
8.55	-0.128681	1.77434	-7.83361	0	0.0172993	9.59064
8.56	-0.127533	1.8586	-7.73796	0	0.0171132	9.57944
8.57	-0.126393	1.94196	-7.64323	0	0.0169281	9.56826
8.58	-0.125262	2.02444	-7.54941	0	0.0167439	9.55711
8.59	-0.124139	2.10603	-7.45652	0	0.0165607	9.54598
8.6	-0.123025	2.18673	-7.36453	0	0.0163785	9.53488
8.61	-0.121919	2.26655	-7.27346	0	0.0161973	9.52381
8.62	-0.120822	2.34549	-7.18329	0	0.0160171	9.51276
8.63	-0.119733	2.42355	-7.09402	0	0.0158381	9.50174
8.64	-0.118653	2.50075	-7.00565	0	0.01566	9.49074
8.65	-0.117581	2.57707	-6.91818	0	0.0154831	9.47977
8.66	-0.116518	2.65253	-6.8316	0	0.0153073	9.46882
8.67	-0.115463	2.72713	-6.7459	0	0.0151327	9.4579
8.68	-0.114416	2.80088	-6.66108	0	0.0149592	9.447
8.69	-0.113377	2.87377	-6.57715	0	0.0147868	9.43613
8.7	-0.112347	2.94582	-6.49409	0	0.0146157	9.42529
8.71	-0.111324	3.01702	-6.41189	0	0.0144457	9.41447
8.72	-0.11031	3.08738	-6.33056	0	0.0142769	9.40367
8.73	-0.109305	3.15691	-6.2501	0	0.0141093	9.3929
8.74	-0.108307	3.22561	-6.17048	0	0.013943	9.38215
8.75	-0.107317	3.29349	-6.09172	0	0.0137779	9.37143
8.76	-0.106335	3.36054	-6.0138	0	0.0136141	9.36073
8.77	-0.105361	3.42678	-5.93673	0	0.0134515	9.35006
8.78	-0.104395	3.49221	-5.86049	0	0.0132902	9.33941
8.79	-0.103437	3.55684	-5.78508	0	0.0131301	9.32878
8.8	-0.102487	3.62066	-5.71049	0	0.0129714	9.31818
8.81	-0.101545	3.68369	-5.63673	0	0.0128139	9.3076
8.82	-0.10061	3.74594	-5.56377	0	0.0126577	9.29705
8.83	-0.0996835	3.80739	-5.49163	0	0.0125029	9.28652
8.84	-0.0987643	3.86807	-5.42029	0	0.0123493	9.27602
8.85	-0.0978527	3.92798	-5.34975	0	0.0121971	9.26554
8.86	-0.0969488	3.98712	-5.28001	0	0.0120462	9.25508
8.87	-0.0960524	4.0455	-5.21105	0	0.0118966	9.24464
8.88	-0.0951635	4.10312	-5.14287	0	0.0117483	9.23423
8.89	-0.0942821	4.15999	-5.07546	0	0.0116014	9.22385
8.9	-0.0934082	4.21611	-5.00883	0	0.0114557	9.21348
8.91	-0.0925416	4.2715	-4.94295	0	0.0113115	9.20314
8.92	-0.0916823	4.32615	-4.87784	0	0.0111685	9.19283
8.93	-0.0908304	4.38008	-4.81348	0	0.0110269	9.18253
8.94	-0.0899857	4.43328	-4.74987	0	0.0108867	9.17226
8.95	-0.0891482	4.48577	-4.68699	0	0.0107477	9.16201
8.96	-0.0883178	4.53755	-4.62485	0	0.0106101	9.15179
8.97	-0.0874946	4.58862	-4.56344	0	0.0104739	9.14158
8.98	-0.0866785	4.63899	-4.50275	0	0.010339	9.1314
8.99	-0.0858693	4.68868	-4.44278	0	0.0102054	9.12125
9	-0.0850672	4.73767	-4.38351	0	0.0100731	9.11111
9.01	-0.084272	4.78599	-4.32495	0	0.00994218	9.101
9.02	-0.0834837	4.83363	-4.26709	0	0.00981257	9.09091
9.03	-0.0827022	4.8806	-4.20992	0	0.00968429	9.08084
9.04	-0.0819276	4.92692	-4.15344	0	0.00955733	9.0708
9.05	-0.0811597	4.97257	-4.09764	0	0.00943169	9.06077
9.06	-0.0803985	5.01757	-4.04251	0	0.00930736	9.05077
9.07	-0.0796439	5.06194	-3.98804	0	0.00918434	9.04079
9.08	-0.078896	5.10566	-3.93424	0	0.00906263	9.03084
9.09	-0.0781547	5.14875	-3.8811	0	0.00894221	9.0209
9.1	-0.0774199	5.19121	-3.8286	0	0.00882309	9.01099
9.11	-0.0766916	5.23305	-3.77675	0	0.00870526	9.0011
9.12	-0.0759697	5.27428	-3.72553	0	0.00858871	8.99123
9.13	-0.0752542	5.3149	-3.67495	0	0.00847344	8.98138
9.14	-0.0745451	5.35492	-3.62499	0	0.00835944	8.97155
9.15	-0.0738422	5.39435	-3.57565	0	0.00824671	8.96175
9.16	-0.0731456	5.43318	-3.52692	0	0.00813523	8.95197
9.17	-0.0724553	5.47143	-3.4788	0	0.00802501	8.9422
9.18	-0.071771	5.5091	-3.43128	0	0.00791604	8.93246
9.19	-0.071093	5.54619	-3.38436	0	0.0078083	8.92274
9.2	-0.0704209	5.58272	-3.33802	0	0.0077018	8.91304
9.21	-0.0697549	5.61869	-3.29227	0	0.00759652	8.90337
9.22	-0.0690949	5.65411	-3.24709	0	0.00749246	8.89371
9.23	-0.0684409	5.68897	-3.20249	0	0.00738961	8.88407
9.24	-0.0677927	5.7233	-3.15845	0	0.00728795	8.87446
9.25	-0.0671504	5.75708	-3.11497	0	0.0071875	8.86486
9.26	-0.0665139	5.79034	-3.07204	0	0.00708822	8.85529
9.27	-0.0658831	5.82306	-3.02966	0	0.00699013	8.84574
9.28	-0.0652581	5.85527	-2.98783	0	0.0068932	8.83621
9.29	-0.0646388	5.88697	-2.94653	0	0.00679744	8.8267
9.3	-0.064025	5.91815	-2.90576	0	0.00670282	8.8172
9.31	-0.0634169	5.94883	-2.86551	0	0.00660935	8.80773
9.32	-0.0628143	5.97901	-2.82579	0	0.00651701	8.79828
9.33	-0.0622172	6.00871	-2.78657	0	0.0064258	8.78885
9.34	-0.0616255	6.03791	-2.74787	0	0.0063357	8.77944
9.35	-0.0610393	6.06663	-2.70967	0	0.00624672	8.77005
9.36	-0.0604584	6.09488	-2.67196	0	0.00615883	8.76068
9.37	-0.0598829	6.12266	-2.63475	0	0.00607203	8.75133
9.38	-0.0593126	6.14997	-2.59802	0	0.00598631	8.742
9.39	-0.0587476	6.17683	-2.56177	0	0.00590166	8.73269
9.4	-0.0581878	6.20323	-2.52599	0	0.00581807	8.7234
9.41	-0.0576332	6.22918	-2.49069	0	0.00573553	8.71413
9.42	-0.0570836	6.25469	-2.45585	0	0.00565404	8.70488
9.43	-0.0565391	6.27976	-2.42147	0	0.00557358	8.69565
9.44	-0.0559997	6.30439	-2.38754	0	0.00549415	8.68644
9.45	-0.0554652	6.3286	-2.35406	0	0.00541572	8.67725
9.46	-0.0549357	6.35239	-2.32103	0	0.00533831	8.66808
9.47	-0.0544112	6.37575	-2.28843	0	0.00526189	8.65892
9.48	-0.0538914	6.39871	-2.25627	0	0.00518645	8.64979
9.49	-0.0533765	6.42126	-2.22453	0	0.00511199	8.64067
9.5	-0.0528664	6.4434	-2.19322	0	0.0050385	8.63158
9.51	-0.052361	6.46515	-2.16232	0	0.00496597	8.6225
9.52	-0.0518604	6.4865	-2.13184	0	0.00489438	8.61345
9.53	-0.0513644	6.50747	-2.10176	0	0.00482373	8.60441
9.54	-0.050873	6.52805	-2.07209	0	0.00475401	8.59539
9.55	-0.0503862	6.54825	-2.04282	0	0.00468521	8.58639
9.56	-0.049904	6.56808	-2.01394	0	0.00461732	8.57741
9.57	-0.0494263	6.58754	-1.98545	0	0.00455033	8.56844
9.58	-0.048953	6.60664	-1.95735	0	0.00448423	8.5595
9.59	-0.0484842	6.62537	-1.92962	0	0.00441901	8.55057
9.6	-0.0480198	6.64375	-1.90227	0	0.00435467	8.54167
9.61	-0.0475597	6.66178	-1.87529	0	0.00429118	8.53278
9.62	-0.047104	6.67946	-1.84867	0	0.00422855	8.52391
9.63	-0.0466525	6.6968	-1.82242	0	0.00416676	8.51506
9.64	-0.0462053	6.71381	-1.79652	0	0.00410581	8.50622
9.65	-0.0457623	6.73047	-1.77098	0	0.00404569	8.49741
9.66	-0.0453234	6.74681	-1.74578	0	0.00398638	8.48861
9.67	-0.0448887	6.76283	-1.72093	0	0.00392787	8.47983
9.68	-0.0444581	6.77852	-1.69642	0	0.00387017	8.47107
9.69	-0.0440316	6.7939	-1.67224	0	0.00381325	8.46233
9.7	-0.0436091	6.80897	-1.6484	0	0.00375711	8.45361
9.71	-0.0431905	6.82373	-1.62488	0	0.00370175	8.4449
9.72	-0.042776	6.83818	-1.60168	0	0.00364714	8.43621
9.73	-0.0423653	6.85233	-1.57881	0	0.00359329	8.42754
9.74	-0.0419586	6.86619	-1.55624	0	0.00354019	8.41889
9.75	-0.0415557	6.87975	-1.53399	0	0.00348781	8.41026
9.76	-0.0411566	6.89303	-1.51205	0	0.00343617	8.40164
9.77	-0.0407613	6.90602	-1.4904	0	0.00338525	8.39304
9.78	-0.0403697	6.91873	-1.46906	0	0.00333503	8.38446
9.79	-0.0399819	6.93116	-1.44801	0	0.00328551	8.37589
9.8	-0.0395977	6.94333	-1.42726	0	0.00323669	8.36735
9.81	-0.0392172	6.95522	-1.40679	0	0.00318855	8.35882
9.82	-0.0388403	6.96684	-1.38661	0	0.00314109	8.35031
9.83	-0.038467	6.9782	-1.3667	0	0.0030943	8.34181
9.84	-0.0380973	6.98931	-1.34707	0	0.00304816	8.33333
9.85	-0.0377311	7.00016	-1.32772	0	0.00300268	8.32487
9.86	-0.0373683	7.01075	-1.30863	0	0.00295784	8.31643
9.87	-0.037009	7.0211	-1.28982	0	0.00291363	8.308
9.88	-0.0366532	7.03121	-1.27126	0	0.00287005	8.2996
9.89	-0.0363007	7.04107	-1.25296	0	0.00282709	8.2912
9.9	-0.0359516	7.05069	-1.23492	0	0.00278475	8.28283
9.91	-0.0356059	7.06008	-1.21713	0	0.002743	8.27447
9.92	-0.0352634	7.06924	-1.19959	0	0.00270186	8.26613
9.93	-0.0349242	7.07817	-1.1823	0	0.0026613	8.2578
9.94	-0.0345883	7.08687	-1.16525	0	0.00262132	8.2495
9.95	-0.0342555	7.09535	-1.14843	0	0.00258191	8.24121
9.96	-0.033926	7.10362	-1.13186	0	0.00254308	8.23293
9.97	-0.0335996	7.11166	-1.11552	0	0.0025048	8.22467
9.98	-0.0332763	7.1195	-1.0994	0	0.00246707	8.21643
9.99	-0.0329561	7.12712	-1.08352	0	0.00242988	8.20821
10	-0.032639	7.13454	-1.06785	0	0.00239324	8.2
10.01	-0.0323249	7.14175	-1.05241	0	0.00235712	8.19181
10.02	-0.0320138	7.14877	-1.03719	0	0.00232153	8.18363
10.03	-0.0317058	7.15558	-1.02218	0	0.00228645	8.17547
10.04	-0.0314006	7.1622	-1.00738	0	0.00225188	8.16733
10.05	-0.0310984	7.16863	-0.992796	0	0.00221782	8.1592
10.06	-0.0307991	7.17486	-0.978415	0	0.00218425	8.15109
10.07	-0.0305027	7.18091	-0.964238	0	0.00215117	8.143
10.08	-0.0302091	7.18678	-0.950261	0	0.00211858	8.13492
10.09	-0.0299184	7.19246	-0.936483	0	0.00208646	8.12686
10.1	-0.0296304	7.19797	-0.922901	0	0.00205481	8.11881
10.11	-0.0293452	7.20329	-0.909511	0	0.00202362	8.11078
10.12	-0.0290628	7.20845	-0.896311	0	0.00199289	8.10277
10.13	-0.028783	7.21343	-0.883299	0	0.00196261	8.09477
10.14	-0.028506	7.21825	-0.870472	0	0.00193278	8.08679
10.15	-0.0282316	7.22289	-0.857828	0	0.00190339	8.07882
10.16	-0.0279599	7.22738	-0.845364	0	0.00187442	8.07087
10.17	-0.0276907	7.2317	-0.833077	0	0.00184589	8.06293
10.18	-0.0274242	7.23586	-0.820965	0	0.00181778	8.05501
10.19	-0.0271602	7.23987	-0.809027	0	0.00179008	8.04711
10.2	-0.0268988	7.24372	-0.797258	0	0.00176279	8.03922
10.21	-0.0266399	7.24742	-0.785658	0	0.00173591	8.03134
10.22	-0.0263835	7.25097	-0.774224	0	0.00170942	8.02348
10.23	-0.0261296	7.25437	-0.762953	0	0.00168333	8.01564
10.24	-0.0258781	7.25763	-0.751843	0	0.00165762	8.00781
10.25	-0.025629	7.26074	-0.740892	0	0.0016323	8
10.26	-0.0253823	7.26371	-0.730098	0	0.00160735	7.9922
10.27	-0.025138	7.26654	-0.719459	0	0.00158277	7.98442
10.28	-0.0248961	7.26924	-0.708972	0	0.00155856	7.97665
10.29	-0.0246565	7.2718	-0.698636	0	0.00153471	7.9689
10.3	-0.0244192	7.27423	-0.688448	0	0.00151122	7.96117
10.31	-0.0241842	7.27653	-0.678406	0	0.00148808	7.95344
10.32	-0.0239515	7.27869	-0.668508	0	0.00146528	7.94574
10.33	-0.023721	7.28073	-0.658753	0	0.00144282	7.93804
10.34	-0.0234928	7.28265	-0.649138	0	0.0014207	7.93037
10.35	-0.0232667	7.28444	-0.639661	0	0.00139892	7.92271
10.36	-0.0230429	7.28612	-0.63032	0	0.00137745	7.91506
10.37	-0.0228212	7.28767	-0.621114	0	0.00135631	7.90743
10.38	-0.0226016	7.2891	-0.61204	0	0.00133549	7.89981
10.39	-0.0223842	7.29042	-0.603098	0	0.00131498	7.8922
10.4	-0.0221688	7.29163	-0.594284	0	0.00129478	7.88462
10.41	-0.0219556	7.29272	-0.585597	0	0.00127489	7.87704
10.42	-0.0217444	7.2937	-0.577035	0	0.00125529	7.86948
10.43	-0.0215352	7.29458	-0.568597	0	0.00123599	7.86194
10.44	-0.0213281	7.29534	-0.560281	0	0.00121697	7.85441
10.45	-0.0211229	7.296	-0.552084	0	0.00119825	7.84689
10.46	-0.0209198	7.29656	-0.544007	0	0.00117981	7.83939
10.47	-0.0207186	7.29702	-0.536046	0	0.00116164	7.8319
10.48	-0.0205194	7.29737	-0.5282	0	0.00114376	7.82443
10.49	-0.020322	7.29763	-0.520467	0	0.00112614	7.81697
10.5	-0.0201266	7.29779	-0.512846	0	0.00110879	7.80952
10.51	-0.0199331	7.29785	-0.505336	0	0.0010917	7.80209
10.52	-0.0197415	7.29782	-0.497934	0	0.00107487	7.79468
10.53	-0.0195517	7.29769	-0.49064	0	0.00105829	7.78727
10.54	-0.0193637	7.29748	-0.483451	0	0.00104197	7.77989
10.55	-0.0191776	7.29717	-0.476367	0	0.00102589	7.77251
10.56	-0.0189932	7.29678	-0.469385	0	0.00101006	7.76515
10.57	-0.0188107	7.2963	-0.462504	0	0.000994473	7.75781
10.58	-0.0186299	7.29573	-0.455723	0	0.000979119	7.75047
10.59	-0.0184509	7.29508	-0.449041	0	0.000963998	7.74315
10.6	-0.0182736	7.29434	-0.442455	0	0.000949108	7.73585
10.61	-0.018098	7.29353	-0.435965	0	0.000934444	7.72856
10.62	-0.0179241	7.29263	-0.42957	0	0.000920004	7.72128
10.63	-0.0177519	7.29166	-0.423267	0	0.000905784	7.71402
10.64	-0.0175813	7.2906	-0.417056	0	0.00089178	7.70677
10.65	-0.0174124	7.28947	-0.410935	0	0.000877991	7.69953
10.66	-0.0172452	7.28827	-0.404903	0	0.000864411	7.69231
10.67	-0.0170795	7.28699	-0.398959	0	0.000851039	7.6851
10.68	-0.0169155	7.28564	-0.393102	0	0.000837871	7.6779
10.69	-0.016753	7.28422	-0.387329	0	0.000824905	7.67072
10.7	-0.0165921	7.28272	-0.381641	0	0.000812136	7.66355
10.71	-0.0164328	7.28116	-0.376035	0	0.000799563	7.6564
10.72	-0.016275	7.27953	-0.370511	0	0.000787183	7.64925
10.73	-0.0161188	7.27783	-0.365068	0	0.000774991	7.64212
10.74	-0.015964	7.27607	-0.359704	0	0.000762987	7.63501
10.75	-0.0158108	7.27424	-0.354418	0	0.000751166	7.62791
10.76	-0.015659	7.27235	-0.349209	0	0.000739526	7.62082
10.77	-0.0155087	7.27039	-0.344076	0	0.000728065	7.61374
10.78	-0.0153599	7.26838	-0.339018	0	0.00071678	7.60668
10.79	-0.0152125	7.2663	-0.334034	0	0.000705668	7.59963
10.8	-0.0150665	7.26417	-0.329122	0	0.000694726	7.59259
10.81	-0.014922	7.26197	-0.324282	0	0.000683952	7.58557
10.82	-0.0147788	7.25972	-0.319513	0	0.000673344	7.57856
10.83	-0.014637	7.25741	-0.314814	0	0.000662899	7.57156
10.84	-0.0144966	7.25505	-0.310183	0	0.000652614	7.56458
10.85	-0.0143576	7.25263	-0.305619	0	0.000642488	7.5576
10.86	-0.0142199	7.25015	-0.301123	0	0.000632517	7.55064
10.87	-0.0140835	7.24763	-0.296692	0	0.000622699	7.5437
10.88	-0.0139484	7.24505	-0.292326	0	0.000613033	7.53676
10.89	-0.0138147	7.24242	-0.288023	0	0.000603515	7.52984
10.9	-0.0136822	7.23975	-0.283784	0	0.000594144	7.52294
10.91	-0.0135511	7.23702	-0.279606	0	0.000584917	7.51604
10.92	-0.0134211	7.23424	-0.27549	0	0.000575833	7.50916
10.93	-0.0132925	7.23142	-0.271434	0	0.000566888	7.50229
10.94	-0.0131651	7.22855	-0.267437	0	0.000558081	7.49543
10.95	-0.0130389	7.22563	-0.263499	0	0.00054941	7.48858
10.96	-0.012914	7.22267	-0.259618	0	0.000540873	7.48175
10.97	-0.0127902	7.21967	-0.255795	0	0.000532468	7.47493
10.98	-0.0126677	7.21662	-0.252027	0	0.000524192	7.46812
10.99	-0.0125463	7.21353	-0.248314	0	0.000516044	7.46133
11	-0.0124261	7.2104	-0.244656	0	0.000508022	7.45455
11.01	-0.0123071	7.20722	-0.241051	0	0.000500123	7.44777
11.02	-0.0121892	7.20401	-0.2375	0	0.000492347	7.44102
11.03	-0.0120725	7.20076	-0.234	0	0.000484691	7.43427
11.04	-0.0119568	7.19746	-0.230551	0	0.000477153	7.42754
11.05	-0.0118423	7.19413	-0.227154	0	0.000469732	7.42081
11.06	-0.011729	7.19076	-0.223805	0	0.000462425	7.4141
11.07	-0.0116167	7.18736	-0.220506	0	0.000455231	7.40741
11.08	-0.0115054	7.18391	-0.217256	0	0.000448149	7.40072
11.09	-0.0113953	7.18044	-0.214053	0	0.000441176	7.39405
11.1	-0.0112862	7.17692	-0.210897	0	0.000434312	7.38739
11.11	-0.0111782	7.17338	-0.207788	0	0.000427553	7.38074
11.12	-0.0110712	7.1698	-0.204724	0	0.000420899	7.3741
11.13	-0.0109653	7.16619	-0.201705	0	0.000414348	7.36748
11.14	-0.0108604	7.16254	-0.19873	0	0.000407899	7.36086
11.15	-0.0107565	7.15886	-0.195799	0	0.000401549	7.35426
11.16	-0.0106535	7.15515	-0.192911	0	0.000395298	7.34767
11.17	-0.0105516	7.15142	-0.190065	0	0.000389144	7.34109
11.18	-0.0104507	7.14765	-0.187262	0	0.000383085	7.33453
11.19	-0.0103507	7.14385	-0.184499	0	0.00037712	7.32797
11.2	-0.0102517	7.14002	-0.181777	0	0.000371247	7.32143
11.21	-0.0101537	7.13617	-0.179095	0	0.000365466	7.3149
11.22	-0.0100566	7.13229	-0.176453	0	0.000359774	7.30838
11.23	-0.00996046	7.12838	-0.173849	0	0.000354171	7.30187
11.24	-0.00986523	7.12444	-0.171283	0	0.000348654	7.29537
11.25	-0.00977092	7.12048	-0.168756	0	0.000343223	7.28889
11.26	-0.00967751	7.11649	-0.166265	0	0.000337877	7.28242
11.27	-0.00958501	7.11248	-0.163811	0	0.000332613	7.27595
11.28	-0.0094934	7.10844	-0.161393	0	0.000327431	7.2695
11.29	-0.00940267	7.10438	-0.159011	0	0.00032233	7.26306
11.3	-0.00931282	7.10029	-0.156663	0	0.000317308	7.25664
11.31	-0.00922383	7.09618	-0.154351	0	0.000312363	7.25022
11.32	-0.00913569	7.09205	-0.152072	0	0.000307496	7.24382
11.33	-0.00904841	7.0879	-0.149827	0	0.000302704	7.23742
11.34	-0.00896197	7.08372	-0.147615	0	0.000297987	7.23104
11.35	-0.00887636	7.07953	-0.145435	0	0.000293343	7.22467
11.36	-0.00879157	7.07531	-0.143287	0	0.000288771	7.21831
11.37	-0.0087076	7.07107	-0.141172	0	0.00028427	7.21196
11.38	-0.00862444	7.06682	-0.139087	0	0.000279839	7.20562
11.39	-0.00854207	7.06254	-0.137033	0	0.000275477	7.1993
11.4	-0.0084605	7.05824	-0.135009	0	0.000271183	7.19298
11.41	-0.00837972	7.05393	-0.133015	0	0.000266956	7.18668
11.42	-0.00829971	7.0496	-0.13105	0	0.000262794	7.18039
11.43	-0.00822047	7.04525	-0.129114	0	0.000258697	7.1741
11.44	-0.00814199	7.04088	-0.127207	0	0.000254664	7.16783
11.45	-0.00806427	7.03649	-0.125328	0	0.000250694	7.16157
11.46	-0.00798729	7.03209	-0.123476	0	0.000246785	7.15532
11.47	-0.00791106	7.02768	-0.121652	0	0.000242937	7.14908
11.48	-0.00783555	7.02324	-0.119855	0	0.000239149	7.14286
11.49	-0.00776078	7.01879	-0.118084	0	0.000235421	7.13664
11.5	-0.00768672	7.01433	-0.116339	0	0.00023175	7.13043
11.51	-0.00761337	7.00985	-0.11462	0	0.000228136	7.12424
11.52	-0.00754072	7.00535	-0.112927	0	0.000224578	7.11806
11.53	-0.00746877	7.00085	-0.111258	0	0.000221076	7.11188
11.54	-0.00739752	6.99632	-0.109614	0	0.000217629	7.10572
11.55	-0.00732694	6.99179	-0.107994	0	0.000214235	7.09957
11.56	-0.00725705	6.98724	-0.106398	0	0.000210894	7.09343
11.57	-0.00718782	6.98268	-0.104825	0	0.000207605	7.08729
11.58	-0.00711926	6.9781	-0.103276	0	0.000204367	7.08117
11.59	-0.00705136	6.97352	-0.10175	0	0.00020118	7.07506
11.6	-0.00698411	6.96892	-0.100246	0	0.000198042	7.06897
11.61	-0.0069175	6.96431	-0.098764	0	0.000194953	7.06288
11.62	-0.00685153	6.95969	-0.097304	0	0.000191912	7.0568
11.63	-0.00678619	6.95505	-0.0958657	0	0.000188919	7.05073
11.64	-0.00672148	6.95041	-0.0944485	0	0.000185973	7.04467
11.65	-0.00665739	6.94576	-0.0930523	0	0.000183072	7.03863
11.66	-0.00659391	6.94109	-0.0916766	0	0.000180216	7.03259
11.67	-0.00653104	6.93642	-0.0903212	0	0.000177405	7.02656
11.68	-0.00646877	6.93174	-0.0889859	0	0.000174638	7.02055
11.69	-0.0064071	6.92704	-0.0876702	0	0.000171914	7.01454
11.7	-0.00634601	6.92234	-0.086374	0	0.000169232	7.00855
11.71	-0.00628552	6.91763	-0.0850969	0	0.000166593	7.00256
11.72	-0.0062256	6.91291	-0.0838386	0	0.000163994	6.99659
11.73	-0.00616625	6.90818	-0.0825989	0	0.000161436	6.99062
11.74	-0.00610747	6.90345	-0.0813775	0	0.000158918	6.98467
11.75	-0.00604925	6.89871	-0.0801741	0	0.000156439	6.97872
11.76	-0.00599159	6.89395	-0.0789885	0	0.000153998	6.97279
11.77	-0.00593448	6.8892	-0.0778204	0	0.000151596	6.96686
11.78	-0.00587792	6.88443	-0.0766695	0	0.000149231	6.96095
11.79	-0.00582189	6.87966	-0.0755357	0	0.000146903	6.95505
11.8	-0.0057664	6.87488	-0.0744185	0	0.000144612	6.94915
11.81	-0.00571145	6.87009	-0.0733179	0	0.000142356	6.94327
11.82	-0.00565701	6.8653	-0.0722335	0	0.000140135	6.93739
11.83	-0.00560309	6.8605	-0.0711651	0	0.000137949	6.93153
11.84	-0.00554969	6.8557	-0.0701125	0	0.000135797	6.92568
11.85	-0.0054968	6.85089	-0.0690755	0	0.000133679	6.91983
11.86	-0.00544441	6.84607	-0.0680537	0	0.000131594	6.914
11.87	-0.00539252	6.84125	-0.0670471	0	0.000129541	6.90817
11.88	-0.00534113	6.83643	-0.0660553	0	0.00012752	6.90236
11.89	-0.00529022	6.8316	-0.0650782	0	0.000125531	6.89655
11.9	-0.0052398	6.82676	-0.0641155	0	0.000123573	6.89076
11.91	-0.00518986	6.82193	-0.063167	0	0.000121645	6.88497
11.92	-0.0051404	6.81708	-0.0622325	0	0.000119747	6.87919
11.93	-0.00509141	6.81223	-0.0613119	0	0.000117879	6.87343
11.94	-0.00504288	6.80738	-0.0604048	0	0.000116041	6.86767
11.95	-0.00499481	6.80253	-0.0595111	0	0.000114231	6.86192
11.96	-0.0049472	6.79767	-0.0586307	0	0.000112449	6.85619
11.97	-0.00490005	6.79281	-0.0577632	0	0.000110695	6.85046
11.98	-0.00485334	6.78794	-0.0569086	0	0.000108968	6.84474
11.99	-0.00480708	6.78307	-0.0560666	0	0.000107268	6.83903
12	-0.00476125	6.7782	-0.055237	0	0.000105595	6.83333
12.01	-0.00471586	6.77333	-0.0544197	0	0.000103948	6.82764
12.02	-0.0046709	6.76845	-0.0536145	0	0.000102327	6.82196
12.03	-0.00462637	6.76357	-0.0528212	0	0.00010073	6.81629
12.04	-0.00458226	6.75869	-0.0520396	0	9.91592e-05	6.81063
12.05	-0.00453857	6.75381	-0.0512696	0	9.76126e-05	6.80498
12.06	-0.00449529	6.74892	-0.0505109	0	9.60901e-05	6.79934
12.07	-0.00445242	6.74403	-0.0497634	0	9.45913e-05	6.7937
12.08	-0.00440996	6.73915	-0.049027	0	9.3116e-05	6.78808
12.09	-0.0043679	6.73425	-0.0483015	0	9.16637e-05	6.78246
12.1	-0.00432624	6.72936	-0.0475867	0	9.0234e-05	6.77686
12.11	-0.00428498	6.72447	-0.0468825	0	8.88267e-05	6.77126
12.12	-0.0042441	6.71958	-0.0461887	0	8.74413e-05	6.76568
12.13	-0.00420361	6.71468	-0.0455051	0	8.60776e-05	6.7601
12.14	-0.0041635	6.70978	-0.0448317	0	8.47351e-05	6.75453
12.15	-0.00412378	6.70489	-0.0441682	0	8.34136e-05	6.74897
12.16	-0.00408443	6.69999	-0.0435145	0	8.21127e-05	6.74342
12.17	-0.00404545	6.69509	-0.0428705	0	8.08322e-05	6.73788
12.18	-0.00400683	6.69019	-0.042236	0	7.95716e-05	6.73235
12.19	-0.00396859	6.68529	-0.0416109	0	7.83307e-05	6.72683
12.2	-0.0039307	6.68039	-0.040995	0	7.71092e-05	6.72131
12.21	-0.00389317	6.67549	-0.0403882	0	7.59067e-05	6.71581
12.22	-0.003856	6.6706	-0.0397904	0	7.4723e-05	6.71031
12.23	-0.00381917	6.6657	-0.0392015	0	7.35578e-05	6.70482
12.24	-0.00378269	6.6608	-0.0386213	0	7.24108e-05	6.69935
12.25	-0.00374656	6.6559	-0.0380496	0	7.12817e-05	6.69388
12.26	-0.00371076	6.651	-0.0374864	0	7.01702e-05	6.68842
12.27	-0.00367531	6.6461	-0.0369315	0	6.9076e-05	6.68297
12.28	-0.00364018	6.64121	-0.0363848	0	6.7999e-05	6.67752
12.29	-0.00360539	6.63631	-0.0358462	0	6.69387e-05	6.67209
12.3	-0.00357092	6.63142	-0.0353156	0	6.5895e-05	6.66667
12.31	-0.00353678	6.62652	-0.0347929	0	6.48676e-05	6.66125
12.32	-0.00350296	6.62163	-0.0342778	0	6.38563e-05	6.65584
12.33	-0.00346945	6.61674	-0.0337704	0	6.28607e-05	6.65045
12.34	-0.00343626	6.61185	-0.0332705	0	6.18807e-05	6.64506
12.35	-0.00340338	6.60696	-0.032778	0	6.09159e-05	6.63968
12.36	-0.00337081	6.60207	-0.0322927	0	5.99663e-05	6.6343
12.37	-0.00333855	6.59719	-0.0318147	0	5.90314e-05	6.62894
12.38	-0.00330658	6.5923	-0.0313437	0	5.81112e-05	6.62359
12.39	-0.00327492	6.58742	-0.0308797	0	5.72053e-05	6.61824
12.4	-0.00324355	6.58254	-0.0304225	0	5.63135e-05	6.6129
12.41	-0.00321248	6.57766	-0.0299721	0	5.54357e-05	6.60757
12.42	-0.00318169	6.57278	-0.0295284	0	5.45716e-05	6.60225
12.43	-0.0031512	6.56791	-0.0290912	0	5.37209e-05	6.59694
12.44	-0.00312099	6.56303	-0.0286606	0	5.28836e-05	6.59164
12.45	-0.00309106	6.55816	-0.0282362	0	5.20593e-05	6.58635
12.46	-0.00306141	6.55329	-0.0278182	0	5.12479e-05	6.58106
12.47	-0.00303203	6.54843	-0.0274063	0	5.04491e-05	6.57578
12.48	-0.00300293	6.54356	-0.0270006	0	4.96628e-05	6.57051
12.49	-0.0029741	6.5387	-0.0266008	0	4.88888e-05	6.56525
12.5	-0.00294554	6.53384	-0.026207	0	4.81269e-05	6.56
12.51	-0.00291725	6.52898	-0.0258189	0	4.73768e-05	6.55476
12.52	-0.00288921	6.52413	-0.0254367	0	4.66385e-05	6.54952
12.53	-0.00286144	6.51928	-0.0250601	0	4.59117e-05	6.54429
12.54	-0.00283393	6.51443	-0.024689	0	4.51962e-05	6.53907
12.55	-0.00280667	6.50959	-0.0243235	0	4.44919e-05	6.53386
12.56	-0.00277967	6.50474	-0.0239633	0	4.37986e-05	6.52866
12.57	-0.00275291	6.4999	-0.0236085	0	4.31161e-05	6.52347
12.58	-0.0027264	6.49507	-0.0232589	0	4.24443e-05	6.51828
12.59	-0.00270014	6.49023	-0.0229145	0	4.17829e-05	6.51311
12.6	-0.00267412	6.4854	-0.0225752	0	4.11319e-05	6.50794
12.61	-0.00264835	6.48058	-0.022241	0	4.0491e-05	6.50278
12.62	-0.00262281	6.47575	-0.0219116	0	3.98601e-05	6.49762
12.63	-0.0025975	6.47093	-0.0215872	0	3.92391e-05	6.49248
12.64	-0.00257243	6.46611	-0.0212675	0	3.86278e-05	6.48734
12.65	-0.00254759	6.4613	-0.0209526	0	3.8026e-05	6.48221
12.66	-0.00252298	6.45649	-0.0206424	0	3.74336e-05	6.47709
12.67	-0.0024986	6.45168	-0.0203367	0	3.68504e-05	6.47198
12.68	-0.00247444	6.44688	-0.0200356	0	3.62764e-05	6.46688
12.69	-0.0024505	6.44208	-0.0197389	0	3.57113e-05	6.46178
12.7	-0.00242678	6.43728	-0.0194466	0	3.5155e-05	6.45669
12.71	-0.00240329	6.43249	-0.0191586	0	3.46074e-05	6.45161
12.72	-0.00238	6.4277	-0.0188749	0	3.40683e-05	6.44654
12.73	-0.00235693	6.42291	-0.0185954	0	3.35377e-05	6.44148
12.74	-0.00233407	6.41813	-0.01832	0	3.30153e-05	6.43642
12.75	-0.00231142	6.41336	-0.0180487	0	3.25011e-05	6.43137
12.76	-0.00228898	6.40858	-0.0177815	0	3.19949e-05	6.42633
12.77	-0.00226674	6.40381	-0.0175182	0	3.14966e-05	6.4213
12.78	-0.00224471	6.39905	-0.0172587	0	3.10061e-05	6.41628
12.79	-0.00222288	6.39429	-0.0170031	0	3.05232e-05	6.41126
12.8	-0.00220124	6.38953	-0.0167514	0	3.00479e-05	6.40625
12.81	-0.0021798	6.38478	-0.0165033	0	2.958e-05	6.40125
12.82	-0.00215856	6.38003	-0.0162589	0	2.91194e-05	6.39626
12.83	-0.00213751	6.37528	-0.0160181	0	2.86659e-05	6.39127
12.84	-0.00211666	6.37054	-0.0157809	0	2.82196e-05	6.38629
12.85	-0.00209599	6.3658	-0.0155472	0	2.77802e-05	6.38132
12.86	-0.00207551	6.36107	-0.0153169	0	2.73476e-05	6.37636
12.87	-0.00205521	6.35634	-0.0150901	0	2.69218e-05	6.37141
12.88	-0.0020351	6.35162	-0.0148666	0	2.65026e-05	6.36646
12.89	-0.00201517	6.3469	-0.0146465	0	2.609e-05	6.36152
12.9	-0.00199542	6.34219	-0.0144295	0	2.56838e-05	6.35659
12.91	-0.00197585	6.33747	-0.0142158	0	2.5284e-05	6.35167
12.92	-0.00195645	6.33277	-0.0140053	0	2.48904e-05	6.34675
12.93	-0.00193723	6.32807	-0.0137979	0	2.45029e-05	6.34184
12.94	-0.00191818	6.32337	-0.0135936	0	2.41215e-05	6.33694
12.95	-0.00189931	6.31868	-0.0133922	0	2.3746e-05	6.33205
12.96	-0.0018806	6.31399	-0.0131939	0	2.33764e-05	6.32716
12.97	-0.00186206	6.30931	-0.0129985	0	2.30125e-05	6.32228
12.98	-0.00184368	6.30463	-0.012806	0	2.26543e-05	6.31741
12.99	-0.00182547	6.29995	-0.0126163	0	2.23017e-05	6.31255
13	-0.00180743	6.29528	-0.0124295	0	2.19546e-05	6.30769
13.01	-0.00178954	6.29062	-0.0122454	0	2.16129e-05	6.30284
13.02	-0.00177181	6.28596	-0.012064	0	2.12766e-05	6.298
13.03	-0.00175424	6.28131	-0.0118853	0	2.09454e-05	6.29317
13.04	-0.00173683	6.27665	-0.0117093	0	2.06195e-05	6.28834
13.05	-0.00171957	6.27201	-0.0115359	0	2.02986e-05	6.28352
13.06	-0.00170247	6.26737	-0.011365	0	1.99827e-05	6.27871
13.07	-0.00168551	6.26273	-0.0111967	0	1.96718e-05	6.27391
13.08	-0.00166871	6.2581	-0.0110309	0	1.93657e-05	6.26911
13.09	-0.00165205	6.25348	-0.0108675	0	1.90644e-05	6.26432
13.1	-0.00163554	6.24885	-0.0107065	0	1.87677e-05	6.25954
13.11	-0.00161918	6.24424	-0.010548	0	1.84757e-05	6.25477
13.12	-0.00160296	6.23963	-0.0103917	0	1.81883e-05	6.25
13.13	-0.00158688	6.23502	-0.0102378	0	1.79053e-05	6.24524
13.14	-0.00157094	6.23042	-0.0100862	0	1.76267e-05	6.24049
13.15	-0.00155515	6.22582	-0.00993681	0	1.73525e-05	6.23574
13.16	-0.00153949	6.22123	-0.00978963	0	1.70826e-05	6.231
13.17	-0.00152396	6.21664	-0.00964463	0	1.68168e-05	6.22627
13.18	-0.00150858	6.21206	-0.00950178	0	1.65552e-05	6.22155
13.19	-0.00149332	6.20749	-0.00936105	0	1.62977e-05	6.21683
13.2	-0.0014782	6.20291	-0.0092224	0	1.60442e-05	6.21212
13.21	-0.00146321	6.19835	-0.0090858	0	1.57947e-05	6.20742
13.22	-0.00144835	6.19379	-0.00895123	0	1.5549e-05	6.20272
13.23	-0.00143362	6.18923	-0.00881864	0	1.53072e-05	6.19803
13.24	-0.00141901	6.18468	-0.00868803	0	1.50691e-05	6.19335
13.25	-0.00140453	6.18013	-0.00855934	0	1.48347e-05	6.18868
13.26	-0.00139017	6.17559	-0.00843256	0	1.4604e-05	6.18401
13.27	-0.00137594	6.17106	-0.00830766	0	1.43769e-05	6.17935
13.28	-0.00136183	6.16653	-0.00818461	0	1.41533e-05	6.1747
13.29	-0.00134784	6.162	-0.00806338	0	1.39332e-05	6.17005
13.3	-0.00133397	6.15748	-0.00794395	0	1.37166e-05	6.16541
13.31	-0.00132021	6.15297	-0.00782628	0	1.35033e-05	6.16078
13.32	-0.00130658	6.14846	-0.00771036	0	1.32933e-05	6.15616
13.33	-0.00129306	6.14395	-0.00759615	0	1.30866e-05	6.15154
13.34	-0.00127965	6.13946	-0.00748364	0	1.28832e-05	6.14693
13.35	-0.00126635	6.13496	-0.00737279	0	1.26829e-05	6.14232
13.36	-0.00125317	6.13047	-0.00726359	0	1.24857e-05	6.13772
13.37	-0.0012401	6.12599	-0.007156	0	1.22916e-05	6.13313
13.38	-0.00122714	6.12151	-0.00705	0	1.21005e-05	6.12855
13.39	-0.00121428	6.11704	-0.00694557	0	1.19124e-05	6.12397
13.4	-0.00120154	6.11257	-0.0068427	0	1.17272e-05	6.1194
13.41	-0.00118889	6.10811	-0.00674134	0	1.15449e-05	6.11484
13.42	-0.00117636	6.10365	-0.00664148	0	1.13654e-05	6.11028
13.43	-0.00116393	6.0992	-0.00654311	0	1.11888e-05	6.10573
13.44	-0.0011516	6.09476	-0.00644619	0	1.10149e-05	6.10119
13.45	-0.00113937	6.09031	-0.00635071	0	1.08437e-05	6.09665
13.46	-0.00112724	6.08588	-0.00625664	0	1.06751e-05	6.09212
13.47	-0.00111521	6.08145	-0.00616396	0	1.05092e-05	6.0876
13.48	-0.00110328	6.07702	-0.00607266	0	1.03459e-05	6.08309
13.49	-0.00109145	6.0726	-0.00598271	0	1.01851e-05	6.07858
13.5	-0.00107971	6.06819	-0.00589409	0	1.00268e-05	6.07407
13.51	-0.00106806	6.06378	-0.00580678	0	9.87102e-06	6.06958
13.52	-0.00105652	6.05938	-0.00572077	0	9.71763e-06	6.06509
13.53	-0.00104506	6.05498	-0.00563603	0	9.56663e-06	6.06061
13.54	-0.0010337	6.05059	-0.00555254	0	9.41798e-06	6.05613
13.55	-0.00102242	6.0462	-0.00547029	0	9.27165e-06	6.05166
13.56	-0.00101124	6.04182	-0.00538926	0	9.12759e-06	6.0472
13.57	-0.00100014	6.03744	-0.00530943	0	8.98577e-06	6.04274
13.58	-0.000989138	6.03307	-0.00523079	0	8.84617e-06	6.03829
13.59	-0.000978218	6.0287	-0.0051533	0	8.70873e-06	6.03385
13.6	-0.000967384	6.02434	-0.00507697	0	8.57344e-06	6.02941
13.61	-0.000956634	6.01999	-0.00500176	0	8.44025e-06	6.02498
13.62	-0.000945969	6.01564	-0.00492767	0	8.30913e-06	6.02056
13.63	-0.000935387	6.01129	-0.00485468	0	8.18006e-06	6.01614
13.64	-0.000924887	6.00696	-0.00478277	0	8.05299e-06	6.01173
13.65	-0.000914468	6.00262	-0.00471192	0	7.9279e-06	6.00733
13.66	-0.000904129	5.99829	-0.00464212	0	7.80476e-06	6.00293
13.67	-0.000893869	5.99397	-0.00457336	0	7.68354e-06	5.99854
13.68	-0.000883687	5.98965	-0.00450561	0	7.5642e-06	5.99415
13.69	-0.000873583	5.98534	-0.00443887	0	7.44672e-06	5.98977
13.7	-0.000863556	5.98104	-0.00437312	0	7.33107e-06	5.9854
13.71	-0.000853604	5.97673	-0.00430834	0	7.21721e-06	5.98104
13.72	-0.000843726	5.97244	-0.00424452	0	7.10513e-06	5.97668
13.73	-0.000833923	5.96815	-0.00418165	0	6.99479e-06	5.97232
13.74	-0.000824193	5.96386	-0.0041197	0	6.88617e-06	5.96798
13.75	-0.000814534	5.95958	-0.00405868	0	6.77924e-06	5.96364
13.76	-0.000804947	5.95531	-0.00399855	0	6.67398e-06	5.9593
13.77	-0.00079543	5.95104	-0.00393932	0	6.57035e-06	5.95497
13.78	-0.000785983	5.94678	-0.00388097	0	6.46833e-06	5.95065
13.79	-0.000776604	5.94252	-0.00382348	0	6.3679e-06	5.94634
13.8	-0.000767294	5.93827	-0.00376684	0	6.26903e-06	5.94203
13.81	-0.00075805	5.93402	-0.00371104	0	6.1717e-06	5.93773
13.82	-0.000748872	5.92978	-0.00365607	0	6.07589e-06	5.93343
13.83	-0.00073976	5.92554	-0.00360191	0	5.98156e-06	5.92914
13.84	-0.000730713	5.92131	-0.00354855	0	5.8887e-06	5.92486
13.85	-0.000721729	5.91709	-0.00349599	0	5.79729e-06	5.92058
13.86	-0.000712808	5.91287	-0.0034442	0	5.7073e-06	5.91631
13.87	-0.000703949	5.90865	-0.00339318	0	5.61871e-06	5.91204
13.88	-0.000695152	5.90444	-0.00334292	0	5.53149e-06	5.90778
13.89	-0.000686415	5.90024	-0.0032934	0	5.44564e-06	5.90353
13.9	-0.000677738	5.89604	-0.00324461	0	5.36111e-06	5.89928
13.91	-0.00066912	5.89185	-0.00319654	0	5.27791e-06	5.89504
13.92	-0.000660561	5.88766	-0.00314919	0	5.19599e-06	5.8908
13.93	-0.000652059	5.88348	-0.00310254	0	5.11535e-06	5.88658
13.94	-0.000643614	5.8793	-0.00305658	0	5.03597e-06	5.88235
13.95	-0.000635224	5.87513	-0.0030113	0	4.95781e-06	5.87814
13.96	-0.000626891	5.87096	-0.0029667	0	4.88088e-06	5.87393
13.97	-0.000618611	5.8668	-0.00292275	0	4.80514e-06	5.86972
13.98	-0.000610386	5.86265	-0.00287945	0	4.73057e-06	5.86552
13.99	-0.000602213	5.8585	-0.0028368	0	4.65717e-06	5.86133
14	-0.000594093	5.85435	-0.00279477	0	4.58491e-06	5.85714
14.01	-0.000586025	5.85021	-0.00275337	0	4.51377e-06	5.85296
14.02	-0.000578007	5.84608	-0.00271259	0	4.44374e-06	5.84879
14.03	-0.00057004	5.84195	-0.0026724	0	4.37479e-06	5.84462
14.04	-0.000562122	5.83783	-0.00263281	0	4.30692e-06	5.84046
14.05	-0.000554253	5.83371	-0.00259381	0	4.2401e-06	5.8363
14.06	-0.000546432	5.8296	-0.00255539	0	4.17432e-06	5.83215
14.07	-0.000538659	5.82549	-0.00251753	0	4.10957e-06	5.828
14.08	-0.000530932	5.82139	-0.00248024	0	4.04582e-06	5.82386
14.09	-0.000523252	5.81729	-0.0024435	0	3.98306e-06	5.81973
14.1	-0.000515617	5.8132	-0.0024073	0	3.92127e-06	5.8156
14.11	-0.000508026	5.80911	-0.00237164	0	3.86045e-06	5.81148
14.12	-0.00050048	5.80503	-0.00233651	0	3.80057e-06	5.80737
14.13	-0.000492977	5.80096	-0.00230189	0	3.74162e-06	5.80326
14.14	-0.000485517	5.79689	-0.00226779	0	3.68359e-06	5.79915
14.15	-0.000478098	5.79282	-0.0022342	0	3.62646e-06	5.79505
14.16	-0.000470722	5.78876	-0.0022011	0	3.57022e-06	5.79096
14.17	-0.000463386	5.78471	-0.0021685	0	3.51485e-06	5.78687
14.18	-0.00045609	5.78066	-0.00213637	0	3.46034e-06	5.78279
14.19	-0.000448833	5.77662	-0.00210473	0	3.40668e-06	5.77872
14.2	-0.000441616	5.77258	-0.00207355	0	3.35386e-06	5.77465
14.21	-0.000434437	5.76854	-0.00204283	0	3.30185e-06	5.77058
14.22	-0.000427295	5.76452	-0.00201257	0	3.25065e-06	5.76653
14.23	-0.00042019	5.76049	-0.00198275	0	3.20025e-06	5.76247
14.24	-0.000413122	5.75648	-0.00195338	0	3.15063e-06	5.75843
14.25	-0.000406089	5.75246	-0.00192444	0	3.10178e-06	5.75439
14.26	-0.000399091	5.74846	-0.00189593	0	3.05369e-06	5.75035
14.27	-0.000392128	5.74446	-0.00186785	0	3.00634e-06	5.74632
14.28	-0.000385199	5.74046	-0.00184018	0	2.95974e-06	5.7423
14.29	-0.000378303	5.73647	-0.00181292	0	2.91385e-06	5.73828
14.3	-0.00037144	5.73248	-0.00178606	0	2.86868e-06	5.73427
14.31	-0.000364609	5.7285	-0.0017596	0	2.82421e-06	5.73026
14.32	-0.000357809	5.72453	-0.00173354	0	2.78043e-06	5.72626
14.33	-0.00035104	5.72056	-0.00170786	0	2.73733e-06	5.72226
14.34	-0.000344302	5.71659	-0.00168256	0	2.6949e-06	5.71827
14.35	-0.000337593	5.71263	-0.00165763	0	2.65313e-06	5.71429
14.36	-0.000330913	5.70868	-0.00163307	0	2.61201e-06	5.71031
14.37	-0.000324262	5.70473	-0.00160888	0	2.57153e-06	5.70633
14.38	-0.000317639	5.70078	-0.00158505	0	2.53167e-06	5.70236
14.39	-0.000311043	5.69684	-0.00156157	0	2.49244e-06	5.6984
14.4	-0.000304474	5.69291	-0.00153843	0	2.45381e-06	5.69444
14.41	-0.000297931	5.68898	-0.00151564	0	2.41578e-06	5.69049
14.42	-0.000291414	5.68506	-0.00149319	0	2.37834e-06	5.68655
14.43	-0.000284922	5.68114	-0.00147107	0	2.34149e-06	5.68261
14.44	-0.000278454	5.67722	-0.00144928	0	2.30521e-06	5.67867
14.45	-0.000272011	5.67331	-0.00142781	0	2.26949e-06	5.67474
14.46	-0.000265591	5.66941	-0.00140666	0	2.23432e-06	5.67082
14.47	-0.000259193	5.66551	-0.00138582	0	2.1997e-06	5.6669
14.48	-0.000252818	5.66162	-0.00136529	0	2.16562e-06	5.66298
14.49	-0.000246465	5.65773	-0.00134506	0	2.13207e-06	5.65908
14.5	-0.000240133	5.65385	-0.00132514	0	2.09903e-06	5.65517
14.51	-0.000233822	5.64997	-0.00130551	0	2.06651e-06	5.65127
14.52	-0.00022753	5.6461	-0.00128617	0	2.0345e-06	5.64738
14.53	-0.000221258	5.64223	-0.00126711	0	2.00298e-06	5.6435
14.54	-0.000215006	5.63837	-0.00124834	0	1.97195e-06	5.63961
14.55	-0.000208771	5.63451	-0.00122985	0	1.9414e-06	5.63574
14.56	-0.000202555	5.63066	-0.00121163	0	1.91133e-06	5.63187
14.57	-0.000196356	5.62681	-0.00119368	0	1.88173e-06	5.628
14.58	-0.000190174	5.62297	-0.001176	0	1.85258e-06	5.62414
14.59	-0.000184008	5.61913	-0.00115858	0	1.82388e-06	5.62029
14.6	-0.000177858	5.6153	-0.00114141	0	1.79563e-06	5.61644
14.61	-0.000171723	5.61147	-0.0011245	0	1.76782e-06	5.61259
14.62	-0.000165603	5.60765	-0.00110784	0	1.74044e-06	5.60876
14.63	-0.000159498	5.60383	-0.00109143	0	1.71349e-06	5.60492
14.64	-0.000153405	5.60002	-0.00107526	0	1.68695e-06	5.60109
14.65	-0.000147326	5.59621	-0.00105934	0	1.66083e-06	5.59727
14.66	-0.00014126	5.59241	-0.00104364	0	1.63511e-06	5.59345
14.67	-0.000135206	5.58861	-0.00102818	0	1.60979e-06	5.58964
14.68	-0.000129163	5.58482	-0.00101295	0	1.58486e-06	5.58583
14.69	-0.000123131	5.58103	-0.000997943	0	1.56032e-06	5.58203
14.7	-0.00011711	5.57725	-0.00098316	0	1.53616e-06	5.57823
14.71	-0.000111099	5.57347	-0.000968595	0	1.51237e-06	5.57444
14.72	-0.000105098	5.5697	-0.000954246	0	1.48896e-06	5.57065
14.73	-9.91052e-05	5.56593	-0.00094011	0	1.46591e-06	5.56687
14.74	-9.31212e-05	5.56217	-0.000926183	0	1.44321e-06	5.56309
14.75	-8.7145e-05	5.55841	-0.000912462	0	1.42087e-06	5.55932
14.76	-8.11764e-05	5.55466	-0.000898944	0	1.39887e-06	5.55556
14.77	-7.52146e-05	5.55091	-0.000885627	0	1.37721e-06	5.55179
14.78	-6.92594e-05	5.54717	-0.000872507	0	1.35589e-06	5.54804
14.79	-6.331e-05	5.54343	-0.000859582	0	1.3349e-06	5.54429
14.8	-5.7366e-05	5.5397	-0.000846848	0	1.31424e-06	5.54054
14.81	-5.14269e-05	5.53597	-0.000834302	0	1.2939e-06	5.5368
14.82	-4.54923e-05	5.53224	-0.000821943	0	1.27387e-06	5.53306
14.83	-3.95615e-05	5.52852	-0.000809766	0	1.25415e-06	5.52933
14.84	-3.36341e-05	5.52481	-0.00079777	0	1.23474e-06	5.52561
14.85	-2.77095e-05	5.5211	-0.000785952	0	1.21563e-06	5.52189
14.86	-2.17873e-05	5.5174	-0.000774308	0	1.19682e-06	5.51817
14.87	-1.5867e-05	5.5137	-0.000762838	0	1.17829e-06	5.51446
14.88	-9.94804e-06	5.51	-0.000751537	0	1.16006e-06	5.51075
14.89	-4.02992e-06	5.50631	-0.000740403	0	1.1421e-06	5.50705
14.9	1.88786e-06	5.50263	-0.000729435	0	1.12443e-06	5.50336
14.91	7.8058e-06	5.49895	-0.000718629	0	1.10703e-06	5.49966
14.92	1.37244e-05	5.49527	-0.000707983	0	1.0899e-06	5.49598
14.93	1.96442e-05	5.4916	-0.000697494	0	1.07303e-06	5.4923
14.94	2.55656e-05	5.48794	-0.000687161	0	1.05643e-06	5.48862
14.95	3.14892e-05	5.48427	-0.000676982	0	1.04008e-06	5.48495
14.96	3.74155e-05	5.48062	-0.000666953	0	1.02399e-06	5.48128
14.97	4.3345e-05	5.47697	-0.000657072	0	1.00815e-06	5.47762
14.98	4.92782e-05	5.47332	-0.000647338	0	9.9255e-07	5.47397
14.99	5.52156e-05	5.46968	-0.000637748	0	9.77194e-07	5.47031
