0	0	-nan	-44.0186	inf	-inf	22.2927
0.01	9.86651e-17	2.48998e+06	-44.0186	2.49e+06	-0.00427597	22.2927
0.02	2.72251e-10	622478	-44.0186	622500	-0.00217014	22.2926
0.03	1.63348e-09	276645	-44.0186	276667	-0.00146851	22.2925
0.04	5.44482e-09	155603	-44.0186	155625	-0.00111795	22.2923
0.05	1.36117e-08	99578.3	-44.0186	99600	-0.000907804	22.2921
0.06	2.85836e-08	69144.9	-44.0186	69166.7	-0.000767879	22.2919
0.07	5.33541e-08	50794.6	-44.0186	50816.3	-0.000668079	22.2915
0.08	9.14602e-08	38884.5	-44.0186	38906.2	-0.000593359	22.2912
0.09	1.46982e-07	30719	-44.0186	30740.7	-0.000535361	22.2908
0.1	2.24544e-07	24878.3	-44.0186	24900	-0.00048907	22.2903
0.11	3.29311e-07	20556.8	-44.0185	20578.5	-0.000451295	22.2898
0.12	4.66992e-07	17269.9	-44.0185	17291.7	-0.000419908	22.2892
0.13	6.43836e-07	14712	-44.0185	14733.7	-0.000393435	22.2886
0.14	8.66634e-07	12682.4	-44.0185	12704.1	-0.000370826	22.288
0.15	1.14272e-06	11044.9	-44.0185	11066.7	-0.000351309	22.2872
0.16	1.47996e-06	9704.83	-44.0185	9726.56	-0.000334304	22.2865
0.17	1.88677e-06	8594.18	-44.0185	8615.92	-0.000319371	22.2857
0.18	2.37209e-06	7663.45	-44.0185	7685.19	-0.000306163	22.2848
0.19	2.94542e-06	6875.77	-44.0185	6897.51	-0.000294411	22.2839
0.2	3.61677e-06	6203.26	-44.0184	6225	-0.000283896	22.283
0.21	4.39671e-06	5624.52	-44.0184	5646.26	-0.000274443	22.282
0.22	5.29633e-06	5122.89	-44.0184	5144.63	-0.000265907	22.2809
0.23	6.32726e-06	4685.26	-44.0184	4706.99	-0.000258171	22.2798
0.24	7.50165e-06	4301.18	-44.0184	4322.92	-0.000251134	22.2787
0.25	8.83221e-06	3962.26	-44.0184	3984	-0.000244714	22.2775
0.26	1.03322e-05	3661.69	-44.0184	3683.43	-0.00023884	22.2762
0.27	1.20152e-05	3393.89	-44.0184	3415.64	-0.000233452	22.2749
0.28	1.38958e-05	3154.28	-44.0183	3176.02	-0.0002285	22.2736
0.29	1.59885e-05	2939.01	-44.0183	2960.76	-0.000223938	22.2722
0.3	1.83088e-05	2744.92	-44.0183	2766.67	-0.000219728	22.2708
0.31	2.08726e-05	2569.3	-44.0183	2591.05	-0.000215838	22.2693
0.32	2.36961e-05	2409.89	-44.0183	2431.64	-0.000212237	22.2677
0.33	2.67964e-05	2264.75	-44.0183	2286.5	-0.0002089	22.2662
0.34	3.01908e-05	2132.23	-44.0183	2153.98	-0.000205805	22.2645
0.35	3.38973e-05	2010.9	-44.0182	2032.65	-0.000202931	22.2628
0.36	3.79344e-05	1899.54	-44.0182	1921.3	-0.00020026	22.2611
0.37	4.2321e-05	1797.09	-44.0182	1818.85	-0.000197778	22.2593
0.38	4.70766e-05	1702.62	-44.0182	1724.38	-0.000195469	22.2575
0.39	5.22212e-05	1615.32	-44.0182	1637.08	-0.00019332	22.2556
0.4	5.77754e-05	1534.49	-44.0182	1556.25	-0.000191322	22.2537
0.41	6.37601e-05	1459.49	-44.0182	1481.26	-0.000189462	22.2517
0.42	7.01969e-05	1389.8	-44.0181	1411.56	-0.000187732	22.2497
0.43	7.71078e-05	1324.9	-44.0181	1346.67	-0.000186123	22.2476
0.44	8.45154e-05	1264.38	-44.0181	1286.16	-0.000184628	22.2455
0.45	9.24427e-05	1207.85	-44.0181	1229.63	-0.00018324	22.2433
0.46	0.000100913	1154.97	-44.0181	1176.75	-0.000181952	22.2411
0.47	0.000109951	1105.43	-44.0181	1127.21	-0.000180758	22.2388
0.48	0.000119581	1058.95	-44.018	1080.73	-0.000179654	22.2365
0.49	0.000129827	1015.28	-44.018	1037.07	-0.000178634	22.2341
0.5	0.000140716	974.214	-44.018	996	-0.000177693	22.2317
0.51	0.000152273	935.535	-44.018	957.324	-0.000176828	22.2293
0.52	0.000164524	899.067	-44.018	920.858	-0.000176036	22.2267
0.53	0.000177498	864.643	-44.0179	886.436	-0.000175311	22.2242
0.54	0.000191221	832.113	-44.0179	853.909	-0.000174652	22.2216
0.55	0.000205721	801.341	-44.0179	823.14	-0.000174055	22.2189
0.56	0.000221026	772.203	-44.0179	794.005	-0.000173517	22.2162
0.57	0.000237166	744.585	-44.0179	766.39	-0.000173036	22.2134
0.58	0.00025417	718.383	-44.0178	740.19	-0.00017261	22.2106
0.59	0.000272067	693.501	-44.0178	715.312	-0.000172236	22.2078
0.6	0.000290888	669.854	-44.0178	691.667	-0.000171912	22.2049
0.61	0.000310664	647.359	-44.0178	669.175	-0.000171636	22.2019
0.62	0.000331425	625.944	-44.0178	647.763	-0.000171407	22.1989
0.63	0.000353204	605.54	-44.0177	627.362	-0.000171223	22.1959
0.64	0.000376033	586.085	-44.0177	607.91	-0.000171082	22.1928
0.65	0.000399943	567.521	-44.0177	589.349	-0.000170982	22.1896
0.66	0.000424969	549.794	-44.0177	571.625	-0.000170924	22.1864
0.67	0.000451143	532.855	-44.0176	554.689	-0.000170904	22.1832
0.68	0.0004785	516.657	-44.0176	538.495	-0.000170923	22.1799
0.69	0.000507074	501.158	-44.0176	522.999	-0.000170979	22.1765
0.7	0.000536899	486.319	-44.0176	508.163	-0.00017107	22.1731
0.71	0.000568011	472.102	-44.0175	493.95	-0.000171197	22.1697
0.72	0.000600445	458.473	-44.0175	480.324	-0.000171357	22.1662
0.73	0.000634238	445.4	-44.0175	467.255	-0.000171551	22.1627
0.74	0.000669426	432.853	-44.0175	454.711	-0.000171778	22.1591
0.75	0.000706046	420.804	-44.0174	442.667	-0.000172036	22.1554
0.76	0.000744135	409.228	-44.0174	431.094	-0.000172325	22.1518
0.77	0.000783731	398.1	-44.0174	419.97	-0.000172644	22.148
0.78	0.000824872	387.397	-44.0174	409.27	-0.000172993	22.1442
0.79	0.000867596	377.097	-44.0173	398.975	-0.000173372	22.1404
0.8	0.000911943	367.182	-44.0173	389.062	-0.000173779	22.1365
0.81	0.000957952	357.63	-44.0173	379.515	-0.000174214	22.1326
0.82	0.00100566	348.426	-44.0172	370.315	-0.000174677	22.1286
0.83	0.00105512	339.553	-44.0172	361.446	-0.000175167	22.1246
0.84	0.00110635	330.994	-44.0172	352.891	-0.000175685	22.1205
0.85	0.00115941	322.736	-44.0172	344.637	-0.000176228	22.1164
0.86	0.00121433	314.763	-44.0171	336.668	-0.000176798	22.1122
0.87	0.00127116	307.064	-44.0171	328.973	-0.000177394	22.108
0.88	0.00132994	299.626	-44.0171	321.539	-0.000178015	22.1037
0.89	0.0013907	292.436	-44.017	314.354	-0.000178661	22.0994
0.9	0.0014535	285.485	-44.017	307.407	-0.000179332	22.095
0.91	0.00151838	278.762	-44.017	300.688	-0.000180028	22.0906
0.92	0.00158538	272.256	-44.0169	294.187	-0.000180749	22.0861
0.93	0.00165454	265.959	-44.0169	287.895	-0.000181494	22.0816
0.94	0.0017259	259.862	-44.0169	281.802	-0.000182263	22.0771
0.95	0.00179952	253.956	-44.0168	275.9	-0.000183056	22.0724
0.96	0.00187544	248.233	-44.0168	270.182	-0.000183873	22.0678
0.97	0.0019537	242.686	-44.0167	264.64	-0.000184714	22.0631
0.98	0.00203435	237.308	-44.0167	259.267	-0.000185578	22.0583
0.99	0.00211743	232.092	-44.0167	254.056	-0.000186465	22.0535
1	0.00220299	227.032	-44.0166	249	-0.000187376	22.0486
1.01	0.00229108	222.121	-44.0166	244.094	-0.00018831	22.0437
1.02	0.00238174	217.353	-44.0166	239.331	-0.000189268	22.0388
1.03	0.00247502	212.723	-44.0165	234.706	-0.000190248	22.0338
1.04	0.00257097	208.227	-44.0165	230.214	-0.000191252	22.0287
1.05	0.00266964	203.857	-44.0164	225.85	-0.000192279	22.0236
1.06	0.00277106	199.611	-44.0164	221.609	-0.000193328	22.0185
1.07	0.0028753	195.483	-44.0163	217.486	-0.000194401	22.0133
1.08	0.0029824	191.469	-44.0163	213.477	-0.000195497	22.008
1.09	0.00309241	187.565	-44.0163	209.578	-0.000196616	22.0027
1.1	0.00320537	183.766	-44.0162	205.785	-0.000197758	21.9974
1.11	0.00332135	180.07	-44.0162	202.094	-0.000198923	21.992
1.12	0.00344038	176.471	-44.0161	198.501	-0.000200111	21.9865
1.13	0.00356251	172.968	-44.0161	195.004	-0.000201322	21.9811
1.14	0.00368781	169.557	-44.016	191.597	-0.000202556	21.9755
1.15	0.00381631	166.234	-44.016	188.28	-0.000203814	21.9699
1.16	0.00394807	162.996	-44.0159	185.048	-0.000205095	21.9643
1.17	0.00408314	159.84	-44.0159	181.898	-0.000206399	21.9586
1.18	0.00422157	156.765	-44.0158	178.828	-0.000207727	21.9529
1.19	0.00436341	153.766	-44.0158	175.835	-0.000209078	21.9471
1.2	0.00450871	150.842	-44.0157	172.917	-0.000210453	21.9412
1.21	0.00465753	147.99	-44.0157	170.07	-0.000211852	21.9354
1.22	0.00480991	145.207	-44.0156	167.294	-0.000213274	21.9294
1.23	0.00496592	142.492	-44.0156	164.585	-0.000214721	21.9234
1.24	0.00512559	139.842	-44.0155	161.941	-0.000216191	21.9174
1.25	0.00528899	137.256	-44.0155	159.36	-0.000217686	21.9113
1.26	0.00545616	134.73	-44.0154	156.841	-0.000219206	21.9052
1.27	0.00562717	132.264	-44.0153	154.38	-0.000220749	21.899
1.28	0.00580205	129.855	-44.0153	151.978	-0.000222318	21.8928
1.29	0.00598088	127.502	-44.0152	149.63	-0.000223911	21.8865
1.3	0.00616369	125.202	-44.0152	147.337	-0.000225529	21.8802
1.31	0.00635055	122.955	-44.0151	145.096	-0.000227172	21.8738
1.32	0.0065415	120.758	-44.015	142.906	-0.000228841	21.8674
1.33	0.0067366	118.611	-44.015	140.765	-0.000230535	21.861
1.34	0.00693591	116.512	-44.0149	138.672	-0.000232254	21.8544
1.35	0.00713948	114.458	-44.0149	136.626	-0.000234	21.8479
1.36	0.00734736	112.45	-44.0148	134.624	-0.000235771	21.8413
1.37	0.00755961	110.485	-44.0147	132.666	-0.000237569	21.8346
1.38	0.00777628	108.563	-44.0147	130.75	-0.000239393	21.8279
1.39	0.00799743	106.682	-44.0146	128.875	-0.000241244	21.8211
1.4	0.00822311	104.84	-44.0145	127.041	-0.000243122	21.8143
1.41	0.00845338	103.038	-44.0144	125.245	-0.000245027	21.8075
1.42	0.00868829	101.273	-44.0144	123.487	-0.000246959	21.8005
1.43	0.0089279	99.5454	-44.0143	121.766	-0.000248919	21.7936
1.44	0.00917226	97.8531	-44.0142	120.081	-0.000250907	21.7866
1.45	0.00942142	96.1956	-44.0141	118.43	-0.000252922	21.7795
1.46	0.00967545	94.5718	-44.0141	116.814	-0.000254966	21.7724
1.47	0.0099344	92.9808	-44.014	115.23	-0.000257039	21.7653
1.48	0.0101983	91.4218	-44.0139	113.678	-0.00025914	21.7581
1.49	0.0104673	89.8938	-44.0138	112.157	-0.000261271	21.7508
1.5	0.0107413	88.3962	-44.0138	110.667	-0.000263431	21.7435
1.51	0.0110205	86.928	-44.0137	109.206	-0.00026562	21.7362
1.52	0.0113049	85.4885	-44.0136	107.774	-0.00026784	21.7288
1.53	0.0115945	84.0769	-44.0135	106.369	-0.000270089	21.7213
1.54	0.0118894	82.6926	-44.0134	104.992	-0.000272369	21.7138
1.55	0.0121897	81.3347	-44.0133	103.642	-0.00027468	21.7063
1.56	0.0124954	80.0027	-44.0132	102.318	-0.000277023	21.6987
1.57	0.0128066	78.6959	-44.0132	101.018	-0.000279396	21.6911
1.58	0.0131233	77.4137	-44.0131	99.7436	-0.000281801	21.6834
1.59	0.0134456	76.1553	-44.013	98.4929	-0.000284239	21.6756
1.6	0.0137736	74.9203	-44.0129	97.2656	-0.000286708	21.6679
1.61	0.0141072	73.7081	-44.0128	96.0611	-0.000289211	21.66
1.62	0.0144466	72.518	-44.0127	94.8788	-0.000291746	21.6521
1.63	0.0147918	71.3496	-44.0126	93.7182	-0.000294315	21.6442
1.64	0.0151429	70.2023	-44.0125	92.5788	-0.000296918	21.6362
1.65	0.0154999	69.0756	-44.0124	91.4601	-0.000299555	21.6282
1.66	0.0158628	67.969	-44.0123	90.3614	-0.000302227	21.6201
1.67	0.0162318	66.882	-44.0122	89.2825	-0.000304933	21.612
1.68	0.0166069	65.8142	-44.0121	88.2228	-0.000307674	21.6038
1.69	0.0169881	64.7651	-44.012	87.1818	-0.000310451	21.5956
1.7	0.0173755	63.7343	-44.0119	86.1592	-0.000313265	21.5873
1.71	0.0177692	62.7213	-44.0117	85.1544	-0.000316114	21.579
1.72	0.0181691	61.7258	-44.0116	84.1671	-0.000319001	21.5706
1.73	0.0185754	60.7473	-44.0115	83.1969	-0.000321924	21.5622
1.74	0.0189882	59.7854	-44.0114	82.2434	-0.000324885	21.5537
1.75	0.0194074	58.8397	-44.0113	81.3061	-0.000327885	21.5452
1.76	0.0198331	57.91	-44.0112	80.3848	-0.000330922	21.5366
1.77	0.0202654	56.9957	-44.011	79.4791	-0.000333999	21.528
1.78	0.0207044	56.0967	-44.0109	78.5886	-0.000337115	21.5193
1.79	0.02115	55.2124	-44.0108	77.7129	-0.000340271	21.5106
1.8	0.0216023	54.3427	-44.0107	76.8519	-0.000343467	21.5019
1.81	0.0220615	53.4872	-44.0105	76.005	-0.000346703	21.4931
1.82	0.0225275	52.6455	-44.0104	75.1721	-0.000349981	21.4842
1.83	0.0230004	51.8174	-44.0103	74.3528	-0.0003533	21.4753
1.84	0.0234803	51.0026	-44.0101	73.5468	-0.000356662	21.4663
1.85	0.0239671	50.2008	-44.01	72.7538	-0.000360066	21.4573
1.86	0.024461	49.4117	-44.0099	71.9736	-0.000363513	21.4483
1.87	0.024962	48.635	-44.0097	71.2059	-0.000367004	21.4392
1.88	0.0254702	47.8705	-44.0096	70.4504	-0.000370539	21.43
1.89	0.0259856	47.1179	-44.0094	69.7069	-0.000374118	21.4208
1.9	0.0265083	46.377	-44.0093	68.9751	-0.000377743	21.4116
1.91	0.0270383	45.6474	-44.0091	68.2547	-0.000381413	21.4023
1.92	0.0275756	44.9291	-44.009	67.5456	-0.000385129	21.3929
1.93	0.0281204	44.2217	-44.0088	66.8474	-0.000388892	21.3835
1.94	0.0286727	43.5251	-44.0087	66.1601	-0.000392703	21.3741
1.95	0.0292324	42.8389	-44.0085	65.4832	-0.000396561	21.3646
1.96	0.0297998	42.163	-44.0084	64.8167	-0.000400468	21.355
1.97	0.0303747	41.4972	-44.0082	64.1604	-0.000404423	21.3454
1.98	0.0309573	40.8413	-44.008	63.5139	-0.000408428	21.3358
1.99	0.0315477	40.195	-44.0079	62.8772	-0.000412483	21.3261
2	0.0321458	39.5583	-44.0077	62.25	-0.000416589	21.3164
2.01	0.0327517	38.9308	-44.0075	61.6321	-0.000420747	21.3066
2.02	0.0333655	38.3124	-44.0073	61.0234	-0.000424956	21.2967
2.03	0.0339873	37.703	-44.0072	60.4237	-0.000429218	21.2868
2.04	0.0346169	37.1023	-44.007	59.8328	-0.000433533	21.2769
2.05	0.0352546	36.5101	-44.0068	59.2504	-0.000437902	21.2669
2.06	0.0359004	35.9264	-44.0066	58.6766	-0.000442325	21.2569
2.07	0.0365542	35.351	-44.0064	58.111	-0.000446804	21.2468
2.08	0.0372162	34.7836	-44.0062	57.5536	-0.000451338	21.2367
2.09	0.0378864	34.2242	-44.006	57.0042	-0.000455929	21.2265
2.1	0.0385648	33.6726	-44.0058	56.4626	-0.000460577	21.2163
2.11	0.0392515	33.1286	-44.0056	55.9287	-0.000465283	21.206
2.12	0.0399465	32.5921	-44.0054	55.4023	-0.000470048	21.1957
2.13	0.0406499	32.0629	-44.0052	54.8833	-0.000474871	21.1853
2.14	0.0413618	31.541	-44.005	54.3716	-0.000479755	21.1749
2.15	0.042082	31.0261	-44.0048	53.867	-0.0004847	21.1644
2.16	0.0428108	30.5182	-44.0046	53.3693	-0.000489706	21.1539
2.17	0.0435482	30.0171	-44.0044	52.8786	-0.000494774	21.1433
2.18	0.0442941	29.5227	-44.0041	52.3946	-0.000499905	21.1327
2.19	0.0450486	29.0348	-44.0039	51.9172	-0.0005051	21.122
2.2	0.0458119	28.5534	-44.0037	51.4463	-0.00051036	21.1113
2.21	0.0465838	28.0784	-44.0034	50.9818	-0.000515685	21.1006
2.22	0.0473645	27.6095	-44.0032	50.5235	-0.000521076	21.0897
2.23	0.048154	27.1468	-44.003	50.0714	-0.000526534	21.0789
2.24	0.0489523	26.69	-44.0027	49.6253	-0.00053206	21.068
2.25	0.0497594	26.2392	-44.0025	49.1852	-0.000537654	21.057
2.26	0.0505755	25.7941	-44.0022	48.7509	-0.000543318	21.046
2.27	0.0514005	25.3547	-44.002	48.3223	-0.000549052	21.0349
2.28	0.0522346	24.9209	-44.0017	47.8994	-0.000554858	21.0238
2.29	0.0530776	24.4926	-44.0014	47.4819	-0.000560735	21.0127
2.3	0.0539297	24.0697	-44.0012	47.0699	-0.000566685	21.0015
2.31	0.0547908	23.652	-44.0009	46.6633	-0.00057271	20.9902
2.32	0.0556611	23.2396	-44.0006	46.2619	-0.000578809	20.9789
2.33	0.0565406	22.8323	-44.0003	45.8656	-0.000584984	20.9676
2.34	0.0574292	22.43	-44.0001	45.4745	-0.000591235	20.9562
2.35	0.0583271	22.0326	-43.9998	45.0883	-0.000597564	20.9447
2.36	0.0592342	21.6401	-43.9995	44.707	-0.000603972	20.9332
2.37	0.0601506	21.2524	-43.9992	44.3305	-0.000610459	20.9217
2.38	0.0610763	20.8694	-43.9989	43.9588	-0.000617026	20.9101
2.39	0.0620114	20.4909	-43.9986	43.5917	-0.000623676	20.8984
2.4	0.0629559	20.117	-43.9983	43.2292	-0.000630407	20.8868
2.41	0.0639098	19.7476	-43.9979	42.8712	-0.000637223	20.875
2.42	0.0648731	19.3825	-43.9976	42.5176	-0.000644123	20.8632
2.43	0.0658459	19.0218	-43.9973	42.1684	-0.000651108	20.8514
2.44	0.0668282	18.6653	-43.997	41.8234	-0.000658181	20.8395
2.45	0.06782	18.313	-43.9966	41.4827	-0.000665341	20.8276
2.46	0.0688213	17.9647	-43.9963	41.1461	-0.00067259	20.8156
2.47	0.0698323	17.6206	-43.996	40.8137	-0.00067993	20.8035
2.48	0.0708528	17.2803	-43.9956	40.4852	-0.00068736	20.7915
2.49	0.0718829	16.944	-43.9952	40.1606	-0.000694883	20.7793
2.5	0.0729227	16.6116	-43.9949	39.84	-0.000702499	20.7671
2.51	0.0739722	16.2829	-43.9945	39.5232	-0.00071021	20.7549
2.52	0.0750314	15.9579	-43.9942	39.2101	-0.000718017	20.7426
2.53	0.0761002	15.6366	-43.9938	38.9008	-0.000725921	20.7303
2.54	0.0771788	15.3189	-43.9934	38.5951	-0.000733923	20.7179
2.55	0.0782672	15.0047	-43.993	38.293	-0.000742025	20.7055
2.56	0.0793653	14.6941	-43.9926	37.9944	-0.000750228	20.693
2.57	0.0804732	14.3868	-43.9922	37.6993	-0.000758532	20.6805
2.58	0.081591	14.083	-43.9918	37.4076	-0.00076694	20.6679
2.59	0.0827185	13.7825	-43.9914	37.1193	-0.000775453	20.6553
2.6	0.0838559	13.4852	-43.991	36.8343	-0.000784071	20.6427
2.61	0.0850031	13.1912	-43.9905	36.5526	-0.000792797	20.6299
2.62	0.0861603	12.9004	-43.9901	36.2741	-0.000801631	20.6172
2.63	0.0873273	12.6127	-43.9897	35.9988	-0.000810576	20.6044
2.64	0.0885042	12.328	-43.9892	35.7266	-0.000819631	20.5915
2.65	0.089691	12.0464	-43.9888	35.4575	-0.0008288	20.5786
2.66	0.0908877	11.7678	-43.9883	35.1914	-0.000838083	20.5656
2.67	0.0920943	11.4922	-43.9879	34.9282	-0.000847481	20.5526
2.68	0.0933109	11.2194	-43.9874	34.6681	-0.000856997	20.5396
2.69	0.0945375	10.9495	-43.9869	34.4108	-0.000866631	20.5264
2.7	0.095774	10.6824	-43.9864	34.1564	-0.000876386	20.5133
2.71	0.0970204	10.418	-43.9859	33.9048	-0.000886262	20.5001
2.72	0.0982768	10.1564	-43.9854	33.6559	-0.000896261	20.4868
2.73	0.0995432	9.8975	-43.9849	33.4098	-0.000906385	20.4735
2.74	0.10082	9.64124	-43.9844	33.1664	-0.000916636	20.4602
2.75	0.102106	9.38758	-43.9839	32.9256	-0.000927014	20.4468
2.76	0.103402	9.13649	-43.9834	32.6875	-0.000937522	20.4333
2.77	0.104709	8.88793	-43.9828	32.4519	-0.000948161	20.4198
2.78	0.106025	8.64188	-43.9823	32.2188	-0.000958933	20.4063
2.79	0.107351	8.39828	-43.9817	31.9883	-0.00096984	20.3927
2.8	0.108688	8.15711	-43.9812	31.7602	-0.000980882	20.379
2.81	0.110034	7.91832	-43.9806	31.5346	-0.000992063	20.3653
2.82	0.11139	7.6819	-43.98	31.3113	-0.00100338	20.3516
2.83	0.112756	7.44779	-43.9794	31.0904	-0.00101485	20.3378
2.84	0.114132	7.21598	-43.9788	30.8719	-0.00102645	20.324
2.85	0.115519	6.98642	-43.9782	30.6556	-0.0010382	20.3101
2.86	0.116915	6.75909	-43.9776	30.4416	-0.0010501	20.2961
2.87	0.118321	6.53395	-43.977	30.2298	-0.00106215	20.2822
2.88	0.119737	6.31097	-43.9763	30.0203	-0.00107434	20.2681
2.89	0.121163	6.09013	-43.9757	29.8129	-0.00108669	20.254
2.9	0.122599	5.87138	-43.975	29.6076	-0.0010992	20.2399
2.91	0.124044	5.65471	-43.9744	29.4045	-0.00111186	20.2257
2.92	0.1255	5.44009	-43.9737	29.2034	-0.00112468	20.2115
2.93	0.126966	5.22748	-43.973	29.0044	-0.00113766	20.1972
2.94	0.128441	5.01686	-43.9723	28.8074	-0.0011508	20.1829
2.95	0.129926	4.8082	-43.9716	28.6125	-0.00116411	20.1685
2.96	0.131421	4.60147	-43.9709	28.4195	-0.00117759	20.1541
2.97	0.132926	4.39666	-43.9702	28.2284	-0.00119123	20.1396
2.98	0.134441	4.19372	-43.9694	28.0393	-0.00120505	20.1251
2.99	0.135966	3.99264	-43.9687	27.852	-0.00121903	20.1105
3	0.1375	3.7934	-43.9679	27.6667	-0.0012332	20.0959
3.01	0.139044	3.59596	-43.9672	27.4831	-0.00124754	20.0812
3.02	0.140598	3.4003	-43.9664	27.3014	-0.00126206	20.0665
3.03	0.142161	3.2064	-43.9656	27.1215	-0.00127676	20.0517
3.04	0.143734	3.01424	-43.9648	26.9434	-0.00129165	20.0369
3.05	0.145317	2.82379	-43.964	26.767	-0.00130673	20.022
3.06	0.146909	2.63503	-43.9631	26.5923	-0.00132199	20.0071
3.07	0.148511	2.44793	-43.9623	26.4194	-0.00133745	19.9922
3.08	0.150123	2.26248	-43.9614	26.2481	-0.0013531	19.9772
3.09	0.151744	2.07866	-43.9606	26.0785	-0.00136895	19.9621
3.1	0.153374	1.89644	-43.9597	25.9105	-0.001385	19.947
3.11	0.155014	1.7158	-43.9588	25.7442	-0.00140125	19.9318
3.12	0.156663	1.53672	-43.9579	25.5794	-0.0014177	19.9166
3.13	0.158322	1.35918	-43.957	25.4162	-0.00143436	19.9014
3.14	0.15999	1.18317	-43.956	25.2546	-0.00145123	19.8861
3.15	0.161668	1.00866	-43.9551	25.0945	-0.00146832	19.8707
3.16	0.163354	0.835625	-43.9541	24.9359	-0.00148561	19.8553
3.17	0.16505	0.664058	-43.9531	24.7788	-0.00150313	19.8399
3.18	0.166756	0.493936	-43.9521	24.6232	-0.00152087	19.8244
3.19	0.16847	0.325241	-43.9511	24.4691	-0.00153883	19.8088
3.2	0.170193	0.157954	-43.9501	24.3164	-0.00155701	19.7932
3.21	0.171926	-0.00794081	-43.9491	24.1651	-0.00157543	19.7776
3.22	0.173667	-0.172462	-43.948	24.0153	-0.00159407	19.7619
3.23	0.175418	-0.335627	-43.9469	23.8668	-0.00161296	19.7461
3.24	0.177177	-0.497453	-43.9459	23.7197	-0.00163208	19.7303
3.25	0.178946	-0.657955	-43.9448	23.574	-0.00165144	19.7145
3.26	0.180723	-0.817151	-43.9436	23.4296	-0.00167105	19.6986
3.27	0.182509	-0.975057	-43.9425	23.2865	-0.0016909	19.6827
3.28	0.184303	-1.13169	-43.9414	23.1447	-0.001711	19.6667
3.29	0.186107	-1.28706	-43.9402	23.0042	-0.00173136	19.6506
3.3	0.187919	-1.44119	-43.939	22.865	-0.00175198	19.6345
3.31	0.189739	-1.59409	-43.9378	22.7271	-0.00177285	19.6184
3.32	0.191568	-1.74577	-43.9366	22.5904	-0.00179399	19.6022
3.33	0.193406	-1.89626	-43.9353	22.4549	-0.0018154	19.586
3.34	0.195252	-2.04556	-43.9341	22.3206	-0.00183707	19.5697
3.35	0.197106	-2.1937	-43.9328	22.1876	-0.00185902	19.5534
3.36	0.198968	-2.34067	-43.9315	22.0557	-0.00188125	19.537
3.37	0.200839	-2.48651	-43.9302	21.925	-0.00190376	19.5206
3.38	0.202718	-2.63121	-43.9288	21.7955	-0.00192655	19.5041
3.39	0.204605	-2.7748	-43.9275	21.6671	-0.00194963	19.4876
3.4	0.2065	-2.91729	-43.9261	21.5398	-0.00197301	19.471
3.41	0.208403	-3.05868	-43.9247	21.4136	-0.00199668	19.4544
3.42	0.210314	-3.199	-43.9233	21.2886	-0.00202064	19.4377
3.43	0.212232	-3.33826	-43.9219	21.1647	-0.00204492	19.421
3.44	0.214159	-3.47646	-43.9204	21.0418	-0.00206949	19.4042
3.45	0.216093	-3.61363	-43.9189	20.92	-0.00209438	19.3874
3.46	0.218034	-3.74977	-43.9174	20.7992	-0.00211959	19.3705
3.47	0.219983	-3.88489	-43.9159	20.6795	-0.00214511	19.3536
3.48	0.22194	-4.019	-43.9143	20.5608	-0.00217096	19.3367
3.49	0.223904	-4.15213	-43.9128	20.4432	-0.00219713	19.3196
3.5	0.225875	-4.28427	-43.9112	20.3265	-0.00222364	19.3026
3.51	0.227853	-4.41544	-43.9095	20.2109	-0.00225048	19.2855
3.52	0.229839	-4.54566	-43.9079	20.0962	-0.00227766	19.2683
3.53	0.231831	-4.67492	-43.9062	19.9825	-0.00230518	19.2511
3.54	0.233831	-4.80325	-43.9045	19.8698	-0.00233306	19.2338
3.55	0.235837	-4.93065	-43.9028	19.758	-0.00236129	19.2165
3.56	0.23785	-5.05713	-43.9011	19.6471	-0.00238987	19.1992
3.57	0.23987	-5.1827	-43.8993	19.5372	-0.00241882	19.1818
3.58	0.241896	-5.30738	-43.8975	19.4282	-0.00244813	19.1643
3.59	0.243929	-5.43117	-43.8957	19.3201	-0.00247782	19.1468
3.6	0.245969	-5.55408	-43.8938	19.213	-0.00250788	19.1293
3.61	0.248015	-5.67613	-43.8919	19.1067	-0.00253832	19.1117
3.62	0.250067	-5.79731	-43.89	19.0013	-0.00256915	19.094
3.63	0.252125	-5.91765	-43.8881	18.8967	-0.00260037	19.0763
3.64	0.254189	-6.03715	-43.8861	18.793	-0.00263198	19.0586
3.65	0.256259	-6.15581	-43.8841	18.6902	-0.002664	19.0408
3.66	0.258335	-6.27365	-43.8821	18.5882	-0.00269642	19.0229
3.67	0.260417	-6.39068	-43.88	18.487	-0.00272926	19.005
3.68	0.262504	-6.50691	-43.8779	18.3867	-0.00276251	18.9871
3.69	0.264597	-6.62234	-43.8758	18.2872	-0.00279618	18.9691
3.7	0.266696	-6.73698	-43.8737	18.1885	-0.00283028	18.9511
3.71	0.2688	-6.85084	-43.8715	18.0905	-0.00286481	18.933
3.72	0.270909	-6.96392	-43.8693	17.9934	-0.00289978	18.9149
3.73	0.273023	-7.07625	-43.867	17.8971	-0.00293519	18.8967
3.74	0.275142	-7.18781	-43.8648	17.8015	-0.00297105	18.8784
3.75	0.277266	-7.29863	-43.8624	17.7067	-0.00300737	18.8602
3.76	0.279395	-7.40871	-43.8601	17.6126	-0.00304415	18.8418
3.77	0.281529	-7.51806	-43.8577	17.5193	-0.00308139	18.8234
3.78	0.283667	-7.62668	-43.8553	17.4267	-0.00311911	18.805
3.79	0.28581	-7.73458	-43.8528	17.3349	-0.00315731	18.7865
3.8	0.287957	-7.84177	-43.8503	17.2438	-0.00319599	18.768
3.81	0.290108	-7.94825	-43.8478	17.1534	-0.00323516	18.7494
3.82	0.292264	-8.05404	-43.8452	17.0637	-0.00327483	18.7308
3.83	0.294423	-8.15913	-43.8426	16.9747	-0.003315	18.7121
3.84	0.296587	-8.26355	-43.84	16.8864	-0.00335568	18.6934
3.85	0.298754	-8.36728	-43.8373	16.7988	-0.00339688	18.6746
3.86	0.300925	-8.47035	-43.8346	16.7119	-0.0034386	18.6558
3.87	0.303099	-8.57275	-43.8318	16.6256	-0.00348085	18.637
3.88	0.305277	-8.67449	-43.829	16.54	-0.00352363	18.618
3.89	0.307458	-8.77558	-43.8262	16.4551	-0.00356696	18.5991
3.9	0.309642	-8.87603	-43.8233	16.3708	-0.00361084	18.5801
3.91	0.311829	-8.97583	-43.8203	16.2872	-0.00365527	18.561
3.92	0.314019	-9.07501	-43.8174	16.2042	-0.00370027	18.5419
3.93	0.316212	-9.17355	-43.8143	16.1218	-0.00374584	18.5227
3.94	0.318408	-9.27147	-43.8113	16.0401	-0.00379198	18.5035
3.95	0.320606	-9.36878	-43.8082	15.959	-0.00383871	18.4842
3.96	0.322806	-9.46548	-43.805	15.8785	-0.00388604	18.4649
3.97	0.325008	-9.56157	-43.8018	15.7986	-0.00393396	18.4456
3.98	0.327213	-9.65706	-43.7986	15.7193	-0.00398249	18.4262
3.99	0.32942	-9.75196	-43.7953	15.6406	-0.00403164	18.4067
4	0.331628	-9.84626	-43.7919	15.5625	-0.00408141	18.3872
4.01	0.333838	-9.93999	-43.7885	15.485	-0.00413181	18.3677
4.02	0.33605	-10.0331	-43.7851	15.408	-0.00418285	18.3481
4.03	0.338263	-10.1257	-43.7815	15.3317	-0.00423454	18.3284
4.04	0.340478	-10.2177	-43.778	15.2559	-0.00428688	18.3087
4.05	0.342693	-10.3091	-43.7744	15.1806	-0.00433988	18.289
4.06	0.34491	-10.4	-43.7707	15.1059	-0.00439356	18.2692
4.07	0.347127	-10.4903	-43.767	15.0318	-0.00444791	18.2493
4.08	0.349345	-10.5801	-43.7632	14.9582	-0.00450295	18.2294
4.09	0.351563	-10.6693	-43.7594	14.8851	-0.00455869	18.2095
4.1	0.353782	-10.758	-43.7555	14.8126	-0.00461514	18.1895
4.11	0.356001	-10.8462	-43.7516	14.7406	-0.0046723	18.1695
4.12	0.358221	-10.9338	-43.7476	14.6691	-0.00473018	18.1494
4.13	0.36044	-11.0209	-43.7435	14.5982	-0.0047888	18.1292
4.14	0.362659	-11.1074	-43.7394	14.5278	-0.00484815	18.109
4.15	0.364878	-11.1935	-43.7352	14.4578	-0.00490826	18.0888
4.16	0.367096	-11.279	-43.731	14.3884	-0.00496913	18.0685
4.17	0.369313	-11.364	-43.7267	14.3195	-0.00503076	18.0482
4.18	0.37153	-11.4485	-43.7223	14.251	-0.00509318	18.0278
4.19	0.373745	-11.5325	-43.7179	14.1831	-0.00515638	18.0074
4.2	0.37596	-11.616	-43.7134	14.1156	-0.00522038	17.9869
4.21	0.378173	-11.6991	-43.7088	14.0487	-0.00528519	17.9664
4.22	0.380385	-11.7816	-43.7042	13.9822	-0.00535082	17.9458
4.23	0.382595	-11.8636	-43.6995	13.9161	-0.00541727	17.9252
4.24	0.384804	-11.9451	-43.6947	13.8506	-0.00548457	17.9045
4.25	0.38701	-12.0262	-43.6899	13.7855	-0.00555271	17.8838
4.26	0.389214	-12.1067	-43.6849	13.7208	-0.00562171	17.863
4.27	0.391416	-12.1868	-43.68	13.6566	-0.00569159	17.8422
4.28	0.393616	-12.2665	-43.6749	13.5929	-0.00576234	17.8213
4.29	0.395813	-12.3456	-43.6698	13.5296	-0.00583398	17.8004
4.3	0.398008	-12.4243	-43.6645	13.4667	-0.00590653	17.7794
4.31	0.400199	-12.5025	-43.6592	13.4043	-0.00597999	17.7584
4.32	0.402387	-12.5803	-43.6539	13.3423	-0.00605437	17.7373
4.33	0.404572	-12.6576	-43.6484	13.2808	-0.00612969	17.7162
4.34	0.406754	-12.7344	-43.6429	13.2196	-0.00620595	17.6951
4.35	0.408932	-12.8108	-43.6373	13.1589	-0.00628318	17.6739
4.36	0.411106	-12.8867	-43.6316	13.0986	-0.00636137	17.6526
4.37	0.413277	-12.9622	-43.6258	13.0388	-0.00644055	17.6313
4.38	0.415443	-13.0373	-43.62	12.9793	-0.00652072	17.6099
4.39	0.417605	-13.1119	-43.614	12.9202	-0.00660189	17.5885
4.4	0.419762	-13.186	-43.608	12.8616	-0.00668409	17.5671
4.41	0.421915	-13.2598	-43.6019	12.8033	-0.00676731	17.5456
4.42	0.424063	-13.333	-43.5956	12.7454	-0.00685158	17.524
4.43	0.426207	-13.4059	-43.5893	12.688	-0.0069369	17.5024
4.44	0.428345	-13.4783	-43.5829	12.6309	-0.00702329	17.4807
4.45	0.430477	-13.5503	-43.5764	12.5742	-0.00711077	17.459
4.46	0.432604	-13.6219	-43.5698	12.5178	-0.00719933	17.4373
4.47	0.434726	-13.693	-43.5632	12.4619	-0.007289	17.4155
4.48	0.436842	-13.7638	-43.5564	12.4063	-0.0073798	17.3937
4.49	0.438951	-13.8341	-43.5495	12.3511	-0.00747172	17.3718
4.5	0.441055	-13.904	-43.5425	12.2963	-0.0075648	17.3498
4.51	0.443152	-13.9734	-43.5354	12.2418	-0.00765903	17.3278
4.52	0.445242	-14.0425	-43.5282	12.1877	-0.00775444	17.3058
4.53	0.447326	-14.1111	-43.5209	12.134	-0.00785103	17.2837
4.54	0.449403	-14.1793	-43.5135	12.0806	-0.00794883	17.2616
4.55	0.451472	-14.2471	-43.506	12.0275	-0.00804785	17.2394
4.56	0.453535	-14.3145	-43.4984	11.9748	-0.00814809	17.2171
4.57	0.45559	-14.3815	-43.4906	11.9225	-0.00824959	17.1948
4.58	0.457637	-14.4481	-43.4828	11.8705	-0.00835234	17.1725
4.59	0.459677	-14.5143	-43.4748	11.8188	-0.00845637	17.1501
4.6	0.461708	-14.5801	-43.4667	11.7675	-0.00856168	17.1277
4.61	0.463732	-14.6455	-43.4585	11.7165	-0.0086683	17.1052
4.62	0.465747	-14.7105	-43.4502	11.6658	-0.00877624	17.0827
4.63	0.467753	-14.7751	-43.4418	11.6155	-0.00888552	17.0601
4.64	0.469751	-14.8392	-43.4332	11.5655	-0.00899615	17.0375
4.65	0.471739	-14.903	-43.4245	11.5158	-0.00910814	17.0148
4.66	0.473719	-14.9664	-43.4157	11.4664	-0.00922151	16.9921
4.67	0.47569	-15.0294	-43.4067	11.4174	-0.00933629	16.9693
4.68	0.477651	-15.092	-43.3976	11.3686	-0.00945248	16.9465
4.69	0.479602	-15.1542	-43.3884	11.3202	-0.00957009	16.9236
4.7	0.481543	-15.216	-43.3791	11.2721	-0.00968916	16.9007
4.71	0.483475	-15.2774	-43.3696	11.2243	-0.00980968	16.8777
4.72	0.485396	-15.3385	-43.36	11.1767	-0.00993169	16.8547
4.73	0.487307	-15.3991	-43.3502	11.1295	-0.0100552	16.8316
4.74	0.489207	-15.4593	-43.3403	11.0826	-0.0101802	16.8085
4.75	0.491097	-15.5192	-43.3303	11.036	-0.0103068	16.7853
4.76	0.492975	-15.5787	-43.3201	10.9897	-0.0104349	16.7621
4.77	0.494843	-15.6378	-43.3097	10.9437	-0.0105645	16.7389
4.78	0.496699	-15.6964	-43.2992	10.8979	-0.0106958	16.7156
4.79	0.498544	-15.7547	-43.2886	10.8525	-0.0108286	16.6922
4.8	0.500377	-15.8127	-43.2778	10.8073	-0.0109631	16.6688
4.81	0.502198	-15.8702	-43.2668	10.7624	-0.0110992	16.6453
4.82	0.504007	-15.9273	-43.2557	10.7178	-0.0112369	16.6218
4.83	0.505804	-15.9841	-43.2444	10.6735	-0.0113763	16.5983
4.84	0.507589	-16.0404	-43.233	10.6294	-0.0115174	16.5747
4.85	0.509361	-16.0964	-43.2214	10.5856	-0.0116603	16.551
4.86	0.51112	-16.152	-43.2096	10.5421	-0.0118048	16.5273
4.87	0.512867	-16.2072	-43.1976	10.4988	-0.0119511	16.5036
4.88	0.5146	-16.262	-43.1855	10.4559	-0.0120992	16.4798
4.89	0.51632	-16.3164	-43.1732	10.4131	-0.012249	16.4559
4.9	0.518027	-16.3705	-43.1607	10.3707	-0.0124007	16.432
4.91	0.519719	-16.4241	-43.1481	10.3285	-0.0125541	16.4081
4.92	0.521398	-16.4774	-43.1353	10.2865	-0.0127095	16.3841
4.93	0.523063	-16.5302	-43.1222	10.2448	-0.0128666	16.36
4.94	0.524714	-16.5827	-43.109	10.2034	-0.0130257	16.3359
4.95	0.526351	-16.6348	-43.0956	10.1622	-0.0131867	16.3118
4.96	0.527973	-16.6865	-43.082	10.1213	-0.0133495	16.2876
4.97	0.52958	-16.7378	-43.0682	10.0806	-0.0135144	16.2634
4.98	0.531172	-16.7887	-43.0543	10.0402	-0.0136811	16.2391
4.99	0.532749	-16.8392	-43.0401	9.99996	-0.0138499	16.2148
5	0.534311	-16.8893	-43.0257	9.96	-0.0140207	16.1904
5.01	0.535858	-16.9391	-43.0111	9.92028	-0.0141935	16.1659
5.02	0.537389	-16.9884	-42.9963	9.8808	-0.0143683	16.1414
5.03	0.538904	-17.0373	-42.9813	9.84155	-0.0145452	16.1169
5.04	0.540403	-17.0859	-42.966	9.80253	-0.0147242	16.0923
5.05	0.541886	-17.134	-42.9506	9.76375	-0.0149053	16.0677
5.06	0.543353	-17.1818	-42.9349	9.72519	-0.0150885	16.043
5.07	0.544804	-17.2291	-42.919	9.68687	-0.0152739	16.0183
5.08	0.546237	-17.276	-42.9029	9.64877	-0.0154614	15.9935
5.09	0.547654	-17.3226	-42.8865	9.61089	-0.0156511	15.9687
5.1	0.549055	-17.3687	-42.8699	9.57324	-0.015843	15.9438
5.11	0.550438	-17.4144	-42.8531	9.53581	-0.0160372	15.9189
5.12	0.551803	-17.4597	-42.836	9.4986	-0.0162336	15.8939
5.13	0.553151	-17.5046	-42.8187	9.4616	-0.0164324	15.8689
5.14	0.554482	-17.5491	-42.8012	9.42482	-0.0166334	15.8438
5.15	0.555795	-17.5932	-42.7834	9.38826	-0.0168367	15.8187
5.16	0.55709	-17.6369	-42.7653	9.3519	-0.0170423	15.7936
5.17	0.558367	-17.6802	-42.747	9.31576	-0.0172504	15.7683
5.18	0.559626	-17.723	-42.7284	9.27983	-0.0174608	15.7431
5.19	0.560866	-17.7654	-42.7096	9.2441	-0.0176736	15.7178
5.2	0.562087	-17.8074	-42.6905	9.20858	-0.0178889	15.6924
5.21	0.56329	-17.849	-42.6711	9.17326	-0.0181066	15.667
5.22	0.564475	-17.8901	-42.6515	9.13815	-0.0183268	15.6415
5.23	0.56564	-17.9309	-42.6316	9.10324	-0.0185494	15.616
5.24	0.566786	-17.9712	-42.6114	9.06853	-0.0187746	15.5905
5.25	0.567912	-18.011	-42.5909	9.03401	-0.0190024	15.5649
5.26	0.56902	-18.0504	-42.5701	8.9997	-0.0192327	15.5392
5.27	0.570107	-18.0894	-42.5491	8.96557	-0.0194656	15.5135
5.28	0.571175	-18.128	-42.5277	8.93165	-0.0197011	15.4878
5.29	0.572223	-18.1661	-42.5061	8.89791	-0.0199392	15.462
5.3	0.573251	-18.2038	-42.4841	8.86436	-0.02018	15.4361
5.31	0.574259	-18.241	-42.4618	8.83101	-0.0204234	15.4102
5.32	0.575246	-18.2778	-42.4392	8.79784	-0.0206696	15.3843
5.33	0.576213	-18.3141	-42.4163	8.76486	-0.0209184	15.3583
5.34	0.577159	-18.35	-42.3931	8.73206	-0.02117	15.3322
5.35	0.578085	-18.3854	-42.3696	8.69945	-0.0214244	15.3061
5.36	0.57899	-18.4204	-42.3457	8.66702	-0.0216815	15.28
5.37	0.579874	-18.4549	-42.3215	8.63477	-0.0219415	15.2538
5.38	0.580736	-18.489	-42.297	8.6027	-0.0222043	15.2276
5.39	0.581578	-18.5225	-42.2721	8.57081	-0.0224699	15.2013
5.4	0.582398	-18.5556	-42.2469	8.53909	-0.0227384	15.1749
5.41	0.583197	-18.5883	-42.2214	8.50756	-0.0230098	15.1485
5.42	0.583974	-18.6204	-42.1955	8.47619	-0.0232841	15.1221
5.43	0.584729	-18.6521	-42.1692	8.445	-0.0235614	15.0956
5.44	0.585463	-18.6833	-42.1425	8.41398	-0.0238415	15.0691
5.45	0.586174	-18.714	-42.1155	8.38313	-0.0241247	15.0425
5.46	0.586864	-18.7443	-42.0882	8.35245	-0.0244109	15.0159
5.47	0.587531	-18.774	-42.0604	8.32194	-0.0247001	14.9892
5.48	0.588176	-18.8032	-42.0323	8.2916	-0.0249923	14.9625
5.49	0.588799	-18.832	-42.0038	8.26142	-0.0252875	14.9357
5.5	0.589399	-18.8602	-41.9749	8.2314	-0.0255859	14.9089
5.51	0.589976	-18.8879	-41.9456	8.20155	-0.0258873	14.882
5.52	0.590531	-18.9152	-41.9159	8.17187	-0.0261919	14.8551
5.53	0.591063	-18.9418	-41.8858	8.14234	-0.0264996	14.8282
5.54	0.591572	-18.9677	-41.8553	8.11297	-0.0268104	14.8014
5.55	0.592058	-18.993	-41.8244	8.08376	-0.0271244	14.7748
5.56	0.592521	-19.0176	-41.7931	8.05471	-0.0274416	14.7482
5.57	0.592961	-19.0415	-41.7613	8.02581	-0.027762	14.7217
5.58	0.593377	-19.0648	-41.7291	7.99707	-0.0280856	14.6953
5.59	0.593771	-19.0874	-41.6965	7.96848	-0.0284125	14.6691
5.6	0.59414	-19.1093	-41.6634	7.94005	-0.0287426	14.6429
5.61	0.594487	-19.1305	-41.6299	7.91177	-0.029076	14.6168
5.62	0.594809	-19.151	-41.596	7.88364	-0.0294127	14.5907
5.63	0.595108	-19.1708	-41.5616	7.85566	-0.0297526	14.5648
5.64	0.595384	-19.19	-41.5267	7.82783	-0.0300959	14.539
5.65	0.595635	-19.2084	-41.4914	7.80014	-0.0304426	14.5133
5.66	0.595863	-19.2261	-41.4556	7.7726	-0.0307925	14.4876
5.67	0.596067	-19.2432	-41.4193	7.74521	-0.0311459	14.4621
5.68	0.596247	-19.2595	-41.3826	7.71796	-0.0315026	14.4366
5.69	0.596403	-19.2751	-41.3453	7.69086	-0.0318627	14.4112
5.7	0.596534	-19.29	-41.3076	7.6639	-0.0322262	14.386
5.71	0.596642	-19.3041	-41.2694	7.63708	-0.0325931	14.3608
5.72	0.596725	-19.3175	-41.2306	7.6104	-0.0329634	14.3357
5.73	0.596785	-19.3302	-41.1914	7.58386	-0.0333371	14.3106
5.74	0.59682	-19.3422	-41.1516	7.55745	-0.0337143	14.2857
5.75	0.596831	-19.3534	-41.1114	7.53119	-0.0340949	14.2609
5.76	0.596817	-19.3639	-41.0706	7.50506	-0.034479	14.2361
5.77	0.596779	-19.3736	-41.0292	7.47907	-0.0348666	14.2114
5.78	0.596717	-19.3826	-40.9874	7.45322	-0.0352576	14.1869
5.79	0.59663	-19.3908	-40.945	7.42749	-0.035652	14.1623
5.8	0.596519	-19.3982	-40.902	7.4019	-0.03605	14.1379
5.81	0.596384	-19.4049	-40.8585	7.37644	-0.0364514	14.1136
5.82	0.596224	-19.4108	-40.8144	7.35112	-0.0368564	14.0893
5.83	0.596039	-19.416	-40.7698	7.32592	-0.0372648	14.0652
5.84	0.595831	-19.4203	-40.7246	7.30085	-0.0376767	14.0411
5.85	0.595597	-19.4239	-40.6788	7.27591	-0.0380921	14.0171
5.86	0.59534	-19.4267	-40.6324	7.2511	-0.038511	13.9932
5.87	0.595057	-19.4287	-40.5855	7.22642	-0.0389333	13.9693
5.88	0.594751	-19.4299	-40.5379	7.20186	-0.0393592	13.9456
5.89	0.59442	-19.4303	-40.4898	7.17743	-0.0397885	13.9219
5.9	0.594064	-19.4298	-40.441	7.15312	-0.0402213	13.8983
5.91	0.593684	-19.4286	-40.3917	7.12893	-0.0406576	13.8748
5.92	0.59328	-19.4265	-40.3417	7.10487	-0.0410974	13.8514
5.93	0.592851	-19.4237	-40.2911	7.08092	-0.0415406	13.828
5.94	0.592398	-19.42	-40.2398	7.0571	-0.0419872	13.8047
5.95	0.591921	-19.4154	-40.1879	7.0334	-0.0424373	13.7815
5.96	0.591419	-19.4101	-40.1354	7.00982	-0.0428909	13.7584
5.97	0.590893	-19.4039	-40.0822	6.98636	-0.0433478	13.7353
5.98	0.590343	-19.3968	-40.0284	6.96301	-0.0438081	13.7124
5.99	0.589769	-19.3889	-39.9739	6.93978	-0.0442719	13.6895
6	0.58917	-19.3801	-39.9187	6.91667	-0.044739	13.6667
6.01	0.588548	-19.3705	-39.8629	6.89367	-0.0452094	13.6439
6.02	0.587901	-19.36	-39.8064	6.87079	-0.0456832	13.6213
6.03	0.587231	-19.3486	-39.7491	6.84802	-0.0461603	13.5987
6.04	0.586536	-19.3364	-39.6913	6.82536	-0.0466407	13.5762
6.05	0.585818	-19.3232	-39.6327	6.80281	-0.0471243	13.5537
6.06	0.585076	-19.3092	-39.5734	6.78038	-0.0476112	13.5314
6.07	0.58431	-19.2943	-39.5133	6.75806	-0.0481013	13.5091
6.08	0.583521	-19.2785	-39.4526	6.73585	-0.0485946	13.4868
6.09	0.582708	-19.2618	-39.3912	6.71374	-0.0490911	13.4647
6.1	0.581872	-19.2442	-39.329	6.69175	-0.0495907	13.4426
6.11	0.581012	-19.2257	-39.2661	6.66986	-0.0500933	13.4206
6.12	0.580129	-19.2062	-39.2024	6.64808	-0.0505991	13.3987
6.13	0.579223	-19.1859	-39.138	6.62641	-0.0511078	13.3768
6.14	0.578293	-19.1646	-39.0729	6.60484	-0.0516196	13.355
6.15	0.577341	-19.1424	-39.007	6.58338	-0.0521343	13.3333
6.16	0.576365	-19.1192	-38.9403	6.56203	-0.0526519	13.3117
6.17	0.575367	-19.0951	-38.8728	6.54077	-0.0531723	13.2901
6.18	0.574346	-19.0701	-38.8046	6.51962	-0.0536956	13.2686
6.19	0.573303	-19.0441	-38.7356	6.49857	-0.0542216	13.2472
6.2	0.572237	-19.0171	-38.6658	6.47763	-0.0547504	13.2258
6.21	0.571148	-18.9892	-38.5952	6.45678	-0.0552818	13.2045
6.22	0.570037	-18.9604	-38.5239	6.43604	-0.0558159	13.1833
6.23	0.568905	-18.9305	-38.4517	6.41539	-0.0563525	13.1621
6.24	0.56775	-18.8997	-38.3787	6.39485	-0.0568916	13.141
6.25	0.566573	-18.8679	-38.3049	6.3744	-0.0574331	13.12
6.26	0.565375	-18.8351	-38.2303	6.35405	-0.0579771	13.099
6.27	0.564154	-18.8014	-38.1548	6.3338	-0.0585233	13.0781
6.28	0.562913	-18.7666	-38.0785	6.31364	-0.0590719	13.0573
6.29	0.56165	-18.7309	-38.0014	6.29358	-0.0596226	13.0366
6.3	0.560366	-18.6941	-37.9234	6.27362	-0.0601754	13.0159
6.31	0.559061	-18.6564	-37.8446	6.25375	-0.0607303	12.9952
6.32	0.557735	-18.6176	-37.765	6.23398	-0.0612872	12.9747
6.33	0.556388	-18.5778	-37.6845	6.2143	-0.0618459	12.9542
6.34	0.555021	-18.537	-37.6031	6.19471	-0.0624065	12.9338
6.35	0.553633	-18.4952	-37.5208	6.17521	-0.0629689	12.9134
6.36	0.552225	-18.4524	-37.4377	6.15581	-0.0635329	12.8931
6.37	0.550797	-18.4085	-37.3538	6.1365	-0.0640984	12.8728
6.38	0.549349	-18.3636	-37.2689	6.11727	-0.0646655	12.8527
6.39	0.547881	-18.3177	-37.1832	6.09814	-0.065234	12.8326
6.4	0.546393	-18.2707	-37.0965	6.0791	-0.0658038	12.8125
6.41	0.544887	-18.2227	-37.009	6.06015	-0.0663748	12.7925
6.42	0.543361	-18.1737	-36.9206	6.04128	-0.0669469	12.7726
6.43	0.541816	-18.1236	-36.8313	6.02251	-0.0675201	12.7527
6.44	0.540252	-18.0724	-36.7411	6.00382	-0.0680942	12.7329
6.45	0.538669	-18.0202	-36.6499	5.98522	-0.0686691	12.7132
6.46	0.537068	-17.9669	-36.5579	5.9667	-0.0692447	12.6935
6.47	0.535449	-17.9126	-36.465	5.94827	-0.0698209	12.6739
6.48	0.533811	-17.8573	-36.3711	5.92993	-0.0703977	12.6543
6.49	0.532156	-17.8008	-36.2763	5.91167	-0.0709748	12.6348
6.5	0.530483	-17.7433	-36.1806	5.89349	-0.0715522	12.6154
6.51	0.528792	-17.6847	-36.084	5.8754	-0.0721298	12.596
6.52	0.527084	-17.6251	-35.9865	5.85739	-0.0727075	12.5767
6.53	0.525359	-17.5644	-35.888	5.83946	-0.073285	12.5574
6.54	0.523618	-17.5026	-35.7886	5.82162	-0.0738624	12.5382
6.55	0.521859	-17.4397	-35.6882	5.80386	-0.0744394	12.5191
6.56	0.520084	-17.3758	-35.5869	5.78618	-0.075016	12.5
6.57	0.518293	-17.3108	-35.4847	5.76858	-0.075592	12.481
6.58	0.516486	-17.2447	-35.3816	5.75106	-0.0761674	12.462
6.59	0.514663	-17.1775	-35.2775	5.73361	-0.0767418	12.4431
6.6	0.512825	-17.1093	-35.1724	5.71625	-0.0773154	12.4242
6.61	0.510971	-17.0399	-35.0665	5.69897	-0.0778878	12.4054
6.62	0.509102	-16.9695	-34.9596	5.68177	-0.0784589	12.3867
6.63	0.507218	-16.8981	-34.8517	5.66464	-0.0790287	12.368
6.64	0.50532	-16.8255	-34.7429	5.64759	-0.0795969	12.3494
6.65	0.503407	-16.7519	-34.6331	5.63062	-0.0801635	12.3308
6.66	0.50148	-16.6771	-34.5224	5.61372	-0.0807282	12.3123
6.67	0.499539	-16.6013	-34.4108	5.5969	-0.081291	12.2939
6.68	0.497584	-16.5245	-34.2982	5.58016	-0.0818517	12.2754
6.69	0.495616	-16.4465	-34.1847	5.56349	-0.0824101	12.2571
6.7	0.493634	-16.3675	-34.0703	5.54689	-0.0829661	12.2388
6.71	0.49164	-16.2874	-33.9549	5.53037	-0.0835195	12.2206
6.72	0.489633	-16.2063	-33.8385	5.51392	-0.0840702	12.2024
6.73	0.487613	-16.1241	-33.7212	5.49755	-0.084618	12.1842
6.74	0.485581	-16.0408	-33.603	5.48125	-0.0851627	12.1662
6.75	0.483537	-15.9564	-33.4839	5.46502	-0.0857043	12.1481
6.76	0.481481	-15.871	-33.3638	5.44886	-0.0862425	12.1302
6.77	0.479413	-15.7845	-33.2428	5.43278	-0.0867771	12.1123
6.78	0.477335	-15.697	-33.1209	5.41676	-0.0873081	12.0944
6.79	0.475245	-15.6085	-32.998	5.40082	-0.0878353	12.0766
6.8	0.473145	-15.5188	-32.8743	5.38495	-0.0883584	12.0588
6.81	0.471034	-15.4282	-32.7496	5.36914	-0.0888773	12.0411
6.82	0.468912	-15.3365	-32.624	5.35341	-0.0893919	12.0235
6.83	0.466781	-15.2438	-32.4975	5.33775	-0.089902	12.0059
6.84	0.46464	-15.15	-32.3701	5.32215	-0.0904074	11.9883
6.85	0.462489	-15.0552	-32.2418	5.30662	-0.0909079	11.9708
6.86	0.46033	-14.9595	-32.1126	5.29116	-0.0914035	11.9534
6.87	0.458161	-14.8627	-31.9825	5.27577	-0.0918938	11.936
6.88	0.455983	-14.7648	-31.8515	5.26044	-0.0923788	11.9186
6.89	0.453797	-14.666	-31.7197	5.24519	-0.0928583	11.9013
6.9	0.451603	-14.5662	-31.587	5.22999	-0.0933321	11.8841
6.91	0.4494	-14.4654	-31.4534	5.21487	-0.0938	11.8669
6.92	0.44719	-14.3637	-31.3189	5.19981	-0.094262	11.8497
6.93	0.444973	-14.2609	-31.1836	5.18481	-0.0947177	11.8326
6.94	0.442748	-14.1572	-31.0475	5.16988	-0.0951671	11.8156
6.95	0.440517	-14.0526	-30.9105	5.15501	-0.0956099	11.7986
6.96	0.438278	-13.947	-30.7727	5.14021	-0.0960461	11.7816
6.97	0.436034	-13.8404	-30.6341	5.12547	-0.0964754	11.7647
6.98	0.433783	-13.7329	-30.4947	5.1108	-0.0968977	11.7479
6.99	0.431526	-13.6245	-30.3544	5.09618	-0.0973128	11.731
7	0.429263	-13.5152	-30.2134	5.08163	-0.0977205	11.7143
7.01	0.426995	-13.405	-30.0716	5.06714	-0.0981208	11.6976
7.02	0.424722	-13.2939	-29.929	5.05272	-0.0985134	11.6809
7.03	0.422444	-13.1819	-29.7856	5.03835	-0.0988982	11.6643
7.04	0.420162	-13.069	-29.6415	5.02405	-0.099275	11.6477
7.05	0.417875	-12.9552	-29.4966	5.00981	-0.0996437	11.6312
7.06	0.415584	-12.8406	-29.351	4.99563	-0.100004	11.6147
7.07	0.413289	-12.7252	-29.2047	4.9815	-0.100356	11.5983
7.08	0.41099	-12.6089	-29.0576	4.96744	-0.100699	11.5819
7.09	0.408688	-12.4919	-28.9098	4.95344	-0.101034	11.5656
7.1	0.406383	-12.374	-28.7614	4.9395	-0.10136	11.5493
7.11	0.404075	-12.2553	-28.6123	4.92561	-0.101677	11.5331
7.12	0.401764	-12.1358	-28.4625	4.91179	-0.101984	11.5169
7.13	0.399451	-12.0156	-28.312	4.89802	-0.102283	11.5007
7.14	0.397136	-11.8946	-28.1609	4.88431	-0.102572	11.4846
7.15	0.394819	-11.7728	-28.0092	4.87065	-0.102851	11.4685
7.16	0.3925	-11.6504	-27.8568	4.85706	-0.103121	11.4525
7.17	0.39018	-11.5272	-27.7038	4.84352	-0.103381	11.4365
7.18	0.387859	-11.4033	-27.5503	4.83004	-0.103631	11.4206
7.19	0.385536	-11.2787	-27.3962	4.81661	-0.103871	11.4047
7.2	0.383213	-11.1534	-27.2415	4.80324	-0.104101	11.3889
7.21	0.38089	-11.0275	-27.0862	4.78993	-0.10432	11.3731
7.22	0.378566	-10.901	-26.9305	4.77667	-0.10453	11.3573
7.23	0.376242	-10.7738	-26.7742	4.76346	-0.104728	11.3416
7.24	0.373919	-10.646	-26.6174	4.75031	-0.104917	11.326
7.25	0.371596	-10.5176	-26.4601	4.73722	-0.105094	11.3103
7.26	0.369274	-10.3886	-26.3023	4.72418	-0.105261	11.2948
7.27	0.366952	-10.2591	-26.1441	4.71119	-0.105417	11.2792
7.28	0.364632	-10.129	-25.9854	4.69826	-0.105562	11.2637
7.29	0.362313	-9.99831	-25.8263	4.68537	-0.105696	11.2483
7.3	0.359996	-9.86716	-25.6668	4.67255	-0.105819	11.2329
7.31	0.35768	-9.7355	-25.5069	4.65977	-0.105931	11.2175
7.32	0.355367	-9.60336	-25.3466	4.64705	-0.106032	11.2022
7.33	0.353056	-9.47075	-25.1859	4.63438	-0.106121	11.1869
7.34	0.350747	-9.33769	-25.0249	4.62176	-0.106199	11.1717
7.35	0.34844	-9.20419	-24.8636	4.60919	-0.106266	11.1565
7.36	0.346137	-9.07028	-24.7019	4.59667	-0.106322	11.1413
7.37	0.343837	-8.93597	-24.54	4.58421	-0.106365	11.1262
7.38	0.34154	-8.80127	-24.3778	4.57179	-0.106398	11.1111
7.39	0.339246	-8.66622	-24.2153	4.55943	-0.106419	11.0961
7.4	0.336956	-8.53082	-24.0526	4.54711	-0.106428	11.0811
7.41	0.33467	-8.39509	-23.8896	4.53485	-0.106426	11.0661
7.42	0.332388	-8.25905	-23.7265	4.52263	-0.106412	11.0512
7.43	0.33011	-8.12272	-23.5631	4.51047	-0.106387	11.0363
7.44	0.327837	-7.98612	-23.3996	4.49835	-0.10635	11.0215
7.45	0.325568	-7.84926	-23.236	4.48628	-0.106302	11.0067
7.46	0.323304	-7.71217	-23.0721	4.47426	-0.106242	10.992
7.47	0.321045	-7.57486	-22.9082	4.46229	-0.10617	10.9772
7.48	0.318791	-7.43735	-22.7442	4.45037	-0.106087	10.9626
7.49	0.316543	-7.29966	-22.5801	4.43849	-0.105992	10.9479
7.5	0.314299	-7.16181	-22.4159	4.42667	-0.105886	10.9333
7.51	0.312062	-7.02382	-22.2517	4.41489	-0.105768	10.9188
7.52	0.30983	-6.8857	-22.0875	4.40315	-0.105639	10.9043
7.53	0.307605	-6.74748	-21.9232	4.39146	-0.105498	10.8898
7.54	0.305385	-6.60917	-21.759	4.37982	-0.105346	10.8753
7.55	0.303172	-6.47079	-21.5948	4.36823	-0.105183	10.8609
7.56	0.300966	-6.33237	-21.4306	4.35668	-0.105008	10.8466
7.57	0.298766	-6.19391	-21.2665	4.34518	-0.104823	10.8322
7.58	0.296573	-6.05544	-21.1025	4.33372	-0.104626	10.8179
7.59	0.294386	-5.91698	-20.9386	4.32231	-0.104418	10.8037
7.6	0.292207	-5.77855	-20.7748	4.31094	-0.104199	10.7895
7.61	0.290035	-5.64015	-20.6111	4.29962	-0.103969	10.7753
7.62	0.28787	-5.50182	-20.4476	4.28834	-0.103729	10.7612
7.63	0.285713	-5.36358	-20.2843	4.27711	-0.103477	10.7471
7.64	0.283564	-5.22543	-20.1211	4.26592	-0.103215	10.733
7.65	0.281422	-5.0874	-19.9582	4.25477	-0.102943	10.719
7.66	0.279288	-4.9495	-19.7955	4.24367	-0.10266	10.705
7.67	0.277162	-4.81176	-19.633	4.23261	-0.102366	10.691
7.68	0.275044	-4.67419	-19.4708	4.2216	-0.102063	10.6771
7.69	0.272935	-4.53681	-19.3089	4.21063	-0.101749	10.6632
7.7	0.270834	-4.39964	-19.1473	4.1997	-0.101426	10.6494
7.71	0.268741	-4.26269	-18.9859	4.18881	-0.101092	10.6355
7.72	0.266657	-4.12598	-18.825	4.17796	-0.100749	10.6218
7.73	0.264582	-3.98954	-18.6643	4.16716	-0.100396	10.608
7.74	0.262515	-3.85337	-18.5041	4.1564	-0.100034	10.5943
7.75	0.260458	-3.7175	-18.3442	4.14568	-0.099662	10.5806
7.76	0.258409	-3.58194	-18.1847	4.135	-0.0992811	10.567
7.77	0.25637	-3.4467	-18.0256	4.12437	-0.0988911	10.5534
7.78	0.254339	-3.31181	-17.8669	4.11377	-0.0984922	10.5398
7.79	0.252318	-3.17728	-17.7087	4.10322	-0.0980846	10.5263
7.8	0.250307	-3.04313	-17.551	4.0927	-0.0976683	10.5128
7.81	0.248305	-2.90937	-17.3937	4.08223	-0.0972436	10.4994
7.82	0.246312	-2.77602	-17.2369	4.07179	-0.0968106	10.4859
7.83	0.244329	-2.64309	-17.0807	4.0614	-0.0963694	10.4725
7.84	0.242356	-2.5106	-16.9249	4.05105	-0.0959202	10.4592
7.85	0.240393	-2.37857	-16.7697	4.04073	-0.0954633	10.4459
7.86	0.238439	-2.24701	-16.615	4.03046	-0.0949987	10.4326
7.87	0.236496	-2.11593	-16.4609	4.02022	-0.0945266	10.4193
7.88	0.234562	-1.98535	-16.3074	4.01002	-0.0940471	10.4061
7.89	0.232639	-1.85528	-16.1545	3.99987	-0.0935606	10.3929
7.9	0.230726	-1.72574	-16.0022	3.98975	-0.0930671	10.3797
7.91	0.228822	-1.59674	-15.8505	3.97966	-0.0925668	10.3666
7.92	0.22693	-1.4683	-15.6994	3.96962	-0.0920598	10.3535
7.93	0.225047	-1.34042	-15.549	3.95962	-0.0915465	10.3405
7.94	0.223175	-1.21313	-15.3992	3.94965	-0.0910268	10.3275
7.95	0.221313	-1.08642	-15.2501	3.93972	-0.0905011	10.3145
7.96	0.219462	-0.960326	-15.1017	3.92983	-0.0899695	10.3015
7.97	0.217621	-0.834848	-14.954	3.91997	-0.0894322	10.2886
7.98	0.215791	-0.709999	-14.807	3.91015	-0.0888894	10.2757
7.99	0.213971	-0.585792	-14.6606	3.90037	-0.0883412	10.2628
8	0.212162	-0.462239	-14.5151	3.89062	-0.0877878	10.25
8.01	0.210364	-0.33935	-14.3702	3.88092	-0.0872294	10.2372
8.02	0.208577	-0.217136	-14.2262	3.87124	-0.0866663	10.2244
8.03	0.2068	-0.0956085	-14.0828	3.86161	-0.0860985	10.2117
8.04	0.205034	0.0252228	-13.9403	3.85201	-0.0855263	10.199
8.05	0.203279	0.145348	-13.7985	3.84244	-0.0849498	10.1863
8.06	0.201534	0.264757	-13.6575	3.83292	-0.0843692	10.1737
8.07	0.1998	0.38344	-13.5173	3.82342	-0.0837848	10.1611
8.08	0.198078	0.501388	-13.3779	3.81396	-0.0831966	10.1485
8.09	0.196366	0.618592	-13.2393	3.80454	-0.082605	10.136
8.1	0.194665	0.735044	-13.1016	3.79515	-0.0820099	10.1235
8.11	0.192975	0.850735	-12.9646	3.7858	-0.0814117	10.111
8.12	0.191296	0.965657	-12.8285	3.77648	-0.0808105	10.0985
8.13	0.189628	1.0798	-12.6933	3.7672	-0.0802065	10.0861
8.14	0.187971	1.19316	-12.5589	3.75795	-0.0795998	10.0737
8.15	0.186324	1.30573	-12.4254	3.74873	-0.0789907	10.0613
8.16	0.184689	1.4175	-12.2927	3.73955	-0.0783792	10.049
8.17	0.183065	1.52847	-12.1609	3.7304	-0.0777657	10.0367
8.18	0.181451	1.63862	-12.03	3.72128	-0.0771502	10.0244
8.19	0.179849	1.74796	-11.8999	3.7122	-0.0765329	10.0122
8.2	0.178258	1.85647	-11.7708	3.70315	-0.075914	10
8.21	0.176677	1.96415	-11.6425	3.69414	-0.0752936	9.98782
8.22	0.175108	2.071	-11.5152	3.68515	-0.0746719	9.97567
8.23	0.173549	2.177	-11.3887	3.6762	-0.0740492	9.96355
8.24	0.172001	2.28217	-11.2632	3.66729	-0.0734254	9.95146
8.25	0.170465	2.38648	-11.1385	3.6584	-0.0728008	9.93939
8.26	0.168939	2.48994	-11.0148	3.64955	-0.0721756	9.92736
8.27	0.167424	2.59255	-10.892	3.64073	-0.0715498	9.91536
8.28	0.16592	2.69429	-10.7701	3.63194	-0.0709237	9.90338
8.29	0.164427	2.79517	-10.6492	3.62318	-0.0702974	9.89144
8.3	0.162945	2.89518	-10.5291	3.61446	-0.0696711	9.87952
8.31	0.161473	2.99432	-10.41	3.60576	-0.0690448	9.86763
8.32	0.160013	3.09258	-10.2919	3.5971	-0.0684187	9.85577
8.33	0.158563	3.18997	-10.1746	3.58847	-0.067793	9.84394
8.34	0.157124	3.28648	-10.0584	3.57987	-0.0671678	9.83213
8.35	0.155695	3.38212	-9.943	3.5713	-0.0665433	9.82036
8.36	0.154278	3.47687	-9.82859	3.56276	-0.0659195	9.80861
8.37	0.152871	3.57073	-9.71512	3.55425	-0.0652966	9.79689
8.38	0.151475	3.66372	-9.60259	3.54578	-0.0646747	9.7852
8.39	0.150089	3.75581	-9.491	3.53733	-0.064054	9.77354
8.4	0.148714	3.84702	-9.38036	3.52891	-0.0634345	9.7619
8.41	0.14735	3.93734	-9.27066	3.52052	-0.0628164	9.7503
8.42	0.145996	4.02678	-9.16191	3.51217	-0.0621999	9.73872
8.43	0.144652	4.11532	-9.05409	3.50384	-0.0615849	9.72716
8.44	0.143319	4.20298	-8.94723	3.49554	-0.0609717	9.71564
8.45	0.141997	4.28975	-8.8413	3.48727	-0.0603603	9.70414
8.46	0.140685	4.37564	-8.73631	3.47903	-0.0597508	9.69267
8.47	0.139383	4.46064	-8.63227	3.47082	-0.0591434	9.68123
8.48	0.138092	4.54475	-8.52917	3.46264	-0.0585382	9.66981
8.49	0.136811	4.62798	-8.427	3.45449	-0.0579352	9.65842
8.5	0.13554	4.71032	-8.32577	3.44637	-0.0573345	9.64706
8.51	0.134279	4.79178	-8.22548	3.43827	-0.0567362	9.63572
8.52	0.133028	4.87236	-8.12611	3.43021	-0.0561405	9.62441
8.53	0.131788	4.95207	-8.02768	3.42217	-0.0555474	9.61313
8.54	0.130558	5.03089	-7.93018	3.41416	-0.0549569	9.60187
8.55	0.129337	5.10884	-7.83361	3.40618	-0.0543693	9.59064
8.56	0.128127	5.18592	-7.73796	3.39822	-0.0537844	9.57944
8.57	0.126926	5.26213	-7.64323	3.3903	-0.0532026	9.56826
8.58	0.125736	5.33747	-7.54941	3.3824	-0.0526237	9.55711
8.59	0.124555	5.41194	-7.45652	3.37453	-0.0520479	9.54598
8.6	0.123384	5.48556	-7.36453	3.36668	-0.0514752	9.53488
8.61	0.122223	5.55831	-7.27346	3.35887	-0.0509058	9.52381
8.62	0.121072	5.63021	-7.18329	3.35108	-0.0503396	9.51276
8.63	0.11993	5.70126	-7.09402	3.34332	-0.0497767	9.50174
8.64	0.118798	5.77145	-7.00565	3.33558	-0.0492173	9.49074
8.65	0.117675	5.8408	-6.91818	3.32788	-0.0486613	9.47977
8.66	0.116562	5.90931	-6.8316	3.32019	-0.0481088	9.46882
8.67	0.115458	5.97698	-6.7459	3.31254	-0.0475599	9.4579
8.68	0.114364	6.04382	-6.66108	3.30491	-0.0470145	9.447
8.69	0.113279	6.10982	-6.57715	3.29731	-0.0464729	9.43613
8.7	0.112203	6.175	-6.49409	3.28973	-0.0459349	9.42529
8.71	0.111136	6.23936	-6.41189	3.28218	-0.0454007	9.41447
8.72	0.110079	6.3029	-6.33056	3.27466	-0.0448702	9.40367
8.73	0.109031	6.36562	-6.2501	3.26716	-0.0443436	9.3929
8.74	0.107992	6.42754	-6.17048	3.25969	-0.0438209	9.38215
8.75	0.106962	6.48865	-6.09172	3.25224	-0.043302	9.37143
8.76	0.105941	6.54896	-6.0138	3.24482	-0.0427871	9.36073
8.77	0.104928	6.60848	-5.93673	3.23743	-0.0422761	9.35006
8.78	0.103925	6.66721	-5.86049	3.23006	-0.0417691	9.33941
8.79	0.102931	6.72515	-5.78508	3.22271	-0.0412661	9.32878
8.8	0.101945	6.78232	-5.71049	3.21539	-0.0407671	9.31818
8.81	0.100968	6.8387	-5.63673	3.2081	-0.0402723	9.3076
8.82	0.0999991	6.89432	-5.56377	3.20083	-0.0397814	9.29705
8.83	0.0990392	6.94918	-5.49163	3.19358	-0.0392947	9.28652
8.84	0.0980878	7.00327	-5.42029	3.18636	-0.0388121	9.27602
8.85	0.0971449	7.05661	-5.34975	3.17916	-0.0383337	9.26554
8.86	0.0962103	7.1092	-5.28001	3.17199	-0.0378594	9.25508
8.87	0.0952841	7.16105	-5.21105	3.16484	-0.0373892	9.24464
8.88	0.0943663	7.21216	-5.14287	3.15772	-0.0369232	9.23423
8.89	0.0934566	7.26254	-5.07546	3.15062	-0.0364614	9.22385
8.9	0.0925552	7.3122	-5.00883	3.14354	-0.0360038	9.21348
8.91	0.0916618	7.36113	-4.94295	3.13649	-0.0355503	9.20314
8.92	0.0907765	7.40934	-4.87784	3.12946	-0.0351011	9.19283
8.93	0.0898993	7.45685	-4.81348	3.12246	-0.0346561	9.18253
8.94	0.08903	7.50365	-4.74987	3.11548	-0.0342152	9.17226
8.95	0.0881686	7.54976	-4.68699	3.10852	-0.0337786	9.16201
8.96	0.087315	7.59517	-4.62485	3.10158	-0.0333461	9.15179
8.97	0.0864692	7.6399	-4.56344	3.09467	-0.0329179	9.14158
8.98	0.0856311	7.68394	-4.50275	3.08778	-0.0324939	9.1314
8.99	0.0848007	7.72731	-4.44278	3.08092	-0.032074	9.12125
9	0.083978	7.77002	-4.38351	3.07407	-0.0316583	9.11111
9.01	0.0831627	7.81205	-4.32495	3.06725	-0.0312468	9.101
9.02	0.082355	7.85344	-4.26709	3.06046	-0.0308395	9.09091
9.03	0.0815547	7.89417	-4.20992	3.05368	-0.0304364	9.08084
9.04	0.0807619	7.93425	-4.15344	3.04693	-0.0300373	9.0708
9.05	0.0799763	7.9737	-4.09764	3.0402	-0.0296425	9.06077
9.06	0.079198	8.01251	-4.04251	3.03349	-0.0292517	9.05077
9.07	0.0784269	8.05069	-3.98804	3.02681	-0.0288651	9.04079
9.08	0.077663	8.08826	-3.93424	3.02014	-0.0284825	9.03084
9.09	0.0769063	8.1252	-3.8811	3.0135	-0.0281041	9.0209
9.1	0.0761565	8.16154	-3.8286	3.00688	-0.0277297	9.01099
9.11	0.0754138	8.19728	-3.77675	3.00029	-0.0273594	9.0011
9.12	0.074678	8.23241	-3.72553	2.99371	-0.0269931	8.99123
9.13	0.073949	8.26696	-3.67495	2.98716	-0.0266308	8.98138
9.14	0.073227	8.30091	-3.62499	2.98062	-0.0262725	8.97155
9.15	0.0725117	8.33429	-3.57565	2.97411	-0.0259182	8.96175
9.16	0.0718031	8.3671	-3.52692	2.96762	-0.0255679	8.95197
9.17	0.0711011	8.39933	-3.4788	2.96115	-0.0252215	8.9422
9.18	0.0704058	8.43101	-3.43128	2.9547	-0.024879	8.93246
9.19	0.0697171	8.46212	-3.38436	2.94828	-0.0245404	8.92274
9.2	0.0690349	8.49269	-3.33802	2.94187	-0.0242057	8.91304
9.21	0.0683591	8.52271	-3.29227	2.93549	-0.0238748	8.90337
9.22	0.0676897	8.55219	-3.24709	2.92912	-0.0235477	8.89371
9.23	0.0670266	8.58114	-3.20249	2.92278	-0.0232245	8.88407
9.24	0.0663699	8.60956	-3.15845	2.91646	-0.022905	8.87446
9.25	0.0657194	8.63746	-3.11497	2.91015	-0.0225893	8.86486
9.26	0.0650751	8.66484	-3.07204	2.90387	-0.0222773	8.85529
9.27	0.0644369	8.69172	-3.02966	2.89761	-0.021969	8.84574
9.28	0.0638048	8.71808	-2.98783	2.89137	-0.0216643	8.83621
9.29	0.0631787	8.74395	-2.94653	2.88515	-0.0213634	8.8267
9.3	0.0625586	8.76933	-2.90576	2.87895	-0.021066	8.8172
9.31	0.0619445	8.79421	-2.86551	2.87276	-0.0207722	8.80773
9.32	0.0613362	8.81862	-2.82579	2.8666	-0.020482	8.79828
9.33	0.0607337	8.84255	-2.78657	2.86046	-0.0201954	8.78885
9.34	0.0601371	8.866	-2.74787	2.85434	-0.0199122	8.77944
9.35	0.0595461	8.88899	-2.70967	2.84824	-0.0196325	8.77005
9.36	0.0589609	8.91152	-2.67196	2.84215	-0.0193563	8.76068
9.37	0.0583813	8.9336	-2.63475	2.83609	-0.0190835	8.75133
9.38	0.0578072	8.95522	-2.59802	2.83005	-0.0188141	8.742
9.39	0.0572387	8.9764	-2.56177	2.82402	-0.0185481	8.73269
9.4	0.0566757	8.99714	-2.52599	2.81802	-0.0182854	8.7234
9.41	0.0561181	9.01745	-2.49069	2.81203	-0.018026	8.71413
9.42	0.0555659	9.03733	-2.45585	2.80606	-0.0177698	8.70488
9.43	0.055019	9.05678	-2.42147	2.80012	-0.017517	8.69565
9.44	0.0544774	9.07582	-2.38754	2.79419	-0.0172673	8.68644
9.45	0.0539411	9.09444	-2.35406	2.78828	-0.0170208	8.67725
9.46	0.0534099	9.11265	-2.32103	2.78238	-0.0167775	8.66808
9.47	0.052884	9.13047	-2.28843	2.77651	-0.0165374	8.65892
9.48	0.0523631	9.14788	-2.25627	2.77066	-0.0163003	8.64979
9.49	0.0518473	9.1649	-2.22453	2.76482	-0.0160663	8.64067
9.5	0.0513365	9.18153	-2.19322	2.759	-0.0158353	8.63158
9.51	0.0508306	9.19778	-2.16232	2.7532	-0.0156073	8.6225
9.52	0.0503297	9.21365	-2.13184	2.74742	-0.0153823	8.61345
9.53	0.0498337	9.22914	-2.10176	2.74166	-0.0151603	8.60441
9.54	0.0493425	9.24427	-2.07209	2.73591	-0.0149412	8.59539
9.55	0.0488561	9.25903	-2.04282	2.73019	-0.014725	8.58639
9.56	0.0483744	9.27343	-2.01394	2.72448	-0.0145116	8.57741
9.57	0.0478975	9.28748	-1.98545	2.71879	-0.014301	8.56844
9.58	0.0474252	9.30117	-1.95735	2.71312	-0.0140933	8.5595
9.59	0.0469575	9.31453	-1.92962	2.70746	-0.0138883	8.55057
9.6	0.0464944	9.32753	-1.90227	2.70182	-0.0136861	8.54167
9.61	0.0460358	9.34021	-1.87529	2.6962	-0.0134866	8.53278
9.62	0.0455817	9.35255	-1.84867	2.6906	-0.0132897	8.52391
9.63	0.0451321	9.36456	-1.82242	2.68502	-0.0130955	8.51506
9.64	0.0446869	9.37624	-1.79652	2.67945	-0.012904	8.50622
9.65	0.044246	9.38761	-1.77098	2.6739	-0.012715	8.49741
9.66	0.0438095	9.39866	-1.74578	2.66836	-0.0125286	8.48861
9.67	0.0433772	9.40941	-1.72093	2.66285	-0.0123447	8.47983
9.68	0.0429492	9.41984	-1.69642	2.65735	-0.0121634	8.47107
9.69	0.0425254	9.42997	-1.67224	2.65187	-0.0119845	8.46233
9.7	0.0421058	9.43981	-1.6484	2.6464	-0.0118081	8.45361
9.71	0.0416903	9.44934	-1.62488	2.64095	-0.0116341	8.4449
9.72	0.0412789	9.45859	-1.60168	2.63552	-0.0114624	8.43621
9.73	0.0408716	9.46755	-1.57881	2.63011	-0.0112932	8.42754
9.74	0.0404682	9.47623	-1.55624	2.62471	-0.0111263	8.41889
9.75	0.0400688	9.48463	-1.53399	2.61933	-0.0109617	8.41026
9.76	0.0396734	9.49276	-1.51205	2.61396	-0.0107994	8.40164
9.77	0.0392819	9.50061	-1.4904	2.60862	-0.0106393	8.39304
9.78	0.0388942	9.5082	-1.46906	2.60328	-0.0104815	8.38446
9.79	0.0385104	9.51552	-1.44801	2.59797	-0.0103259	8.37589
9.8	0.0381303	9.52259	-1.42726	2.59267	-0.0101725	8.36735
9.81	0.037754	9.52939	-1.40679	2.58739	-0.0100212	8.35882
9.82	0.0373814	9.53595	-1.38661	2.58212	-0.009872	8.35031
9.83	0.0370125	9.54225	-1.3667	2.57687	-0.00972493	8.34181
9.84	0.0366472	9.54831	-1.34707	2.57163	-0.00957994	8.33333
9.85	0.0362856	9.55413	-1.32772	2.56642	-0.00943699	8.32487
9.86	0.0359275	9.55971	-1.30863	2.56121	-0.00929606	8.31643
9.87	0.035573	9.56506	-1.28982	2.55602	-0.00915713	8.308
9.88	0.035222	9.57017	-1.27126	2.55085	-0.00902017	8.2996
9.89	0.0348744	9.57505	-1.25296	2.5457	-0.00888515	8.2912
9.9	0.0345303	9.57971	-1.23492	2.54056	-0.00875206	8.28283
9.91	0.0341896	9.58415	-1.21713	2.53543	-0.00862087	8.27447
9.92	0.0338523	9.58837	-1.19959	2.53032	-0.00849155	8.26613
9.93	0.0335183	9.59237	-1.1823	2.52523	-0.00836407	8.2578
9.94	0.0331877	9.59616	-1.16525	2.52015	-0.00823843	8.2495
9.95	0.0328603	9.59974	-1.14843	2.51509	-0.00811459	8.24121
9.96	0.0325361	9.60312	-1.13186	2.51004	-0.00799252	8.23293
9.97	0.0322152	9.60629	-1.11552	2.50501	-0.00787222	8.22467
9.98	0.0318975	9.60927	-1.0994	2.49999	-0.00775364	8.21643
9.99	0.0315829	9.61204	-1.08352	2.49499	-0.00763678	8.20821
10	0.0312714	9.61462	-1.06785	2.49	-0.00752161	8.2
10.01	0.0309631	9.61702	-1.05241	2.48503	-0.0074081	8.19181
10.02	0.0306577	9.61922	-1.03719	2.48007	-0.00729623	8.18363
10.03	0.0303555	9.62123	-1.02218	2.47513	-0.00718599	8.17547
10.04	0.0300562	9.62307	-1.00738	2.4702	-0.00707735	8.16733
10.05	0.0297599	9.62472	-0.992796	2.46529	-0.00697029	8.1592
10.06	0.0294665	9.6262	-0.978415	2.46039	-0.00686479	8.15109
10.07	0.0291761	9.6275	-0.964238	2.4555	-0.00676083	8.143
10.08	0.0288885	9.62863	-0.950261	2.45063	-0.00665838	8.13492
10.09	0.0286038	9.6296	-0.936483	2.44578	-0.00655743	8.12686
10.1	0.0283219	9.63039	-0.922901	2.44094	-0.00645796	8.11881
10.11	0.0280429	9.63102	-0.909511	2.43611	-0.00635995	8.11078
10.12	0.0277666	9.63149	-0.896311	2.4313	-0.00626337	8.10277
10.13	0.027493	9.6318	-0.883299	2.4265	-0.00616821	8.09477
10.14	0.0272222	9.63196	-0.870472	2.42172	-0.00607445	8.08679
10.15	0.0269541	9.63196	-0.857828	2.41695	-0.00598207	8.07882
10.16	0.0266886	9.6318	-0.845364	2.41219	-0.00589105	8.07087
10.17	0.0264258	9.6315	-0.833077	2.40745	-0.00580137	8.06293
10.18	0.0261656	9.63105	-0.820965	2.40272	-0.00571301	8.05501
10.19	0.025908	9.63046	-0.809027	2.39801	-0.00562596	8.04711
10.2	0.0256529	9.62973	-0.797258	2.39331	-0.0055402	8.03922
10.21	0.0254004	9.62885	-0.785658	2.38862	-0.0054557	8.03134
10.22	0.0251504	9.62784	-0.774224	2.38395	-0.00537246	8.02348
10.23	0.0249029	9.62669	-0.762953	2.37929	-0.00529045	8.01564
10.24	0.0246578	9.62541	-0.751843	2.37465	-0.00520966	8.00781
10.25	0.0244152	9.624	-0.740892	2.37002	-0.00513007	8
10.26	0.024175	9.62245	-0.730098	2.3654	-0.00505167	7.9922
10.27	0.0239372	9.62078	-0.719459	2.3608	-0.00497443	7.98442
10.28	0.0237018	9.61899	-0.708972	2.35621	-0.00489834	7.97665
10.29	0.0234687	9.61707	-0.698636	2.35163	-0.00482338	7.9689
10.3	0.0232379	9.61503	-0.688448	2.34706	-0.00474954	7.96117
10.31	0.0230094	9.61287	-0.678406	2.34251	-0.00467681	7.95344
10.32	0.0227832	9.6106	-0.668508	2.33798	-0.00460516	7.94574
10.33	0.0225593	9.60821	-0.658753	2.33345	-0.00453459	7.93804
10.34	0.0223376	9.6057	-0.649138	2.32894	-0.00446507	7.93037
10.35	0.022118	9.60309	-0.639661	2.32444	-0.00439659	7.92271
10.36	0.0219007	9.60037	-0.63032	2.31996	-0.00432914	7.91506
10.37	0.0216856	9.59753	-0.621114	2.31548	-0.0042627	7.90743
10.38	0.0214725	9.59459	-0.61204	2.31102	-0.00419726	7.89981
10.39	0.0212616	9.59155	-0.603098	2.30658	-0.0041328	7.8922
10.4	0.0210528	9.58841	-0.594284	2.30214	-0.00406932	7.88462
10.41	0.0208461	9.58516	-0.585597	2.29772	-0.00400678	7.87704
10.42	0.0206415	9.58182	-0.577035	2.29332	-0.00394519	7.86948
10.43	0.0204388	9.57838	-0.568597	2.28892	-0.00388453	7.86194
10.44	0.0202382	9.57484	-0.560281	2.28454	-0.00382478	7.85441
10.45	0.0200396	9.57121	-0.552084	2.28017	-0.00376593	7.84689
10.46	0.019843	9.56748	-0.544007	2.27581	-0.00370797	7.83939
10.47	0.0196483	9.56367	-0.536046	2.27146	-0.00365088	7.8319
10.48	0.0194556	9.55977	-0.5282	2.26713	-0.00359466	7.82443
10.49	0.0192648	9.55577	-0.520467	2.26281	-0.00353929	7.81697
10.5	0.0190758	9.5517	-0.512846	2.2585	-0.00348476	7.80952
10.51	0.0188888	9.54753	-0.505336	2.25421	-0.00343105	7.80209
10.52	0.0187036	9.54329	-0.497934	2.24992	-0.00337816	7.79468
10.53	0.0185203	9.53896	-0.49064	2.24565	-0.00332607	7.78727
10.54	0.0183388	9.53455	-0.483451	2.24139	-0.00327476	7.77989
10.55	0.0181591	9.53007	-0.476367	2.23715	-0.00322424	7.77251
10.56	0.0179812	9.5255	-0.469385	2.23291	-0.00317449	7.76515
10.57	0.017805	9.52086	-0.462504	2.22869	-0.00312549	7.75781
10.58	0.0176306	9.51615	-0.455723	2.22448	-0.00307723	7.75047
10.59	0.017458	9.51136	-0.449041	2.22028	-0.00302971	7.74315
10.6	0.017287	9.5065	-0.442455	2.21609	-0.00298291	7.73585
10.61	0.0171178	9.50157	-0.435965	2.21192	-0.00293683	7.72856
10.62	0.0169502	9.49657	-0.42957	2.20775	-0.00289144	7.72128
10.63	0.0167843	9.4915	-0.423267	2.2036	-0.00284675	7.71402
10.64	0.0166201	9.48637	-0.417056	2.19946	-0.00280274	7.70677
10.65	0.0164575	9.48117	-0.410935	2.19533	-0.0027594	7.69953
10.66	0.0162965	9.4759	-0.404903	2.19121	-0.00271672	7.69231
10.67	0.0161371	9.47057	-0.398959	2.18711	-0.00267469	7.6851
10.68	0.0159793	9.46518	-0.393102	2.18302	-0.00263331	7.6779
10.69	0.015823	9.45973	-0.387329	2.17893	-0.00259256	7.67072
10.7	0.0156684	9.45422	-0.381641	2.17486	-0.00255243	7.66355
10.71	0.0155152	9.44865	-0.376035	2.1708	-0.00251291	7.6564
10.72	0.0153636	9.44302	-0.370511	2.16675	-0.002474	7.64925
10.73	0.0152135	9.43734	-0.365068	2.16272	-0.00243569	7.64212
10.74	0.0150648	9.4316	-0.359704	2.15869	-0.00239796	7.63501
10.75	0.0149177	9.42581	-0.354418	2.15468	-0.00236081	7.62791
10.76	0.014772	9.41996	-0.349209	2.15068	-0.00232423	7.62082
10.77	0.0146277	9.41406	-0.344076	2.14668	-0.00228821	7.61374
10.78	0.0144849	9.40811	-0.339018	2.1427	-0.00225274	7.60668
10.79	0.0143435	9.40211	-0.334034	2.13873	-0.00221781	7.59963
10.8	0.0142035	9.39606	-0.329122	2.13477	-0.00218343	7.59259
10.81	0.0140649	9.38996	-0.324282	2.13083	-0.00214956	7.58557
10.82	0.0139277	9.38382	-0.319513	2.12689	-0.00211622	7.57856
10.83	0.0137918	9.37763	-0.314814	2.12296	-0.0020834	7.57156
10.84	0.0136573	9.37139	-0.310183	2.11905	-0.00205107	7.56458
10.85	0.0135241	9.36511	-0.305619	2.11514	-0.00201925	7.5576
10.86	0.0133923	9.35878	-0.301123	2.11125	-0.00198791	7.55064
10.87	0.0132617	9.35242	-0.296692	2.10737	-0.00195705	7.5437
10.88	0.0131325	9.34601	-0.292326	2.1035	-0.00192667	7.53676
10.89	0.0130045	9.33956	-0.288023	2.09963	-0.00189676	7.52984
10.9	0.0128778	9.33307	-0.283784	2.09578	-0.00186731	7.52294
10.91	0.0127523	9.32654	-0.279606	2.09194	-0.00183831	7.51604
10.92	0.0126281	9.31997	-0.27549	2.08811	-0.00180976	7.50916
10.93	0.0125051	9.31337	-0.271434	2.08429	-0.00178165	7.50229
10.94	0.0123834	9.30672	-0.267437	2.08049	-0.00175397	7.49543
10.95	0.0122628	9.30005	-0.263499	2.07669	-0.00172672	7.48858
10.96	0.0121435	9.29333	-0.259618	2.0729	-0.00169989	7.48175
10.97	0.0120253	9.28659	-0.255795	2.06912	-0.00167347	7.47493
10.98	0.0119083	9.2798	-0.252027	2.06535	-0.00164746	7.46812
10.99	0.0117924	9.27299	-0.248314	2.0616	-0.00162185	7.46133
11	0.0116777	9.26614	-0.244656	2.05785	-0.00159664	7.45455
11.01	0.0115641	9.25927	-0.241051	2.05411	-0.00157182	7.44777
11.02	0.0114517	9.25236	-0.2375	2.05039	-0.00154738	7.44102
11.03	0.0113403	9.24542	-0.234	2.04667	-0.00152331	7.43427
11.04	0.0112301	9.23845	-0.230551	2.04297	-0.00149962	7.42754
11.05	0.011121	9.23145	-0.227154	2.03927	-0.0014763	7.42081
11.06	0.0110129	9.22443	-0.223805	2.03558	-0.00145334	7.4141
11.07	0.0109059	9.21738	-0.220506	2.03191	-0.00143073	7.40741
11.08	0.0108	9.2103	-0.217256	2.02824	-0.00140847	7.40072
11.09	0.0106951	9.2032	-0.214053	2.02459	-0.00138655	7.39405
11.1	0.0105912	9.19607	-0.210897	2.02094	-0.00136498	7.38739
11.11	0.0104884	9.18891	-0.207788	2.0173	-0.00134374	7.38074
11.12	0.0103866	9.18173	-0.204724	2.01368	-0.00132283	7.3741
11.13	0.0102858	9.17453	-0.201705	2.01006	-0.00130224	7.36748
11.14	0.0101859	9.1673	-0.19873	2.00645	-0.00128197	7.36086
11.15	0.0100871	9.16005	-0.195799	2.00286	-0.00126201	7.35426
11.16	0.00998927	9.15278	-0.192911	1.99927	-0.00124237	7.34767
11.17	0.00989238	9.14549	-0.190065	1.99569	-0.00122302	7.34109
11.18	0.00979644	9.13818	-0.187262	1.99212	-0.00120398	7.33453
11.19	0.00970146	9.13085	-0.184499	1.98856	-0.00118523	7.32797
11.2	0.00960741	9.1235	-0.181777	1.98501	-0.00116678	7.32143
11.21	0.00951428	9.11613	-0.179095	1.98147	-0.00114861	7.3149
11.22	0.00942208	9.10874	-0.176453	1.97794	-0.00113072	7.30838
11.23	0.00933078	9.10133	-0.173849	1.97442	-0.00111311	7.30187
11.24	0.00924039	9.0939	-0.171283	1.97091	-0.00109577	7.29537
11.25	0.00915088	9.08646	-0.168756	1.96741	-0.0010787	7.28889
11.26	0.00906225	9.079	-0.166265	1.96391	-0.0010619	7.28242
11.27	0.0089745	9.07153	-0.163811	1.96043	-0.00104536	7.27595
11.28	0.00888761	9.06404	-0.161393	1.95696	-0.00102907	7.2695
11.29	0.00880158	9.05653	-0.159011	1.95349	-0.00101304	7.26306
11.3	0.00871639	9.04901	-0.156663	1.95004	-0.000997252	7.25664
11.31	0.00863204	9.04148	-0.154351	1.94659	-0.000981713	7.25022
11.32	0.00854853	9.03393	-0.152072	1.94315	-0.000966416	7.24382
11.33	0.00846583	9.02637	-0.149827	1.93972	-0.000951356	7.23742
11.34	0.00838394	9.01879	-0.147615	1.9363	-0.00093653	7.23104
11.35	0.00830286	9.0112	-0.145435	1.93289	-0.000921934	7.22467
11.36	0.00822258	9.00361	-0.143287	1.92949	-0.000907566	7.21831
11.37	0.00814309	8.99599	-0.141172	1.9261	-0.00089342	7.21196
11.38	0.00806437	8.98837	-0.139087	1.92271	-0.000879495	7.20562
11.39	0.00798643	8.98074	-0.137033	1.91934	-0.000865786	7.1993
11.4	0.00790926	8.9731	-0.135009	1.91597	-0.00085229	7.19298
11.41	0.00783284	8.96544	-0.133015	1.91262	-0.000839004	7.18668
11.42	0.00775717	8.95778	-0.13105	1.90927	-0.000825925	7.18039
11.43	0.00768225	8.95011	-0.129114	1.90593	-0.000813049	7.1741
11.44	0.00760806	8.94242	-0.127207	1.9026	-0.000800373	7.16783
11.45	0.00753459	8.93473	-0.125328	1.89928	-0.000787895	7.16157
11.46	0.00746185	8.92703	-0.123476	1.89596	-0.000775611	7.15532
11.47	0.00738982	8.91933	-0.121652	1.89266	-0.000763518	7.14908
11.48	0.0073185	8.91161	-0.119855	1.88936	-0.000751613	7.14286
11.49	0.00724787	8.90389	-0.118084	1.88608	-0.000739893	7.13664
11.5	0.00717794	8.89616	-0.116339	1.8828	-0.000728356	7.13043
11.51	0.00710869	8.88843	-0.11462	1.87953	-0.000716998	7.12424
11.52	0.00704012	8.88069	-0.112927	1.87627	-0.000705818	7.11806
11.53	0.00697222	8.87294	-0.111258	1.87301	-0.000694811	7.11188
11.54	0.00690499	8.86519	-0.109614	1.86977	-0.000683976	7.10572
11.55	0.00683841	8.85743	-0.107994	1.86653	-0.000673309	7.09957
11.56	0.00677249	8.84967	-0.106398	1.8633	-0.000662809	7.09343
11.57	0.00670721	8.8419	-0.104825	1.86008	-0.000652472	7.08729
11.58	0.00664256	8.83413	-0.103276	1.85687	-0.000642296	7.08117
11.59	0.00657855	8.82635	-0.10175	1.85367	-0.000632279	7.07506
11.6	0.00651517	8.81857	-0.100246	1.85048	-0.000622418	7.06897
11.61	0.0064524	8.81079	-0.098764	1.84729	-0.00061271	7.06288
11.62	0.00639025	8.803	-0.097304	1.84411	-0.000603153	7.0568
11.63	0.0063287	8.79521	-0.0958657	1.84094	-0.000593746	7.05073
11.64	0.00626776	8.78742	-0.0944485	1.83778	-0.000584485	7.04467
11.65	0.00620741	8.77962	-0.0930523	1.83463	-0.000575369	7.03863
11.66	0.00614764	8.77183	-0.0916766	1.83148	-0.000566394	7.03259
11.67	0.00608846	8.76403	-0.0903212	1.82834	-0.000557559	7.02656
11.68	0.00602986	8.75623	-0.0889859	1.82521	-0.000548863	7.02055
11.69	0.00597183	8.74842	-0.0876702	1.82209	-0.000540301	7.01454
11.7	0.00591437	8.74062	-0.086374	1.81898	-0.000531873	7.00855
11.71	0.00585746	8.73281	-0.0850969	1.81587	-0.000523577	7.00256
11.72	0.00580111	8.72501	-0.0838386	1.81278	-0.00051541	6.99659
11.73	0.00574531	8.7172	-0.0825989	1.80969	-0.00050737	6.99062
11.74	0.00569005	8.7094	-0.0813775	1.8066	-0.000499455	6.98467
11.75	0.00563533	8.70159	-0.0801741	1.80353	-0.000491664	6.97872
11.76	0.00558114	8.69378	-0.0789885	1.80047	-0.000483995	6.97279
11.77	0.00552748	8.68598	-0.0778204	1.79741	-0.000476445	6.96686
11.78	0.00547434	8.67817	-0.0766695	1.79436	-0.000469013	6.96095
11.79	0.00542171	8.67036	-0.0755357	1.79131	-0.000461696	6.95505
11.8	0.0053696	8.66256	-0.0744185	1.78828	-0.000454494	6.94915
11.81	0.00531799	8.65476	-0.0733179	1.78525	-0.000447404	6.94327
11.82	0.00526689	8.64695	-0.0722335	1.78223	-0.000440425	6.93739
11.83	0.00521628	8.63915	-0.0711651	1.77922	-0.000433555	6.93153
11.84	0.00516616	8.63135	-0.0701125	1.77622	-0.000426791	6.92568
11.85	0.00511653	8.62356	-0.0690755	1.77322	-0.000420134	6.91983
11.86	0.00506738	8.61576	-0.0680537	1.77023	-0.00041358	6.914
11.87	0.00501871	8.60797	-0.0670471	1.76725	-0.000407128	6.90817
11.88	0.00497051	8.60018	-0.0660553	1.76428	-0.000400777	6.90236
11.89	0.00492277	8.59239	-0.0650782	1.76131	-0.000394525	6.89655
11.9	0.0048755	8.5846	-0.0641155	1.75835	-0.000388371	6.89076
11.91	0.00482869	8.57682	-0.063167	1.7554	-0.000382313	6.88497
11.92	0.00478233	8.56904	-0.0622325	1.75245	-0.000376349	6.87919
11.93	0.00473642	8.56126	-0.0613119	1.74952	-0.000370478	6.87343
11.94	0.00469095	8.55349	-0.0604048	1.74659	-0.000364699	6.86767
11.95	0.00464592	8.54572	-0.0595111	1.74367	-0.00035901	6.86192
11.96	0.00460133	8.53796	-0.0586307	1.74075	-0.00035341	6.85619
11.97	0.00455717	8.53019	-0.0577632	1.73785	-0.000347897	6.85046
11.98	0.00451343	8.52244	-0.0569086	1.73494	-0.000342471	6.84474
11.99	0.00447012	8.51468	-0.0560666	1.73205	-0.000337129	6.83903
12	0.00442723	8.50693	-0.055237	1.72917	-0.00033187	6.83333
12.01	0.00438475	8.49919	-0.0544197	1.72629	-0.000326693	6.82764
12.02	0.00434268	8.49144	-0.0536145	1.72342	-0.000321598	6.82196
12.03	0.00430102	8.48371	-0.0528212	1.72055	-0.000316581	6.81629
12.04	0.00425975	8.47598	-0.0520396	1.7177	-0.000311643	6.81063
12.05	0.00421889	8.46825	-0.0512696	1.71485	-0.000306782	6.80498
12.06	0.00417842	8.46053	-0.0505109	1.712	-0.000301997	6.79934
12.07	0.00413834	8.45281	-0.0497634	1.70917	-0.000297287	6.7937
12.08	0.00409865	8.4451	-0.049027	1.70634	-0.00029265	6.78808
12.09	0.00405933	8.43739	-0.0483015	1.70352	-0.000288086	6.78246
12.1	0.0040204	8.42969	-0.0475867	1.7007	-0.000283593	6.77686
12.11	0.00398184	8.422	-0.0468825	1.6979	-0.00027917	6.77126
12.12	0.00394365	8.41431	-0.0461887	1.6951	-0.000274816	6.76568
12.13	0.00390583	8.40662	-0.0455051	1.6923	-0.000270529	6.7601
12.14	0.00386837	8.39895	-0.0448317	1.68951	-0.00026631	6.75453
12.15	0.00383128	8.39128	-0.0441682	1.68673	-0.000262157	6.74897
12.16	0.00379453	8.38361	-0.0435145	1.68396	-0.000258069	6.74342
12.17	0.00375815	8.37595	-0.0428705	1.6812	-0.000254044	6.73788
12.18	0.00372211	8.3683	-0.042236	1.67844	-0.000250082	6.73235
12.19	0.00368641	8.36065	-0.0416109	1.67568	-0.000246182	6.72683
12.2	0.00365106	8.35301	-0.040995	1.67294	-0.000242343	6.72131
12.21	0.00361605	8.34538	-0.0403882	1.6702	-0.000238564	6.71581
12.22	0.00358137	8.33775	-0.0397904	1.66747	-0.000234844	6.71031
12.23	0.00354702	8.33013	-0.0392015	1.66474	-0.000231182	6.70482
12.24	0.00351301	8.32252	-0.0386213	1.66202	-0.000227577	6.69935
12.25	0.00347931	8.31491	-0.0380496	1.65931	-0.000224028	6.69388
12.26	0.00344594	8.30731	-0.0374864	1.6566	-0.000220535	6.68842
12.27	0.00341289	8.29972	-0.0369315	1.6539	-0.000217096	6.68297
12.28	0.00338016	8.29214	-0.0363848	1.65121	-0.000213711	6.67752
12.29	0.00334774	8.28456	-0.0358462	1.64853	-0.000210379	6.67209
12.3	0.00331563	8.27699	-0.0353156	1.64585	-0.000207099	6.66667
12.31	0.00328382	8.26943	-0.0347929	1.64317	-0.00020387	6.66125
12.32	0.00325232	8.26187	-0.0342778	1.64051	-0.000200691	6.65584
12.33	0.00322112	8.25432	-0.0337704	1.63785	-0.000197562	6.65045
12.34	0.00319021	8.24678	-0.0332705	1.63519	-0.000194482	6.64506
12.35	0.0031596	8.23925	-0.032778	1.63255	-0.00019145	6.63968
12.36	0.00312928	8.23173	-0.0322927	1.62991	-0.000188465	6.6343
12.37	0.00309925	8.22421	-0.0318147	1.62727	-0.000185527	6.62894
12.38	0.00306951	8.2167	-0.0313437	1.62464	-0.000182635	6.62359
12.39	0.00304004	8.2092	-0.0308797	1.62202	-0.000179788	6.61824
12.4	0.00301086	8.20171	-0.0304225	1.61941	-0.000176985	6.6129
12.41	0.00298196	8.19423	-0.0299721	1.6168	-0.000174226	6.60757
12.42	0.00295333	8.18675	-0.0295284	1.6142	-0.000171511	6.60225
12.43	0.00292497	8.17928	-0.0290912	1.6116	-0.000168837	6.59694
12.44	0.00289688	8.17182	-0.0286606	1.60901	-0.000166206	6.59164
12.45	0.00286906	8.16437	-0.0282362	1.60643	-0.000163615	6.58635
12.46	0.0028415	8.15693	-0.0278182	1.60385	-0.000161065	6.58106
12.47	0.0028142	8.14949	-0.0274063	1.60128	-0.000158554	6.57578
12.48	0.00278716	8.14207	-0.0270006	1.59871	-0.000156083	6.57051
12.49	0.00276037	8.13465	-0.0266008	1.59615	-0.000153651	6.56525
12.5	0.00273384	8.12724	-0.026207	1.5936	-0.000151256	6.56
12.51	0.00270756	8.11984	-0.0258189	1.59105	-0.000148899	6.55476
12.52	0.00268153	8.11245	-0.0254367	1.58851	-0.000146578	6.54952
12.53	0.00265574	8.10507	-0.0250601	1.58598	-0.000144294	6.54429
12.54	0.0026302	8.09769	-0.024689	1.58345	-0.000142045	6.53907
12.55	0.0026049	8.09033	-0.0243235	1.58093	-0.000139832	6.53386
12.56	0.00257983	8.08297	-0.0239633	1.57841	-0.000137653	6.52866
12.57	0.002555	8.07563	-0.0236085	1.5759	-0.000135508	6.52347
12.58	0.00253041	8.06829	-0.0232589	1.5734	-0.000133396	6.51828
12.59	0.00250605	8.06096	-0.0229145	1.5709	-0.000131318	6.51311
12.6	0.00248191	8.05364	-0.0225752	1.56841	-0.000129272	6.50794
12.61	0.00245801	8.04633	-0.022241	1.56592	-0.000127257	6.50278
12.62	0.00243432	8.03902	-0.0219116	1.56344	-0.000125275	6.49762
12.63	0.00241086	8.03173	-0.0215872	1.56096	-0.000123323	6.49248
12.64	0.00238762	8.02445	-0.0212675	1.55849	-0.000121402	6.48734
12.65	0.0023646	8.01717	-0.0209526	1.55603	-0.00011951	6.48221
12.66	0.00234179	8.00991	-0.0206424	1.55357	-0.000117648	6.47709
12.67	0.0023192	8.00265	-0.0203367	1.55112	-0.000115816	6.47198
12.68	0.00229682	7.9954	-0.0200356	1.54868	-0.000114011	6.46688
12.69	0.00227464	7.98817	-0.0197389	1.54624	-0.000112235	6.46178
12.7	0.00225268	7.98094	-0.0194466	1.5438	-0.000110487	6.45669
12.71	0.00223091	7.97372	-0.0191586	1.54137	-0.000108766	6.45161
12.72	0.00220936	7.96651	-0.0188749	1.53895	-0.000107072	6.44654
12.73	0.002188	7.95931	-0.0185954	1.53654	-0.000105404	6.44148
12.74	0.00216684	7.95212	-0.01832	1.53412	-0.000103762	6.43642
12.75	0.00214588	7.94494	-0.0180487	1.53172	-0.000102146	6.43137
12.76	0.00212511	7.93777	-0.0177815	1.52932	-0.000100555	6.42633
12.77	0.00210454	7.93061	-0.0175182	1.52692	-9.89894e-05	6.4213
12.78	0.00208415	7.92346	-0.0172587	1.52454	-9.74477e-05	6.41628
12.79	0.00206396	7.91631	-0.0170031	1.52215	-9.59302e-05	6.41126
12.8	0.00204395	7.90918	-0.0167514	1.51978	-9.44362e-05	6.40625
12.81	0.00202413	7.90206	-0.0165033	1.5174	-9.29656e-05	6.40125
12.82	0.00200449	7.89494	-0.0162589	1.51504	-9.1518e-05	6.39626
12.83	0.00198504	7.88784	-0.0160181	1.51268	-9.00929e-05	6.39127
12.84	0.00196576	7.88074	-0.0157809	1.51032	-8.869e-05	6.38629
12.85	0.00194666	7.87366	-0.0155472	1.50797	-8.7309e-05	6.38132
12.86	0.00192774	7.86658	-0.0153169	1.50563	-8.59496e-05	6.37636
12.87	0.00190899	7.85952	-0.0150901	1.50329	-8.46114e-05	6.37141
12.88	0.00189042	7.85246	-0.0148666	1.50095	-8.3294e-05	6.36646
12.89	0.00187201	7.84542	-0.0146465	1.49863	-8.19972e-05	6.36152
12.9	0.00185378	7.83838	-0.0144295	1.4963	-8.07207e-05	6.35659
12.91	0.00183571	7.83136	-0.0142158	1.49399	-7.9464e-05	6.35167
12.92	0.00181781	7.82434	-0.0140053	1.49168	-7.82269e-05	6.34675
12.93	0.00180007	7.81733	-0.0137979	1.48937	-7.70092e-05	6.34184
12.94	0.00178249	7.81034	-0.0135936	1.48707	-7.58104e-05	6.33694
12.95	0.00176508	7.80335	-0.0133922	1.48477	-7.46303e-05	6.33205
12.96	0.00174782	7.79637	-0.0131939	1.48248	-7.34686e-05	6.32716
12.97	0.00173072	7.78941	-0.0129985	1.4802	-7.2325e-05	6.32228
12.98	0.00171378	7.78245	-0.012806	1.47792	-7.11993e-05	6.31741
12.99	0.00169699	7.7755	-0.0126163	1.47564	-7.00911e-05	6.31255
13	0.00168036	7.76857	-0.0124295	1.47337	-6.90002e-05	6.30769
13.01	0.00166387	7.76164	-0.0122454	1.47111	-6.79263e-05	6.30284
13.02	0.00164754	7.75472	-0.012064	1.46885	-6.68692e-05	6.298
13.03	0.00163135	7.74781	-0.0118853	1.4666	-6.58285e-05	6.29317
13.04	0.00161531	7.74092	-0.0117093	1.46435	-6.48041e-05	6.28834
13.05	0.00159941	7.73403	-0.0115359	1.4621	-6.37956e-05	6.28352
13.06	0.00158366	7.72715	-0.011365	1.45987	-6.28029e-05	6.27871
13.07	0.00156805	7.72028	-0.0111967	1.45763	-6.18256e-05	6.27391
13.08	0.00155259	7.71343	-0.0110309	1.4554	-6.08636e-05	6.26911
13.09	0.00153726	7.70658	-0.0108675	1.45318	-5.99166e-05	6.26432
13.1	0.00152207	7.69974	-0.0107065	1.45096	-5.89843e-05	6.25954
13.11	0.00150701	7.69291	-0.010548	1.44875	-5.80666e-05	6.25477
13.12	0.00149209	7.6861	-0.0103917	1.44654	-5.71631e-05	6.25
13.13	0.00147731	7.67929	-0.0102378	1.44434	-5.62738e-05	6.24524
13.14	0.00146265	7.67249	-0.0100862	1.44214	-5.53983e-05	6.24049
13.15	0.00144813	7.6657	-0.00993681	1.43995	-5.45365e-05	6.23574
13.16	0.00143374	7.65892	-0.00978963	1.43776	-5.36881e-05	6.231
13.17	0.00141947	7.65216	-0.00964463	1.43558	-5.28529e-05	6.22627
13.18	0.00140533	7.6454	-0.00950178	1.4334	-5.20307e-05	6.22155
13.19	0.00139132	7.63865	-0.00936105	1.43123	-5.12214e-05	6.21683
13.2	0.00137743	7.63191	-0.0092224	1.42906	-5.04247e-05	6.21212
13.21	0.00136367	7.62518	-0.0090858	1.4269	-4.96404e-05	6.20742
13.22	0.00135002	7.61847	-0.00895123	1.42474	-4.88683e-05	6.20272
13.23	0.0013365	7.61176	-0.00881864	1.42259	-4.81082e-05	6.19803
13.24	0.0013231	7.60506	-0.00868803	1.42044	-4.736e-05	6.19335
13.25	0.00130981	7.59837	-0.00855934	1.4183	-4.66234e-05	6.18868
13.26	0.00129664	7.59169	-0.00843256	1.41616	-4.58983e-05	6.18401
13.27	0.00128359	7.58503	-0.00830766	1.41403	-4.51846e-05	6.17935
13.28	0.00127065	7.57837	-0.00818461	1.4119	-4.44819e-05	6.1747
13.29	0.00125782	7.57172	-0.00806338	1.40977	-4.37902e-05	6.17005
13.3	0.00124511	7.56508	-0.00794395	1.40765	-4.31093e-05	6.16541
13.31	0.00123251	7.55845	-0.00782628	1.40554	-4.24389e-05	6.16078
13.32	0.00122001	7.55183	-0.00771036	1.40343	-4.1779e-05	6.15616
13.33	0.00120763	7.54523	-0.00759615	1.40133	-4.11294e-05	6.15154
13.34	0.00119535	7.53863	-0.00748364	1.39923	-4.049e-05	6.14693
13.35	0.00118318	7.53204	-0.00737279	1.39713	-3.98604e-05	6.14232
13.36	0.00117111	7.52546	-0.00726359	1.39504	-3.92407e-05	6.13772
13.37	0.00115915	7.51889	-0.007156	1.39295	-3.86307e-05	6.13313
13.38	0.00114729	7.51233	-0.00705	1.39087	-3.80301e-05	6.12855
13.39	0.00113554	7.50579	-0.00694557	1.3888	-3.74389e-05	6.12397
13.4	0.00112388	7.49925	-0.0068427	1.38672	-3.68569e-05	6.1194
13.41	0.00111232	7.49272	-0.00674134	1.38466	-3.6284e-05	6.11484
13.42	0.00110086	7.4862	-0.00664148	1.38259	-3.572e-05	6.11028
13.43	0.0010895	7.47969	-0.00654311	1.38053	-3.51648e-05	6.10573
13.44	0.00107824	7.47319	-0.00644619	1.37848	-3.46182e-05	6.10119
13.45	0.00106707	7.4667	-0.00635071	1.37643	-3.40801e-05	6.09665
13.46	0.001056	7.46022	-0.00625664	1.37439	-3.35504e-05	6.09212
13.47	0.00104501	7.45375	-0.00616396	1.37235	-3.3029e-05	6.0876
13.48	0.00103413	7.44729	-0.00607266	1.37031	-3.25157e-05	6.08309
13.49	0.00102333	7.44084	-0.00598271	1.36828	-3.20104e-05	6.07858
13.5	0.00101262	7.4344	-0.00589409	1.36626	-3.15129e-05	6.07407
13.51	0.00100201	7.42797	-0.00580678	1.36423	-3.10232e-05	6.06958
13.52	0.000991477	7.42155	-0.00572077	1.36222	-3.05411e-05	6.06509
13.53	0.000981036	7.41514	-0.00563603	1.3602	-3.00666e-05	6.06061
13.54	0.000970681	7.40874	-0.00555254	1.35819	-2.95994e-05	6.05613
13.55	0.000960412	7.40235	-0.00547029	1.35619	-2.91395e-05	6.05166
13.56	0.000950228	7.39597	-0.00538926	1.35419	-2.86867e-05	6.0472
13.57	0.000940128	7.3896	-0.00530943	1.3522	-2.8241e-05	6.04274
13.58	0.000930111	7.38324	-0.00523079	1.35021	-2.78022e-05	6.03829
13.59	0.000920175	7.37689	-0.0051533	1.34822	-2.73703e-05	6.03385
13.6	0.000910321	7.37054	-0.00507697	1.34624	-2.69451e-05	6.02941
13.61	0.000900546	7.36421	-0.00500176	1.34426	-2.65265e-05	6.02498
13.62	0.000890851	7.35789	-0.00492767	1.34229	-2.61144e-05	6.02056
13.63	0.000881235	7.35158	-0.00485468	1.34032	-2.57088e-05	6.01614
13.64	0.000871696	7.34527	-0.00478277	1.33835	-2.53094e-05	6.01173
13.65	0.000862234	7.33898	-0.00471192	1.33639	-2.49163e-05	6.00733
13.66	0.000852847	7.3327	-0.00464212	1.33444	-2.45293e-05	6.00293
13.67	0.000843535	7.32642	-0.00457336	1.33248	-2.41483e-05	5.99854
13.68	0.000834298	7.32016	-0.00450561	1.33054	-2.37732e-05	5.99415
13.69	0.000825133	7.31391	-0.00443887	1.32859	-2.3404e-05	5.98977
13.7	0.000816042	7.30766	-0.00437312	1.32666	-2.30405e-05	5.9854
13.71	0.000807021	7.30143	-0.00430834	1.32472	-2.26827e-05	5.98104
13.72	0.000798072	7.2952	-0.00424452	1.32279	-2.23304e-05	5.97668
13.73	0.000789193	7.28898	-0.00418165	1.32086	-2.19836e-05	5.97232
13.74	0.000780382	7.28278	-0.0041197	1.31894	-2.16423e-05	5.96798
13.75	0.00077164	7.27658	-0.00405868	1.31702	-2.13062e-05	5.96364
13.76	0.000762966	7.27039	-0.00399855	1.31511	-2.09754e-05	5.9593
13.77	0.000754359	7.26422	-0.00393932	1.3132	-2.06497e-05	5.95497
13.78	0.000745817	7.25805	-0.00388097	1.3113	-2.0329e-05	5.95065
13.79	0.000737341	7.25189	-0.00382348	1.3094	-2.00134e-05	5.94634
13.8	0.000728929	7.24574	-0.00376684	1.3075	-1.97027e-05	5.94203
13.81	0.000720582	7.2396	-0.00371104	1.30561	-1.93968e-05	5.93773
13.82	0.000712297	7.23347	-0.00365607	1.30372	-1.90956e-05	5.93343
13.83	0.000704074	7.22735	-0.00360191	1.30183	-1.87992e-05	5.92914
13.84	0.000695913	7.22124	-0.00354855	1.29995	-1.85074e-05	5.92486
13.85	0.000687813	7.21514	-0.00349599	1.29808	-1.82201e-05	5.92058
13.86	0.000679772	7.20905	-0.0034442	1.2962	-1.79372e-05	5.91631
13.87	0.000671791	7.20296	-0.00339318	1.29433	-1.76588e-05	5.91204
13.88	0.000663869	7.19689	-0.00334292	1.29247	-1.73847e-05	5.90778
13.89	0.000656005	7.19083	-0.0032934	1.29061	-1.71149e-05	5.90353
13.9	0.000648197	7.18477	-0.00324461	1.28875	-1.68492e-05	5.89928
13.91	0.000640447	7.17873	-0.00319654	1.2869	-1.65877e-05	5.89504
13.92	0.000632752	7.17269	-0.00314919	1.28505	-1.63303e-05	5.8908
13.93	0.000625112	7.16667	-0.00310254	1.28321	-1.60768e-05	5.88658
13.94	0.000617527	7.16065	-0.00305658	1.28137	-1.58273e-05	5.88235
13.95	0.000609995	7.15464	-0.0030113	1.27953	-1.55817e-05	5.87814
13.96	0.000602516	7.14864	-0.0029667	1.2777	-1.53399e-05	5.87393
13.97	0.00059509	7.14265	-0.00292275	1.27587	-1.51019e-05	5.86972
13.98	0.000587716	7.13667	-0.00287945	1.27405	-1.48675e-05	5.86552
13.99	0.000580393	7.1307	-0.0028368	1.27222	-1.46368e-05	5.86133
14	0.00057312	7.12474	-0.00279477	1.27041	-1.44097e-05	5.85714
14.01	0.000565897	7.11879	-0.00275337	1.2686	-1.41861e-05	5.85296
14.02	0.000558723	7.11285	-0.00271259	1.26679	-1.3966e-05	5.84879
14.03	0.000551597	7.10691	-0.0026724	1.26498	-1.37493e-05	5.84462
14.04	0.00054452	7.10099	-0.00263281	1.26318	-1.3536e-05	5.84046
14.05	0.00053749	7.09507	-0.00259381	1.26138	-1.3326e-05	5.8363
14.06	0.000530506	7.08917	-0.00255539	1.25959	-1.31193e-05	5.83215
14.07	0.000523568	7.08327	-0.00251753	1.2578	-1.29158e-05	5.828
14.08	0.000516676	7.07738	-0.00248024	1.25601	-1.27154e-05	5.82386
14.09	0.000509828	7.0715	-0.0024435	1.25423	-1.25182e-05	5.81973
14.1	0.000503025	7.06564	-0.0024073	1.25245	-1.2324e-05	5.8156
14.11	0.000496265	7.05977	-0.00237164	1.25068	-1.21328e-05	5.81148
14.12	0.000489548	7.05392	-0.00233651	1.24891	-1.19447e-05	5.80737
14.13	0.000482874	7.04808	-0.00230189	1.24714	-1.17594e-05	5.80326
14.14	0.000476241	7.04225	-0.00226779	1.24538	-1.1577e-05	5.79915
14.15	0.00046965	7.03642	-0.0022342	1.24362	-1.13975e-05	5.79505
14.16	0.000463099	7.03061	-0.0022011	1.24186	-1.12207e-05	5.79096
14.17	0.000456588	7.0248	-0.0021685	1.24011	-1.10467e-05	5.78687
14.18	0.000450116	7.01901	-0.00213637	1.23836	-1.08754e-05	5.78279
14.19	0.000443684	7.01322	-0.00210473	1.23662	-1.07067e-05	5.77872
14.2	0.000437289	7.00744	-0.00207355	1.23487	-1.05407e-05	5.77465
14.21	0.000430933	7.00167	-0.00204283	1.23314	-1.03772e-05	5.77058
14.22	0.000424613	6.99591	-0.00201257	1.2314	-1.02163e-05	5.76653
14.23	0.000418331	6.99015	-0.00198275	1.22967	-1.00579e-05	5.76247
14.24	0.000412084	6.98441	-0.00195338	1.22795	-9.90197e-06	5.75843
14.25	0.000405873	6.97868	-0.00192444	1.22622	-9.74845e-06	5.75439
14.26	0.000399697	6.97295	-0.00189593	1.2245	-9.5973e-06	5.75035
14.27	0.000393555	6.96723	-0.00186785	1.22279	-9.44851e-06	5.74632
14.28	0.000387447	6.96152	-0.00184018	1.22108	-9.30203e-06	5.7423
14.29	0.000381372	6.95582	-0.00181292	1.21937	-9.15782e-06	5.73828
14.3	0.000375331	6.95013	-0.00178606	1.21766	-9.01585e-06	5.73427
14.31	0.000369321	6.94445	-0.0017596	1.21596	-8.87609e-06	5.73026
14.32	0.000363344	6.93878	-0.00173354	1.21426	-8.7385e-06	5.72626
14.33	0.000357397	6.93311	-0.00170786	1.21257	-8.60305e-06	5.72226
14.34	0.000351482	6.92746	-0.00168256	1.21088	-8.4697e-06	5.71827
14.35	0.000345596	6.92181	-0.00165763	1.20919	-8.33842e-06	5.71429
14.36	0.00033974	6.91617	-0.00163307	1.20751	-8.20917e-06	5.71031
14.37	0.000333914	6.91054	-0.00160888	1.20583	-8.08194e-06	5.70633
14.38	0.000328116	6.90492	-0.00158505	1.20415	-7.95668e-06	5.70236
14.39	0.000322346	6.89931	-0.00156157	1.20248	-7.83337e-06	5.6984
14.4	0.000316604	6.89371	-0.00153843	1.20081	-7.71197e-06	5.69444
14.41	0.000310889	6.88811	-0.00151564	1.19914	-7.59245e-06	5.69049
14.42	0.000305201	6.88253	-0.00149319	1.19748	-7.4748e-06	5.68655
14.43	0.000299538	6.87695	-0.00147107	1.19582	-7.35896e-06	5.68261
14.44	0.000293902	6.87138	-0.00144928	1.19417	-7.24493e-06	5.67867
14.45	0.000288291	6.86582	-0.00142781	1.19251	-7.13267e-06	5.67474
14.46	0.000282704	6.86027	-0.00140666	1.19087	-7.02215e-06	5.67082
14.47	0.000277142	6.85472	-0.00138582	1.18922	-6.91334e-06	5.6669
14.48	0.000271603	6.84919	-0.00136529	1.18758	-6.80623e-06	5.66298
14.49	0.000266087	6.84366	-0.00134506	1.18594	-6.70078e-06	5.65908
14.5	0.000260595	6.83815	-0.00132514	1.1843	-6.59696e-06	5.65517
14.51	0.000255124	6.83264	-0.00130551	1.18267	-6.49476e-06	5.65127
14.52	0.000249675	6.82713	-0.00128617	1.18104	-6.39414e-06	5.64738
14.53	0.000244248	6.82164	-0.00126711	1.17942	-6.29508e-06	5.6435
14.54	0.000238842	6.81616	-0.00124834	1.1778	-6.19756e-06	5.63961
14.55	0.000233456	6.81068	-0.00122985	1.17618	-6.10156e-06	5.63574
14.56	0.000228089	6.80521	-0.00121163	1.17456	-6.00704e-06	5.63187
14.57	0.000222743	6.79976	-0.00119368	1.17295	-5.91399e-06	5.628
14.58	0.000217415	6.7943	-0.001176	1.17134	-5.82239e-06	5.62414
14.59	0.000212106	6.78886	-0.00115858	1.16974	-5.73221e-06	5.62029
14.6	0.000206815	6.78343	-0.00114141	1.16814	-5.64342e-06	5.61644
14.61	0.000201541	6.778	-0.0011245	1.16654	-5.55602e-06	5.61259
14.62	0.000196285	6.77258	-0.00110784	1.16494	-5.46997e-06	5.60876
14.63	0.000191046	6.76718	-0.00109143	1.16335	-5.38525e-06	5.60492
14.64	0.000185822	6.76177	-0.00107526	1.16176	-5.30185e-06	5.60109
14.65	0.000180615	6.75638	-0.00105934	1.16018	-5.21975e-06	5.59727
14.66	0.000175423	6.751	-0.00104364	1.15859	-5.13891e-06	5.59345
14.67	0.000170246	6.74562	-0.00102818	1.15702	-5.05934e-06	5.58964
14.68	0.000165083	6.74025	-0.00101295	1.15544	-4.98099e-06	5.58583
14.69	0.000159934	6.73489	-0.000997943	1.15387	-4.90386e-06	5.58203
14.7	0.000154799	6.72954	-0.00098316	1.1523	-4.82793e-06	5.57823
14.71	0.000149677	6.7242	-0.000968595	1.15073	-4.75318e-06	5.57444
14.72	0.000144568	6.71886	-0.000954246	1.14917	-4.67958e-06	5.57065
14.73	0.000139471	6.71353	-0.00094011	1.14761	-4.60713e-06	5.56687
14.74	0.000134386	6.70822	-0.000926183	1.14605	-4.5358e-06	5.56309
14.75	0.000129313	6.7029	-0.000912462	1.1445	-4.46558e-06	5.55932
14.76	0.00012425	6.6976	-0.000898944	1.14295	-4.39645e-06	5.55556
14.77	0.000119198	6.69231	-0.000885627	1.1414	-4.32838e-06	5.55179
14.78	0.000114156	6.68702	-0.000872507	1.13986	-4.26138e-06	5.54804
14.79	0.000109123	6.68174	-0.000859582	1.13832	-4.19541e-06	5.54429
14.8	0.0001041	6.67647	-0.000846848	1.13678	-4.13047e-06	5.54054
14.81	9.9086e-05	6.67121	-0.000834302	1.13524	-4.06653e-06	5.5368
14.82	9.40801e-05	6.66595	-0.000821943	1.13371	-4.00359e-06	5.53306
14.83	8.90821e-05	6.6607	-0.000809766	1.13218	-3.94162e-06	5.52933
14.84	8.40917e-05	6.65546	-0.00079777	1.13066	-3.88061e-06	5.52561
14.85	7.91084e-05	6.65023	-0.000785952	1.12914	-3.82055e-06	5.52189
14.86	7.41318e-05	6.64501	-0.000774308	1.12762	-3.76142e-06	5.51817
14.87	6.91615e-05	6.63979	-0.000762838	1.1261	-3.7032e-06	5.51446
14.88	6.4197e-05	6.63459	-0.000751537	1.12459	-3.64589e-06	5.51075
14.89	5.9238e-05	6.62939	-0.000740403	1.12308	-3.58947e-06	5.50705
14.9	5.42839e-05	6.62419	-0.000729435	1.12157	-3.53392e-06	5.50336
14.91	4.93345e-05	6.61901	-0.000718629	1.12007	-3.47924e-06	5.49966
14.92	4.43892e-05	6.61383	-0.000707983	1.11857	-3.4254e-06	5.49598
14.93	3.94476e-05	6.60866	-0.000697494	1.11707	-3.37239e-06	5.4923
14.94	3.45094e-05	6.6035	-0.000687161	1.11557	-3.32021e-06	5.48862
14.95	2.95741e-05	6.59835	-0.000676982	1.11408	-3.26884e-06	5.48495
14.96	2.46412e-05	6.59321	-0.000666953	1.11259	-3.21826e-06	5.48128
14.97	1.97105e-05	6.58807	-0.000657072	1.11111	-3.16847e-06	5.47762
14.98	1.47814e-05	6.58294	-0.000647338	1.10962	-3.11944e-06	5.47397
14.99	9.85358e-06	6.57782	-0.000637748	1.10814	-3.07118e-06	5.47031
