0.01	0.0953286	0.0220389	0.0732898
0.02	0.0953351	0.0220403	0.0732948
0.03	0.0953462	0.0220427	0.0733034
0.04	0.0953617	0.0220462	0.0733156
0.05	0.0953818	0.0220506	0.0733312
0.06	0.0954063	0.022056	0.0733504
0.07	0.0954353	0.0220623	0.073373
0.08	0.0954687	0.0220697	0.073399
0.09	0.0955065	0.022078	0.0734285
0.1	0.0955487	0.0220873	0.0734614
0.11	0.0955953	0.0220975	0.0734977
0.12	0.0956462	0.0221088	0.0735375
0.13	0.0957015	0.022121	0.0735806
0.14	0.0957612	0.0221341	0.073627
0.15	0.0958251	0.0221483	0.0736768
0.16	0.0958933	0.0221634	0.0737299
0.17	0.0959658	0.0221794	0.0737864
0.18	0.0960424	0.0221964	0.073846
0.19	0.0961233	0.0222144	0.073909
0.2	0.0962084	0.0222332	0.0739751
0.21	0.0962975	0.0222531	0.0740444
0.22	0.0963908	0.0222739	0.0741169
0.23	0.0964881	0.0222956	0.0741925
0.24	0.0965894	0.0223182	0.0742712
0.25	0.0966947	0.0223418	0.074353
0.26	0.096804	0.0223663	0.0744377
0.27	0.0969172	0.0223917	0.0745255
0.28	0.0970342	0.022418	0.0746162
0.29	0.097155	0.0224452	0.0747098
0.3	0.0972796	0.0224733	0.0748063
0.31	0.0974079	0.0225024	0.0749056
0.32	0.0975399	0.0225323	0.0750076
0.33	0.0976755	0.0225631	0.0751125
0.34	0.0978147	0.0225948	0.07522
0.35	0.0979574	0.0226273	0.0753301
0.36	0.0981035	0.0226607	0.0754428
0.37	0.0982531	0.022695	0.0755581
0.38	0.098406	0.0227301	0.0756759
0.39	0.0985622	0.0227661	0.0757961
0.4	0.0987216	0.0228029	0.0759187
0.41	0.0988842	0.0228405	0.0760437
0.42	0.0990499	0.022879	0.076171
0.43	0.0992187	0.0229182	0.0763004
0.44	0.0993904	0.0229583	0.0764321
0.45	0.0995651	0.0229992	0.0765659
0.46	0.0997426	0.0230409	0.0767017
0.47	0.0999229	0.0230833	0.0768396
0.48	0.100106	0.0231266	0.0769794
0.49	0.100292	0.0231706	0.0771211
0.5	0.10048	0.0232154	0.0772646
0.51	0.100671	0.0232609	0.0774098
0.52	0.100864	0.0233071	0.0775568
0.53	0.10106	0.0233541	0.0777054
0.54	0.101257	0.0234018	0.0778556
0.55	0.101458	0.0234502	0.0780074
0.56	0.10166	0.0234994	0.0781605
0.57	0.101864	0.0235492	0.0783151
0.58	0.102071	0.0235997	0.078471
0.59	0.102279	0.0236509	0.0786281
0.6	0.102489	0.0237027	0.0787864
0.61	0.102701	0.0237552	0.0789459
0.62	0.102915	0.0238084	0.0791064
0.63	0.10313	0.0238622	0.0792679
0.64	0.103347	0.0239166	0.0794303
0.65	0.103565	0.0239716	0.0795936
0.66	0.103785	0.0240272	0.0797577
0.67	0.104006	0.0240834	0.0799225
0.68	0.104228	0.0241402	0.080088
0.69	0.104452	0.0241976	0.080254
0.7	0.104676	0.0242555	0.0804206
0.71	0.104902	0.024314	0.0805877
0.72	0.105128	0.024373	0.0807551
0.73	0.105355	0.0244325	0.0809228
0.74	0.105583	0.0244926	0.0810908
0.75	0.105812	0.0245531	0.081259
0.76	0.106041	0.0246141	0.0814273
0.77	0.106271	0.0246756	0.0815957
0.78	0.106502	0.0247376	0.081764
0.79	0.106732	0.0248001	0.0819322
0.8	0.106963	0.0248629	0.0821003
0.81	0.107194	0.0249262	0.0822682
0.82	0.107426	0.02499	0.0824358
0.83	0.107657	0.0250541	0.0826031
0.84	0.107889	0.0251186	0.08277
0.85	0.10812	0.0251835	0.0829363
0.86	0.108351	0.0252488	0.0831022
0.87	0.108582	0.0253144	0.0832674
0.88	0.108812	0.0253804	0.083432
0.89	0.109043	0.0254467	0.0835958
0.9	0.109272	0.0255133	0.0837589
0.91	0.109501	0.0255802	0.0839211
0.92	0.10973	0.0256475	0.0840824
0.93	0.109958	0.0257149	0.0842427
0.94	0.110185	0.0257827	0.0844021
0.95	0.110411	0.0258507	0.0845603
0.96	0.110636	0.025919	0.0847173
0.97	0.110861	0.0259875	0.0848732
0.98	0.111084	0.0260562	0.0850278
0.99	0.111306	0.0261251	0.0851812
1	0.111527	0.0261942	0.0853331
1.01	0.111747	0.0262634	0.0854836
1.02	0.111966	0.0263329	0.0856327
1.03	0.112183	0.0264024	0.0857802
1.04	0.112398	0.0264721	0.0859262
1.05	0.112612	0.026542	0.0860705
1.06	0.112825	0.0266119	0.0862132
1.07	0.113036	0.026682	0.0863541
1.08	0.113245	0.0267521	0.0864933
1.09	0.113453	0.0268223	0.0866307
1.1	0.113659	0.0268926	0.0867662
1.11	0.113863	0.0269629	0.0868998
1.12	0.114065	0.0270332	0.0870315
1.13	0.114265	0.0271035	0.0871612
1.14	0.114463	0.0271739	0.0872889
1.15	0.114659	0.0272443	0.0874146
1.16	0.114853	0.0273146	0.0875381
1.17	0.115044	0.0273849	0.0876595
1.18	0.115234	0.0274551	0.0877788
1.19	0.115421	0.0275253	0.0878958
1.2	0.115606	0.0275954	0.0880106
1.21	0.115789	0.0276655	0.0881232
1.22	0.115969	0.0277354	0.0882335
1.23	0.116147	0.0278052	0.0883414
1.24	0.116322	0.0278749	0.088447
1.25	0.116495	0.0279445	0.0885502
1.26	0.116665	0.0280139	0.088651
1.27	0.116833	0.0280832	0.0887494
1.28	0.116998	0.0281523	0.0888454
1.29	0.11716	0.0282212	0.0889389
1.3	0.11732	0.0282899	0.0890299
1.31	0.117477	0.0283584	0.0891184
1.32	0.117631	0.0284266	0.0892044
1.33	0.117783	0.0284947	0.0892879
1.34	0.117931	0.0285625	0.0893688
1.35	0.118077	0.02863	0.0894471
1.36	0.11822	0.0286973	0.0895229
1.37	0.11836	0.0287643	0.0895961
1.38	0.118498	0.028831	0.0896667
1.39	0.118632	0.0288973	0.0897347
1.4	0.118763	0.0289634	0.0898001
1.41	0.118892	0.0290292	0.0898629
1.42	0.119018	0.0290946	0.089923
1.43	0.11914	0.0291596	0.0899806
1.44	0.11926	0.0292243	0.0900355
1.45	0.119377	0.0292886	0.0900879
1.46	0.11949	0.0293526	0.0901376
1.47	0.119601	0.0294161	0.0901847
1.48	0.119709	0.0294793	0.0902292
1.49	0.119813	0.029542	0.0902711
1.5	0.119915	0.0296043	0.0903104
1.51	0.120013	0.0296662	0.0903472
1.52	0.120109	0.0297277	0.0903813
1.53	0.120202	0.0297886	0.0904129
1.54	0.120291	0.0298492	0.090442
1.55	0.120378	0.0299092	0.0904685
1.56	0.120461	0.0299688	0.0904924
1.57	0.120542	0.0300278	0.0905139
1.58	0.120619	0.0300864	0.0905329
1.59	0.120694	0.0301445	0.0905494
1.6	0.120765	0.030202	0.0905634
1.61	0.120834	0.0302591	0.0905751
1.62	0.1209	0.0303155	0.0905843
1.63	0.120963	0.0303715	0.0905911
1.64	0.121022	0.0304269	0.0905955
1.65	0.121079	0.0304817	0.0905976
1.66	0.121133	0.030536	0.0905974
1.67	0.121185	0.0305897	0.0905949
1.68	0.121233	0.0306428	0.0905901
1.69	0.121278	0.0306953	0.0905831
1.7	0.121321	0.0307472	0.0905739
1.71	0.121361	0.0307986	0.0905625
1.72	0.121398	0.0308493	0.090549
1.73	0.121433	0.0308994	0.0905333
1.74	0.121464	0.0309488	0.0905156
1.75	0.121493	0.0309977	0.0904958
1.76	0.12152	0.0310459	0.090474
1.77	0.121544	0.0310935	0.0904502
1.78	0.121565	0.0311404	0.0904245
1.79	0.121584	0.0311867	0.0903969
1.8	0.1216	0.0312323	0.0903675
1.81	0.121613	0.0312772	0.0903361
1.82	0.121625	0.0313215	0.090303
1.83	0.121633	0.0313651	0.0902682
1.84	0.12164	0.0314081	0.0902316
1.85	0.121644	0.0314504	0.0901934
1.86	0.121645	0.0314919	0.0901536
1.87	0.121645	0.0315328	0.0901121
1.88	0.121642	0.031573	0.0900691
1.89	0.121637	0.0316125	0.0900246
1.9	0.12163	0.0316514	0.0899787
1.91	0.121621	0.0316895	0.0899313
1.92	0.121609	0.0317269	0.0898826
1.93	0.121596	0.0317636	0.0898325
1.94	0.121581	0.0317996	0.0897812
1.95	0.121563	0.0318349	0.0897286
1.96	0.121544	0.0318695	0.0896748
1.97	0.121523	0.0319034	0.0896198
1.98	0.1215	0.0319365	0.0895638
1.99	0.121476	0.031969	0.0895067
2	0.121449	0.0320007	0.0894486
2.01	0.121421	0.0320317	0.0893895
2.02	0.121392	0.032062	0.0893295
2.03	0.12136	0.0320916	0.0892686
2.04	0.121327	0.0321205	0.0892069
2.05	0.121293	0.0321487	0.0891444
2.06	0.121257	0.0321761	0.0890812
2.07	0.12122	0.0322029	0.0890173
2.08	0.121182	0.0322289	0.0889527
2.09	0.121142	0.0322542	0.0888875
2.1	0.121101	0.0322788	0.0888218
2.11	0.121058	0.0323027	0.0887556
2.12	0.121015	0.0323259	0.0886889
2.13	0.12097	0.0323483	0.0886218
2.14	0.120924	0.0323701	0.0885543
2.15	0.120878	0.0323912	0.0884865
2.16	0.12083	0.0324116	0.0884184
2.17	0.120781	0.0324313	0.0883501
2.18	0.120732	0.0324503	0.0882815
2.19	0.120681	0.0324686	0.0882128
2.2	0.12063	0.0324862	0.088144
2.21	0.120578	0.0325032	0.0880752
2.22	0.120526	0.0325195	0.0880063
2.23	0.120472	0.0325351	0.0879374
2.24	0.120419	0.0325501	0.0878685
2.25	0.120364	0.0325644	0.0877998
2.26	0.120309	0.032578	0.0877312
2.27	0.120254	0.032591	0.0876628
2.28	0.120198	0.0326034	0.0875946
2.29	0.120142	0.0326151	0.0875266
2.3	0.120085	0.0326262	0.0874589
2.31	0.120028	0.0326366	0.0873916
2.32	0.119971	0.0326465	0.0873246
2.33	0.119914	0.0326557	0.087258
2.34	0.119856	0.0326644	0.0871919
2.35	0.119799	0.0326724	0.0871262
2.36	0.119741	0.0326798	0.087061
2.37	0.119683	0.0326867	0.0869963
2.38	0.119625	0.032693	0.0869323
2.39	0.119568	0.0326987	0.0868688
2.4	0.11951	0.0327039	0.0868059
2.41	0.119452	0.0327086	0.0867437
2.42	0.119395	0.0327126	0.0866822
2.43	0.119338	0.0327162	0.0866214
2.44	0.119281	0.0327193	0.0865613
2.45	0.119224	0.0327218	0.086502
2.46	0.119167	0.0327238	0.0864435
2.47	0.119111	0.0327254	0.0863858
2.48	0.119055	0.0327264	0.086329
2.49	0.119	0.032727	0.086273
2.5	0.118945	0.0327271	0.0862179
2.51	0.11889	0.0327268	0.0861637
2.52	0.118836	0.032726	0.0861104
2.53	0.118783	0.0327248	0.086058
2.54	0.11873	0.0327232	0.0860067
2.55	0.118677	0.0327212	0.0859563
2.56	0.118626	0.0327188	0.0859069
2.57	0.118575	0.032716	0.0858585
2.58	0.118524	0.0327128	0.0858111
2.59	0.118474	0.0327093	0.0857648
2.6	0.118425	0.0327055	0.0857195
2.61	0.118377	0.0327013	0.0856753
2.62	0.118329	0.0326967	0.0856322
2.63	0.118282	0.0326919	0.0855901
2.64	0.118236	0.0326868	0.0855491
2.65	0.118191	0.0326814	0.0855093
2.66	0.118146	0.0326757	0.0854705
2.67	0.118103	0.0326697	0.0854328
2.68	0.11806	0.0326636	0.0853963
2.69	0.118018	0.0326571	0.0853608
2.7	0.117977	0.0326505	0.0853265
2.71	0.117937	0.0326437	0.0852933
2.72	0.117898	0.0326367	0.0852612
2.73	0.11786	0.0326295	0.0852303
2.74	0.117823	0.0326221	0.0852005
2.75	0.117786	0.0326146	0.0851718
2.76	0.117751	0.032607	0.0851442
2.77	0.117717	0.0325993	0.0851177
2.78	0.117684	0.0325914	0.0850923
2.79	0.117652	0.0325835	0.085068
2.8	0.11762	0.0325755	0.0850448
2.81	0.11759	0.0325674	0.0850227
2.82	0.117561	0.0325593	0.0850017
2.83	0.117533	0.0325512	0.0849818
2.84	0.117506	0.0325431	0.0849629
2.85	0.11748	0.0325349	0.084945
2.86	0.117455	0.0325268	0.0849282
2.87	0.117431	0.0325187	0.0849125
2.88	0.117408	0.0325107	0.0848977
2.89	0.117387	0.0325027	0.0848839
2.9	0.117366	0.0324948	0.0848712
2.91	0.117346	0.032487	0.0848593
2.92	0.117328	0.0324794	0.0848485
2.93	0.11731	0.0324718	0.0848385
2.94	0.117294	0.0324644	0.0848295
2.95	0.117279	0.0324572	0.0848214
2.96	0.117264	0.0324501	0.0848142
2.97	0.117251	0.0324432	0.0848078
2.98	0.117239	0.0324365	0.0848023
2.99	0.117228	0.0324301	0.0847976
3	0.117218	0.0324239	0.0847937
3.01	0.117208	0.0324179	0.0847905
3.02	0.1172	0.0324122	0.0847882
3.03	0.117193	0.0324068	0.0847865
3.04	0.117187	0.0324017	0.0847856
3.05	0.117182	0.0323969	0.0847853
3.06	0.117178	0.0323925	0.0847857
3.07	0.117175	0.0323884	0.0847868
3.08	0.117173	0.0323847	0.0847884
3.09	0.117172	0.0323813	0.0847907
3.1	0.117172	0.0323783	0.0847935
3.11	0.117173	0.0323758	0.0847968
3.12	0.117174	0.0323737	0.0848006
3.13	0.117177	0.032372	0.084805
3.14	0.11718	0.0323708	0.0848097
3.15	0.117185	0.03237	0.0848149
3.16	0.11719	0.0323697	0.0848205
3.17	0.117196	0.03237	0.0848265
3.18	0.117204	0.0323707	0.0848328
3.19	0.117211	0.032372	0.0848394
3.2	0.11722	0.0323739	0.0848463
3.21	0.11723	0.0323763	0.0848535
3.22	0.11724	0.0323792	0.0848609
3.23	0.117251	0.0323828	0.0848685
3.24	0.117263	0.032387	0.0848762
3.25	0.117276	0.0323918	0.0848842
3.26	0.117289	0.0323972	0.0848922
3.27	0.117304	0.0324033	0.0849003
3.28	0.117318	0.03241	0.0849085
3.29	0.117334	0.0324174	0.0849167
3.3	0.11735	0.0324255	0.0849249
3.31	0.117367	0.0324343	0.084933
3.32	0.117385	0.0324438	0.0849411
3.33	0.117403	0.0324541	0.0849492
3.34	0.117422	0.0324651	0.0849571
3.35	0.117442	0.0324768	0.0849649
3.36	0.117462	0.0324893	0.0849725
3.37	0.117482	0.0325026	0.0849799
3.38	0.117504	0.0325166	0.0849871
3.39	0.117526	0.0325315	0.084994
3.4	0.117548	0.0325472	0.0850007
3.41	0.117571	0.0325637	0.0850071
3.42	0.117594	0.032581	0.0850131
3.43	0.117618	0.0325992	0.0850188
3.44	0.117642	0.0326183	0.0850242
3.45	0.117667	0.0326382	0.0850291
3.46	0.117693	0.032659	0.0850336
3.47	0.117718	0.0326807	0.0850376
3.48	0.117744	0.0327032	0.0850412
3.49	0.117771	0.0327267	0.0850443
3.5	0.117798	0.0327511	0.0850469
3.51	0.117825	0.0327764	0.0850489
3.52	0.117853	0.0328027	0.0850504
3.53	0.117881	0.0328299	0.0850513
3.54	0.11791	0.032858	0.0850516
3.55	0.117938	0.0328871	0.0850512
3.56	0.117967	0.0329172	0.0850503
3.57	0.117997	0.0329482	0.0850486
3.58	0.118027	0.0329802	0.0850463
3.59	0.118057	0.0330132	0.0850433
3.6	0.118087	0.0330472	0.0850396
3.61	0.118117	0.0330822	0.0850352
3.62	0.118148	0.0331182	0.08503
3.63	0.118179	0.0331552	0.0850241
3.64	0.118211	0.0331932	0.0850174
3.65	0.118242	0.0332322	0.0850099
3.66	0.118274	0.0332722	0.0850017
3.67	0.118306	0.0333133	0.0849926
3.68	0.118338	0.0333554	0.0849827
3.69	0.118371	0.0333985	0.084972
3.7	0.118403	0.0334427	0.0849604
3.71	0.118436	0.0334879	0.084948
3.72	0.118469	0.0335342	0.0849347
3.73	0.118502	0.0335814	0.0849206
3.74	0.118535	0.0336298	0.0849056
3.75	0.118569	0.0336791	0.0848897
3.76	0.118603	0.0337296	0.084873
3.77	0.118636	0.033781	0.0848553
3.78	0.11867	0.0338335	0.0848368
3.79	0.118704	0.0338871	0.0848174
3.8	0.118739	0.0339417	0.0847971
3.81	0.118773	0.0339973	0.0847758
3.82	0.118808	0.034054	0.0847537
3.83	0.118842	0.0341117	0.0847307
3.84	0.118877	0.0341704	0.0847068
3.85	0.118912	0.0342302	0.084682
3.86	0.118947	0.034291	0.0846563
3.87	0.118983	0.0343529	0.0846297
3.88	0.119018	0.0344157	0.0846022
3.89	0.119053	0.0344796	0.0845738
3.9	0.119089	0.0345445	0.0845446
3.91	0.119125	0.0346104	0.0845144
3.92	0.119161	0.0346773	0.0844834
3.93	0.119197	0.0347452	0.0844516
3.94	0.119233	0.0348141	0.0844189
3.95	0.119269	0.0348839	0.0843853
3.96	0.119306	0.0349548	0.084351
3.97	0.119342	0.0350266	0.0843158
3.98	0.119379	0.0350993	0.0842797
3.99	0.119416	0.035173	0.0842429
4	0.119453	0.0352477	0.0842053
4.01	0.11949	0.0353233	0.0841669
4.02	0.119528	0.0353998	0.0841277
4.03	0.119565	0.0354772	0.0840878
4.04	0.119603	0.0355555	0.0840471
4.05	0.119641	0.0356348	0.0840058
4.06	0.119679	0.0357148	0.0839637
4.07	0.119717	0.0357958	0.0839209
4.08	0.119755	0.0358776	0.0838774
4.09	0.119794	0.0359603	0.0838333
4.1	0.119832	0.0360437	0.0837885
4.11	0.119871	0.036128	0.0837431
4.12	0.11991	0.0362131	0.0836971
4.13	0.11995	0.036299	0.0836505
4.14	0.119989	0.0363856	0.0836034
4.15	0.120029	0.036473	0.0835557
4.16	0.120069	0.0365612	0.0835074
4.17	0.120109	0.03665	0.0834587
4.18	0.120149	0.0367396	0.0834094
4.19	0.12019	0.0368299	0.0833597
4.2	0.12023	0.0369208	0.0833096
4.21	0.120271	0.0370124	0.083259
4.22	0.120313	0.0371046	0.083208
4.23	0.120354	0.0371975	0.0831566
4.24	0.120396	0.0372909	0.0831049
4.25	0.120438	0.0373849	0.0830528
4.26	0.12048	0.0374795	0.0830004
4.27	0.120522	0.0375746	0.0829477
4.28	0.120565	0.0376702	0.0828947
4.29	0.120608	0.0377664	0.0828415
4.3	0.120651	0.037863	0.0827881
4.31	0.120695	0.03796	0.0827345
4.32	0.120738	0.0380575	0.0826806
4.33	0.120782	0.0381555	0.0826267
4.34	0.120826	0.0382537	0.0825726
4.35	0.120871	0.0383524	0.0825183
4.36	0.120915	0.0384514	0.082464
4.37	0.12096	0.0385507	0.0824097
4.38	0.121006	0.0386503	0.0823552
4.39	0.121051	0.0387502	0.0823008
4.4	0.121097	0.0388503	0.0822464
4.41	0.121143	0.0389507	0.082192
4.42	0.121189	0.0390512	0.0821376
4.43	0.121235	0.0391519	0.0820833
4.44	0.121282	0.0392528	0.0820291
4.45	0.121329	0.0393537	0.0819751
4.46	0.121376	0.0394548	0.0819211
4.47	0.121423	0.0395559	0.0818673
4.48	0.121471	0.0396571	0.0818137
4.49	0.121518	0.0397582	0.0817603
4.5	0.121566	0.0398593	0.0817071
4.51	0.121615	0.0399604	0.0816541
4.52	0.121663	0.0400614	0.0816014
4.53	0.121711	0.0401623	0.0815489
4.54	0.12176	0.0402631	0.0814968
4.55	0.121809	0.0403637	0.0814449
4.56	0.121858	0.0404641	0.0813934
4.57	0.121907	0.0405643	0.0813422
4.58	0.121956	0.0406643	0.0812914
4.59	0.122005	0.0407639	0.0812409
4.6	0.122054	0.0408633	0.0811908
4.61	0.122103	0.0409623	0.0811412
4.62	0.122153	0.0410609	0.0810919
4.63	0.122202	0.0411591	0.0810431
4.64	0.122252	0.0412569	0.0809947
4.65	0.122301	0.0413542	0.0809468
4.66	0.12235	0.0414511	0.0808994
4.67	0.1224	0.0415474	0.0808524
4.68	0.122449	0.0416431	0.0808059
4.69	0.122498	0.0417383	0.0807599
4.7	0.122547	0.0418328	0.0807143
4.71	0.122596	0.0419267	0.0806693
4.72	0.122645	0.0420199	0.0806249
4.73	0.122693	0.0421124	0.0805809
4.74	0.122742	0.0422041	0.0805374
4.75	0.12279	0.0422951	0.0804945
4.76	0.122837	0.0423852	0.0804521
4.77	0.122885	0.0424745	0.0804103
4.78	0.122932	0.0425629	0.080369
4.79	0.122979	0.0426504	0.0803282
4.8	0.123025	0.042737	0.080288
4.81	0.123071	0.0428226	0.0802483
4.82	0.123116	0.0429072	0.0802091
4.83	0.123161	0.0429907	0.0801705
4.84	0.123206	0.0430732	0.0801323
4.85	0.123249	0.0431546	0.0800948
4.86	0.123293	0.0432348	0.0800577
4.87	0.123335	0.0433139	0.0800211
4.88	0.123377	0.0433918	0.0799851
4.89	0.123418	0.0434684	0.0799495
4.9	0.123458	0.0435438	0.0799144
4.91	0.123498	0.0436179	0.0798798
4.92	0.123536	0.0436907	0.0798456
4.93	0.123574	0.0437621	0.0798119
4.94	0.123611	0.0438321	0.0797786
4.95	0.123647	0.0439007	0.0797458
4.96	0.123681	0.0439679	0.0797134
4.97	0.123715	0.0440335	0.0796813
4.98	0.123747	0.0440977	0.0796496
4.99	0.123779	0.0441603	0.0796183
5	0.123809	0.0442214	0.0795873
5.01	0.123837	0.0442808	0.0795567
5.02	0.123865	0.0443386	0.0795263
5.03	0.123891	0.0443947	0.0794962
5.04	0.123916	0.0444492	0.0794663
5.05	0.123939	0.0445019	0.0794367
5.06	0.12396	0.0445529	0.0794073
5.07	0.12398	0.0446021	0.079378
5.08	0.123998	0.0446495	0.0793489
5.09	0.124015	0.0446951	0.07932
5.1	0.12403	0.0447388	0.0792911
5.11	0.124043	0.0447806	0.0792623
5.12	0.124054	0.0448205	0.0792335
5.13	0.124063	0.0448584	0.0792047
5.14	0.12407	0.0448944	0.0791759
5.15	0.124075	0.0449284	0.0791471
5.16	0.124078	0.0449603	0.0791181
5.17	0.124079	0.0449902	0.079089
5.18	0.124078	0.045018	0.0790598
5.19	0.124074	0.0450438	0.0790304
5.2	0.124068	0.0450674	0.0790007
5.21	0.12406	0.0450889	0.0789708
5.22	0.124049	0.0451081	0.0789405
5.23	0.124035	0.0451252	0.07891
5.24	0.124019	0.0451401	0.078879
5.25	0.124	0.0451528	0.0788476
5.26	0.123979	0.0451632	0.0788157
5.27	0.123955	0.0451713	0.0787834
5.28	0.123928	0.0451771	0.0787505
5.29	0.123898	0.0451806	0.078717
5.3	0.123865	0.0451817	0.0786829
5.31	0.123829	0.0451805	0.0786481
5.32	0.123789	0.0451769	0.0786125
5.33	0.123747	0.045171	0.0785763
5.34	0.123702	0.0451626	0.0785392
5.35	0.123653	0.0451517	0.0785012
5.36	0.123601	0.0451384	0.0784624
5.37	0.123545	0.0451227	0.0784226
5.38	0.123486	0.0451045	0.0783819
5.39	0.123424	0.0450838	0.0783401
5.4	0.123358	0.0450605	0.0782972
5.41	0.123288	0.0450348	0.0782532
5.42	0.123215	0.0450065	0.0782081
5.43	0.123137	0.0449757	0.0781617
5.44	0.123056	0.0449423	0.078114
5.45	0.122971	0.0449063	0.078065
5.46	0.122883	0.0448678	0.0780147
5.47	0.12279	0.0448267	0.0779629
5.48	0.122693	0.044783	0.0779097
5.49	0.122592	0.0447366	0.077855
5.5	0.122486	0.0446877	0.0777988
5.51	0.122377	0.0446361	0.0777409
5.52	0.122263	0.0445819	0.0776814
5.53	0.122145	0.044525	0.0776201
5.54	0.122023	0.0444655	0.0775572
5.55	0.121896	0.0444034	0.0774924
5.56	0.121764	0.0443386	0.0774258
5.57	0.121628	0.0442711	0.0773573
5.58	0.121488	0.044201	0.0772869
5.59	0.121343	0.0441283	0.0772145
5.6	0.121193	0.0440528	0.0771401
5.61	0.121038	0.0439747	0.0770636
5.62	0.120879	0.043894	0.076985
5.63	0.120715	0.0438106	0.0769042
5.64	0.120546	0.0437245	0.0768212
5.65	0.120372	0.0436358	0.076736
5.66	0.120193	0.0435444	0.0766485
5.67	0.120009	0.0434504	0.0765586
5.68	0.11982	0.0433537	0.0764663
5.69	0.119626	0.0432544	0.0763717
5.7	0.119427	0.0431525	0.0762745
5.71	0.119223	0.0430479	0.0761749
5.72	0.119013	0.0429407	0.0760727
5.73	0.118799	0.042831	0.0759679
5.74	0.118579	0.0427186	0.0758605
5.75	0.118354	0.0426036	0.0757504
5.76	0.118124	0.0424861	0.0756376
5.77	0.117888	0.042366	0.0755221
5.78	0.117647	0.0422433	0.0754038
5.79	0.117401	0.0421181	0.0752827
5.8	0.117149	0.0419904	0.0751588
5.81	0.116892	0.0418601	0.0750319
5.82	0.11663	0.0417274	0.0749022
5.83	0.116362	0.0415922	0.0747695
5.84	0.116088	0.0414545	0.0746339
5.85	0.11581	0.0413144	0.0744952
5.86	0.115525	0.0411718	0.0743536
5.87	0.115236	0.0410268	0.0742088
5.88	0.11494	0.0408795	0.074061
5.89	0.11464	0.0407297	0.0739101
5.9	0.114334	0.0405776	0.073756
5.91	0.114022	0.0404232	0.0735988
5.92	0.113705	0.0402665	0.0734384
5.93	0.113382	0.0401075	0.0732748
5.94	0.113054	0.0399462	0.0731079
5.95	0.112721	0.0397827	0.0729379
5.96	0.112381	0.0396169	0.0727646
5.97	0.112037	0.039449	0.072588
5.98	0.111687	0.0392789	0.0724081
5.99	0.111332	0.0391067	0.0722249
6	0.110971	0.0389324	0.0720384
6.01	0.110605	0.038756	0.0718486
6.02	0.110233	0.0385775	0.0716554
6.03	0.109856	0.038397	0.0714589
6.04	0.109473	0.0382145	0.071259
6.05	0.109086	0.03803	0.0710558
6.06	0.108693	0.0378436	0.0708492
6.07	0.108295	0.0376553	0.0706392
6.08	0.107891	0.0374651	0.0704259
6.09	0.107482	0.0372731	0.0702092
6.1	0.107068	0.0370792	0.0699891
6.11	0.106649	0.0368836	0.0697657
6.12	0.106225	0.0366862	0.0695389
6.13	0.105796	0.0364871	0.0693087
6.14	0.105361	0.0362863	0.0690751
6.15	0.104922	0.0360839	0.0688383
6.16	0.104478	0.0358798	0.068598
6.17	0.104029	0.0356742	0.0683545
6.18	0.103575	0.0354671	0.0681076
6.19	0.103116	0.0352584	0.0678574
6.2	0.102652	0.0350482	0.0676039
6.21	0.102184	0.0348367	0.0673471
6.22	0.101711	0.0346237	0.0670871
6.23	0.101233	0.0344093	0.0668238
6.24	0.100751	0.0341937	0.0665573
6.25	0.100264	0.0339767	0.0662876
6.26	0.0997732	0.0337585	0.0660147
6.27	0.0992777	0.0335391	0.0657386
6.28	0.0987779	0.0333185	0.0654594
6.29	0.0982739	0.0330968	0.0651771
6.3	0.0977657	0.032874	0.0648917
6.31	0.0972533	0.0326501	0.0646032
6.32	0.0967369	0.0324252	0.0643117
6.33	0.0962166	0.0321993	0.0640172
6.34	0.0956923	0.0319725	0.0637198
6.35	0.0951642	0.0317448	0.0634194
6.36	0.0946323	0.0315162	0.0631161
6.37	0.0940967	0.0312868	0.0628099
6.38	0.0935575	0.0310566	0.0625009
6.39	0.0930148	0.0308257	0.0621891
6.4	0.0924686	0.030594	0.0618746
6.41	0.0919191	0.0303617	0.0615573
6.42	0.0913662	0.0301288	0.0612374
6.43	0.0908101	0.0298953	0.0609148
6.44	0.0902509	0.0296612	0.0605897
6.45	0.0896886	0.0294267	0.060262
6.46	0.0891234	0.0291916	0.0599318
6.47	0.0885553	0.0289562	0.0595991
6.48	0.0879844	0.0287203	0.059264
6.49	0.0874108	0.0284842	0.0589266
6.5	0.0868345	0.0282477	0.0585869
6.51	0.0862558	0.0280109	0.0582449
6.52	0.0856745	0.0277739	0.0579006
6.53	0.085091	0.0275367	0.0575543
6.54	0.0845051	0.0272994	0.0572058
6.55	0.0839171	0.0270619	0.0568552
6.56	0.083327	0.0268244	0.0565026
6.57	0.0827349	0.0265868	0.0561481
6.58	0.082141	0.0263492	0.0557917
6.59	0.0815452	0.0261117	0.0554335
6.6	0.0809477	0.0258742	0.0550734
6.61	0.0803486	0.0256369	0.0547117
6.62	0.0797479	0.0253997	0.0543482
6.63	0.0791459	0.0251627	0.0539832
6.64	0.0785425	0.0249259	0.0536166
6.65	0.0779378	0.0246894	0.0532484
6.66	0.0773321	0.0244532	0.0528789
6.67	0.0767252	0.0242173	0.052508
6.68	0.0761174	0.0239817	0.0521357
6.69	0.0755088	0.0237466	0.0517622
6.7	0.0748994	0.0235119	0.0513875
6.71	0.0742893	0.0232777	0.0510116
6.72	0.0736786	0.0230439	0.0506347
6.73	0.0730675	0.0228107	0.0502567
6.74	0.0724559	0.0225781	0.0498778
6.75	0.0718441	0.0223461	0.049498
6.76	0.0712321	0.0221147	0.0491174
6.77	0.07062	0.021884	0.048736
6.78	0.0700078	0.0216539	0.0483539
6.79	0.0693957	0.0214246	0.0479711
6.8	0.0687838	0.0211961	0.0475878
6.81	0.0681722	0.0209683	0.0472039
6.82	0.0675609	0.0207413	0.0468196
6.83	0.0669501	0.0205152	0.0464349
6.84	0.0663398	0.02029	0.0460498
6.85	0.0657301	0.0200657	0.0456645
6.86	0.0651212	0.0198422	0.0452789
6.87	0.064513	0.0196198	0.0448932
6.88	0.0639057	0.0193983	0.0445074
6.89	0.0632994	0.0191779	0.0441216
6.9	0.0626942	0.0189584	0.0437358
6.91	0.0620901	0.01874	0.0433501
6.92	0.0614872	0.0185227	0.0429645
6.93	0.0608857	0.0183066	0.0425792
6.94	0.0602856	0.0180915	0.0421941
6.95	0.0596869	0.0178776	0.0418093
6.96	0.0590898	0.0176648	0.0414249
6.97	0.0584943	0.0174533	0.041041
6.98	0.0579005	0.0172429	0.0406576
6.99	0.0573086	0.0170338	0.0402747
7	0.0567185	0.016826	0.0398925
7.01	0.0561303	0.0166194	0.0395109
7.02	0.0555442	0.0164141	0.0391301
7.03	0.0549602	0.0162102	0.03875
7.04	0.0543783	0.0160075	0.0383707
7.05	0.0537986	0.0158062	0.0379924
7.06	0.0532213	0.0156063	0.037615
7.07	0.0526463	0.0154078	0.0372386
7.08	0.0520738	0.0152106	0.0368632
7.09	0.0515038	0.0150148	0.0364889
7.1	0.0509363	0.0148205	0.0361158
7.11	0.0503715	0.0146276	0.0357439
7.12	0.0498094	0.0144362	0.0353732
7.13	0.04925	0.0142462	0.0350038
7.14	0.0486934	0.0140577	0.0346358
7.15	0.0481397	0.0138706	0.0342691
7.16	0.047589	0.0136851	0.0339039
7.17	0.0470412	0.0135011	0.0335401
7.18	0.0464964	0.0133185	0.0331779
7.19	0.0459548	0.0131376	0.0328172
7.2	0.0454162	0.0129581	0.0324581
7.21	0.0448809	0.0127802	0.0321007
7.22	0.0443488	0.0126038	0.031745
7.23	0.04382	0.012429	0.031391
7.24	0.0432945	0.0122558	0.0310387
7.25	0.0427723	0.0120841	0.0306883
7.26	0.0422536	0.011914	0.0303397
7.27	0.0417384	0.0117454	0.0299929
7.28	0.0412266	0.0115785	0.0296481
7.29	0.0407183	0.0114131	0.0293052
7.3	0.0402137	0.0112494	0.0289643
7.31	0.0397126	0.0110872	0.0286254
7.32	0.0392152	0.0109266	0.0282886
7.33	0.0387214	0.0107676	0.0279538
7.34	0.0382313	0.0106103	0.0276211
7.35	0.037745	0.0104545	0.0272905
7.36	0.0372624	0.0103003	0.0269621
7.37	0.0367836	0.0101477	0.0266359
7.38	0.0363086	0.00999676	0.0263119
7.39	0.0358375	0.00984739	0.0259901
7.4	0.0353702	0.00969962	0.0256706
7.41	0.0349068	0.00955345	0.0253533
7.42	0.0344472	0.00940888	0.0250383
7.43	0.0339916	0.0092659	0.0247257
7.44	0.0335399	0.00912451	0.0244154
7.45	0.0330922	0.00898471	0.0241075
7.46	0.0326484	0.0088465	0.0238019
7.47	0.0322086	0.00870987	0.0234988
7.48	0.0317728	0.00857481	0.023198
7.49	0.031341	0.00844133	0.0228997
7.5	0.0309132	0.00830942	0.0226038
7.51	0.0304894	0.00817907	0.0223103
7.52	0.0300696	0.00805027	0.0220194
7.53	0.0296539	0.00792303	0.0217309
7.54	0.0292422	0.00779733	0.0214449
7.55	0.0288345	0.00767317	0.0211614
7.56	0.0284309	0.00755054	0.0208804
7.57	0.0280313	0.00742944	0.0206019
7.58	0.0276358	0.00730985	0.0203259
7.59	0.0272442	0.00719178	0.0200525
7.6	0.0268568	0.0070752	0.0197816
7.61	0.0264733	0.00696012	0.0195132
7.62	0.0260939	0.00684652	0.0192474
7.63	0.0257185	0.0067344	0.0189841
7.64	0.0253472	0.00662375	0.0187234
7.65	0.0249798	0.00651456	0.0184653
7.66	0.0246165	0.00640681	0.0182097
7.67	0.0242571	0.0063005	0.0179566
7.68	0.0239017	0.00619563	0.0177061
7.69	0.0235503	0.00609217	0.0174582
7.7	0.0232029	0.00599013	0.0172128
7.71	0.0228594	0.00588948	0.0169699
7.72	0.0225199	0.00579022	0.0167296
7.73	0.0221842	0.00569234	0.0164919
7.74	0.0218525	0.00559583	0.0162567
7.75	0.0215247	0.00550067	0.016024
7.76	0.0212007	0.00540686	0.0157939
7.77	0.0208806	0.00531438	0.0155662
7.78	0.0205643	0.00522323	0.0153411
7.79	0.0202519	0.00513339	0.0151185
7.8	0.0199433	0.00504484	0.0148984
7.81	0.0196384	0.00495759	0.0146808
7.82	0.0193373	0.00487161	0.0144657
7.83	0.0190399	0.0047869	0.014253
7.84	0.0187463	0.00470343	0.0140429
7.85	0.0184563	0.00462121	0.0138351
7.86	0.0181701	0.00454022	0.0136298
7.87	0.0178874	0.00446045	0.013427
7.88	0.0176084	0.00438188	0.0132266
7.89	0.017333	0.0043045	0.0130285
7.9	0.0170612	0.0042283	0.0128329
7.91	0.0167929	0.00415326	0.0126397
7.92	0.0165282	0.00407939	0.0124488
7.93	0.0162669	0.00400665	0.0122603
7.94	0.0160091	0.00393505	0.0120741
7.95	0.0157548	0.00386456	0.0118903
7.96	0.0155039	0.00379518	0.0117087
7.97	0.0152564	0.00372689	0.0115295
7.98	0.0150122	0.00365968	0.0113525
7.99	0.0147714	0.00359354	0.0111779
8	0.0145339	0.00352845	0.0110054
8.01	0.0142996	0.00346441	0.0108352
8.02	0.0140686	0.0034014	0.0106673
8.03	0.0138409	0.0033394	0.0105015
8.04	0.0136163	0.00327841	0.0103379
8.05	0.0133949	0.00321842	0.0101765
8.06	0.0131766	0.0031594	0.0100172
8.07	0.0129614	0.00310135	0.00986006
8.08	0.0127493	0.00304426	0.00970504
8.09	0.0125402	0.00298812	0.00955212
8.1	0.0123342	0.0029329	0.00940128
8.11	0.0121311	0.00287861	0.0092525
8.12	0.011931	0.00282522	0.00910577
8.13	0.0117338	0.00277273	0.00896105
8.14	0.0115395	0.00272113	0.00881835
8.15	0.011348	0.00267039	0.00867764
8.16	0.0111594	0.00262052	0.00853889
8.17	0.0109736	0.00257149	0.00840209
8.18	0.0107905	0.0025233	0.00826723
8.19	0.0106102	0.00247594	0.00813428
8.2	0.0104326	0.00242939	0.00800322
8.21	0.0102577	0.00238364	0.00787403
8.22	0.0100854	0.00233868	0.0077467
8.23	0.00991572	0.0022945	0.00762121
8.24	0.00974863	0.0022511	0.00749753
8.25	0.0095841	0.00220844	0.00737566
8.26	0.00942209	0.00216654	0.00725555
8.27	0.00926258	0.00212537	0.00713721
8.28	0.00910553	0.00208492	0.00702061
8.29	0.00895092	0.00204519	0.00690573
8.3	0.00879871	0.00200616	0.00679255
8.31	0.00864888	0.00196783	0.00668105
8.32	0.00850139	0.00193017	0.00657121
8.33	0.00835621	0.00189319	0.00646302
8.34	0.00821332	0.00185687	0.00635646
8.35	0.00807269	0.0018212	0.00625149
8.36	0.00793429	0.00178617	0.00614812
8.37	0.00779809	0.00175177	0.00604631
8.38	0.00766405	0.001718	0.00594605
8.39	0.00753216	0.00168483	0.00584733
8.4	0.00740238	0.00165227	0.00575011
8.41	0.00727469	0.0016203	0.00565438
8.42	0.00714905	0.00158892	0.00556013
8.43	0.00702545	0.00155811	0.00546734
8.44	0.00690384	0.00152786	0.00537598
8.45	0.00678421	0.00149817	0.00528604
8.46	0.00666653	0.00146902	0.00519751
8.47	0.00655076	0.00144041	0.00511035
8.48	0.0064369	0.00141233	0.00502456
8.49	0.00632489	0.00138477	0.00494012
8.5	0.00621473	0.00135772	0.00485701
8.51	0.00610639	0.00133118	0.00477521
8.52	0.00599983	0.00130513	0.0046947
8.53	0.00589503	0.00127956	0.00461547
8.54	0.00579198	0.00125447	0.0045375
8.55	0.00569063	0.00122986	0.00446077
8.56	0.00559098	0.0012057	0.00438527
8.57	0.00549298	0.001182	0.00431098
8.58	0.00539663	0.00115875	0.00423788
8.59	0.00530189	0.00113593	0.00416595
8.6	0.00520874	0.00111355	0.00409519
8.61	0.00511716	0.00109159	0.00402557
8.62	0.00502712	0.00107005	0.00395707
8.63	0.0049386	0.00104891	0.00388969
8.64	0.00485158	0.00102818	0.0038234
8.65	0.00476603	0.00100784	0.00375819
8.66	0.00468193	0.000987893	0.00369404
8.67	0.00459927	0.000968326	0.00363094
8.68	0.00451801	0.000949133	0.00356888
8.69	0.00443814	0.000930308	0.00350783
8.7	0.00435964	0.000911845	0.00344779
8.71	0.00428247	0.000893736	0.00338874
8.72	0.00420664	0.000875977	0.00333066
8.73	0.0041321	0.000858559	0.00327354
8.74	0.00405884	0.000841478	0.00321737
8.75	0.00398685	0.000824728	0.00316212
8.76	0.0039161	0.000808301	0.0031078
8.77	0.00384657	0.000792193	0.00305437
8.78	0.00377824	0.000776398	0.00300184
8.79	0.00371109	0.000760909	0.00295019
8.8	0.00364511	0.000745722	0.00289939
8.81	0.00358028	0.00073083	0.00284945
8.82	0.00351657	0.000716229	0.00280034
8.83	0.00345397	0.000701913	0.00275206
8.84	0.00339247	0.000687877	0.00270459
8.85	0.00333203	0.000674115	0.00265792
8.86	0.00327265	0.000660623	0.00261203
8.87	0.00321431	0.000647396	0.00256692
8.88	0.00315699	0.000634428	0.00252257
8.89	0.00310068	0.000621715	0.00247897
8.9	0.00304536	0.000609252	0.0024361
8.91	0.002991	0.000597034	0.00239397
8.92	0.0029376	0.000585057	0.00235255
8.93	0.00288514	0.000573316	0.00231183
8.94	0.00283361	0.000561807	0.0022718
8.95	0.00278298	0.000550525	0.00223246
8.96	0.00273325	0.000539467	0.00219379
8.97	0.0026844	0.000528627	0.00215577
8.98	0.00263641	0.000518002	0.00211841
8.99	0.00258927	0.000507588	0.00208168
9	0.00254297	0.00049738	0.00204559
9.01	0.00249748	0.000487375	0.00201011
9.02	0.0024528	0.000477569	0.00197523
9.03	0.00240892	0.000467958	0.00194096
9.04	0.00236582	0.000458538	0.00190728
9.05	0.00232348	0.000449306	0.00187417
9.06	0.00228189	0.000440257	0.00184164
9.07	0.00224105	0.000431389	0.00180966
9.08	0.00220093	0.000422698	0.00177824
9.09	0.00216153	0.000414181	0.00174735
9.1	0.00212284	0.000405834	0.001717
9.11	0.00208483	0.000397653	0.00168718
9.12	0.0020475	0.000389637	0.00165786
9.13	0.00201084	0.000381781	0.00162906
9.14	0.00197484	0.000374082	0.00160075
9.15	0.00193948	0.000366537	0.00157294
9.16	0.00190475	0.000359144	0.0015456
9.17	0.00187064	0.000351899	0.00151874
9.18	0.00183715	0.000344799	0.00149235
9.19	0.00180426	0.000337842	0.00146641
9.2	0.00177195	0.000331025	0.00144093
9.21	0.00174023	0.000324345	0.00141588
9.22	0.00170907	0.000317799	0.00139128
9.23	0.00167848	0.000311385	0.0013671
9.24	0.00164844	0.0003051	0.00134334
9.25	0.00161893	0.000298942	0.00131999
9.26	0.00158996	0.000292907	0.00129705
9.27	0.00156151	0.000286994	0.00127451
9.28	0.00153356	0.000281201	0.00125236
9.29	0.00150613	0.000275524	0.0012306
9.3	0.00147918	0.000269962	0.00120922
9.31	0.00145273	0.000264512	0.00118821
9.32	0.00142675	0.000259172	0.00116757
9.33	0.00140123	0.00025394	0.00114729
9.34	0.00137618	0.000248814	0.00112737
9.35	0.00135158	0.000243791	0.00110779
9.36	0.00132742	0.00023887	0.00108855
9.37	0.0013037	0.000234048	0.00106965
9.38	0.00128041	0.000229324	0.00105108
9.39	0.00125753	0.000224695	0.00103284
9.4	0.00123507	0.00022016	0.00101491
9.41	0.00121302	0.000215717	0.000997302
9.42	0.00119136	0.000211364	0.000979999
9.43	0.0011701	0.000207099	0.000962999
9.44	0.00114922	0.00020292	0.000946297
9.45	0.00112871	0.000198826	0.000929887
9.46	0.00110858	0.000194815	0.000913765
9.47	0.00108881	0.000190885	0.000897925
9.48	0.0010694	0.000187035	0.000882363
9.49	0.00105034	0.000183263	0.000867073
9.5	0.00103162	0.000179567	0.000852052
9.51	0.00101324	0.000175946	0.000837294
9.52	0.000995194	0.000172399	0.000822795
9.53	0.000977474	0.000168924	0.00080855
9.54	0.000960074	0.000165519	0.000794555
9.55	0.000942989	0.000162183	0.000780806
9.56	0.000926212	0.000158915	0.000767297
9.57	0.000909739	0.000155713	0.000754026
9.58	0.000893564	0.000152577	0.000740987
9.59	0.000877681	0.000149504	0.000728177
9.6	0.000862085	0.000146493	0.000715592
9.61	0.000846771	0.000143543	0.000703228
9.62	0.000831734	0.000140654	0.00069108
9.63	0.000816968	0.000137822	0.000679146
9.64	0.00080247	0.000135049	0.000667421
9.65	0.000788233	0.000132332	0.000655902
9.66	0.000774254	0.000129669	0.000644585
9.67	0.000760527	0.000127061	0.000633466
9.68	0.000747049	0.000124506	0.000622542
9.69	0.000733813	0.000122003	0.00061181
9.7	0.000720817	0.000119551	0.000601267
9.71	0.000708056	0.000117148	0.000590908
9.72	0.000695525	0.000114794	0.000580731
9.73	0.00068322	0.000112488	0.000570732
9.74	0.000671137	0.000110229	0.000560908
9.75	0.000659272	0.000108015	0.000551257
9.76	0.000647622	0.000105847	0.000541775
9.77	0.000636182	0.000103722	0.000532459
9.78	0.000624948	0.000101641	0.000523307
9.79	0.000613917	9.96018e-05	0.000514315
9.8	0.000603084	9.76041e-05	0.00050548
9.81	0.000592447	9.56469e-05	0.0004968
9.82	0.000582002	9.37294e-05	0.000488273
9.83	0.000571745	9.18508e-05	0.000479894
9.84	0.000561673	9.00104e-05	0.000471662
9.85	0.000551782	8.82072e-05	0.000463575
9.86	0.000542069	8.64407e-05	0.000455629
9.87	0.000532532	8.471e-05	0.000447822
9.88	0.000523166	8.30143e-05	0.000440151
9.89	0.000513968	8.13531e-05	0.000432615
9.9	0.000504936	7.97255e-05	0.000425211
9.91	0.000496067	7.81309e-05	0.000417936
9.92	0.000487357	7.65687e-05	0.000410788
9.93	0.000478804	7.50381e-05	0.000403765
9.94	0.000470404	7.35385e-05	0.000396865
9.95	0.000462155	7.20693e-05	0.000390086
9.96	0.000454055	7.06299e-05	0.000383425
9.97	0.0004461	6.92196e-05	0.00037688
9.98	0.000438287	6.78378e-05	0.00037045
9.99	0.000430615	6.64841e-05	0.000364131
10	0.000423081	6.51577e-05	0.000357923
10.01	0.000415682	6.38582e-05	0.000351823
10.02	0.000408415	6.2585e-05	0.00034583
10.03	0.000401279	6.13376e-05	0.000339941
10.04	0.00039427	6.01154e-05	0.000334155
10.05	0.000387388	5.89179e-05	0.00032847
10.06	0.000380628	5.77446e-05	0.000322883
10.07	0.000373989	5.65951e-05	0.000317394
10.08	0.00036747	5.54687e-05	0.000312001
10.09	0.000361066	5.43652e-05	0.000306701
10.1	0.000354778	5.32839e-05	0.000301494
10.11	0.000348601	5.22245e-05	0.000296377
10.12	0.000342536	5.11865e-05	0.000291349
10.13	0.000336578	5.01694e-05	0.000286409
10.14	0.000330727	4.91729e-05	0.000281554
10.15	0.00032498	4.81965e-05	0.000276784
10.16	0.000319336	4.72397e-05	0.000272096
10.17	0.000313793	4.63023e-05	0.00026749
10.18	0.000308348	4.53838e-05	0.000262964
10.19	0.000303	4.44838e-05	0.000258517
10.2	0.000297748	4.3602e-05	0.000254146
10.21	0.000292589	4.27379e-05	0.000249851
10.22	0.000287522	4.18912e-05	0.000245631
10.23	0.000282546	4.10616e-05	0.000241484
10.24	0.000277657	4.02487e-05	0.000237409
10.25	0.000272856	3.94522e-05	0.000233404
10.26	0.00026814	3.86717e-05	0.000229468
10.27	0.000263508	3.79069e-05	0.000225601
10.28	0.000258958	3.71575e-05	0.000221801
10.29	0.000254489	3.64231e-05	0.000218066
10.3	0.000250099	3.57035e-05	0.000214395
10.31	0.000245787	3.49984e-05	0.000210789
10.32	0.000241551	3.43075e-05	0.000207244
10.33	0.000237391	3.36304e-05	0.00020376
10.34	0.000233304	3.29669e-05	0.000200337
10.35	0.00022929	3.23168e-05	0.000196973
10.36	0.000225346	3.16797e-05	0.000193667
10.37	0.000221473	3.10554e-05	0.000190417
10.38	0.000217668	3.04436e-05	0.000187224
10.39	0.00021393	2.98441e-05	0.000184086
10.4	0.000210258	2.92566e-05	0.000181001
10.41	0.000206651	2.86809e-05	0.00017797
10.42	0.000203108	2.81167e-05	0.000174991
10.43	0.000199627	2.75638e-05	0.000172063
10.44	0.000196207	2.7022e-05	0.000169185
10.45	0.000192848	2.6491e-05	0.000166357
10.46	0.000189548	2.59706e-05	0.000163578
10.47	0.000186306	2.54607e-05	0.000160846
10.48	0.000183122	2.4961e-05	0.000158161
10.49	0.000179993	2.44712e-05	0.000155522
10.5	0.000176919	2.39913e-05	0.000152928
10.51	0.000173899	2.35209e-05	0.000150378
10.52	0.000170933	2.30599e-05	0.000147873
10.53	0.000168018	2.26081e-05	0.00014541
10.54	0.000165155	2.21654e-05	0.000142989
10.55	0.000162342	2.17315e-05	0.00014061
10.56	0.000159578	2.13062e-05	0.000138272
10.57	0.000156862	2.08894e-05	0.000135973
10.58	0.000154195	2.0481e-05	0.000133714
10.59	0.000151574	2.00806e-05	0.000131493
10.6	0.000148998	1.96883e-05	0.00012931
10.61	0.000146468	1.93037e-05	0.000127164
10.62	0.000143982	1.89268e-05	0.000125055
10.63	0.00014154	1.85574e-05	0.000122982
10.64	0.00013914	1.81954e-05	0.000120945
10.65	0.000136782	1.78405e-05	0.000118941
10.66	0.000134465	1.74928e-05	0.000116973
10.67	0.000132189	1.71519e-05	0.000115037
10.68	0.000129952	1.68178e-05	0.000113135
10.69	0.000127755	1.64903e-05	0.000111264
10.7	0.000125595	1.61693e-05	0.000109426
10.71	0.000123473	1.58547e-05	0.000107619
10.72	0.000121388	1.55464e-05	0.000105842
10.73	0.00011934	1.52441e-05	0.000104096
10.74	0.000117327	1.49479e-05	0.000102379
10.75	0.000115349	1.46575e-05	0.000100691
10.76	0.000113405	1.43729e-05	9.90321e-05
10.77	0.000111495	1.40939e-05	9.74011e-05
10.78	0.000109618	1.38204e-05	9.57978e-05
10.79	0.000107774	1.35523e-05	9.42215e-05
10.8	0.000105962	1.32896e-05	9.26719e-05
10.81	0.000104181	1.3032e-05	9.11485e-05
10.82	0.00010243	1.27796e-05	8.96509e-05
10.83	0.000100711	1.25321e-05	8.81785e-05
10.84	9.90205e-05	1.22895e-05	8.6731e-05
10.85	9.73596e-05	1.20517e-05	8.53079e-05
10.86	9.57274e-05	1.18186e-05	8.39088e-05
10.87	9.41234e-05	1.15901e-05	8.25333e-05
10.88	9.25471e-05	1.13661e-05	8.1181e-05
10.89	9.0998e-05	1.11465e-05	7.98515e-05
10.9	8.94755e-05	1.09312e-05	7.85443e-05
10.91	8.79793e-05	1.07202e-05	7.72591e-05
10.92	8.65089e-05	1.05133e-05	7.59956e-05
10.93	8.50638e-05	1.03106e-05	7.47533e-05
10.94	8.36436e-05	1.01118e-05	7.35318e-05
10.95	8.22478e-05	9.91687e-06	7.23309e-05
10.96	8.08759e-05	9.72581e-06	7.11501e-05
10.97	7.95277e-05	9.53851e-06	6.99892e-05
10.98	7.82026e-05	9.35489e-06	6.88477e-05
10.99	7.69002e-05	9.17488e-06	6.77253e-05
11	7.56201e-05	8.9984e-06	6.66218e-05
11.01	7.43621e-05	8.82538e-06	6.55367e-05
11.02	7.31255e-05	8.65576e-06	6.44698e-05
11.03	7.19102e-05	8.48946e-06	6.34207e-05
11.04	7.07156e-05	8.32643e-06	6.23892e-05
11.05	6.95415e-05	8.16659e-06	6.13749e-05
11.06	6.83875e-05	8.00988e-06	6.03776e-05
11.07	6.72531e-05	7.85624e-06	5.93969e-05
11.08	6.61382e-05	7.70561e-06	5.84326e-05
11.09	6.50423e-05	7.55792e-06	5.74844e-05
11.1	6.39651e-05	7.41313e-06	5.6552e-05
11.11	6.29062e-05	7.27116e-06	5.56351e-05
11.12	6.18655e-05	7.13197e-06	5.47335e-05
11.13	6.08424e-05	6.9955e-06	5.38469e-05
11.14	5.98368e-05	6.86169e-06	5.29751e-05
11.15	5.88482e-05	6.73049e-06	5.21178e-05
11.16	5.78765e-05	6.60186e-06	5.12747e-05
11.17	5.69214e-05	6.47573e-06	5.04456e-05
11.18	5.59824e-05	6.35206e-06	4.96303e-05
11.19	5.50594e-05	6.23081e-06	4.88286e-05
11.2	5.41521e-05	6.11191e-06	4.80401e-05
11.21	5.32601e-05	5.99534e-06	4.72648e-05
11.22	5.23833e-05	5.88103e-06	4.65023e-05
11.23	5.15213e-05	5.76894e-06	4.57524e-05
11.24	5.0674e-05	5.65904e-06	4.50149e-05
11.25	4.9841e-05	5.55127e-06	4.42897e-05
11.26	4.90221e-05	5.4456e-06	4.35765e-05
11.27	4.8217e-05	5.34198e-06	4.2875e-05
11.28	4.74255e-05	5.24037e-06	4.21852e-05
11.29	4.66475e-05	5.14074e-06	4.15067e-05
11.3	4.58825e-05	5.04303e-06	4.08395e-05
11.31	4.51305e-05	4.94723e-06	4.01833e-05
11.32	4.43911e-05	4.85328e-06	3.95379e-05
11.33	4.36643e-05	4.76115e-06	3.89031e-05
11.34	4.29496e-05	4.67081e-06	3.82788e-05
11.35	4.2247e-05	4.58222e-06	3.76648e-05
11.36	4.15563e-05	4.49534e-06	3.70609e-05
11.37	4.08771e-05	4.41015e-06	3.6467e-05
11.38	4.02094e-05	4.3266e-06	3.58828e-05
11.39	3.95529e-05	4.24467e-06	3.53082e-05
11.4	3.89074e-05	4.16432e-06	3.47431e-05
11.41	3.82728e-05	4.08552e-06	3.41873e-05
11.42	3.76488e-05	4.00825e-06	3.36406e-05
11.43	3.70353e-05	3.93247e-06	3.31029e-05
11.44	3.64321e-05	3.85815e-06	3.25739e-05
11.45	3.5839e-05	3.78526e-06	3.20537e-05
11.46	3.52558e-05	3.71378e-06	3.1542e-05
11.47	3.46824e-05	3.64368e-06	3.10387e-05
11.48	3.41185e-05	3.57493e-06	3.05436e-05
11.49	3.35641e-05	3.5075e-06	3.00566e-05
11.5	3.3019e-05	3.44137e-06	2.95776e-05
11.51	3.2483e-05	3.37651e-06	2.91065e-05
11.52	3.19559e-05	3.31291e-06	2.8643e-05
11.53	3.14376e-05	3.25052e-06	2.81871e-05
11.54	3.0928e-05	3.18933e-06	2.77387e-05
11.55	3.04268e-05	3.12932e-06	2.72975e-05
11.56	2.99341e-05	3.07046e-06	2.68636e-05
11.57	2.94495e-05	3.01274e-06	2.64367e-05
11.58	2.8973e-05	2.95612e-06	2.60168e-05
11.59	2.85044e-05	2.90058e-06	2.56038e-05
11.6	2.80436e-05	2.84611e-06	2.51975e-05
11.61	2.75904e-05	2.79269e-06	2.47978e-05
11.62	2.71448e-05	2.74029e-06	2.44045e-05
11.63	2.67066e-05	2.68889e-06	2.40177e-05
11.64	2.62757e-05	2.63848e-06	2.36372e-05
11.65	2.58519e-05	2.58903e-06	2.32629e-05
11.66	2.54351e-05	2.54053e-06	2.28946e-05
11.67	2.50253e-05	2.49295e-06	2.25323e-05
11.68	2.46222e-05	2.44629e-06	2.21759e-05
11.69	2.42258e-05	2.40051e-06	2.18253e-05
11.7	2.3836e-05	2.35561e-06	2.14804e-05
11.71	2.34526e-05	2.31157e-06	2.1141e-05
11.72	2.30755e-05	2.26837e-06	2.08072e-05
11.73	2.27047e-05	2.22599e-06	2.04787e-05
11.74	2.234e-05	2.18442e-06	2.01556e-05
11.75	2.19813e-05	2.14365e-06	1.98377e-05
11.76	2.16286e-05	2.10365e-06	1.95249e-05
11.77	2.12816e-05	2.06441e-06	1.92172e-05
11.78	2.09404e-05	2.02592e-06	1.89145e-05
11.79	2.06048e-05	1.98816e-06	1.86166e-05
11.8	2.02747e-05	1.95112e-06	1.83236e-05
11.81	1.995e-05	1.91478e-06	1.80353e-05
11.82	1.96307e-05	1.87914e-06	1.77516e-05
11.83	1.93167e-05	1.84417e-06	1.74725e-05
11.84	1.90078e-05	1.80987e-06	1.71979e-05
11.85	1.87039e-05	1.77622e-06	1.69277e-05
11.86	1.84051e-05	1.7432e-06	1.66619e-05
11.87	1.81112e-05	1.71082e-06	1.64003e-05
11.88	1.7822e-05	1.67905e-06	1.6143e-05
11.89	1.75377e-05	1.64788e-06	1.58898e-05
11.9	1.72579e-05	1.6173e-06	1.56407e-05
11.91	1.69828e-05	1.5873e-06	1.53955e-05
11.92	1.67122e-05	1.55787e-06	1.51543e-05
11.93	1.6446e-05	1.52899e-06	1.4917e-05
11.94	1.61841e-05	1.50066e-06	1.46835e-05
11.95	1.59265e-05	1.47287e-06	1.44537e-05
11.96	1.56732e-05	1.4456e-06	1.42276e-05
11.97	1.54239e-05	1.41885e-06	1.40051e-05
11.98	1.51788e-05	1.39261e-06	1.37862e-05
11.99	1.49376e-05	1.36685e-06	1.35708e-05
12	1.47004e-05	1.34159e-06	1.33588e-05
12.01	1.4467e-05	1.3168e-06	1.31502e-05
12.02	1.42375e-05	1.29248e-06	1.2945e-05
12.03	1.40116e-05	1.26862e-06	1.2743e-05
12.04	1.37895e-05	1.24521e-06	1.25443e-05
12.05	1.3571e-05	1.22224e-06	1.23487e-05
12.06	1.3356e-05	1.1997e-06	1.21563e-05
12.07	1.31445e-05	1.17759e-06	1.19669e-05
12.08	1.29364e-05	1.15589e-06	1.17805e-05
12.09	1.27318e-05	1.1346e-06	1.15972e-05
12.1	1.25304e-05	1.11371e-06	1.14167e-05
12.11	1.23323e-05	1.09322e-06	1.12391e-05
12.12	1.21374e-05	1.07311e-06	1.10643e-05
12.13	1.19457e-05	1.05337e-06	1.08924e-05
12.14	1.17571e-05	1.03401e-06	1.07231e-05
12.15	1.15716e-05	1.01501e-06	1.05565e-05
12.16	1.1389e-05	9.96368e-07	1.03926e-05
12.17	1.12094e-05	9.78075e-07	1.02313e-05
12.18	1.10327e-05	9.60125e-07	1.00726e-05
12.19	1.08589e-05	9.42512e-07	9.91635e-06
12.2	1.06878e-05	9.25229e-07	9.7626e-06
12.21	1.05196e-05	9.08269e-07	9.61128e-06
12.22	1.0354e-05	8.91627e-07	9.46237e-06
12.23	1.01911e-05	8.75296e-07	9.31582e-06
12.24	1.00309e-05	8.59271e-07	9.17158e-06
12.25	9.87318e-06	8.43546e-07	9.02963e-06
12.26	9.71804e-06	8.28115e-07	8.88993e-06
12.27	9.5654e-06	8.12972e-07	8.75243e-06
12.28	9.41522e-06	7.98112e-07	8.61711e-06
12.29	9.26746e-06	7.83529e-07	8.48393e-06
12.3	9.12207e-06	7.69219e-07	8.35285e-06
12.31	8.97902e-06	7.55176e-07	8.22384e-06
12.32	8.83826e-06	7.41395e-07	8.09687e-06
12.33	8.69977e-06	7.27871e-07	7.9719e-06
12.34	8.5635e-06	7.14599e-07	7.8489e-06
12.35	8.42942e-06	7.01575e-07	7.72784e-06
12.36	8.29748e-06	6.88793e-07	7.60869e-06
12.37	8.16767e-06	6.76249e-07	7.49142e-06
12.38	8.03993e-06	6.63939e-07	7.37599e-06
12.39	7.91424e-06	6.51858e-07	7.26238e-06
12.4	7.79056e-06	6.40001e-07	7.15056e-06
12.41	7.66886e-06	6.28366e-07	7.0405e-06
12.42	7.54911e-06	6.16946e-07	6.93216e-06
12.43	7.43127e-06	6.05739e-07	6.82553e-06
12.44	7.31532e-06	5.9474e-07	6.72058e-06
12.45	7.20122e-06	5.83946e-07	6.61727e-06
12.46	7.08894e-06	5.73352e-07	6.51558e-06
12.47	6.97845e-06	5.62955e-07	6.41549e-06
12.48	6.86973e-06	5.5275e-07	6.31697e-06
12.49	6.76274e-06	5.42735e-07	6.22e-06
12.5	6.65745e-06	5.32906e-07	6.12454e-06
12.51	6.55384e-06	5.23259e-07	6.03058e-06
12.52	6.45189e-06	5.13791e-07	5.9381e-06
12.53	6.35156e-06	5.04499e-07	5.84706e-06
12.54	6.25282e-06	4.95378e-07	5.75744e-06
12.55	6.15565e-06	4.86427e-07	5.66923e-06
12.56	6.06003e-06	4.77641e-07	5.58239e-06
12.57	5.96594e-06	4.69018e-07	5.49692e-06
12.58	5.87333e-06	4.60555e-07	5.41278e-06
12.59	5.7822e-06	4.52248e-07	5.32995e-06
12.6	5.69251e-06	4.44095e-07	5.24842e-06
12.61	5.60425e-06	4.36093e-07	5.16815e-06
12.62	5.51738e-06	4.28238e-07	5.08915e-06
12.63	5.4319e-06	4.20529e-07	5.01137e-06
12.64	5.34777e-06	4.12962e-07	4.93481e-06
12.65	5.26497e-06	4.05536e-07	4.85944e-06
12.66	5.18348e-06	3.98246e-07	4.78524e-06
12.67	5.10329e-06	3.91091e-07	4.7122e-06
12.68	5.02436e-06	3.84068e-07	4.64029e-06
12.69	4.94668e-06	3.77175e-07	4.56951e-06
12.7	4.87023e-06	3.70409e-07	4.49983e-06
12.71	4.79499e-06	3.63768e-07	4.43123e-06
12.72	4.72094e-06	3.57249e-07	4.36369e-06
12.73	4.64806e-06	3.50851e-07	4.29721e-06
12.74	4.57633e-06	3.44571e-07	4.23176e-06
12.75	4.50573e-06	3.38407e-07	4.16732e-06
12.76	4.43624e-06	3.32356e-07	4.10389e-06
12.77	4.36785e-06	3.26417e-07	4.04144e-06
12.78	4.30054e-06	3.20588e-07	3.97996e-06
12.79	4.23429e-06	3.14866e-07	3.91943e-06
12.8	4.16909e-06	3.09249e-07	3.85984e-06
12.81	4.10491e-06	3.03736e-07	3.80117e-06
12.82	4.04174e-06	2.98325e-07	3.74341e-06
12.83	3.97956e-06	2.93013e-07	3.68655e-06
12.84	3.91837e-06	2.878e-07	3.63057e-06
12.85	3.85813e-06	2.82682e-07	3.57545e-06
12.86	3.79885e-06	2.77659e-07	3.52119e-06
12.87	3.74049e-06	2.72729e-07	3.46776e-06
12.88	3.68305e-06	2.67889e-07	3.41516e-06
12.89	3.62651e-06	2.63139e-07	3.36338e-06
12.9	3.57087e-06	2.58476e-07	3.31239e-06
12.91	3.51609e-06	2.53899e-07	3.26219e-06
12.92	3.46217e-06	2.49406e-07	3.21277e-06
12.93	3.4091e-06	2.44997e-07	3.16411e-06
12.94	3.35686e-06	2.40669e-07	3.1162e-06
12.95	3.30544e-06	2.3642e-07	3.06902e-06
12.96	3.25483e-06	2.3225e-07	3.02258e-06
12.97	3.20501e-06	2.28157e-07	2.97685e-06
12.98	3.15597e-06	2.2414e-07	2.93183e-06
12.99	3.10769e-06	2.20197e-07	2.8875e-06
13	3.06018e-06	2.16326e-07	2.84385e-06
13.01	3.0134e-06	2.12527e-07	2.80087e-06
13.02	2.96736e-06	2.08799e-07	2.75856e-06
13.03	2.92204e-06	2.05139e-07	2.7169e-06
13.04	2.87742e-06	2.01547e-07	2.67587e-06
13.05	2.8335e-06	1.98022e-07	2.63548e-06
13.06	2.79027e-06	1.94562e-07	2.59571e-06
13.07	2.74772e-06	1.91166e-07	2.55655e-06
13.08	2.70582e-06	1.87833e-07	2.51799e-06
13.09	2.66459e-06	1.84561e-07	2.48003e-06
13.1	2.62399e-06	1.81351e-07	2.44264e-06
13.11	2.58403e-06	1.782e-07	2.40583e-06
13.12	2.54469e-06	1.75108e-07	2.36959e-06
13.13	2.50597e-06	1.72073e-07	2.3339e-06
13.14	2.46785e-06	1.69095e-07	2.29875e-06
13.15	2.43032e-06	1.66172e-07	2.26415e-06
13.16	2.39338e-06	1.63304e-07	2.23008e-06
13.17	2.35701e-06	1.60489e-07	2.19652e-06
13.18	2.32121e-06	1.57727e-07	2.16349e-06
13.19	2.28597e-06	1.55017e-07	2.13096e-06
13.2	2.25128e-06	1.52357e-07	2.09892e-06
13.21	2.21713e-06	1.49747e-07	2.06738e-06
13.22	2.1835e-06	1.47187e-07	2.03632e-06
13.23	2.1504e-06	1.44674e-07	2.00573e-06
13.24	2.11782e-06	1.42209e-07	1.97561e-06
13.25	2.08574e-06	1.3979e-07	1.94595e-06
13.26	2.05417e-06	1.37417e-07	1.91675e-06
13.27	2.02308e-06	1.35089e-07	1.88799e-06
13.28	1.99248e-06	1.32805e-07	1.85967e-06
13.29	1.96235e-06	1.30564e-07	1.83178e-06
13.3	1.93269e-06	1.28366e-07	1.80432e-06
13.31	1.90349e-06	1.2621e-07	1.77728e-06
13.32	1.87475e-06	1.24095e-07	1.75065e-06
13.33	1.84645e-06	1.2202e-07	1.72443e-06
13.34	1.81859e-06	1.19986e-07	1.6986e-06
13.35	1.79116e-06	1.1799e-07	1.67317e-06
13.36	1.76417e-06	1.16033e-07	1.64813e-06
13.37	1.73759e-06	1.14114e-07	1.62347e-06
13.38	1.71142e-06	1.12232e-07	1.59919e-06
13.39	1.68566e-06	1.10386e-07	1.57527e-06
13.4	1.6603e-06	1.08577e-07	1.55172e-06
13.41	1.63533e-06	1.06802e-07	1.52853e-06
13.42	1.61075e-06	1.05063e-07	1.50569e-06
13.43	1.58656e-06	1.03358e-07	1.4832e-06
13.44	1.56274e-06	1.01687e-07	1.46105e-06
13.45	1.53929e-06	1.00049e-07	1.43924e-06
13.46	1.5162e-06	9.84429e-08	1.41776e-06
13.47	1.49347e-06	9.68695e-08	1.39661e-06
13.48	1.4711e-06	9.53276e-08	1.37577e-06
13.49	1.44908e-06	9.38168e-08	1.35526e-06
13.5	1.42739e-06	9.23366e-08	1.33506e-06
13.51	1.40605e-06	9.08866e-08	1.31516e-06
13.52	1.38503e-06	8.94662e-08	1.29556e-06
13.53	1.36434e-06	8.80751e-08	1.27627e-06
13.54	1.34398e-06	8.67128e-08	1.25727e-06
13.55	1.32393e-06	8.53788e-08	1.23855e-06
13.56	1.30419e-06	8.40727e-08	1.22012e-06
13.57	1.28476e-06	8.27942e-08	1.20197e-06
13.58	1.26564e-06	8.15428e-08	1.1841e-06
13.59	1.24681e-06	8.0318e-08	1.16649e-06
13.6	1.22828e-06	7.91197e-08	1.14916e-06
13.61	1.21003e-06	7.79473e-08	1.13208e-06
13.62	1.19207e-06	7.68004e-08	1.11527e-06
13.63	1.17439e-06	7.56789e-08	1.09871e-06
13.64	1.15698e-06	7.45822e-08	1.0824e-06
13.65	1.13985e-06	7.35101e-08	1.06634e-06
13.66	1.12299e-06	7.24622e-08	1.05052e-06
13.67	1.10639e-06	7.14382e-08	1.03495e-06
13.68	1.09004e-06	7.04378e-08	1.01961e-06
13.69	1.07396e-06	6.94607e-08	1.0045e-06
13.7	1.05813e-06	6.85066e-08	9.8962e-07
13.71	1.04254e-06	6.75752e-08	9.74967e-07
13.72	1.0272e-06	6.66662e-08	9.60536e-07
13.73	1.0121e-06	6.57794e-08	9.46323e-07
13.74	9.97241e-07	6.49145e-08	9.32327e-07
13.75	9.82614e-07	6.40712e-08	9.18542e-07
13.76	9.68216e-07	6.32494e-08	9.04967e-07
13.77	9.54046e-07	6.24486e-08	8.91597e-07
13.78	9.401e-07	6.16689e-08	8.78431e-07
13.79	9.26373e-07	6.09098e-08	8.65464e-07
13.8	9.12864e-07	6.01712e-08	8.52693e-07
13.81	8.99569e-07	5.94528e-08	8.40116e-07
13.82	8.86485e-07	5.87546e-08	8.2773e-07
13.83	8.73608e-07	5.80762e-08	8.15532e-07
13.84	8.60937e-07	5.74176e-08	8.03519e-07
13.85	8.48467e-07	5.67784e-08	7.91688e-07
13.86	8.36195e-07	5.61586e-08	7.80037e-07
13.87	8.2412e-07	5.5558e-08	7.68562e-07
13.88	8.12238e-07	5.49763e-08	7.57262e-07
13.89	8.00547e-07	5.44136e-08	7.46133e-07
13.9	7.89043e-07	5.38696e-08	7.35173e-07
13.91	7.77724e-07	5.33442e-08	7.2438e-07
13.92	7.66587e-07	5.28372e-08	7.1375e-07
13.93	7.55631e-07	5.23486e-08	7.03282e-07
13.94	7.44851e-07	5.18782e-08	6.92973e-07
13.95	7.34247e-07	5.14259e-08	6.82821e-07
13.96	7.23814e-07	5.09916e-08	6.72823e-07
13.97	7.13552e-07	5.05753e-08	6.62977e-07
13.98	7.03457e-07	5.01767e-08	6.53281e-07
13.99	6.93528e-07	4.9796e-08	6.43732e-07
14	6.83762e-07	4.94328e-08	6.34329e-07
14.01	6.74156e-07	4.90873e-08	6.25069e-07
14.02	6.64709e-07	4.87594e-08	6.1595e-07
14.03	6.55418e-07	4.84489e-08	6.0697e-07
14.04	6.46282e-07	4.81559e-08	5.98126e-07
14.05	6.37298e-07	4.78803e-08	5.89418e-07
14.06	6.28465e-07	4.7622e-08	5.80842e-07
14.07	6.19779e-07	4.73811e-08	5.72398e-07
14.08	6.1124e-07	4.71575e-08	5.64082e-07
14.09	6.02845e-07	4.69513e-08	5.55894e-07
14.1	5.94593e-07	4.67623e-08	5.4783e-07
14.11	5.86481e-07	4.65906e-08	5.39891e-07
14.12	5.78508e-07	4.64363e-08	5.32072e-07
14.13	5.70673e-07	4.62992e-08	5.24373e-07
14.14	5.62972e-07	4.61796e-08	5.16793e-07
14.15	5.55406e-07	4.60773e-08	5.09328e-07
14.16	5.47971e-07	4.59924e-08	5.01979e-07
14.17	5.40667e-07	4.5925e-08	4.94742e-07
14.18	5.33491e-07	4.58751e-08	4.87616e-07
14.19	5.26443e-07	4.58427e-08	4.806e-07
14.2	5.1952e-07	4.5828e-08	4.73692e-07
14.21	5.12722e-07	4.5831e-08	4.66891e-07
14.22	5.06046e-07	4.58517e-08	4.60194e-07
14.23	4.99491e-07	4.58904e-08	4.53601e-07
14.24	4.93057e-07	4.5947e-08	4.4711e-07
14.25	4.86741e-07	4.60216e-08	4.40719e-07
14.26	4.80542e-07	4.61145e-08	4.34427e-07
14.27	4.74459e-07	4.62256e-08	4.28233e-07
14.28	4.6849e-07	4.63551e-08	4.22135e-07
14.29	4.62635e-07	4.65032e-08	4.16132e-07
14.3	4.56892e-07	4.667e-08	4.10222e-07
14.31	4.5126e-07	4.68556e-08	4.04404e-07
14.32	4.45738e-07	4.70602e-08	3.98677e-07
14.33	4.40324e-07	4.7284e-08	3.9304e-07
14.34	4.35018e-07	4.75271e-08	3.87491e-07
14.35	4.29818e-07	4.77897e-08	3.82029e-07
14.36	4.24724e-07	4.8072e-08	3.76652e-07
14.37	4.19735e-07	4.83742e-08	3.7136e-07
14.38	4.14848e-07	4.86965e-08	3.66152e-07
14.39	4.10065e-07	4.90392e-08	3.61026e-07
14.4	4.05383e-07	4.94024e-08	3.5598e-07
14.41	4.00801e-07	4.97864e-08	3.51015e-07
14.42	3.9632e-07	5.01914e-08	3.46128e-07
14.43	3.91937e-07	5.06177e-08	3.41319e-07
14.44	3.87653e-07	5.10656e-08	3.36587e-07
14.45	3.83465e-07	5.15352e-08	3.3193e-07
14.46	3.79375e-07	5.2027e-08	3.27348e-07
14.47	3.7538e-07	5.25412e-08	3.22839e-07
14.48	3.71481e-07	5.3078e-08	3.18403e-07
14.49	3.67676e-07	5.36379e-08	3.14038e-07
14.5	3.63965e-07	5.4221e-08	3.09744e-07
14.51	3.60347e-07	5.48279e-08	3.05519e-07
14.52	3.56822e-07	5.54587e-08	3.01363e-07
14.53	3.53389e-07	5.61139e-08	2.97275e-07
14.54	3.50047e-07	5.67938e-08	2.93253e-07
14.55	3.46797e-07	5.74988e-08	2.89298e-07
14.56	3.43637e-07	5.82293e-08	2.85407e-07
14.57	3.40566e-07	5.89857e-08	2.81581e-07
14.58	3.37586e-07	5.97684e-08	2.77818e-07
14.59	3.34695e-07	6.05778e-08	2.74117e-07
14.6	3.31892e-07	6.14144e-08	2.70478e-07
14.61	3.29178e-07	6.22786e-08	2.669e-07
14.62	3.26552e-07	6.31708e-08	2.63382e-07
14.63	3.24014e-07	6.40916e-08	2.59923e-07
14.64	3.21564e-07	6.50414e-08	2.56522e-07
14.65	3.19201e-07	6.60208e-08	2.5318e-07
14.66	3.16925e-07	6.70302e-08	2.49894e-07
14.67	3.14735e-07	6.80702e-08	2.46665e-07
14.68	3.12633e-07	6.91413e-08	2.43492e-07
14.69	3.10617e-07	7.02441e-08	2.40373e-07
14.7	3.08688e-07	7.13791e-08	2.37309e-07
14.71	3.06845e-07	7.25469e-08	2.34298e-07
14.72	3.05088e-07	7.37483e-08	2.3134e-07
14.73	3.03417e-07	7.49836e-08	2.28434e-07
14.74	3.01833e-07	7.62537e-08	2.2558e-07
14.75	3.00335e-07	7.75591e-08	2.22776e-07
14.76	2.98924e-07	7.89005e-08	2.20024e-07
14.77	2.97599e-07	8.02786e-08	2.1732e-07
14.78	2.96361e-07	8.16941e-08	2.14667e-07
14.79	2.95209e-07	8.31477e-08	2.12061e-07
14.8	2.94144e-07	8.46402e-08	2.09504e-07
14.81	2.93166e-07	8.61723e-08	2.06994e-07
14.82	2.92276e-07	8.77448e-08	2.04531e-07
14.83	2.91473e-07	8.93584e-08	2.02115e-07
14.84	2.90758e-07	9.1014e-08	1.99744e-07
14.85	2.90132e-07	9.27125e-08	1.97419e-07
14.86	2.89593e-07	9.44546e-08	1.95139e-07
14.87	2.89144e-07	9.62413e-08	1.92903e-07
14.88	2.88784e-07	9.80735e-08	1.90711e-07
14.89	2.88514e-07	9.9952e-08	1.88562e-07
14.9	2.88334e-07	1.01878e-07	1.86456e-07
14.91	2.88245e-07	1.03852e-07	1.84393e-07
14.92	2.88247e-07	1.05875e-07	1.82372e-07
14.93	2.88341e-07	1.07949e-07	1.80392e-07
14.94	2.88528e-07	1.10073e-07	1.78454e-07
14.95	2.88807e-07	1.12251e-07	1.76557e-07
14.96	2.89181e-07	1.14481e-07	1.74699e-07
14.97	2.89649e-07	1.16766e-07	1.72882e-07
14.98	2.90212e-07	1.19107e-07	1.71105e-07
14.99	2.90871e-07	1.21505e-07	1.69367e-07
15	2.91627e-07	1.2396e-07	1.67667e-07
15.01	2.92481e-07	1.26475e-07	1.66006e-07
15.02	2.93434e-07	1.2905e-07	1.64383e-07
15.03	2.94486e-07	1.31687e-07	1.62799e-07
15.04	2.95639e-07	1.34387e-07	1.61251e-07
15.05	2.96893e-07	1.37152e-07	1.59741e-07
15.06	2.98249e-07	1.39982e-07	1.58267e-07
15.07	2.9971e-07	1.42879e-07	1.56831e-07
15.08	3.01275e-07	1.45845e-07	1.5543e-07
15.09	3.02946e-07	1.48881e-07	1.54065e-07
15.1	3.04724e-07	1.51988e-07	1.52736e-07
15.11	3.06611e-07	1.55168e-07	1.51443e-07
15.12	3.08608e-07	1.58423e-07	1.50184e-07
15.13	3.10715e-07	1.61754e-07	1.48961e-07
15.14	3.12935e-07	1.65163e-07	1.47772e-07
15.15	3.15269e-07	1.68651e-07	1.46617e-07
15.16	3.17718e-07	1.72221e-07	1.45497e-07
15.17	3.20284e-07	1.75873e-07	1.44411e-07
15.18	3.22968e-07	1.7961e-07	1.43358e-07
15.19	3.25772e-07	1.83434e-07	1.42339e-07
15.2	3.28699e-07	1.87346e-07	1.41353e-07
15.21	3.31748e-07	1.91348e-07	1.404e-07
15.22	3.34923e-07	1.95443e-07	1.3948e-07
15.23	3.38225e-07	1.99631e-07	1.38593e-07
15.24	3.41656e-07	2.03917e-07	1.37739e-07
15.25	3.45217e-07	2.083e-07	1.36917e-07
15.26	3.48911e-07	2.12784e-07	1.36127e-07
15.27	3.52741e-07	2.17371e-07	1.35369e-07
15.28	3.56707e-07	2.22063e-07	1.34644e-07
15.29	3.60812e-07	2.26862e-07	1.3395e-07
15.3	3.65058e-07	2.31771e-07	1.33288e-07
15.31	3.69448e-07	2.36791e-07	1.32657e-07
15.32	3.73984e-07	2.41926e-07	1.32058e-07
15.33	3.78669e-07	2.47178e-07	1.31491e-07
15.34	3.83504e-07	2.52549e-07	1.30954e-07
15.35	3.88492e-07	2.58043e-07	1.30449e-07
15.36	3.93636e-07	2.63661e-07	1.29975e-07
15.37	3.98939e-07	2.69407e-07	1.29532e-07
15.38	4.04403e-07	2.75283e-07	1.2912e-07
15.39	4.10031e-07	2.81292e-07	1.28739e-07
15.4	4.15826e-07	2.87437e-07	1.28389e-07
15.41	4.2179e-07	2.93721e-07	1.28069e-07
15.42	4.27928e-07	3.00147e-07	1.27781e-07
15.43	4.34241e-07	3.06718e-07	1.27523e-07
15.44	4.40734e-07	3.13438e-07	1.27296e-07
15.45	4.47409e-07	3.2031e-07	1.27099e-07
15.46	4.54269e-07	3.27336e-07	1.26933e-07
15.47	4.61319e-07	3.3452e-07	1.26798e-07
15.48	4.68561e-07	3.41867e-07	1.26694e-07
15.49	4.75999e-07	3.49379e-07	1.2662e-07
15.5	4.83637e-07	3.5706e-07	1.26577e-07
15.51	4.91479e-07	3.64914e-07	1.26565e-07
15.52	4.99528e-07	3.72944e-07	1.26584e-07
15.53	5.07788e-07	3.81155e-07	1.26634e-07
15.54	5.16264e-07	3.8955e-07	1.26714e-07
15.55	5.24959e-07	3.98133e-07	1.26825e-07
15.56	5.33877e-07	4.0691e-07	1.26968e-07
15.57	5.43024e-07	4.15883e-07	1.27141e-07
15.58	5.52403e-07	4.25057e-07	1.27346e-07
15.59	5.62019e-07	4.34437e-07	1.27582e-07
15.6	5.71877e-07	4.44028e-07	1.27849e-07
15.61	5.8198e-07	4.53833e-07	1.28148e-07
15.62	5.92335e-07	4.63858e-07	1.28478e-07
15.63	6.02946e-07	4.74107e-07	1.2884e-07
15.64	6.13818e-07	4.84585e-07	1.29233e-07
15.65	6.24957e-07	4.95298e-07	1.29659e-07
15.66	6.36367e-07	5.0625e-07	1.30117e-07
15.67	6.48054e-07	5.17448e-07	1.30606e-07
15.68	6.60024e-07	5.28896e-07	1.31129e-07
15.69	6.72283e-07	5.40599e-07	1.31683e-07
15.7	6.84835e-07	5.52564e-07	1.32271e-07
15.71	6.97688e-07	5.64796e-07	1.32891e-07
15.72	7.10846e-07	5.77302e-07	1.33545e-07
15.73	7.24318e-07	5.90086e-07	1.34231e-07
15.74	7.38108e-07	6.03156e-07	1.34951e-07
15.75	7.52223e-07	6.16518e-07	1.35705e-07
15.76	7.6667e-07	6.30178e-07	1.36493e-07
15.77	7.81457e-07	6.44142e-07	1.37315e-07
15.78	7.96589e-07	6.58418e-07	1.38171e-07
15.79	8.12073e-07	6.73012e-07	1.39061e-07
15.8	8.27919e-07	6.87932e-07	1.39987e-07
15.81	8.44131e-07	7.03184e-07	1.40948e-07
15.82	8.60719e-07	7.18776e-07	1.41944e-07
15.83	8.7769e-07	7.34715e-07	1.42975e-07
15.84	8.95052e-07	7.51009e-07	1.44043e-07
15.85	9.12813e-07	7.67667e-07	1.45147e-07
15.86	9.30982e-07	7.84695e-07	1.46287e-07
15.87	9.49567e-07	8.02102e-07	1.47464e-07
15.88	9.68576e-07	8.19897e-07	1.48679e-07
15.89	9.88019e-07	8.38088e-07	1.49931e-07
15.9	1.0079e-06	8.56684e-07	1.5122e-07
15.91	1.02824e-06	8.75694e-07	1.52548e-07
15.92	1.04904e-06	8.95127e-07	1.53915e-07
15.93	1.07031e-06	9.14992e-07	1.5532e-07
15.94	1.09206e-06	9.35299e-07	1.56765e-07
15.95	1.11431e-06	9.56057e-07	1.58249e-07
15.96	1.13705e-06	9.77277e-07	1.59774e-07
15.97	1.16031e-06	9.98969e-07	1.61339e-07
15.98	1.18409e-06	1.02114e-06	1.62944e-07
15.99	1.2084e-06	1.04381e-06	1.64592e-07
16	1.23326e-06	1.06698e-06	1.66281e-07
16.01	1.25868e-06	1.09067e-06	1.68012e-07
16.02	1.28467e-06	1.11488e-06	1.69786e-07
16.03	1.31123e-06	1.13963e-06	1.71603e-07
16.04	1.33839e-06	1.16493e-06	1.73463e-07
16.05	1.36616e-06	1.19079e-06	1.75368e-07
16.06	1.39455e-06	1.21723e-06	1.77317e-07
16.07	1.42357e-06	1.24425e-06	1.79312e-07
16.08	1.45323e-06	1.27188e-06	1.81352e-07
16.09	1.48355e-06	1.30012e-06	1.83438e-07
16.1	1.51455e-06	1.32898e-06	1.85571e-07
16.11	1.54624e-06	1.35849e-06	1.87752e-07
16.12	1.57863e-06	1.38865e-06	1.8998e-07
16.13	1.61173e-06	1.41948e-06	1.92257e-07
16.14	1.64557e-06	1.45099e-06	1.94583e-07
16.15	1.68016e-06	1.48321e-06	1.96958e-07
16.16	1.71552e-06	1.51613e-06	1.99384e-07
16.17	1.75165e-06	1.54979e-06	2.0186e-07
16.18	1.78859e-06	1.5842e-06	2.04389e-07
16.19	1.82634e-06	1.61937e-06	2.06969e-07
16.2	1.86492e-06	1.65532e-06	2.09602e-07
16.21	1.90436e-06	1.69207e-06	2.12289e-07
16.22	1.94466e-06	1.72963e-06	2.1503e-07
16.23	1.98585e-06	1.76803e-06	2.17826e-07
16.24	2.02795e-06	1.80728e-06	2.20678e-07
16.25	2.07098e-06	1.84739e-06	2.23586e-07
16.26	2.11495e-06	1.8884e-06	2.26551e-07
16.27	2.15989e-06	1.93032e-06	2.29575e-07
16.28	2.20582e-06	1.97317e-06	2.32657e-07
16.29	2.25276e-06	2.01696e-06	2.35798e-07
16.3	2.30073e-06	2.06173e-06	2.39e-07
16.31	2.34975e-06	2.10749e-06	2.42263e-07
16.32	2.39985e-06	2.15426e-06	2.45588e-07
16.33	2.45105e-06	2.20208e-06	2.48976e-07
16.34	2.50337e-06	2.25095e-06	2.52428e-07
16.35	2.55685e-06	2.3009e-06	2.55945e-07
16.36	2.61149e-06	2.35196e-06	2.59527e-07
16.37	2.66733e-06	2.40415e-06	2.63175e-07
16.38	2.72439e-06	2.4575e-06	2.66891e-07
16.39	2.78271e-06	2.51203e-06	2.70675e-07
16.4	2.8423e-06	2.56777e-06	2.74528e-07
16.41	2.9032e-06	2.62475e-06	2.78452e-07
16.42	2.96543e-06	2.68298e-06	2.82448e-07
16.43	3.02903e-06	2.74251e-06	2.86515e-07
16.44	3.09401e-06	2.80336e-06	2.90656e-07
16.45	3.16042e-06	2.86555e-06	2.94872e-07
16.46	3.22828e-06	2.92912e-06	2.99163e-07
16.47	3.29763e-06	2.9941e-06	3.0353e-07
16.48	3.36849e-06	3.06051e-06	3.07976e-07
16.49	3.4409e-06	3.1284e-06	3.125e-07
16.5	3.5149e-06	3.19779e-06	3.17105e-07
16.51	3.59051e-06	3.26872e-06	3.2179e-07
16.52	3.66778e-06	3.34122e-06	3.26559e-07
16.53	3.74673e-06	3.41532e-06	3.31411e-07
16.54	3.82741e-06	3.49106e-06	3.36348e-07
16.55	3.90985e-06	3.56848e-06	3.41371e-07
16.56	3.9941e-06	3.64762e-06	3.46481e-07
16.57	4.08018e-06	3.7285e-06	3.51681e-07
16.58	4.16815e-06	3.81118e-06	3.5697e-07
16.59	4.25803e-06	3.89568e-06	3.62352e-07
16.6	4.34988e-06	3.98206e-06	3.67825e-07
16.61	4.44374e-06	4.07034e-06	3.73394e-07
16.62	4.53964e-06	4.16058e-06	3.79058e-07
16.63	4.63764e-06	4.25282e-06	3.84819e-07
16.64	4.73778e-06	4.3471e-06	3.90679e-07
16.65	4.8401e-06	4.44346e-06	3.96639e-07
16.66	4.94466e-06	4.54196e-06	4.027e-07
16.67	5.0515e-06	4.64264e-06	4.08865e-07
16.68	5.16067e-06	4.74554e-06	4.15135e-07
16.69	5.27223e-06	4.85072e-06	4.21511e-07
16.7	5.38622e-06	4.95822e-06	4.27995e-07
16.71	5.50269e-06	5.0681e-06	4.34589e-07
16.72	5.62171e-06	5.18042e-06	4.41294e-07
16.73	5.74333e-06	5.29521e-06	4.48112e-07
16.74	5.8676e-06	5.41255e-06	4.55045e-07
16.75	5.99458e-06	5.53248e-06	4.62095e-07
16.76	6.12433e-06	5.65506e-06	4.69263e-07
16.77	6.25691e-06	5.78036e-06	4.76552e-07
16.78	6.39238e-06	5.90842e-06	4.83962e-07
16.79	6.53081e-06	6.03932e-06	4.91497e-07
16.8	6.67226e-06	6.1731e-06	4.99158e-07
16.81	6.8168e-06	6.30985e-06	5.06946e-07
16.82	6.96449e-06	6.44962e-06	5.14865e-07
16.83	7.11539e-06	6.59248e-06	5.22915e-07
16.84	7.2696e-06	6.7385e-06	5.311e-07
16.85	7.42716e-06	6.88774e-06	5.3942e-07
16.86	7.58816e-06	7.04028e-06	5.47879e-07
16.87	7.75268e-06	7.1962e-06	5.56478e-07
16.88	7.92078e-06	7.35556e-06	5.6522e-07
16.89	8.09255e-06	7.51844e-06	5.74107e-07
16.9	8.26806e-06	7.68492e-06	5.83141e-07
16.91	8.44741e-06	7.85508e-06	5.92324e-07
16.92	8.63066e-06	8.029e-06	6.01659e-07
16.93	8.81792e-06	8.20677e-06	6.11148e-07
16.94	9.00925e-06	8.38846e-06	6.20794e-07
16.95	9.20476e-06	8.57416e-06	6.30598e-07
16.96	9.40454e-06	8.76397e-06	6.40565e-07
16.97	9.60867e-06	8.95797e-06	6.50695e-07
16.98	9.81725e-06	9.15626e-06	6.60993e-07
16.99	1.00304e-05	9.35892e-06	6.71459e-07
17	1.02482e-05	9.56607e-06	6.82098e-07
17.01	1.04707e-05	9.77778e-06	6.92911e-07
17.02	1.06981e-05	9.99418e-06	7.03902e-07
17.03	1.09304e-05	1.02153e-05	7.15074e-07
17.04	1.11678e-05	1.04414e-05	7.26428e-07
17.05	1.14104e-05	1.06725e-05	7.37969e-07
17.06	1.16583e-05	1.09086e-05	7.49699e-07
17.07	1.19116e-05	1.115e-05	7.61621e-07
17.08	1.21704e-05	1.13967e-05	7.73738e-07
17.09	1.24349e-05	1.16488e-05	7.86053e-07
17.1	1.27051e-05	1.19065e-05	7.98569e-07
17.11	1.29812e-05	1.21699e-05	8.1129e-07
17.12	1.32633e-05	1.24391e-05	8.24219e-07
17.13	1.35516e-05	1.27143e-05	8.3736e-07
17.14	1.38462e-05	1.29955e-05	8.50714e-07
17.15	1.41472e-05	1.3283e-05	8.64287e-07
17.16	1.44548e-05	1.35767e-05	8.78081e-07
17.17	1.47691e-05	1.3877e-05	8.921e-07
17.18	1.50902e-05	1.41839e-05	9.06348e-07
17.19	1.54184e-05	1.44976e-05	9.20828e-07
17.2	1.57537e-05	1.48182e-05	9.35543e-07
17.21	1.60963e-05	1.51458e-05	9.50499e-07
17.22	1.64464e-05	1.54807e-05	9.65698e-07
17.23	1.68041e-05	1.5823e-05	9.81144e-07
17.24	1.71697e-05	1.61728e-05	9.96842e-07
17.25	1.75432e-05	1.65304e-05	1.01279e-06
17.26	1.79248e-05	1.68958e-05	1.02901e-06
17.27	1.83148e-05	1.72693e-05	1.04548e-06
17.28	1.87133e-05	1.76511e-05	1.06223e-06
17.29	1.91205e-05	1.80412e-05	1.07924e-06
17.3	1.95365e-05	1.844e-05	1.09654e-06
17.31	1.99617e-05	1.88476e-05	1.11411e-06
17.32	2.03961e-05	1.92641e-05	1.13197e-06
17.33	2.084e-05	1.96899e-05	1.15012e-06
17.34	2.12936e-05	2.0125e-05	1.16856e-06
17.35	2.17571e-05	2.05698e-05	1.18731e-06
17.36	2.22306e-05	2.10243e-05	1.20635e-06
17.37	2.27146e-05	2.14889e-05	1.22571e-06
17.38	2.3209e-05	2.19637e-05	1.24538e-06
17.39	2.37143e-05	2.24489e-05	1.26537e-06
17.4	2.42306e-05	2.29449e-05	1.28568e-06
17.41	2.47582e-05	2.34518e-05	1.30633e-06
17.42	2.52972e-05	2.39699e-05	1.32731e-06
17.43	2.58481e-05	2.44994e-05	1.34863e-06
17.44	2.64109e-05	2.50406e-05	1.37029e-06
17.45	2.6986e-05	2.55937e-05	1.3923e-06
17.46	2.75737e-05	2.61591e-05	1.41468e-06
17.47	2.81742e-05	2.67368e-05	1.43741e-06
17.48	2.87878e-05	2.73273e-05	1.46051e-06
17.49	2.94148e-05	2.79308e-05	1.48399e-06
17.5	3.00555e-05	2.85477e-05	1.50785e-06
17.51	3.07102e-05	2.91781e-05	1.53209e-06
17.52	3.13791e-05	2.98224e-05	1.55673e-06
17.53	3.20627e-05	3.04809e-05	1.58177e-06
17.54	3.27611e-05	3.11539e-05	1.60721e-06
17.55	3.34748e-05	3.18418e-05	1.63306e-06
17.56	3.42041e-05	3.25448e-05	1.65933e-06
17.57	3.49493e-05	3.32633e-05	1.68603e-06
17.58	3.57108e-05	3.39976e-05	1.71316e-06
17.59	3.64889e-05	3.47481e-05	1.74073e-06
17.6	3.72839e-05	3.55152e-05	1.76874e-06
17.61	3.80963e-05	3.62991e-05	1.79721e-06
17.62	3.89265e-05	3.71003e-05	1.82614e-06
17.63	3.97747e-05	3.79192e-05	1.85554e-06
17.64	4.06415e-05	3.87561e-05	1.88541e-06
17.65	4.15272e-05	3.96114e-05	1.91576e-06
17.66	4.24322e-05	4.04856e-05	1.94661e-06
17.67	4.3357e-05	4.1379e-05	1.97796e-06
17.68	4.43019e-05	4.22921e-05	2.00981e-06
17.69	4.52675e-05	4.32253e-05	2.04218e-06
17.7	4.62542e-05	4.41791e-05	2.07507e-06
17.71	4.72624e-05	4.51539e-05	2.1085e-06
17.72	4.82926e-05	4.61501e-05	2.14247e-06
17.73	4.93452e-05	4.71683e-05	2.17698e-06
17.74	5.04209e-05	4.82088e-05	2.21205e-06
17.75	5.152e-05	4.92723e-05	2.2477e-06
17.76	5.26432e-05	5.03593e-05	2.28391e-06
17.77	5.37908e-05	5.14701e-05	2.32072e-06
17.78	5.49635e-05	5.26054e-05	2.35812e-06
17.79	5.61618e-05	5.37657e-05	2.39612e-06
17.8	5.73863e-05	5.49515e-05	2.43474e-06
17.81	5.86374e-05	5.61635e-05	2.47398e-06
17.82	5.99159e-05	5.74021e-05	2.51386e-06
17.83	6.12223e-05	5.86679e-05	2.55438e-06
17.84	6.25572e-05	5.99617e-05	2.59556e-06
17.85	6.39213e-05	6.12839e-05	2.6374e-06
17.86	6.53151e-05	6.26352e-05	2.67992e-06
17.87	6.67394e-05	6.40163e-05	2.72313e-06
17.88	6.81947e-05	6.54277e-05	2.76704e-06
17.89	6.96819e-05	6.68702e-05	2.81166e-06
17.9	7.12014e-05	6.83444e-05	2.85699e-06
17.91	7.27542e-05	6.98511e-05	2.90307e-06
17.92	7.43408e-05	7.1391e-05	2.94988e-06
17.93	7.59621e-05	7.29647e-05	2.99746e-06
17.94	7.76188e-05	7.4573e-05	3.0458e-06
17.95	7.93117e-05	7.62167e-05	3.09493e-06
17.96	8.10415e-05	7.78966e-05	3.14485e-06
17.97	8.2809e-05	7.96135e-05	3.19558e-06
17.98	8.46152e-05	8.13681e-05	3.24712e-06
17.99	8.64608e-05	8.31613e-05	3.29951e-06
18	8.83466e-05	8.49939e-05	3.35273e-06
18.01	9.02737e-05	8.68669e-05	3.40682e-06
18.02	9.22428e-05	8.8781e-05	3.46179e-06
18.03	9.42549e-05	9.07372e-05	3.51764e-06
18.04	9.63109e-05	9.27365e-05	3.5744e-06
18.05	9.84118e-05	9.47798e-05	3.63207e-06
18.06	0.000100559	9.68679e-05	3.69068e-06
18.07	0.000102752	9.9002e-05	3.75024e-06
18.08	0.000104994	0.000101183	3.81076e-06
18.09	0.000107284	0.000103412	3.87225e-06
18.1	0.000109625	0.00010569	3.93475e-06
18.11	0.000112016	0.000108018	3.99825e-06
18.12	0.00011446	0.000110397	4.06278e-06
18.13	0.000116957	0.000112829	4.12835e-06
18.14	0.000119509	0.000115314	4.19499e-06
18.15	0.000122116	0.000117854	4.2627e-06
18.16	0.000124781	0.000120449	4.33151e-06
18.17	0.000127503	0.000123102	4.40143e-06
18.18	0.000130285	0.000125812	4.47248e-06
18.19	0.000133127	0.000128583	4.54469e-06
18.2	0.000136032	0.000131414	4.61806e-06
18.21	0.000139	0.000134308	4.69261e-06
18.22	0.000142033	0.000137265	4.76838e-06
18.23	0.000145132	0.000140287	4.84537e-06
18.24	0.000148299	0.000143375	4.9236e-06
18.25	0.000151535	0.000146532	5.0031e-06
18.26	0.000154841	0.000149758	5.08389e-06
18.27	0.00015822	0.000153054	5.16598e-06
18.28	0.000161673	0.000156423	5.2494e-06
18.29	0.000165201	0.000159866	5.33417e-06
18.3	0.000168805	0.000163385	5.42032e-06
18.31	0.000172489	0.000166981	5.50785e-06
18.32	0.000176253	0.000170656	5.59681e-06
18.33	0.000180099	0.000174412	5.6872e-06
18.34	0.000184029	0.00017825	5.77906e-06
18.35	0.000188045	0.000182173	5.8724e-06
18.36	0.000192149	0.000186182	5.96725e-06
18.37	0.000196342	0.000190278	6.06364e-06
18.38	0.000200627	0.000194465	6.16159e-06
18.39	0.000205005	0.000198744	6.26112e-06
18.4	0.000209479	0.000203117	6.36227e-06
18.41	0.000214051	0.000207586	6.46505e-06
18.42	0.000218722	0.000212153	6.5695e-06
18.43	0.000223495	0.00021682	6.67563e-06
18.44	0.000228373	0.000221589	6.78349e-06
18.45	0.000233357	0.000226464	6.89309e-06
18.46	0.00023845	0.000231445	7.00446e-06
18.47	0.000243654	0.000236536	7.11764e-06
18.48	0.000248971	0.000241739	7.23265e-06
18.49	0.000254405	0.000247056	7.34952e-06
18.5	0.000259957	0.000252489	7.46828e-06
18.51	0.000265631	0.000258042	7.58897e-06
18.52	0.000271428	0.000263717	7.71161e-06
18.53	0.000277352	0.000269516	7.83623e-06
18.54	0.000283406	0.000275443	7.96287e-06
18.55	0.000289591	0.0002815	8.09157e-06
18.56	0.000295912	0.000287689	8.22235e-06
18.57	0.00030237	0.000294015	8.35524e-06
18.58	0.000308969	0.000300479	8.49029e-06
18.59	0.000315713	0.000307085	8.62752e-06
18.6	0.000322604	0.000313837	8.76698e-06
18.61	0.000329645	0.000320736	8.9087e-06
18.62	0.000336839	0.000327787	9.05271e-06
18.63	0.000344191	0.000334992	9.19905e-06
18.64	0.000351704	0.000342356	9.34776e-06
18.65	0.00035938	0.000349881	9.49889e-06
18.66	0.000367224	0.000357571	9.65246e-06
18.67	0.000375239	0.00036543	9.80851e-06
18.68	0.000383429	0.000373462	9.9671e-06
18.69	0.000391798	0.00038167	1.01283e-05
18.7	0.000400349	0.000390057	1.0292e-05
18.71	0.000409088	0.000398629	1.04584e-05
18.72	0.000418017	0.000407389	1.06275e-05
18.73	0.00042714	0.000416341	1.07994e-05
18.74	0.000436463	0.000425489	1.0974e-05
18.75	0.00044599	0.000434838	1.11515e-05
18.76	0.000455724	0.000444392	1.13318e-05
18.77	0.000465671	0.000454156	1.15151e-05
18.78	0.000475835	0.000464134	1.17013e-05
18.79	0.000486221	0.00047433	1.18906e-05
18.8	0.000496834	0.000484751	1.20829e-05
18.81	0.000507678	0.000495399	1.22783e-05
18.82	0.000518759	0.000506282	1.24769e-05
18.83	0.000530081	0.000517402	1.26788e-05
18.84	0.000541651	0.000528767	1.28839e-05
18.85	0.000553473	0.000540381	1.30923e-05
18.86	0.000565554	0.00055225	1.33041e-05
18.87	0.000577898	0.000564379	1.35193e-05
18.88	0.000590511	0.000576773	1.3738e-05
18.89	0.0006034	0.00058944	1.39603e-05
18.9	0.00061657	0.000602384	1.41861e-05
18.91	0.000630027	0.000615612	1.44156e-05
18.92	0.000643779	0.00062913	1.46489e-05
18.93	0.00065783	0.000642944	1.48859e-05
18.94	0.000672188	0.000657061	1.51268e-05
18.95	0.000686859	0.000671487	1.53715e-05
18.96	0.00070185	0.00068623	1.56203e-05
18.97	0.000717169	0.000701296	1.58731e-05
18.98	0.000732822	0.000716692	1.61299e-05
18.99	0.000748816	0.000732425	1.6391e-05
19	0.00076516	0.000748504	1.66562e-05
19.01	0.00078186	0.000764934	1.69258e-05
19.02	0.000798925	0.000781725	1.71997e-05
19.03	0.000816362	0.000798883	1.74781e-05
19.04	0.000834179	0.000816418	1.7761e-05
19.05	0.000852385	0.000834337	1.80485e-05
19.06	0.000870989	0.000852648	1.83407e-05
19.07	0.000889998	0.000871361	1.86375e-05
19.08	0.000909423	0.000890484	1.89392e-05
19.09	0.000929271	0.000910025	1.92458e-05
19.1	0.000949552	0.000929995	1.95574e-05
19.11	0.000970276	0.000950402	1.9874e-05
19.12	0.000991452	0.000971256	2.01958e-05
19.13	0.00101309	0.000992567	2.05228e-05
19.14	0.0010352	0.00101435	2.0855e-05
19.15	0.00105779	0.0010366	2.11927e-05
19.16	0.00108088	0.00105934	2.15359e-05
19.17	0.00110447	0.00108258	2.18846e-05
19.18	0.00112857	0.00110633	2.22389e-05
19.19	0.0011532	0.0011306	2.25991e-05
19.2	0.00117837	0.0011554	2.2965e-05
19.21	0.00120408	0.00118075	2.33369e-05
19.22	0.00123036	0.00120665	2.37149e-05
19.23	0.00125721	0.00123311	2.40989e-05
19.24	0.00128465	0.00126016	2.44892e-05
19.25	0.00131268	0.0012878	2.48859e-05
19.26	0.00134133	0.00131604	2.52889e-05
19.27	0.0013706	0.0013449	2.56986e-05
19.28	0.00140051	0.0013744	2.61148e-05
19.29	0.00143107	0.00140454	2.65378e-05
19.3	0.0014623	0.00143534	2.69677e-05
19.31	0.00149421	0.00146681	2.74046e-05
19.32	0.00152682	0.00149897	2.78485e-05
19.33	0.00156014	0.00153184	2.82997e-05
19.34	0.00159418	0.00156542	2.87581e-05
19.35	0.00162897	0.00159975	2.92241e-05
19.36	0.00166452	0.00163482	2.96976e-05
19.37	0.00170084	0.00167066	3.01787e-05
19.38	0.00173795	0.00170728	3.06677e-05
19.39	0.00177587	0.00174471	3.11646e-05
19.4	0.00181462	0.00178296	3.16696e-05
19.41	0.00185422	0.00182204	3.21828e-05
19.42	0.00189468	0.00186198	3.27043e-05
19.43	0.00193602	0.00190279	3.32343e-05
19.44	0.00197826	0.00194449	3.37729e-05
19.45	0.00202143	0.00198711	3.43202e-05
19.46	0.00206554	0.00203066	3.48764e-05
19.47	0.0021106	0.00207516	3.54417e-05
19.48	0.00215666	0.00212064	3.60161e-05
19.49	0.00220371	0.00216711	3.65999e-05
19.5	0.00225179	0.0022146	3.71931e-05
19.51	0.00230092	0.00226313	3.7796e-05
19.52	0.00235112	0.00231272	3.84087e-05
19.53	0.00240242	0.00236339	3.90313e-05
19.54	0.00245484	0.00241517	3.9664e-05
19.55	0.00250839	0.00246809	4.0307e-05
19.56	0.00256312	0.00252216	4.09605e-05
19.57	0.00261904	0.00257741	4.16246e-05
19.58	0.00267618	0.00263388	4.22994e-05
19.59	0.00273456	0.00269158	4.29852e-05
19.6	0.00279422	0.00275054	4.36822e-05
19.61	0.00285518	0.00281079	4.43905e-05
19.62	0.00291747	0.00287236	4.51103e-05
19.63	0.00298111	0.00293527	4.58418e-05
19.64	0.00304615	0.00299956	4.65851e-05
19.65	0.0031126	0.00306526	4.73406e-05
19.66	0.0031805	0.00313239	4.81083e-05
19.67	0.00324988	0.00320099	4.88885e-05
19.68	0.00332078	0.00327109	4.96814e-05
19.69	0.00339322	0.00334273	5.04871e-05
19.7	0.00346723	0.00341593	5.1306e-05
19.71	0.00354287	0.00349073	5.21381e-05
19.72	0.00362015	0.00356717	5.29838e-05
19.73	0.00369912	0.00364527	5.38432e-05
19.74	0.0037798	0.00372509	5.47166e-05
19.75	0.00386225	0.00380665	5.56042e-05
19.76	0.0039465	0.00388999	5.65062e-05
19.77	0.00403258	0.00397515	5.74229e-05
19.78	0.00412053	0.00406218	5.83545e-05
19.79	0.00421041	0.00415111	5.93012e-05
19.8	0.00430224	0.00424198	6.02633e-05
19.81	0.00439608	0.00433484	6.1241e-05
19.82	0.00449196	0.00442973	6.22347e-05
19.83	0.00458993	0.00452669	6.32445e-05
19.84	0.00469004	0.00462577	6.42707e-05
19.85	0.00479233	0.00472701	6.53136e-05
19.86	0.00489685	0.00483047	6.63734e-05
19.87	0.00500364	0.00493619	6.74505e-05
19.88	0.00511277	0.00504422	6.85451e-05
19.89	0.00522427	0.00515461	6.96575e-05
19.9	0.0053382	0.00526741	7.07879e-05
19.91	0.00545462	0.00538268	7.19368e-05
19.92	0.00557357	0.00550047	7.31043e-05
19.93	0.00569512	0.00562083	7.42909e-05
19.94	0.00581931	0.00574381	7.54967e-05
19.95	0.00594621	0.00586949	7.67221e-05
19.96	0.00607588	0.00599791	7.79675e-05
19.97	0.00620837	0.00612914	7.92331e-05
19.98	0.00634375	0.00626323	8.05193e-05
19.99	0.00648208	0.00640025	8.18264e-05
