0.01   1e-05
0.02   2.00005e-05
0.03   3.00018e-05
0.04   4.00045e-05
0.05   5.00091e-05
0.06   6.00159e-05
0.07   7.00254e-05
0.08   8.00381e-05
0.09   9.00545e-05
0.1   0.000100075
0.11   0.0001101
0.12   0.00012013
0.13   0.000130165
0.14   0.000140207
0.15   0.000150254
0.16   0.000160309
0.17   0.000170371
0.18   0.00018044
0.19   0.000190518
0.2   0.000200604
0.21   0.0002107
0.22   0.000220805
0.23   0.00023092
0.24   0.000241045
0.25   0.000251182
0.26   0.000261329
0.27   0.000271489
0.28   0.000281661
0.29   0.000291846
0.3   0.000302044
0.31   0.000312256
0.32   0.000322482
0.33   0.000332722
0.34   0.000342978
0.35   0.000353249
0.36   0.000363537
0.37   0.00037384
0.38   0.000384161
0.39   0.000394499
0.4   0.000404855
0.41   0.00041523
0.42   0.000425623
0.43   0.000436036
0.44   0.000446468
0.45   0.000456921
0.46   0.000467394
0.47   0.000477889
0.48   0.000488405
0.49   0.000498944
0.5   0.000509505
0.51   0.000520089
0.52   0.000530697
0.53   0.000541329
0.54   0.000551985
0.55   0.000562667
0.56   0.000573374
0.57   0.000584107
0.58   0.000594866
0.59   0.000605653
0.6   0.000616467
0.61   0.000627309
0.62   0.00063818
0.63   0.000649079
0.64   0.000660008
0.65   0.000670967
0.66   0.000681956
0.67   0.000692977
0.68   0.000704028
0.69   0.000715112
0.7   0.000726228
0.71   0.000737377
0.72   0.00074856
0.73   0.000759776
0.74   0.000771027
0.75   0.000782313
0.76   0.000793635
0.77   0.000804992
0.78   0.000816387
0.79   0.000827818
0.8   0.000839286
0.81   0.000850793
0.82   0.000862339
0.83   0.000873923
0.84   0.000885547
0.85   0.000897212
0.86   0.000908917
0.87   0.000920663
0.88   0.000932451
0.89   0.000944282
0.9   0.000956155
0.91   0.000968072
0.92   0.000980032
0.93   0.000992037
0.94   0.00100409
0.95   0.00101618
0.96   0.00102832
0.97   0.00104051
0.98   0.00105275
0.99   0.00106503
1   0.00107736
1.01   0.00108975
1.02   0.00110218
1.03   0.00111466
1.04   0.00112719
1.05   0.00113977
1.06   0.0011524
1.07   0.00116509
1.08   0.00117783
1.09   0.00119062
1.1   0.00120346
1.11   0.00121637
1.12   0.00122932
1.13   0.00124233
1.14   0.0012554
1.15   0.00126853
1.16   0.00128171
1.17   0.00129495
1.18   0.00130825
1.19   0.00132161
1.2   0.00133503
1.21   0.00134851
1.22   0.00136205
1.23   0.00137565
1.24   0.00138932
1.25   0.00140305
1.26   0.00141684
1.27   0.00143069
1.28   0.00144462
1.29   0.0014586
1.3   0.00147265
1.31   0.00148677
1.32   0.00150096
1.33   0.00151522
1.34   0.00152954
1.35   0.00154393
1.36   0.0015584
1.37   0.00157293
1.38   0.00158754
1.39   0.00160222
1.4   0.00161697
1.41   0.00163179
1.42   0.00164669
1.43   0.00166166
1.44   0.00167671
1.45   0.00169183
1.46   0.00170703
1.47   0.00172231
1.48   0.00173767
1.49   0.0017531
1.5   0.00176862
1.51   0.00178421
1.52   0.00179989
1.53   0.00181565
1.54   0.00183149
1.55   0.00184741
1.56   0.00186342
1.57   0.00187951
1.58   0.00189569
1.59   0.00191195
1.6   0.0019283
1.61   0.00194474
1.62   0.00196126
1.63   0.00197788
1.64   0.00199458
1.65   0.00201138
1.66   0.00202826
1.67   0.00204524
1.68   0.00206231
1.69   0.00207948
1.7   0.00209674
1.71   0.00211409
1.72   0.00213154
1.73   0.00214909
1.74   0.00216673
1.75   0.00218447
1.76   0.00220232
1.77   0.00222026
1.78   0.0022383
1.79   0.00225644
1.8   0.00227469
1.81   0.00229304
1.82   0.00231149
1.83   0.00233005
1.84   0.00234872
1.85   0.00236749
1.86   0.00238637
1.87   0.00240535
1.88   0.00242445
1.89   0.00244366
1.9   0.00246297
1.91   0.0024824
1.92   0.00250194
1.93   0.0025216
1.94   0.00254137
1.95   0.00256125
1.96   0.00258125
1.97   0.00260137
1.98   0.00262161
1.99   0.00264196
2   0.00266244
2.01   0.00268303
2.02   0.00270375
2.03   0.00272459
2.04   0.00274555
2.05   0.00276664
2.06   0.00278786
2.07   0.0028092
2.08   0.00283067
2.09   0.00285226
2.1   0.00287399
2.11   0.00289584
2.12   0.00291783
2.13   0.00293995
2.14   0.00296221
2.15   0.00298459
2.16   0.00300712
2.17   0.00302978
2.18   0.00305258
2.19   0.00307551
2.2   0.00309859
2.21   0.0031218
2.22   0.00314516
2.23   0.00316866
2.24   0.00319231
2.25   0.0032161
2.26   0.00324003
2.27   0.00326411
2.28   0.00328834
2.29   0.00331272
2.3   0.00333725
2.31   0.00336194
2.32   0.00338677
2.33   0.00341176
2.34   0.0034369
2.35   0.0034622
2.36   0.00348765
2.37   0.00351327
2.38   0.00353904
2.39   0.00356498
2.4   0.00359107
2.41   0.00361733
2.42   0.00364375
2.43   0.00367034
2.44   0.0036971
2.45   0.00372402
2.46   0.00375111
2.47   0.00377837
2.48   0.00380581
2.49   0.00383341
2.5   0.00386119
2.51   0.00388915
2.52   0.00391728
2.53   0.00394559
2.54   0.00397408
2.55   0.00400275
2.56   0.0040316
2.57   0.00406063
2.58   0.00408985
2.59   0.00411925
2.6   0.00414884
2.61   0.00417862
2.62   0.00420859
2.63   0.00423875
2.64   0.0042691
2.65   0.00429965
2.66   0.00433039
2.67   0.00436132
2.68   0.00439246
2.69   0.00442379
2.7   0.00445533
2.71   0.00448707
2.72   0.00451901
2.73   0.00455115
2.74   0.00458351
2.75   0.00461607
2.76   0.00464884
2.77   0.00468182
2.78   0.00471501
2.79   0.00474842
2.8   0.00478204
2.81   0.00481588
2.82   0.00484994
2.83   0.00488422
2.84   0.00491872
2.85   0.00495344
2.86   0.00498839
2.87   0.00502357
2.88   0.00505897
2.89   0.0050946
2.9   0.00513047
2.91   0.00516656
2.92   0.00520289
2.93   0.00523946
2.94   0.00527627
2.95   0.00531331
2.96   0.0053506
2.97   0.00538812
2.98   0.0054259
2.99   0.00546392
3   0.00550218
3.01   0.0055407
3.02   0.00557947
3.03   0.00561849
3.04   0.00565776
3.05   0.0056973
3.06   0.00573709
3.07   0.00577714
3.08   0.00581746
3.09   0.00585803
3.1   0.00589888
3.11   0.00593999
3.12   0.00598137
3.13   0.00602302
3.14   0.00606495
3.15   0.00610715
3.16   0.00614963
3.17   0.00619239
3.18   0.00623543
3.19   0.00627875
3.2   0.00632235
3.21   0.00636625
3.22   0.00641043
3.23   0.0064549
3.24   0.00649967
3.25   0.00654473
3.26   0.00659009
3.27   0.00663575
3.28   0.00668171
3.29   0.00672797
3.3   0.00677453
3.31   0.00682141
3.32   0.00686859
3.33   0.00691609
3.34   0.0069639
3.35   0.00701202
3.36   0.00706047
3.37   0.00710923
3.38   0.00715832
3.39   0.00720773
3.4   0.00725747
3.41   0.00730754
3.42   0.00735794
3.43   0.00740867
3.44   0.00745974
3.45   0.00751115
3.46   0.0075629
3.47   0.00761499
3.48   0.00766743
3.49   0.00772022
3.5   0.00777335
3.51   0.00782684
3.52   0.00788069
3.53   0.00793489
3.54   0.00798945
3.55   0.00804438
3.56   0.00809967
3.57   0.00815533
3.58   0.00821135
3.59   0.00826775
3.6   0.00832453
3.61   0.00838168
3.62   0.00843922
3.63   0.00849713
3.64   0.00855544
3.65   0.00861413
3.66   0.00867321
3.67   0.00873268
3.68   0.00879255
3.69   0.00885283
3.7   0.0089135
3.71   0.00897457
3.72   0.00903606
3.73   0.00909795
3.74   0.00916026
3.75   0.00922298
3.76   0.00928612
3.77   0.00934969
3.78   0.00941367
3.79   0.00947809
3.8   0.00954293
3.81   0.00960821
3.82   0.00967392
3.83   0.00974008
3.84   0.00980667
3.85   0.00987371
3.86   0.0099412
3.87   0.0100091
3.88   0.0100775
3.89   0.0101464
3.9   0.0102157
3.91   0.0102855
3.92   0.0103557
3.93   0.0104264
3.94   0.0104976
3.95   0.0105693
3.96   0.0106414
3.97   0.010714
3.98   0.0107871
3.99   0.0108607
4   0.0109348
4.01   0.0110094
4.02   0.0110845
4.03   0.0111601
4.04   0.0112362
4.05   0.0113128
4.06   0.0113899
4.07   0.0114676
4.08   0.0115457
4.09   0.0116244
4.1   0.0117036
4.11   0.0117834
4.12   0.0118636
4.13   0.0119444
4.14   0.0120258
4.15   0.0121077
4.16   0.0121902
4.17   0.0122732
4.18   0.0123567
4.19   0.0124408
4.2   0.0125255
4.21   0.0126108
4.22   0.0126966
4.23   0.012783
4.24   0.01287
4.25   0.0129576
4.26   0.0130457
4.27   0.0131345
4.28   0.0132238
4.29   0.0133138
4.3   0.0134043
4.31   0.0134955
4.32   0.0135872
4.33   0.0136796
4.34   0.0137726
4.35   0.0138663
4.36   0.0139605
4.37   0.0140554
4.38   0.014151
4.39   0.0142471
4.4   0.014344
4.41   0.0144414
4.42   0.0145396
4.43   0.0146383
4.44   0.0147378
4.45   0.0148379
4.46   0.0149387
4.47   0.0150402
4.48   0.0151423
4.49   0.0152452
4.5   0.0153487
4.51   0.0154529
4.52   0.0155579
4.53   0.0156635
4.54   0.0157699
4.55   0.0158769
4.56   0.0159847
4.57   0.0160932
4.58   0.0162025
4.59   0.0163124
4.6   0.0164231
4.61   0.0165346
4.62   0.0166468
4.63   0.0167598
4.64   0.0168735
4.65   0.016988
4.66   0.0171033
4.67   0.0172193
4.68   0.0173361
4.69   0.0174538
4.7   0.0175722
4.71   0.0176914
4.72   0.0178114
4.73   0.0179322
4.74   0.0180538
4.75   0.0181762
4.76   0.0182995
4.77   0.0184236
4.78   0.0185485
4.79   0.0186743
4.8   0.0188009
4.81   0.0189284
4.82   0.0190567
4.83   0.0191859
4.84   0.019316
4.85   0.019447
4.86   0.0195788
4.87   0.0197115
4.88   0.0198451
4.89   0.0199796
4.9   0.0201151
4.91   0.0202514
4.92   0.0203887
4.93   0.0205268
4.94   0.0206659
4.95   0.020806
4.96   0.020947
4.97   0.0210889
4.98   0.0212318
4.99   0.0213757
5   0.0215205
5.01   0.0216663
5.02   0.0218131
5.03   0.0219609
5.04   0.0221097
5.05   0.0222595
5.06   0.0224103
5.07   0.0225621
5.08   0.0227149
5.09   0.0228688
5.1   0.0230237
5.11   0.0231796
5.12   0.0233366
5.13   0.0234947
5.14   0.0236538
5.15   0.023814
5.16   0.0239753
5.17   0.0241377
5.18   0.0243011
5.19   0.0244657
5.2   0.0246314
5.21   0.0247982
5.22   0.0249661
5.23   0.0251351
5.24   0.0253053
5.25   0.0254767
5.26   0.0256492
5.27   0.0258228
5.28   0.0259977
5.29   0.0261737
5.3   0.0263509
5.31   0.0265293
5.32   0.0267089
5.33   0.0268897
5.34   0.0270717
5.35   0.027255
5.36   0.0274395
5.37   0.0276252
5.38   0.0278122
5.39   0.0280005
5.4   0.02819
5.41   0.0283808
5.42   0.0285729
5.43   0.0287663
5.44   0.028961
5.45   0.029157
5.46   0.0293544
5.47   0.029553
5.48   0.0297531
5.49   0.0299544
5.5   0.0301571
5.51   0.0303612
5.52   0.0305667
5.53   0.0307736
5.54   0.0309818
5.55   0.0311915
5.56   0.0314025
5.57   0.031615
5.58   0.031829
5.59   0.0320443
5.6   0.0322612
5.61   0.0324795
5.62   0.0326992
5.63   0.0329205
5.64   0.0331432
5.65   0.0333675
5.66   0.0335933
5.67   0.0338206
5.68   0.0340494
5.69   0.0342798
5.7   0.0345117
5.71   0.0347452
5.72   0.0349802
5.73   0.0352169
5.74   0.0354552
5.75   0.035695
5.76   0.0359365
5.77   0.0361796
5.78   0.0364244
5.79   0.0366708
5.8   0.0369189
5.81   0.0371686
5.82   0.0374201
5.83   0.0376732
5.84   0.037928
5.85   0.0381846
5.86   0.0384429
5.87   0.0387029
5.88   0.0389647
5.89   0.0392283
5.9   0.0394937
5.91   0.0397608
5.92   0.0400297
5.93   0.0403005
5.94   0.0405731
5.95   0.0408475
5.96   0.0411238
5.97   0.041402
5.98   0.041682
5.99   0.0419639
6   0.0422478
6.01   0.0425335
6.02   0.0428212
6.03   0.0431108
6.04   0.0434024
6.05   0.0436959
6.06   0.0439914
6.07   0.044289
6.08   0.0445885
6.09   0.0448901
6.1   0.0451937
6.11   0.0454993
6.12   0.045807
6.13   0.0461168
6.14   0.0464287
6.15   0.0467427
6.16   0.0470588
6.17   0.047377
6.18   0.0476974
6.19   0.04802
6.2   0.0483447
6.21   0.0486717
6.22   0.0490008
6.23   0.0493322
6.24   0.0496658
6.25   0.0500016
6.26   0.0503398
6.27   0.0506802
6.28   0.0510229
6.29   0.0513679
6.3   0.0517153
6.31   0.052065
6.32   0.0524171
6.33   0.0527715
6.34   0.0531284
6.35   0.0534876
6.36   0.0538493
6.37   0.0542134
6.38   0.05458
6.39   0.0549491
6.4   0.0553206
6.41   0.0556947
6.42   0.0560713
6.43   0.0564504
6.44   0.0568321
6.45   0.0572164
6.46   0.0576033
6.47   0.0579928
6.48   0.0583849
6.49   0.0587797
6.5   0.0591771
6.51   0.0595773
6.52   0.0599801
6.53   0.0603856
6.54   0.0607939
6.55   0.061205
6.56   0.0616188
6.57   0.0620354
6.58   0.0624549
6.59   0.0628772
6.6   0.0633023
6.61   0.0637303
6.62   0.0641612
6.63   0.064595
6.64   0.0650317
6.65   0.0654714
6.66   0.0659141
6.67   0.0663597
6.68   0.0668084
6.69   0.0672601
6.7   0.0677148
6.71   0.0681727
6.72   0.0686336
6.73   0.0690976
6.74   0.0695648
6.75   0.0700351
6.76   0.0705086
6.77   0.0709853
6.78   0.0714652
6.79   0.0719484
6.8   0.0724348
6.81   0.0729245
6.82   0.0734176
6.83   0.0739139
6.84   0.0744136
6.85   0.0749167
6.86   0.0754232
6.87   0.0759331
6.88   0.0764465
6.89   0.0769633
6.9   0.0774836
6.91   0.0780075
6.92   0.0785349
6.93   0.0790658
6.94   0.0796003
6.95   0.0801385
6.96   0.0806803
6.97   0.0812257
6.98   0.0817748
6.99   0.0823277
7   0.0828842
7.01   0.0834446
7.02   0.0840087
7.03   0.0845766
7.04   0.0851484
7.05   0.0857241
7.06   0.0863036
7.07   0.086887
7.08   0.0874744
7.09   0.0880658
7.1   0.0886611
7.11   0.0892605
7.12   0.0898639
7.13   0.0904715
7.14   0.0910831
7.15   0.0916988
7.16   0.0923187
7.17   0.0929428
7.18   0.0935711
7.19   0.0942037
7.2   0.0948405
7.21   0.0954817
7.22   0.0961272
7.23   0.096777
7.24   0.0974312
7.25   0.0980899
7.26   0.098753
7.27   0.0994206
7.28   0.100093
7.29   0.100769
7.3   0.101451
7.31   0.102136
7.32   0.102827
7.33   0.103522
7.34   0.104222
7.35   0.104926
7.36   0.105636
7.37   0.10635
7.38   0.107069
7.39   0.107792
7.4   0.108521
7.41   0.109255
7.42   0.109993
7.43   0.110737
7.44   0.111485
7.45   0.112239
7.46   0.112998
7.47   0.113762
7.48   0.114531
7.49   0.115305
7.5   0.116084
7.51   0.116869
7.52   0.117659
7.53   0.118454
7.54   0.119255
7.55   0.120061
7.56   0.120873
7.57   0.12169
7.58   0.122513
7.59   0.123341
7.6   0.124175
7.61   0.125014
7.62   0.125859
7.63   0.12671
7.64   0.127566
7.65   0.128429
7.66   0.129297
7.67   0.130171
7.68   0.131051
7.69   0.131937
7.7   0.132829
7.71   0.133727
7.72   0.13463
7.73   0.135541
7.74   0.136457
7.75   0.137379
7.76   0.138308
7.77   0.139243
7.78   0.140184
7.79   0.141132
7.8   0.142086
7.81   0.143046
7.82   0.144013
7.83   0.144987
7.84   0.145967
7.85   0.146953
7.86   0.147947
7.87   0.148947
7.88   0.149954
7.89   0.150967
7.9   0.151988
7.91   0.153015
7.92   0.15405
7.93   0.155091
7.94   0.156139
7.95   0.157195
7.96   0.158257
7.97   0.159327
7.98   0.160404
7.99   0.161488
8   0.16258
8.01   0.163679
8.02   0.164785
8.03   0.165899
8.04   0.167021
8.05   0.16815
8.06   0.169286
8.07   0.170431
8.08   0.171583
8.09   0.172743
8.1   0.17391
8.11   0.175086
8.12   0.176269
8.13   0.177461
8.14   0.17866
8.15   0.179868
8.16   0.181084
8.17   0.182308
8.18   0.18354
8.19   0.184781
8.2   0.18603
8.21   0.187287
8.22   0.188553
8.23   0.189828
8.24   0.191111
8.25   0.192403
8.26   0.193704
8.27   0.195013
8.28   0.196331
8.29   0.197658
8.3   0.198994
8.31   0.200339
8.32   0.201694
8.33   0.203057
8.34   0.20443
8.35   0.205811
8.36   0.207203
8.37   0.208603
8.38   0.210013
8.39   0.211433
8.4   0.212862
8.41   0.214301
8.42   0.21575
8.43   0.217208
8.44   0.218676
8.45   0.220154
8.46   0.221642
8.47   0.223141
8.48   0.224649
8.49   0.226168
8.5   0.227696
8.51   0.229235
8.52   0.230785
8.53   0.232345
8.54   0.233916
8.55   0.235497
8.56   0.237089
8.57   0.238691
8.58   0.240305
8.59   0.241929
8.6   0.243564
8.61   0.245211
8.62   0.246868
8.63   0.248537
8.64   0.250217
8.65   0.251908
8.66   0.253611
8.67   0.255325
8.68   0.257051
8.69   0.258789
8.7   0.260538
8.71   0.262299
8.72   0.264072
8.73   0.265857
8.74   0.267654
8.75   0.269463
8.76   0.271285
8.77   0.273118
8.78   0.274965
8.79   0.276823
8.8   0.278694
8.81   0.280578
8.82   0.282475
8.83   0.284384
8.84   0.286307
8.85   0.288242
8.86   0.29019
8.87   0.292152
8.88   0.294126
8.89   0.296115
8.9   0.298116
8.91   0.300131
8.92   0.30216
8.93   0.304202
8.94   0.306259
8.95   0.308329
8.96   0.310413
8.97   0.312511
8.98   0.314624
8.99   0.31675
9   0.318891
9.01   0.321047
9.02   0.323217
9.03   0.325402
9.04   0.327601
9.05   0.329816
9.06   0.332045
9.07   0.33429
9.08   0.336549
9.09   0.338824
9.1   0.341114
9.11   0.34342
9.12   0.345741
9.13   0.348079
9.14   0.350431
9.15   0.3528
9.16   0.355185
9.17   0.357586
9.18   0.360003
9.19   0.362436
9.2   0.364886
9.21   0.367352
9.22   0.369836
9.23   0.372335
9.24   0.374852
9.25   0.377386
9.26   0.379937
9.27   0.382505
9.28   0.385091
9.29   0.387694
9.3   0.390314
9.31   0.392953
9.32   0.395609
9.33   0.398283
9.34   0.400975
9.35   0.403685
9.36   0.406414
9.37   0.409161
9.38   0.411927
9.39   0.414711
9.4   0.417514
9.41   0.420337
9.42   0.423178
9.43   0.426038
9.44   0.428918
9.45   0.431817
9.46   0.434736
9.47   0.437675
9.48   0.440633
9.49   0.443612
9.5   0.44661
9.51   0.449629
9.52   0.452668
9.53   0.455728
9.54   0.458808
9.55   0.46191
9.56   0.465032
9.57   0.468175
9.58   0.47134
9.59   0.474526
9.6   0.477733
9.61   0.480963
9.62   0.484214
9.63   0.487487
9.64   0.490782
9.65   0.494099
9.66   0.497439
9.67   0.500801
9.68   0.504187
9.69   0.507595
9.7   0.511026
9.71   0.51448
9.72   0.517958
9.73   0.521459
9.74   0.524983
9.75   0.528532
9.76   0.532105
9.77   0.535701
9.78   0.539322
9.79   0.542968
9.8   0.546638
9.81   0.550333
9.82   0.554053
9.83   0.557798
9.84   0.561568
9.85   0.565364
9.86   0.569186
9.87   0.573033
9.88   0.576906
9.89   0.580806
9.9   0.584732
9.91   0.588684
9.92   0.592664
9.93   0.59667
9.94   0.600703
9.95   0.604763
9.96   0.608851
9.97   0.612966
9.98   0.61711
9.99   0.621281
10   0.625481
10.01   0.629708
10.02   0.633965
10.03   0.63825
10.04   0.642564
10.05   0.646908
10.06   0.65128
10.07   0.655683
10.08   0.660115
10.09   0.664577
10.1   0.669069
10.11   0.673591
10.12   0.678144
10.13   0.682728
10.14   0.687343
10.15   0.691989
10.16   0.696667
10.17   0.701376
10.18   0.706117
10.19   0.710889
10.2   0.715695
10.21   0.720532
10.22   0.725403
10.23   0.730306
10.24   0.735242
10.25   0.740212
10.26   0.745216
10.27   0.750253
10.28   0.755324
10.29   0.76043
10.3   0.76557
10.31   0.770745
10.32   0.775954
10.33   0.781199
10.34   0.78648
10.35   0.791796
10.36   0.797148
10.37   0.802536
10.38   0.807961
10.39   0.813422
10.4   0.81892
10.41   0.824456
10.42   0.830029
10.43   0.835639
10.44   0.841288
10.45   0.846974
10.46   0.852699
10.47   0.858463
10.48   0.864266
10.49   0.870108
10.5   0.875989
10.51   0.88191
10.52   0.887871
10.53   0.893873
10.54   0.899915
10.55   0.905998
10.56   0.912122
10.57   0.918287
10.58   0.924494
10.59   0.930743
10.6   0.937035
10.61   0.943368
10.62   0.949745
10.63   0.956165
10.64   0.962628
10.65   0.969135
10.66   0.975685
10.67   0.98228
10.68   0.98892
10.69   0.995605
10.7   1.00233
10.71   1.00911
10.72   1.01593
10.73   1.0228
10.74   1.02971
10.75   1.03667
10.76   1.04368
10.77   1.05073
10.78   1.05784
10.79   1.06499
10.8   1.07218
10.81   1.07943
10.82   1.08673
10.83   1.09407
10.84   1.10147
10.85   1.10891
10.86   1.11641
10.87   1.12396
10.88   1.13155
10.89   1.1392
10.9   1.1469
10.91   1.15465
10.92   1.16246
10.93   1.17032
10.94   1.17823
10.95   1.18619
10.96   1.19421
10.97   1.20228
10.98   1.21041
10.99   1.21859
11   1.22683
11.01   1.23512
11.02   1.24347
11.03   1.25187
11.04   1.26034
11.05   1.26885
11.06   1.27743
11.07   1.28607
11.08   1.29476
11.09   1.30351
11.1   1.31232
11.11   1.32119
11.12   1.33012
11.13   1.33911
11.14   1.34817
11.15   1.35728
11.16   1.36645
11.17   1.37569
11.18   1.38499
11.19   1.39435
11.2   1.40377
11.21   1.41326
11.22   1.42282
11.23   1.43243
11.24   1.44212
11.25   1.45186
11.26   1.46168
11.27   1.47156
11.28   1.4815
11.29   1.49152
11.3   1.5016
11.31   1.51175
11.32   1.52197
11.33   1.53226
11.34   1.54261
11.35   1.55304
11.36   1.56354
11.37   1.57411
11.38   1.58475
11.39   1.59546
11.4   1.60624
11.41   1.6171
11.42   1.62803
11.43   1.63904
11.44   1.65011
11.45   1.66127
11.46   1.6725
11.47   1.6838
11.48   1.69518
11.49   1.70664
11.5   1.71818
11.51   1.72979
11.52   1.74148
11.53   1.75326
11.54   1.76511
11.55   1.77704
11.56   1.78905
11.57   1.80114
11.58   1.81332
11.59   1.82557
11.6   1.83791
11.61   1.85034
11.62   1.86284
11.63   1.87544
11.64   1.88811
11.65   1.90087
11.66   1.91372
11.67   1.92666
11.68   1.93968
11.69   1.95279
11.7   1.96599
11.71   1.97928
11.72   1.99266
11.73   2.00613
11.74   2.01969
11.75   2.03334
11.76   2.04709
11.77   2.06092
11.78   2.07485
11.79   2.08888
11.8   2.103
11.81   2.11721
11.82   2.13152
11.83   2.14593
11.84   2.16044
11.85   2.17504
11.86   2.18974
11.87   2.20454
11.88   2.21945
11.89   2.23445
11.9   2.24955
11.91   2.26476
11.92   2.28006
11.93   2.29548
11.94   2.31099
11.95   2.32661
11.96   2.34234
11.97   2.35817
11.98   2.37411
11.99   2.39016
12   2.40632
12.01   2.42258
12.02   2.43896
12.03   2.45544
12.04   2.47204
12.05   2.48875
12.06   2.50557
12.07   2.52251
12.08   2.53956
12.09   2.55672
12.1   2.57401
12.11   2.59141
12.12   2.60892
12.13   2.62656
12.14   2.64431
12.15   2.66218
12.16   2.68018
12.17   2.6983
12.18   2.71653
12.19   2.7349
12.2   2.75338
12.21   2.77199
12.22   2.79073
12.23   2.80959
12.24   2.82859
12.25   2.84771
12.26   2.86695
12.27   2.88633
12.28   2.90584
12.29   2.92548
12.3   2.94526
12.31   2.96517
12.32   2.98521
12.33   3.00539
12.34   3.0257
12.35   3.04615
12.36   3.06675
12.37   3.08747
12.38   3.10834
12.39   3.12935
12.4   3.15051
12.41   3.1718
12.42   3.19324
12.43   3.21483
12.44   3.23656
12.45   3.25843
12.46   3.28046
12.47   3.30263
12.48   3.32496
12.49   3.34743
12.5   3.37006
12.51   3.39284
12.52   3.41577
12.53   3.43886
12.54   3.4621
12.55   3.48551
12.56   3.50907
12.57   3.53279
12.58   3.55666
12.59   3.58071
12.6   3.60491
12.61   3.62928
12.62   3.65381
12.63   3.67851
12.64   3.70337
12.65   3.7284
12.66   3.7536
12.67   3.77898
12.68   3.80452
12.69   3.83024
12.7   3.85613
12.71   3.88219
12.72   3.90843
12.73   3.93485
12.74   3.96145
12.75   3.98823
12.76   4.01518
12.77   4.04232
12.78   4.06965
12.79   4.09716
12.8   4.12485
12.81   4.15273
12.82   4.1808
12.83   4.20906
12.84   4.23751
12.85   4.26615
12.86   4.29499
12.87   4.32402
12.88   4.35325
12.89   4.38268
12.9   4.4123
12.91   4.44212
12.92   4.47215
12.93   4.50238
12.94   4.53281
12.95   4.56345
12.96   4.5943
12.97   4.62535
12.98   4.65662
12.99   4.68809
13   4.71978
13.01   4.75169
13.02   4.7838
13.03   4.81614
13.04   4.84869
13.05   4.88147
13.06   4.91446
13.07   4.94768
13.08   4.98113
13.09   5.0148
13.1   5.04869
13.11   5.08282
13.12   5.11718
13.13   5.15176
13.14   5.18659
13.15   5.22165
13.16   5.25694
13.17   5.29247
13.18   5.32825
13.19   5.36426
13.2   5.40052
13.21   5.43703
13.22   5.47378
13.23   5.51078
13.24   5.54803
13.25   5.58553
13.26   5.62328
13.27   5.66129
13.28   5.69956
13.29   5.73809
13.3   5.77687
13.31   5.81592
13.32   5.85523
13.33   5.89481
13.34   5.93466
13.35   5.97477
13.36   6.01516
13.37   6.05581
13.38   6.09675
13.39   6.13796
13.4   6.17945
13.41   6.22122
13.42   6.26327
13.43   6.3056
13.44   6.34823
13.45   6.39114
13.46   6.43434
13.47   6.47783
13.48   6.52162
13.49   6.5657
13.5   6.61008
13.51   6.65476
13.52   6.69974
13.53   6.74503
13.54   6.79062
13.55   6.83652
13.56   6.88273
13.57   6.92925
13.58   6.97609
13.59   7.02324
13.6   7.07072
13.61   7.11851
13.62   7.16663
13.63   7.21507
13.64   7.26384
13.65   7.31294
13.66   7.36237
13.67   7.41214
13.68   7.46224
13.69   7.51268
13.7   7.56346
13.71   7.61458
13.72   7.66605
13.73   7.71787
13.74   7.77004
13.75   7.82256
13.76   7.87544
13.77   7.92867
13.78   7.98226
13.79   8.03622
13.8   8.09054
13.81   8.14522
13.82   8.20028
13.83   8.25571
13.84   8.31151
13.85   8.36769
13.86   8.42425
13.87   8.4812
13.88   8.53853
13.89   8.59624
13.9   8.65435
13.91   8.71284
13.92   8.77174
13.93   8.83103
13.94   8.89072
13.95   8.95082
13.96   9.01132
13.97   9.07223
13.98   9.13355
13.99   9.19529
14   9.25745
14.01   9.31824
14.02   9.37765
14.03   9.43569
14.04   9.49233
14.05   9.54758
14.06   9.60141
14.07   9.65384
14.08   9.70484
14.09   9.75441
14.1   9.80254
14.11   9.84922
14.12   9.89446
14.13   9.93824
14.14   9.98055
14.15   10.0214
14.16   10.0608
14.17   10.0986
14.18   10.135
14.19   10.1699
14.2   10.2033
14.21   10.2352
14.22   10.2656
14.23   10.2945
14.24   10.3218
14.25   10.3477
14.26   10.372
14.27   10.3948
14.28   10.416
14.29   10.4357
14.3   10.4539
14.31   10.4706
14.32   10.4856
14.33   10.4992
14.34   10.5112
14.35   10.5216
14.36   10.5305
14.37   10.5379
14.38   10.5437
14.39   10.5479
14.4   10.5506
14.41   10.5518
14.42   10.5513
14.43   10.5493
14.44   10.5458
14.45   10.5407
14.46   10.5341
14.47   10.5259
14.48   10.5161
14.49   10.5049
14.5   10.492
14.51   10.4776
14.52   10.4617
14.53   10.4442
14.54   10.4252
14.55   10.4046
14.56   10.3826
14.57   10.3589
14.58   10.3338
14.59   10.3071
14.6   10.2789
14.61   10.2492
14.62   10.218
14.63   10.1853
14.64   10.1511
14.65   10.1154
14.66   10.0782
14.67   10.0395
14.68   9.99932
14.69   9.95768
14.7   9.91457
14.71   9.87
14.72   9.82397
14.73   9.77649
14.74   9.72758
14.75   9.67723
14.76   9.62545
14.77   9.57226
14.78   9.51765
14.79   9.46164
14.8   9.40424
14.81   9.34545
14.82   9.28529
14.83   9.22375
14.84   9.16086
14.85   9.09661
14.86   9.03103
14.87   8.96411
14.88   8.89587
14.89   8.82633
14.9   8.75548
14.91   8.68334
14.92   8.60992
14.93   8.53523
14.94   8.45928
14.95   8.38209
14.96   8.30366
14.97   8.22401
14.98   8.14314
14.99   8.06108
15   7.97782
15.01   7.8934
15.02   7.8078
15.03   7.72106
15.04   7.63318
15.05   7.54417
15.06   7.45406
15.07   7.36284
15.08   7.27054
15.09   7.17716
15.1   7.08273
15.11   6.98726
15.12   6.89075
15.13   6.79323
15.14   6.69471
15.15   6.5952
15.16   6.49472
15.17   6.39329
15.18   6.29091
15.19   6.1876
15.2   6.08338
15.21   5.97826
15.22   5.87227
15.23   5.7654
15.24   5.65769
15.25   5.54915
15.26   5.43978
15.27   5.32962
15.28   5.21867
15.29   5.10695
15.3   4.99447
15.31   4.88126
15.32   4.76733
15.33   4.6527
15.34   4.53739
15.35   4.4214
15.36   4.30476
15.37   4.18749
15.38   4.0696
15.39   3.95111
15.4   3.83204
15.41   3.71241
15.42   3.59222
15.43   3.47151
15.44   3.35029
15.45   3.22857
15.46   3.10638
15.47   2.98372
15.48   2.86063
15.49   2.73712
15.5   2.6132
15.51   2.4889
15.52   2.36423
15.53   2.23922
15.54   2.11387
15.55   1.98821
15.56   1.86226
15.57   1.73603
15.58   1.60955
15.59   1.48283
15.6   1.3559
15.61   1.22876
15.62   1.10144
15.63   0.973959
15.64   0.846334
15.65   0.718585
15.66   0.59073
15.67   0.462788
15.68   0.334778
15.69   0.206718
15.7   0.0786279
15.71   -0.0494738
15.72   -0.177568
15.73   -0.305637
15.74   -0.43366
15.75   -0.561619
15.76   -0.689496
15.77   -0.817271
15.78   -0.944925
15.79   -1.07244
15.8   -1.1998
15.81   -1.32698
15.82   -1.45396
15.83   -1.58073
15.84   -1.70727
15.85   -1.83356
15.86   -1.95957
15.87   -2.0853
15.88   -2.21072
15.89   -2.33581
15.9   -2.46056
15.91   -2.58495
15.92   -2.70895
15.93   -2.83256
15.94   -2.95575
15.95   -3.0785
15.96   -3.2008
15.97   -3.32263
15.98   -3.44397
15.99   -3.5648
16   -3.6851
16.01   -3.80486
16.02   -3.92407
16.03   -4.04269
16.04   -4.16072
16.05   -4.27813
16.06   -4.39491
16.07   -4.51105
16.08   -4.62652
16.09   -4.74131
16.1   -4.8554
16.11   -4.96877
16.12   -5.08141
16.13   -5.19331
16.14   -5.30443
16.15   -5.41478
16.16   -5.52433
16.17   -5.63306
16.18   -5.74096
16.19   -5.84802
16.2   -5.95422
16.21   -6.05953
16.22   -6.16396
16.23   -6.26747
16.24   -6.37007
16.25   -6.47172
16.26   -6.57242
16.27   -6.67215
16.28   -6.7709
16.29   -6.86865
16.3   -6.96539
16.31   -7.0611
16.32   -7.15577
16.33   -7.24938
16.34   -7.34193
16.35   -7.43339
16.36   -7.52376
16.37   -7.61302
16.38   -7.70116
16.39   -7.78816
16.4   -7.87402
16.41   -7.95871
16.42   -8.04223
16.43   -8.12457
16.44   -8.20571
16.45   -8.28564
16.46   -8.36435
16.47   -8.44182
16.48   -8.51805
16.49   -8.59303
16.5   -8.66674
16.51   -8.73917
16.52   -8.81032
16.53   -8.88016
16.54   -8.9487
16.55   -9.01592
16.56   -9.0818
16.57   -9.14635
16.58   -9.20956
16.59   -9.2714
16.6   -9.33188
16.61   -9.39098
16.62   -9.4487
16.63   -9.50503
16.64   -9.55995
16.65   -9.61347
16.66   -9.66557
16.67   -9.71624
16.68   -9.76549
16.69   -9.81329
16.7   -9.85965
16.71   -9.90455
16.72   -9.948
16.73   -9.98997
16.74   -10.0305
16.75   -10.0695
16.76   -10.1071
16.77   -10.1431
16.78   -10.1777
16.79   -10.2107
16.8   -10.2423
16.81   -10.2723
16.82   -10.3008
16.83   -10.3279
16.84   -10.3533
16.85   -10.3773
16.86   -10.3997
16.87   -10.4206
16.88   -10.44
16.89   -10.4578
16.9   -10.4741
16.91   -10.4889
16.92   -10.5021
16.93   -10.5137
16.94   -10.5238
16.95   -10.5324
16.96   -10.5394
16.97   -10.5448
16.98   -10.5487
16.99   -10.551
17   -10.5518
17.01   -10.551
17.02   -10.5487
17.03   -10.5448
17.04   -10.5394
17.05   -10.5324
17.06   -10.5238
17.07   -10.5137
17.08   -10.5021
17.09   -10.4889
17.1   -10.4741
17.11   -10.4578
17.12   -10.44
17.13   -10.4206
17.14   -10.3997
17.15   -10.3773
17.16   -10.3533
17.17   -10.3279
17.18   -10.3008
17.19   -10.2723
17.2   -10.2423
17.21   -10.2107
17.22   -10.1777
17.23   -10.1431
17.24   -10.1071
17.25   -10.0695
17.26   -10.0305
17.27   -9.98997
17.28   -9.948
17.29   -9.90455
17.3   -9.85965
17.31   -9.81329
17.32   -9.76549
17.33   -9.71624
17.34   -9.66557
17.35   -9.61347
17.36   -9.55995
17.37   -9.50503
17.38   -9.4487
17.39   -9.39098
17.4   -9.33188
17.41   -9.2714
17.42   -9.20956
17.43   -9.14635
17.44   -9.0818
17.45   -9.01592
17.46   -8.9487
17.47   -8.88016
17.48   -8.81032
17.49   -8.73917
17.5   -8.66674
17.51   -8.59303
17.52   -8.51805
17.53   -8.44182
17.54   -8.36435
17.55   -8.28564
17.56   -8.20571
17.57   -8.12457
17.58   -8.04223
17.59   -7.95871
17.6   -7.87402
17.61   -7.78816
17.62   -7.70116
17.63   -7.61302
17.64   -7.52376
17.65   -7.43339
17.66   -7.34193
17.67   -7.24938
17.68   -7.15577
17.69   -7.0611
17.7   -6.96539
17.71   -6.86865
17.72   -6.7709
17.73   -6.67215
17.74   -6.57242
17.75   -6.47172
17.76   -6.37007
17.77   -6.26747
17.78   -6.16396
17.79   -6.05953
17.8   -5.95422
17.81   -5.84802
17.82   -5.74096
17.83   -5.63306
17.84   -5.52433
17.85   -5.41478
17.86   -5.30443
17.87   -5.19331
17.88   -5.08141
17.89   -4.96877
17.9   -4.8554
17.91   -4.74131
17.92   -4.62652
17.93   -4.51105
17.94   -4.39491
17.95   -4.27813
17.96   -4.16072
17.97   -4.04269
17.98   -3.92407
17.99   -3.80486
18   -3.6851
18.01   -3.5648
18.02   -3.44397
18.03   -3.32263
18.04   -3.2008
18.05   -3.0785
18.06   -2.95575
18.07   -2.83256
18.08   -2.70895
18.09   -2.58495
18.1   -2.46056
18.11   -2.33581
18.12   -2.21072
18.13   -2.0853
18.14   -1.95957
18.15   -1.83356
18.16   -1.70727
18.17   -1.58073
18.18   -1.45396
18.19   -1.32698
18.2   -1.1998
18.21   -1.07244
18.22   -0.944925
18.23   -0.817271
18.24   -0.689496
18.25   -0.561619
18.26   -0.43366
18.27   -0.305637
18.28   -0.177568
18.29   -0.0494738
18.3   0.0786279
18.31   0.206718
18.32   0.334778
18.33   0.462788
18.34   0.59073
18.35   0.718585
18.36   0.846334
18.37   0.973959
18.38   1.10144
18.39   1.22876
18.4   1.3559
18.41   1.48283
18.42   1.60955
18.43   1.73603
18.44   1.86226
18.45   1.98821
18.46   2.11387
18.47   2.23922
18.48   2.36423
18.49   2.4889
18.5   2.6132
18.51   2.73712
18.52   2.86063
18.53   2.98372
18.54   3.10638
18.55   3.22857
18.56   3.35029
18.57   3.47151
18.58   3.59222
18.59   3.71241
18.6   3.83204
18.61   3.95111
18.62   4.0696
18.63   4.18749
18.64   4.30476
18.65   4.4214
18.66   4.53739
18.67   4.6527
18.68   4.76733
18.69   4.88126
18.7   4.99447
18.71   5.10695
18.72   5.21867
18.73   5.32962
18.74   5.43978
18.75   5.54915
18.76   5.65769
18.77   5.7654
18.78   5.87227
18.79   5.97826
18.8   6.08338
18.81   6.1876
18.82   6.29091
18.83   6.39329
18.84   6.49472
18.85   6.5952
18.86   6.69471
18.87   6.79323
18.88   6.89075
18.89   6.98726
18.9   7.08273
18.91   7.17716
18.92   7.27054
18.93   7.36284
18.94   7.45406
18.95   7.54417
18.96   7.63318
18.97   7.72106
18.98   7.8078
18.99   7.8934
19   7.97782
19.01   8.06108
19.02   8.14314
19.03   8.22401
19.04   8.30366
19.05   8.38209
19.06   8.45928
19.07   8.53523
19.08   8.60992
19.09   8.68334
19.1   8.75548
19.11   8.82633
19.12   8.89587
19.13   8.96411
19.14   9.03103
19.15   9.09661
19.16   9.16086
19.17   9.22375
19.18   9.28529
19.19   9.34545
19.2   9.40424
19.21   9.46164
19.22   9.51765
19.23   9.57226
19.24   9.62545
19.25   9.67723
19.26   9.72758
19.27   9.77649
19.28   9.82397
19.29   9.87
19.3   9.91457
19.31   9.95768
19.32   9.99932
19.33   10.0395
19.34   10.0782
19.35   10.1154
19.36   10.1511
19.37   10.1853
19.38   10.218
19.39   10.2492
19.4   10.2789
19.41   10.3071
19.42   10.3338
19.43   10.3589
19.44   10.3826
19.45   10.4046
19.46   10.4252
19.47   10.4442
19.48   10.4617
19.49   10.4776
19.5   10.492
19.51   10.5049
19.52   10.5161
19.53   10.5259
19.54   10.5341
19.55   10.5407
19.56   10.5458
19.57   10.5493
19.58   10.5513
19.59   10.5518
19.6   10.5506
19.61   10.5479
19.62   10.5437
19.63   10.5379
19.64   10.5305
19.65   10.5216
19.66   10.5112
19.67   10.4992
19.68   10.4856
19.69   10.4706
19.7   10.4539
19.71   10.4357
19.72   10.416
19.73   10.3948
19.74   10.372
19.75   10.3477
19.76   10.3218
19.77   10.2945
19.78   10.2656
19.79   10.2352
19.8   10.2033
19.81   10.1699
19.82   10.135
19.83   10.0986
19.84   10.0608
19.85   10.0214
19.86   9.98055
19.87   9.93824
19.88   9.89446
19.89   9.84922
19.9   9.80254
19.91   9.75441
19.92   9.70484
19.93   9.65384
19.94   9.60141
19.95   9.54758
19.96   9.49233
19.97   9.43569
19.98   9.37765
19.99   9.31824
20   9.25745
20.01   9.19529
20.02   9.13355
20.03   9.07223
20.04   9.01132
20.05   8.95082
20.06   8.89072
20.07   8.83103
20.08   8.77174
20.09   8.71284
20.1   8.65435
20.11   8.59624
20.12   8.53853
20.13   8.4812
20.14   8.42425
20.15   8.36769
20.16   8.31151
20.17   8.25571
20.18   8.20028
20.19   8.14522
20.2   8.09054
20.21   8.03622
20.22   7.98226
20.23   7.92867
20.24   7.87544
20.25   7.82256
20.26   7.77004
20.27   7.71787
20.28   7.66605
20.29   7.61458
20.3   7.56346
20.31   7.51268
20.32   7.46224
20.33   7.41214
20.34   7.36237
20.35   7.31294
20.36   7.26384
20.37   7.21507
20.38   7.16663
20.39   7.11851
20.4   7.07072
20.41   7.02324
20.42   6.97609
20.43   6.92925
20.44   6.88273
20.45   6.83652
20.46   6.79062
20.47   6.74503
20.48   6.69974
20.49   6.65476
20.5   6.61008
20.51   6.5657
20.52   6.52162
20.53   6.47783
20.54   6.43434
20.55   6.39114
20.56   6.34823
20.57   6.3056
20.58   6.26327
20.59   6.22122
20.6   6.17945
20.61   6.13796
20.62   6.09675
20.63   6.05581
20.64   6.01516
20.65   5.97477
20.66   5.93466
20.67   5.89481
20.68   5.85523
20.69   5.81592
20.7   5.77687
20.71   5.73809
20.72   5.69956
20.73   5.66129
20.74   5.62328
20.75   5.58553
20.76   5.54803
20.77   5.51078
20.78   5.47378
20.79   5.43703
20.8   5.40052
20.81   5.36426
20.82   5.32825
20.83   5.29247
20.84   5.25694
20.85   5.22165
20.86   5.18659
20.87   5.15176
20.88   5.11718
20.89   5.08282
20.9   5.04869
20.91   5.0148
20.92   4.98113
20.93   4.94768
20.94   4.91446
20.95   4.88147
20.96   4.84869
20.97   4.81614
20.98   4.7838
20.99   4.75169
21   4.71978
21.01   4.68809
21.02   4.65662
21.03   4.62535
21.04   4.5943
21.05   4.56345
21.06   4.53281
21.07   4.50238
21.08   4.47215
21.09   4.44212
21.1   4.4123
21.11   4.38268
21.12   4.35325
21.13   4.32402
21.14   4.29499
21.15   4.26615
21.16   4.23751
21.17   4.20906
21.18   4.1808
21.19   4.15273
21.2   4.12485
21.21   4.09716
21.22   4.06965
21.23   4.04232
21.24   4.01518
21.25   3.98823
21.26   3.96145
21.27   3.93485
21.28   3.90843
21.29   3.88219
21.3   3.85613
21.31   3.83024
21.32   3.80452
21.33   3.77898
21.34   3.7536
21.35   3.7284
21.36   3.70337
21.37   3.67851
21.38   3.65381
21.39   3.62928
21.4   3.60491
21.41   3.58071
21.42   3.55666
21.43   3.53279
21.44   3.50907
21.45   3.48551
21.46   3.4621
21.47   3.43886
21.48   3.41577
21.49   3.39284
21.5   3.37006
21.51   3.34743
21.52   3.32496
21.53   3.30263
21.54   3.28046
21.55   3.25843
21.56   3.23656
21.57   3.21483
21.58   3.19324
21.59   3.1718
21.6   3.15051
21.61   3.12935
21.62   3.10834
21.63   3.08747
21.64   3.06675
21.65   3.04615
21.66   3.0257
21.67   3.00539
21.68   2.98521
21.69   2.96517
21.7   2.94526
21.71   2.92548
21.72   2.90584
21.73   2.88633
21.74   2.86695
21.75   2.84771
21.76   2.82859
21.77   2.80959
21.78   2.79073
21.79   2.77199
21.8   2.75338
21.81   2.7349
21.82   2.71653
21.83   2.6983
21.84   2.68018
21.85   2.66218
21.86   2.64431
21.87   2.62656
21.88   2.60892
21.89   2.59141
21.9   2.57401
21.91   2.55672
21.92   2.53956
21.93   2.52251
21.94   2.50557
21.95   2.48875
21.96   2.47204
21.97   2.45544
21.98   2.43896
21.99   2.42258
22   2.40632
22.01   2.39016
22.02   2.37411
22.03   2.35817
22.04   2.34234
22.05   2.32661
22.06   2.31099
22.07   2.29548
22.08   2.28006
22.09   2.26476
22.1   2.24955
22.11   2.23445
22.12   2.21945
22.13   2.20454
22.14   2.18974
22.15   2.17504
22.16   2.16044
22.17   2.14593
22.18   2.13152
22.19   2.11721
22.2   2.103
22.21   2.08888
22.22   2.07485
22.23   2.06092
22.24   2.04709
22.25   2.03334
22.26   2.01969
22.27   2.00613
22.28   1.99266
22.29   1.97928
22.3   1.96599
22.31   1.95279
22.32   1.93968
22.33   1.92666
22.34   1.91372
22.35   1.90087
22.36   1.88811
22.37   1.87544
22.38   1.86284
22.39   1.85034
22.4   1.83791
22.41   1.82557
22.42   1.81332
22.43   1.80114
22.44   1.78905
22.45   1.77704
22.46   1.76511
22.47   1.75326
22.48   1.74148
22.49   1.72979
22.5   1.71818
22.51   1.70664
22.52   1.69518
22.53   1.6838
22.54   1.6725
22.55   1.66127
22.56   1.65011
22.57   1.63904
22.58   1.62803
22.59   1.6171
22.6   1.60624
22.61   1.59546
22.62   1.58475
22.63   1.57411
22.64   1.56354
22.65   1.55304
22.66   1.54261
22.67   1.53226
22.68   1.52197
22.69   1.51175
22.7   1.5016
22.71   1.49152
22.72   1.4815
22.73   1.47156
22.74   1.46168
22.75   1.45186
22.76   1.44212
22.77   1.43243
22.78   1.42282
22.79   1.41326
22.8   1.40377
22.81   1.39435
22.82   1.38499
22.83   1.37569
22.84   1.36645
22.85   1.35728
22.86   1.34817
22.87   1.33911
22.88   1.33012
22.89   1.32119
22.9   1.31232
22.91   1.30351
22.92   1.29476
22.93   1.28607
22.94   1.27743
22.95   1.26885
22.96   1.26034
22.97   1.25187
22.98   1.24347
22.99   1.23512
23   1.22683
23.01   1.21859
23.02   1.21041
23.03   1.20228
23.04   1.19421
23.05   1.18619
23.06   1.17823
23.07   1.17032
23.08   1.16246
23.09   1.15465
23.1   1.1469
23.11   1.1392
23.12   1.13155
23.13   1.12396
23.14   1.11641
23.15   1.10891
23.16   1.10147
23.17   1.09407
23.18   1.08673
23.19   1.07943
23.2   1.07218
23.21   1.06499
23.22   1.05784
23.23   1.05073
23.24   1.04368
23.25   1.03667
23.26   1.02971
23.27   1.0228
23.28   1.01593
23.29   1.00911
23.3   1.00233
23.31   0.995605
23.32   0.98892
23.33   0.98228
23.34   0.975685
23.35   0.969135
23.36   0.962628
23.37   0.956165
23.38   0.949745
23.39   0.943368
23.4   0.937035
23.41   0.930743
23.42   0.924494
23.43   0.918287
23.44   0.912122
23.45   0.905998
23.46   0.899915
23.47   0.893873
23.48   0.887871
23.49   0.88191
23.5   0.875989
23.51   0.870108
23.52   0.864266
23.53   0.858463
23.54   0.852699
23.55   0.846974
23.56   0.841288
23.57   0.835639
23.58   0.830029
23.59   0.824456
23.6   0.81892
23.61   0.813422
23.62   0.807961
23.63   0.802536
23.64   0.797148
23.65   0.791796
23.66   0.78648
23.67   0.781199
23.68   0.775954
23.69   0.770745
23.7   0.76557
23.71   0.76043
23.72   0.755324
23.73   0.750253
23.74   0.745216
23.75   0.740212
23.76   0.735242
23.77   0.730306
23.78   0.725403
23.79   0.720532
23.8   0.715695
23.81   0.710889
23.82   0.706117
23.83   0.701376
23.84   0.696667
23.85   0.691989
23.86   0.687343
23.87   0.682728
23.88   0.678144
23.89   0.673591
23.9   0.669069
23.91   0.664577
23.92   0.660115
23.93   0.655683
23.94   0.65128
23.95   0.646908
23.96   0.642564
23.97   0.63825
23.98   0.633965
23.99   0.629708
24   0.625481
24.01   0.621281
24.02   0.61711
24.03   0.612966
24.04   0.608851
24.05   0.604763
24.06   0.600703
24.07   0.59667
24.08   0.592664
24.09   0.588684
24.1   0.584732
24.11   0.580806
24.12   0.576906
24.13   0.573033
24.14   0.569186
24.15   0.565364
24.16   0.561568
24.17   0.557798
24.18   0.554053
24.19   0.550333
24.2   0.546638
24.21   0.542968
24.22   0.539322
24.23   0.535701
24.24   0.532105
24.25   0.528532
24.26   0.524983
24.27   0.521459
24.28   0.517958
24.29   0.51448
24.3   0.511026
24.31   0.507595
24.32   0.504187
24.33   0.500801
24.34   0.497439
24.35   0.494099
24.36   0.490782
24.37   0.487487
24.38   0.484214
24.39   0.480963
24.4   0.477733
24.41   0.474526
24.42   0.47134
24.43   0.468175
24.44   0.465032
24.45   0.46191
24.46   0.458808
24.47   0.455728
24.48   0.452668
24.49   0.449629
24.5   0.44661
24.51   0.443612
24.52   0.440633
24.53   0.437675
24.54   0.434736
24.55   0.431817
24.56   0.428918
24.57   0.426038
24.58   0.423178
24.59   0.420337
24.6   0.417514
24.61   0.414711
24.62   0.411927
24.63   0.409161
24.64   0.406414
24.65   0.403685
24.66   0.400975
24.67   0.398283
24.68   0.395609
24.69   0.392953
24.7   0.390314
24.71   0.387694
24.72   0.385091
24.73   0.382505
24.74   0.379937
24.75   0.377386
24.76   0.374852
24.77   0.372335
24.78   0.369836
24.79   0.367352
24.8   0.364886
24.81   0.362436
24.82   0.360003
24.83   0.357586
24.84   0.355185
24.85   0.3528
24.86   0.350431
24.87   0.348079
24.88   0.345741
24.89   0.34342
24.9   0.341114
24.91   0.338824
24.92   0.336549
24.93   0.33429
24.94   0.332045
24.95   0.329816
24.96   0.327601
24.97   0.325402
24.98   0.323217
24.99   0.321047
25   0.318891
25.01   0.31675
25.02   0.314624
25.03   0.312511
25.04   0.310413
25.05   0.308329
25.06   0.306259
25.07   0.304202
25.08   0.30216
25.09   0.300131
25.1   0.298116
25.11   0.296115
25.12   0.294126
25.13   0.292152
25.14   0.29019
25.15   0.288242
25.16   0.286306
25.17   0.284384
25.18   0.282475
25.19   0.280578
25.2   0.278694
25.21   0.276823
25.22   0.274965
25.23   0.273118
25.24   0.271285
25.25   0.269463
25.26   0.267654
25.27   0.265857
25.28   0.264072
25.29   0.262299
25.3   0.260538
25.31   0.258789
25.32   0.257051
25.33   0.255325
25.34   0.253611
25.35   0.251908
25.36   0.250217
25.37   0.248537
25.38   0.246868
25.39   0.245211
25.4   0.243564
25.41   0.241929
25.42   0.240305
25.43   0.238691
25.44   0.237088
25.45   0.235497
25.46   0.233915
25.47   0.232345
25.48   0.230785
25.49   0.229235
25.5   0.227696
25.51   0.226168
25.52   0.224649
25.53   0.223141
25.54   0.221642
25.55   0.220154
25.56   0.218676
25.57   0.217208
25.58   0.21575
25.59   0.214301
25.6   0.212862
25.61   0.211433
25.62   0.210013
25.63   0.208603
25.64   0.207203
25.65   0.205811
25.66   0.20443
25.67   0.203057
25.68   0.201694
25.69   0.200339
25.7   0.198994
25.71   0.197658
25.72   0.196331
25.73   0.195013
25.74   0.193704
25.75   0.192403
25.76   0.191111
25.77   0.189828
25.78   0.188553
25.79   0.187287
25.8   0.18603
25.81   0.184781
25.82   0.18354
25.83   0.182308
25.84   0.181084
25.85   0.179868
25.86   0.17866
25.87   0.177461
25.88   0.176269
25.89   0.175086
25.9   0.17391
25.91   0.172742
25.92   0.171583
25.93   0.170431
25.94   0.169286
25.95   0.16815
25.96   0.167021
25.97   0.165899
25.98   0.164785
25.99   0.163679
26   0.16258
26.01   0.161488
26.02   0.160404
26.03   0.159327
26.04   0.158257
26.05   0.157195
26.06   0.156139
26.07   0.155091
26.08   0.15405
26.09   0.153015
26.1   0.151988
26.11   0.150967
26.12   0.149954
26.13   0.148947
26.14   0.147947
26.15   0.146953
26.16   0.145967
26.17   0.144987
26.18   0.144013
26.19   0.143046
26.2   0.142086
26.21   0.141132
26.22   0.140184
26.23   0.139243
26.24   0.138308
26.25   0.137379
26.26   0.136457
26.27   0.135541
26.28   0.13463
26.29   0.133727
26.3   0.132829
26.31   0.131937
26.32   0.131051
26.33   0.130171
26.34   0.129297
26.35   0.128429
26.36   0.127566
26.37   0.12671
26.38   0.125859
26.39   0.125014
26.4   0.124175
26.41   0.123341
26.42   0.122513
26.43   0.12169
26.44   0.120873
26.45   0.120061
26.46   0.119255
26.47   0.118454
26.48   0.117659
26.49   0.116869
26.5   0.116084
26.51   0.115305
26.52   0.114531
26.53   0.113762
26.54   0.112998
26.55   0.112239
26.56   0.111485
26.57   0.110737
26.58   0.109993
26.59   0.109255
26.6   0.108521
26.61   0.107792
26.62   0.107069
26.63   0.10635
26.64   0.105636
26.65   0.104926
26.66   0.104222
26.67   0.103522
26.68   0.102827
26.69   0.102136
26.7   0.101451
26.71   0.100769
26.72   0.100093
26.73   0.0994206
26.74   0.098753
26.75   0.0980899
26.76   0.0974312
26.77   0.096777
26.78   0.0961271
26.79   0.0954817
26.8   0.0948405
26.81   0.0942037
26.82   0.0935711
26.83   0.0929428
26.84   0.0923187
26.85   0.0916988
26.86   0.091083
26.87   0.0904714
26.88   0.0898639
26.89   0.0892605
26.9   0.0886611
26.91   0.0880658
26.92   0.0874744
26.93   0.086887
26.94   0.0863036
26.95   0.085724
26.96   0.0851484
26.97   0.0845766
26.98   0.0840087
26.99   0.0834446
27   0.0828842
27.01   0.0823276
27.02   0.0817748
27.03   0.0812257
27.04   0.0806802
27.05   0.0801385
27.06   0.0796003
27.07   0.0790658
27.08   0.0785348
27.09   0.0780075
27.1   0.0774836
27.11   0.0769633
27.12   0.0764465
27.13   0.0759331
27.14   0.0754232
27.15   0.0749167
27.16   0.0744136
27.17   0.0739139
27.18   0.0734175
27.19   0.0729245
27.2   0.0724348
27.21   0.0719484
27.22   0.0714652
27.23   0.0709853
27.24   0.0705086
27.25   0.0700351
27.26   0.0695647
27.27   0.0690976
27.28   0.0686335
27.29   0.0681726
27.3   0.0677148
27.31   0.0672601
27.32   0.0668084
27.33   0.0663597
27.34   0.0659141
27.35   0.0654714
27.36   0.0650317
27.37   0.064595
27.38   0.0641612
27.39   0.0637303
27.4   0.0633023
27.41   0.0628771
27.42   0.0624549
27.43   0.0620354
27.44   0.0616188
27.45   0.061205
27.46   0.0607939
27.47   0.0603856
27.48   0.0599801
27.49   0.0595772
27.5   0.0591771
27.51   0.0587797
27.52   0.0583849
27.53   0.0579928
27.54   0.0576033
27.55   0.0572164
27.56   0.0568321
27.57   0.0564504
27.58   0.0560713
27.59   0.0556947
27.6   0.0553206
27.61   0.054949
27.62   0.05458
27.63   0.0542134
27.64   0.0538493
27.65   0.0534876
27.66   0.0531283
27.67   0.0527715
27.68   0.052417
27.69   0.052065
27.7   0.0517152
27.71   0.0513679
27.72   0.0510229
27.73   0.0506801
27.74   0.0503397
27.75   0.0500016
27.76   0.0496657
27.77   0.0493321
27.78   0.0490008
27.79   0.0486716
27.8   0.0483447
27.81   0.0480199
27.82   0.0476974
27.83   0.047377
27.84   0.0470587
27.85   0.0467426
27.86   0.0464286
27.87   0.0461168
27.88   0.045807
27.89   0.0454992
27.9   0.0451936
27.91   0.04489
27.92   0.0445884
27.93   0.0442889
27.94   0.0439914
27.95   0.0436959
27.96   0.0434023
27.97   0.0431107
27.98   0.0428211
27.99   0.0425334
28   0.0422477
28.01   0.0419639
28.02   0.041682
28.03   0.0414019
28.04   0.0411238
28.05   0.0408475
28.06   0.040573
28.07   0.0403005
28.08   0.0400297
28.09   0.0397607
28.1   0.0394936
28.11   0.0392283
28.12   0.0389647
28.13   0.0387029
28.14   0.0384428
28.15   0.0381845
28.16   0.037928
28.17   0.0376731
28.18   0.03742
28.19   0.0371686
28.2   0.0369188
28.21   0.0366707
28.22   0.0364243
28.23   0.0361796
28.24   0.0359364
28.25   0.035695
28.26   0.0354551
28.27   0.0352168
28.28   0.0349802
28.29   0.0347451
28.3   0.0345116
28.31   0.0342797
28.32   0.0340493
28.33   0.0338205
28.34   0.0335932
28.35   0.0333674
28.36   0.0331432
28.37   0.0329204
28.38   0.0326992
28.39   0.0324794
28.4   0.0322611
28.41   0.0320443
28.42   0.0318289
28.43   0.031615
28.44   0.0314025
28.45   0.0311914
28.46   0.0309817
28.47   0.0307735
28.48   0.0305666
28.49   0.0303612
28.5   0.0301571
28.51   0.0299543
28.52   0.029753
28.53   0.029553
28.54   0.0293543
28.55   0.029157
28.56   0.0289609
28.57   0.0287662
28.58   0.0285728
28.59   0.0283807
28.6   0.0281899
28.61   0.0280004
28.62   0.0278121
28.63   0.0276251
28.64   0.0274394
28.65   0.0272549
28.66   0.0270716
28.67   0.0268896
28.68   0.0267088
28.69   0.0265292
28.7   0.0263508
28.71   0.0261736
28.72   0.0259976
28.73   0.0258227
28.74   0.0256491
28.75   0.0254766
28.76   0.0253052
28.77   0.025135
28.78   0.024966
28.79   0.0247981
28.8   0.0246313
28.81   0.0244656
28.82   0.024301
28.83   0.0241376
28.84   0.0239752
28.85   0.0238139
28.86   0.0236537
28.87   0.0234946
28.88   0.0233365
28.89   0.0231795
28.9   0.0230236
28.91   0.0228687
28.92   0.0227148
28.93   0.022562
28.94   0.0224102
28.95   0.0222594
28.96   0.0221096
28.97   0.0219608
28.98   0.021813
28.99   0.0216662
29   0.0215204
29.01   0.0213756
29.02   0.0212317
29.03   0.0210888
29.04   0.0209469
29.05   0.0208059
29.06   0.0206658
29.07   0.0205267
29.08   0.0203885
29.09   0.0202513
29.1   0.020115
29.11   0.0199795
29.12   0.019845
29.13   0.0197114
29.14   0.0195787
29.15   0.0194468
29.16   0.0193159
29.17   0.0191858
29.18   0.0190566
29.19   0.0189283
29.2   0.0188008
29.21   0.0186742
29.22   0.0185484
29.23   0.0184235
29.24   0.0182994
29.25   0.0181761
29.26   0.0180537
29.27   0.017932
29.28   0.0178112
29.29   0.0176912
29.3   0.017572
29.31   0.0174536
29.32   0.017336
29.33   0.0172192
29.34   0.0171031
29.35   0.0169879
29.36   0.0168734
29.37   0.0167597
29.38   0.0166467
29.39   0.0165345
29.4   0.016423
29.41   0.0163123
29.42   0.0162023
29.43   0.0160931
29.44   0.0159846
29.45   0.0158768
29.46   0.0157697
29.47   0.0156634
29.48   0.0155577
29.49   0.0154528
29.5   0.0153486
29.51   0.015245
29.52   0.0151422
29.53   0.01504
29.54   0.0149386
29.55   0.0148378
29.56   0.0147376
29.57   0.0146382
29.58   0.0145394
29.59   0.0144413
29.6   0.0143438
29.61   0.014247
29.62   0.0141508
29.63   0.0140553
29.64   0.0139604
29.65   0.0138661
29.66   0.0137725
29.67   0.0136795
29.68   0.0135871
29.69   0.0134953
29.7   0.0134041
29.71   0.0133136
29.72   0.0132236
29.73   0.0131343
29.74   0.0130456
29.75   0.0129574
29.76   0.0128698
29.77   0.0127828
29.78   0.0126964
29.79   0.0126106
29.8   0.0125254
29.81   0.0124407
29.82   0.0123565
29.83   0.012273
29.84   0.01219
29.85   0.0121075
29.86   0.0120256
29.87   0.0119443
29.88   0.0118634
29.89   0.0117832
29.9   0.0117034
29.91   0.0116242
29.92   0.0115455
29.93   0.0114674
29.94   0.0113897
29.95   0.0113126
29.96   0.011236
29.97   0.0111599
29.98   0.0110843
29.99   0.0110092
30   0.0109346
30.01   0.0108605
30.02   0.0107869
30.03   0.0107138
30.04   0.0106412
30.05   0.0105691
30.06   0.0104974
30.07   0.0104262
30.08   0.0103555
30.09   0.0102852
30.1   0.0102155
30.11   0.0101462
30.12   0.0100773
30.13   0.0100089
30.14   0.00994097
30.15   0.00987348
30.16   0.00980644
30.17   0.00973985
30.18   0.00967369
30.19   0.00960798
30.2   0.0095427
30.21   0.00947785
30.22   0.00941344
30.23   0.00934945
30.24   0.00928588
30.25   0.00922274
30.26   0.00916002
30.27   0.00909771
30.28   0.00903581
30.29   0.00897432
30.3   0.00891325
30.31   0.00885257
30.32   0.0087923
30.33   0.00873243
30.34   0.00867295
30.35   0.00861387
30.36   0.00855517
30.37   0.00849687
30.38   0.00843895
30.39   0.00838142
30.4   0.00832426
30.41   0.00826748
30.42   0.00821108
30.43   0.00815505
30.44   0.00809939
30.45   0.0080441
30.46   0.00798917
30.47   0.00793461
30.48   0.0078804
30.49   0.00782656
30.5   0.00777307
30.51   0.00771993
30.52   0.00766714
30.53   0.0076147
30.54   0.0075626
30.55   0.00751085
30.56   0.00745944
30.57   0.00740837
30.58   0.00735763
30.59   0.00730723
30.6   0.00725716
30.61   0.00720742
30.62   0.00715801
30.63   0.00710892
30.64   0.00706015
30.65   0.00701171
30.66   0.00696358
30.67   0.00691577
30.68   0.00686827
30.69   0.00682108
30.7   0.0067742
30.71   0.00672764
30.72   0.00668137
30.73   0.00663541
30.74   0.00658975
30.75   0.00654439
30.76   0.00649933
30.77   0.00645456
30.78   0.00641008
30.79   0.0063659
30.8   0.006322
30.81   0.00627839
30.82   0.00623507
30.83   0.00619203
30.84   0.00614927
30.85   0.00610679
30.86   0.00606458
30.87   0.00602265
30.88   0.005981
30.89   0.00593962
30.9   0.0058985
30.91   0.00585765
30.92   0.00581707
30.93   0.00577676
30.94   0.0057367
30.95   0.00569691
30.96   0.00565737
30.97   0.00561809
30.98   0.00557907
30.99   0.0055403
31   0.00550178
31.01   0.00546351
31.02   0.00542549
31.03   0.00538771
31.04   0.00535018
31.05   0.00531289
31.06   0.00527585
31.07   0.00523904
31.08   0.00520247
31.09   0.00516613
31.1   0.00513004
31.11   0.00509417
31.12   0.00505853
31.13   0.00502313
31.14   0.00498795
31.15   0.004953
31.16   0.00491827
31.17   0.00488377
31.18   0.00484949
31.19   0.00481543
31.2   0.00478158
31.21   0.00474796
31.22   0.00471454
31.23   0.00468135
31.24   0.00464836
31.25   0.00461559
31.26   0.00458303
31.27   0.00455067
31.28   0.00451852
31.29   0.00448658
31.3   0.00445484
31.31   0.0044233
31.32   0.00439196
31.33   0.00436082
31.34   0.00432988
31.35   0.00429914
31.36   0.00426859
31.37   0.00423823
31.38   0.00420807
31.39   0.0041781
31.4   0.00414832
31.41   0.00411872
31.42   0.00408931
31.43   0.00406009
31.44   0.00403106
31.45   0.0040022
31.46   0.00397353
31.47   0.00394504
31.48   0.00391672
31.49   0.00388859
31.5   0.00386063
31.51   0.00383284
31.52   0.00380523
31.53   0.0037778
31.54   0.00375053
31.55   0.00372344
31.56   0.00369651
31.57   0.00366975
31.58   0.00364316
31.59   0.00361673
31.6   0.00359047
31.61   0.00356437
31.62   0.00353843
31.63   0.00351265
31.64   0.00348703
31.65   0.00346157
31.66   0.00343627
31.67   0.00341112
31.68   0.00338613
31.69   0.00336129
31.7   0.00333661
31.71   0.00331207
31.72   0.00328769
31.73   0.00326345
31.74   0.00323937
31.75   0.00321543
31.76   0.00319163
31.77   0.00316799
31.78   0.00314448
31.79   0.00312112
31.8   0.0030979
31.81   0.00307482
31.82   0.00305188
31.83   0.00302907
31.84   0.00300641
31.85   0.00298388
31.86   0.00296149
31.87   0.00293923
31.88   0.0029171
31.89   0.00289511
31.9   0.00287325
31.91   0.00285152
31.92   0.00282992
31.93   0.00280844
31.94   0.0027871
31.95   0.00276588
31.96   0.00274478
31.97   0.00272382
31.98   0.00270297
31.99   0.00268225
32   0.00266165
32.01   0.00264117
32.02   0.00262081
32.03   0.00260056
32.04   0.00258044
32.05   0.00256043
32.06   0.00254054
32.07   0.00252077
32.08   0.00250111
32.09   0.00248156
32.1   0.00246213
32.11   0.0024428
32.12   0.00242359
32.13   0.00240449
32.14   0.0023855
32.15   0.00236661
32.16   0.00234784
32.17   0.00232917
32.18   0.0023106
32.19   0.00229214
32.2   0.00227379
32.21   0.00225553
32.22   0.00223738
32.23   0.00221933
32.24   0.00220139
32.25   0.00218354
32.26   0.00216579
32.27   0.00214814
32.28   0.00213059
32.29   0.00211313
32.3   0.00209577
32.31   0.0020785
32.32   0.00206133
32.33   0.00204425
32.34   0.00202727
32.35   0.00201038
32.36   0.00199357
32.37   0.00197686
32.38   0.00196024
32.39   0.00194371
32.4   0.00192726
32.41   0.00191091
32.42   0.00189464
32.43   0.00187845
32.44   0.00186235
32.45   0.00184634
32.46   0.00183041
32.47   0.00181456
32.48   0.0017988
32.49   0.00178311
32.5   0.00176751
32.51   0.00175199
32.52   0.00173655
32.53   0.00172118
32.54   0.0017059
32.55   0.00169069
32.56   0.00167556
32.57   0.0016605
32.58   0.00164552
32.59   0.00163061
32.6   0.00161578
32.61   0.00160102
32.62   0.00158634
32.63   0.00157172
32.64   0.00155718
32.65   0.00154271
32.66   0.00152831
32.67   0.00151398
32.68   0.00149971
32.69   0.00148552
32.7   0.00147139
32.71   0.00145733
32.72   0.00144333
32.73   0.0014294
32.74   0.00141554
32.75   0.00140174
32.76   0.001388
32.77   0.00137433
32.78   0.00136071
32.79   0.00134716
32.8   0.00133367
32.81   0.00132025
32.82   0.00130688
32.83   0.00129357
32.84   0.00128032
32.85   0.00126713
32.86   0.00125399
32.87   0.00124091
32.88   0.00122789
32.89   0.00121493
32.9   0.00120202
32.91   0.00118916
32.92   0.00117636
32.93   0.00116361
32.94   0.00115091
32.95   0.00113827
32.96   0.00112568
32.97   0.00111314
32.98   0.00110065
32.99   0.00108821
33   0.00107581
33.01   0.00106347
33.02   0.00105118
33.03   0.00103893
33.04   0.00102673
33.05   0.00101458
33.06   0.00100247
33.07   0.000990412
33.08   0.000978396
33.09   0.000966425
33.1   0.000954497
33.11   0.000942612
33.12   0.000930771
33.13   0.000918971
33.14   0.000907213
33.15   0.000895497
33.16   0.000883821
33.17   0.000872185
33.18   0.000860589
33.19   0.000849032
33.2   0.000837513
33.21   0.000826032
33.22   0.000814589
33.23   0.000803183
33.24   0.000791813
33.25   0.000780479
33.26   0.000769181
33.27   0.000757917
33.28   0.000746688
33.29   0.000735493
33.3   0.000724331
33.31   0.000713202
33.32   0.000702105
33.33   0.000691041
33.34   0.000680007
33.35   0.000669005
33.36   0.000658033
33.37   0.00064709
33.38   0.000636177
33.39   0.000625293
33.4   0.000614438
33.41   0.00060361
33.42   0.00059281
33.43   0.000582036
33.44   0.000571289
33.45   0.000560568
33.46   0.000549872
33.47   0.000539201
33.48   0.000528555
33.49   0.000517933
33.5   0.000507334
33.51   0.000496758
33.52   0.000486205
33.53   0.000475674
33.54   0.000465164
33.55   0.000454676
33.56   0.000444208
33.57   0.00043376
33.58   0.000423332
33.59   0.000412923
33.6   0.000402533
33.61   0.000392162
33.62   0.000381808
33.63   0.000371471
33.64   0.000361151
33.65   0.000350848
33.66   0.00034056
33.67   0.000330288
33.68   0.000320031
33.69   0.000309789
33.7   0.00029956
33.71   0.000289345
33.72   0.000279144
33.73   0.000268955
33.74   0.000258778
33.75   0.000248613
33.76   0.000238459
33.77   0.000228316
33.78   0.000218183
33.79   0.000208061
33.8   0.000197947
33.81   0.000187843
33.82   0.000177747
33.83   0.000167659
33.84   0.000157579
33.85   0.000147506
33.86   0.00013744
33.87   0.00012738
33.88   0.000117326
33.89   0.000107277
33.9   9.72328e-05
33.91   8.71932e-05
33.92   7.71575e-05
33.93   6.71253e-05
33.94   5.70962e-05
33.95   4.70696e-05
33.96   3.70452e-05
33.97   2.70225e-05
33.98   1.7001e-05
33.99   6.98028e-06
34   -3.04013e-06
