0.06   -239.262
0.08   -237.498
0.1   -236.131
0.12   -234.996
0.14   -234.002
0.16   -233.094
0.18   -232.237
0.2   -231.409
0.22   -230.594
0.24   -229.78
0.26   -228.959
0.28   -228.126
0.3   -227.276
0.32   -226.405
0.34   -225.51
0.36   -224.591
0.38   -223.644
0.4   -222.669
0.42   -221.666
0.44   -220.632
0.46   -219.569
0.48   -218.475
0.5   -217.351
0.52   -216.196
0.54   -215.011
0.56   -213.796
0.58   -212.551
0.6   -211.277
0.62   -209.974
0.64   -208.643
0.66   -207.284
0.68   -205.898
0.7   -204.485
0.72   -203.047
0.74   -201.585
0.76   -200.099
0.78   -198.59
0.8   -197.059
0.82   -195.507
0.84   -193.936
0.86   -192.346
0.88   -190.738
0.9   -189.114
0.92   -187.475
0.94   -185.822
0.96   -184.156
0.98   -182.478
1   -180.79
1.02   -179.092
1.04   -177.386
1.06   -175.674
1.08   -173.955
1.1   -172.233
1.12   -170.507
1.14   -168.779
1.16   -167.049
1.18   -165.32
1.2   -163.593
1.22   -161.867
1.24   -160.145
1.26   -158.427
1.28   -156.714
1.3   -155.008
1.32   -153.309
1.34   -151.617
1.36   -149.935
1.38   -148.262
1.4   -146.599
1.42   -144.947
1.44   -143.306
1.46   -141.678
1.48   -140.062
1.5   -138.459
1.52   -136.87
1.54   -135.295
1.56   -133.733
1.58   -132.187
1.6   -130.655
1.62   -129.137
1.64   -127.635
1.66   -126.148
1.68   -124.675
1.7   -123.218
1.72   -121.776
1.74   -120.349
1.76   -118.936
1.78   -117.538
1.8   -116.155
1.82   -114.785
1.84   -113.43
1.86   -112.088
1.88   -110.759
1.9   -109.443
1.92   -108.14
1.94   -106.849
1.96   -105.57
1.98   -104.301
2   -103.044
2.02   -101.798
2.04   -100.561
2.06   -99.3338
2.08   -98.1158
2.1   -96.9064
2.12   -95.7053
2.14   -94.512
2.16   -93.3261
2.18   -92.1471
2.2   -90.9746
2.22   -89.8083
2.24   -88.6478
2.26   -87.4926
2.28   -86.3426
2.3   -85.1972
2.32   -84.0563
2.34   -82.9196
2.36   -81.7868
2.38   -80.6576
2.4   -79.532
2.42   -78.4096
2.44   -77.2903
2.46   -76.1741
2.48   -75.0608
2.5   -73.9503
2.52   -72.8426
2.54   -71.7377
2.56   -70.6356
2.58   -69.5362
2.6   -68.4398
2.62   -67.3462
2.64   -66.2558
2.66   -65.1684
2.68   -64.0845
2.7   -63.004
2.72   -61.9272
2.74   -60.8542
2.76   -59.7854
2.78   -58.7209
2.8   -57.6611
2.82   -56.6061
2.84   -55.5563
2.86   -54.5119
2.88   -53.4733
2.9   -52.4407
2.92   -51.4146
2.94   -50.3951
2.96   -49.3826
2.98   -48.3774
3   -47.38
3.02   -46.3905
3.04   -45.4093
3.06   -44.4368
3.08   -43.4733
3.1   -42.519
3.12   -41.5743
3.14   -40.6395
3.16   -39.7148
3.18   -38.8006
3.2   -37.8971
3.22   -37.0046
3.24   -36.1233
3.26   -35.2535
3.28   -34.3954
3.3   -33.5492
3.32   -32.7152
3.34   -31.8935
3.36   -31.0842
3.38   -30.2876
3.4   -29.5037
3.42   -28.7328
3.44   -27.9749
3.46   -27.2301
3.48   -26.4985
3.5   -25.7802
3.52   -25.0753
3.54   -24.3836
3.56   -23.7054
3.58   -23.0406
3.6   -22.3892
3.62   -21.7512
3.64   -21.1265
3.66   -20.5152
3.68   -19.9171
3.7   -19.3322
3.72   -18.7605
3.74   -18.2017
3.76   -17.656
3.78   -17.123
3.8   -16.6028
3.82   -16.0951
3.84   -15.5999
3.86   -15.117
3.88   -14.6463
3.9   -14.1876
3.92   -13.7408
3.94   -13.3056
3.96   -12.8819
3.98   -12.4696
4   -12.0684
4.02   -11.6782
4.04   -11.2987
4.06   -10.9298
4.08   -10.5714
4.1   -10.2231
4.12   -9.88474
4.14   -9.55622
4.16   -9.23728
4.18   -8.92774
4.2   -8.62738
4.22   -8.336
4.24   -8.05341
4.26   -7.77939
4.28   -7.51376
4.3   -7.25631
4.32   -7.00684
4.34   -6.76516
4.36   -6.53108
4.38   -6.30439
4.4   -6.08491
4.42   -5.87246
4.44   -5.66684
4.46   -5.46787
4.48   -5.27538
4.5   -5.08918
4.52   -4.9091
4.54   -4.73496
4.56   -4.56661
4.58   -4.40387
4.6   -4.24657
4.62   -4.09457
4.64   -3.9477
4.66   -3.80581
4.68   -3.66875
4.7   -3.53637
4.72   -3.40854
4.74   -3.28511
4.76   -3.16594
4.78   -3.0509
4.8   -2.93986
4.82   -2.8327
4.84   -2.72929
4.86   -2.6295
4.88   -2.53323
4.9   -2.44036
4.92   -2.35078
4.94   -2.26437
4.96   -2.18104
4.98   -2.10068
5   -2.0232
5.02   -1.94849
5.04   -1.87646
5.06   -1.80703
5.08   -1.7401
5.1   -1.67559
5.12   -1.61341
5.14   -1.55349
5.16   -1.49575
5.18   -1.44011
5.2   -1.3865
5.22   -1.33485
5.24   -1.28509
5.26   -1.23715
5.28   -1.19097
5.3   -1.14649
5.32   -1.10364
5.34   -1.06237
5.36   -1.02263
5.38   -0.984349
5.4   -0.947487
5.42   -0.91199
5.44   -0.877808
5.46   -0.844894
5.48   -0.813203
5.5   -0.782689
5.52   -0.753311
5.54   -0.725027
5.56   -0.697797
5.58   -0.671582
5.6   -0.646346
5.62   -0.622053
5.64   -0.598668
5.66   -0.576157
5.68   -0.55449
5.7   -0.533633
5.72   -0.513559
5.74   -0.494237
5.76   -0.47564
5.78   -0.457741
5.8   -0.440514
5.82   -0.423934
5.84   -0.407978
5.86   -0.392621
5.88   -0.377842
5.9   -0.36362
5.92   -0.349932
5.94   -0.33676
5.96   -0.324084
5.98   -0.311886
6   -0.300147
6.02   -0.288851
6.04   -0.27798
6.06   -0.26752
6.08   -0.257453
6.1   -0.247767
6.12   -0.238446
6.14   -0.229477
6.16   -0.220846
6.18   -0.212541
6.2   -0.204549
6.22   -0.196859
6.24   -0.189459
6.26   -0.182338
6.28   -0.175487
6.3   -0.168893
6.32   -0.162549
6.34   -0.156444
6.36   -0.15057
6.38   -0.144917
6.4   -0.139478
6.42   -0.134244
6.44   -0.129207
6.46   -0.124361
6.48   -0.119697
6.5   -0.11521
6.52   -0.110891
6.54   -0.106736
6.56   -0.102737
6.58   -0.098889
6.6   -0.0951862
6.62   -0.0916228
6.64   -0.0881939
6.66   -0.0848941
6.68   -0.0817187
6.7   -0.0786628
6.72   -0.0757221
6.74   -0.0728922
6.76   -0.0701688
6.78   -0.0675479
6.8   -0.0650256
6.82   -0.0625983
6.84   -0.0602622
6.86   -0.0580141
6.88   -0.0558504
6.9   -0.0537681
6.92   -0.0517641
6.94   -0.0498354
6.96   -0.0479791
6.98   -0.0461925
7   -0.044473
7.02   -0.0428181
7.04   -0.0412252
7.06   -0.0396921
7.08   -0.0382165
7.1   -0.0367963
7.12   -0.0354292
7.14   -0.0341134
7.16   -0.0328469
7.18   -0.0316278
7.2   -0.0304544
7.22   -0.0293249
7.24   -0.0282376
7.26   -0.027191
7.28   -0.0261836
7.3   -0.0252138
7.32   -0.0242803
7.34   -0.0233816
7.36   -0.0225165
7.38   -0.0216837
7.4   -0.0208819
7.42   -0.0201101
7.44   -0.0193671
7.46   -0.0186518
7.48   -0.0179631
7.5   -0.0173001
7.52   -0.0166618
7.54   -0.0160473
7.56   -0.0154557
7.58   -0.014886
7.6   -0.0143376
7.62   -0.0138095
7.64   -0.0133011
7.66   -0.0128116
7.68   -0.0123402
7.7   -0.0118864
7.72   -0.0114494
7.74   -0.0110286
7.76   -0.0106234
7.78   -0.0102333
7.8   -0.00985761
7.82   -0.00949585
7.84   -0.00914749
7.86   -0.00881203
7.88   -0.008489
7.9   -0.00817791
7.92   -0.00787833
7.94   -0.00758983
7.96   -0.007312
7.98   -0.00704443
8   -0.00678674
8.02   -0.00653857
8.04   -0.00629956
8.06   -0.00606937
8.08   -0.00584767
8.1   -0.00563415
8.12   -0.0054285
8.14   -0.00523042
8.16   -0.00503964
8.18   -0.00485588
8.2   -0.00467889
8.22   -0.00450841
8.24   -0.0043442
8.26   -0.00418603
8.28   -0.00403367
8.3   -0.00388691
8.32   -0.00374553
8.34   -0.00360935
8.36   -0.00347817
8.38   -0.0033518
8.4   -0.00323006
8.42   -0.00311279
8.44   -0.00299981
8.46   -0.00289098
8.48   -0.00278613
8.5   -0.00268511
8.52   -0.0025878
8.54   -0.00249404
8.56   -0.00240372
8.58   -0.00231669
8.6   -0.00223284
8.62   -0.00215206
8.64   -0.00207423
8.66   -0.00199924
8.68   -0.00192698
8.7   -0.00185736
8.72   -0.00179028
8.74   -0.00172565
8.76   -0.00166337
8.78   -0.00160335
8.8   -0.00154553
8.82   -0.0014898
8.84   -0.00143611
8.86   -0.00138437
8.88   -0.00133451
8.9   -0.00128646
8.92   -0.00124016
8.94   -0.00119554
8.96   -0.00115254
8.98   -0.0011111
9   -0.00107116
9.02   -0.00103267
9.04   -0.000995582
9.06   -0.000959834
9.08   -0.000925382
9.1   -0.000892177
9.12   -0.000860175
9.14   -0.000829331
9.16   -0.000799603
9.18   -0.00077095
9.2   -0.000743333
9.22   -0.000716714
9.24   -0.000691058
9.26   -0.000666327
9.28   -0.00064249
9.3   -0.000619513
9.32   -0.000597365
9.34   -0.000576016
9.36   -0.000555437
9.38   -0.0005356
9.4   -0.000516477
9.42   -0.000498043
9.44   -0.000480273
9.46   -0.000463143
9.48   -0.000446629
9.5   -0.000430709
9.52   -0.000415361
9.54   -0.000400565
9.56   -0.000386301
9.58   -0.000372549
9.6   -0.000359291
9.62   -0.000346509
9.64   -0.000334186
9.66   -0.000322305
9.68   -0.000310849
9.7   -0.000299805
9.72   -0.000289156
9.74   -0.000278889
9.76   -0.00026899
9.78   -0.000259445
9.8   -0.000250241
9.82   -0.000241367
9.84   -0.00023281
9.86   -0.00022456
9.88   -0.000216604
9.9   -0.000208932
9.92   -0.000201535
9.94   -0.000194401
9.96   -0.000187522
9.98   -0.000180889
10   -0.000174492
10.02   -0.000168324
10.04   -0.000162375
10.06   -0.000156639
10.08   -0.000151106
10.1   -0.000145771
10.12   -0.000140626
10.14   -0.000135664
10.16   -0.000130878
10.18   -0.000126263
10.2   -0.000121812
10.22   -0.000117519
10.24   -0.000113378
10.26   -0.000109385
10.28   -0.000105533
10.3   -0.000101819
10.32   -9.82356e-05
10.34   -9.47798e-05
10.36   -9.14465e-05
10.38   -8.82315e-05
10.4   -8.51304e-05
10.42   -8.21392e-05
10.44   -7.9254e-05
10.46   -7.64709e-05
10.48   -7.37864e-05
10.5   -7.11968e-05
10.52   -6.86989e-05
10.54   -6.62894e-05
10.56   -6.3965e-05
10.58   -6.17228e-05
10.6   -5.95598e-05
10.62   -5.74733e-05
10.64   -5.54604e-05
10.66   -5.35186e-05
10.68   -5.16454e-05
10.7   -4.98382e-05
10.72   -4.80947e-05
10.74   -4.64128e-05
10.76   -4.47901e-05
10.78   -4.32246e-05
10.8   -4.17143e-05
10.82   -4.02572e-05
10.84   -3.88513e-05
10.86   -3.7495e-05
10.88   -3.61864e-05
10.9   -3.49238e-05
10.92   -3.37056e-05
10.94   -3.25302e-05
10.96   -3.13962e-05
10.98   -3.0302e-05
11   -2.92462e-05
11.02   -2.82275e-05
11.04   -2.72445e-05
11.06   -2.62961e-05
11.08   -2.53809e-05
11.1   -2.44978e-05
11.12   -2.36457e-05
11.14   -2.28235e-05
11.16   -2.20301e-05
11.18   -2.12644e-05
11.2   -2.05256e-05
11.22   -1.98126e-05
11.24   -1.91246e-05
11.26   -1.84607e-05
11.28   -1.782e-05
11.3   -1.72017e-05
11.32   -1.66051e-05
11.34   -1.60292e-05
11.36   -1.54735e-05
11.38   -1.49372e-05
11.4   -1.44197e-05
11.42   -1.39202e-05
11.44   -1.34381e-05
11.46   -1.29729e-05
11.48   -1.25239e-05
11.5   -1.20905e-05
11.52   -1.16723e-05
11.54   -1.12686e-05
11.56   -1.0879e-05
11.58   -1.0503e-05
11.6   -1.014e-05
11.62   -9.78972e-06
11.64   -9.45161e-06
11.66   -9.12526e-06
11.68   -8.81026e-06
11.7   -8.50622e-06
11.72   -8.21275e-06
11.74   -7.92947e-06
11.76   -7.65604e-06
11.78   -7.39211e-06
11.8   -7.13735e-06
11.82   -6.89142e-06
11.84   -6.65404e-06
11.86   -6.42489e-06
11.88   -6.20369e-06
11.9   -5.99016e-06
11.92   -5.78403e-06
11.94   -5.58505e-06
11.96   -5.39296e-06
11.98   -5.20753e-06
12   -5.02852e-06
12.02   -4.85571e-06
12.04   -4.68888e-06
12.06   -4.52782e-06
12.08   -4.37233e-06
12.1   -4.22222e-06
12.12   -4.07731e-06
12.14   -3.9374e-06
12.16   -3.80232e-06
12.18   -3.67192e-06
12.2   -3.54601e-06
12.22   -3.42446e-06
12.24   -3.3071e-06
12.26   -3.19379e-06
12.28   -3.08439e-06
12.3   -2.97877e-06
12.32   -2.87679e-06
12.34   -2.77832e-06
12.36   -2.68325e-06
12.38   -2.59145e-06
12.4   -2.50282e-06
12.42   -2.41724e-06
12.44   -2.3346e-06
12.46   -2.25481e-06
12.48   -2.17777e-06
12.5   -2.10337e-06
12.52   -2.03154e-06
12.54   -1.96218e-06
12.56   -1.8952e-06
12.58   -1.83052e-06
12.6   -1.76806e-06
12.62   -1.70775e-06
12.64   -1.64952e-06
12.66   -1.59328e-06
12.68   -1.53897e-06
12.7   -1.48653e-06
12.72   -1.43588e-06
12.74   -1.38697e-06
12.76   -1.33974e-06
12.78   -1.29413e-06
12.8   -1.25008e-06
12.82   -1.20754e-06
12.84   -1.16646e-06
12.86   -1.12679e-06
12.88   -1.08847e-06
12.9   -1.05147e-06
12.92   -1.01573e-06
12.94   -9.81215e-07
12.96   -9.4788e-07
12.98   -9.15686e-07
13   -8.84592e-07
13.02   -8.54561e-07
13.04   -8.25557e-07
13.06   -7.97543e-07
13.08   -7.70487e-07
13.1   -7.44354e-07
13.12   -7.19113e-07
13.14   -6.94734e-07
13.16   -6.71187e-07
13.18   -6.48443e-07
13.2   -6.26475e-07
13.22   -6.05256e-07
13.24   -5.8476e-07
13.26   -5.64963e-07
13.28   -5.4584e-07
13.3   -5.27369e-07
13.32   -5.09527e-07
13.34   -4.92293e-07
13.36   -4.75645e-07
13.38   -4.59564e-07
13.4   -4.4403e-07
13.42   -4.29024e-07
13.44   -4.14529e-07
13.46   -4.00526e-07
13.48   -3.87e-07
13.5   -3.73933e-07
13.52   -3.6131e-07
13.54   -3.49116e-07
13.56   -3.37337e-07
13.58   -3.25957e-07
13.6   -3.14963e-07
13.62   -3.04343e-07
13.64   -2.94083e-07
13.66   -2.84171e-07
13.68   -2.74595e-07
13.7   -2.65344e-07
13.72   -2.56406e-07
13.74   -2.47772e-07
13.76   -2.3943e-07
13.78   -2.3137e-07
13.8   -2.23584e-07
13.82   -2.16061e-07
13.84   -2.08793e-07
13.86   -2.0177e-07
13.88   -1.94986e-07
13.9   -1.88431e-07
13.92   -1.82097e-07
13.94   -1.75978e-07
13.96   -1.70066e-07
13.98   -1.64353e-07
14   -1.58834e-07
14.02   -1.53501e-07
14.04   -1.48348e-07
14.06   -1.43369e-07
14.08   -1.38558e-07
14.1   -1.3391e-07
14.12   -1.29419e-07
14.14   -1.25079e-07
14.16   -1.20885e-07
14.18   -1.16833e-07
14.2   -1.12917e-07
14.22   -1.09134e-07
14.24   -1.05478e-07
14.26   -1.01945e-07
14.28   -9.85311e-08
14.3   -9.52323e-08
14.32   -9.20445e-08
14.34   -8.89641e-08
14.36   -8.59873e-08
14.38   -8.31108e-08
14.4   -8.03309e-08
14.42   -7.76446e-08
14.44   -7.50487e-08
14.46   -7.254e-08
14.48   -7.01156e-08
14.5   -6.77728e-08
14.52   -6.55086e-08
14.54   -6.33205e-08
14.56   -6.12059e-08
14.58   -5.91623e-08
14.6   -5.71873e-08
14.62   -5.52786e-08
14.64   -5.3434e-08
14.66   -5.16512e-08
14.68   -4.99282e-08
14.7   -4.82631e-08
14.72   -4.66537e-08
14.74   -4.50983e-08
14.76   -4.35951e-08
14.78   -4.21422e-08
14.8   -4.07379e-08
14.82   -3.93808e-08
14.84   -3.8069e-08
14.86   -3.68012e-08
14.88   -3.55758e-08
14.9   -3.43915e-08
14.92   -3.32467e-08
14.94   -3.21403e-08
14.96   -3.10708e-08
14.98   -3.00372e-08
15   -2.9038e-08
15.02   -2.80723e-08
15.04   -2.71389e-08
15.06   -2.62366e-08
15.08   -2.53645e-08
15.1   -2.45215e-08
15.12   -2.37067e-08
15.14   -2.2919e-08
15.16   -2.21577e-08
15.18   -2.14218e-08
15.2   -2.07104e-08
15.22   -2.00227e-08
15.24   -1.9358e-08
15.26   -1.87155e-08
15.28   -1.80943e-08
15.3   -1.74939e-08
15.32   -1.69135e-08
15.34   -1.63524e-08
15.36   -1.581e-08
15.38   -1.52857e-08
15.4   -1.47789e-08
15.42   -1.42889e-08
15.44   -1.38152e-08
15.46   -1.33573e-08
15.48   -1.29146e-08
15.5   -1.24867e-08
15.52   -1.2073e-08
15.54   -1.1673e-08
15.56   -1.12864e-08
15.58   -1.09126e-08
15.6   -1.05512e-08
15.62   -1.02018e-08
15.64   -9.86406e-09
15.66   -9.53752e-09
15.68   -9.22182e-09
15.7   -8.9166e-09
15.72   -8.62152e-09
15.74   -8.33624e-09
15.76   -8.06042e-09
15.78   -7.79375e-09
15.8   -7.53593e-09
15.82   -7.28666e-09
15.84   -7.04566e-09
15.86   -6.81265e-09
15.88   -6.58736e-09
15.9   -6.36954e-09
15.92   -6.15893e-09
15.94   -5.95531e-09
15.96   -5.75843e-09
15.98   -5.56807e-09
16   -5.38401e-09
16.02   -5.20605e-09
16.04   -5.03398e-09
16.06   -4.86761e-09
16.08   -4.70673e-09
16.1   -4.55119e-09
16.12   -4.40078e-09
16.14   -4.25535e-09
16.16   -4.11474e-09
16.18   -3.97876e-09
16.2   -3.84729e-09
16.22   -3.72016e-09
16.24   -3.59723e-09
16.26   -3.47836e-09
16.28   -3.36342e-09
16.3   -3.25227e-09
16.32   -3.1448e-09
16.34   -3.04087e-09
16.36   -2.94038e-09
16.38   -2.8432e-09
16.4   -2.74923e-09
16.42   -2.65835e-09
16.44   -2.57048e-09
16.46   -2.48551e-09
16.48   -2.40333e-09
16.5   -2.32387e-09
16.52   -2.24703e-09
16.54   -2.17272e-09
16.56   -2.10085e-09
16.58   -2.03136e-09
16.6   -1.96416e-09
16.62   -1.89917e-09
16.64   -1.83632e-09
16.66   -1.77554e-09
16.68   -1.71676e-09
16.7   -1.65992e-09
16.72   -1.60495e-09
16.74   -1.55178e-09
16.76   -1.50037e-09
16.78   -1.45065e-09
16.8   -1.40256e-09
16.82   -1.35606e-09
16.84   -1.31109e-09
16.86   -1.26759e-09
16.88   -1.22553e-09
16.9   -1.18484e-09
16.92   -1.1455e-09
16.94   -1.10745e-09
16.96   -1.07065e-09
16.98   -1.03505e-09
17   -1.00063e-09
17.02   -9.6734e-10
17.04   -9.35142e-10
17.06   -9.04002e-10
17.08   -8.73884e-10
17.1   -8.44755e-10
17.12   -8.16583e-10
17.14   -7.89335e-10
17.16   -7.62982e-10
17.18   -7.37494e-10
17.2   -7.12842e-10
17.22   -6.88999e-10
17.24   -6.65939e-10
17.26   -6.43635e-10
17.28   -6.22063e-10
17.3   -6.01199e-10
17.32   -5.81019e-10
17.34   -5.61501e-10
17.36   -5.42624e-10
17.38   -5.24365e-10
17.4   -5.06705e-10
17.42   -4.89625e-10
17.44   -4.73104e-10
17.46   -4.57125e-10
17.48   -4.41671e-10
17.5   -4.26723e-10
17.52   -4.12265e-10
17.54   -3.98281e-10
17.56   -3.84755e-10
17.58   -3.71674e-10
17.6   -3.59021e-10
17.62   -3.46783e-10
17.64   -3.34946e-10
17.66   -3.23498e-10
17.68   -3.12425e-10
17.7   -3.01715e-10
17.72   -2.91356e-10
17.74   -2.81337e-10
17.76   -2.71647e-10
17.78   -2.62275e-10
17.8   -2.53211e-10
17.82   -2.44444e-10
17.84   -2.35964e-10
17.86   -2.27763e-10
17.88   -2.19832e-10
17.9   -2.12161e-10
17.92   -2.04742e-10
17.94   -1.97567e-10
17.96   -1.90628e-10
17.98   -1.83917e-10
18   -1.77427e-10
18.02   -1.7115e-10
18.04   -1.6508e-10
18.06   -1.5921e-10
18.08   -1.53534e-10
18.1   -1.48045e-10
18.12   -1.42737e-10
18.14   -1.37604e-10
18.16   -1.3264e-10
18.18   -1.27841e-10
18.2   -1.23201e-10
18.22   -1.18714e-10
18.24   -1.14376e-10
18.26   -1.10182e-10
18.28   -1.06127e-10
18.3   -1.02207e-10
18.32   -9.8418e-11
18.34   -9.47549e-11
18.36   -9.12141e-11
18.38   -8.77917e-11
18.4   -8.44839e-11
18.42   -8.1287e-11
18.44   -7.81975e-11
18.46   -7.52121e-11
18.48   -7.23274e-11
18.5   -6.95402e-11
18.52   -6.68475e-11
18.54   -6.42463e-11
18.56   -6.17338e-11
18.58   -5.93071e-11
18.6   -5.69637e-11
18.62   -5.47008e-11
18.64   -5.25161e-11
18.66   -5.04072e-11
18.68   -4.83716e-11
18.7   -4.64073e-11
18.72   -4.45119e-11
18.74   -4.26835e-11
18.76   -4.09201e-11
18.78   -3.92196e-11
18.8   -3.75803e-11
18.82   -3.60003e-11
18.84   -3.44779e-11
18.86   -3.30115e-11
18.88   -3.15994e-11
18.9   -3.02401e-11
18.92   -2.89322e-11
18.94   -2.76741e-11
18.96   -2.64646e-11
18.98   -2.53023e-11
19   -2.41859e-11
19.02   -2.31144e-11
19.04   -2.20864e-11
19.06   -2.11009e-11
19.08   -2.01569e-11
19.1   -1.92533e-11
19.12   -1.83891e-11
19.14   -1.75635e-11
19.16   -1.67756e-11
19.18   -1.60246e-11
19.2   -1.53097e-11
19.22   -1.463e-11
19.24   -1.3985e-11
19.26   -1.3374e-11
19.28   -1.27964e-11
19.3   -1.22515e-11
19.32   -1.17388e-11
19.34   -1.1258e-11
19.36   -1.08084e-11
19.38   -1.03896e-11
19.4   -1.00013e-11
19.42   -9.64322e-12
19.44   -9.31492e-12
19.46   -9.01618e-12
19.48   -8.74677e-12
19.5   -8.50649e-12
19.52   -8.29519e-12
19.54   -8.11275e-12
19.56   -7.95909e-12
19.58   -7.83417e-12
19.6   -7.73799e-12
19.62   -7.67058e-12
19.64   -7.63203e-12
19.66   -7.62245e-12
19.68   -7.642e-12
19.7   -7.69088e-12
19.72   -7.76933e-12
19.74   -7.87763e-12
19.76   -8.01613e-12
19.78   -8.18518e-12
19.8   -8.3852e-12
19.82   -8.61668e-12
19.84   -8.88011e-12
19.86   -9.17606e-12
19.88   -9.50515e-12
19.9   -9.86804e-12
19.92   -1.02654e-11
19.94   -1.06981e-11
19.96   0
19.98   0
20   0
