0   0
0.01   0.05
0.02   0.0999945
0.03   0.149978
0.04   0.199945
0.05   0.249891
0.06   0.299809
0.07   0.349694
0.08   0.399541
0.09   0.449344
0.1   0.499099
0.11   0.548798
0.12   0.598438
0.13   0.648013
0.14   0.697516
0.15   0.746943
0.16   0.796289
0.17   0.845548
0.18   0.894714
0.19   0.943782
0.2   0.992747
0.21   1.0416
0.22   1.09035
0.23   1.13897
0.24   1.18747
0.25   1.23584
0.26   1.28407
0.27   1.33217
0.28   1.38012
0.29   1.42791
0.3   1.47556
0.31   1.52304
0.32   1.57035
0.33   1.61749
0.34   1.66446
0.35   1.71124
0.36   1.75784
0.37   1.80424
0.38   1.85045
0.39   1.89645
0.4   1.94225
0.41   1.98783
0.42   2.0332
0.43   2.07835
0.44   2.12327
0.45   2.16795
0.46   2.2124
0.47   2.25661
0.48   2.30057
0.49   2.34428
0.5   2.38773
0.51   2.43093
0.52   2.47385
0.53   2.51651
0.54   2.55889
0.55   2.60099
0.56   2.64281
0.57   2.68434
0.58   2.72557
0.59   2.76651
0.6   2.80715
0.61   2.84747
0.62   2.88749
0.63   2.92719
0.64   2.96657
0.65   3.00563
0.66   3.04436
0.67   3.08275
0.68   3.12081
0.69   3.15853
0.7   3.1959
0.71   3.23293
0.72   3.2696
0.73   3.30591
0.74   3.34186
0.75   3.37744
0.76   3.41266
0.77   3.4475
0.78   3.48197
0.79   3.51606
0.8   3.54976
0.81   3.58307
0.82   3.616
0.83   3.64852
0.84   3.68065
0.85   3.71238
0.86   3.7437
0.87   3.77461
0.88   3.80511
0.89   3.83519
0.9   3.86485
0.91   3.89409
0.92   3.92291
0.93   3.9513
0.94   3.97925
0.95   4.00677
0.96   4.03385
0.97   4.06049
0.98   4.08669
0.99   4.11244
1   4.13774
1.01   4.16259
1.02   4.18699
1.03   4.21092
1.04   4.2344
1.05   4.25741
1.06   4.27996
1.07   4.30204
1.08   4.32365
1.09   4.34479
1.1   4.36545
1.11   4.38563
1.12   4.40534
1.13   4.42456
1.14   4.4433
1.15   4.46156
1.16   4.47933
1.17   4.4966
1.18   4.51339
1.19   4.52968
1.2   4.54548
1.21   4.56078
1.22   4.57559
1.23   4.58989
1.24   4.60369
1.25   4.61699
1.26   4.62978
1.27   4.64207
1.28   4.65385
1.29   4.66512
1.3   4.67588
1.31   4.68613
1.32   4.69587
1.33   4.70509
1.34   4.7138
1.35   4.722
1.36   4.72968
1.37   4.73684
1.38   4.74348
1.39   4.74961
1.4   4.75522
1.41   4.7603
1.42   4.76487
1.43   4.76892
1.44   4.77244
1.45   4.77544
1.46   4.77792
1.47   4.77988
1.48   4.78132
1.49   4.78223
1.5   4.78263
1.51   4.78249
1.52   4.78184
1.53   4.78066
1.54   4.77896
1.55   4.77674
1.56   4.774
1.57   4.77073
1.58   4.76694
1.59   4.76264
1.6   4.75781
1.61   4.75246
1.62   4.74659
1.63   4.7402
1.64   4.7333
1.65   4.72588
1.66   4.71794
1.67   4.70948
1.68   4.70051
1.69   4.69103
1.7   4.68104
1.71   4.67053
1.72   4.65951
1.73   4.64798
1.74   4.63595
1.75   4.62341
1.76   4.61036
1.77   4.59681
1.78   4.58275
1.79   4.5682
1.8   4.55315
1.81   4.53759
1.82   4.52155
1.83   4.50501
1.84   4.48797
1.85   4.47045
1.86   4.45243
1.87   4.43393
1.88   4.41495
1.89   4.39548
1.9   4.37554
1.91   4.35511
1.92   4.33421
1.93   4.31283
1.94   4.29099
1.95   4.26867
1.96   4.24589
1.97   4.22264
1.98   4.19893
1.99   4.17477
2   4.15014
2.01   4.12507
2.02   4.09954
2.03   4.07356
2.04   4.04714
2.05   4.02028
2.06   3.99298
2.07   3.96524
2.08   3.93707
2.09   3.90846
2.1   3.87943
2.11   3.84998
2.12   3.8201
2.13   3.78981
2.14   3.7591
2.15   3.72799
2.16   3.69646
2.17   3.66453
2.18   3.6322
2.19   3.59948
2.2   3.56636
2.21   3.53285
2.22   3.49895
2.23   3.46467
2.24   3.43002
2.25   3.39499
2.26   3.35958
2.27   3.32381
2.28   3.28768
2.29   3.25119
2.3   3.21434
2.31   3.17714
2.32   3.13959
2.33   3.1017
2.34   3.06347
2.35   3.02491
2.36   2.98602
2.37   2.94679
2.38   2.90725
2.39   2.86739
2.4   2.82722
2.41   2.78673
2.42   2.74595
2.43   2.70486
2.44   2.66348
2.45   2.6218
2.46   2.57984
2.47   2.5376
2.48   2.49508
2.49   2.45228
2.5   2.40922
2.51   2.3659
2.52   2.32232
2.53   2.27848
2.54   2.23439
2.55   2.19006
2.56   2.14549
2.57   2.10069
2.58   2.05566
2.59   2.0104
2.6   1.96492
2.61   1.91923
2.62   1.87333
2.63   1.82722
2.64   1.78091
2.65   1.73441
2.66   1.68772
2.67   1.64084
2.68   1.59379
2.69   1.54656
2.7   1.49916
2.71   1.4516
2.72   1.40388
2.73   1.356
2.74   1.30798
2.75   1.25982
2.76   1.21151
2.77   1.16308
2.78   1.11452
2.79   1.06583
2.8   1.01703
2.81   0.968119
2.82   0.919101
2.83   0.869983
2.84   0.82077
2.85   0.771467
2.86   0.722079
2.87   0.672613
2.88   0.623073
2.89   0.573465
2.9   0.523795
2.91   0.474067
2.92   0.424287
2.93   0.374461
2.94   0.324594
2.95   0.274692
2.96   0.224759
2.97   0.174802
2.98   0.124826
2.99   0.0748362
3   0.0248383
3.01   -0.0251624
3.02   -0.0751603
3.03   -0.12515
3.04   -0.175126
3.05   -0.225083
3.06   -0.275015
3.07   -0.324918
3.08   -0.374784
3.09   -0.42461
3.1   -0.474389
3.11   -0.524117
3.12   -0.573787
3.13   -0.623395
3.14   -0.672934
3.15   -0.7224
3.16   -0.771787
3.17   -0.821089
3.18   -0.870302
3.19   -0.91942
3.2   -0.968437
3.21   -1.01735
3.22   -1.06615
3.23   -1.11483
3.24   -1.16339
3.25   -1.21183
3.26   -1.26013
3.27   -1.30829
3.28   -1.35632
3.29   -1.40419
3.3   -1.45191
3.31   -1.49947
3.32   -1.54687
3.33   -1.59409
3.34   -1.64115
3.35   -1.68802
3.36   -1.73471
3.37   -1.78121
3.38   -1.82752
3.39   -1.87362
3.4   -1.91953
3.41   -1.96522
3.42   -2.01069
3.43   -2.05595
3.44   -2.10098
3.45   -2.14578
3.46   -2.19035
3.47   -2.23468
3.48   -2.27876
3.49   -2.3226
3.5   -2.36618
3.51   -2.4095
3.52   -2.45256
3.53   -2.49535
3.54   -2.53787
3.55   -2.58011
3.56   -2.62207
3.57   -2.66375
3.58   -2.70513
3.59   -2.74621
3.6   -2.787
3.61   -2.82748
3.62   -2.86765
3.63   -2.90751
3.64   -2.94705
3.65   -2.98627
3.66   -3.02516
3.67   -3.06372
3.68   -3.10195
3.69   -3.13984
3.7   -3.17738
3.71   -3.21458
3.72   -3.25142
3.73   -3.28791
3.74   -3.32405
3.75   -3.35981
3.76   -3.39521
3.77   -3.43024
3.78   -3.4649
3.79   -3.49917
3.8   -3.53307
3.81   -3.56657
3.82   -3.59969
3.83   -3.63241
3.84   -3.66474
3.85   -3.69667
3.86   -3.72819
3.87   -3.75931
3.88   -3.79001
3.89   -3.8203
3.9   -3.85017
3.91   -3.87962
3.92   -3.90865
3.93   -3.93725
3.94   -3.96542
3.95   -3.99316
3.96   -4.02046
3.97   -4.04732
3.98   -4.07373
3.99   -4.09971
4   -4.12523
4.01   -4.1503
4.02   -4.17492
4.03   -4.19909
4.04   -4.22279
4.05   -4.24604
4.06   -4.26882
4.07   -4.29113
4.08   -4.31297
4.09   -4.33435
4.1   -4.35524
4.11   -4.37567
4.12   -4.39561
4.13   -4.41507
4.14   -4.43406
4.15   -4.45255
4.16   -4.47056
4.17   -4.48808
4.18   -4.50511
4.19   -4.52165
4.2   -4.5377
4.21   -4.55324
4.22   -4.5683
4.23   -4.58285
4.24   -4.5969
4.25   -4.61044
4.26   -4.62349
4.27   -4.63603
4.28   -4.64806
4.29   -4.65958
4.3   -4.6706
4.31   -4.6811
4.32   -4.69109
4.33   -4.70057
4.34   -4.70954
4.35   -4.71799
4.36   -4.72593
4.37   -4.73335
4.38   -4.74025
4.39   -4.74663
4.4   -4.7525
4.41   -4.75784
4.42   -4.76267
4.43   -4.76697
4.44   -4.77075
4.45   -4.77402
4.46   -4.77676
4.47   -4.77898
4.48   -4.78067
4.49   -4.78185
4.5   -4.7825
4.51   -4.78262
4.52   -4.78223
4.53   -4.78131
4.54   -4.77987
4.55   -4.77791
4.56   -4.77543
4.57   -4.77242
4.58   -4.76889
4.59   -4.76484
4.6   -4.76027
4.61   -4.75518
4.62   -4.74957
4.63   -4.74344
4.64   -4.73679
4.65   -4.72963
4.66   -4.72195
4.67   -4.71375
4.68   -4.70503
4.69   -4.69581
4.7   -4.68607
4.71   -4.67581
4.72   -4.66505
4.73   -4.65377
4.74   -4.64199
4.75   -4.6297
4.76   -4.6169
4.77   -4.6036
4.78   -4.5898
4.79   -4.57549
4.8   -4.56069
4.81   -4.54538
4.82   -4.52958
4.83   -4.51328
4.84   -4.49649
4.85   -4.47921
4.86   -4.46144
4.87   -4.44318
4.88   -4.42444
4.89   -4.40521
4.9   -4.3855
4.91   -4.36532
4.92   -4.34465
4.93   -4.32351
4.94   -4.3019
4.95   -4.27981
4.96   -4.25726
4.97   -4.23425
4.98   -4.21077
4.99   -4.18683
5   -4.16243
5.01   -4.13758
5.02   -4.11228
5.03   -4.08652
5.04   -4.06032
5.05   -4.03368
5.06   -4.00659
5.07   -3.97907
5.08   -3.95111
5.09   -3.92272
5.1   -3.89391
5.11   -3.86466
5.12   -3.835
5.13   -3.80491
5.14   -3.77441
5.15   -3.7435
5.16   -3.71217
5.17   -3.68044
5.18   -3.64831
5.19   -3.61578
5.2   -3.58286
5.21   -3.54954
5.22   -3.51584
5.23   -3.48175
5.24   -3.44728
5.25   -3.41243
5.26   -3.37722
5.27   -3.34163
5.28   -3.30567
5.29   -3.26936
5.3   -3.23269
5.31   -3.19566
5.32   -3.15829
5.33   -3.12057
5.34   -3.08251
5.35   -3.04411
5.36   -3.00538
5.37   -2.96632
5.38   -2.92694
5.39   -2.88723
5.4   -2.84721
5.41   -2.80688
5.42   -2.76625
5.43   -2.72531
5.44   -2.68407
5.45   -2.64254
5.46   -2.60072
5.47   -2.55862
5.48   -2.51623
5.49   -2.47358
5.5   -2.43065
5.51   -2.38745
5.52   -2.344
5.53   -2.30029
5.54   -2.25632
5.55   -2.21212
5.56   -2.16766
5.57   -2.12298
5.58   -2.07806
5.59   -2.03291
5.6   -1.98754
5.61   -1.94195
5.62   -1.89615
5.63   -1.85015
5.64   -1.80394
5.65   -1.75753
5.66   -1.71094
5.67   -1.66415
5.68   -1.61719
5.69   -1.57004
5.7   -1.52273
5.71   -1.47525
5.72   -1.4276
5.73   -1.37981
5.74   -1.33186
5.75   -1.28376
5.76   -1.23553
5.77   -1.18716
5.78   -1.13866
5.79   -1.09003
5.8   -1.04129
5.81   -0.99243
5.82   -0.943464
5.83   -0.894395
5.84   -0.845228
5.85   -0.795969
5.86   -0.746623
5.87   -0.697195
5.88   -0.647691
5.89   -0.598117
5.9   -0.548476
5.91   -0.498776
5.92   -0.449022
5.93   -0.399218
5.94   -0.349371
5.95   -0.299485
5.96   -0.249567
5.97   -0.199621
5.98   -0.149654
5.99   -0.0996705
6   -0.0496759
