0.03   0.00230111
0.04   0.00230141
0.05   0.00230183
0.06   0.00230236
0.07   0.00230299
0.08   0.00230372
0.09   0.00230455
0.1   0.00230548
0.11   0.0023065
0.12   0.00230762
0.13   0.00230884
0.14   0.00231016
0.15   0.00231157
0.16   0.00231307
0.17   0.00231467
0.18   0.00231637
0.19   0.00231816
0.2   0.00232005
0.21   0.00232202
0.22   0.00232409
0.23   0.00232626
0.24   0.00232851
0.25   0.00233086
0.26   0.0023333
0.27   0.00233582
0.28   0.00233844
0.29   0.00234115
0.3   0.00234394
0.31   0.00234682
0.32   0.00234979
0.33   0.00235284
0.34   0.00235598
0.35   0.00235921
0.36   0.00236251
0.37   0.0023659
0.38   0.00236938
0.39   0.00237293
0.4   0.00237656
0.41   0.00238028
0.42   0.00238407
0.43   0.00238794
0.44   0.00239188
0.45   0.0023959
0.46   0.0024
0.47   0.00240417
0.48   0.00240841
0.49   0.00241272
0.5   0.00241711
0.51   0.00242156
0.52   0.00242608
0.53   0.00243067
0.54   0.00243533
0.55   0.00244005
0.56   0.00244483
0.57   0.00244968
0.58   0.00245458
0.59   0.00245955
0.6   0.00246458
0.61   0.00246966
0.62   0.0024748
0.63   0.00248
0.64   0.00248525
0.65   0.00249055
0.66   0.0024959
0.67   0.00250131
0.68   0.00250676
0.69   0.00251226
0.7   0.00251781
0.71   0.0025234
0.72   0.00252903
0.73   0.00253471
0.74   0.00254042
0.75   0.00254618
0.76   0.00255197
0.77   0.0025578
0.78   0.00256367
0.79   0.00256957
0.8   0.0025755
0.81   0.00258146
0.82   0.00258745
0.83   0.00259347
0.84   0.00259951
0.85   0.00260558
0.86   0.00261167
0.87   0.00261779
0.88   0.00262392
0.89   0.00263008
0.9   0.00263625
0.91   0.00264244
0.92   0.00264864
0.93   0.00265486
0.94   0.00266108
0.95   0.00266732
0.96   0.00267357
0.97   0.00267982
0.98   0.00268608
0.99   0.00269234
1   0.00269861
1.01   0.00270488
1.02   0.00271114
1.03   0.00271741
1.04   0.00272367
1.05   0.00272993
1.06   0.00273618
1.07   0.00274243
1.08   0.00274866
1.09   0.00275489
1.1   0.0027611
1.11   0.0027673
1.12   0.00277348
1.13   0.00277965
1.14   0.0027858
1.15   0.00279193
1.16   0.00279805
1.17   0.00280414
1.18   0.0028102
1.19   0.00281624
1.2   0.00282226
1.21   0.00282825
1.22   0.00283421
1.23   0.00284014
1.24   0.00284604
1.25   0.0028519
1.26   0.00285773
1.27   0.00286353
1.28   0.00286929
1.29   0.00287501
1.3   0.0028807
1.31   0.00288634
1.32   0.00289194
1.33   0.0028975
1.34   0.00290301
1.35   0.00290848
1.36   0.00291391
1.37   0.00291928
1.38   0.00292461
1.39   0.00292989
1.4   0.00293511
1.41   0.00294029
1.42   0.00294541
1.43   0.00295048
1.44   0.00295549
1.45   0.00296045
1.46   0.00296535
1.47   0.00297019
1.48   0.00297498
1.49   0.0029797
1.5   0.00298436
1.51   0.00298896
1.52   0.0029935
1.53   0.00299798
1.54   0.00300239
1.55   0.00300674
1.56   0.00301102
1.57   0.00301523
1.58   0.00301937
1.59   0.00302345
1.6   0.00302746
1.61   0.0030314
1.62   0.00303527
1.63   0.00303907
1.64   0.0030428
1.65   0.00304645
1.66   0.00305004
1.67   0.00305355
1.68   0.00305698
1.69   0.00306034
1.7   0.00306363
1.71   0.00306685
1.72   0.00306998
1.73   0.00307304
1.74   0.00307603
1.75   0.00307894
1.76   0.00308177
1.77   0.00308453
1.78   0.0030872
1.79   0.0030898
1.8   0.00309233
1.81   0.00309477
1.82   0.00309714
1.83   0.00309943
1.84   0.00310164
1.85   0.00310377
1.86   0.00310582
1.87   0.00310779
1.88   0.00310969
1.89   0.00311151
1.9   0.00311324
1.91   0.0031149
1.92   0.00311649
1.93   0.00311799
1.94   0.00311942
1.95   0.00312076
1.96   0.00312203
1.97   0.00312323
1.98   0.00312434
1.99   0.00312538
2   0.00312634
2.01   0.00312723
2.02   0.00312804
2.03   0.00312877
2.04   0.00312943
2.05   0.00313001
2.06   0.00313052
2.07   0.00313096
2.08   0.00313132
2.09   0.00313162
2.1   0.00313183
2.11   0.00313198
2.12   0.00313206
2.13   0.00313206
2.14   0.003132
2.15   0.00313187
2.16   0.00313167
2.17   0.0031314
2.18   0.00313107
2.19   0.00313067
2.2   0.0031302
2.21   0.00312967
2.22   0.00312908
2.23   0.00312842
2.24   0.00312771
2.25   0.00312693
2.26   0.00312609
2.27   0.0031252
2.28   0.00312424
2.29   0.00312323
2.3   0.00312217
2.31   0.00312105
2.32   0.00311987
2.33   0.00311865
2.34   0.00311737
2.35   0.00311604
2.36   0.00311466
2.37   0.00311324
2.38   0.00311177
2.39   0.00311025
2.4   0.00310869
2.41   0.00310708
2.42   0.00310544
2.43   0.00310375
2.44   0.00310202
2.45   0.00310026
2.46   0.00309846
2.47   0.00309662
2.48   0.00309475
2.49   0.00309285
2.5   0.00309092
2.51   0.00308896
2.52   0.00308696
2.53   0.00308495
2.54   0.0030829
2.55   0.00308083
2.56   0.00307874
2.57   0.00307663
2.58   0.0030745
2.59   0.00307235
2.6   0.00307018
2.61   0.003068
2.62   0.00306581
2.63   0.0030636
2.64   0.00306138
2.65   0.00305915
2.66   0.00305692
2.67   0.00305468
2.68   0.00305243
2.69   0.00305019
2.7   0.00304794
2.71   0.00304569
2.72   0.00304344
2.73   0.0030412
2.74   0.00303896
2.75   0.00303673
2.76   0.0030345
2.77   0.00303229
2.78   0.00303008
2.79   0.00302789
2.8   0.00302572
2.81   0.00302356
2.82   0.00302141
2.83   0.00301929
2.84   0.00301719
2.85   0.00301511
2.86   0.00301305
2.87   0.00301102
2.88   0.00300902
2.89   0.00300704
2.9   0.0030051
2.91   0.00300318
2.92   0.0030013
2.93   0.00299946
2.94   0.00299765
2.95   0.00299588
2.96   0.00299414
2.97   0.00299245
2.98   0.0029908
2.99   0.00298919
3   0.00298763
3.01   0.00298612
3.02   0.00298465
3.03   0.00298323
3.04   0.00298187
3.05   0.00298055
3.06   0.00297929
3.07   0.00297808
3.08   0.00297693
3.09   0.00297584
3.1   0.00297481
3.11   0.00297383
3.12   0.00297292
3.13   0.00297207
3.14   0.00297128
3.15   0.00297056
3.16   0.00296991
3.17   0.00296932
3.18   0.0029688
3.19   0.00296836
3.2   0.00296798
3.21   0.00296767
3.22   0.00296744
3.23   0.00296728
3.24   0.0029672
3.25   0.00296719
3.26   0.00296726
3.27   0.00296741
3.28   0.00296763
3.29   0.00296794
3.3   0.00296833
3.31   0.0029688
3.32   0.00296935
3.33   0.00296998
3.34   0.0029707
3.35   0.0029715
3.36   0.00297239
3.37   0.00297337
3.38   0.00297443
3.39   0.00297558
3.4   0.00297681
3.41   0.00297814
3.42   0.00297955
3.43   0.00298105
3.44   0.00298265
3.45   0.00298433
3.46   0.00298611
3.47   0.00298797
3.48   0.00298993
3.49   0.00299198
3.5   0.00299412
3.51   0.00299635
3.52   0.00299868
3.53   0.00300109
3.54   0.00300361
3.55   0.00300621
3.56   0.00300891
3.57   0.0030117
3.58   0.00301458
3.59   0.00301755
3.6   0.00302062
3.61   0.00302378
3.62   0.00302704
3.63   0.00303038
3.64   0.00303382
3.65   0.00303735
3.66   0.00304097
3.67   0.00304469
3.68   0.00304849
3.69   0.00305238
3.7   0.00305637
3.71   0.00306044
3.72   0.00306461
3.73   0.00306886
3.74   0.0030732
3.75   0.00307763
3.76   0.00308214
3.77   0.00308674
3.78   0.00309142
3.79   0.00309619
3.8   0.00310105
3.81   0.00310598
3.82   0.003111
3.83   0.0031161
3.84   0.00312128
3.85   0.00312654
3.86   0.00313187
3.87   0.00313729
3.88   0.00314278
3.89   0.00314834
3.9   0.00315398
3.91   0.00315969
3.92   0.00316547
3.93   0.00317132
3.94   0.00317724
3.95   0.00318323
3.96   0.00318928
3.97   0.0031954
3.98   0.00320158
3.99   0.00320782
4   0.00321412
4.01   0.00322048
4.02   0.0032269
4.03   0.00323337
4.04   0.0032399
4.05   0.00324648
4.06   0.00325311
4.07   0.00325979
4.08   0.00326651
4.09   0.00327328
4.1   0.00328009
4.11   0.00328695
4.12   0.00329384
4.13   0.00330077
4.14   0.00330774
4.15   0.00331474
4.16   0.00332177
4.17   0.00332884
4.18   0.00333593
4.19   0.00334304
4.2   0.00335018
4.21   0.00335734
4.22   0.00336452
4.23   0.00337172
4.24   0.00337893
4.25   0.00338615
4.26   0.00339339
4.27   0.00340063
4.28   0.00340788
4.29   0.00341513
4.3   0.00342238
4.31   0.00342963
4.32   0.00343688
4.33   0.00344413
4.34   0.00345136
4.35   0.00345859
4.36   0.0034658
4.37   0.00347299
4.38   0.00348017
4.39   0.00348733
4.4   0.00349447
4.41   0.00350158
4.42   0.00350866
4.43   0.00351571
4.44   0.00352273
4.45   0.00352972
4.46   0.00353666
4.47   0.00354357
4.48   0.00355043
4.49   0.00355725
4.5   0.00356402
4.51   0.00357074
4.52   0.00357741
4.53   0.00358402
4.54   0.00359057
4.55   0.00359706
4.56   0.00360349
4.57   0.00360985
4.58   0.00361615
4.59   0.00362237
4.6   0.00362852
4.61   0.00363459
4.62   0.00364059
4.63   0.0036465
4.64   0.00365233
4.65   0.00365807
4.66   0.00366372
4.67   0.00366929
4.68   0.00367475
4.69   0.00368013
4.7   0.0036854
4.71   0.00369057
4.72   0.00369564
4.73   0.0037006
4.74   0.00370545
4.75   0.00371019
4.76   0.00371482
4.77   0.00371933
4.78   0.00372372
4.79   0.00372799
4.8   0.00373214
4.81   0.00373616
4.82   0.00374005
4.83   0.00374382
4.84   0.00374745
4.85   0.00375095
4.86   0.00375431
4.87   0.00375753
4.88   0.00376061
4.89   0.00376354
4.9   0.00376634
4.91   0.00376898
4.92   0.00377147
4.93   0.00377381
4.94   0.003776
4.95   0.00377803
4.96   0.00377991
4.97   0.00378162
4.98   0.00378318
4.99   0.00378457
5   0.00378579
5.01   0.00378685
5.02   0.00378774
5.03   0.00378846
5.04   0.003789
5.05   0.00378938
5.06   0.00378957
5.07   0.0037896
5.08   0.00378944
5.09   0.0037891
5.1   0.00378858
5.11   0.00378788
5.12   0.00378699
5.13   0.00378592
5.14   0.00378467
5.15   0.00378322
5.16   0.00378159
5.17   0.00377976
5.18   0.00377774
5.19   0.00377554
5.2   0.00377313
5.21   0.00377054
5.22   0.00376774
5.23   0.00376476
5.24   0.00376157
5.25   0.00375819
5.26   0.0037546
5.27   0.00375082
5.28   0.00374684
5.29   0.00374266
5.3   0.00373828
5.31   0.00373369
5.32   0.00372891
5.33   0.00372392
5.34   0.00371872
5.35   0.00371333
5.36   0.00370773
5.37   0.00370193
5.38   0.00369592
5.39   0.00368971
5.4   0.0036833
5.41   0.00367668
5.42   0.00366986
5.43   0.00366284
5.44   0.00365561
5.45   0.00364818
5.46   0.00364055
5.47   0.00363271
5.48   0.00362467
5.49   0.00361643
5.5   0.00360799
5.51   0.00359935
5.52   0.0035905
5.53   0.00358146
5.54   0.00357222
5.55   0.00356278
5.56   0.00355314
5.57   0.0035433
5.58   0.00353327
5.59   0.00352305
5.6   0.00351263
5.61   0.00350202
5.62   0.00349121
5.63   0.00348022
5.64   0.00346903
5.65   0.00345766
5.66   0.0034461
5.67   0.00343436
5.68   0.00342243
5.69   0.00341032
5.7   0.00339802
5.71   0.00338555
5.72   0.00337289
5.73   0.00336007
5.74   0.00334706
5.75   0.00333388
5.76   0.00332053
5.77   0.00330701
5.78   0.00329333
5.79   0.00327947
5.8   0.00326545
5.81   0.00325127
5.82   0.00323693
5.83   0.00322243
5.84   0.00320777
5.85   0.00319296
5.86   0.003178
5.87   0.00316289
5.88   0.00314763
5.89   0.00313222
5.9   0.00311667
5.91   0.00310098
5.92   0.00308515
5.93   0.00306919
5.94   0.00305309
5.95   0.00303686
5.96   0.0030205
5.97   0.00300401
5.98   0.0029874
5.99   0.00297067
6   0.00295382
6.01   0.00293686
6.02   0.00291978
6.03   0.00290258
6.04   0.00288529
6.05   0.00286788
6.06   0.00285038
6.07   0.00283277
6.08   0.00281506
6.09   0.00279727
6.1   0.00277938
6.11   0.0027614
6.12   0.00274333
6.13   0.00272518
6.14   0.00270695
6.15   0.00268865
6.16   0.00267027
6.17   0.00265181
6.18   0.00263329
6.19   0.00261471
6.2   0.00259606
6.21   0.00257735
6.22   0.00255858
6.23   0.00253976
6.24   0.00252088
6.25   0.00250196
6.26   0.002483
6.27   0.00246399
6.28   0.00244494
6.29   0.00242586
6.3   0.00240674
6.31   0.00238759
6.32   0.00236841
6.33   0.00234921
6.34   0.00232999
6.35   0.00231075
6.36   0.00229149
6.37   0.00227222
6.38   0.00225294
6.39   0.00223365
6.4   0.00221435
6.41   0.00219506
6.42   0.00217576
6.43   0.00215647
6.44   0.00213719
6.45   0.00211792
6.46   0.00209866
6.47   0.00207941
6.48   0.00206018
6.49   0.00204097
6.5   0.00202179
6.51   0.00200263
6.52   0.0019835
6.53   0.0019644
6.54   0.00194534
6.55   0.00192631
6.56   0.00190732
6.57   0.00188837
6.58   0.00186946
6.59   0.00185061
6.6   0.0018318
6.61   0.00181304
6.62   0.00179433
6.63   0.00177568
6.64   0.00175709
6.65   0.00173856
6.66   0.0017201
6.67   0.00170169
6.68   0.00168336
6.69   0.00166509
6.7   0.0016469
6.71   0.00162878
6.72   0.00161073
6.73   0.00159277
6.74   0.00157488
6.75   0.00155707
6.76   0.00153935
6.77   0.00152171
6.78   0.00150416
6.79   0.0014867
6.8   0.00146933
6.81   0.00145205
6.82   0.00143486
6.83   0.00141777
6.84   0.00140078
6.85   0.00138389
6.86   0.00136709
6.87   0.0013504
6.88   0.00133381
6.89   0.00131733
6.9   0.00130095
6.91   0.00128468
6.92   0.00126852
6.93   0.00125246
6.94   0.00123652
6.95   0.00122069
6.96   0.00120498
6.97   0.00118937
6.98   0.00117388
6.99   0.00115851
7   0.00114326
7.01   0.00112812
7.02   0.0011131
7.03   0.0010982
7.04   0.00108343
7.05   0.00106877
7.06   0.00105423
7.07   0.00103982
7.08   0.00102553
7.09   0.00101137
7.1   0.000997324
7.11   0.000983407
7.12   0.000969615
7.13   0.000955948
7.14   0.000942408
7.15   0.000928993
7.16   0.000915705
7.17   0.000902544
7.18   0.00088951
7.19   0.000876603
7.2   0.000863824
7.21   0.000851172
7.22   0.000838648
7.23   0.000826251
7.24   0.000813982
7.25   0.000801841
7.26   0.000789827
7.27   0.000777942
7.28   0.000766183
7.29   0.000754552
7.3   0.000743048
7.31   0.000731671
7.32   0.000720421
7.33   0.000709297
7.34   0.0006983
7.35   0.000687428
7.36   0.000676682
7.37   0.000666061
7.38   0.000655565
7.39   0.000645193
7.4   0.000634945
7.41   0.000624821
7.42   0.00061482
7.43   0.000604941
7.44   0.000595184
7.45   0.000585548
7.46   0.000576033
7.47   0.000566638
7.48   0.000557363
7.49   0.000548206
7.5   0.000539168
7.51   0.000530248
7.52   0.000521444
7.53   0.000512756
7.54   0.000504184
7.55   0.000495726
7.56   0.000487382
7.57   0.000479151
7.58   0.000471033
7.59   0.000463026
7.6   0.00045513
7.61   0.000447343
7.62   0.000439666
7.63   0.000432096
7.64   0.000424634
7.65   0.000417278
7.66   0.000410028
7.67   0.000402882
7.68   0.00039584
7.69   0.000388901
7.7   0.000382063
7.71   0.000375327
7.72   0.00036869
7.73   0.000362152
7.74   0.000355713
7.75   0.00034937
7.76   0.000343124
7.77   0.000336973
7.78   0.000330916
7.79   0.000324952
7.8   0.000319081
7.81   0.000313301
7.82   0.000307611
7.83   0.000302011
7.84   0.000296499
7.85   0.000291074
7.86   0.000285735
7.87   0.000280482
7.88   0.000275314
7.89   0.000270228
7.9   0.000265226
7.91   0.000260304
7.92   0.000255463
7.93   0.000250702
7.94   0.000246019
7.95   0.000241414
7.96   0.000236885
7.97   0.000232431
7.98   0.000228053
7.99   0.000223748
8   0.000219515
8.01   0.000215355
8.02   0.000211265
8.03   0.000207245
8.04   0.000203294
8.05   0.000199411
8.06   0.000195595
8.07   0.000191845
8.08   0.00018816
8.09   0.00018454
8.1   0.000180983
8.11   0.000177488
8.12   0.000174055
8.13   0.000170683
8.14   0.00016737
8.15   0.000164116
8.16   0.000160921
8.17   0.000157782
8.18   0.0001547
8.19   0.000151674
8.2   0.000148702
8.21   0.000145783
8.22   0.000142918
8.23   0.000140105
8.24   0.000137344
8.25   0.000134633
8.26   0.000131972
8.27   0.000129359
8.28   0.000126795
8.29   0.000124279
8.3   0.000121809
8.31   0.000119385
8.32   0.000117006
8.33   0.000114672
8.34   0.000112382
8.35   0.000110134
8.36   0.000107929
8.37   0.000105765
8.38   0.000103643
8.39   0.00010156
8.4   9.95176e-05
8.41   9.75136e-05
8.42   9.55479e-05
8.43   9.36198e-05
8.44   9.17286e-05
8.45   8.98736e-05
8.46   8.80544e-05
8.47   8.62702e-05
8.48   8.45205e-05
8.49   8.28047e-05
8.5   8.1122e-05
8.51   7.94721e-05
8.52   7.78543e-05
8.53   7.6268e-05
8.54   7.47126e-05
8.55   7.31877e-05
8.56   7.16927e-05
8.57   7.0227e-05
8.58   6.87901e-05
8.59   6.73815e-05
8.6   6.60006e-05
8.61   6.46471e-05
8.62   6.33203e-05
8.63   6.20198e-05
8.64   6.07451e-05
8.65   5.94957e-05
8.66   5.82712e-05
8.67   5.70711e-05
8.68   5.58949e-05
8.69   5.47423e-05
8.7   5.36127e-05
8.71   5.25057e-05
8.72   5.1421e-05
8.73   5.0358e-05
8.74   4.93164e-05
8.75   4.82958e-05
8.76   4.72957e-05
8.77   4.63159e-05
8.78   4.53558e-05
8.79   4.44152e-05
8.8   4.34936e-05
8.81   4.25907e-05
8.82   4.17062e-05
8.83   4.08396e-05
8.84   3.99906e-05
8.85   3.9159e-05
8.86   3.83442e-05
8.87   3.75461e-05
8.88   3.67643e-05
8.89   3.59985e-05
8.9   3.52484e-05
8.91   3.45136e-05
8.92   3.37939e-05
8.93   3.30889e-05
8.94   3.23984e-05
8.95   3.17221e-05
8.96   3.10598e-05
8.97   3.0411e-05
8.98   2.97756e-05
8.99   2.91533e-05
9   2.85439e-05
9.01   2.7947e-05
9.02   2.73625e-05
9.03   2.67901e-05
9.04   2.62295e-05
9.05   2.56805e-05
9.06   2.51428e-05
9.07   2.46164e-05
9.08   2.41008e-05
9.09   2.3596e-05
9.1   2.31016e-05
9.11   2.26175e-05
9.12   2.21435e-05
9.13   2.16793e-05
9.14   2.12248e-05
9.15   2.07798e-05
9.16   2.0344e-05
9.17   1.99173e-05
9.18   1.94996e-05
9.19   1.90905e-05
9.2   1.869e-05
9.21   1.82978e-05
9.22   1.79139e-05
9.23   1.75379e-05
9.24   1.71699e-05
9.25   1.68095e-05
9.26   1.64567e-05
9.27   1.61113e-05
9.28   1.57731e-05
9.29   1.54419e-05
9.3   1.51178e-05
9.31   1.48004e-05
9.32   1.44897e-05
9.33   1.41855e-05
9.34   1.38877e-05
9.35   1.35961e-05
9.36   1.33107e-05
9.37   1.30312e-05
9.38   1.27577e-05
9.39   1.24898e-05
9.4   1.22277e-05
9.41   1.1971e-05
9.42   1.17197e-05
9.43   1.14737e-05
9.44   1.12329e-05
9.45   1.09971e-05
9.46   1.07664e-05
9.47   1.05404e-05
9.48   1.03193e-05
9.49   1.01028e-05
9.5   9.8908e-06
9.51   9.68331e-06
9.52   9.4802e-06
9.53   9.28137e-06
9.54   9.08672e-06
9.55   8.89618e-06
9.56   8.70965e-06
9.57   8.52706e-06
9.58   8.34832e-06
9.59   8.17334e-06
9.6   8.00206e-06
9.61   7.83439e-06
9.62   7.67025e-06
9.63   7.50957e-06
9.64   7.35229e-06
9.65   7.19832e-06
9.66   7.0476e-06
9.67   6.90005e-06
9.68   6.75562e-06
9.69   6.61424e-06
9.7   6.47584e-06
9.71   6.34036e-06
9.72   6.20773e-06
9.73   6.07791e-06
9.74   5.95082e-06
9.75   5.82641e-06
9.76   5.70463e-06
9.77   5.58542e-06
9.78   5.46872e-06
9.79   5.35448e-06
9.8   5.24265e-06
9.81   5.13318e-06
9.82   5.02601e-06
9.83   4.92111e-06
9.84   4.81842e-06
9.85   4.71789e-06
9.86   4.61948e-06
9.87   4.52315e-06
9.88   4.42885e-06
9.89   4.33653e-06
9.9   4.24616e-06
9.91   4.1577e-06
9.92   4.07109e-06
9.93   3.98632e-06
9.94   3.90332e-06
9.95   3.82208e-06
9.96   3.74254e-06
9.97   3.66468e-06
9.98   3.58846e-06
9.99   3.51385e-06
10   3.4408e-06
10.01   3.36929e-06
10.02   3.29929e-06
10.03   3.23076e-06
10.04   3.16367e-06
10.05   3.09799e-06
10.06   3.03369e-06
10.07   2.97074e-06
10.08   2.90912e-06
10.09   2.84879e-06
10.1   2.78973e-06
10.11   2.73191e-06
10.12   2.6753e-06
10.13   2.61989e-06
10.14   2.56563e-06
10.15   2.51252e-06
10.16   2.46052e-06
10.17   2.40961e-06
10.18   2.35976e-06
10.19   2.31097e-06
10.2   2.2632e-06
10.21   2.21642e-06
10.22   2.17063e-06
10.23   2.1258e-06
10.24   2.08191e-06
10.25   2.03894e-06
10.26   1.99686e-06
10.27   1.95567e-06
10.28   1.91534e-06
10.29   1.87585e-06
10.3   1.83719e-06
10.31   1.79934e-06
10.32   1.76228e-06
10.33   1.726e-06
10.34   1.69047e-06
10.35   1.65568e-06
10.36   1.62162e-06
10.37   1.58828e-06
10.38   1.55563e-06
10.39   1.52366e-06
10.4   1.49236e-06
10.41   1.46171e-06
10.42   1.4317e-06
10.43   1.40231e-06
10.44   1.37354e-06
10.45   1.34537e-06
10.46   1.31778e-06
10.47   1.29077e-06
10.48   1.26432e-06
10.49   1.23843e-06
10.5   1.21307e-06
10.51   1.18824e-06
10.52   1.16392e-06
10.53   1.14011e-06
10.54   1.1168e-06
10.55   1.09397e-06
10.56   1.07161e-06
10.57   1.04972e-06
10.58   1.02828e-06
10.59   1.00729e-06
10.6   9.86735e-07
10.61   9.66605e-07
10.62   9.46892e-07
10.63   9.27588e-07
10.64   9.08684e-07
10.65   8.90172e-07
10.66   8.72043e-07
10.67   8.54289e-07
10.68   8.36903e-07
10.69   8.19877e-07
10.7   8.03202e-07
10.71   7.86873e-07
10.72   7.70881e-07
10.73   7.5522e-07
10.74   7.39882e-07
10.75   7.24861e-07
10.76   7.1015e-07
10.77   6.95742e-07
10.78   6.81632e-07
10.79   6.67813e-07
10.8   6.54279e-07
10.81   6.41023e-07
10.82   6.28041e-07
10.83   6.15327e-07
10.84   6.02874e-07
10.85   5.90677e-07
10.86   5.78732e-07
10.87   5.67032e-07
10.88   5.55573e-07
10.89   5.44349e-07
10.9   5.33356e-07
10.91   5.22589e-07
10.92   5.12043e-07
10.93   5.01713e-07
10.94   4.91596e-07
10.95   4.81686e-07
10.96   4.71979e-07
10.97   4.62471e-07
10.98   4.53158e-07
10.99   4.44036e-07
11   4.35101e-07
11.01   4.26349e-07
11.02   4.17776e-07
11.03   4.09378e-07
11.04   4.01152e-07
11.05   3.93094e-07
11.06   3.85201e-07
11.07   3.77469e-07
11.08   3.69895e-07
11.09   3.62476e-07
11.1   3.55208e-07
11.11   3.48088e-07
11.12   3.41114e-07
11.13   3.34282e-07
11.14   3.27589e-07
11.15   3.21033e-07
11.16   3.1461e-07
11.17   3.08317e-07
11.18   3.02153e-07
11.19   2.96114e-07
11.2   2.90199e-07
11.21   2.84403e-07
11.22   2.78725e-07
11.23   2.73163e-07
11.24   2.67713e-07
11.25   2.62374e-07
11.26   2.57144e-07
11.27   2.52019e-07
11.28   2.46999e-07
11.29   2.4208e-07
11.3   2.37261e-07
11.31   2.3254e-07
11.32   2.27914e-07
11.33   2.23382e-07
11.34   2.18942e-07
11.35   2.14591e-07
11.36   2.10329e-07
11.37   2.06153e-07
11.38   2.02061e-07
11.39   1.98051e-07
11.4   1.94123e-07
11.41   1.90274e-07
11.42   1.86503e-07
11.43   1.82807e-07
11.44   1.79187e-07
11.45   1.75639e-07
11.46   1.72163e-07
11.47   1.68757e-07
11.48   1.65419e-07
11.49   1.62148e-07
11.5   1.58944e-07
11.51   1.55804e-07
11.52   1.52727e-07
11.53   1.49712e-07
11.54   1.46757e-07
11.55   1.43862e-07
11.56   1.41025e-07
11.57   1.38244e-07
11.58   1.3552e-07
11.59   1.3285e-07
11.6   1.30234e-07
11.61   1.2767e-07
11.62   1.25158e-07
11.63   1.22696e-07
11.64   1.20283e-07
11.65   1.17919e-07
11.66   1.15602e-07
11.67   1.13331e-07
11.68   1.11105e-07
11.69   1.08924e-07
11.7   1.06787e-07
11.71   1.04692e-07
11.72   1.0264e-07
11.73   1.00628e-07
11.74   9.86559e-08
11.75   9.67234e-08
11.76   9.48295e-08
11.77   9.29734e-08
11.78   9.11542e-08
11.79   8.93712e-08
11.8   8.76238e-08
11.81   8.59111e-08
11.82   8.42325e-08
11.83   8.25872e-08
11.84   8.09747e-08
11.85   7.93942e-08
11.86   7.78451e-08
11.87   7.63268e-08
11.88   7.48386e-08
11.89   7.33799e-08
11.9   7.19502e-08
11.91   7.05488e-08
11.92   6.91752e-08
11.93   6.78288e-08
11.94   6.65091e-08
11.95   6.52155e-08
11.96   6.39475e-08
11.97   6.27046e-08
11.98   6.14863e-08
11.99   6.02921e-08
12   5.91215e-08
12.01   5.7974e-08
12.02   5.68492e-08
12.03   5.57466e-08
12.04   5.46657e-08
12.05   5.36062e-08
12.06   5.25676e-08
12.07   5.15494e-08
12.08   5.05514e-08
12.09   4.95729e-08
12.1   4.86138e-08
12.11   4.76735e-08
12.12   4.67518e-08
12.13   4.58482e-08
12.14   4.49623e-08
12.15   4.40939e-08
12.16   4.32425e-08
12.17   4.24079e-08
12.18   4.15896e-08
12.19   4.07874e-08
12.2   4.0001e-08
12.21   3.923e-08
12.22   3.84741e-08
12.23   3.7733e-08
12.24   3.70065e-08
12.25   3.62941e-08
12.26   3.55958e-08
12.27   3.49111e-08
12.28   3.42398e-08
12.29   3.35816e-08
12.3   3.29363e-08
12.31   3.23037e-08
12.32   3.16834e-08
12.33   3.10752e-08
12.34   3.04789e-08
12.35   2.98942e-08
12.36   2.93209e-08
12.37   2.87588e-08
12.38   2.82077e-08
12.39   2.76674e-08
12.4   2.71375e-08
12.41   2.6618e-08
12.42   2.61086e-08
12.43   2.56091e-08
12.44   2.51194e-08
12.45   2.46391e-08
12.46   2.41682e-08
12.47   2.37065e-08
12.48   2.32537e-08
12.49   2.28097e-08
12.5   2.23744e-08
12.51   2.19475e-08
12.52   2.15289e-08
12.53   2.11184e-08
12.54   2.07159e-08
12.55   2.03212e-08
12.56   1.99341e-08
12.57   1.95545e-08
12.58   1.91823e-08
12.59   1.88173e-08
12.6   1.84593e-08
12.61   1.81083e-08
12.62   1.77641e-08
12.63   1.74265e-08
12.64   1.70954e-08
12.65   1.67708e-08
12.66   1.64524e-08
12.67   1.61401e-08
12.68   1.58339e-08
12.69   1.55336e-08
12.7   1.52391e-08
12.71   1.49503e-08
12.72   1.4667e-08
12.73   1.43892e-08
12.74   1.41167e-08
12.75   1.38495e-08
12.76   1.35875e-08
12.77   1.33304e-08
12.78   1.30784e-08
12.79   1.28311e-08
12.8   1.25886e-08
12.81   1.23508e-08
12.82   1.21176e-08
12.83   1.18888e-08
12.84   1.16644e-08
12.85   1.14443e-08
12.86   1.12285e-08
12.87   1.10168e-08
12.88   1.08091e-08
12.89   1.06054e-08
12.9   1.04057e-08
12.91   1.02097e-08
12.92   1.00175e-08
12.93   9.82902e-09
12.94   9.64411e-09
12.95   9.46274e-09
12.96   9.28484e-09
12.97   9.11034e-09
12.98   8.93917e-09
12.99   8.77127e-09
13   8.60658e-09
13.01   8.44503e-09
13.02   8.28656e-09
13.03   8.13112e-09
13.04   7.97864e-09
13.05   7.82907e-09
13.06   7.68235e-09
13.07   7.53842e-09
13.08   7.39724e-09
13.09   7.25874e-09
13.1   7.12288e-09
13.11   6.9896e-09
13.12   6.85886e-09
13.13   6.73061e-09
13.14   6.60479e-09
13.15   6.48136e-09
13.16   6.36028e-09
13.17   6.2415e-09
13.18   6.12497e-09
13.19   6.01066e-09
13.2   5.89851e-09
13.21   5.78849e-09
13.22   5.68055e-09
13.23   5.57466e-09
13.24   5.47078e-09
13.25   5.36887e-09
13.26   5.26888e-09
13.27   5.17079e-09
13.28   5.07455e-09
13.29   4.98013e-09
13.3   4.8875e-09
13.31   4.79662e-09
13.32   4.70746e-09
13.33   4.61998e-09
13.34   4.53415e-09
13.35   4.44995e-09
13.36   4.36733e-09
13.37   4.28627e-09
13.38   4.20675e-09
13.39   4.12872e-09
13.4   4.05216e-09
13.41   3.97704e-09
13.42   3.90334e-09
13.43   3.83103e-09
13.44   3.76008e-09
13.45   3.69046e-09
13.46   3.62215e-09
13.47   3.55513e-09
13.48   3.48937e-09
13.49   3.42484e-09
13.5   3.36153e-09
13.51   3.29941e-09
13.52   3.23845e-09
13.53   3.17863e-09
13.54   3.11994e-09
13.55   3.06235e-09
13.56   3.00584e-09
13.57   2.95039e-09
13.58   2.89598e-09
13.59   2.84259e-09
13.6   2.7902e-09
13.61   2.73879e-09
13.62   2.68834e-09
13.63   2.63884e-09
13.64   2.59026e-09
13.65   2.54259e-09
13.66   2.49581e-09
13.67   2.44991e-09
13.68   2.40486e-09
13.69   2.36066e-09
13.7   2.31728e-09
13.71   2.27471e-09
13.72   2.23294e-09
13.73   2.19194e-09
13.74   2.15171e-09
13.75   2.11223e-09
13.76   2.07348e-09
13.77   2.03546e-09
13.78   1.99814e-09
13.79   1.96152e-09
13.8   1.92559e-09
13.81   1.89032e-09
13.82   1.8557e-09
13.83   1.82173e-09
13.84   1.7884e-09
13.85   1.75568e-09
13.86   1.72357e-09
13.87   1.69205e-09
13.88   1.66112e-09
13.89   1.63077e-09
13.9   1.60098e-09
13.91   1.57174e-09
13.92   1.54304e-09
13.93   1.51488e-09
13.94   1.48724e-09
13.95   1.46011e-09
13.96   1.43348e-09
13.97   1.40735e-09
13.98   1.3817e-09
13.99   1.35652e-09
14   1.33181e-09
14.01   1.30756e-09
14.02   1.28376e-09
14.03   1.26039e-09
14.04   1.23746e-09
14.05   1.21495e-09
14.06   1.19286e-09
14.07   1.17118e-09
14.08   1.14989e-09
14.09   1.129e-09
14.1   1.10849e-09
14.11   1.08837e-09
14.12   1.06861e-09
14.13   1.04922e-09
14.14   1.03018e-09
14.15   1.0115e-09
14.16   9.93155e-10
14.17   9.75152e-10
14.18   9.57481e-10
14.19   9.40134e-10
14.2   9.23107e-10
14.21   9.06392e-10
14.22   8.89985e-10
14.23   8.7388e-10
14.24   8.5807e-10
14.25   8.42551e-10
14.26   8.27317e-10
14.27   8.12362e-10
14.28   7.97682e-10
14.29   7.83271e-10
14.3   7.69125e-10
14.31   7.55237e-10
14.32   7.41605e-10
14.33   7.28222e-10
14.34   7.15084e-10
14.35   7.02187e-10
14.36   6.89526e-10
14.37   6.77097e-10
14.38   6.64895e-10
14.39   6.52917e-10
14.4   6.41157e-10
14.41   6.29613e-10
14.42   6.18279e-10
14.43   6.07153e-10
14.44   5.96229e-10
14.45   5.85506e-10
14.46   5.74978e-10
14.47   5.64642e-10
14.48   5.54495e-10
14.49   5.44533e-10
14.5   5.34752e-10
14.51   5.2515e-10
14.52   5.15723e-10
14.53   5.06467e-10
14.54   4.97381e-10
14.55   4.88459e-10
14.56   4.797e-10
14.57   4.71101e-10
14.58   4.62658e-10
14.59   4.54368e-10
14.6   4.46229e-10
14.61   4.38238e-10
14.62   4.30393e-10
14.63   4.2269e-10
14.64   4.15127e-10
14.65   4.07701e-10
14.66   4.0041e-10
14.67   3.93251e-10
14.68   3.86222e-10
14.69   3.79321e-10
14.7   3.72544e-10
14.71   3.65891e-10
14.72   3.59358e-10
14.73   3.52944e-10
14.74   3.46646e-10
14.75   3.40461e-10
14.76   3.34389e-10
14.77   3.28427e-10
14.78   3.22572e-10
14.79   3.16824e-10
14.8   3.11179e-10
14.81   3.05636e-10
14.82   3.00194e-10
14.83   2.9485e-10
14.84   2.89602e-10
14.85   2.84449e-10
14.86   2.7939e-10
14.87   2.74421e-10
14.88   2.69542e-10
14.89   2.64751e-10
14.9   2.60047e-10
14.91   2.55427e-10
14.92   2.50891e-10
14.93   2.46436e-10
14.94   2.42062e-10
14.95   2.37766e-10
14.96   2.33548e-10
14.97   2.29405e-10
14.98   2.25338e-10
14.99   2.21343e-10
15   2.1742e-10
15.01   2.13568e-10
15.02   2.09785e-10
15.03   2.0607e-10
15.04   2.02421e-10
15.05   1.98838e-10
15.06   1.9532e-10
15.07   1.91865e-10
15.08   1.88471e-10
15.09   1.85139e-10
15.1   1.81866e-10
15.11   1.78652e-10
15.12   1.75496e-10
15.13   1.72396e-10
15.14   1.69352e-10
15.15   1.66362e-10
15.16   1.63426e-10
15.17   1.60542e-10
15.18   1.5771e-10
15.19   1.54928e-10
15.2   1.52197e-10
15.21   1.49514e-10
15.22   1.46879e-10
15.23   1.44291e-10
15.24   1.4175e-10
15.25   1.39254e-10
15.26   1.36802e-10
15.27   1.34395e-10
15.28   1.3203e-10
15.29   1.29707e-10
15.3   1.27426e-10
15.31   1.25186e-10
15.32   1.22985e-10
15.33   1.20824e-10
15.34   1.18701e-10
15.35   1.16616e-10
15.36   1.14568e-10
15.37   1.12557e-10
15.38   1.10581e-10
15.39   1.08641e-10
15.4   1.06735e-10
15.41   1.04863e-10
15.42   1.03025e-10
15.43   1.01219e-10
15.44   9.94447e-11
15.45   9.77024e-11
15.46   9.5991e-11
15.47   9.431e-11
15.48   9.26589e-11
15.49   9.1037e-11
15.5   8.9444e-11
15.51   8.78792e-11
15.52   8.63422e-11
15.53   8.48324e-11
15.54   8.33494e-11
15.55   8.18927e-11
15.56   8.04617e-11
15.57   7.90562e-11
15.58   7.76755e-11
15.59   7.63193e-11
15.6   7.49871e-11
15.61   7.36784e-11
15.62   7.2393e-11
15.63   7.11302e-11
15.64   6.98898e-11
15.65   6.86713e-11
15.66   6.74743e-11
15.67   6.62985e-11
15.68   6.51435e-11
15.69   6.40089e-11
15.7   6.28943e-11
15.71   6.17994e-11
15.72   6.07238e-11
15.73   5.96671e-11
15.74   5.86291e-11
15.75   5.76095e-11
15.76   5.66078e-11
15.77   5.56237e-11
15.78   5.4657e-11
15.79   5.37073e-11
15.8   5.27744e-11
15.81   5.18578e-11
15.82   5.09574e-11
15.83   5.00729e-11
15.84   4.92039e-11
15.85   4.83502e-11
15.86   4.75115e-11
15.87   4.66876e-11
15.88   4.58781e-11
15.89   4.50829e-11
15.9   4.43016e-11
15.91   4.35341e-11
15.92   4.278e-11
15.93   4.20392e-11
15.94   4.13113e-11
15.95   4.05963e-11
15.96   3.98938e-11
15.97   3.92036e-11
15.98   3.85255e-11
15.99   3.78593e-11
16   3.72047e-11
16.01   3.65617e-11
16.02   3.59299e-11
16.03   3.53091e-11
16.04   3.46993e-11
16.05   3.41001e-11
16.06   3.35114e-11
16.07   3.2933e-11
16.08   3.23647e-11
16.09   3.18063e-11
16.1   3.12577e-11
16.11   3.07187e-11
16.12   3.01891e-11
16.13   2.96688e-11
16.14   2.91575e-11
16.15   2.86552e-11
16.16   2.81616e-11
16.17   2.76767e-11
16.18   2.72002e-11
16.19   2.6732e-11
16.2   2.6272e-11
16.21   2.58201e-11
16.22   2.53759e-11
16.23   2.49396e-11
16.24   2.45108e-11
16.25   2.40895e-11
16.26   2.36756e-11
16.27   2.32688e-11
16.28   2.28691e-11
16.29   2.24764e-11
16.3   2.20905e-11
16.31   2.17113e-11
16.32   2.13388e-11
16.33   2.09726e-11
16.34   2.06129e-11
16.35   2.02594e-11
16.36   1.99121e-11
16.37   1.95707e-11
16.38   1.92354e-11
16.39   1.89058e-11
16.4   1.85819e-11
16.41   1.82637e-11
16.42   1.7951e-11
16.43   1.76437e-11
16.44   1.73417e-11
16.45   1.7045e-11
16.46   1.67534e-11
16.47   1.64669e-11
16.48   1.61853e-11
16.49   1.59087e-11
16.5   1.56368e-11
16.51   1.53696e-11
16.52   1.5107e-11
16.53   1.4849e-11
16.54   1.45954e-11
16.55   1.43462e-11
16.56   1.41014e-11
16.57   1.38607e-11
16.58   1.36242e-11
16.59   1.33919e-11
16.6   1.31635e-11
16.61   1.2939e-11
16.62   1.27185e-11
16.63   1.25017e-11
16.64   1.22887e-11
16.65   1.20794e-11
16.66   1.18737e-11
16.67   1.16715e-11
16.68   1.14728e-11
16.69   1.12775e-11
16.7   1.10856e-11
16.71   1.0897e-11
16.72   1.07117e-11
16.73   1.05295e-11
16.74   1.03505e-11
16.75   1.01746e-11
16.76   1.00017e-11
16.77   9.83175e-12
16.78   9.66474e-12
16.79   9.5006e-12
16.8   9.33929e-12
16.81   9.18074e-12
16.82   9.02493e-12
16.83   8.87179e-12
16.84   8.72128e-12
16.85   8.57335e-12
16.86   8.42797e-12
16.87   8.28508e-12
16.88   8.14464e-12
16.89   8.00662e-12
16.9   7.87096e-12
16.91   7.73763e-12
16.92   7.60658e-12
16.93   7.47778e-12
16.94   7.35119e-12
16.95   7.22677e-12
16.96   7.10448e-12
16.97   6.98428e-12
16.98   6.86614e-12
16.99   6.75003e-12
17   6.6359e-12
17.01   6.52373e-12
17.02   6.41347e-12
17.03   6.3051e-12
17.04   6.19858e-12
17.05   6.09389e-12
17.06   5.99098e-12
17.07   5.88984e-12
17.08   5.79042e-12
17.09   5.6927e-12
17.1   5.59665e-12
17.11   5.50223e-12
17.12   5.40943e-12
17.13   5.31822e-12
17.14   5.22856e-12
17.15   5.14043e-12
17.16   5.0538e-12
17.17   4.96865e-12
17.18   4.88495e-12
17.19   4.80268e-12
17.2   4.72181e-12
17.21   4.64232e-12
17.22   4.56418e-12
17.23   4.48738e-12
17.24   4.41188e-12
17.25   4.33766e-12
17.26   4.26471e-12
17.27   4.193e-12
17.28   4.12251e-12
17.29   4.05322e-12
17.3   3.98511e-12
17.31   3.91816e-12
17.32   3.85234e-12
17.33   3.78764e-12
17.34   3.72404e-12
17.35   3.66152e-12
17.36   3.60007e-12
17.37   3.53965e-12
17.38   3.48027e-12
17.39   3.42189e-12
17.4   3.3645e-12
17.41   3.30808e-12
17.42   3.25262e-12
17.43   3.1981e-12
17.44   3.14451e-12
17.45   3.09182e-12
17.46   3.04003e-12
17.47   2.98912e-12
17.48   2.93907e-12
17.49   2.88986e-12
17.5   2.84149e-12
17.51   2.79394e-12
17.52   2.74719e-12
17.53   2.70123e-12
17.54   2.65605e-12
17.55   2.61164e-12
17.56   2.56798e-12
17.57   2.52505e-12
17.58   2.48285e-12
17.59   2.44137e-12
17.6   2.40058e-12
17.61   2.36049e-12
17.62   2.32107e-12
17.63   2.28232e-12
17.64   2.24422e-12
17.65   2.20677e-12
17.66   2.16994e-12
17.67   2.13374e-12
17.68   2.09815e-12
17.69   2.06316e-12
17.7   2.02877e-12
17.71   1.99495e-12
17.72   1.9617e-12
17.73   1.92901e-12
17.74   1.89687e-12
17.75   1.86528e-12
17.76   1.83422e-12
17.77   1.80368e-12
17.78   1.77365e-12
17.79   1.74413e-12
17.8   1.71511e-12
17.81   1.68658e-12
17.82   1.65853e-12
17.83   1.63095e-12
17.84   1.60383e-12
17.85   1.57717e-12
17.86   1.55096e-12
17.87   1.52519e-12
17.88   1.49985e-12
17.89   1.47494e-12
17.9   1.45045e-12
17.91   1.42637e-12
17.92   1.40269e-12
17.93   1.37941e-12
17.94   1.35653e-12
17.95   1.33403e-12
17.96   1.3119e-12
17.97   1.29015e-12
17.98   1.26877e-12
17.99   1.24774e-12
18   1.22707e-12
18.01   1.20674e-12
18.02   1.18675e-12
18.03   1.1671e-12
18.04   1.14779e-12
18.05   1.12879e-12
18.06   1.11011e-12
18.07   1.09175e-12
18.08   1.0737e-12
18.09   1.05595e-12
18.1   1.03849e-12
18.11   1.02133e-12
18.12   1.00446e-12
18.13   9.87871e-13
18.14   9.71561e-13
18.15   9.55524e-13
18.16   9.39756e-13
18.17   9.24253e-13
18.18   9.0901e-13
18.19   8.94023e-13
18.2   8.79288e-13
18.21   8.648e-13
18.22   8.50555e-13
18.23   8.3655e-13
18.24   8.22779e-13
18.25   8.0924e-13
18.26   7.95929e-13
18.27   7.8284e-13
18.28   7.69972e-13
18.29   7.5732e-13
18.3   7.44881e-13
18.31   7.3265e-13
18.32   7.20626e-13
18.33   7.08803e-13
18.34   6.97179e-13
18.35   6.85751e-13
18.36   6.74515e-13
18.37   6.63468e-13
18.38   6.52607e-13
18.39   6.4193e-13
18.4   6.31431e-13
18.41   6.2111e-13
18.42   6.10963e-13
18.43   6.00987e-13
18.44   5.9118e-13
18.45   5.81538e-13
18.46   5.72059e-13
18.47   5.6274e-13
18.48   5.53578e-13
18.49   5.44572e-13
18.5   5.35718e-13
18.51   5.27014e-13
18.52   5.18457e-13
18.53   5.10046e-13
18.54   5.01777e-13
18.55   4.93649e-13
18.56   4.85659e-13
18.57   4.77805e-13
18.58   4.70085e-13
18.59   4.62496e-13
18.6   4.55037e-13
18.61   4.47705e-13
18.62   4.40499e-13
18.63   4.33416e-13
18.64   4.26454e-13
18.65   4.19612e-13
18.66   4.12888e-13
18.67   4.06279e-13
18.68   3.99784e-13
18.69   3.93401e-13
18.7   3.87128e-13
18.71   3.80964e-13
18.72   3.74907e-13
18.73   3.68955e-13
18.74   3.63107e-13
18.75   3.5736e-13
18.76   3.51715e-13
18.77   3.46167e-13
18.78   3.40718e-13
18.79   3.35364e-13
18.8   3.30104e-13
18.81   3.24938e-13
18.82   3.19863e-13
18.83   3.14878e-13
18.84   3.09982e-13
18.85   3.05173e-13
18.86   3.00451e-13
18.87   2.95813e-13
18.88   2.9126e-13
18.89   2.86788e-13
18.9   2.82398e-13
18.91   2.78088e-13
18.92   2.73857e-13
18.93   2.69704e-13
18.94   2.65627e-13
18.95   2.61626e-13
18.96   2.577e-13
18.97   2.53847e-13
18.98   2.50067e-13
18.99   2.46358e-13
19   2.42719e-13
19.01   2.39151e-13
19.02   2.3565e-13
19.03   2.32218e-13
19.04   2.28852e-13
19.05   2.25553e-13
19.06   2.22318e-13
19.07   2.19148e-13
19.08   2.16042e-13
19.09   2.12998e-13
19.1   2.10016e-13
19.11   2.07095e-13
19.12   2.04235e-13
19.13   2.01434e-13
19.14   1.98693e-13
19.15   1.96009e-13
19.16   1.93384e-13
19.17   1.90816e-13
19.18   1.88304e-13
19.19   1.85848e-13
19.2   1.83447e-13
19.21   1.81101e-13
19.22   1.7881e-13
19.23   1.76572e-13
19.24   1.74387e-13
19.25   1.72254e-13
19.26   1.70174e-13
19.27   1.68145e-13
19.28   1.66168e-13
19.29   1.64241e-13
19.3   1.62365e-13
19.31   1.60539e-13
19.32   1.58762e-13
19.33   1.57035e-13
19.34   1.55357e-13
19.35   1.53727e-13
19.36   1.52145e-13
19.37   1.50611e-13
19.38   1.49125e-13
19.39   1.47687e-13
19.4   1.46295e-13
19.41   1.44951e-13
19.42   1.43653e-13
19.43   1.42402e-13
19.44   1.41197e-13
19.45   1.40038e-13
19.46   1.38925e-13
19.47   1.37858e-13
19.48   1.36837e-13
19.49   1.35862e-13
19.5   1.34932e-13
19.51   1.34048e-13
19.52   1.33209e-13
19.53   1.32415e-13
19.54   1.31667e-13
19.55   1.30964e-13
19.56   1.30307e-13
19.57   1.29695e-13
19.58   1.29129e-13
19.59   1.28609e-13
19.6   1.28134e-13
19.61   1.27705e-13
19.62   1.27321e-13
19.63   1.26984e-13
19.64   1.26693e-13
19.65   1.26448e-13
19.66   1.2625e-13
19.67   1.26099e-13
19.68   1.25995e-13
19.69   1.25938e-13
19.7   1.25929e-13
19.71   1.25967e-13
19.72   1.26054e-13
19.73   1.26189e-13
19.74   1.26374e-13
19.75   1.26607e-13
19.76   1.2689e-13
19.77   1.27223e-13
19.78   1.27606e-13
19.79   1.28041e-13
19.8   1.28527e-13
19.81   1.29064e-13
19.82   1.29655e-13
19.83   1.30298e-13
19.84   1.30995e-13
19.85   1.31746e-13
19.86   1.32551e-13
19.87   1.33412e-13
19.88   1.3433e-13
19.89   1.35304e-13
19.9   1.36335e-13
19.91   1.37425e-13
19.92   1.38574e-13
19.93   1.39783e-13
19.94   1.41052e-13
19.95   1.42383e-13
19.96   1.43776e-13
19.97   1.45232e-13
19.98   1.46753e-13
19.99   1.48339e-13
20   1.49991e-13
20.01   1.51711e-13
20.02   1.53499e-13
20.03   1.55356e-13
20.04   1.57283e-13
20.05   1.59283e-13
20.06   1.61355e-13
20.07   1.63501e-13
20.08   1.65723e-13
20.09   1.68021e-13
20.1   1.70398e-13
20.11   1.72854e-13
20.12   1.7539e-13
20.13   1.78009e-13
20.14   1.80712e-13
20.15   1.835e-13
20.16   1.86375e-13
20.17   1.89338e-13
20.18   1.92391e-13
20.19   1.95537e-13
20.2   1.98776e-13
20.21   2.0211e-13
20.22   2.05541e-13
20.23   2.09072e-13
20.24   2.12704e-13
20.25   2.16438e-13
20.26   2.20278e-13
20.27   2.24225e-13
20.28   2.28282e-13
20.29   2.32449e-13
20.3   2.36731e-13
20.31   2.41129e-13
20.32   2.45645e-13
20.33   2.50282e-13
20.34   2.55042e-13
20.35   2.59929e-13
20.36   2.64943e-13
20.37   2.70089e-13
20.38   2.75369e-13
20.39   2.80786e-13
20.4   2.86342e-13
20.41   2.92041e-13
20.42   2.97886e-13
20.43   3.03879e-13
20.44   3.10024e-13
20.45   3.16324e-13
20.46   3.22782e-13
20.47   3.29403e-13
20.48   3.36188e-13
20.49   3.43143e-13
20.5   3.50269e-13
20.51   3.57573e-13
20.52   3.65056e-13
20.53   3.72723e-13
20.54   3.80578e-13
20.55   3.88625e-13
20.56   3.96869e-13
20.57   4.05313e-13
20.58   4.13962e-13
20.59   4.22821e-13
20.6   4.31893e-13
20.61   4.41185e-13
20.62   4.507e-13
20.63   4.60444e-13
20.64   4.70421e-13
20.65   4.80638e-13
20.66   4.91098e-13
20.67   5.01809e-13
20.68   5.12774e-13
20.69   5.24e-13
20.7   5.35493e-13
20.71   5.47258e-13
20.72   5.59302e-13
20.73   5.71631e-13
20.74   5.84251e-13
20.75   5.9717e-13
20.76   6.10392e-13
20.77   6.23926e-13
20.78   6.37778e-13
20.79   6.51956e-13
20.8   6.66466e-13
20.81   6.81317e-13
20.82   6.96516e-13
20.83   7.1207e-13
20.84   7.27989e-13
20.85   7.44279e-13
20.86   7.6095e-13
20.87   7.7801e-13
20.88   7.95467e-13
20.89   8.13331e-13
20.9   8.31612e-13
20.91   8.50317e-13
20.92   8.69458e-13
20.93   8.89044e-13
20.94   9.09084e-13
20.95   9.2959e-13
20.96   9.50572e-13
20.97   9.7204e-13
20.98   9.94006e-13
20.99   1.01648e-12
21   1.03948e-12
21.01   1.063e-12
21.02   1.08708e-12
21.03   1.1117e-12
21.04   1.1369e-12
21.05   1.16268e-12
21.06   1.18906e-12
21.07   1.21605e-12
21.08   1.24365e-12
21.09   1.2719e-12
21.1   1.3008e-12
21.11   1.33036e-12
21.12   1.36061e-12
21.13   1.39155e-12
21.14   1.42321e-12
21.15   1.45559e-12
21.16   1.48873e-12
21.17   1.52262e-12
21.18   1.5573e-12
21.19   1.59277e-12
21.2   1.62906e-12
21.21   1.66619e-12
21.22   1.70417e-12
21.23   1.74302e-12
21.24   1.78277e-12
21.25   1.82343e-12
21.26   1.86502e-12
21.27   1.90757e-12
21.28   1.9511e-12
21.29   1.99563e-12
21.3   2.04118e-12
21.31   2.08778e-12
21.32   2.13545e-12
21.33   2.18422e-12
21.34   2.2341e-12
21.35   2.28513e-12
21.36   2.33733e-12
21.37   2.39073e-12
21.38   2.44536e-12
21.39   2.50124e-12
21.4   2.5584e-12
21.41   2.61687e-12
21.42   2.67669e-12
21.43   2.73788e-12
21.44   2.80047e-12
21.45   2.86449e-12
21.46   2.92999e-12
21.47   2.99699e-12
21.48   3.06552e-12
21.49   3.13563e-12
21.5   3.20734e-12
21.51   3.2807e-12
21.52   3.35573e-12
21.53   3.43249e-12
21.54   3.51101e-12
21.55   3.59133e-12
21.56   3.67349e-12
21.57   3.75754e-12
21.58   3.84351e-12
21.59   3.93145e-12
21.6   4.0214e-12
21.61   4.11342e-12
21.62   4.20754e-12
21.63   4.30383e-12
21.64   4.40231e-12
21.65   4.50306e-12
21.66   4.60611e-12
21.67   4.71153e-12
21.68   4.81935e-12
21.69   4.92965e-12
21.7   5.04248e-12
21.71   5.15789e-12
21.72   5.27594e-12
21.73   5.3967e-12
21.74   5.52023e-12
21.75   5.64658e-12
21.76   5.77583e-12
21.77   5.90803e-12
21.78   6.04327e-12
21.79   6.1816e-12
21.8   6.3231e-12
21.81   6.46784e-12
21.82   6.6159e-12
21.83   6.76735e-12
21.84   6.92226e-12
21.85   7.08072e-12
21.86   7.24281e-12
21.87   7.40861e-12
21.88   7.57821e-12
21.89   7.75169e-12
21.9   7.92915e-12
21.91   8.11066e-12
21.92   8.29634e-12
21.93   8.48626e-12
21.94   8.68053e-12
21.95   8.87925e-12
21.96   9.08252e-12
21.97   9.29044e-12
21.98   9.50312e-12
21.99   9.72067e-12
22   9.94321e-12
22.01   1.01708e-11
22.02   1.04037e-11
