0.01	3.55842e-33	1.26624e-61
0.02	6.41028e-17	1.02729e-29
0.03	3.84617e-16	1.64367e-28
0.04	1.28206e-15	1.02729e-27
0.05	3.20514e-15	4.10917e-27
0.06	6.7308e-15	1.25843e-26
0.07	1.25642e-14	3.22159e-26
0.08	2.15386e-14	7.24858e-26
0.09	3.46155e-14	1.4793e-25
0.1	5.28849e-14	2.79681e-25
0.11	7.75645e-14	4.97211e-25
0.12	1.10001e-13	8.40286e-25
0.13	1.51667e-13	1.36113e-24
0.14	2.04168e-13	2.12676e-24
0.15	2.69232e-13	3.2216e-24
0.16	3.4872e-13	4.75022e-24
0.17	4.44618e-13	6.84033e-24
0.18	5.59042e-13	9.64593e-24
0.19	6.94236e-13	1.33508e-23
0.2	8.52571e-13	1.81719e-23
0.21	1.03655e-12	2.43635e-23
0.22	1.24879e-12	3.22207e-23
0.23	1.49206e-12	4.20842e-23
0.24	1.76925e-12	5.43444e-23
0.25	2.08335e-12	6.94458e-23
0.26	2.43752e-12	8.78924e-23
0.27	2.83503e-12	1.10252e-22
0.28	3.27927e-12	1.37163e-22
0.29	3.77376e-12	1.69337e-22
0.3	4.32217e-12	2.07568e-22
0.31	4.92827e-12	2.52735e-22
0.32	5.59597e-12	3.05809e-22
0.33	6.32931e-12	3.67862e-22
0.34	7.13247e-12	4.4007e-22
0.35	8.00973e-12	5.2372e-22
0.36	8.96551e-12	6.20219e-22
0.37	1.00044e-11	7.311e-22
0.38	1.1131e-11	8.58027e-22
0.39	1.23502e-11	1.00281e-21
0.4	1.36669e-11	1.1674e-21
0.41	1.50861e-11	1.35391e-21
0.42	1.66132e-11	1.56461e-21
0.43	1.82532e-11	1.80195e-21
0.44	2.00119e-11	2.06857e-21
0.45	2.18946e-11	2.36728e-21
0.46	2.39071e-11	2.70109e-21
0.47	2.60553e-11	3.07324e-21
0.48	2.83451e-11	3.48717e-21
0.49	3.07826e-11	3.94655e-21
0.5	3.3374e-11	4.45528e-21
0.51	3.61256e-11	5.01753e-21
0.52	3.9044e-11	5.63769e-21
0.53	4.21357e-11	6.32045e-21
0.54	4.54074e-11	7.07077e-21
0.55	4.88661e-11	7.89388e-21
0.56	5.25187e-11	8.79533e-21
0.57	5.63723e-11	9.78098e-21
0.58	6.04342e-11	1.0857e-20
0.59	6.47117e-11	1.20299e-20
0.6	6.92124e-11	1.33065e-20
0.61	7.39438e-11	1.46941e-20
0.62	7.89137e-11	1.62002e-20
0.63	8.413e-11	1.78329e-20
0.64	8.96007e-11	1.96003e-20
0.65	9.5334e-11	2.15114e-20
0.66	1.01338e-10	2.35753e-20
0.67	1.07621e-10	2.58016e-20
0.68	1.14192e-10	2.82004e-20
0.69	1.2106e-10	3.07823e-20
0.7	1.28232e-10	3.35582e-20
0.71	1.35719e-10	3.65395e-20
0.72	1.43528e-10	3.97385e-20
0.73	1.5167e-10	4.31674e-20
0.74	1.60154e-10	4.68394e-20
0.75	1.68988e-10	5.0768e-20
0.76	1.78183e-10	5.49675e-20
0.77	1.87748e-10	5.94525e-20
0.78	1.97693e-10	6.42384e-20
0.79	2.08028e-10	6.9341e-20
0.8	2.18763e-10	7.4777e-20
0.81	2.29908e-10	8.05635e-20
0.82	2.41474e-10	8.67184e-20
0.83	2.5347e-10	9.32602e-20
0.84	2.65908e-10	1.00208e-19
0.85	2.78798e-10	1.07582e-19
0.86	2.9215e-10	1.15403e-19
0.87	3.05977e-10	1.23691e-19
0.88	3.20289e-10	1.3247e-19
0.89	3.35097e-10	1.41762e-19
0.9	3.50412e-10	1.51591e-19
0.91	3.66246e-10	1.61981e-19
0.92	3.82611e-10	1.72957e-19
0.93	3.99518e-10	1.84547e-19
0.94	4.16979e-10	1.96776e-19
0.95	4.35006e-10	2.09674e-19
0.96	4.53611e-10	2.23267e-19
0.97	4.72807e-10	2.37588e-19
0.98	4.92605e-10	2.52665e-19
0.99	5.13018e-10	2.68532e-19
1	5.34059e-10	2.85219e-19
1.01	5.55741e-10	3.02762e-19
1.02	5.78075e-10	3.21195e-19
1.03	6.01076e-10	3.40553e-19
1.04	6.24756e-10	3.60873e-19
1.05	6.49129e-10	3.82194e-19
1.06	6.74208e-10	4.04554e-19
1.07	7.00006e-10	4.27992e-19
1.08	7.26537e-10	4.52552e-19
1.09	7.53815e-10	4.78274e-19
1.1	7.81853e-10	5.05202e-19
1.11	8.10666e-10	5.33382e-19
1.12	8.40268e-10	5.62858e-19
1.13	8.70672e-10	5.9368e-19
1.14	9.01893e-10	6.25894e-19
1.15	9.33946e-10	6.59551e-19
1.16	9.66846e-10	6.94702e-19
1.17	1.00061e-09	7.314e-19
1.18	1.03524e-09	7.69698e-19
1.19	1.07077e-09	8.09651e-19
1.2	1.1072e-09	8.51317e-19
1.21	1.14456e-09	8.94754e-19
1.22	1.18285e-09	9.40021e-19
1.23	1.22209e-09	9.87178e-19
1.24	1.2623e-09	1.03629e-18
1.25	1.30349e-09	1.08742e-18
1.26	1.34568e-09	1.14063e-18
1.27	1.38889e-09	1.19599e-18
1.28	1.43313e-09	1.25358e-18
1.29	1.47842e-09	1.31345e-18
1.3	1.52476e-09	1.37568e-18
1.31	1.57219e-09	1.44036e-18
1.32	1.62072e-09	1.50754e-18
1.33	1.67036e-09	1.57731e-18
1.34	1.72113e-09	1.64974e-18
1.35	1.77304e-09	1.72493e-18
1.36	1.82612e-09	1.80295e-18
1.37	1.88039e-09	1.88388e-18
1.38	1.93585e-09	1.96781e-18
1.39	1.99252e-09	2.05484e-18
1.4	2.05043e-09	2.14504e-18
1.41	2.10959e-09	2.23851e-18
1.42	2.17002e-09	2.33535e-18
1.43	2.23174e-09	2.43565e-18
1.44	2.29476e-09	2.53951e-18
1.45	2.35911e-09	2.64703e-18
1.46	2.42479e-09	2.75831e-18
1.47	2.49184e-09	2.87346e-18
1.48	2.56026e-09	2.99258e-18
1.49	2.63008e-09	3.11577e-18
1.5	2.70132e-09	3.24316e-18
1.51	2.77399e-09	3.37486e-18
1.52	2.84811e-09	3.51097e-18
1.53	2.92371e-09	3.65161e-18
1.54	3.00079e-09	3.79691e-18
1.55	3.07939e-09	3.94699e-18
1.56	3.15952e-09	4.10197e-18
1.57	3.2412e-09	4.26198e-18
1.58	3.32444e-09	4.42714e-18
1.59	3.40928e-09	4.5976e-18
1.6	3.49572e-09	4.77347e-18
1.61	3.5838e-09	4.9549e-18
1.62	3.67352e-09	5.14203e-18
1.63	3.76491e-09	5.335e-18
1.64	3.858e-09	5.53396e-18
1.65	3.95279e-09	5.73904e-18
1.66	4.04931e-09	5.9504e-18
1.67	4.14758e-09	6.16819e-18
1.68	4.24763e-09	6.39256e-18
1.69	4.34947e-09	6.62368e-18
1.7	4.45312e-09	6.86169e-18
1.71	4.55861e-09	7.10678e-18
1.72	4.66595e-09	7.35909e-18
1.73	4.77518e-09	7.6188e-18
1.74	4.8863e-09	7.88608e-18
1.75	4.99934e-09	8.16111e-18
1.76	5.11432e-09	8.44405e-18
1.77	5.23127e-09	8.7351e-18
1.78	5.3502e-09	9.03442e-18
1.79	5.47114e-09	9.34222e-18
1.8	5.59411e-09	9.65868e-18
1.81	5.71914e-09	9.98399e-18
1.82	5.84623e-09	1.03183e-17
1.83	5.97543e-09	1.06619e-17
1.84	6.10674e-09	1.1015e-17
1.85	6.2402e-09	1.13777e-17
1.86	6.37582e-09	1.17502e-17
1.87	6.51362e-09	1.21328e-17
1.88	6.65364e-09	1.25257e-17
1.89	6.79589e-09	1.29291e-17
1.9	6.94039e-09	1.33432e-17
1.91	7.08718e-09	1.37683e-17
1.92	7.23627e-09	1.42045e-17
1.93	7.38768e-09	1.46522e-17
1.94	7.54144e-09	1.51114e-17
1.95	7.69758e-09	1.55826e-17
1.96	7.85611e-09	1.60658e-17
1.97	8.01707e-09	1.65615e-17
1.98	8.18047e-09	1.70697e-17
1.99	8.34633e-09	1.75908e-17
2	8.51469e-09	1.8125e-17
2.01	8.68557e-09	1.86726e-17
2.02	8.85898e-09	1.92338e-17
2.03	9.03496e-09	1.98089e-17
2.04	9.21354e-09	2.03982e-17
2.05	9.39472e-09	2.1002e-17
2.06	9.57854e-09	2.16204e-17
2.07	9.76503e-09	2.22539e-17
2.08	9.95421e-09	2.29027e-17
2.09	1.01461e-08	2.35671e-17
2.1	1.03407e-08	2.42473e-17
2.11	1.05381e-08	2.49437e-17
2.12	1.07383e-08	2.56566e-17
2.13	1.09413e-08	2.63862e-17
2.14	1.11471e-08	2.71329e-17
2.15	1.13558e-08	2.78971e-17
2.16	1.15674e-08	2.86789e-17
2.17	1.17819e-08	2.94788e-17
2.18	1.19993e-08	3.0297e-17
2.19	1.22197e-08	3.11339e-17
2.2	1.24431e-08	3.19899e-17
2.21	1.26695e-08	3.28652e-17
2.22	1.2899e-08	3.37602e-17
2.23	1.31315e-08	3.46752e-17
2.24	1.33671e-08	3.56107e-17
2.25	1.36059e-08	3.65669e-17
2.26	1.38478e-08	3.75441e-17
2.27	1.40928e-08	3.85429e-17
2.28	1.43411e-08	3.95635e-17
2.29	1.45926e-08	4.06063e-17
2.3	1.48473e-08	4.16717e-17
2.31	1.51054e-08	4.276e-17
2.32	1.53667e-08	4.38717e-17
2.33	1.56313e-08	4.50071e-17
2.34	1.58994e-08	4.61666e-17
2.35	1.61708e-08	4.73507e-17
2.36	1.64456e-08	4.85597e-17
2.37	1.67239e-08	4.9794e-17
2.38	1.70056e-08	5.1054e-17
2.39	1.72908e-08	5.23402e-17
2.4	1.75796e-08	5.3653e-17
2.41	1.78719e-08	5.49928e-17
2.42	1.81677e-08	5.636e-17
2.43	1.84672e-08	5.77551e-17
2.44	1.87703e-08	5.91784e-17
2.45	1.90771e-08	6.06305e-17
2.46	1.93875e-08	6.21118e-17
2.47	1.97017e-08	6.36228e-17
2.48	2.00196e-08	6.51638e-17
2.49	2.03412e-08	6.67354e-17
2.5	2.06667e-08	6.8338e-17
2.51	2.0996e-08	6.99721e-17
2.52	2.13291e-08	7.16382e-17
2.53	2.16661e-08	7.33367e-17
2.54	2.2007e-08	7.50682e-17
2.55	2.23519e-08	7.68331e-17
2.56	2.27007e-08	7.86318e-17
2.57	2.30535e-08	8.0465e-17
2.58	2.34103e-08	8.23332e-17
2.59	2.37712e-08	8.42367e-17
2.6	2.41361e-08	8.61762e-17
2.61	2.45051e-08	8.81522e-17
2.62	2.48783e-08	9.01651e-17
2.63	2.52556e-08	9.22155e-17
2.64	2.56371e-08	9.4304e-17
2.65	2.60228e-08	9.6431e-17
2.66	2.64128e-08	9.85972e-17
2.67	2.6807e-08	1.00803e-16
2.68	2.72055e-08	1.03049e-16
2.69	2.76083e-08	1.05336e-16
2.7	2.80155e-08	1.07664e-16
2.71	2.84271e-08	1.10034e-16
2.72	2.88431e-08	1.12446e-16
2.73	2.92635e-08	1.14902e-16
2.74	2.96884e-08	1.17401e-16
2.75	3.01178e-08	1.19944e-16
2.76	3.05517e-08	1.22533e-16
2.77	3.09901e-08	1.25166e-16
2.78	3.14331e-08	1.27846e-16
2.79	3.18808e-08	1.30572e-16
2.8	3.2333e-08	1.33345e-16
2.81	3.279e-08	1.36166e-16
2.82	3.32516e-08	1.39036e-16
2.83	3.37179e-08	1.41954e-16
2.84	3.4189e-08	1.44923e-16
2.85	3.46649e-08	1.47941e-16
2.86	3.51455e-08	1.51011e-16
2.87	3.5631e-08	1.54132e-16
2.88	3.61214e-08	1.57305e-16
2.89	3.66166e-08	1.60532e-16
2.9	3.71168e-08	1.63811e-16
2.91	3.76218e-08	1.67145e-16
2.92	3.81319e-08	1.70534e-16
2.93	3.8647e-08	1.73979e-16
2.94	3.91671e-08	1.77479e-16
2.95	3.96922e-08	1.81037e-16
2.96	4.02224e-08	1.84652e-16
2.97	4.07578e-08	1.88325e-16
2.98	4.12982e-08	1.92057e-16
2.99	4.18439e-08	1.95849e-16
3	4.23947e-08	1.99701e-16
3.01	4.29508e-08	2.03615e-16
3.02	4.35121e-08	2.0759e-16
3.03	4.40786e-08	2.11627e-16
3.04	4.46505e-08	2.15728e-16
3.05	4.52277e-08	2.19892e-16
3.06	4.58103e-08	2.24122e-16
3.07	4.63983e-08	2.28416e-16
3.08	4.69916e-08	2.32777e-16
3.09	4.75904e-08	2.37204e-16
3.1	4.81947e-08	2.41699e-16
3.11	4.88045e-08	2.46263e-16
3.12	4.94198e-08	2.50895e-16
3.13	5.00406e-08	2.55597e-16
3.14	5.0667e-08	2.6037e-16
3.15	5.1299e-08	2.65215e-16
3.16	5.19367e-08	2.70131e-16
3.17	5.258e-08	2.7512e-16
3.18	5.3229e-08	2.80183e-16
3.19	5.38836e-08	2.8532e-16
3.2	5.45441e-08	2.90533e-16
3.21	5.52102e-08	2.95821e-16
3.22	5.58822e-08	3.01186e-16
3.23	5.656e-08	3.06629e-16
3.24	5.72436e-08	3.1215e-16
3.25	5.79331e-08	3.17751e-16
3.26	5.86285e-08	3.23431e-16
3.27	5.93297e-08	3.29192e-16
3.28	6.0037e-08	3.35035e-16
3.29	6.07502e-08	3.4096e-16
3.3	6.14694e-08	3.46968e-16
3.31	6.21946e-08	3.5306e-16
3.32	6.29258e-08	3.59237e-16
3.33	6.36631e-08	3.655e-16
3.34	6.44065e-08	3.71849e-16
3.35	6.51561e-08	3.78286e-16
3.36	6.59117e-08	3.84811e-16
3.37	6.66736e-08	3.91424e-16
3.38	6.74416e-08	3.98128e-16
3.39	6.82158e-08	4.04922e-16
3.4	6.89963e-08	4.11807e-16
3.41	6.9783e-08	4.18785e-16
3.42	7.05761e-08	4.25856e-16
3.43	7.13754e-08	4.33021e-16
3.44	7.21811e-08	4.40281e-16
3.45	7.29931e-08	4.47636e-16
3.46	7.38115e-08	4.55089e-16
3.47	7.46363e-08	4.62638e-16
3.48	7.54676e-08	4.70286e-16
3.49	7.63052e-08	4.78033e-16
3.5	7.71494e-08	4.8588e-16
3.51	7.8e-08	4.93828e-16
3.52	7.88572e-08	5.01877e-16
3.53	7.97209e-08	5.10029e-16
3.54	8.05912e-08	5.18285e-16
3.55	8.1468e-08	5.26644e-16
3.56	8.23514e-08	5.35109e-16
3.57	8.32415e-08	5.4368e-16
3.58	8.41382e-08	5.52358e-16
3.59	8.50416e-08	5.61144e-16
3.6	8.59517e-08	5.70038e-16
3.61	8.68684e-08	5.79042e-16
3.62	8.77919e-08	5.88156e-16
3.63	8.87222e-08	5.97381e-16
3.64	8.96592e-08	6.06718e-16
3.65	9.0603e-08	6.16169e-16
3.66	9.15536e-08	6.25733e-16
3.67	9.25111e-08	6.35412e-16
3.68	9.34753e-08	6.45206e-16
3.69	9.44465e-08	6.55117e-16
3.7	9.54245e-08	6.65145e-16
3.71	9.64094e-08	6.75291e-16
3.72	9.74013e-08	6.85557e-16
3.73	9.84e-08	6.95942e-16
3.74	9.94058e-08	7.06448e-16
3.75	1.00418e-07	7.17075e-16
3.76	1.01438e-07	7.27826e-16
3.77	1.02465e-07	7.38699e-16
3.78	1.03499e-07	7.49697e-16
3.79	1.04539e-07	7.60819e-16
3.8	1.05587e-07	7.72068e-16
3.81	1.06642e-07	7.83443e-16
3.82	1.07704e-07	7.94946e-16
3.83	1.08773e-07	8.06577e-16
3.84	1.09849e-07	8.18338e-16
3.85	1.10933e-07	8.30229e-16
3.86	1.12023e-07	8.4225e-16
3.87	1.13121e-07	8.54404e-16
3.88	1.14226e-07	8.6669e-16
3.89	1.15338e-07	8.79109e-16
3.9	1.16457e-07	8.91663e-16
3.91	1.17583e-07	9.04352e-16
3.92	1.18717e-07	9.17177e-16
3.93	1.19858e-07	9.30139e-16
3.94	1.21006e-07	9.43238e-16
3.95	1.22161e-07	9.56476e-16
3.96	1.23324e-07	9.69852e-16
3.97	1.24494e-07	9.83369e-16
3.98	1.25671e-07	9.97027e-16
3.99	1.26856e-07	1.01083e-15
4	1.28048e-07	1.02477e-15
4.01	1.29247e-07	1.03885e-15
4.02	1.30454e-07	1.05308e-15
4.03	1.31668e-07	1.06745e-15
4.04	1.32889e-07	1.08197e-15
4.05	1.34118e-07	1.09664e-15
4.06	1.35354e-07	1.11145e-15
4.07	1.36597e-07	1.12641e-15
4.08	1.37848e-07	1.14151e-15
4.09	1.39106e-07	1.15677e-15
4.1	1.40372e-07	1.17218e-15
4.11	1.41645e-07	1.18774e-15
4.12	1.42926e-07	1.20344e-15
4.13	1.44214e-07	1.21931e-15
4.14	1.45509e-07	1.23532e-15
4.15	1.46812e-07	1.25149e-15
4.16	1.48122e-07	1.26781e-15
4.17	1.4944e-07	1.28428e-15
4.18	1.50765e-07	1.30091e-15
4.19	1.52098e-07	1.3177e-15
4.2	1.53438e-07	1.33465e-15
4.21	1.54785e-07	1.35175e-15
4.22	1.5614e-07	1.36901e-15
4.23	1.57503e-07	1.38643e-15
4.24	1.58873e-07	1.404e-15
4.25	1.6025e-07	1.42174e-15
4.26	1.61635e-07	1.43964e-15
4.27	1.63028e-07	1.4577e-15
4.28	1.64428e-07	1.47592e-15
4.29	1.65835e-07	1.49431e-15
4.3	1.6725e-07	1.51285e-15
4.31	1.68673e-07	1.53156e-15
4.32	1.70102e-07	1.55044e-15
4.33	1.7154e-07	1.56947e-15
4.34	1.72985e-07	1.58868e-15
4.35	1.74437e-07	1.60805e-15
4.36	1.75897e-07	1.62758e-15
4.37	1.77364e-07	1.64728e-15
4.38	1.78839e-07	1.66715e-15
4.39	1.80321e-07	1.68719e-15
4.4	1.81811e-07	1.7074e-15
4.41	1.83308e-07	1.72777e-15
4.42	1.84813e-07	1.74831e-15
4.43	1.86325e-07	1.76902e-15
4.44	1.87844e-07	1.7899e-15
4.45	1.89371e-07	1.81095e-15
4.46	1.90906e-07	1.83218e-15
4.47	1.92447e-07	1.85357e-15
4.48	1.93997e-07	1.87513e-15
4.49	1.95553e-07	1.89687e-15
4.5	1.97117e-07	1.91878e-15
4.51	1.98689e-07	1.94086e-15
4.52	2.00268e-07	1.96311e-15
4.53	2.01854e-07	1.98554e-15
4.54	2.03448e-07	2.00814e-15
4.55	2.05049e-07	2.03091e-15
4.56	2.06657e-07	2.05386e-15
4.57	2.08273e-07	2.07698e-15
4.58	2.09896e-07	2.10027e-15
4.59	2.11526e-07	2.12374e-15
4.6	2.13164e-07	2.14739e-15
4.61	2.14809e-07	2.17121e-15
4.62	2.16461e-07	2.1952e-15
4.63	2.1812e-07	2.21937e-15
4.64	2.19787e-07	2.24372e-15
4.65	2.21461e-07	2.26824e-15
4.66	2.23142e-07	2.29294e-15
4.67	2.24831e-07	2.31781e-15
4.68	2.26527e-07	2.34286e-15
4.69	2.28229e-07	2.36809e-15
4.7	2.29939e-07	2.39349e-15
4.71	2.31657e-07	2.41906e-15
4.72	2.33381e-07	2.44482e-15
4.73	2.35112e-07	2.47075e-15
4.74	2.36851e-07	2.49685e-15
4.75	2.38596e-07	2.52314e-15
4.76	2.40349e-07	2.5496e-15
4.77	2.42109e-07	2.57623e-15
4.78	2.43876e-07	2.60304e-15
4.79	2.4565e-07	2.63003e-15
4.8	2.4743e-07	2.65719e-15
4.81	2.49218e-07	2.68453e-15
4.82	2.51013e-07	2.71205e-15
4.83	2.52814e-07	2.73974e-15
4.84	2.54623e-07	2.76761e-15
4.85	2.56438e-07	2.79565e-15
4.86	2.58261e-07	2.82387e-15
4.87	2.6009e-07	2.85226e-15
4.88	2.61926e-07	2.88083e-15
4.89	2.63769e-07	2.90957e-15
4.9	2.65618e-07	2.93848e-15
4.91	2.67474e-07	2.96757e-15
4.92	2.69337e-07	2.99684e-15
4.93	2.71207e-07	3.02628e-15
4.94	2.73084e-07	3.05589e-15
4.95	2.74967e-07	3.08567e-15
4.96	2.76856e-07	3.11563e-15
4.97	2.78753e-07	3.14576e-15
4.98	2.80656e-07	3.17606e-15
4.99	2.82565e-07	3.20653e-15
5	2.84481e-07	3.23718e-15
5.01	2.86403e-07	3.26799e-15
5.02	2.88332e-07	3.29898e-15
5.03	2.90268e-07	3.33013e-15
5.04	2.92209e-07	3.36146e-15
5.05	2.94158e-07	3.39295e-15
5.06	2.96112e-07	3.42461e-15
5.07	2.98073e-07	3.45644e-15
5.08	3.0004e-07	3.48844e-15
5.09	3.02014e-07	3.52061e-15
5.1	3.03993e-07	3.55294e-15
5.11	3.05979e-07	3.58544e-15
5.12	3.07971e-07	3.6181e-15
5.13	3.09969e-07	3.65093e-15
5.14	3.11974e-07	3.68392e-15
5.15	3.13984e-07	3.71708e-15
5.16	3.16001e-07	3.75039e-15
5.17	3.18023e-07	3.78388e-15
5.18	3.20052e-07	3.81752e-15
5.19	3.22086e-07	3.85132e-15
5.2	3.24127e-07	3.88529e-15
5.21	3.26173e-07	3.91942e-15
5.22	3.28226e-07	3.9537e-15
5.23	3.30284e-07	3.98814e-15
5.24	3.32348e-07	4.02274e-15
5.25	3.34417e-07	4.0575e-15
5.26	3.36493e-07	4.09242e-15
5.27	3.38574e-07	4.12749e-15
5.28	3.40661e-07	4.16271e-15
5.29	3.42753e-07	4.19809e-15
5.3	3.44851e-07	4.23362e-15
5.31	3.46955e-07	4.26931e-15
5.32	3.49064e-07	4.30514e-15
5.33	3.51179e-07	4.34113e-15
5.34	3.53299e-07	4.37727e-15
5.35	3.55425e-07	4.41356e-15
5.36	3.57556e-07	4.44999e-15
5.37	3.59693e-07	4.48658e-15
5.38	3.61835e-07	4.52331e-15
5.39	3.63982e-07	4.56019e-15
5.4	3.66135e-07	4.59721e-15
5.41	3.68293e-07	4.63438e-15
5.42	3.70456e-07	4.67169e-15
5.43	3.72624e-07	4.70914e-15
5.44	3.74797e-07	4.74674e-15
5.45	3.76976e-07	4.78448e-15
5.46	3.7916e-07	4.82235e-15
5.47	3.81349e-07	4.86037e-15
5.48	3.83542e-07	4.89853e-15
5.49	3.85741e-07	4.93682e-15
5.5	3.87945e-07	4.97525e-15
5.51	3.90154e-07	5.01382e-15
5.52	3.92368e-07	5.05252e-15
5.53	3.94586e-07	5.09136e-15
5.54	3.9681e-07	5.13033e-15
5.55	3.99038e-07	5.16943e-15
5.56	4.01271e-07	5.20867e-15
5.57	4.03509e-07	5.24804e-15
5.58	4.05752e-07	5.28753e-15
5.59	4.08e-07	5.32716e-15
5.6	4.10252e-07	5.36692e-15
5.61	4.12509e-07	5.4068e-15
5.62	4.1477e-07	5.44681e-15
5.63	4.17036e-07	5.48695e-15
5.64	4.19307e-07	5.52722e-15
5.65	4.21583e-07	5.56761e-15
5.66	4.23863e-07	5.60812e-15
5.67	4.26147e-07	5.64876e-15
5.68	4.28436e-07	5.68952e-15
5.69	4.3073e-07	5.73041e-15
5.7	4.33028e-07	5.77142e-15
5.71	4.35331e-07	5.81255e-15
5.72	4.37638e-07	5.8538e-15
5.73	4.3995e-07	5.89517e-15
5.74	4.42266e-07	5.93667e-15
5.75	4.44586e-07	5.97828e-15
5.76	4.46911e-07	6.02001e-15
5.77	4.49241e-07	6.06187e-15
5.78	4.51574e-07	6.10384e-15
5.79	4.53913e-07	6.14593e-15
5.8	4.56255e-07	6.18814e-15
5.81	4.58603e-07	6.23047e-15
5.82	4.60954e-07	6.27291e-15
5.83	4.6331e-07	6.31548e-15
5.84	4.6567e-07	6.35816e-15
5.85	4.68035e-07	6.40096e-15
5.86	4.70404e-07	6.44388e-15
5.87	4.72778e-07	6.48692e-15
5.88	4.75156e-07	6.53008e-15
5.89	4.77539e-07	6.57335e-15
5.9	4.79926e-07	6.61675e-15
5.91	4.82317e-07	6.66026e-15
5.92	4.84713e-07	6.70389e-15
5.93	4.87114e-07	6.74764e-15
5.94	4.89519e-07	6.79151e-15
5.95	4.91929e-07	6.8355e-15
5.96	4.94343e-07	6.87961e-15
5.97	4.96762e-07	6.92385e-15
5.98	4.99185e-07	6.9682e-15
5.99	5.01613e-07	7.01268e-15
6	5.04046e-07	7.05729e-15
6.01	5.06483e-07	7.10201e-15
6.02	5.08926e-07	7.14687e-15
6.03	5.11373e-07	7.19185e-15
6.04	5.13824e-07	7.23695e-15
6.05	5.16281e-07	7.28219e-15
6.06	5.18743e-07	7.32755e-15
6.07	5.21209e-07	7.37305e-15
6.08	5.23681e-07	7.41868e-15
6.09	5.26158e-07	7.46444e-15
6.1	5.28639e-07	7.51034e-15
6.11	5.31126e-07	7.55637e-15
6.12	5.33619e-07	7.60254e-15
6.13	5.36116e-07	7.64886e-15
6.14	5.38619e-07	7.69531e-15
6.15	5.41127e-07	7.74191e-15
6.16	5.43641e-07	7.78866e-15
6.17	5.4616e-07	7.83555e-15
6.18	5.48685e-07	7.88259e-15
6.19	5.51216e-07	7.92979e-15
6.2	5.53752e-07	7.97714e-15
6.21	5.56294e-07	8.02465e-15
6.22	5.58843e-07	8.07232e-15
6.23	5.61397e-07	8.12015e-15
6.24	5.63958e-07	8.16815e-15
6.25	5.66524e-07	8.21632e-15
6.26	5.69098e-07	8.26466e-15
6.27	5.71677e-07	8.31317e-15
6.28	5.74263e-07	8.36186e-15
6.29	5.76856e-07	8.41073e-15
6.3	5.79456e-07	8.45979e-15
6.31	5.82062e-07	8.50903e-15
6.32	5.84676e-07	8.55847e-15
6.33	5.87297e-07	8.60811e-15
6.34	5.89925e-07	8.65794e-15
6.35	5.9256e-07	8.70798e-15
6.36	5.95203e-07	8.75822e-15
6.37	5.97854e-07	8.80868e-15
6.38	6.00512e-07	8.85936e-15
6.39	6.03179e-07	8.91026e-15
6.4	6.05853e-07	8.96138e-15
6.41	6.08536e-07	9.01274e-15
6.42	6.11228e-07	9.06434e-15
6.43	6.13928e-07	9.11617e-15
6.44	6.16637e-07	9.16826e-15
6.45	6.19354e-07	9.22059e-15
6.46	6.22081e-07	9.27319e-15
6.47	6.24818e-07	9.32605e-15
6.48	6.27563e-07	9.37918e-15
6.49	6.30319e-07	9.43259e-15
6.5	6.33084e-07	9.48628e-15
6.51	6.3586e-07	9.54027e-15
6.52	6.38645e-07	9.59455e-15
6.53	6.41442e-07	9.64913e-15
6.54	6.44249e-07	9.70402e-15
6.55	6.47067e-07	9.75923e-15
6.56	6.49896e-07	9.81477e-15
6.57	6.52737e-07	9.87064e-15
6.58	6.55589e-07	9.92685e-15
6.59	6.58453e-07	9.98341e-15
6.6	6.61329e-07	1.00403e-14
6.61	6.64218e-07	1.00976e-14
6.62	6.67119e-07	1.01553e-14
6.63	6.70034e-07	1.02133e-14
6.64	6.72961e-07	1.02717e-14
6.65	6.75902e-07	1.03306e-14
6.66	6.78857e-07	1.03898e-14
6.67	6.81825e-07	1.04495e-14
6.68	6.84808e-07	1.05096e-14
6.69	6.87806e-07	1.05701e-14
6.7	6.90819e-07	1.06311e-14
6.71	6.93846e-07	1.06926e-14
6.72	6.9689e-07	1.07545e-14
6.73	6.99949e-07	1.08169e-14
6.74	7.03024e-07	1.08798e-14
6.75	7.06116e-07	1.09432e-14
6.76	7.09225e-07	1.10071e-14
6.77	7.12351e-07	1.10716e-14
6.78	7.15494e-07	1.11366e-14
6.79	7.18656e-07	1.12022e-14
6.8	7.21836e-07	1.12683e-14
6.81	7.25034e-07	1.1335e-14
6.82	7.28252e-07	1.14024e-14
6.83	7.31489e-07	1.14703e-14
6.84	7.34746e-07	1.15388e-14
6.85	7.38023e-07	1.1608e-14
6.86	7.41321e-07	1.16779e-14
6.87	7.4464e-07	1.17484e-14
6.88	7.4798e-07	1.18196e-14
6.89	7.51342e-07	1.18915e-14
6.9	7.54727e-07	1.19641e-14
6.91	7.58134e-07	1.20375e-14
6.92	7.61565e-07	1.21116e-14
6.93	7.6502e-07	1.21865e-14
6.94	7.68498e-07	1.22622e-14
6.95	7.72002e-07	1.23386e-14
6.96	7.7553e-07	1.24159e-14
6.97	7.79085e-07	1.24941e-14
6.98	7.82665e-07	1.25731e-14
6.99	7.86272e-07	1.26529e-14
7	7.89906e-07	1.27337e-14
7.01	7.93568e-07	1.28154e-14
7.02	7.97258e-07	1.2898e-14
7.03	8.00977e-07	1.29817e-14
7.04	8.04726e-07	1.30662e-14
7.05	8.08504e-07	1.31518e-14
7.06	8.12313e-07	1.32385e-14
7.07	8.16153e-07	1.33261e-14
7.08	8.20024e-07	1.34149e-14
7.09	8.23928e-07	1.35047e-14
7.1	8.27864e-07	1.35957e-14
7.11	8.31834e-07	1.36878e-14
7.12	8.35839e-07	1.37811e-14
7.13	8.39877e-07	1.38756e-14
7.14	8.43952e-07	1.39714e-14
7.15	8.48062e-07	1.40683e-14
7.16	8.52209e-07	1.41666e-14
7.17	8.56393e-07	1.42662e-14
7.18	8.60615e-07	1.43671e-14
7.19	8.64876e-07	1.44694e-14
7.2	8.69177e-07	1.45731e-14
7.21	8.73517e-07	1.46782e-14
7.22	8.77899e-07	1.47848e-14
7.23	8.82322e-07	1.48928e-14
7.24	8.86787e-07	1.50024e-14
7.25	8.91295e-07	1.51136e-14
7.26	8.95847e-07	1.52263e-14
7.27	9.00444e-07	1.53407e-14
7.28	9.05087e-07	1.54567e-14
7.29	9.09775e-07	1.55745e-14
7.3	9.14511e-07	1.56939e-14
7.31	9.19294e-07	1.58152e-14
7.32	9.24126e-07	1.59382e-14
7.33	9.29007e-07	1.60631e-14
7.34	9.33939e-07	1.61899e-14
7.35	9.38922e-07	1.63187e-14
7.36	9.43957e-07	1.64494e-14
7.37	9.49045e-07	1.65821e-14
7.38	9.54187e-07	1.67169e-14
7.39	9.59384e-07	1.68537e-14
7.4	9.64636e-07	1.69928e-14
7.41	9.69945e-07	1.7134e-14
7.42	9.75312e-07	1.72774e-14
7.43	9.80737e-07	1.74232e-14
7.44	9.86222e-07	1.75713e-14
7.45	9.91767e-07	1.77218e-14
7.46	9.97374e-07	1.78747e-14
7.47	1.00304e-06	1.80301e-14
7.48	1.00878e-06	1.8188e-14
7.49	1.01457e-06	1.83486e-14
7.5	1.02044e-06	1.85118e-14
7.51	1.02637e-06	1.86777e-14
7.52	1.03236e-06	1.88464e-14
7.53	1.03843e-06	1.90179e-14
7.54	1.04457e-06	1.91924e-14
7.55	1.05077e-06	1.93697e-14
7.56	1.05705e-06	1.95501e-14
7.57	1.0634e-06	1.97335e-14
7.58	1.06983e-06	1.99201e-14
7.59	1.07633e-06	2.01099e-14
7.6	1.08291e-06	2.0303e-14
7.61	1.08957e-06	2.04995e-14
7.62	1.09631e-06	2.06993e-14
7.63	1.10313e-06	2.09027e-14
7.64	1.11003e-06	2.11096e-14
7.65	1.11701e-06	2.13202e-14
7.66	1.12408e-06	2.15344e-14
7.67	1.13123e-06	2.17525e-14
7.68	1.13847e-06	2.19745e-14
7.69	1.14579e-06	2.22004e-14
7.7	1.15321e-06	2.24304e-14
7.71	1.16072e-06	2.26645e-14
7.72	1.16832e-06	2.29029e-14
7.73	1.17601e-06	2.31455e-14
7.74	1.1838e-06	2.33926e-14
7.75	1.19169e-06	2.36441e-14
7.76	1.19967e-06	2.39003e-14
7.77	1.20776e-06	2.41611e-14
7.78	1.21594e-06	2.44268e-14
7.79	1.22423e-06	2.46974e-14
7.8	1.23262e-06	2.49729e-14
7.81	1.24112e-06	2.52536e-14
7.82	1.24972e-06	2.55395e-14
7.83	1.25843e-06	2.58307e-14
7.84	1.26725e-06	2.61273e-14
7.85	1.27619e-06	2.64296e-14
7.86	1.28524e-06	2.67375e-14
7.87	1.2944e-06	2.70512e-14
7.88	1.30368e-06	2.73709e-14
7.89	1.31308e-06	2.76966e-14
7.9	1.32259e-06	2.80285e-14
7.91	1.33223e-06	2.83667e-14
7.92	1.342e-06	2.87113e-14
7.93	1.35189e-06	2.90626e-14
7.94	1.3619e-06	2.94206e-14
7.95	1.37205e-06	2.97855e-14
7.96	1.38233e-06	3.01574e-14
7.97	1.39273e-06	3.05366e-14
7.98	1.40328e-06	3.0923e-14
7.99	1.41396e-06	3.1317e-14
8	1.42478e-06	3.17186e-14
8.01	1.43574e-06	3.2128e-14
8.02	1.44684e-06	3.25455e-14
8.03	1.45808e-06	3.29711e-14
8.04	1.46948e-06	3.34051e-14
8.05	1.48102e-06	3.38476e-14
8.06	1.49271e-06	3.42988e-14
8.07	1.50455e-06	3.47589e-14
8.08	1.51655e-06	3.52281e-14
8.09	1.5287e-06	3.57067e-14
8.1	1.54102e-06	3.61947e-14
8.11	1.55349e-06	3.66924e-14
8.12	1.56613e-06	3.72001e-14
8.13	1.57893e-06	3.77179e-14
8.14	1.59191e-06	3.8246e-14
8.15	1.60505e-06	3.87848e-14
8.16	1.61836e-06	3.93343e-14
8.17	1.63185e-06	3.98949e-14
8.18	1.64552e-06	4.04668e-14
8.19	1.65937e-06	4.10503e-14
8.2	1.67339e-06	4.16456e-14
8.21	1.68761e-06	4.22529e-14
8.22	1.70201e-06	4.28725e-14
8.23	1.7166e-06	4.35048e-14
8.24	1.73138e-06	4.41499e-14
8.25	1.74635e-06	4.48081e-14
8.26	1.76153e-06	4.54799e-14
8.27	1.7769e-06	4.61653e-14
8.28	1.79248e-06	4.68648e-14
8.29	1.80826e-06	4.75787e-14
8.3	1.82425e-06	4.83073e-14
8.31	1.84045e-06	4.90508e-14
8.32	1.85686e-06	4.98097e-14
8.33	1.8735e-06	5.05842e-14
8.34	1.89035e-06	5.13748e-14
8.35	1.90742e-06	5.21818e-14
8.36	1.92472e-06	5.30055e-14
8.37	1.94224e-06	5.38463e-14
8.38	1.96e-06	5.47046e-14
8.39	1.97799e-06	5.55808e-14
8.4	1.99622e-06	5.64752e-14
8.41	2.01469e-06	5.73884e-14
8.42	2.0334e-06	5.83207e-14
8.43	2.05236e-06	5.92725e-14
8.44	2.07157e-06	6.02442e-14
8.45	2.09104e-06	6.12364e-14
8.46	2.11076e-06	6.22494e-14
8.47	2.13074e-06	6.32838e-14
8.48	2.15098e-06	6.434e-14
8.49	2.17149e-06	6.54185e-14
8.5	2.19227e-06	6.65198e-14
8.51	2.21333e-06	6.76444e-14
8.52	2.23466e-06	6.87929e-14
8.53	2.25627e-06	6.99657e-14
8.54	2.27817e-06	7.11635e-14
8.55	2.30036e-06	7.23867e-14
8.56	2.32284e-06	7.3636e-14
8.57	2.34561e-06	7.49119e-14
8.58	2.36869e-06	7.6215e-14
8.59	2.39206e-06	7.7546e-14
8.6	2.41575e-06	7.89055e-14
8.61	2.43975e-06	8.02941e-14
8.62	2.46406e-06	8.17125e-14
8.63	2.48869e-06	8.31613e-14
8.64	2.51365e-06	8.46412e-14
8.65	2.53893e-06	8.6153e-14
8.66	2.56455e-06	8.76974e-14
8.67	2.5905e-06	8.9275e-14
8.68	2.6168e-06	9.08867e-14
8.69	2.64344e-06	9.25332e-14
8.7	2.67042e-06	9.42153e-14
8.71	2.69777e-06	9.59339e-14
8.72	2.72547e-06	9.76896e-14
8.73	2.75353e-06	9.94835e-14
8.74	2.78196e-06	1.01316e-13
8.75	2.81076e-06	1.03189e-13
8.76	2.83995e-06	1.05102e-13
8.77	2.86951e-06	1.07057e-13
8.78	2.89946e-06	1.09055e-13
8.79	2.9298e-06	1.11096e-13
8.8	2.96054e-06	1.13182e-13
8.81	2.99168e-06	1.15313e-13
8.82	3.02323e-06	1.17491e-13
8.83	3.05519e-06	1.19716e-13
8.84	3.08756e-06	1.21991e-13
8.85	3.12036e-06	1.24315e-13
8.86	3.15359e-06	1.2669e-13
8.87	3.18725e-06	1.29118e-13
8.88	3.22135e-06	1.31598e-13
8.89	3.2559e-06	1.34134e-13
8.9	3.29089e-06	1.36725e-13
8.91	3.32634e-06	1.39373e-13
8.92	3.36225e-06	1.42079e-13
8.93	3.39863e-06	1.44846e-13
8.94	3.43549e-06	1.47673e-13
8.95	3.47282e-06	1.50563e-13
8.96	3.51064e-06	1.53517e-13
8.97	3.54894e-06	1.56536e-13
8.98	3.58775e-06	1.59622e-13
8.99	3.62706e-06	1.62776e-13
9	3.66688e-06	1.66001e-13
9.01	3.70722e-06	1.69296e-13
9.02	3.74808e-06	1.72666e-13
9.03	3.78948e-06	1.76109e-13
9.04	3.8314e-06	1.7963e-13
9.05	3.87388e-06	1.83229e-13
9.06	3.9169e-06	1.86908e-13
9.07	3.96048e-06	1.90669e-13
9.08	4.00462e-06	1.94514e-13
9.09	4.04933e-06	1.98444e-13
9.1	4.09462e-06	2.02463e-13
9.11	4.1405e-06	2.06571e-13
9.12	4.18697e-06	2.10771e-13
9.13	4.23404e-06	2.15065e-13
9.14	4.28172e-06	2.19455e-13
9.15	4.33002e-06	2.23943e-13
9.16	4.37894e-06	2.28532e-13
9.17	4.42848e-06	2.33223e-13
9.18	4.47867e-06	2.3802e-13
9.19	4.52951e-06	2.42924e-13
9.2	4.581e-06	2.47939e-13
9.21	4.63315e-06	2.53066e-13
9.22	4.68597e-06	2.58308e-13
9.23	4.73948e-06	2.63668e-13
9.24	4.79367e-06	2.69149e-13
9.25	4.84856e-06	2.74753e-13
9.26	4.90416e-06	2.80483e-13
9.27	4.96047e-06	2.86343e-13
9.28	5.0175e-06	2.92334e-13
9.29	5.07527e-06	2.9846e-13
9.3	5.13378e-06	3.04725e-13
9.31	5.19304e-06	3.11131e-13
9.32	5.25306e-06	3.17682e-13
9.33	5.31385e-06	3.2438e-13
9.34	5.37541e-06	3.3123e-13
9.35	5.43777e-06	3.38235e-13
9.36	5.50093e-06	3.45398e-13
9.37	5.56489e-06	3.52724e-13
9.38	5.62968e-06	3.60215e-13
9.39	5.69529e-06	3.67875e-13
9.4	5.76174e-06	3.7571e-13
9.41	5.82905e-06	3.83721e-13
9.42	5.89721e-06	3.91915e-13
9.43	5.96624e-06	4.00294e-13
9.44	6.03616e-06	4.08863e-13
9.45	6.10697e-06	4.17626e-13
9.46	6.17868e-06	4.26589e-13
9.47	6.25131e-06	4.35755e-13
9.48	6.32487e-06	4.45129e-13
9.49	6.39936e-06	4.54716e-13
9.5	6.4748e-06	4.64522e-13
9.51	6.55121e-06	4.7455e-13
9.52	6.62859e-06	4.84806e-13
9.53	6.70695e-06	4.95295e-13
9.54	6.78631e-06	5.06024e-13
9.55	6.86668e-06	5.16996e-13
9.56	6.94808e-06	5.28218e-13
9.57	7.03051e-06	5.39696e-13
9.58	7.11399e-06	5.51436e-13
9.59	7.19852e-06	5.63443e-13
9.6	7.28414e-06	5.75723e-13
9.61	7.37084e-06	5.88284e-13
9.62	7.45864e-06	6.01131e-13
9.63	7.54756e-06	6.14272e-13
9.64	7.6376e-06	6.27712e-13
9.65	7.72879e-06	6.41459e-13
9.66	7.82114e-06	6.5552e-13
9.67	7.91465e-06	6.69901e-13
9.68	8.00936e-06	6.84612e-13
9.69	8.10526e-06	6.99658e-13
9.7	8.20237e-06	7.15049e-13
9.71	8.30072e-06	7.30791e-13
9.72	8.40031e-06	7.46893e-13
9.73	8.50116e-06	7.63363e-13
9.74	8.60329e-06	7.8021e-13
9.75	8.70671e-06	7.97442e-13
9.76	8.81144e-06	8.15068e-13
9.77	8.91749e-06	8.33098e-13
9.78	9.02488e-06	8.51541e-13
9.79	9.13363e-06	8.70405e-13
9.8	9.24375e-06	8.89702e-13
9.81	9.35527e-06	9.09441e-13
9.82	9.46819e-06	9.29631e-13
9.83	9.58253e-06	9.50285e-13
9.84	9.69832e-06	9.71411e-13
9.85	9.81557e-06	9.93022e-13
9.86	9.9343e-06	1.01513e-12
9.87	1.00545e-05	1.03774e-12
9.88	1.01763e-05	1.06087e-12
9.89	1.02995e-05	1.08453e-12
9.9	1.04244e-05	1.10874e-12
9.91	1.05508e-05	1.1335e-12
9.92	1.06787e-05	1.15882e-12
9.93	1.08083e-05	1.18473e-12
9.94	1.09396e-05	1.21123e-12
9.95	1.10725e-05	1.23834e-12
9.96	1.1207e-05	1.26608e-12
9.97	1.13432e-05	1.29445e-12
9.98	1.14812e-05	1.32347e-12
9.99	1.16209e-05	1.35315e-12
10	1.17623e-05	1.38352e-12
10.01	1.19055e-05	1.41459e-12
10.02	1.20506e-05	1.44637e-12
10.03	1.21974e-05	1.47888e-12
10.04	1.23461e-05	1.51213e-12
10.05	1.24966e-05	1.54615e-12
10.06	1.26491e-05	1.58096e-12
10.07	1.28034e-05	1.61656e-12
10.08	1.29597e-05	1.65298e-12
10.09	1.31179e-05	1.69023e-12
10.1	1.32781e-05	1.72835e-12
10.11	1.34403e-05	1.76733e-12
10.12	1.36046e-05	1.80722e-12
10.13	1.37709e-05	1.84802e-12
10.14	1.39393e-05	1.88976e-12
10.15	1.41098e-05	1.93246e-12
10.16	1.42824e-05	1.97614e-12
10.17	1.44572e-05	2.02083e-12
10.18	1.46342e-05	2.06654e-12
10.19	1.48134e-05	2.1133e-12
10.2	1.49948e-05	2.16114e-12
10.21	1.51785e-05	2.21008e-12
10.22	1.53645e-05	2.26015e-12
10.23	1.55528e-05	2.31136e-12
10.24	1.57435e-05	2.36376e-12
10.25	1.59365e-05	2.41736e-12
10.26	1.6132e-05	2.47219e-12
10.27	1.63299e-05	2.52828e-12
10.28	1.65303e-05	2.58567e-12
10.29	1.67331e-05	2.64437e-12
10.3	1.69385e-05	2.70443e-12
10.31	1.71464e-05	2.76586e-12
10.32	1.7357e-05	2.82872e-12
10.33	1.75701e-05	2.89301e-12
10.34	1.7786e-05	2.95879e-12
10.35	1.80045e-05	3.02608e-12
10.36	1.82257e-05	3.09492e-12
10.37	1.84497e-05	3.16534e-12
10.38	1.86764e-05	3.23738e-12
10.39	1.8906e-05	3.31108e-12
10.4	1.91385e-05	3.38648e-12
10.41	1.93738e-05	3.46361e-12
10.42	1.96121e-05	3.54251e-12
10.43	1.98533e-05	3.62323e-12
10.44	2.00975e-05	3.70581e-12
10.45	2.03448e-05	3.79029e-12
10.46	2.05951e-05	3.87672e-12
10.47	2.08485e-05	3.96513e-12
10.48	2.11051e-05	4.05558e-12
10.49	2.13649e-05	4.14811e-12
10.5	2.16279e-05	4.24276e-12
10.51	2.18941e-05	4.3396e-12
10.52	2.21637e-05	4.43867e-12
10.53	2.24366e-05	4.54001e-12
10.54	2.27129e-05	4.64369e-12
10.55	2.29926e-05	4.74975e-12
10.56	2.32758e-05	4.85825e-12
10.57	2.35625e-05	4.96925e-12
10.58	2.38527e-05	5.08281e-12
10.59	2.41465e-05	5.19897e-12
10.6	2.4444e-05	5.31781e-12
10.61	2.47452e-05	5.43939e-12
10.62	2.50501e-05	5.56376e-12
10.63	2.53587e-05	5.69099e-12
10.64	2.56712e-05	5.82115e-12
10.65	2.59876e-05	5.95431e-12
10.66	2.63078e-05	6.09053e-12
10.67	2.6632e-05	6.22988e-12
10.68	2.69603e-05	6.37244e-12
10.69	2.72926e-05	6.51828e-12
10.7	2.7629e-05	6.66748e-12
10.71	2.79695e-05	6.8201e-12
10.72	2.83143e-05	6.97624e-12
10.73	2.86633e-05	7.13597e-12
10.74	2.90166e-05	7.29937e-12
10.75	2.93743e-05	7.46653e-12
10.76	2.97364e-05	7.63754e-12
10.77	3.0103e-05	7.81248e-12
10.78	3.04741e-05	7.99144e-12
10.79	3.08498e-05	8.17452e-12
10.8	3.12301e-05	8.36181e-12
10.81	3.16151e-05	8.5534e-12
10.82	3.20049e-05	8.7494e-12
10.83	3.23995e-05	8.94991e-12
10.84	3.27989e-05	9.15503e-12
10.85	3.32032e-05	9.36487e-12
10.86	3.36126e-05	9.57953e-12
10.87	3.4027e-05	9.79912e-12
10.88	3.44464e-05	1.00238e-11
10.89	3.48711e-05	1.02536e-11
10.9	3.5301e-05	1.04887e-11
10.91	3.57361e-05	1.07292e-11
10.92	3.61767e-05	1.09752e-11
10.93	3.66226e-05	1.12269e-11
10.94	3.7074e-05	1.14843e-11
10.95	3.7531e-05	1.17477e-11
10.96	3.79936e-05	1.20171e-11
10.97	3.84619e-05	1.22927e-11
10.98	3.8936e-05	1.25747e-11
10.99	3.94159e-05	1.28631e-11
11	3.99016e-05	1.31582e-11
11.01	4.03934e-05	1.346e-11
11.02	4.08912e-05	1.37688e-11
11.03	4.13951e-05	1.40847e-11
11.04	4.19052e-05	1.44078e-11
11.05	4.24215e-05	1.47383e-11
11.06	4.29442e-05	1.50765e-11
11.07	4.34734e-05	1.54224e-11
11.08	4.4009e-05	1.57762e-11
11.09	4.45512e-05	1.61382e-11
11.1	4.51e-05	1.65085e-11
11.11	4.56556e-05	1.68873e-11
11.12	4.62179e-05	1.72747e-11
11.13	4.67872e-05	1.76711e-11
11.14	4.73635e-05	1.80766e-11
11.15	4.79468e-05	1.84914e-11
11.16	4.85373e-05	1.89157e-11
11.17	4.9135e-05	1.93497e-11
11.18	4.974e-05	1.97938e-11
11.19	5.03525e-05	2.02479e-11
11.2	5.09724e-05	2.07126e-11
11.21	5.15999e-05	2.11879e-11
11.22	5.22351e-05	2.1674e-11
11.23	5.28781e-05	2.21714e-11
11.24	5.3529e-05	2.26801e-11
11.25	5.41878e-05	2.32006e-11
11.26	5.48547e-05	2.37329e-11
11.27	5.55298e-05	2.42775e-11
11.28	5.62131e-05	2.48346e-11
11.29	5.69048e-05	2.54044e-11
11.3	5.76049e-05	2.59873e-11
11.31	5.83136e-05	2.65836e-11
11.32	5.90309e-05	2.71936e-11
11.33	5.9757e-05	2.78175e-11
11.34	6.0492e-05	2.84557e-11
11.35	6.1236e-05	2.91086e-11
11.36	6.1989e-05	2.97765e-11
11.37	6.27513e-05	3.04596e-11
11.38	6.35228e-05	3.11584e-11
11.39	6.43038e-05	3.18732e-11
11.4	6.50943e-05	3.26044e-11
11.41	6.58945e-05	3.33524e-11
11.42	6.67044e-05	3.41175e-11
11.43	6.75242e-05	3.49001e-11
11.44	6.8354e-05	3.57007e-11
11.45	6.9194e-05	3.65196e-11
11.46	7.00442e-05	3.73572e-11
11.47	7.09047e-05	3.82141e-11
11.48	7.17757e-05	3.90905e-11
11.49	7.26574e-05	3.99871e-11
11.5	7.35498e-05	4.09042e-11
11.51	7.44531e-05	4.18422e-11
11.52	7.53674e-05	4.28018e-11
11.53	7.62928e-05	4.37833e-11
11.54	7.72295e-05	4.47873e-11
11.55	7.81776e-05	4.58143e-11
11.56	7.91373e-05	4.68647e-11
11.57	8.01086e-05	4.79393e-11
11.58	8.10917e-05	4.90384e-11
11.59	8.20869e-05	5.01627e-11
11.6	8.30941e-05	5.13127e-11
11.61	8.41136e-05	5.2489e-11
11.62	8.51455e-05	5.36922e-11
11.63	8.619e-05	5.4923e-11
11.64	8.72471e-05	5.61819e-11
11.65	8.83171e-05	5.74696e-11
11.66	8.94001e-05	5.87867e-11
11.67	9.04963e-05	6.0134e-11
11.68	9.16058e-05	6.15121e-11
11.69	9.27288e-05	6.29217e-11
11.7	9.38655e-05	6.43635e-11
11.71	9.50159e-05	6.58383e-11
11.72	9.61803e-05	6.73469e-11
11.73	9.73589e-05	6.88899e-11
11.74	9.85518e-05	7.04682e-11
11.75	9.97592e-05	7.20825e-11
11.76	0.000100981	7.37337e-11
11.77	0.000102218	7.54227e-11
11.78	0.00010347	7.71503e-11
11.79	0.000104737	7.89174e-11
11.8	0.000106019	8.07248e-11
11.81	0.000107317	8.25735e-11
11.82	0.000108631	8.44645e-11
11.83	0.000109961	8.63986e-11
11.84	0.000111307	8.83769e-11
11.85	0.000112669	9.04004e-11
11.86	0.000114047	9.24701e-11
11.87	0.000115443	9.45871e-11
11.88	0.000116855	9.67524e-11
11.89	0.000118284	9.89672e-11
11.9	0.000119731	1.01232e-10
11.91	0.000121195	1.03549e-10
11.92	0.000122677	1.05919e-10
11.93	0.000124177	1.08343e-10
11.94	0.000125695	1.10823e-10
11.95	0.000127232	1.13359e-10
11.96	0.000128787	1.15952e-10
11.97	0.000130361	1.18605e-10
11.98	0.000131953	1.21319e-10
11.99	0.000133566	1.24094e-10
12	0.000135197	1.26933e-10
12.01	0.000136849	1.29836e-10
12.02	0.00013852	1.32806e-10
12.03	0.000140212	1.35843e-10
12.04	0.000141924	1.3895e-10
12.05	0.000143657	1.42127e-10
12.06	0.00014541	1.45377e-10
12.07	0.000147185	1.48701e-10
12.08	0.000148982	1.52101e-10
12.09	0.0001508	1.55578e-10
12.1	0.00015264	1.59135e-10
12.11	0.000154502	1.62773e-10
12.12	0.000156387	1.66493e-10
12.13	0.000158295	1.70298e-10
12.14	0.000160225	1.7419e-10
12.15	0.000162179	1.78171e-10
12.16	0.000164157	1.82242e-10
12.17	0.000166158	1.86407e-10
12.18	0.000168183	1.90665e-10
12.19	0.000170233	1.95021e-10
12.2	0.000172308	1.99477e-10
12.21	0.000174408	2.04033e-10
12.22	0.000176533	2.08694e-10
12.23	0.000178684	2.1346e-10
12.24	0.00018086	2.18335e-10
12.25	0.000183063	2.23321e-10
12.26	0.000185293	2.28421e-10
12.27	0.000187549	2.33636e-10
12.28	0.000189832	2.3897e-10
12.29	0.000192143	2.44426e-10
12.3	0.000194482	2.50006e-10
12.31	0.000196849	2.55713e-10
12.32	0.000199245	2.61549e-10
12.33	0.000201669	2.67519e-10
12.34	0.000204123	2.73624e-10
12.35	0.000206606	2.79868e-10
12.36	0.000209119	2.86254e-10
12.37	0.000211663	2.92785e-10
12.38	0.000214237	2.99465e-10
12.39	0.000216842	3.06297e-10
12.4	0.000219478	3.13284e-10
12.41	0.000222146	3.2043e-10
12.42	0.000224846	3.27739e-10
12.43	0.000227579	3.35213e-10
12.44	0.000230344	3.42858e-10
12.45	0.000233143	3.50676e-10
12.46	0.000235975	3.58672e-10
12.47	0.000238842	3.66849e-10
12.48	0.000241743	3.75213e-10
12.49	0.000244679	3.83766e-10
12.5	0.00024765	3.92514e-10
12.51	0.000250656	4.01461e-10
12.52	0.000253699	4.10611e-10
12.53	0.000256779	4.19968e-10
12.54	0.000259895	4.29538e-10
12.55	0.000263049	4.39326e-10
12.56	0.000266241	4.49336e-10
12.57	0.000269471	4.59573e-10
12.58	0.00027274	4.70042e-10
12.59	0.000276048	4.80749e-10
12.6	0.000279396	4.917e-10
12.61	0.000282784	5.02899e-10
12.62	0.000286213	5.14352e-10
12.63	0.000289683	5.26065e-10
12.64	0.000293194	5.38043e-10
12.65	0.000296748	5.50294e-10
12.66	0.000300344	5.62823e-10
12.67	0.000303984	5.75636e-10
12.68	0.000307667	5.88739e-10
12.69	0.000311394	6.0214e-10
12.7	0.000315166	6.15845e-10
12.71	0.000318983	6.29861e-10
12.72	0.000322846	6.44194e-10
12.73	0.000326755	6.58853e-10
12.74	0.000330711	6.73844e-10
12.75	0.000334715	6.89175e-10
12.76	0.000338766	7.04853e-10
12.77	0.000342866	7.20887e-10
12.78	0.000347015	7.37285e-10
12.79	0.000351214	7.54054e-10
12.8	0.000355463	7.71204e-10
12.81	0.000359763	7.88742e-10
12.82	0.000364114	8.06677e-10
12.83	0.000368518	8.25019e-10
12.84	0.000372974	8.43777e-10
12.85	0.000377484	8.62959e-10
12.86	0.000382047	8.82576e-10
12.87	0.000386665	9.02638e-10
12.88	0.000391339	9.23154e-10
12.89	0.000396068	9.44134e-10
12.9	0.000400854	9.6559e-10
12.91	0.000405697	9.87532e-10
12.92	0.000410598	1.00997e-09
12.93	0.000415558	1.03292e-09
12.94	0.000420577	1.05638e-09
12.95	0.000425656	1.08038e-09
12.96	0.000430795	1.10492e-09
12.97	0.000435996	1.13002e-09
12.98	0.00044126	1.15568e-09
12.99	0.000446586	1.18193e-09
13	0.000451975	1.20877e-09
13.01	0.00045743	1.23621e-09
13.02	0.000462949	1.26428e-09
13.03	0.000468534	1.29299e-09
13.04	0.000474186	1.32234e-09
13.05	0.000479905	1.35235e-09
13.06	0.000485693	1.38305e-09
13.07	0.00049155	1.41444e-09
13.08	0.000497477	1.44654e-09
13.09	0.000503474	1.47936e-09
13.1	0.000509543	1.51293e-09
13.11	0.000515685	1.54726e-09
13.12	0.000521899	1.58236e-09
13.13	0.000528188	1.61826e-09
13.14	0.000534552	1.65497e-09
13.15	0.000540992	1.6925e-09
13.16	0.000547508	1.73089e-09
13.17	0.000554103	1.77015e-09
13.18	0.000560776	1.81029e-09
13.19	0.000567528	1.85134e-09
13.2	0.000574361	1.89331e-09
13.21	0.000581276	1.93624e-09
13.22	0.000588272	1.98013e-09
13.23	0.000595353	2.02502e-09
13.24	0.000602517	2.07092e-09
13.25	0.000609767	2.11786e-09
13.26	0.000617103	2.16585e-09
13.27	0.000624527	2.21493e-09
13.28	0.000632039	2.26512e-09
13.29	0.000639641	2.31645e-09
13.3	0.000647333	2.36893e-09
13.31	0.000655117	2.4226e-09
13.32	0.000662993	2.47748e-09
13.33	0.000670963	2.53359e-09
13.34	0.000679028	2.59098e-09
13.35	0.000687189	2.64966e-09
13.36	0.000695447	2.70966e-09
13.37	0.000703803	2.77102e-09
13.38	0.000712259	2.83377e-09
13.39	0.000720816	2.89793e-09
13.4	0.000729474	2.96353e-09
13.41	0.000738235	3.03062e-09
13.42	0.0007471	3.09922e-09
13.43	0.000756071	3.16937e-09
13.44	0.000765148	3.2411e-09
13.45	0.000774333	3.31445e-09
13.46	0.000783628	3.38945e-09
13.47	0.000793033	3.46615e-09
13.48	0.00080255	3.54457e-09
13.49	0.000812179	3.62477e-09
13.5	0.000821924	3.70677e-09
13.51	0.000831784	3.79062e-09
13.52	0.000841761	3.87636e-09
13.53	0.000851856	3.96403e-09
13.54	0.000862072	4.05368e-09
13.55	0.000872409	4.14535e-09
13.56	0.000882868	4.23909e-09
13.57	0.000893452	4.33494e-09
13.58	0.000904162	4.43295e-09
13.59	0.000914998	4.53317e-09
13.6	0.000925964	4.63564e-09
13.61	0.000937059	4.74043e-09
13.62	0.000948286	4.84757e-09
13.63	0.000959646	4.95713e-09
13.64	0.000971141	5.06916e-09
13.65	0.000982773	5.18371e-09
13.66	0.000994542	5.30084e-09
13.67	0.00100645	5.42061e-09
13.68	0.0010185	5.54308e-09
13.69	0.00103069	5.6683e-09
13.7	0.00104303	5.79634e-09
13.71	0.00105552	5.92727e-09
13.72	0.00106815	6.06114e-09
13.73	0.00108093	6.19803e-09
13.74	0.00109386	6.338e-09
13.75	0.00110695	6.48112e-09
13.76	0.00112019	6.62746e-09
13.77	0.00113359	6.77709e-09
13.78	0.00114715	6.93009e-09
13.79	0.00116086	7.08654e-09
13.8	0.00117474	7.2465e-09
13.81	0.00118879	7.41007e-09
13.82	0.001203	7.57731e-09
13.83	0.00121738	7.74832e-09
13.84	0.00123193	7.92317e-09
13.85	0.00124665	8.10195e-09
13.86	0.00126155	8.28476e-09
13.87	0.00127662	8.47168e-09
13.88	0.00129187	8.6628e-09
13.89	0.0013073	8.85822e-09
13.9	0.00132291	9.05804e-09
13.91	0.00133871	9.26234e-09
13.92	0.0013547	9.47124e-09
13.93	0.00137087	9.68484e-09
13.94	0.00138724	9.90324e-09
13.95	0.0014038	1.01265e-08
13.96	0.00142055	1.03549e-08
13.97	0.00143751	1.05883e-08
13.98	0.00145466	1.0827e-08
13.99	0.00147202	1.10711e-08
14	0.00148958	1.13207e-08
14.01	0.00150735	1.15758e-08
14.02	0.00152533	1.18367e-08
14.03	0.00154352	1.21035e-08
14.04	0.00156193	1.23762e-08
14.05	0.00158055	1.26551e-08
14.06	0.0015994	1.29402e-08
14.07	0.00161846	1.32318e-08
14.08	0.00163776	1.35299e-08
14.09	0.00165728	1.38346e-08
14.1	0.00167703	1.41463e-08
14.11	0.00169701	1.44649e-08
14.12	0.00171723	1.47907e-08
14.13	0.00173769	1.51238e-08
14.14	0.00175839	1.54644e-08
14.15	0.00177933	1.58126e-08
14.16	0.00180053	1.61686e-08
14.17	0.00182197	1.65326e-08
14.18	0.00184366	1.69048e-08
14.19	0.00186561	1.72854e-08
14.2	0.00188782	1.76745e-08
14.21	0.0019103	1.80723e-08
14.22	0.00193303	1.8479e-08
14.23	0.00195604	1.88949e-08
14.24	0.00197931	1.93201e-08
14.25	0.00200287	1.97549e-08
14.26	0.00202669	2.01993e-08
14.27	0.0020508	2.06538e-08
14.28	0.0020752	2.11185e-08
14.29	0.00209988	2.15936e-08
14.3	0.00212485	2.20793e-08
14.31	0.00215012	2.25759e-08
14.32	0.00217568	2.30837e-08
14.33	0.00220155	2.36028e-08
14.34	0.00222772	2.41336e-08
14.35	0.0022542	2.46763e-08
14.36	0.00228099	2.52312e-08
14.37	0.00230809	2.57985e-08
14.38	0.00233552	2.63785e-08
14.39	0.00236327	2.69715e-08
14.4	0.00239134	2.75778e-08
14.41	0.00241975	2.81977e-08
14.42	0.00244849	2.88315e-08
14.43	0.00247757	2.94794e-08
14.44	0.00250699	3.01419e-08
14.45	0.00253676	3.08193e-08
14.46	0.00256688	3.15118e-08
14.47	0.00259735	3.22198e-08
14.48	0.00262818	3.29437e-08
14.49	0.00265937	3.36839e-08
14.5	0.00269093	3.44405e-08
14.51	0.00272287	3.52142e-08
14.52	0.00275517	3.60051e-08
14.53	0.00278786	3.68138e-08
14.54	0.00282093	3.76406e-08
14.55	0.00285439	3.84859e-08
14.56	0.00288825	3.93501e-08
14.57	0.0029225	4.02337e-08
14.58	0.00295716	4.11371e-08
14.59	0.00299222	4.20607e-08
14.6	0.00302769	4.30049e-08
14.61	0.00306358	4.39703e-08
14.62	0.0030999	4.49573e-08
14.63	0.00313664	4.59664e-08
14.64	0.00317381	4.6998e-08
14.65	0.00321142	4.80528e-08
14.66	0.00324947	4.91312e-08
14.67	0.00328797	5.02336e-08
14.68	0.00332692	5.13608e-08
14.69	0.00336632	5.25132e-08
14.7	0.00340619	5.36913e-08
14.71	0.00344653	5.48958e-08
14.72	0.00348734	5.61273e-08
14.73	0.00352864	5.73863e-08
14.74	0.00357041	5.86734e-08
14.75	0.00361268	5.99894e-08
14.76	0.00365544	6.13347e-08
14.77	0.0036987	6.27102e-08
14.78	0.00374248	6.41164e-08
14.79	0.00378676	6.5554e-08
14.8	0.00383157	6.70238e-08
14.81	0.0038769	6.85265e-08
14.82	0.00392276	7.00627e-08
14.83	0.00396916	7.16333e-08
14.84	0.00401611	7.3239e-08
14.85	0.0040636	7.48806e-08
14.86	0.00411165	7.65589e-08
14.87	0.00416027	7.82746e-08
14.88	0.00420946	8.00288e-08
14.89	0.00425922	8.18221e-08
14.9	0.00430957	8.36555e-08
14.91	0.0043605	8.55298e-08
14.92	0.00441203	8.74461e-08
14.93	0.00446417	8.94051e-08
14.94	0.00451692	9.14079e-08
14.95	0.00457029	9.34555e-08
14.96	0.00462428	9.55487e-08
14.97	0.0046789	9.76888e-08
14.98	0.00473417	9.98766e-08
14.99	0.00479008	1.02113e-07
15	0.00484665	1.044e-07
15.01	0.00490388	1.06738e-07
15.02	0.00496178	1.09128e-07
15.03	0.00502035	1.11571e-07
15.04	0.00507962	1.14069e-07
15.05	0.00513957	1.16622e-07
15.06	0.00520023	1.19233e-07
15.07	0.0052616	1.21902e-07
15.08	0.00532369	1.2463e-07
15.09	0.0053865	1.27419e-07
15.1	0.00545005	1.30271e-07
15.11	0.00551435	1.33186e-07
15.12	0.00557939	1.36167e-07
15.13	0.0056452	1.39213e-07
15.14	0.00571178	1.42328e-07
15.15	0.00577913	1.45512e-07
15.16	0.00584727	1.48768e-07
15.17	0.00591621	1.52096e-07
15.18	0.00598596	1.55498e-07
15.19	0.00605652	1.58976e-07
15.2	0.00612791	1.62532e-07
15.21	0.00620013	1.66167e-07
15.22	0.0062732	1.69883e-07
15.23	0.00634712	1.73682e-07
15.24	0.0064219	1.77565e-07
15.25	0.00649756	1.81535e-07
15.26	0.00657411	1.85594e-07
15.27	0.00665154	1.89744e-07
15.28	0.00672989	1.93985e-07
15.29	0.00680915	1.98322e-07
15.3	0.00688933	2.02755e-07
15.31	0.00697045	2.07287e-07
15.32	0.00705252	2.1192e-07
15.33	0.00713555	2.16656e-07
15.34	0.00721954	2.21497e-07
15.35	0.00730452	2.26447e-07
15.36	0.00739049	2.31507e-07
15.37	0.00747747	2.3668e-07
15.38	0.00756545	2.41968e-07
15.39	0.00765447	2.47374e-07
15.4	0.00774453	2.529e-07
15.41	0.00783564	2.58549e-07
15.42	0.00792781	2.64324e-07
15.43	0.00802105	2.70228e-07
15.44	0.00811539	2.76264e-07
15.45	0.00821082	2.82434e-07
15.46	0.00830737	2.88741e-07
15.47	0.00840505	2.95189e-07
15.48	0.00850386	3.0178e-07
15.49	0.00860383	3.08518e-07
15.5	0.00870497	3.15407e-07
15.51	0.00880728	3.22448e-07
15.52	0.00891079	3.29647e-07
15.53	0.0090155	3.37005e-07
15.54	0.00912144	3.44528e-07
15.55	0.00922861	3.52218e-07
15.56	0.00933703	3.60079e-07
15.57	0.00944671	3.68116e-07
15.58	0.00955768	3.76331e-07
15.59	0.00966993	3.84729e-07
15.6	0.0097835	3.93314e-07
15.61	0.00989838	4.0209e-07
15.62	0.0100146	4.11061e-07
15.63	0.0101322	4.20232e-07
15.64	0.0102511	4.29607e-07
15.65	0.0103715	4.39191e-07
15.66	0.0104932	4.48987e-07
15.67	0.0106164	4.59002e-07
15.68	0.010741	4.6924e-07
15.69	0.010867	4.79705e-07
15.7	0.0109945	4.90404e-07
15.71	0.0111235	5.0134e-07
15.72	0.011254	5.12519e-07
15.73	0.011386	5.23947e-07
15.74	0.0115196	5.3563e-07
15.75	0.0116547	5.47572e-07
15.76	0.0117914	5.5978e-07
15.77	0.0119297	5.72259e-07
15.78	0.0120695	5.85016e-07
15.79	0.012211	5.98056e-07
15.8	0.0123542	6.11386e-07
15.81	0.012499	6.25013e-07
15.82	0.0126455	6.38942e-07
15.83	0.0127938	6.53182e-07
15.84	0.0129437	6.67738e-07
15.85	0.0130954	6.82617e-07
15.86	0.0132488	6.97827e-07
15.87	0.013404	7.13375e-07
15.88	0.0135611	7.29269e-07
15.89	0.0137199	7.45516e-07
15.9	0.0138807	7.62124e-07
15.91	0.0140432	7.79101e-07
15.92	0.0142077	7.96455e-07
15.93	0.0143741	8.14195e-07
15.94	0.0145424	8.32329e-07
15.95	0.0147127	8.50866e-07
15.96	0.0148849	8.69815e-07
15.97	0.0150592	8.89185e-07
15.98	0.0152354	9.08985e-07
15.99	0.0154138	9.29225e-07
16	0.0155942	9.49914e-07
16.01	0.0157767	9.71063e-07
16.02	0.0159613	9.92682e-07
16.03	0.016148	1.01478e-06
16.04	0.016337	1.03737e-06
16.05	0.0165281	1.06046e-06
16.06	0.0167214	1.08407e-06
16.07	0.016917	1.10819e-06
16.08	0.0171149	1.13286e-06
16.09	0.017315	1.15807e-06
16.1	0.0175175	1.18384e-06
16.11	0.0177223	1.21018e-06
16.12	0.0179295	1.23711e-06
16.13	0.0181392	1.26464e-06
16.14	0.0183512	1.29277e-06
16.15	0.0185657	1.32153e-06
16.16	0.0187827	1.35093e-06
16.17	0.0190022	1.38098e-06
16.18	0.0192243	1.4117e-06
16.19	0.0194489	1.4431e-06
16.2	0.0196762	1.4752e-06
16.21	0.0199061	1.50801e-06
16.22	0.0201386	1.54155e-06
16.23	0.0203738	1.57583e-06
16.24	0.0206118	1.61087e-06
16.25	0.0208526	1.64669e-06
16.26	0.0210961	1.6833e-06
16.27	0.0213424	1.72073e-06
16.28	0.0215916	1.75899e-06
16.29	0.0218437	1.79809e-06
16.3	0.0220988	1.83806e-06
16.31	0.0223567	1.87892e-06
16.32	0.0226177	1.92069e-06
16.33	0.0228817	1.96338e-06
16.34	0.0231487	2.00702e-06
16.35	0.0234189	2.05162e-06
16.36	0.0236922	2.09722e-06
16.37	0.0239686	2.14382e-06
16.38	0.0242483	2.19146e-06
16.39	0.0245311	2.24015e-06
16.4	0.0248173	2.28993e-06
16.41	0.0251068	2.3408e-06
16.42	0.0253996	2.39281e-06
16.43	0.0256958	2.44597e-06
16.44	0.0259955	2.5003e-06
16.45	0.0262986	2.55584e-06
16.46	0.0266053	2.61261e-06
16.47	0.0269154	2.67064e-06
16.48	0.0272292	2.72996e-06
16.49	0.0275466	2.79059e-06
16.5	0.0278677	2.85256e-06
16.51	0.0281925	2.91591e-06
16.52	0.0285211	2.98066e-06
16.53	0.0288535	3.04684e-06
16.54	0.0291897	3.11449e-06
16.55	0.0295298	3.18364e-06
16.56	0.0298738	3.25432e-06
16.57	0.0302218	3.32657e-06
16.58	0.0305739	3.40041e-06
16.59	0.03093	3.4759e-06
16.6	0.0312902	3.55305e-06
16.61	0.0316546	3.63191e-06
16.62	0.0320233	3.71252e-06
16.63	0.0323961	3.79492e-06
16.64	0.0327733	3.87913e-06
16.65	0.0331549	3.96522e-06
16.66	0.0335409	4.05321e-06
16.67	0.0339313	4.14314e-06
16.68	0.0343263	4.23507e-06
16.69	0.0347258	4.32904e-06
16.7	0.0351299	4.42508e-06
16.71	0.0355387	4.52325e-06
16.72	0.0359523	4.62359e-06
16.73	0.0363706	4.72616e-06
16.74	0.0367937	4.83099e-06
16.75	0.0372218	4.93815e-06
16.76	0.0376547	5.04767e-06
16.77	0.0380927	5.15962e-06
16.78	0.0385358	5.27405e-06
16.79	0.0389839	5.39101e-06
16.8	0.0394373	5.51056e-06
16.81	0.0398959	5.63275e-06
16.82	0.0403597	5.75764e-06
16.83	0.040829	5.8853e-06
16.84	0.0413036	6.01579e-06
16.85	0.0417838	6.14916e-06
16.86	0.0422695	6.28548e-06
16.87	0.0427608	6.42481e-06
16.88	0.0432577	6.56723e-06
16.89	0.0437604	6.7128e-06
16.9	0.0442689	6.86159e-06
16.91	0.0447833	7.01366e-06
16.92	0.0453036	7.16911e-06
16.93	0.0458299	7.32798e-06
16.94	0.0463623	7.49038e-06
16.95	0.0469009	7.65636e-06
16.96	0.0474456	7.82601e-06
16.97	0.0479967	7.99942e-06
16.98	0.0485541	8.17665e-06
16.99	0.0491179	8.35781e-06
17	0.0496882	8.54297e-06
17.01	0.0502651	8.73223e-06
17.02	0.0508487	8.92567e-06
17.03	0.051439	9.12338e-06
17.04	0.0520361	9.32547e-06
17.05	0.0526401	9.53202e-06
17.06	0.0532511	9.74313e-06
17.07	0.0538691	9.95892e-06
17.08	0.0544942	1.01795e-05
17.09	0.0551266	1.04049e-05
17.1	0.0557662	1.06353e-05
17.11	0.0564132	1.08708e-05
17.12	0.0570677	1.11115e-05
17.13	0.0577297	1.13575e-05
17.14	0.0583993	1.1609e-05
17.15	0.0590767	1.1866e-05
17.16	0.0597618	1.21287e-05
17.17	0.0604549	1.23972e-05
17.18	0.0611559	1.26716e-05
17.19	0.0618651	1.29521e-05
17.2	0.0625824	1.32388e-05
17.21	0.0633079	1.35318e-05
17.22	0.0640418	1.38312e-05
17.23	0.0647842	1.41373e-05
17.24	0.0655351	1.44502e-05
17.25	0.0662947	1.477e-05
17.26	0.067063	1.50968e-05
17.27	0.0678402	1.54308e-05
17.28	0.0686263	1.57723e-05
17.29	0.0694215	1.61212e-05
17.3	0.0702258	1.64779e-05
17.31	0.0710394	1.68424e-05
17.32	0.0718624	1.7215e-05
17.33	0.0726948	1.75958e-05
17.34	0.0735368	1.7985e-05
17.35	0.0743885	1.83829e-05
17.36	0.07525	1.87894e-05
17.37	0.0761215	1.9205e-05
17.38	0.0770029	1.96298e-05
17.39	0.0778945	2.00639e-05
17.4	0.0787964	2.05076e-05
17.41	0.0797086	2.0961e-05
17.42	0.0806313	2.14245e-05
17.43	0.0815647	2.18983e-05
17.44	0.0825088	2.23824e-05
17.45	0.0834637	2.28773e-05
17.46	0.0844296	2.33831e-05
17.47	0.0854067	2.39e-05
17.48	0.086395	2.44283e-05
17.49	0.0873946	2.49683e-05
17.5	0.0884057	2.55202e-05
17.51	0.0894285	2.60843e-05
17.52	0.090463	2.66608e-05
17.53	0.0915094	2.72501e-05
17.54	0.0925679	2.78523e-05
17.55	0.0936385	2.84679e-05
17.56	0.0947214	2.9097e-05
17.57	0.0958168	2.97399e-05
17.58	0.0969248	3.03971e-05
17.59	0.0980455	3.10687e-05
17.6	0.099179	3.17552e-05
17.61	0.100326	3.24568e-05
17.62	0.101485	3.31738e-05
17.63	0.102659	3.39067e-05
17.64	0.103845	3.46557e-05
17.65	0.105045	3.54213e-05
17.66	0.106259	3.62037e-05
17.67	0.107487	3.70034e-05
17.68	0.108729	3.78207e-05
17.69	0.109986	3.8656e-05
17.7	0.111256	3.95097e-05
17.71	0.112542	4.03822e-05
17.72	0.113842	4.1274e-05
17.73	0.115157	4.21854e-05
17.74	0.116487	4.3117e-05
17.75	0.117832	4.4069e-05
17.76	0.119193	4.5042e-05
17.77	0.12057	4.60365e-05
17.78	0.121962	4.70529e-05
17.79	0.12337	4.80917e-05
17.8	0.124795	4.91533e-05
17.81	0.126236	5.02384e-05
17.82	0.127693	5.13473e-05
17.83	0.129167	5.24807e-05
17.84	0.130658	5.36391e-05
17.85	0.132166	5.4823e-05
17.86	0.133691	5.60329e-05
17.87	0.135234	5.72696e-05
17.88	0.136795	5.85334e-05
17.89	0.138373	5.98251e-05
17.9	0.13997	6.11452e-05
17.91	0.141585	6.24945e-05
17.92	0.143218	6.38734e-05
17.93	0.14487	6.52827e-05
17.94	0.146541	6.6723e-05
17.95	0.148232	6.81951e-05
17.96	0.149941	6.96995e-05
17.97	0.151671	7.12371e-05
17.98	0.15342	7.28085e-05
17.99	0.155189	7.44146e-05
18	0.156978	7.6056e-05
18.01	0.158788	7.77335e-05
18.02	0.160619	7.9448e-05
18.03	0.16247	8.12002e-05
18.04	0.164343	8.2991e-05
18.05	0.166238	8.48212e-05
18.06	0.168154	8.66917e-05
18.07	0.170092	8.86033e-05
18.08	0.172052	9.05571e-05
18.09	0.174035	9.25538e-05
18.1	0.17604	9.45945e-05
18.11	0.178068	9.668e-05
18.12	0.18012	9.88115e-05
18.13	0.182195	0.00010099
18.14	0.184294	0.000103216
18.15	0.186417	0.000105492
18.16	0.188564	0.000107817
18.17	0.190736	0.000110193
18.18	0.192933	0.000112622
18.19	0.195155	0.000115104
18.2	0.197402	0.000117641
18.21	0.199675	0.000120234
18.22	0.201974	0.000122884
18.23	0.204299	0.000125592
18.24	0.206651	0.000128359
18.25	0.20903	0.000131188
18.26	0.211437	0.000134078
18.27	0.21387	0.000137033
18.28	0.216332	0.000140052
18.29	0.218822	0.000143137
18.3	0.22134	0.000146291
18.31	0.223887	0.000149514
18.32	0.226463	0.000152807
18.33	0.229069	0.000156173
18.34	0.231704	0.000159613
18.35	0.23437	0.000163129
18.36	0.237066	0.000166722
18.37	0.239793	0.000170394
18.38	0.242551	0.000174147
18.39	0.245341	0.000177982
18.4	0.248162	0.000181902
18.41	0.251016	0.000185907
18.42	0.253903	0.000190001
18.43	0.256822	0.000194185
18.44	0.259775	0.000198461
18.45	0.262762	0.00020283
18.46	0.265783	0.000207296
18.47	0.268838	0.00021186
18.48	0.271929	0.000216524
18.49	0.275054	0.000221291
18.5	0.278216	0.000226162
18.51	0.281413	0.000231141
18.52	0.284647	0.000236228
18.53	0.287918	0.000241428
18.54	0.291227	0.000246742
18.55	0.294573	0.000252173
18.56	0.297957	0.000257723
18.57	0.301381	0.000263394
18.58	0.304843	0.000269191
18.59	0.308345	0.000275115
18.6	0.311886	0.000281169
18.61	0.315469	0.000287356
18.62	0.319092	0.000293678
18.63	0.322756	0.00030014
18.64	0.326463	0.000306744
18.65	0.330212	0.000313492
18.66	0.334003	0.000320389
18.67	0.337838	0.000327438
18.68	0.341717	0.000334641
18.69	0.34564	0.000342002
18.7	0.349608	0.000349525
18.71	0.353621	0.000357213
18.72	0.357679	0.00036507
18.73	0.361785	0.0003731
18.74	0.365937	0.000381305
18.75	0.370136	0.000389691
18.76	0.374384	0.000398261
18.77	0.37868	0.00040702
18.78	0.383025	0.00041597
18.79	0.387419	0.000425117
18.8	0.391864	0.000434465
18.81	0.396359	0.000444018
18.82	0.400906	0.00045378
18.83	0.405504	0.000463757
18.84	0.410155	0.000473953
18.85	0.41486	0.000484373
18.86	0.419617	0.000495021
18.87	0.424429	0.000505903
18.88	0.429296	0.000517024
18.89	0.434219	0.000528389
18.9	0.439197	0.000540003
18.91	0.444233	0.000551872
18.92	0.449326	0.000564001
18.93	0.454477	0.000576397
18.94	0.459686	0.000589065
18.95	0.464955	0.00060201
18.96	0.470284	0.00061524
18.97	0.475674	0.000628759
18.98	0.481125	0.000642576
18.99	0.486639	0.000656695
19	0.492215	0.000671124
19.01	0.497855	0.00068587
19.02	0.503559	0.000700939
19.03	0.509329	0.000716339
19.04	0.515164	0.000732076
19.05	0.521065	0.000748159
19.06	0.527034	0.000764594
19.07	0.53307	0.00078139
19.08	0.539176	0.000798554
19.09	0.545351	0.000816094
19.1	0.551596	0.000834019
19.11	0.557913	0.000852337
19.12	0.564302	0.000871057
19.13	0.570763	0.000890187
19.14	0.577298	0.000909737
19.15	0.583907	0.000929715
19.16	0.590592	0.000950132
19.17	0.597353	0.000970996
19.18	0.60419	0.000992317
19.19	0.611106	0.00101411
19.2	0.6181	0.00103637
19.21	0.625174	0.00105913
19.22	0.632329	0.00108238
19.23	0.639565	0.00110614
19.24	0.646884	0.00113043
19.25	0.654285	0.00115524
19.26	0.661771	0.0011806
19.27	0.669343	0.00120652
19.28	0.677	0.001233
19.29	0.684745	0.00126006
19.3	0.692577	0.00128772
19.31	0.700499	0.00131598
19.32	0.708511	0.00134487
19.33	0.716615	0.00137438
19.34	0.72481	0.00140454
19.35	0.733099	0.00143537
19.36	0.741482	0.00146686
19.37	0.74996	0.00149905
19.38	0.758535	0.00153195
19.39	0.767207	0.00156556
19.4	0.775978	0.00159991
19.41	0.784849	0.00163501
19.42	0.793821	0.00167088
19.43	0.802895	0.00170754
19.44	0.812072	0.001745
19.45	0.821353	0.00178328
19.46	0.83074	0.0018224
19.47	0.840233	0.00186238
19.48	0.849835	0.00190323
19.49	0.859546	0.00194498
19.5	0.869367	0.00198764
19.51	0.8793	0.00203123
19.52	0.889345	0.00207578
19.53	0.899505	0.0021213
19.54	0.909781	0.00216783
19.55	0.920173	0.00221537
19.56	0.930684	0.00226395
19.57	0.941313	0.00231359
19.58	0.952064	0.00236432
19.59	0.962937	0.00241617
19.6	0.973933	0.00246914
19.61	0.985055	0.00252328
19.62	0.996302	0.0025786
19.63	1.00768	0.00263514
19.64	1.01918	0.00269291
19.65	1.03082	0.00275194
19.66	1.04259	0.00281227
19.67	1.05449	0.00287392
19.68	1.06652	0.00293691
19.69	1.0787	0.00300129
19.7	1.09101	0.00306707
19.71	1.10346	0.0031343
19.72	1.11605	0.00320299
19.73	1.12879	0.00327319
19.74	1.14167	0.00334492
19.75	1.1547	0.00341823
19.76	1.16787	0.00349314
19.77	1.18119	0.00356968
19.78	1.19467	0.00364791
19.79	1.2083	0.00372784
19.8	1.22208	0.00380952
19.81	1.23602	0.00389299
19.82	1.25012	0.00397829
19.83	1.26438	0.00406545
19.84	1.2788	0.00415452
19.85	1.29338	0.00424553
19.86	1.30813	0.00433854
19.87	1.32305	0.00443358
19.88	1.33813	0.0045307
19.89	1.35339	0.00462995
19.9	1.36882	0.00473136
19.91	1.38442	0.00483499
19.92	1.40021	0.00494089
19.93	1.41617	0.00504911
19.94	1.43231	0.00515969
19.95	1.44864	0.00527269
19.96	1.46515	0.00538816
19.97	1.48184	0.00550616
19.98	1.49873	0.00562674
19.99	1.51581	0.00574995
