0	0	inf	-44.0186	inf	-inf	22.2927
0.01	1.38028e-28	2.48998e+06	-44.0186	2.49e+06	-0.111758	22.2927
0.02	1.4555e-14	622478	-44.0186	622500	-0.0567194	22.2926
0.03	8.73302e-14	276645	-44.0186	276667	-0.0383816	22.2925
0.04	2.91101e-13	155603	-44.0186	155625	-0.029219	22.2923
0.05	7.27751e-13	99578.3	-44.0186	99600	-0.0237267	22.2921
0.06	1.52828e-12	69145	-44.0186	69166.7	-0.0200696	22.2919
0.07	2.85278e-12	50794.6	-44.0186	50816.3	-0.0174612	22.2915
0.08	4.89048e-12	38884.5	-44.0186	38906.2	-0.0155083	22.2912
0.09	7.8597e-12	30719	-44.0186	30740.7	-0.0139924	22.2908
0.1	1.20079e-11	24878.3	-44.0186	24900	-0.0127825	22.2903
0.11	1.76115e-11	20556.8	-44.0185	20578.5	-0.0117952	22.2898
0.12	2.49763e-11	17270	-44.0185	17291.7	-0.0109749	22.2892
0.13	3.4437e-11	14712	-44.0185	14733.7	-0.010283	22.2886
0.14	4.63575e-11	12682.4	-44.0185	12704.1	-0.00969205	22.288
0.15	6.11307e-11	11044.9	-44.0185	11066.7	-0.00918194	22.2872
0.16	7.91787e-11	9704.84	-44.0185	9726.56	-0.0087375	22.2865
0.17	1.00953e-10	8594.2	-44.0185	8615.92	-0.00834719	22.2857
0.18	1.26933e-10	7663.46	-44.0185	7685.19	-0.008002	22.2848
0.19	1.57629e-10	6875.78	-44.0185	6897.51	-0.00769483	22.2839
0.2	1.93579e-10	6203.27	-44.0184	6225	-0.00742001	22.283
0.21	2.35351e-10	5624.53	-44.0184	5646.26	-0.00717294	22.282
0.22	2.83542e-10	5122.9	-44.0184	5144.63	-0.00694985	22.2809
0.23	3.38776e-10	4685.26	-44.0184	4706.99	-0.00674764	22.2798
0.24	4.0171e-10	4301.19	-44.0184	4322.92	-0.00656372	22.2787
0.25	4.73028e-10	3962.27	-44.0184	3984	-0.00639592	22.2775
0.26	5.53441e-10	3661.7	-44.0184	3683.43	-0.0062424	22.2762
0.27	6.43693e-10	3393.9	-44.0184	3415.64	-0.00610159	22.2749
0.28	7.44555e-10	3154.28	-44.0183	3176.02	-0.00597215	22.2736
0.29	8.56827e-10	2939.02	-44.0183	2960.76	-0.00585292	22.2722
0.3	9.81339e-10	2744.93	-44.0183	2766.67	-0.00574289	22.2708
0.31	1.11895e-09	2569.31	-44.0183	2591.05	-0.00564121	22.2693
0.32	1.27055e-09	2409.9	-44.0183	2431.64	-0.00554709	22.2677
0.33	1.43704e-09	2264.76	-44.0183	2286.5	-0.00545988	22.2662
0.34	1.61939e-09	2132.23	-44.0183	2153.98	-0.00537898	22.2645
0.35	1.81856e-09	2010.9	-44.0182	2032.65	-0.00530387	22.2628
0.36	2.03556e-09	1899.55	-44.0182	1921.3	-0.00523407	22.2611
0.37	2.27142e-09	1797.09	-44.0182	1818.85	-0.00516919	22.2593
0.38	2.5272e-09	1702.62	-44.0182	1724.38	-0.00510884	22.2575
0.39	2.804e-09	1615.33	-44.0182	1637.08	-0.00505269	22.2556
0.4	3.10293e-09	1534.49	-44.0182	1556.25	-0.00500045	22.2537
0.41	3.42514e-09	1459.5	-44.0182	1481.26	-0.00495185	22.2517
0.42	3.77182e-09	1389.8	-44.0181	1411.56	-0.00490663	22.2497
0.43	4.14417e-09	1324.91	-44.0181	1346.67	-0.00486459	22.2476
0.44	4.54342e-09	1264.39	-44.0181	1286.16	-0.00482551	22.2455
0.45	4.97084e-09	1207.86	-44.0181	1229.63	-0.00478922	22.2433
0.46	5.42774e-09	1154.98	-44.0181	1176.75	-0.00475556	22.2411
0.47	5.91542e-09	1105.43	-44.0181	1127.21	-0.00472436	22.2388
0.48	6.43524e-09	1058.95	-44.018	1080.73	-0.00469549	22.2365
0.49	6.98859e-09	1015.29	-44.018	1037.07	-0.00466883	22.2341
0.5	7.57688e-09	974.22	-44.018	996	-0.00464425	22.2317
0.51	8.20154e-09	935.542	-44.018	957.324	-0.00462165	22.2293
0.52	8.86405e-09	899.073	-44.018	920.858	-0.00460093	22.2267
0.53	9.5659e-09	864.649	-44.0179	886.436	-0.004582	22.2242
0.54	1.03086e-08	832.119	-44.0179	853.909	-0.00456477	22.2216
0.55	1.10938e-08	801.348	-44.0179	823.14	-0.00454916	22.2189
0.56	1.19229e-08	772.209	-44.0179	794.005	-0.00453511	22.2162
0.57	1.27977e-08	744.591	-44.0179	766.39	-0.00452254	22.2134
0.58	1.37198e-08	718.389	-44.0178	740.19	-0.0045114	22.2106
0.59	1.46908e-08	693.508	-44.0178	715.312	-0.00450162	22.2078
0.6	1.57124e-08	669.86	-44.0178	691.667	-0.00449315	22.2049
0.61	1.67864e-08	647.365	-44.0178	669.175	-0.00448594	22.2019
0.62	1.79145e-08	625.95	-44.0178	647.763	-0.00447995	22.1989
0.63	1.90986e-08	605.546	-44.0177	627.362	-0.00447514	22.1959
0.64	2.03404e-08	586.091	-44.0177	607.91	-0.00447145	22.1928
0.65	2.16418e-08	567.527	-44.0177	589.349	-0.00446886	22.1896
0.66	2.30046e-08	549.8	-44.0177	571.625	-0.00446732	22.1864
0.67	2.44308e-08	532.861	-44.0176	554.689	-0.00446682	22.1832
0.68	2.59223e-08	516.663	-44.0176	538.495	-0.00446731	22.1799
0.69	2.7481e-08	501.164	-44.0176	522.999	-0.00446876	22.1765
0.7	2.9109e-08	486.325	-44.0176	508.163	-0.00447115	22.1731
0.71	3.08083e-08	472.108	-44.0175	493.95	-0.00447446	22.1697
0.72	3.25808e-08	458.479	-44.0175	480.324	-0.00447866	22.1662
0.73	3.44288e-08	445.406	-44.0175	467.255	-0.00448373	22.1627
0.74	3.63542e-08	432.859	-44.0175	454.711	-0.00448964	22.1591
0.75	3.83593e-08	420.811	-44.0174	442.667	-0.00449639	22.1554
0.76	4.04462e-08	409.235	-44.0174	431.094	-0.00450394	22.1518
0.77	4.26171e-08	398.106	-44.0174	419.97	-0.00451229	22.148
0.78	4.48742e-08	387.403	-44.0174	409.27	-0.00452142	22.1442
0.79	4.72197e-08	377.104	-44.0173	398.975	-0.00453131	22.1404
0.8	4.9656e-08	367.188	-44.0173	389.062	-0.00454195	22.1365
0.81	5.21853e-08	357.637	-44.0173	379.515	-0.00455333	22.1326
0.82	5.481e-08	348.433	-44.0172	370.315	-0.00456543	22.1286
0.83	5.75325e-08	339.559	-44.0172	361.446	-0.00457824	22.1246
0.84	6.03551e-08	331.001	-44.0172	352.891	-0.00459176	22.1205
0.85	6.32803e-08	322.742	-44.0172	344.637	-0.00460596	22.1164
0.86	6.63105e-08	314.77	-44.0171	336.668	-0.00462086	22.1122
0.87	6.94482e-08	307.071	-44.0171	328.973	-0.00463642	22.108
0.88	7.26959e-08	299.632	-44.0171	321.539	-0.00465266	22.1037
0.89	7.60562e-08	292.443	-44.017	314.354	-0.00466955	22.0994
0.9	7.95315e-08	285.492	-44.017	307.407	-0.0046871	22.095
0.91	8.31246e-08	278.768	-44.017	300.688	-0.00470529	22.0906
0.92	8.6838e-08	272.263	-44.0169	294.187	-0.00472412	22.0861
0.93	9.06744e-08	265.966	-44.0169	287.895	-0.00474359	22.0816
0.94	9.46365e-08	259.868	-44.0169	281.802	-0.00476369	22.0771
0.95	9.87269e-08	253.962	-44.0168	275.9	-0.00478442	22.0724
0.96	1.02948e-07	248.24	-44.0168	270.182	-0.00480577	22.0678
0.97	1.07304e-07	242.693	-44.0167	264.64	-0.00482774	22.0631
0.98	1.11796e-07	237.315	-44.0167	259.267	-0.00485032	22.0583
0.99	1.16428e-07	232.099	-44.0167	254.056	-0.00487352	22.0535
1	1.21202e-07	227.039	-44.0166	249	-0.00489733	22.0486
1.01	1.26121e-07	222.127	-44.0166	244.094	-0.00492175	22.0437
1.02	1.31188e-07	217.36	-44.0166	239.331	-0.00494677	22.0388
1.03	1.36407e-07	212.73	-44.0165	234.706	-0.0049724	22.0338
1.04	1.41779e-07	208.233	-44.0165	230.214	-0.00499863	22.0287
1.05	1.47308e-07	203.864	-44.0164	225.85	-0.00502546	22.0236
1.06	1.52998e-07	199.618	-44.0164	221.609	-0.0050529	22.0185
1.07	1.58851e-07	195.49	-44.0163	217.486	-0.00508094	22.0133
1.08	1.6487e-07	191.476	-44.0163	213.477	-0.00510958	22.008
1.09	1.71058e-07	187.572	-44.0163	209.578	-0.00513882	22.0027
1.1	1.77418e-07	183.773	-44.0162	205.785	-0.00516867	21.9974
1.11	1.83954e-07	180.077	-44.0162	202.094	-0.00519911	21.992
1.12	1.90669e-07	176.479	-44.0161	198.501	-0.00523016	21.9865
1.13	1.97566e-07	172.976	-44.0161	195.004	-0.00526182	21.9811
1.14	2.04649e-07	169.564	-44.016	191.597	-0.00529408	21.9755
1.15	2.11919e-07	166.241	-44.016	188.28	-0.00532695	21.9699
1.16	2.19382e-07	163.003	-44.0159	185.048	-0.00536043	21.9643
1.17	2.2704e-07	159.848	-44.0159	181.898	-0.00539452	21.9586
1.18	2.34896e-07	156.772	-44.0158	178.828	-0.00542922	21.9529
1.19	2.42954e-07	153.774	-44.0158	175.835	-0.00546454	21.9471
1.2	2.51218e-07	150.85	-44.0157	172.917	-0.00550048	21.9412
1.21	2.5969e-07	147.997	-44.0157	170.07	-0.00553703	21.9354
1.22	2.68374e-07	145.215	-44.0156	167.294	-0.00557422	21.9294
1.23	2.77275e-07	142.5	-44.0156	164.585	-0.00561202	21.9234
1.24	2.86394e-07	139.85	-44.0155	161.941	-0.00565046	21.9174
1.25	2.95736e-07	137.263	-44.0155	159.36	-0.00568953	21.9113
1.26	3.05305e-07	134.738	-44.0154	156.841	-0.00572924	21.9052
1.27	3.15104e-07	132.272	-44.0153	154.38	-0.00576958	21.899
1.28	3.25136e-07	129.863	-44.0153	151.978	-0.00581057	21.8928
1.29	3.35406e-07	127.51	-44.0152	149.63	-0.00585221	21.8865
1.3	3.45917e-07	125.21	-44.0152	147.337	-0.0058945	21.8802
1.31	3.56672e-07	122.963	-44.0151	145.096	-0.00593745	21.8738
1.32	3.67676e-07	120.767	-44.015	142.906	-0.00598106	21.8674
1.33	3.78932e-07	118.619	-44.015	140.765	-0.00602534	21.861
1.34	3.90444e-07	116.52	-44.0149	138.672	-0.00607028	21.8544
1.35	4.02216e-07	114.467	-44.0149	136.626	-0.0061159	21.8479
1.36	4.14252e-07	112.458	-44.0148	134.624	-0.00616221	21.8413
1.37	4.26555e-07	110.494	-44.0147	132.666	-0.00620919	21.8346
1.38	4.3913e-07	108.571	-44.0147	130.75	-0.00625687	21.8279
1.39	4.51981e-07	106.69	-44.0146	128.875	-0.00630525	21.8211
1.4	4.6511e-07	104.849	-44.0145	127.041	-0.00635433	21.8143
1.41	4.78523e-07	103.047	-44.0144	125.245	-0.00640412	21.8075
1.42	4.92224e-07	101.282	-44.0144	123.487	-0.00645462	21.8005
1.43	5.06216e-07	99.5543	-44.0143	121.766	-0.00650584	21.7936
1.44	5.20503e-07	97.8621	-44.0142	120.081	-0.00655779	21.7866
1.45	5.3509e-07	96.2046	-44.0141	118.43	-0.00661047	21.7795
1.46	5.49981e-07	94.5809	-44.0141	116.814	-0.0066639	21.7724
1.47	5.6518e-07	92.99	-44.014	115.23	-0.00671807	21.7653
1.48	5.80691e-07	91.4311	-44.0139	113.678	-0.00677299	21.7581
1.49	5.96518e-07	89.9032	-44.0138	112.157	-0.00682867	21.7508
1.5	6.12666e-07	88.4056	-44.0138	110.667	-0.00688512	21.7435
1.51	6.29138e-07	86.9375	-44.0137	109.206	-0.00694235	21.7362
1.52	6.45939e-07	85.4981	-44.0136	107.774	-0.00700035	21.7288
1.53	6.63074e-07	84.0866	-44.0135	106.369	-0.00705915	21.7213
1.54	6.80546e-07	82.7023	-44.0134	104.992	-0.00711875	21.7138
1.55	6.98361e-07	81.3446	-44.0133	103.642	-0.00717915	21.7063
1.56	7.16521e-07	80.0127	-44.0132	102.318	-0.00724036	21.6987
1.57	7.35033e-07	78.7059	-44.0132	101.018	-0.0073024	21.6911
1.58	7.539e-07	77.4238	-44.0131	99.7436	-0.00736526	21.6834
1.59	7.73127e-07	76.1655	-44.013	98.4929	-0.00742896	21.6756
1.6	7.92717e-07	74.9306	-44.0129	97.2656	-0.00749352	21.6679
1.61	8.12677e-07	73.7184	-44.0128	96.0611	-0.00755892	21.66
1.62	8.33009e-07	72.5285	-44.0127	94.8788	-0.00762519	21.6521
1.63	8.5372e-07	71.3601	-44.0126	93.7182	-0.00769234	21.6442
1.64	8.74813e-07	70.2129	-44.0125	92.5788	-0.00776036	21.6362
1.65	8.96293e-07	69.0863	-44.0124	91.4601	-0.00782928	21.6282
1.66	9.18164e-07	67.9798	-44.0123	90.3614	-0.0078991	21.6201
1.67	9.40432e-07	66.8929	-44.0122	89.2825	-0.00796984	21.612
1.68	9.63101e-07	65.8252	-44.0121	88.2228	-0.00804149	21.6038
1.69	9.86175e-07	64.7763	-44.012	87.1818	-0.00811407	21.5956
1.7	1.00966e-06	63.7455	-44.0119	86.1592	-0.0081876	21.5873
1.71	1.03356e-06	62.7327	-44.0117	85.1544	-0.00826208	21.579
1.72	1.05788e-06	61.7372	-44.0116	84.1671	-0.00833751	21.5706
1.73	1.08263e-06	60.7588	-44.0115	83.1969	-0.00841393	21.5622
1.74	1.1078e-06	59.797	-44.0114	82.2434	-0.00849132	21.5537
1.75	1.13341e-06	58.8515	-44.0113	81.3061	-0.00856971	21.5452
1.76	1.15946e-06	57.9218	-44.0112	80.3848	-0.00864911	21.5366
1.77	1.18595e-06	57.0077	-44.011	79.4791	-0.00872952	21.528
1.78	1.21289e-06	56.1087	-44.0109	78.5886	-0.00881096	21.5193
1.79	1.24029e-06	55.2246	-44.0108	77.7129	-0.00889344	21.5106
1.8	1.26814e-06	54.355	-44.0107	76.8519	-0.00897697	21.5019
1.81	1.29646e-06	53.4996	-44.0105	76.005	-0.00906156	21.4931
1.82	1.32525e-06	52.6581	-44.0104	75.1721	-0.00914723	21.4842
1.83	1.35451e-06	51.8301	-44.0103	74.3528	-0.00923399	21.4753
1.84	1.38425e-06	51.0154	-44.0101	73.5468	-0.00932185	21.4663
1.85	1.41448e-06	50.2137	-44.01	72.7538	-0.00941082	21.4573
1.86	1.44519e-06	49.4247	-44.0099	71.9736	-0.00950091	21.4483
1.87	1.4764e-06	48.6482	-44.0097	71.2059	-0.00959215	21.4392
1.88	1.50811e-06	47.8838	-44.0096	70.4504	-0.00968454	21.43
1.89	1.54032e-06	47.1313	-44.0094	69.7069	-0.00977809	21.4208
1.9	1.57305e-06	46.3905	-44.0093	68.9751	-0.00987282	21.4116
1.91	1.60629e-06	45.6611	-44.0091	68.2547	-0.00996875	21.4023
1.92	1.64005e-06	44.9429	-44.009	67.5456	-0.0100659	21.3929
1.93	1.67433e-06	44.2357	-44.0088	66.8474	-0.0101642	21.3835
1.94	1.70915e-06	43.5391	-44.0087	66.1601	-0.0102638	21.3741
1.95	1.7445e-06	42.8531	-44.0085	65.4832	-0.0103647	21.3646
1.96	1.7804e-06	42.1774	-44.0084	64.8167	-0.0104668	21.355
1.97	1.81684e-06	41.5117	-44.0082	64.1604	-0.0105702	21.3454
1.98	1.85383e-06	40.8559	-44.008	63.5139	-0.0106748	21.3358
1.99	1.89139e-06	40.2098	-44.0079	62.8772	-0.0107808	21.3261
2	1.9295e-06	39.5732	-44.0077	62.25	-0.0108881	21.3164
2.01	1.96818e-06	38.9459	-44.0075	61.6321	-0.0109968	21.3066
2.02	2.00744e-06	38.3276	-44.0073	61.0234	-0.0111068	21.2967
2.03	2.04728e-06	37.7183	-44.0072	60.4237	-0.0112182	21.2868
2.04	2.0877e-06	37.1178	-44.007	59.8328	-0.011331	21.2769
2.05	2.12872e-06	36.5258	-44.0068	59.2504	-0.0114452	21.2669
2.06	2.17032e-06	35.9423	-44.0066	58.6766	-0.0115608	21.2569
2.07	2.21254e-06	35.367	-44.0064	58.111	-0.0116778	21.2468
2.08	2.25535e-06	34.7998	-44.0062	57.5536	-0.0117963	21.2367
2.09	2.29878e-06	34.2406	-44.006	57.0042	-0.0119163	21.2265
2.1	2.34283e-06	33.6891	-44.0058	56.4626	-0.0120378	21.2163
2.11	2.38751e-06	33.1453	-44.0056	55.9287	-0.0121608	21.206
2.12	2.43281e-06	32.6089	-44.0054	55.4023	-0.0122853	21.1957
2.13	2.47875e-06	32.0799	-44.0052	54.8833	-0.0124114	21.1853
2.14	2.52533e-06	31.5582	-44.005	54.3716	-0.0125391	21.1749
2.15	2.57255e-06	31.0435	-44.0048	53.867	-0.0126683	21.1644
2.16	2.62043e-06	30.5357	-44.0046	53.3693	-0.0127991	21.1539
2.17	2.66897e-06	30.0348	-44.0044	52.8786	-0.0129316	21.1433
2.18	2.71817e-06	29.5406	-44.0041	52.3946	-0.0130657	21.1327
2.19	2.76804e-06	29.0529	-44.0039	51.9172	-0.0132015	21.122
2.2	2.81858e-06	28.5717	-44.0037	51.4463	-0.013339	21.1113
2.21	2.86981e-06	28.0968	-44.0034	50.9818	-0.0134781	21.1006
2.22	2.92172e-06	27.6282	-44.0032	50.5235	-0.013619	21.0897
2.23	2.97433e-06	27.1657	-44.003	50.0714	-0.0137617	21.0789
2.24	3.02763e-06	26.7091	-44.0027	49.6253	-0.0139061	21.068
2.25	3.08164e-06	26.2585	-44.0025	49.1852	-0.0140523	21.057
2.26	3.13636e-06	25.8136	-44.0022	48.7509	-0.0142004	21.046
2.27	3.1918e-06	25.3744	-44.002	48.3223	-0.0143502	21.0349
2.28	3.24796e-06	24.9408	-44.0017	47.8994	-0.014502	21.0238
2.29	3.30484e-06	24.5127	-44.0014	47.4819	-0.0146556	21.0127
2.3	3.36246e-06	24.09	-44.0012	47.0699	-0.0148111	21.0015
2.31	3.42083e-06	23.6726	-44.0009	46.6633	-0.0149685	20.9902
2.32	3.47993e-06	23.2604	-44.0006	46.2619	-0.015128	20.9789
2.33	3.53979e-06	22.8533	-44.0003	45.8656	-0.0152893	20.9676
2.34	3.60041e-06	22.4512	-44.0001	45.4745	-0.0154527	20.9562
2.35	3.66179e-06	22.0541	-43.9998	45.0883	-0.0156181	20.9447
2.36	3.72394e-06	21.6618	-43.9995	44.707	-0.0157856	20.9332
2.37	3.78687e-06	21.2743	-43.9992	44.3305	-0.0159552	20.9217
2.38	3.85057e-06	20.8915	-43.9989	43.9588	-0.0161268	20.9101
2.39	3.91507e-06	20.5133	-43.9986	43.5917	-0.0163006	20.8984
2.4	3.98036e-06	20.1396	-43.9983	43.2292	-0.0164766	20.8868
2.41	4.04645e-06	19.7704	-43.9979	42.8712	-0.0166547	20.875
2.42	4.11335e-06	19.4056	-43.9976	42.5176	-0.016835	20.8632
2.43	4.18106e-06	19.0451	-43.9973	42.1684	-0.0170176	20.8514
2.44	4.24959e-06	18.6889	-43.997	41.8234	-0.0172025	20.8395
2.45	4.31894e-06	18.3368	-43.9966	41.4827	-0.0173896	20.8276
2.46	4.38913e-06	17.9889	-43.9963	41.1461	-0.0175791	20.8156
2.47	4.46015e-06	17.6449	-43.996	40.8137	-0.0177709	20.8035
2.48	4.53201e-06	17.305	-43.9956	40.4852	-0.0179651	20.7915
2.49	4.60472e-06	16.9689	-43.9952	40.1606	-0.0181617	20.7793
2.5	4.67829e-06	16.6367	-43.9949	39.84	-0.0183608	20.7671
2.51	4.75272e-06	16.3083	-43.9945	39.5232	-0.0185623	20.7549
2.52	4.82802e-06	15.9836	-43.9942	39.2101	-0.0187664	20.7426
2.53	4.90419e-06	15.6626	-43.9938	38.9008	-0.0189729	20.7303
2.54	4.98124e-06	15.3452	-43.9934	38.5951	-0.0191821	20.7179
2.55	5.05918e-06	15.0313	-43.993	38.293	-0.0193938	20.7055
2.56	5.13801e-06	14.721	-43.9926	37.9944	-0.0196082	20.693
2.57	5.21774e-06	14.414	-43.9922	37.6993	-0.0198253	20.6805
2.58	5.29838e-06	14.1105	-43.9918	37.4076	-0.020045	20.6679
2.59	5.37992e-06	13.8103	-43.9914	37.1193	-0.0202675	20.6553
2.6	5.46239e-06	13.5133	-43.991	36.8343	-0.0204928	20.6427
2.61	5.54577e-06	13.2196	-43.9905	36.5526	-0.0207208	20.6299
2.62	5.63009e-06	12.9291	-43.9901	36.2741	-0.0209517	20.6172
2.63	5.71535e-06	12.6417	-43.9897	35.9988	-0.0211855	20.6044
2.64	5.80154e-06	12.3574	-43.9892	35.7266	-0.0214222	20.5915
2.65	5.88869e-06	12.0761	-43.9888	35.4575	-0.0216618	20.5786
2.66	5.97679e-06	11.7979	-43.9883	35.1914	-0.0219044	20.5656
2.67	6.06585e-06	11.5225	-43.9879	34.9282	-0.0221501	20.5526
2.68	6.15588e-06	11.2501	-43.9874	34.6681	-0.0223988	20.5396
2.69	6.24688e-06	10.9805	-43.9869	34.4108	-0.0226506	20.5264
2.7	6.33886e-06	10.7138	-43.9864	34.1564	-0.0229055	20.5133
2.71	6.43183e-06	10.4498	-43.9859	33.9048	-0.0231637	20.5001
2.72	6.52579e-06	10.1886	-43.9854	33.6559	-0.023425	20.4868
2.73	6.62076e-06	9.93	-43.9849	33.4098	-0.0236896	20.4735
2.74	6.71672e-06	9.6741	-43.9844	33.1664	-0.0239575	20.4602
2.75	6.8137e-06	9.42081	-43.9839	32.9256	-0.0242288	20.4468
2.76	6.9117e-06	9.1701	-43.9834	32.6875	-0.0245034	20.4333
2.77	7.01072e-06	8.92192	-43.9828	32.4519	-0.0247815	20.4198
2.78	7.11077e-06	8.67625	-43.9823	32.2188	-0.025063	20.4063
2.79	7.21185e-06	8.43305	-43.9817	31.9883	-0.0253481	20.3927
2.8	7.31398e-06	8.19227	-43.9812	31.7602	-0.0256367	20.379
2.81	7.41716e-06	7.95389	-43.9806	31.5346	-0.0259289	20.3653
2.82	7.5214e-06	7.71787	-43.98	31.3113	-0.0262248	20.3516
2.83	7.6267e-06	7.48418	-43.9794	31.0904	-0.0265244	20.3378
2.84	7.73306e-06	7.25278	-43.9788	30.8719	-0.0268277	20.324
2.85	7.8405e-06	7.02364	-43.9782	30.6556	-0.0271348	20.3101
2.86	7.94902e-06	6.79673	-43.9776	30.4416	-0.0274458	20.2961
2.87	8.05863e-06	6.57203	-43.977	30.2298	-0.0277606	20.2822
2.88	8.16933e-06	6.34948	-43.9763	30.0203	-0.0280794	20.2681
2.89	8.28113e-06	6.12908	-43.9757	29.8129	-0.0284022	20.254
2.9	8.39404e-06	5.91079	-43.975	29.6076	-0.0287291	20.2399
2.91	8.50805e-06	5.69457	-43.9744	29.4045	-0.02906	20.2257
2.92	8.62319e-06	5.48041	-43.9737	29.2034	-0.029395	20.2115
2.93	8.73945e-06	5.26826	-43.973	29.0044	-0.0297343	20.1972
2.94	8.85684e-06	5.05811	-43.9723	28.8074	-0.0300778	20.1829
2.95	8.97537e-06	4.84993	-43.9716	28.6125	-0.0304256	20.1685
2.96	9.09504e-06	4.64369	-43.9709	28.4195	-0.0307778	20.1541
2.97	9.21586e-06	4.43936	-43.9702	28.2284	-0.0311344	20.1396
2.98	9.33784e-06	4.23692	-43.9694	28.0393	-0.0314955	20.1251
2.99	9.46098e-06	4.03634	-43.9687	27.852	-0.0318611	20.1105
3	9.58528e-06	3.8376	-43.9679	27.6667	-0.0322313	20.0959
3.01	9.71076e-06	3.64068	-43.9672	27.4831	-0.0326061	20.0812
3.02	9.83742e-06	3.44554	-43.9664	27.3014	-0.0329857	20.0665
3.03	9.96527e-06	3.25217	-43.9656	27.1215	-0.03337	20.0517
3.04	1.00943e-05	3.06054	-43.9648	26.9434	-0.0337591	20.0369
3.05	1.02245e-05	2.87063	-43.964	26.767	-0.0341531	20.022
3.06	1.0356e-05	2.68242	-43.9631	26.5923	-0.0345521	20.0071
3.07	1.04886e-05	2.49588	-43.9623	26.4194	-0.0349561	19.9922
3.08	1.06225e-05	2.31099	-43.9614	26.2481	-0.0353652	19.9772
3.09	1.07576e-05	2.12773	-43.9606	26.0785	-0.0357794	19.9621
3.1	1.08939e-05	1.94609	-43.9597	25.9105	-0.0361988	19.947
3.11	1.10315e-05	1.76603	-43.9588	25.7442	-0.0366235	19.9318
3.12	1.11703e-05	1.58754	-43.9579	25.5794	-0.0370536	19.9166
3.13	1.13103e-05	1.4106	-43.957	25.4162	-0.037489	19.9014
3.14	1.14516e-05	1.23519	-43.956	25.2546	-0.0379299	19.8861
3.15	1.15942e-05	1.06129	-43.9551	25.0945	-0.0383764	19.8707
3.16	1.1738e-05	0.888882	-43.9541	24.9359	-0.0388285	19.8553
3.17	1.18831e-05	0.717942	-43.9531	24.7788	-0.0392863	19.8399
3.18	1.20295e-05	0.548456	-43.9521	24.6232	-0.0397499	19.8244
3.19	1.21771e-05	0.380405	-43.9511	24.4691	-0.0402193	19.8088
3.2	1.2326e-05	0.213771	-43.9501	24.3164	-0.0406946	19.7932
3.21	1.24763e-05	0.0485359	-43.9491	24.1651	-0.0411759	19.7776
3.22	1.26278e-05	-0.115317	-43.948	24.0153	-0.0416633	19.7619
3.23	1.27807e-05	-0.277805	-43.9469	23.8668	-0.0421568	19.7461
3.24	1.29348e-05	-0.438945	-43.9459	23.7197	-0.0426566	19.7303
3.25	1.30903e-05	-0.598754	-43.9448	23.574	-0.0431626	19.7145
3.26	1.32471e-05	-0.757247	-43.9436	23.4296	-0.0436751	19.6986
3.27	1.34052e-05	-0.91444	-43.9425	23.2865	-0.044194	19.6827
3.28	1.35646e-05	-1.07035	-43.9414	23.1447	-0.0447194	19.6667
3.29	1.37254e-05	-1.22499	-43.9402	23.0042	-0.0452515	19.6506
3.3	1.38876e-05	-1.37838	-43.939	22.865	-0.0457903	19.6345
3.31	1.40511e-05	-1.53053	-43.9378	22.7271	-0.0463359	19.6184
3.32	1.42159e-05	-1.68146	-43.9366	22.5904	-0.0468884	19.6022
3.33	1.43822e-05	-1.83118	-43.9353	22.4549	-0.0474479	19.586
3.34	1.45497e-05	-1.97971	-43.9341	22.3206	-0.0480144	19.5697
3.35	1.47187e-05	-2.12705	-43.9328	22.1876	-0.0485881	19.5534
3.36	1.4889e-05	-2.27323	-43.9315	22.0557	-0.0491691	19.537
3.37	1.50608e-05	-2.41826	-43.9302	21.925	-0.0497574	19.5206
3.38	1.52339e-05	-2.56215	-43.9288	21.7955	-0.0503531	19.5041
3.39	1.54084e-05	-2.70491	-43.9275	21.6671	-0.0509564	19.4876
3.4	1.55843e-05	-2.84656	-43.9261	21.5398	-0.0515672	19.471
3.41	1.57616e-05	-2.9871	-43.9247	21.4136	-0.0521859	19.4544
3.42	1.59404e-05	-3.12657	-43.9233	21.2886	-0.0528123	19.4377
3.43	1.61205e-05	-3.26495	-43.9219	21.1647	-0.0534467	19.421
3.44	1.63021e-05	-3.40228	-43.9204	21.0418	-0.0540891	19.4042
3.45	1.64851e-05	-3.53855	-43.9189	20.92	-0.0547396	19.3874
3.46	1.66695e-05	-3.67378	-43.9174	20.7992	-0.0553983	19.3705
3.47	1.68554e-05	-3.80799	-43.9159	20.6795	-0.0560654	19.3536
3.48	1.70427e-05	-3.94118	-43.9143	20.5608	-0.056741	19.3367
3.49	1.72315e-05	-4.07336	-43.9128	20.4432	-0.057425	19.3196
3.5	1.74217e-05	-4.20456	-43.9112	20.3265	-0.0581178	19.3026
3.51	1.76133e-05	-4.33477	-43.9095	20.2109	-0.0588193	19.2855
3.52	1.78065e-05	-4.46401	-43.9079	20.0962	-0.0595297	19.2683
3.53	1.80011e-05	-4.59228	-43.9062	19.9825	-0.0602491	19.2511
3.54	1.81972e-05	-4.71961	-43.9045	19.8698	-0.0609777	19.2338
3.55	1.83947e-05	-4.846	-43.9028	19.758	-0.0617154	19.2165
3.56	1.85938e-05	-4.97145	-43.9011	19.6471	-0.0624625	19.1992
3.57	1.87943e-05	-5.09599	-43.8993	19.5372	-0.0632191	19.1818
3.58	1.89963e-05	-5.21962	-43.8975	19.4282	-0.0639852	19.1643
3.59	1.91998e-05	-5.34234	-43.8957	19.3201	-0.0647611	19.1468
3.6	1.94049e-05	-5.46418	-43.8938	19.213	-0.0655468	19.1293
3.61	1.96114e-05	-5.58513	-43.8919	19.1067	-0.0663425	19.1117
3.62	1.98194e-05	-5.70521	-43.89	19.0013	-0.0671482	19.094
3.63	2.0029e-05	-5.82443	-43.8881	18.8967	-0.0679642	19.0763
3.64	2.02401e-05	-5.94279	-43.8861	18.793	-0.0687905	19.0586
3.65	2.04527e-05	-6.06031	-43.8841	18.6902	-0.0696273	19.0408
3.66	2.06668e-05	-6.17699	-43.8821	18.5882	-0.0704747	19.0229
3.67	2.08825e-05	-6.29284	-43.88	18.487	-0.0713328	19.005
3.68	2.10997e-05	-6.40788	-43.8779	18.3867	-0.0722019	18.9871
3.69	2.13184e-05	-6.5221	-43.8758	18.2872	-0.0730819	18.9691
3.7	2.15387e-05	-6.63551	-43.8737	18.1885	-0.0739731	18.9511
3.71	2.17606e-05	-6.74814	-43.8715	18.0905	-0.0748757	18.933
3.72	2.1984e-05	-6.85997	-43.8693	17.9934	-0.0757896	18.9149
3.73	2.22089e-05	-6.97102	-43.867	17.8971	-0.0767152	18.8967
3.74	2.24354e-05	-7.08131	-43.8648	17.8015	-0.0776525	18.8784
3.75	2.26635e-05	-7.19082	-43.8624	17.7067	-0.0786017	18.8602
3.76	2.28932e-05	-7.29958	-43.8601	17.6126	-0.079563	18.8418
3.77	2.31244e-05	-7.40759	-43.8577	17.5193	-0.0805364	18.8234
3.78	2.33572e-05	-7.51486	-43.8553	17.4267	-0.0815222	18.805
3.79	2.35916e-05	-7.62139	-43.8528	17.3349	-0.0825205	18.7865
3.8	2.38276e-05	-7.72719	-43.8503	17.2438	-0.0835315	18.768
3.81	2.40652e-05	-7.83227	-43.8478	17.1534	-0.0845553	18.7494
3.82	2.43044e-05	-7.93664	-43.8452	17.0637	-0.085592	18.7308
3.83	2.45451e-05	-8.0403	-43.8426	16.9747	-0.086642	18.7121
3.84	2.47875e-05	-8.14325	-43.84	16.8864	-0.0877052	18.6934
3.85	2.50315e-05	-8.24551	-43.8373	16.7988	-0.088782	18.6746
3.86	2.5277e-05	-8.34708	-43.8346	16.7119	-0.0898724	18.6558
3.87	2.55242e-05	-8.44797	-43.8318	16.6256	-0.0909766	18.637
3.88	2.5773e-05	-8.54817	-43.829	16.54	-0.0920949	18.618
3.89	2.60235e-05	-8.64771	-43.8262	16.4551	-0.0932273	18.5991
3.9	2.62755e-05	-8.74658	-43.8233	16.3708	-0.0943741	18.5801
3.91	2.65292e-05	-8.8448	-43.8203	16.2872	-0.0955355	18.561
3.92	2.67845e-05	-8.94236	-43.8174	16.2042	-0.0967115	18.5419
3.93	2.70414e-05	-9.03927	-43.8143	16.1218	-0.0979025	18.5227
3.94	2.73e-05	-9.13554	-43.8113	16.0401	-0.0991086	18.5035
3.95	2.75602e-05	-9.23117	-43.8082	15.959	-0.10033	18.4842
3.96	2.7822e-05	-9.32617	-43.805	15.8785	-0.101567	18.4649
3.97	2.80855e-05	-9.42054	-43.8018	15.7986	-0.102819	18.4456
3.98	2.83506e-05	-9.51429	-43.7986	15.7193	-0.104088	18.4262
3.99	2.86174e-05	-9.60743	-43.7953	15.6406	-0.105372	18.4067
4	2.88858e-05	-9.69995	-43.7919	15.5625	-0.106673	18.3872
4.01	2.91559e-05	-9.79187	-43.7885	15.485	-0.107991	18.3677
4.02	2.94276e-05	-9.88318	-43.7851	15.408	-0.109324	18.3481
4.03	2.9701e-05	-9.9739	-43.7815	15.3317	-0.110675	18.3284
4.04	2.99761e-05	-10.064	-43.778	15.2559	-0.112043	18.3087
4.05	3.02528e-05	-10.1536	-43.7744	15.1806	-0.113429	18.289
4.06	3.05312e-05	-10.2425	-43.7707	15.1059	-0.114832	18.2692
4.07	3.08113e-05	-10.3309	-43.767	15.0318	-0.116252	18.2493
4.08	3.1093e-05	-10.4187	-43.7632	14.9582	-0.117691	18.2294
4.09	3.13764e-05	-10.5059	-43.7594	14.8851	-0.119148	18.2095
4.1	3.16614e-05	-10.5926	-43.7555	14.8126	-0.120623	18.1895
4.11	3.19482e-05	-10.6787	-43.7516	14.7406	-0.122117	18.1695
4.12	3.22366e-05	-10.7642	-43.7476	14.6691	-0.12363	18.1494
4.13	3.25267e-05	-10.8492	-43.7435	14.5982	-0.125162	18.1292
4.14	3.28185e-05	-10.9336	-43.7394	14.5278	-0.126713	18.109
4.15	3.3112e-05	-11.0175	-43.7352	14.4578	-0.128284	18.0888
4.16	3.34071e-05	-11.1009	-43.731	14.3884	-0.129875	18.0685
4.17	3.3704e-05	-11.1837	-43.7267	14.3195	-0.131486	18.0482
4.18	3.40025e-05	-11.266	-43.7223	14.251	-0.133117	18.0278
4.19	3.43027e-05	-11.3477	-43.7179	14.1831	-0.134769	18.0074
4.2	3.46046e-05	-11.4289	-43.7134	14.1156	-0.136442	17.9869
4.21	3.49082e-05	-11.5096	-43.7088	14.0487	-0.138136	17.9664
4.22	3.52135e-05	-11.5897	-43.7042	13.9822	-0.139851	17.9458
4.23	3.55205e-05	-11.6694	-43.6995	13.9161	-0.141588	17.9252
4.24	3.58292e-05	-11.7485	-43.6947	13.8506	-0.143347	17.9045
4.25	3.61396e-05	-11.8271	-43.6899	13.7855	-0.145128	17.8838
4.26	3.64516e-05	-11.9052	-43.6849	13.7208	-0.146931	17.863
4.27	3.67654e-05	-11.9828	-43.68	13.6566	-0.148757	17.8422
4.28	3.70809e-05	-12.0599	-43.6749	13.5929	-0.150607	17.8213
4.29	3.73981e-05	-12.1365	-43.6698	13.5296	-0.152479	17.8004
4.3	3.7717e-05	-12.2125	-43.6645	13.4667	-0.154375	17.7794
4.31	3.80375e-05	-12.2881	-43.6592	13.4043	-0.156295	17.7584
4.32	3.83598e-05	-12.3632	-43.6539	13.3423	-0.158239	17.7373
4.33	3.86838e-05	-12.4378	-43.6484	13.2808	-0.160208	17.7162
4.34	3.90095e-05	-12.5119	-43.6429	13.2196	-0.162201	17.6951
4.35	3.93369e-05	-12.5855	-43.6373	13.1589	-0.164219	17.6739
4.36	3.9666e-05	-12.6587	-43.6316	13.0986	-0.166263	17.6526
4.37	3.99968e-05	-12.7313	-43.6258	13.0388	-0.168333	17.6313
4.38	4.03293e-05	-12.8035	-43.62	12.9793	-0.170428	17.6099
4.39	4.06635e-05	-12.8752	-43.614	12.9202	-0.17255	17.5885
4.4	4.09995e-05	-12.9464	-43.608	12.8616	-0.174698	17.5671
4.41	4.13371e-05	-13.0172	-43.6019	12.8033	-0.176873	17.5456
4.42	4.16764e-05	-13.0874	-43.5956	12.7454	-0.179075	17.524
4.43	4.20175e-05	-13.1572	-43.5893	12.688	-0.181305	17.5024
4.44	4.23602e-05	-13.2266	-43.5829	12.6309	-0.183563	17.4807
4.45	4.27046e-05	-13.2954	-43.5764	12.5742	-0.18585	17.459
4.46	4.30508e-05	-13.3638	-43.5698	12.5178	-0.188164	17.4373
4.47	4.33987e-05	-13.4317	-43.5632	12.4619	-0.190508	17.4155
4.48	4.37482e-05	-13.4992	-43.5564	12.4063	-0.192881	17.3937
4.49	4.40995e-05	-13.5662	-43.5495	12.3511	-0.195284	17.3718
4.5	4.44524e-05	-13.6328	-43.5425	12.2963	-0.197716	17.3498
4.51	4.48071e-05	-13.6989	-43.5354	12.2418	-0.200179	17.3278
4.52	4.51635e-05	-13.7645	-43.5282	12.1877	-0.202673	17.3058
4.53	4.55215e-05	-13.8297	-43.5209	12.134	-0.205197	17.2837
4.54	4.58813e-05	-13.8944	-43.5135	12.0806	-0.207754	17.2616
4.55	4.62428e-05	-13.9586	-43.506	12.0275	-0.210341	17.2394
4.56	4.66059e-05	-14.0225	-43.4984	11.9748	-0.212962	17.2171
4.57	4.69708e-05	-14.0858	-43.4906	11.9225	-0.215614	17.1948
4.58	4.73374e-05	-14.1487	-43.4828	11.8705	-0.2183	17.1725
4.59	4.77056e-05	-14.2112	-43.4748	11.8188	-0.221019	17.1501
4.6	4.80756e-05	-14.2732	-43.4667	11.7675	-0.223771	17.1277
4.61	4.84472e-05	-14.3347	-43.4585	11.7165	-0.226558	17.1052
4.62	4.88205e-05	-14.3959	-43.4502	11.6658	-0.229379	17.0827
4.63	4.91955e-05	-14.4565	-43.4418	11.6155	-0.232235	17.0601
4.64	4.95722e-05	-14.5167	-43.4332	11.5655	-0.235127	17.0375
4.65	4.99506e-05	-14.5765	-43.4245	11.5158	-0.238054	17.0148
4.66	5.03307e-05	-14.6358	-43.4157	11.4664	-0.241017	16.9921
4.67	5.07125e-05	-14.6947	-43.4067	11.4174	-0.244017	16.9693
4.68	5.10959e-05	-14.7531	-43.3976	11.3686	-0.247053	16.9465
4.69	5.1481e-05	-14.8111	-43.3884	11.3202	-0.250127	16.9236
4.7	5.18678e-05	-14.8687	-43.3791	11.2721	-0.253239	16.9007
4.71	5.22563e-05	-14.9258	-43.3696	11.2243	-0.256389	16.8777
4.72	5.26465e-05	-14.9824	-43.36	11.1767	-0.259578	16.8547
4.73	5.30383e-05	-15.0386	-43.3502	11.1295	-0.262806	16.8316
4.74	5.34318e-05	-15.0944	-43.3403	11.0826	-0.266074	16.8085
4.75	5.3827e-05	-15.1497	-43.3303	11.036	-0.269381	16.7853
4.76	5.42238e-05	-15.2046	-43.3201	10.9897	-0.272729	16.7621
4.77	5.46223e-05	-15.259	-43.3097	10.9437	-0.276118	16.7389
4.78	5.50225e-05	-15.313	-43.2992	10.8979	-0.279548	16.7156
4.79	5.54243e-05	-15.3666	-43.2886	10.8525	-0.28302	16.6922
4.8	5.58278e-05	-15.4196	-43.2778	10.8073	-0.286535	16.6688
4.81	5.62329e-05	-15.4723	-43.2668	10.7624	-0.290092	16.6453
4.82	5.66397e-05	-15.5245	-43.2557	10.7178	-0.293692	16.6218
4.83	5.70482e-05	-15.5762	-43.2444	10.6735	-0.297336	16.5983
4.84	5.74583e-05	-15.6275	-43.233	10.6294	-0.301024	16.5747
4.85	5.787e-05	-15.6784	-43.2214	10.5856	-0.304757	16.551
4.86	5.82834e-05	-15.7288	-43.2096	10.5421	-0.308535	16.5273
4.87	5.86984e-05	-15.7788	-43.1976	10.4988	-0.312359	16.5036
4.88	5.91151e-05	-15.8283	-43.1855	10.4559	-0.316228	16.4798
4.89	5.95334e-05	-15.8773	-43.1732	10.4131	-0.320145	16.4559
4.9	5.99533e-05	-15.9259	-43.1607	10.3707	-0.324108	16.432
4.91	6.03749e-05	-15.9741	-43.1481	10.3285	-0.32812	16.4081
4.92	6.07981e-05	-16.0217	-43.1353	10.2865	-0.332179	16.3841
4.93	6.1223e-05	-16.069	-43.1222	10.2448	-0.336287	16.36
4.94	6.16494e-05	-16.1157	-43.109	10.2034	-0.340444	16.3359
4.95	6.20775e-05	-16.1621	-43.0956	10.1622	-0.344651	16.3118
4.96	6.25072e-05	-16.2079	-43.082	10.1213	-0.348908	16.2876
4.97	6.29385e-05	-16.2533	-43.0682	10.0806	-0.353216	16.2634
4.98	6.33715e-05	-16.2982	-43.0543	10.0402	-0.357575	16.2391
4.99	6.3806e-05	-16.3427	-43.0401	9.99996	-0.361986	16.2148
5	6.42422e-05	-16.3867	-43.0257	9.96	-0.366449	16.1904
5.01	6.46799e-05	-16.4303	-43.0111	9.92028	-0.370966	16.1659
5.02	6.51193e-05	-16.4733	-42.9963	9.8808	-0.375535	16.1414
5.03	6.55603e-05	-16.5159	-42.9813	9.84155	-0.380159	16.1169
5.04	6.60028e-05	-16.558	-42.966	9.80253	-0.384837	16.0923
5.05	6.6447e-05	-16.5997	-42.9506	9.76375	-0.38957	16.0677
5.06	6.68928e-05	-16.6409	-42.9349	9.72519	-0.394358	16.043
5.07	6.73401e-05	-16.6816	-42.919	9.68687	-0.399203	16.0183
5.08	6.7789e-05	-16.7218	-42.9029	9.64877	-0.404104	15.9935
5.09	6.82396e-05	-16.7615	-42.8865	9.61089	-0.409063	15.9687
5.1	6.86917e-05	-16.8008	-42.8699	9.57324	-0.41408	15.9438
5.11	6.91454e-05	-16.8395	-42.8531	9.53581	-0.419155	15.9189
5.12	6.96006e-05	-16.8778	-42.836	9.4986	-0.424289	15.8939
5.13	7.00575e-05	-16.9156	-42.8187	9.4616	-0.429482	15.8689
5.14	7.05159e-05	-16.9529	-42.8012	9.42482	-0.434735	15.8438
5.15	7.09759e-05	-16.9897	-42.7834	9.38826	-0.44005	15.8187
5.16	7.14374e-05	-17.026	-42.7653	9.3519	-0.445425	15.7936
5.17	7.19006e-05	-17.0618	-42.747	9.31576	-0.450862	15.7683
5.18	7.23653e-05	-17.097	-42.7284	9.27983	-0.456362	15.7431
5.19	7.28315e-05	-17.1318	-42.7096	9.2441	-0.461924	15.7178
5.2	7.32993e-05	-17.1661	-42.6905	9.20858	-0.46755	15.6924
5.21	7.37687e-05	-17.1999	-42.6711	9.17326	-0.47324	15.667
5.22	7.42396e-05	-17.2331	-42.6515	9.13815	-0.478995	15.6415
5.23	7.47121e-05	-17.2659	-42.6316	9.10324	-0.484815	15.616
5.24	7.51861e-05	-17.2981	-42.6114	9.06853	-0.490701	15.5905
5.25	7.56617e-05	-17.3298	-42.5909	9.03401	-0.496653	15.5649
5.26	7.61389e-05	-17.361	-42.5701	8.9997	-0.502672	15.5392
5.27	7.66175e-05	-17.3916	-42.5491	8.96557	-0.508759	15.5135
5.28	7.70978e-05	-17.4217	-42.5277	8.93165	-0.514914	15.4878
5.29	7.75795e-05	-17.4513	-42.5061	8.89791	-0.521138	15.462
5.3	7.80628e-05	-17.4804	-42.4841	8.86436	-0.527431	15.4361
5.31	7.85477e-05	-17.5089	-42.4618	8.83101	-0.533794	15.4102
5.32	7.90341e-05	-17.5368	-42.4392	8.79784	-0.540227	15.3843
5.33	7.9522e-05	-17.5642	-42.4163	8.76486	-0.546732	15.3583
5.34	8.00115e-05	-17.5911	-42.3931	8.73206	-0.553308	15.3322
5.35	8.05025e-05	-17.6174	-42.3696	8.69945	-0.559956	15.3061
5.36	8.0995e-05	-17.6432	-42.3457	8.66702	-0.566677	15.28
5.37	8.14891e-05	-17.6683	-42.3215	8.63477	-0.573471	15.2538
5.38	8.19847e-05	-17.693	-42.297	8.6027	-0.580339	15.2276
5.39	8.24819e-05	-17.717	-42.2721	8.57081	-0.587282	15.2013
5.4	8.29805e-05	-17.7405	-42.2469	8.53909	-0.5943	15.1749
5.41	8.34808e-05	-17.7634	-42.2214	8.50756	-0.601393	15.1485
5.42	8.39825e-05	-17.7857	-42.1955	8.47619	-0.608562	15.1221
5.43	8.44858e-05	-17.8075	-42.1692	8.445	-0.615808	15.0956
5.44	8.49906e-05	-17.8286	-42.1425	8.41398	-0.623131	15.0691
5.45	8.5497e-05	-17.8492	-42.1155	8.38313	-0.630532	15.0425
5.46	8.60049e-05	-17.8692	-42.0882	8.35245	-0.638011	15.0159
5.47	8.65143e-05	-17.8885	-42.0604	8.32194	-0.64557	14.9892
5.48	8.70252e-05	-17.9073	-42.0323	8.2916	-0.653207	14.9625
5.49	8.75377e-05	-17.9255	-42.0038	8.26142	-0.660924	14.9357
5.5	8.80518e-05	-17.943	-41.9749	8.2314	-0.668722	14.9089
5.51	8.85674e-05	-17.9599	-41.9456	8.20155	-0.6766	14.882
5.52	8.90845e-05	-17.9762	-41.9159	8.17187	-0.68456	14.8551
5.53	8.96032e-05	-17.9918	-41.8858	8.14234	-0.692602	14.8282
5.54	9.01234e-05	-18.0066	-41.8553	8.11297	-0.700726	14.8014
5.55	9.06452e-05	-18.0206	-41.8244	8.08376	-0.708933	14.7748
5.56	9.11685e-05	-18.0339	-41.7931	8.05471	-0.717224	14.7482
5.57	9.16934e-05	-18.0463	-41.7613	8.02581	-0.725598	14.7217
5.58	9.22198e-05	-18.058	-41.7291	7.99707	-0.734056	14.6953
5.59	9.27478e-05	-18.0688	-41.6965	7.96848	-0.742599	14.6691
5.6	9.32774e-05	-18.0789	-41.6634	7.94005	-0.751227	14.6429
5.61	9.38086e-05	-18.0882	-41.6299	7.91177	-0.75994	14.6168
5.62	9.43413e-05	-18.0966	-41.596	7.88364	-0.76874	14.5907
5.63	9.48756e-05	-18.1043	-41.5616	7.85566	-0.777626	14.5648
5.64	9.54115e-05	-18.1111	-41.5267	7.82783	-0.786598	14.539
5.65	9.5949e-05	-18.1171	-41.4914	7.80014	-0.795658	14.5133
5.66	9.64881e-05	-18.1223	-41.4556	7.7726	-0.804805	14.4876
5.67	9.70288e-05	-18.1266	-41.4193	7.74521	-0.81404	14.4621
5.68	9.75711e-05	-18.1302	-41.3826	7.71796	-0.823363	14.4366
5.69	9.8115e-05	-18.1328	-41.3453	7.69086	-0.832775	14.4112
5.7	9.86606e-05	-18.1347	-41.3076	7.6639	-0.842275	14.386
5.71	9.92078e-05	-18.1357	-41.2694	7.63708	-0.851864	14.3608
5.72	9.97566e-05	-18.1358	-41.2306	7.6104	-0.861543	14.3357
5.73	0.000100307	-18.1351	-41.1914	7.58386	-0.871311	14.3106
5.74	0.000100859	-18.1336	-41.1516	7.55745	-0.881169	14.2857
5.75	0.000101413	-18.1311	-41.1114	7.53119	-0.891118	14.2609
5.76	0.000101969	-18.1279	-41.0706	7.50506	-0.901156	14.2361
5.77	0.000102526	-18.1237	-41.0292	7.47907	-0.911285	14.2114
5.78	0.000103085	-18.1186	-40.9874	7.45322	-0.921505	14.1869
5.79	0.000103645	-18.1127	-40.945	7.42749	-0.931815	14.1623
5.8	0.000104208	-18.1059	-40.902	7.4019	-0.942216	14.1379
5.81	0.000104772	-18.0982	-40.8585	7.37644	-0.952708	14.1136
5.82	0.000105338	-18.0896	-40.8144	7.35112	-0.963292	14.0893
5.83	0.000105905	-18.0801	-40.7698	7.32592	-0.973966	14.0652
5.84	0.000106475	-18.0697	-40.7246	7.30085	-0.984732	14.0411
5.85	0.000107046	-18.0584	-40.6788	7.27591	-0.995588	14.0171
5.86	0.000107619	-18.0461	-40.6324	7.2511	-1.00654	13.9932
5.87	0.000108194	-18.033	-40.5855	7.22642	-1.01758	13.9693
5.88	0.000108771	-18.0189	-40.5379	7.20186	-1.02871	13.9456
5.89	0.000109349	-18.0039	-40.4898	7.17743	-1.03993	13.9219
5.9	0.00010993	-17.988	-40.441	7.15312	-1.05124	13.8983
5.91	0.000110512	-17.9711	-40.3917	7.12893	-1.06264	13.8748
5.92	0.000111096	-17.9533	-40.3417	7.10487	-1.07414	13.8514
5.93	0.000111683	-17.9345	-40.2911	7.08092	-1.08572	13.828
5.94	0.000112271	-17.9148	-40.2398	7.0571	-1.09739	13.8047
5.95	0.000112861	-17.8941	-40.1879	7.0334	-1.10916	13.7815
5.96	0.000113453	-17.8725	-40.1354	7.00982	-1.12101	13.7584
5.97	0.000114047	-17.8499	-40.0822	6.98636	-1.13295	13.7353
5.98	0.000114644	-17.8263	-40.0284	6.96301	-1.14499	13.7124
5.99	0.000115242	-17.8018	-39.9739	6.93978	-1.15711	13.6895
6	0.000115842	-17.7763	-39.9187	6.91667	-1.16931	13.6667
6.01	0.000116445	-17.7498	-39.8629	6.89367	-1.18161	13.6439
6.02	0.000117049	-17.7223	-39.8064	6.87079	-1.19399	13.6213
6.03	0.000117656	-17.6938	-39.7491	6.84802	-1.20646	13.5987
6.04	0.000118265	-17.6644	-39.6913	6.82536	-1.21902	13.5762
6.05	0.000118877	-17.6339	-39.6327	6.80281	-1.23166	13.5537
6.06	0.00011949	-17.6024	-39.5734	6.78038	-1.24438	13.5314
6.07	0.000120106	-17.57	-39.5133	6.75806	-1.25719	13.5091
6.08	0.000120724	-17.5365	-39.4526	6.73585	-1.27009	13.4868
6.09	0.000121345	-17.502	-39.3912	6.71374	-1.28306	13.4647
6.1	0.000121968	-17.4665	-39.329	6.69175	-1.29612	13.4426
6.11	0.000122593	-17.4299	-39.2661	6.66986	-1.30926	13.4206
6.12	0.000123221	-17.3923	-39.2024	6.64808	-1.32248	13.3987
6.13	0.000123851	-17.3537	-39.138	6.62641	-1.33577	13.3768
6.14	0.000124484	-17.3141	-39.0729	6.60484	-1.34915	13.355
6.15	0.000125119	-17.2734	-39.007	6.58338	-1.3626	13.3333
6.16	0.000125757	-17.2317	-38.9403	6.56203	-1.37613	13.3117
6.17	0.000126397	-17.189	-38.8728	6.54077	-1.38973	13.2901
6.18	0.000127041	-17.1452	-38.8046	6.51962	-1.40341	13.2686
6.19	0.000127687	-17.1003	-38.7356	6.49857	-1.41716	13.2472
6.2	0.000128335	-17.0544	-38.6658	6.47763	-1.43098	13.2258
6.21	0.000128987	-17.0075	-38.5952	6.45678	-1.44487	13.2045
6.22	0.000129641	-16.9595	-38.5239	6.43604	-1.45882	13.1833
6.23	0.000130298	-16.9104	-38.4517	6.41539	-1.47285	13.1621
6.24	0.000130958	-16.8602	-38.3787	6.39485	-1.48694	13.141
6.25	0.000131622	-16.809	-38.3049	6.3744	-1.50109	13.12
6.26	0.000132288	-16.7567	-38.2303	6.35405	-1.51531	13.099
6.27	0.000132957	-16.7034	-38.1548	6.3338	-1.52959	13.0781
6.28	0.000133629	-16.649	-38.0785	6.31364	-1.54392	13.0573
6.29	0.000134305	-16.5935	-38.0014	6.29358	-1.55832	13.0366
6.3	0.000134983	-16.5369	-37.9234	6.27362	-1.57277	13.0159
6.31	0.000135666	-16.4793	-37.8446	6.25375	-1.58727	12.9952
6.32	0.000136351	-16.4205	-37.765	6.23398	-1.60182	12.9747
6.33	0.00013704	-16.3607	-37.6845	6.2143	-1.61643	12.9542
6.34	0.000137732	-16.2999	-37.6031	6.19471	-1.63108	12.9338
6.35	0.000138427	-16.2379	-37.5208	6.17521	-1.64578	12.9134
6.36	0.000139127	-16.1748	-37.4377	6.15581	-1.66052	12.8931
6.37	0.00013983	-16.1107	-37.3538	6.1365	-1.6753	12.8728
6.38	0.000140536	-16.0455	-37.2689	6.11727	-1.69012	12.8527
6.39	0.000141246	-15.9792	-37.1832	6.09814	-1.70498	12.8326
6.4	0.000141961	-15.9118	-37.0965	6.0791	-1.71987	12.8125
6.41	0.000142679	-15.8433	-37.009	6.06015	-1.7348	12.7925
6.42	0.0001434	-15.7737	-36.9206	6.04128	-1.74975	12.7726
6.43	0.000144126	-15.7031	-36.8313	6.02251	-1.76473	12.7527
6.44	0.000144856	-15.6313	-36.7411	6.00382	-1.77973	12.7329
6.45	0.000145591	-15.5585	-36.6499	5.98522	-1.79476	12.7132
6.46	0.000146329	-15.4846	-36.5579	5.9667	-1.8098	12.6935
6.47	0.000147072	-15.4097	-36.465	5.94827	-1.82487	12.6739
6.48	0.000147819	-15.3336	-36.3711	5.92993	-1.83994	12.6543
6.49	0.00014857	-15.2565	-36.2763	5.91167	-1.85502	12.6348
6.5	0.000149326	-15.1783	-36.1806	5.89349	-1.87012	12.6154
6.51	0.000150087	-15.099	-36.084	5.8754	-1.88521	12.596
6.52	0.000150852	-15.0186	-35.9865	5.85739	-1.90031	12.5767
6.53	0.000151622	-14.9372	-35.888	5.83946	-1.9154	12.5574
6.54	0.000152397	-14.8547	-35.7886	5.82162	-1.93049	12.5382
6.55	0.000153177	-14.7712	-35.6882	5.80386	-1.94558	12.5191
6.56	0.000153962	-14.6866	-35.5869	5.78618	-1.96065	12.5
6.57	0.000154752	-14.6009	-35.4847	5.76858	-1.9757	12.481
6.58	0.000155547	-14.5142	-35.3816	5.75106	-1.99074	12.462
6.59	0.000156348	-14.4264	-35.2775	5.73361	-2.00575	12.4431
6.6	0.000157154	-14.3376	-35.1724	5.71625	-2.02074	12.4242
6.61	0.000157965	-14.2478	-35.0665	5.69897	-2.0357	12.4054
6.62	0.000158782	-14.1569	-34.9596	5.68177	-2.05063	12.3867
6.63	0.000159605	-14.065	-34.8517	5.66464	-2.06552	12.368
6.64	0.000160433	-13.9721	-34.7429	5.64759	-2.08037	12.3494
6.65	0.000161267	-13.8781	-34.6331	5.63062	-2.09518	12.3308
6.66	0.000162108	-13.7832	-34.5224	5.61372	-2.10994	12.3123
6.67	0.000162954	-13.6872	-34.4108	5.5969	-2.12465	12.2939
6.68	0.000163807	-13.5902	-34.2982	5.58016	-2.13931	12.2754
6.69	0.000164665	-13.4923	-34.1847	5.56349	-2.1539	12.2571
6.7	0.000165531	-13.3933	-34.0703	5.54689	-2.16843	12.2388
6.71	0.000166403	-13.2934	-33.9549	5.53037	-2.1829	12.2206
6.72	0.000167281	-13.1925	-33.8385	5.51392	-2.19729	12.2024
6.73	0.000168166	-13.0906	-33.7212	5.49755	-2.21161	12.1842
6.74	0.000169058	-12.9878	-33.603	5.48125	-2.22584	12.1662
6.75	0.000169957	-12.8841	-33.4839	5.46502	-2.24	12.1481
6.76	0.000170864	-12.7793	-33.3638	5.44886	-2.25406	12.1302
6.77	0.000171777	-12.6737	-33.2428	5.43278	-2.26804	12.1123
6.78	0.000172698	-12.5672	-33.1209	5.41676	-2.28192	12.0944
6.79	0.000173626	-12.4597	-32.998	5.40082	-2.29569	12.0766
6.8	0.000174562	-12.3513	-32.8743	5.38495	-2.30937	12.0588
6.81	0.000175506	-12.2421	-32.7496	5.36914	-2.32293	12.0411
6.82	0.000176457	-12.1319	-32.624	5.35341	-2.33638	12.0235
6.83	0.000177417	-12.0209	-32.4975	5.33775	-2.34971	12.0059
6.84	0.000178385	-11.9091	-32.3701	5.32215	-2.36292	11.9883
6.85	0.000179361	-11.7963	-32.2418	5.30662	-2.376	11.9708
6.86	0.000180346	-11.6828	-32.1126	5.29116	-2.38895	11.9534
6.87	0.000181339	-11.5684	-31.9825	5.27577	-2.40177	11.936
6.88	0.000182341	-11.4532	-31.8515	5.26044	-2.41445	11.9186
6.89	0.000183352	-11.3372	-31.7197	5.24519	-2.42698	11.9013
6.9	0.000184371	-11.2204	-31.587	5.22999	-2.43936	11.8841
6.91	0.000185401	-11.1029	-31.4534	5.21487	-2.45159	11.8669
6.92	0.000186439	-10.9845	-31.3189	5.19981	-2.46367	11.8497
6.93	0.000187487	-10.8654	-31.1836	5.18481	-2.47558	11.8326
6.94	0.000188545	-10.7456	-31.0475	5.16988	-2.48732	11.8156
6.95	0.000189612	-10.6251	-30.9105	5.15501	-2.4989	11.7986
6.96	0.000190689	-10.5039	-30.7727	5.14021	-2.5103	11.7816
6.97	0.000191777	-10.3819	-30.6341	5.12547	-2.52152	11.7647
6.98	0.000192875	-10.2593	-30.4947	5.1108	-2.53255	11.7479
6.99	0.000193984	-10.136	-30.3544	5.09618	-2.5434	11.731
7	0.000195103	-10.0121	-30.2134	5.08163	-2.55406	11.7143
7.01	0.000196233	-9.88749	-30.0716	5.06714	-2.56452	11.6976
7.02	0.000197374	-9.7623	-29.929	5.05272	-2.57478	11.6809
7.03	0.000198526	-9.6365	-29.7856	5.03835	-2.58484	11.6643
7.04	0.00019969	-9.51012	-29.6415	5.02405	-2.59469	11.6477
7.05	0.000200866	-9.38316	-29.4966	5.00981	-2.60432	11.6312
7.06	0.000202053	-9.25564	-29.351	4.99563	-2.61374	11.6147
7.07	0.000203252	-9.12759	-29.2047	4.9815	-2.62294	11.5983
7.08	0.000204464	-8.99901	-29.0576	4.96744	-2.63192	11.5819
7.09	0.000205687	-8.86993	-28.9098	4.95344	-2.64066	11.5656
7.1	0.000206924	-8.74036	-28.7614	4.9395	-2.64918	11.5493
7.11	0.000208173	-8.61031	-28.6123	4.92561	-2.65746	11.5331
7.12	0.000209435	-8.47982	-28.4625	4.91179	-2.6655	11.5169
7.13	0.000210711	-8.34888	-28.312	4.89802	-2.6733	11.5007
7.14	0.000211999	-8.21752	-28.1609	4.88431	-2.68085	11.4846
7.15	0.000213302	-8.08577	-28.0092	4.87065	-2.68815	11.4685
7.16	0.000214618	-7.95363	-27.8568	4.85706	-2.6952	11.4525
7.17	0.000215949	-7.82112	-27.7038	4.84352	-2.702	11.4365
7.18	0.000217294	-7.68827	-27.5503	4.83004	-2.70853	11.4206
7.19	0.000218653	-7.55509	-27.3962	4.81661	-2.71481	11.4047
7.2	0.000220027	-7.42159	-27.2415	4.80324	-2.72081	11.3889
7.21	0.000221416	-7.28781	-27.0862	4.78993	-2.72655	11.3731
7.22	0.000222821	-7.15375	-26.9305	4.77667	-2.73202	11.3573
7.23	0.00022424	-7.01944	-26.7742	4.76346	-2.73722	11.3416
7.24	0.000225676	-6.88489	-26.6174	4.75031	-2.74214	11.326
7.25	0.000227128	-6.75012	-26.4601	4.73722	-2.74678	11.3103
7.26	0.000228595	-6.61516	-26.3023	4.72418	-2.75114	11.2948
7.27	0.00023008	-6.48002	-26.1441	4.71119	-2.75522	11.2792
7.28	0.000231581	-6.34471	-25.9854	4.69826	-2.75901	11.2637
7.29	0.000233099	-6.20927	-25.8263	4.68537	-2.76251	11.2483
7.3	0.000234634	-6.0737	-25.6668	4.67255	-2.76573	11.2329
7.31	0.000236187	-5.93803	-25.5069	4.65977	-2.76865	11.2175
7.32	0.000237757	-5.80228	-25.3466	4.64705	-2.77129	11.2022
7.33	0.000239346	-5.66646	-25.1859	4.63438	-2.77362	11.1869
7.34	0.000240953	-5.5306	-25.0249	4.62176	-2.77567	11.1717
7.35	0.000242579	-5.39471	-24.8636	4.60919	-2.77741	11.1565
7.36	0.000244223	-5.25881	-24.7019	4.59667	-2.77886	11.1413
7.37	0.000245887	-5.12293	-24.54	4.58421	-2.78001	11.1262
7.38	0.000247571	-4.98707	-24.3778	4.57179	-2.78085	11.1111
7.39	0.000249274	-4.85126	-24.2153	4.55943	-2.7814	11.0961
7.4	0.000250997	-4.71552	-24.0526	4.54711	-2.78165	11.0811
7.41	0.00025274	-4.57987	-23.8896	4.53485	-2.78159	11.0661
7.42	0.000254505	-4.44433	-23.7265	4.52263	-2.78123	11.0512
7.43	0.00025629	-4.30891	-23.5631	4.51047	-2.78057	11.0363
7.44	0.000258097	-4.17363	-23.3996	4.49835	-2.77961	11.0215
7.45	0.000259925	-4.03851	-23.236	4.48628	-2.77834	11.0067
7.46	0.000261775	-3.90357	-23.0721	4.47426	-2.77677	10.992
7.47	0.000263648	-3.76883	-22.9082	4.46229	-2.7749	10.9772
7.48	0.000265543	-3.6343	-22.7442	4.45037	-2.77272	10.9626
7.49	0.000267461	-3.50001	-22.5801	4.43849	-2.77024	10.9479
7.5	0.000269402	-3.36597	-22.4159	4.42667	-2.76747	10.9333
7.51	0.000271367	-3.2322	-22.2517	4.41489	-2.76439	10.9188
7.52	0.000273357	-3.09871	-22.0875	4.40315	-2.76101	10.9043
7.53	0.00027537	-2.96553	-21.9232	4.39146	-2.75734	10.8898
7.54	0.000277408	-2.83267	-21.759	4.37982	-2.75337	10.8753
7.55	0.000279471	-2.70014	-21.5948	4.36823	-2.7491	10.8609
7.56	0.00028156	-2.56797	-21.4306	4.35668	-2.74454	10.8466
7.57	0.000283674	-2.43618	-21.2665	4.34518	-2.73968	10.8322
7.58	0.000285815	-2.30476	-21.1025	4.33372	-2.73454	10.8179
7.59	0.000287982	-2.17376	-20.9386	4.32231	-2.72911	10.8037
7.6	0.000290176	-2.04317	-20.7748	4.31094	-2.72338	10.7895
7.61	0.000292397	-1.91301	-20.6111	4.29962	-2.71738	10.7753
7.62	0.000294646	-1.78331	-20.4476	4.28834	-2.71109	10.7612
7.63	0.000296923	-1.65407	-20.2843	4.27711	-2.70452	10.7471
7.64	0.000299229	-1.52532	-20.1211	4.26592	-2.69767	10.733
7.65	0.000301564	-1.39705	-19.9582	4.25477	-2.69055	10.719
7.66	0.000303928	-1.2693	-19.7955	4.24367	-2.68315	10.705
7.67	0.000306321	-1.14208	-19.633	4.23261	-2.67549	10.691
7.68	0.000308745	-1.01539	-19.4708	4.2216	-2.66755	10.6771
7.69	0.000311199	-0.889251	-19.3089	4.21063	-2.65936	10.6632
7.7	0.000313685	-0.763681	-19.1473	4.1997	-2.6509	10.6494
7.71	0.000316202	-0.638689	-18.9859	4.18881	-2.64218	10.6355
7.72	0.000318751	-0.51429	-18.825	4.17796	-2.63321	10.6218
7.73	0.000321332	-0.390495	-18.6643	4.16716	-2.62399	10.608
7.74	0.000323946	-0.267317	-18.5041	4.1564	-2.61452	10.5943
7.75	0.000326593	-0.144768	-18.3442	4.14568	-2.6048	10.5806
7.76	0.000329274	-0.0228602	-18.1847	4.135	-2.59485	10.567
7.77	0.000331989	0.0983947	-18.0256	4.12437	-2.58465	10.5534
7.78	0.000334739	0.218986	-17.8669	4.11377	-2.57423	10.5398
7.79	0.000337524	0.338902	-17.7087	4.10322	-2.56357	10.5263
7.8	0.000340345	0.458132	-17.551	4.0927	-2.55269	10.5128
7.81	0.000343202	0.576666	-17.3937	4.08223	-2.54159	10.4994
7.82	0.000346095	0.694494	-17.2369	4.07179	-2.53028	10.4859
7.83	0.000349026	0.811606	-17.0807	4.0614	-2.51875	10.4725
7.84	0.000351994	0.927992	-16.9249	4.05105	-2.50701	10.4592
7.85	0.000355	1.04364	-16.7697	4.04073	-2.49506	10.4459
7.86	0.000358046	1.15855	-16.615	4.03046	-2.48292	10.4326
7.87	0.00036113	1.2727	-16.4609	4.02022	-2.47058	10.4193
7.88	0.000364254	1.3861	-16.3074	4.01002	-2.45805	10.4061
7.89	0.000367418	1.49872	-16.1545	3.99987	-2.44533	10.3929
7.9	0.000370624	1.61057	-16.0022	3.98975	-2.43243	10.3797
7.91	0.000373871	1.72163	-15.8505	3.97966	-2.41936	10.3666
7.92	0.000377159	1.83191	-15.6994	3.96962	-2.40611	10.3535
7.93	0.000380491	1.94138	-15.549	3.95962	-2.39269	10.3405
7.94	0.000383865	2.05005	-15.3992	3.94965	-2.37911	10.3275
7.95	0.000387283	2.15791	-15.2501	3.93972	-2.36537	10.3145
7.96	0.000390745	2.26495	-15.1017	3.92983	-2.35148	10.3015
7.97	0.000394253	2.37116	-14.954	3.91997	-2.33743	10.2886
7.98	0.000397805	2.47655	-14.807	3.91015	-2.32325	10.2757
7.99	0.000401404	2.58111	-14.6606	3.90037	-2.30892	10.2628
8	0.00040505	2.68482	-14.5151	3.89062	-2.29445	10.25
8.01	0.000408743	2.78769	-14.3702	3.88092	-2.27986	10.2372
8.02	0.000412484	2.88972	-14.2262	3.87124	-2.26514	10.2244
8.03	0.000416274	2.99089	-14.0828	3.86161	-2.2503	10.2117
8.04	0.000420113	3.09121	-13.9403	3.85201	-2.23535	10.199
8.05	0.000424001	3.19067	-13.7985	3.84244	-2.22028	10.1863
8.06	0.000427941	3.28927	-13.6575	3.83292	-2.20511	10.1737
8.07	0.000431932	3.387	-13.5173	3.82342	-2.18983	10.1611
8.08	0.000435974	3.48386	-13.3779	3.81396	-2.17446	10.1485
8.09	0.00044007	3.57985	-13.2393	3.80454	-2.15899	10.136
8.1	0.000444218	3.67498	-13.1016	3.79515	-2.14344	10.1235
8.11	0.000448421	3.76922	-12.9646	3.7858	-2.12781	10.111
8.12	0.000452679	3.86259	-12.8285	3.77648	-2.11209	10.0985
8.13	0.000456992	3.95508	-12.6933	3.7672	-2.09631	10.0861
8.14	0.000461361	4.04669	-12.5589	3.75795	-2.08045	10.0737
8.15	0.000465787	4.13743	-12.4254	3.74873	-2.06453	10.0613
8.16	0.000470271	4.22728	-12.2927	3.73955	-2.04855	10.049
8.17	0.000474814	4.31625	-12.1609	3.7304	-2.03251	10.0367
8.18	0.000479416	4.40434	-12.03	3.72128	-2.01643	10.0244
8.19	0.000484077	4.49154	-11.8999	3.7122	-2.00029	10.0122
8.2	0.0004888	4.57787	-11.7708	3.70315	-1.98412	10
8.21	0.000493584	4.66331	-11.6425	3.69414	-1.9679	9.98782
8.22	0.000498431	4.74787	-11.5152	3.68515	-1.95165	9.97567
8.23	0.000503341	4.83155	-11.3887	3.6762	-1.93538	9.96355
8.24	0.000508315	4.91436	-11.2632	3.66729	-1.91907	9.95146
8.25	0.000513353	4.99628	-11.1385	3.6584	-1.90275	9.93939
8.26	0.000518458	5.07733	-11.0148	3.64955	-1.88641	9.92736
8.27	0.000523629	5.1575	-10.892	3.64073	-1.87005	9.91536
8.28	0.000528868	5.2368	-10.7701	3.63194	-1.85369	9.90338
8.29	0.000534175	5.31522	-10.6492	3.62318	-1.83732	9.89144
8.3	0.000539551	5.39278	-10.5291	3.61446	-1.82095	9.87952
8.31	0.000544997	5.46947	-10.41	3.60576	-1.80458	9.86763
8.32	0.000550514	5.54529	-10.2919	3.5971	-1.78822	9.85577
8.33	0.000556104	5.62025	-10.1746	3.58847	-1.77186	9.84394
8.34	0.000561766	5.69435	-10.0584	3.57987	-1.75552	9.83213
8.35	0.000567502	5.76759	-9.943	3.5713	-1.7392	9.82036
8.36	0.000573313	5.83998	-9.82859	3.56276	-1.7229	9.80861
8.37	0.000579199	5.91152	-9.71512	3.55425	-1.70662	9.79689
8.38	0.000585163	5.98221	-9.60259	3.54578	-1.69036	9.7852
8.39	0.000591204	6.05205	-9.491	3.53733	-1.67414	9.77354
8.4	0.000597323	6.12105	-9.38036	3.52891	-1.65795	9.7619
8.41	0.000603523	6.18922	-9.27066	3.52052	-1.64179	9.7503
8.42	0.000609803	6.25655	-9.16191	3.51217	-1.62568	9.73872
8.43	0.000616165	6.32305	-9.05409	3.50384	-1.60961	9.72716
8.44	0.00062261	6.38873	-8.94723	3.49554	-1.59358	9.71564
8.45	0.000629139	6.45358	-8.8413	3.48727	-1.5776	9.70414
8.46	0.000635752	6.51762	-8.73631	3.47903	-1.56167	9.69267
8.47	0.000642452	6.58084	-8.63227	3.47082	-1.54579	9.68123
8.48	0.000649239	6.64325	-8.52917	3.46264	-1.52998	9.66981
8.49	0.000656115	6.70486	-8.427	3.45449	-1.51421	9.65842
8.5	0.000663079	6.76567	-8.32577	3.44637	-1.49851	9.64706
8.51	0.000670135	6.82569	-8.22548	3.43827	-1.48288	9.63572
8.52	0.000677282	6.88492	-8.12611	3.43021	-1.46731	9.62441
8.53	0.000684522	6.94336	-8.02768	3.42217	-1.45181	9.61313
8.54	0.000691856	7.00101	-7.93018	3.41416	-1.43637	9.60187
8.55	0.000699285	7.0579	-7.83361	3.40618	-1.42101	9.59064
8.56	0.000706811	7.11401	-7.73796	3.39822	-1.40573	9.57944
8.57	0.000714435	7.16936	-7.64323	3.3903	-1.39052	9.56826
8.58	0.000722157	7.22395	-7.54941	3.3824	-1.37539	9.55711
8.59	0.00072998	7.27778	-7.45652	3.37453	-1.36034	9.54598
8.6	0.000737904	7.33087	-7.36453	3.36668	-1.34537	9.53488
8.61	0.000745931	7.38321	-7.27346	3.35887	-1.33049	9.52381
8.62	0.000754062	7.43481	-7.18329	3.35108	-1.31569	9.51276
8.63	0.000762299	7.48568	-7.09402	3.34332	-1.30098	9.50174
8.64	0.000770643	7.53582	-7.00565	3.33558	-1.28636	9.49074
8.65	0.000779094	7.58524	-6.91818	3.32788	-1.27183	9.47977
8.66	0.000787655	7.63394	-6.8316	3.32019	-1.25739	9.46882
8.67	0.000796327	7.68193	-6.7459	3.31254	-1.24304	9.4579
8.68	0.000805111	7.72922	-6.66108	3.30491	-1.22879	9.447
8.69	0.000814009	7.7758	-6.57715	3.29731	-1.21463	9.43613
8.7	0.000823022	7.8217	-6.49409	3.28973	-1.20057	9.42529
8.71	0.000832152	7.8669	-6.41189	3.28218	-1.18661	9.41447
8.72	0.0008414	7.91143	-6.33056	3.27466	-1.17274	9.40367
8.73	0.000850767	7.95527	-6.2501	3.26716	-1.15898	9.3929
8.74	0.000860255	7.99845	-6.17048	3.25969	-1.14532	9.38215
8.75	0.000869866	8.04096	-6.09172	3.25224	-1.13176	9.37143
8.76	0.000879601	8.08282	-6.0138	3.24482	-1.1183	9.36073
8.77	0.000889462	8.12402	-5.93673	3.23743	-1.10494	9.35006
8.78	0.000899451	8.16457	-5.86049	3.23006	-1.09169	9.33941
8.79	0.000909568	8.20448	-5.78508	3.22271	-1.07855	9.32878
8.8	0.000919815	8.24376	-5.71049	3.21539	-1.0655	9.31818
8.81	0.000930195	8.2824	-5.63673	3.2081	-1.05257	9.3076
8.82	0.000940709	8.32043	-5.56377	3.20083	-1.03974	9.29705
8.83	0.000951358	8.35783	-5.49163	3.19358	-1.02702	9.28652
8.84	0.000962145	8.39463	-5.42029	3.18636	-1.01441	9.27602
8.85	0.00097307	8.43082	-5.34975	3.17916	-1.0019	9.26554
8.86	0.000984137	8.4664	-5.28001	3.17199	-0.989506	9.25508
8.87	0.000995345	8.5014	-5.21105	3.16484	-0.977218	9.24464
8.88	0.0010067	8.53581	-5.14287	3.15772	-0.965039	9.23423
8.89	0.0010182	8.56963	-5.07546	3.15062	-0.952969	9.22385
8.9	0.00102984	8.60288	-5.00883	3.14354	-0.941008	9.21348
8.91	0.00104164	8.63555	-4.94295	3.13649	-0.929157	9.20314
8.92	0.00105359	8.66767	-4.87784	3.12946	-0.917415	9.19283
8.93	0.00106569	8.69922	-4.81348	3.12246	-0.905783	9.18253
8.94	0.00107795	8.73022	-4.74987	3.11548	-0.894261	9.17226
8.95	0.00109036	8.76067	-4.68699	3.10852	-0.882849	9.16201
8.96	0.00110294	8.79058	-4.62485	3.10158	-0.871547	9.15179
8.97	0.00111567	8.81995	-4.56344	3.09467	-0.860354	9.14158
8.98	0.00112857	8.8488	-4.50275	3.08778	-0.849271	9.1314
8.99	0.00114164	8.87712	-4.44278	3.08092	-0.838298	9.12125
9	0.00115487	8.90492	-4.38351	3.07407	-0.827434	9.11111
9.01	0.00116827	8.93221	-4.32495	3.06725	-0.816679	9.101
9.02	0.00118185	8.95899	-4.26709	3.06046	-0.806033	9.09091
9.03	0.00119559	8.98526	-4.20992	3.05368	-0.795496	9.08084
9.04	0.00120952	9.01104	-4.15344	3.04693	-0.785067	9.0708
9.05	0.00122362	9.03633	-4.09764	3.0402	-0.774746	9.06077
9.06	0.0012379	9.06114	-4.04251	3.03349	-0.764533	9.05077
9.07	0.00125237	9.08546	-3.98804	3.02681	-0.754428	9.04079
9.08	0.00126702	9.10931	-3.93424	3.02014	-0.74443	9.03084
9.09	0.00128186	9.13269	-3.8811	3.0135	-0.734539	9.0209
9.1	0.00129688	9.15561	-3.8286	3.00688	-0.724754	9.01099
9.11	0.0013121	9.17807	-3.77675	3.00029	-0.715075	9.0011
9.12	0.00132752	9.20007	-3.72553	2.99371	-0.705501	8.99123
9.13	0.00134313	9.22163	-3.67495	2.98716	-0.696032	8.98138
9.14	0.00135894	9.24274	-3.62499	2.98062	-0.686668	8.97155
9.15	0.00137495	9.26342	-3.57565	2.97411	-0.677408	8.96175
9.16	0.00139117	9.28367	-3.52692	2.96762	-0.668251	8.95197
9.17	0.00140759	9.30348	-3.4788	2.96115	-0.659197	8.9422
9.18	0.00142422	9.32288	-3.43128	2.9547	-0.650246	8.93246
9.19	0.00144107	9.34186	-3.38436	2.94828	-0.641396	8.92274
9.2	0.00145813	9.36042	-3.33802	2.94187	-0.632648	8.91304
9.21	0.00147541	9.37858	-3.29227	2.93549	-0.624	8.90337
9.22	0.0014929	9.39634	-3.24709	2.92912	-0.615452	8.89371
9.23	0.00151062	9.4137	-3.20249	2.92278	-0.607003	8.88407
9.24	0.00152857	9.43067	-3.15845	2.91646	-0.598653	8.87446
9.25	0.00154674	9.44725	-3.11497	2.91015	-0.590401	8.86486
9.26	0.00156515	9.46345	-3.07204	2.90387	-0.582247	8.85529
9.27	0.00158379	9.47927	-3.02966	2.89761	-0.574189	8.84574
9.28	0.00160267	9.49472	-2.98783	2.89137	-0.566227	8.83621
9.29	0.00162178	9.5098	-2.94653	2.88515	-0.558361	8.8267
9.3	0.00164114	9.52451	-2.90576	2.87895	-0.550589	8.8172
9.31	0.00166075	9.53887	-2.86551	2.87276	-0.542911	8.80773
9.32	0.0016806	9.55287	-2.82579	2.8666	-0.535326	8.79828
9.33	0.00170071	9.56652	-2.78657	2.86046	-0.527834	8.78885
9.34	0.00172107	9.57982	-2.74787	2.85434	-0.520433	8.77944
9.35	0.00174169	9.59279	-2.70967	2.84824	-0.513123	8.77005
9.36	0.00176257	9.60542	-2.67196	2.84215	-0.505904	8.76068
9.37	0.00178372	9.61771	-2.63475	2.83609	-0.498774	8.75133
9.38	0.00180513	9.62968	-2.59802	2.83005	-0.491732	8.742
9.39	0.00182682	9.64132	-2.56177	2.82402	-0.484779	8.73269
9.4	0.00184878	9.65264	-2.52599	2.81802	-0.477913	8.7234
9.41	0.00187102	9.66365	-2.49069	2.81203	-0.471133	8.71413
9.42	0.00189354	9.67435	-2.45585	2.80606	-0.464439	8.70488
9.43	0.00191635	9.68474	-2.42147	2.80012	-0.45783	8.69565
9.44	0.00193945	9.69482	-2.38754	2.79419	-0.451305	8.68644
9.45	0.00196283	9.70461	-2.35406	2.78828	-0.444863	8.67725
9.46	0.00198652	9.7141	-2.32103	2.78238	-0.438504	8.66808
9.47	0.0020105	9.7233	-2.28843	2.77651	-0.432226	8.65892
9.48	0.00203479	9.73222	-2.25627	2.77066	-0.42603	8.64979
9.49	0.00205938	9.74085	-2.22453	2.76482	-0.419914	8.64067
9.5	0.00208428	9.7492	-2.19322	2.759	-0.413877	8.63158
9.51	0.0021095	9.75728	-2.16232	2.7532	-0.407919	8.6225
9.52	0.00213504	9.76508	-2.13184	2.74742	-0.402038	8.61345
9.53	0.0021609	9.77262	-2.10176	2.74166	-0.396235	8.60441
9.54	0.00218709	9.77989	-2.07209	2.73591	-0.390508	8.59539
9.55	0.0022136	9.7869	-2.04282	2.73019	-0.384857	8.58639
9.56	0.00224045	9.79365	-2.01394	2.72448	-0.37928	8.57741
9.57	0.00226764	9.80015	-1.98545	2.71879	-0.373777	8.56844
9.58	0.00229518	9.8064	-1.95735	2.71312	-0.368348	8.5595
9.59	0.00232306	9.8124	-1.92962	2.70746	-0.36299	8.55057
9.6	0.00235129	9.81816	-1.90227	2.70182	-0.357705	8.54167
9.61	0.00237988	9.82368	-1.87529	2.6962	-0.35249	8.53278
9.62	0.00240882	9.82896	-1.84867	2.6906	-0.347345	8.52391
9.63	0.00243814	9.83401	-1.82242	2.68502	-0.34227	8.51506
9.64	0.00246782	9.83883	-1.79652	2.67945	-0.337263	8.50622
9.65	0.00249787	9.84343	-1.77098	2.6739	-0.332324	8.49741
9.66	0.00252831	9.8478	-1.74578	2.66836	-0.327452	8.48861
9.67	0.00255912	9.85195	-1.72093	2.66285	-0.322647	8.47983
9.68	0.00259033	9.85588	-1.69642	2.65735	-0.317906	8.47107
9.69	0.00262192	9.8596	-1.67224	2.65187	-0.313231	8.46233
9.7	0.00265392	9.86311	-1.6484	2.6464	-0.30862	8.45361
9.71	0.00268631	9.86641	-1.62488	2.64095	-0.304072	8.4449
9.72	0.00271911	9.8695	-1.60168	2.63552	-0.299587	8.43621
9.73	0.00275233	9.8724	-1.57881	2.63011	-0.295163	8.42754
9.74	0.00278596	9.87509	-1.55624	2.62471	-0.290801	8.41889
9.75	0.00282001	9.87759	-1.53399	2.61933	-0.286499	8.41026
9.76	0.00285449	9.8799	-1.51205	2.61396	-0.282257	8.40164
9.77	0.00288941	9.88202	-1.4904	2.60862	-0.278074	8.39304
9.78	0.00292476	9.88395	-1.46906	2.60328	-0.273949	8.38446
9.79	0.00296056	9.88569	-1.44801	2.59797	-0.269881	8.37589
9.8	0.0029968	9.88725	-1.42726	2.59267	-0.265871	8.36735
9.81	0.0030335	9.88864	-1.40679	2.58739	-0.261917	8.35882
9.82	0.00307066	9.88984	-1.38661	2.58212	-0.258018	8.35031
9.83	0.00310828	9.89088	-1.3667	2.57687	-0.254174	8.34181
9.84	0.00314638	9.89174	-1.34707	2.57163	-0.250385	8.33333
9.85	0.00318495	9.89243	-1.32772	2.56642	-0.246648	8.32487
9.86	0.00322401	9.89296	-1.30863	2.56121	-0.242965	8.31643
9.87	0.00326356	9.89332	-1.28982	2.55602	-0.239334	8.308
9.88	0.0033036	9.89353	-1.27126	2.55085	-0.235754	8.2996
9.89	0.00334414	9.89357	-1.25296	2.5457	-0.232226	8.2912
9.9	0.00338519	9.89346	-1.23492	2.54056	-0.228747	8.28283
9.91	0.00342675	9.89319	-1.21713	2.53543	-0.225318	8.27447
9.92	0.00346883	9.89278	-1.19959	2.53032	-0.221938	8.26613
9.93	0.00351144	9.89221	-1.1823	2.52523	-0.218606	8.2578
9.94	0.00355458	9.8915	-1.16525	2.52015	-0.215323	8.2495
9.95	0.00359826	9.89064	-1.14843	2.51509	-0.212086	8.24121
9.96	0.00364248	9.88964	-1.13186	2.51004	-0.208896	8.23293
9.97	0.00368726	9.8885	-1.11552	2.50501	-0.205751	8.22467
9.98	0.0037326	9.88722	-1.0994	2.49999	-0.202652	8.21643
9.99	0.0037785	9.88581	-1.08352	2.49499	-0.199598	8.20821
10	0.00382497	9.88426	-1.06785	2.49	-0.196587	8.2
10.01	0.00387203	9.88258	-1.05241	2.48503	-0.193621	8.19181
10.02	0.00391967	9.88078	-1.03719	2.48007	-0.190697	8.18363
10.03	0.00396791	9.87884	-1.02218	2.47513	-0.187816	8.17547
10.04	0.00401675	9.87678	-1.00738	2.4702	-0.184976	8.16733
10.05	0.00406619	9.8746	-0.992796	2.46529	-0.182178	8.1592
10.06	0.00411626	9.87229	-0.978415	2.46039	-0.179421	8.15109
10.07	0.00416694	9.86987	-0.964238	2.4555	-0.176703	8.143
10.08	0.00421826	9.86733	-0.950261	2.45063	-0.174026	8.13492
10.09	0.00427022	9.86467	-0.936483	2.44578	-0.171387	8.12686
10.1	0.00432283	9.8619	-0.922901	2.44094	-0.168788	8.11881
10.11	0.00437609	9.85902	-0.909511	2.43611	-0.166226	8.11078
10.12	0.00443001	9.85602	-0.896311	2.4313	-0.163702	8.10277
10.13	0.0044846	9.85292	-0.883299	2.4265	-0.161215	8.09477
10.14	0.00453988	9.84972	-0.870472	2.42172	-0.158764	8.08679
10.15	0.00459584	9.8464	-0.857828	2.41695	-0.156349	8.07882
10.16	0.0046525	9.84299	-0.845364	2.41219	-0.153971	8.07087
10.17	0.00470986	9.83947	-0.833077	2.40745	-0.151627	8.06293
10.18	0.00476793	9.83586	-0.820965	2.40272	-0.149317	8.05501
10.19	0.00482673	9.83214	-0.809027	2.39801	-0.147042	8.04711
10.2	0.00488626	9.82833	-0.797258	2.39331	-0.144801	8.03922
10.21	0.00494652	9.82443	-0.785658	2.38862	-0.142592	8.03134
10.22	0.00500754	9.82043	-0.774224	2.38395	-0.140417	8.02348
10.23	0.00506931	9.81635	-0.762953	2.37929	-0.138273	8.01564
10.24	0.00513185	9.81217	-0.751843	2.37465	-0.136162	8.00781
10.25	0.00519517	9.8079	-0.740892	2.37002	-0.134081	8
10.26	0.00525927	9.80355	-0.730098	2.3654	-0.132032	7.9922
10.27	0.00532417	9.79911	-0.719459	2.3608	-0.130013	7.98442
10.28	0.00538987	9.79459	-0.708972	2.35621	-0.128025	7.97665
10.29	0.00545639	9.78998	-0.698636	2.35163	-0.126066	7.9689
10.3	0.00552373	9.7853	-0.688448	2.34706	-0.124136	7.96117
10.31	0.00559191	9.78053	-0.678406	2.34251	-0.122235	7.95344
10.32	0.00566093	9.77569	-0.668508	2.33798	-0.120362	7.94574
10.33	0.0057308	9.77077	-0.658753	2.33345	-0.118518	7.93804
10.34	0.00580155	9.76577	-0.649138	2.32894	-0.116701	7.93037
10.35	0.00587317	9.7607	-0.639661	2.32444	-0.114911	7.92271
10.36	0.00594567	9.75556	-0.63032	2.31996	-0.113148	7.91506
10.37	0.00601908	9.75034	-0.621114	2.31548	-0.111412	7.90743
10.38	0.00609339	9.74506	-0.61204	2.31102	-0.109701	7.89981
10.39	0.00616862	9.73971	-0.603098	2.30658	-0.108016	7.8922
10.4	0.00624479	9.73429	-0.594284	2.30214	-0.106357	7.88462
10.41	0.00632189	9.7288	-0.585597	2.29772	-0.104723	7.87704
10.42	0.00639995	9.72325	-0.577035	2.29332	-0.103113	7.86948
10.43	0.00647898	9.71763	-0.568597	2.28892	-0.101527	7.86194
10.44	0.00655898	9.71195	-0.560281	2.28454	-0.0999657	7.85441
10.45	0.00663997	9.70621	-0.552084	2.28017	-0.0984277	7.84689
10.46	0.00672197	9.70041	-0.544007	2.27581	-0.0969128	7.83939
10.47	0.00680497	9.69455	-0.536046	2.27146	-0.0954208	7.8319
10.48	0.00688901	9.68863	-0.5282	2.26713	-0.0939514	7.82443
10.49	0.00697407	9.68265	-0.520467	2.26281	-0.0925042	7.81697
10.5	0.00706019	9.67662	-0.512846	2.2585	-0.0910789	7.80952
10.51	0.00714738	9.67053	-0.505336	2.25421	-0.0896752	7.80209
10.52	0.00723564	9.66439	-0.497934	2.24992	-0.0882928	7.79468
10.53	0.00732499	9.6582	-0.49064	2.24565	-0.0869313	7.78727
10.54	0.00741544	9.65195	-0.483451	2.24139	-0.0855904	7.77989
10.55	0.00750701	9.64565	-0.476367	2.23715	-0.0842699	7.77251
10.56	0.00759971	9.6393	-0.469385	2.23291	-0.0829695	7.76515
10.57	0.00769355	9.63291	-0.462504	2.22869	-0.0816888	7.75781
10.58	0.00778855	9.62646	-0.455723	2.22448	-0.0804276	7.75047
10.59	0.00788471	9.61997	-0.449041	2.22028	-0.0791856	7.74315
10.6	0.00798207	9.61343	-0.442455	2.21609	-0.0779624	7.73585
10.61	0.00808062	9.60685	-0.435965	2.21192	-0.0767579	7.72856
10.62	0.00818039	9.60023	-0.42957	2.20775	-0.0755718	7.72128
10.63	0.00828139	9.59355	-0.423267	2.2036	-0.0744037	7.71402
10.64	0.00838363	9.58684	-0.417056	2.19946	-0.0732534	7.70677
10.65	0.00848714	9.58009	-0.410935	2.19533	-0.0721207	7.69953
10.66	0.00859191	9.57329	-0.404903	2.19121	-0.0710052	7.69231
10.67	0.00869798	9.56646	-0.398959	2.18711	-0.0699068	7.6851
10.68	0.00880535	9.55958	-0.393102	2.18302	-0.0688251	7.6779
10.69	0.00891404	9.55267	-0.387329	2.17893	-0.06776	7.67072
10.7	0.00902407	9.54572	-0.381641	2.17486	-0.0667112	7.66355
10.71	0.00913545	9.53873	-0.376035	2.1708	-0.0656784	7.6564
10.72	0.00924821	9.53171	-0.370511	2.16675	-0.0646614	7.64925
10.73	0.00936235	9.52465	-0.365068	2.16272	-0.06366	7.64212
10.74	0.00947789	9.51756	-0.359704	2.15869	-0.0626739	7.63501
10.75	0.00959485	9.51044	-0.354418	2.15468	-0.0617029	7.62791
10.76	0.00971325	9.50328	-0.349209	2.15068	-0.0607468	7.62082
10.77	0.00983311	9.49609	-0.344076	2.14668	-0.0598054	7.61374
10.78	0.00995444	9.48887	-0.339018	2.1427	-0.0588784	7.60668
10.79	0.0100773	9.48162	-0.334034	2.13873	-0.0579656	7.59963
10.8	0.0102016	9.47433	-0.329122	2.13477	-0.0570668	7.59259
10.81	0.0103274	9.46702	-0.324282	2.13083	-0.0561818	7.58557
10.82	0.0104548	9.45968	-0.319513	2.12689	-0.0553104	7.57856
10.83	0.0105838	9.45231	-0.314814	2.12296	-0.0544524	7.57156
10.84	0.0107143	9.44492	-0.310183	2.11905	-0.0536076	7.56458
10.85	0.0108465	9.4375	-0.305619	2.11514	-0.0527758	7.5576
10.86	0.0109803	9.43005	-0.301123	2.11125	-0.0519567	7.55064
10.87	0.0111157	9.42257	-0.296692	2.10737	-0.0511503	7.5437
10.88	0.0112527	9.41508	-0.292326	2.1035	-0.0503563	7.53676
10.89	0.0113915	9.40755	-0.288023	2.09963	-0.0495745	7.52984
10.9	0.0115319	9.40001	-0.283784	2.09578	-0.0488047	7.52294
10.91	0.0116741	9.39244	-0.279606	2.09194	-0.0480468	7.51604
10.92	0.011818	9.38485	-0.27549	2.08811	-0.0473005	7.50916
10.93	0.0119637	9.37724	-0.271434	2.08429	-0.0465658	7.50229
10.94	0.0121112	9.3696	-0.267437	2.08049	-0.0458424	7.49543
10.95	0.0122604	9.36195	-0.263499	2.07669	-0.0451301	7.48858
10.96	0.0124115	9.35427	-0.259618	2.0729	-0.0444289	7.48175
10.97	0.0125645	9.34658	-0.255795	2.06912	-0.0437384	7.47493
10.98	0.0127193	9.33886	-0.252027	2.06535	-0.0430586	7.46812
10.99	0.012876	9.33113	-0.248314	2.0616	-0.0423893	7.46133
11	0.0130347	9.32338	-0.244656	2.05785	-0.0417303	7.45455
11.01	0.0131952	9.31561	-0.241051	2.05411	-0.0410816	7.44777
11.02	0.0133578	9.30783	-0.2375	2.05039	-0.0404428	7.44102
11.03	0.0135223	9.30003	-0.234	2.04667	-0.0398139	7.43427
11.04	0.0136888	9.29221	-0.230551	2.04297	-0.0391947	7.42754
11.05	0.0138574	9.28438	-0.227154	2.03927	-0.0385851	7.42081
11.06	0.0140281	9.27653	-0.223805	2.03558	-0.0379849	7.4141
11.07	0.0142008	9.26867	-0.220506	2.03191	-0.037394	7.40741
11.08	0.0143756	9.26079	-0.217256	2.02824	-0.0368123	7.40072
11.09	0.0145526	9.2529	-0.214053	2.02459	-0.0362395	7.39405
11.1	0.0147317	9.245	-0.210897	2.02094	-0.0356756	7.38739
11.11	0.014913	9.23708	-0.207788	2.0173	-0.0351204	7.38074
11.12	0.0150966	9.22915	-0.204724	2.01368	-0.0345739	7.3741
11.13	0.0152823	9.22121	-0.201705	2.01006	-0.0340357	7.36748
11.14	0.0154704	9.21326	-0.19873	2.00645	-0.033506	7.36086
11.15	0.0156607	9.2053	-0.195799	2.00286	-0.0329844	7.35426
11.16	0.0158534	9.19732	-0.192911	1.99927	-0.0324709	7.34767
11.17	0.0160484	9.18934	-0.190065	1.99569	-0.0319654	7.34109
11.18	0.0162458	9.18134	-0.187262	1.99212	-0.0314677	7.33453
11.19	0.0164456	9.17334	-0.184499	1.98856	-0.0309777	7.32797
11.2	0.0166479	9.16532	-0.181777	1.98501	-0.0304953	7.32143
11.21	0.0168526	9.1573	-0.179095	1.98147	-0.0300204	7.3149
11.22	0.0170598	9.14927	-0.176453	1.97794	-0.0295529	7.30838
11.23	0.0172695	9.14123	-0.173849	1.97442	-0.0290926	7.30187
11.24	0.0174818	9.13319	-0.171283	1.97091	-0.0286395	7.29537
11.25	0.0176966	9.12513	-0.168756	1.96741	-0.0281934	7.28889
11.26	0.0179141	9.11707	-0.166265	1.96391	-0.0277542	7.28242
11.27	0.0181343	9.109	-0.163811	1.96043	-0.0273218	7.27595
11.28	0.0183571	9.10093	-0.161393	1.95696	-0.0268961	7.2695
11.29	0.0185826	9.09285	-0.159011	1.95349	-0.0264771	7.26306
11.3	0.0188109	9.08476	-0.156663	1.95004	-0.0260646	7.25664
11.31	0.019042	9.07667	-0.154351	1.94659	-0.0256584	7.25022
11.32	0.0192759	9.06857	-0.152072	1.94315	-0.0252586	7.24382
11.33	0.0195126	9.06047	-0.149827	1.93972	-0.024865	7.23742
11.34	0.0197522	9.05237	-0.147615	1.9363	-0.0244775	7.23104
11.35	0.0199947	9.04425	-0.145435	1.93289	-0.024096	7.22467
11.36	0.0202402	9.03614	-0.143287	1.92949	-0.0237205	7.21831
11.37	0.0204886	9.02802	-0.141172	1.9261	-0.0233508	7.21196
11.38	0.0207401	9.0199	-0.139087	1.92271	-0.0229868	7.20562
11.39	0.0209947	9.01178	-0.137033	1.91934	-0.0226285	7.1993
11.4	0.0212523	9.00365	-0.135009	1.91597	-0.0222758	7.19298
11.41	0.0215131	8.99552	-0.133015	1.91262	-0.0219285	7.18668
11.42	0.021777	8.98739	-0.13105	1.90927	-0.0215867	7.18039
11.43	0.0220441	8.97925	-0.129114	1.90593	-0.0212501	7.1741
11.44	0.0223145	8.97112	-0.127207	1.9026	-0.0209188	7.16783
11.45	0.0225882	8.96298	-0.125328	1.89928	-0.0205927	7.16157
11.46	0.0228652	8.95484	-0.123476	1.89596	-0.0202716	7.15532
11.47	0.0231456	8.9467	-0.121652	1.89266	-0.0199556	7.14908
11.48	0.0234293	8.93856	-0.119855	1.88936	-0.0196444	7.14286
11.49	0.0237165	8.93042	-0.118084	1.88608	-0.0193381	7.13664
11.5	0.0240072	8.92228	-0.116339	1.8828	-0.0190366	7.13043
11.51	0.0243015	8.91413	-0.11462	1.87953	-0.0187397	7.12424
11.52	0.0245993	8.90599	-0.112927	1.87627	-0.0184475	7.11806
11.53	0.0249007	8.89785	-0.111258	1.87301	-0.0181598	7.11188
11.54	0.0252058	8.88971	-0.109614	1.86977	-0.0178766	7.10572
11.55	0.0255145	8.88157	-0.107994	1.86653	-0.0175979	7.09957
11.56	0.025827	8.87343	-0.106398	1.8633	-0.0173234	7.09343
11.57	0.0261433	8.86529	-0.104825	1.86008	-0.0170532	7.08729
11.58	0.0264635	8.85715	-0.103276	1.85687	-0.0167873	7.08117
11.59	0.0267875	8.84902	-0.10175	1.85367	-0.0165255	7.07506
11.6	0.0271155	8.84089	-0.100246	1.85048	-0.0162677	7.06897
11.61	0.0274474	8.83275	-0.098764	1.84729	-0.016014	7.06288
11.62	0.0277833	8.82462	-0.097304	1.84411	-0.0157642	7.0568
11.63	0.0281234	8.8165	-0.0958657	1.84094	-0.0155184	7.05073
11.64	0.0284675	8.80837	-0.0944485	1.83778	-0.0152763	7.04467
11.65	0.0288158	8.80025	-0.0930523	1.83463	-0.015038	7.03863
11.66	0.0291683	8.79213	-0.0916766	1.83148	-0.0148035	7.03259
11.67	0.0295251	8.78402	-0.0903212	1.82834	-0.0145726	7.02656
11.68	0.0298862	8.7759	-0.0889859	1.82521	-0.0143453	7.02055
11.69	0.0302517	8.76779	-0.0876702	1.82209	-0.0141215	7.01454
11.7	0.0306216	8.75969	-0.086374	1.81898	-0.0139012	7.00855
11.71	0.030996	8.75158	-0.0850969	1.81587	-0.0136844	7.00256
11.72	0.031375	8.74349	-0.0838386	1.81278	-0.0134709	6.99659
11.73	0.0317585	8.73539	-0.0825989	1.80969	-0.0132608	6.99062
11.74	0.0321466	8.7273	-0.0813775	1.8066	-0.0130539	6.98467
11.75	0.0325394	8.71921	-0.0801741	1.80353	-0.0128503	6.97872
11.76	0.032937	8.71113	-0.0789885	1.80047	-0.0126499	6.97279
11.77	0.0333394	8.70305	-0.0778204	1.79741	-0.0124525	6.96686
11.78	0.0337467	8.69498	-0.0766695	1.79436	-0.0122583	6.96095
11.79	0.0341589	8.68691	-0.0755357	1.79131	-0.0120671	6.95505
11.8	0.034576	8.67885	-0.0744185	1.78828	-0.0118788	6.94915
11.81	0.0349982	8.67079	-0.0733179	1.78525	-0.0116935	6.94327
11.82	0.0354256	8.66274	-0.0722335	1.78223	-0.0115111	6.93739
11.83	0.035858	8.65469	-0.0711651	1.77922	-0.0113315	6.93153
11.84	0.0362957	8.64665	-0.0701125	1.77622	-0.0111548	6.92568
11.85	0.0367387	8.63862	-0.0690755	1.77322	-0.0109808	6.91983
11.86	0.037187	8.63059	-0.0680537	1.77023	-0.0108095	6.914
11.87	0.0376408	8.62256	-0.0670471	1.76725	-0.0106409	6.90817
11.88	0.0381	8.61454	-0.0660553	1.76428	-0.0104749	6.90236
11.89	0.0385648	8.60653	-0.0650782	1.76131	-0.0103115	6.89655
11.9	0.0390352	8.59853	-0.0641155	1.75835	-0.0101506	6.89076
11.91	0.0395112	8.59053	-0.063167	1.7554	-0.00999227	6.88497
11.92	0.039993	8.58253	-0.0622325	1.75245	-0.00983639	6.87919
11.93	0.0404806	8.57455	-0.0613119	1.74952	-0.00968296	6.87343
11.94	0.0409741	8.56657	-0.0604048	1.74659	-0.00953191	6.86767
11.95	0.0414736	8.55859	-0.0595111	1.74367	-0.00938322	6.86192
11.96	0.0419791	8.55062	-0.0586307	1.74075	-0.00923686	6.85619
11.97	0.0424906	8.54266	-0.0577632	1.73785	-0.00909277	6.85046
11.98	0.0430084	8.53471	-0.0569086	1.73494	-0.00895094	6.84474
11.99	0.0435323	8.52677	-0.0560666	1.73205	-0.00881132	6.83903
12	0.0440626	8.51883	-0.055237	1.72917	-0.00867387	6.83333
12.01	0.0445993	8.5109	-0.0544197	1.72629	-0.00853858	6.82764
12.02	0.0451425	8.50297	-0.0536145	1.72342	-0.00840539	6.82196
12.03	0.0456922	8.49506	-0.0528212	1.72055	-0.00827428	6.81629
12.04	0.0462485	8.48715	-0.0520396	1.7177	-0.00814522	6.81063
12.05	0.0468115	8.47925	-0.0512696	1.71485	-0.00801818	6.80498
12.06	0.0473813	8.47135	-0.0505109	1.712	-0.00789311	6.79934
12.07	0.0479579	8.46347	-0.0497634	1.70917	-0.00777	6.7937
12.08	0.0485415	8.45559	-0.049027	1.70634	-0.00764881	6.78808
12.09	0.0491322	8.44772	-0.0483015	1.70352	-0.00752952	6.78246
12.1	0.0497299	8.43986	-0.0475867	1.7007	-0.00741208	6.77686
12.11	0.0503348	8.43201	-0.0468825	1.6979	-0.00729648	6.77126
12.12	0.0509471	8.42416	-0.0461887	1.6951	-0.00718268	6.76568
12.13	0.0515666	8.41632	-0.0455051	1.6923	-0.00707066	6.7601
12.14	0.0521937	8.40849	-0.0448317	1.68951	-0.00696038	6.75453
12.15	0.0528282	8.40067	-0.0441682	1.68673	-0.00685183	6.74897
12.16	0.0534704	8.39286	-0.0435145	1.68396	-0.00674497	6.74342
12.17	0.0541204	8.38506	-0.0428705	1.6812	-0.00663978	6.73788
12.18	0.0547781	8.37726	-0.042236	1.67844	-0.00653624	6.73235
12.19	0.0554438	8.36948	-0.0416109	1.67568	-0.00643431	6.72683
12.2	0.0561174	8.3617	-0.040995	1.67294	-0.00633397	6.72131
12.21	0.0567992	8.35393	-0.0403882	1.6702	-0.00623519	6.71581
12.22	0.0574891	8.34617	-0.0397904	1.66747	-0.00613796	6.71031
12.23	0.0581873	8.33842	-0.0392015	1.66474	-0.00604225	6.70482
12.24	0.058894	8.33068	-0.0386213	1.66202	-0.00594803	6.69935
12.25	0.0596091	8.32294	-0.0380496	1.65931	-0.00585528	6.69388
12.26	0.0603328	8.31522	-0.0374864	1.6566	-0.00576398	6.68842
12.27	0.0610652	8.3075	-0.0369315	1.6539	-0.0056741	6.68297
12.28	0.0618063	8.2998	-0.0363848	1.65121	-0.00558563	6.67752
12.29	0.0625564	8.2921	-0.0358462	1.64853	-0.00549854	6.67209
12.3	0.0633155	8.28441	-0.0353156	1.64585	-0.00541281	6.66667
12.31	0.0640837	8.27674	-0.0347929	1.64317	-0.00532841	6.66125
12.32	0.0648611	8.26907	-0.0342778	1.64051	-0.00524534	6.65584
12.33	0.0656479	8.26141	-0.0337704	1.63785	-0.00516356	6.65045
12.34	0.0664441	8.25376	-0.0332705	1.63519	-0.00508306	6.64506
12.35	0.0672498	8.24612	-0.032778	1.63255	-0.00500381	6.63968
12.36	0.0680652	8.23848	-0.0322927	1.62991	-0.0049258	6.6343
12.37	0.0688904	8.23086	-0.0318147	1.62727	-0.00484901	6.62894
12.38	0.0697255	8.22325	-0.0313437	1.62464	-0.00477342	6.62359
12.39	0.0705706	8.21565	-0.0308797	1.62202	-0.004699	6.61824
12.4	0.0714259	8.20806	-0.0304225	1.61941	-0.00462575	6.6129
12.41	0.0722913	8.20047	-0.0299721	1.6168	-0.00455365	6.60757
12.42	0.0731672	8.1929	-0.0295284	1.6142	-0.00448266	6.60225
12.43	0.0740536	8.18533	-0.0290912	1.6116	-0.00441279	6.59694
12.44	0.0749505	8.17778	-0.0286606	1.60901	-0.00434401	6.59164
12.45	0.0758583	8.17024	-0.0282362	1.60643	-0.0042763	6.58635
12.46	0.0767769	8.1627	-0.0278182	1.60385	-0.00420965	6.58106
12.47	0.0777065	8.15518	-0.0274063	1.60128	-0.00414403	6.57578
12.48	0.0786472	8.14766	-0.0270006	1.59871	-0.00407945	6.57051
12.49	0.0795992	8.14016	-0.0266008	1.59615	-0.00401587	6.56525
12.5	0.0805626	8.13266	-0.026207	1.5936	-0.00395328	6.56
12.51	0.0815376	8.12518	-0.0258189	1.59105	-0.00389167	6.55476
12.52	0.0825242	8.1177	-0.0254367	1.58851	-0.00383102	6.54952
12.53	0.0835226	8.11024	-0.0250601	1.58598	-0.00377132	6.54429
12.54	0.084533	8.10279	-0.024689	1.58345	-0.00371255	6.53907
12.55	0.0855554	8.09534	-0.0243235	1.58093	-0.00365469	6.53386
12.56	0.0865901	8.08791	-0.0239633	1.57841	-0.00359774	6.52866
12.57	0.0876372	8.08048	-0.0236085	1.5759	-0.00354168	6.52347
12.58	0.0886968	8.07307	-0.0232589	1.5734	-0.00348649	6.51828
12.59	0.0897691	8.06566	-0.0229145	1.5709	-0.00343217	6.51311
12.6	0.0908542	8.05827	-0.0225752	1.56841	-0.00337869	6.50794
12.61	0.0919523	8.05089	-0.022241	1.56592	-0.00332605	6.50278
12.62	0.0930635	8.04351	-0.0219116	1.56344	-0.00327423	6.49762
12.63	0.094188	8.03615	-0.0215872	1.56096	-0.00322321	6.49248
12.64	0.0953259	8.0288	-0.0212675	1.55849	-0.003173	6.48734
12.65	0.0964775	8.02146	-0.0209526	1.55603	-0.00312356	6.48221
12.66	0.0976428	8.01412	-0.0206424	1.55357	-0.0030749	6.47709
12.67	0.098822	8.0068	-0.0203367	1.55112	-0.003027	6.47198
12.68	0.100015	7.99949	-0.0200356	1.54868	-0.00297985	6.46688
12.69	0.101223	7.99219	-0.0197389	1.54624	-0.00293343	6.46178
12.7	0.102445	7.9849	-0.0194466	1.5438	-0.00288773	6.45669
12.71	0.103681	7.97762	-0.0191586	1.54137	-0.00284275	6.45161
12.72	0.104933	7.97035	-0.0188749	1.53895	-0.00279847	6.44654
12.73	0.106199	7.96309	-0.0185954	1.53654	-0.00275488	6.44148
12.74	0.107481	7.95584	-0.01832	1.53412	-0.00271197	6.43642
12.75	0.108777	7.9486	-0.0180487	1.53172	-0.00266973	6.43137
12.76	0.110089	7.94137	-0.0177815	1.52932	-0.00262815	6.42633
12.77	0.111417	7.93416	-0.0175182	1.52692	-0.00258722	6.4213
12.78	0.112761	7.92695	-0.0172587	1.52454	-0.00254693	6.41628
12.79	0.114121	7.91975	-0.0170031	1.52215	-0.00250727	6.41126
12.8	0.115497	7.91256	-0.0167514	1.51978	-0.00246822	6.40625
12.81	0.116889	7.90539	-0.0165033	1.5174	-0.00242978	6.40125
12.82	0.118298	7.89822	-0.0162589	1.51504	-0.00239195	6.39626
12.83	0.119724	7.89107	-0.0160181	1.51268	-0.0023547	6.39127
12.84	0.121167	7.88392	-0.0157809	1.51032	-0.00231803	6.38629
12.85	0.122627	7.87679	-0.0155472	1.50797	-0.00228194	6.38132
12.86	0.124104	7.86967	-0.0153169	1.50563	-0.00224641	6.37636
12.87	0.125599	7.86255	-0.0150901	1.50329	-0.00221143	6.37141
12.88	0.127112	7.85545	-0.0148666	1.50095	-0.002177	6.36646
12.89	0.128643	7.84836	-0.0146465	1.49863	-0.00214311	6.36152
12.9	0.130192	7.84128	-0.0144295	1.4963	-0.00210974	6.35659
12.91	0.131759	7.83421	-0.0142158	1.49399	-0.0020769	6.35167
12.92	0.133346	7.82715	-0.0140053	1.49168	-0.00204457	6.34675
12.93	0.134951	7.8201	-0.0137979	1.48937	-0.00201274	6.34184
12.94	0.136575	7.81306	-0.0135936	1.48707	-0.00198141	6.33694
12.95	0.138219	7.80603	-0.0133922	1.48477	-0.00195056	6.33205
12.96	0.139882	7.79901	-0.0131939	1.48248	-0.0019202	6.32716
12.97	0.141565	7.792	-0.0129985	1.4802	-0.00189031	6.32228
12.98	0.143268	7.785	-0.012806	1.47792	-0.00186089	6.31741
12.99	0.144991	7.77802	-0.0126163	1.47564	-0.00183193	6.31255
13	0.146735	7.77104	-0.0124295	1.47337	-0.00180341	6.30769
13.01	0.148499	7.76407	-0.0122454	1.47111	-0.00177535	6.30284
13.02	0.150285	7.75712	-0.012064	1.46885	-0.00174772	6.298
13.03	0.152092	7.75017	-0.0118853	1.4666	-0.00172052	6.29317
13.04	0.15392	7.74324	-0.0117093	1.46435	-0.00169374	6.28834
13.05	0.15577	7.73632	-0.0115359	1.4621	-0.00166739	6.28352
13.06	0.157642	7.7294	-0.011365	1.45987	-0.00164144	6.27871
13.07	0.159536	7.7225	-0.0111967	1.45763	-0.0016159	6.27391
13.08	0.161453	7.71561	-0.0110309	1.4554	-0.00159075	6.26911
13.09	0.163393	7.70873	-0.0108675	1.45318	-0.001566	6.26432
13.1	0.165355	7.70186	-0.0107065	1.45096	-0.00154164	6.25954
13.11	0.167341	7.69499	-0.010548	1.44875	-0.00151765	6.25477
13.12	0.169351	7.68814	-0.0103917	1.44654	-0.00149404	6.25
13.13	0.171385	7.6813	-0.0102378	1.44434	-0.00147079	6.24524
13.14	0.173442	7.67448	-0.0100862	1.44214	-0.00144791	6.24049
13.15	0.175524	7.66766	-0.00993681	1.43995	-0.00142539	6.23574
13.16	0.177631	7.66085	-0.00978963	1.43776	-0.00140321	6.231
13.17	0.179763	7.65405	-0.00964463	1.43558	-0.00138138	6.22627
13.18	0.18192	7.64726	-0.00950178	1.4334	-0.00135989	6.22155
13.19	0.184103	7.64049	-0.00936105	1.43123	-0.00133874	6.21683
13.2	0.186312	7.63372	-0.0092224	1.42906	-0.00131792	6.21212
13.21	0.188547	7.62696	-0.0090858	1.4269	-0.00129742	6.20742
13.22	0.190809	7.62022	-0.00895123	1.42474	-0.00127724	6.20272
13.23	0.193097	7.61348	-0.00881864	1.42259	-0.00125737	6.19803
13.24	0.195412	7.60676	-0.00868803	1.42044	-0.00123782	6.19335
13.25	0.197755	7.60004	-0.00855934	1.4183	-0.00121857	6.18868
13.26	0.200126	7.59334	-0.00843256	1.41616	-0.00119962	6.18401
13.27	0.202525	7.58665	-0.00830766	1.41403	-0.00118096	6.17935
13.28	0.204953	7.57996	-0.00818461	1.4119	-0.0011626	6.1747
13.29	0.207409	7.57329	-0.00806338	1.40977	-0.00114452	6.17005
13.3	0.209894	7.56663	-0.00794395	1.40765	-0.00112672	6.16541
13.31	0.212409	7.55997	-0.00782628	1.40554	-0.0011092	6.16078
13.32	0.214954	7.55333	-0.00771036	1.40343	-0.00109195	6.15616
13.33	0.217529	7.5467	-0.00759615	1.40133	-0.00107497	6.15154
13.34	0.220134	7.54008	-0.00748364	1.39923	-0.00105826	6.14693
13.35	0.22277	7.53347	-0.00737279	1.39713	-0.00104181	6.14232
13.36	0.225438	7.52687	-0.00726359	1.39504	-0.00102561	6.13772
13.37	0.228137	7.52028	-0.007156	1.39295	-0.00100967	6.13313
13.38	0.230868	7.5137	-0.00705	1.39087	-0.000993969	6.12855
13.39	0.233632	7.50713	-0.00694557	1.3888	-0.000978517	6.12397
13.4	0.236428	7.50057	-0.0068427	1.38672	-0.000963306	6.1194
13.41	0.239257	7.49402	-0.00674134	1.38466	-0.000948331	6.11484
13.42	0.24212	7.48748	-0.00664148	1.38259	-0.00093359	6.11028
13.43	0.245017	7.48095	-0.00654311	1.38053	-0.000919079	6.10573
13.44	0.247948	7.47443	-0.00644619	1.37848	-0.000904794	6.10119
13.45	0.250914	7.46792	-0.00635071	1.37643	-0.000890731	6.09665
13.46	0.253915	7.46142	-0.00625664	1.37439	-0.000876887	6.09212
13.47	0.256951	7.45494	-0.00616396	1.37235	-0.000863258	6.0876
13.48	0.260024	7.44846	-0.00607266	1.37031	-0.000849842	6.08309
13.49	0.263133	7.44199	-0.00598271	1.36828	-0.000836635	6.07858
13.5	0.266278	7.43553	-0.00589409	1.36626	-0.000823633	6.07407
13.51	0.269461	7.42909	-0.00580678	1.36423	-0.000810834	6.06958
13.52	0.272682	7.42265	-0.00572077	1.36222	-0.000798234	6.06509
13.53	0.27594	7.41622	-0.00563603	1.3602	-0.00078583	6.06061
13.54	0.279238	7.4098	-0.00555254	1.35819	-0.00077362	6.05613
13.55	0.282574	7.4034	-0.00547029	1.35619	-0.000761599	6.05166
13.56	0.285949	7.397	-0.00538926	1.35419	-0.000749766	6.0472
13.57	0.289365	7.39061	-0.00530943	1.3522	-0.000738117	6.04274
13.58	0.292821	7.38423	-0.00523079	1.35021	-0.000726649	6.03829
13.59	0.296318	7.37787	-0.0051533	1.34822	-0.00071536	6.03385
13.6	0.299856	7.37151	-0.00507697	1.34624	-0.000704247	6.02941
13.61	0.303436	7.36516	-0.00500176	1.34426	-0.000693306	6.02498
13.62	0.307059	7.35883	-0.00492767	1.34229	-0.000682536	6.02056
13.63	0.310724	7.3525	-0.00485468	1.34032	-0.000671933	6.01614
13.64	0.314432	7.34618	-0.00478277	1.33835	-0.000661496	6.01173
13.65	0.318185	7.33987	-0.00471192	1.33639	-0.000651221	6.00733
13.66	0.321981	7.33358	-0.00464212	1.33444	-0.000641105	6.00293
13.67	0.325823	7.32729	-0.00457336	1.33248	-0.000631148	5.99854
13.68	0.32971	7.32101	-0.00450561	1.33054	-0.000621345	5.99415
13.69	0.333643	7.31474	-0.00443887	1.32859	-0.000611695	5.98977
13.7	0.337622	7.30849	-0.00437312	1.32666	-0.000602195	5.9854
13.71	0.341648	7.30224	-0.00430834	1.32472	-0.000592842	5.98104
13.72	0.345722	7.296	-0.00424452	1.32279	-0.000583636	5.97668
13.73	0.349844	7.28977	-0.00418165	1.32086	-0.000574572	5.97232
13.74	0.354015	7.28355	-0.0041197	1.31894	-0.00056565	5.96798
13.75	0.358234	7.27734	-0.00405868	1.31702	-0.000556866	5.96364
13.76	0.362504	7.27115	-0.00399855	1.31511	-0.000548219	5.9593
13.77	0.366824	7.26496	-0.00393932	1.3132	-0.000539707	5.95497
13.78	0.371195	7.25878	-0.00388097	1.3113	-0.000531327	5.95065
13.79	0.375618	7.25261	-0.00382348	1.3094	-0.000523077	5.94634
13.8	0.380093	7.24645	-0.00376684	1.3075	-0.000514956	5.94203
13.81	0.38462	7.2403	-0.00371104	1.30561	-0.000506961	5.93773
13.82	0.389201	7.23416	-0.00365607	1.30372	-0.000499091	5.93343
13.83	0.393837	7.22802	-0.00360191	1.30183	-0.000491343	5.92914
13.84	0.398526	7.2219	-0.00354855	1.29995	-0.000483715	5.92486
13.85	0.403271	7.21579	-0.00349599	1.29808	-0.000476206	5.92058
13.86	0.408072	7.20969	-0.0034442	1.2962	-0.000468814	5.91631
13.87	0.41293	7.2036	-0.00339318	1.29433	-0.000461537	5.91204
13.88	0.417845	7.19751	-0.00334292	1.29247	-0.000454373	5.90778
13.89	0.422818	7.19144	-0.0032934	1.29061	-0.00044732	5.90353
13.9	0.427849	7.18538	-0.00324461	1.28875	-0.000440377	5.89928
13.91	0.43294	7.17932	-0.00319654	1.2869	-0.000433542	5.89504
13.92	0.438091	7.17328	-0.00314919	1.28505	-0.000426814	5.8908
13.93	0.443302	7.16724	-0.00310254	1.28321	-0.00042019	5.88658
13.94	0.448575	7.16122	-0.00305658	1.28137	-0.000413669	5.88235
13.95	0.45391	7.1552	-0.0030113	1.27953	-0.000407249	5.87814
13.96	0.459308	7.14919	-0.0029667	1.2777	-0.000400929	5.87393
13.97	0.46477	7.14319	-0.00292275	1.27587	-0.000394708	5.86972
13.98	0.470296	7.13721	-0.00287945	1.27405	-0.000388583	5.86552
13.99	0.475886	7.13123	-0.0028368	1.27222	-0.000382553	5.86133
14	0.481543	7.12526	-0.00279477	1.27041	-0.000376617	5.85714
14.01	0.487267	7.1193	-0.00275337	1.2686	-0.000370774	5.85296
14.02	0.493057	7.11335	-0.00271259	1.26679	-0.000365021	5.84879
14.03	0.498916	7.10741	-0.0026724	1.26498	-0.000359358	5.84462
14.04	0.504844	7.10147	-0.00263281	1.26318	-0.000353783	5.84046
14.05	0.510842	7.09555	-0.00259381	1.26138	-0.000348294	5.8363
14.06	0.51691	7.08964	-0.00255539	1.25959	-0.000342891	5.83215
14.07	0.52305	7.08373	-0.00251753	1.2578	-0.000337571	5.828
14.08	0.529261	7.07784	-0.00248024	1.25601	-0.000332335	5.82386
14.09	0.535546	7.07195	-0.0024435	1.25423	-0.00032718	5.81973
14.1	0.541905	7.06608	-0.0024073	1.25245	-0.000322105	5.8156
14.11	0.548339	7.06021	-0.00237164	1.25068	-0.000317108	5.81148
14.12	0.554848	7.05435	-0.00233651	1.24891	-0.00031219	5.80737
14.13	0.561434	7.0485	-0.00230189	1.24714	-0.000307348	5.80326
14.14	0.568098	7.04266	-0.00226779	1.24538	-0.000302581	5.79915
14.15	0.57484	7.03683	-0.0022342	1.24362	-0.000297888	5.79505
14.16	0.581661	7.03101	-0.0022011	1.24186	-0.000293268	5.79096
14.17	0.588562	7.0252	-0.0021685	1.24011	-0.00028872	5.78687
14.18	0.595544	7.0194	-0.00213637	1.23836	-0.000284243	5.78279
14.19	0.602609	7.0136	-0.00210473	1.23662	-0.000279835	5.77872
14.2	0.609756	7.00782	-0.00207355	1.23487	-0.000275495	5.77465
14.21	0.616988	7.00204	-0.00204283	1.23314	-0.000271223	5.77058
14.22	0.624304	6.99627	-0.00201257	1.2314	-0.000267018	5.76653
14.23	0.631706	6.99051	-0.00198275	1.22967	-0.000262877	5.76247
14.24	0.639196	6.98476	-0.00195338	1.22795	-0.000258802	5.75843
14.25	0.646773	6.97902	-0.00192444	1.22622	-0.000254789	5.75439
14.26	0.65444	6.97329	-0.00189593	1.2245	-0.000250839	5.75035
14.27	0.662196	6.96757	-0.00186785	1.22279	-0.00024695	5.74632
14.28	0.670044	6.96186	-0.00184018	1.22108	-0.000243121	5.7423
14.29	0.677983	6.95615	-0.00181292	1.21937	-0.000239352	5.73828
14.3	0.686016	6.95046	-0.00178606	1.21766	-0.000235642	5.73427
14.31	0.694143	6.94477	-0.0017596	1.21596	-0.000231989	5.73026
14.32	0.702366	6.93909	-0.00173354	1.21426	-0.000228393	5.72626
14.33	0.710685	6.93342	-0.00170786	1.21257	-0.000224852	5.72226
14.34	0.719102	6.92776	-0.00168256	1.21088	-0.000221367	5.71827
14.35	0.727618	6.92211	-0.00165763	1.20919	-0.000217936	5.71429
14.36	0.736233	6.91647	-0.00163307	1.20751	-0.000214558	5.71031
14.37	0.74495	6.91083	-0.00160888	1.20583	-0.000211233	5.70633
14.38	0.753769	6.90521	-0.00158505	1.20415	-0.000207959	5.70236
14.39	0.762691	6.89959	-0.00156157	1.20248	-0.000204736	5.6984
14.4	0.771718	6.89398	-0.00153843	1.20081	-0.000201563	5.69444
14.41	0.780851	6.88839	-0.00151564	1.19914	-0.000198439	5.69049
14.42	0.790091	6.8828	-0.00149319	1.19748	-0.000195364	5.68655
14.43	0.79944	6.87721	-0.00147107	1.19582	-0.000192337	5.68261
14.44	0.808898	6.87164	-0.00144928	1.19417	-0.000189356	5.67867
14.45	0.818467	6.86608	-0.00142781	1.19251	-0.000186422	5.67474
14.46	0.828148	6.86052	-0.00140666	1.19087	-0.000183533	5.67082
14.47	0.837942	6.85497	-0.00138582	1.18922	-0.00018069	5.6669
14.48	0.847852	6.84943	-0.00136529	1.18758	-0.00017789	5.66298
14.49	0.857877	6.8439	-0.00134506	1.18594	-0.000175134	5.65908
14.5	0.86802	6.83838	-0.00132514	1.1843	-0.000172421	5.65517
14.51	0.878282	6.83287	-0.00130551	1.18267	-0.000169749	5.65127
14.52	0.888665	6.82736	-0.00128617	1.18104	-0.00016712	5.64738
14.53	0.899169	6.82187	-0.00126711	1.17942	-0.000164531	5.6435
14.54	0.909796	6.81638	-0.00124834	1.1778	-0.000161982	5.63961
14.55	0.920547	6.8109	-0.00122985	1.17618	-0.000159473	5.63574
14.56	0.931424	6.80543	-0.00121163	1.17456	-0.000157002	5.63187
14.57	0.942429	6.79997	-0.00119368	1.17295	-0.00015457	5.628
14.58	0.953563	6.79451	-0.001176	1.17134	-0.000152176	5.62414
14.59	0.964827	6.78907	-0.00115858	1.16974	-0.000149819	5.62029
14.6	0.976223	6.78363	-0.00114141	1.16814	-0.000147499	5.61644
14.61	0.987752	6.7782	-0.0011245	1.16654	-0.000145214	5.61259
14.62	0.999416	6.77278	-0.00110784	1.16494	-0.000142965	5.60876
14.63	1.01122	6.76737	-0.00109143	1.16335	-0.000140751	5.60492
14.64	1.02316	6.76196	-0.00107526	1.16176	-0.000138571	5.60109
14.65	1.03524	6.75657	-0.00105934	1.16018	-0.000136425	5.59727
14.66	1.04746	6.75118	-0.00104364	1.15859	-0.000134313	5.59345
14.67	1.05982	6.7458	-0.00102818	1.15702	-0.000132233	5.58964
14.68	1.07233	6.74043	-0.00101295	1.15544	-0.000130185	5.58583
14.69	1.08498	6.73507	-0.000997943	1.15387	-0.000128169	5.58203
14.7	1.09778	6.72971	-0.00098316	1.1523	-0.000126185	5.57823
14.71	1.11073	6.72437	-0.000968595	1.15073	-0.000124231	5.57444
14.72	1.12384	6.71903	-0.000954246	1.14917	-0.000122307	5.57065
14.73	1.13709	6.7137	-0.00094011	1.14761	-0.000120414	5.56687
14.74	1.15051	6.70838	-0.000926183	1.14605	-0.000118549	5.56309
14.75	1.16407	6.70306	-0.000912462	1.1445	-0.000116714	5.55932
14.76	1.1778	6.69776	-0.000898944	1.14295	-0.000114907	5.55556
14.77	1.19169	6.69246	-0.000885627	1.1414	-0.000113128	5.55179
14.78	1.20574	6.68717	-0.000872507	1.13986	-0.000111377	5.54804
14.79	1.21995	6.68189	-0.000859582	1.13832	-0.000109653	5.54429
14.8	1.23433	6.67662	-0.000846848	1.13678	-0.000107955	5.54054
14.81	1.24888	6.67135	-0.000834302	1.13524	-0.000106284	5.5368
14.82	1.2636	6.66609	-0.000821943	1.13371	-0.000104639	5.53306
14.83	1.27849	6.66084	-0.000809766	1.13218	-0.00010302	5.52933
14.84	1.29356	6.6556	-0.00079777	1.13066	-0.000101425	5.52561
14.85	1.3088	6.65037	-0.000785952	1.12914	-9.98553e-05	5.52189
14.86	1.32422	6.64514	-0.000774308	1.12762	-9.83098e-05	5.51817
14.87	1.33981	6.63993	-0.000762838	1.1261	-9.67883e-05	5.51446
14.88	1.3556	6.63472	-0.000751537	1.12459	-9.52904e-05	5.51075
14.89	1.37156	6.62951	-0.000740403	1.12308	-9.38157e-05	5.50705
14.9	1.38771	6.62432	-0.000729435	1.12157	-9.23639e-05	5.50336
14.91	1.40405	6.61913	-0.000718629	1.12007	-9.09346e-05	5.49966
14.92	1.42058	6.61396	-0.000707983	1.11857	-8.95274e-05	5.49598
14.93	1.43731	6.60879	-0.000697494	1.11707	-8.81421e-05	5.4923
14.94	1.45423	6.60362	-0.000687161	1.11557	-8.67782e-05	5.48862
14.95	1.47134	6.59847	-0.000676982	1.11408	-8.54355e-05	5.48495
14.96	1.48866	6.59332	-0.000666953	1.11259	-8.41136e-05	5.48128
14.97	1.50618	6.58818	-0.000657072	1.11111	-8.28122e-05	5.47762
14.98	1.5239	6.58305	-0.000647338	1.10962	-8.15309e-05	5.47397
14.99	1.54183	6.57793	-0.000637748	1.10814	-8.02695e-05	5.47031
