0.01	1.05593e-05	1.11498e-06
0.02	4.64597e-05	5.39626e-06
0.03	0.000106596	1.26253e-05
0.04	0.00019086	2.27672e-05
0.05	0.000299218	3.58126e-05
0.06	0.000431653	5.17567e-05
0.07	0.000588149	7.05957e-05
0.08	0.00076869	9.23256e-05
0.09	0.00097326	0.000116942
0.1	0.00120184	0.000144442
0.11	0.00145441	0.000174819
0.12	0.00173095	0.000208068
0.13	0.00203143	0.000244185
0.14	0.00235583	0.000283161
0.15	0.00270413	0.000324991
0.16	0.00307628	0.000369667
0.17	0.00347226	0.000417182
0.18	0.00389203	0.000467527
0.19	0.00433556	0.000520694
0.2	0.00480281	0.000576674
0.21	0.00529374	0.000635457
0.22	0.0058083	0.000697032
0.23	0.00634645	0.000761389
0.24	0.00690816	0.000828518
0.25	0.00749335	0.000898406
0.26	0.008102	0.000971041
0.27	0.00873404	0.00104641
0.28	0.00938941	0.0011245
0.29	0.0100681	0.0012053
0.3	0.01077	0.0012888
0.31	0.011495	0.00137497
0.32	0.0122431	0.00146381
0.33	0.0130143	0.00155531
0.34	0.0138085	0.00164943
0.35	0.0146255	0.00174617
0.36	0.0154654	0.00184552
0.37	0.016328	0.00194744
0.38	0.0172134	0.00205194
0.39	0.0181213	0.00215898
0.4	0.0190517	0.00226855
0.41	0.0200046	0.00238064
0.42	0.0209799	0.00249521
0.43	0.0219774	0.00261226
0.44	0.0229971	0.00273176
0.45	0.024039	0.00285369
0.46	0.0251028	0.00297803
0.47	0.0261886	0.00310476
0.48	0.0272961	0.00323385
0.49	0.0284255	0.00336529
0.5	0.0295764	0.00349905
0.51	0.0307489	0.00363512
0.52	0.0319428	0.00377345
0.53	0.033158	0.00391404
0.54	0.0343944	0.00405685
0.55	0.035652	0.00420187
0.56	0.0369306	0.00434906
0.57	0.03823	0.00449841
0.58	0.0395502	0.00464988
0.59	0.0408911	0.00480345
0.6	0.0422525	0.00495909
0.61	0.0436343	0.00511679
0.62	0.0450365	0.0052765
0.63	0.0464588	0.0054382
0.64	0.0479012	0.00560186
0.65	0.0493635	0.00576746
0.66	0.0508456	0.00593497
0.67	0.0523474	0.00610436
0.68	0.0538687	0.00627559
0.69	0.0554094	0.00644864
0.7	0.0569694	0.00662348
0.71	0.0585485	0.00680008
0.72	0.0601466	0.00697841
0.73	0.0617635	0.00715844
0.74	0.0633992	0.00734013
0.75	0.0650534	0.00752345
0.76	0.066726	0.00770838
0.77	0.0684169	0.00789488
0.78	0.070126	0.00808292
0.79	0.0718529	0.00827247
0.8	0.0735978	0.00846348
0.81	0.0753602	0.00865594
0.82	0.0771402	0.00884981
0.83	0.0789375	0.00904504
0.84	0.080752	0.00924162
0.85	0.0825835	0.0094395
0.86	0.0844319	0.00963866
0.87	0.086297	0.00983905
0.88	0.0881786	0.0100406
0.89	0.0900766	0.0102434
0.9	0.0919908	0.0104473
0.91	0.093921	0.0106523
0.92	0.095867	0.0108583
0.93	0.0978287	0.0110654
0.94	0.0998059	0.0112735
0.95	0.101798	0.0114825
0.96	0.103806	0.0116924
0.97	0.105829	0.0119032
0.98	0.107866	0.0121149
0.99	0.109918	0.0123273
1	0.111985	0.0125406
1.01	0.114065	0.0127545
1.02	0.11616	0.0129692
1.03	0.118269	0.0131845
1.04	0.120391	0.0134005
1.05	0.122526	0.013617
1.06	0.124675	0.013834
1.07	0.126837	0.0140516
1.08	0.129012	0.0142697
1.09	0.1312	0.0144882
1.1	0.1334	0.014707
1.11	0.135612	0.0149263
1.12	0.137837	0.0151458
1.13	0.140073	0.0153657
1.14	0.142321	0.0155857
1.15	0.14458	0.015806
1.16	0.146851	0.0160265
1.17	0.149133	0.016247
1.18	0.151425	0.0164677
1.19	0.153729	0.0166884
1.2	0.156042	0.0169091
1.21	0.158366	0.0171298
1.22	0.1607	0.0173505
1.23	0.163044	0.017571
1.24	0.165397	0.0177914
1.25	0.167759	0.0180116
1.26	0.170131	0.0182316
1.27	0.172511	0.0184513
1.28	0.174901	0.0186708
1.29	0.177298	0.0188899
1.3	0.179704	0.0191086
1.31	0.182118	0.019327
1.32	0.18454	0.0195448
1.33	0.186969	0.0197622
1.34	0.189406	0.0199791
1.35	0.191849	0.0201954
1.36	0.1943	0.0204111
1.37	0.196757	0.0206262
1.38	0.199221	0.0208406
1.39	0.20169	0.0210543
1.4	0.204166	0.0212672
1.41	0.206647	0.0214794
1.42	0.209134	0.0216907
1.43	0.211626	0.0219012
1.44	0.214124	0.0221108
1.45	0.216625	0.0223194
1.46	0.219132	0.0225271
1.47	0.221643	0.0227338
1.48	0.224157	0.0229394
1.49	0.226676	0.023144
1.5	0.229198	0.0233474
1.51	0.231723	0.0235497
1.52	0.234252	0.0237508
1.53	0.236783	0.0239507
1.54	0.239317	0.0241493
1.55	0.241853	0.0243467
1.56	0.244391	0.0245427
1.57	0.246931	0.0247374
1.58	0.249473	0.0249306
1.59	0.252016	0.0251225
1.6	0.25456	0.0253129
1.61	0.257105	0.0255018
1.62	0.259651	0.0256892
1.63	0.262197	0.025875
1.64	0.264743	0.0260592
1.65	0.267289	0.0262418
1.66	0.269834	0.0264228
1.67	0.272379	0.0266021
1.68	0.274923	0.0267796
1.69	0.277466	0.0269554
1.7	0.280007	0.0271294
1.71	0.282547	0.0273017
1.72	0.285085	0.0274721
1.73	0.28762	0.0276406
1.74	0.290153	0.0278072
1.75	0.292684	0.0279719
1.76	0.295211	0.0281346
1.77	0.297736	0.0282954
1.78	0.300257	0.0284541
1.79	0.302774	0.0286108
1.8	0.305287	0.0287654
1.81	0.307796	0.028918
1.82	0.3103	0.0290684
1.83	0.3128	0.0292167
1.84	0.315294	0.0293628
1.85	0.317784	0.0295067
1.86	0.320268	0.0296484
1.87	0.322746	0.0297878
1.88	0.325218	0.029925
1.89	0.327684	0.0300598
1.9	0.330143	0.0301924
1.91	0.332596	0.0303226
1.92	0.335041	0.0304504
1.93	0.337479	0.0305759
1.94	0.33991	0.0306989
1.95	0.342332	0.0308195
1.96	0.344747	0.0309377
1.97	0.347153	0.0310534
1.98	0.349551	0.0311666
1.99	0.351939	0.0312773
2	0.354319	0.0313855
2.01	0.356689	0.0314911
2.02	0.35905	0.0315942
2.03	0.361401	0.0316946
2.04	0.363741	0.0317925
2.05	0.366071	0.0318877
2.06	0.368391	0.0319804
2.07	0.3707	0.0320703
2.08	0.372997	0.0321576
2.09	0.375283	0.0322422
2.1	0.377557	0.0323242
2.11	0.37982	0.0324034
2.12	0.38207	0.0324799
2.13	0.384308	0.0325536
2.14	0.386533	0.0326246
2.15	0.388745	0.0326929
2.16	0.390944	0.0327584
2.17	0.39313	0.0328211
2.18	0.395302	0.032881
2.19	0.39746	0.0329381
2.2	0.399604	0.0329924
2.21	0.401733	0.0330438
2.22	0.403848	0.0330925
2.23	0.405947	0.0331383
2.24	0.408032	0.0331812
2.25	0.410101	0.0332213
2.26	0.412155	0.0332586
2.27	0.414192	0.0332929
2.28	0.416214	0.0333245
2.29	0.418219	0.0333531
2.3	0.420207	0.0333789
2.31	0.422179	0.0334017
2.32	0.424133	0.0334217
2.33	0.42607	0.0334388
2.34	0.42799	0.033453
2.35	0.429892	0.0334643
2.36	0.431775	0.0334728
2.37	0.433641	0.0334783
2.38	0.435487	0.0334809
2.39	0.437316	0.0334807
2.4	0.439125	0.0334775
2.41	0.440914	0.0334715
2.42	0.442685	0.0334625
2.43	0.444436	0.0334507
2.44	0.446166	0.033436
2.45	0.447877	0.0334184
2.46	0.449567	0.0333979
2.47	0.451237	0.0333746
2.48	0.452886	0.0333484
2.49	0.454514	0.0333193
2.5	0.456121	0.0332874
2.51	0.457706	0.0332526
2.52	0.459269	0.033215
2.53	0.460811	0.0331745
2.54	0.462331	0.0331313
2.55	0.463828	0.0330852
2.56	0.465302	0.0330363
2.57	0.466754	0.0329846
2.58	0.468183	0.0329301
2.59	0.469589	0.0328728
2.6	0.470972	0.0328128
2.61	0.47233	0.03275
2.62	0.473666	0.0326844
2.63	0.474977	0.0326162
2.64	0.476264	0.0325452
2.65	0.477526	0.0324715
2.66	0.478764	0.0323951
2.67	0.479977	0.0323161
2.68	0.481166	0.0322344
2.69	0.482329	0.03215
2.7	0.483466	0.0320631
2.71	0.484579	0.0319735
2.72	0.485665	0.0318813
2.73	0.486726	0.0317865
2.74	0.48776	0.0316892
2.75	0.488768	0.0315894
2.76	0.48975	0.031487
2.77	0.490705	0.0313821
2.78	0.491634	0.0312748
2.79	0.492535	0.0311649
2.8	0.49341	0.0310527
2.81	0.494256	0.030938
2.82	0.495076	0.0308209
2.83	0.495868	0.0307015
2.84	0.496632	0.0305796
2.85	0.497368	0.0304555
2.86	0.498076	0.030329
2.87	0.498755	0.0302003
2.88	0.499407	0.0300693
2.89	0.500029	0.0299361
2.9	0.500623	0.0298006
2.91	0.501188	0.029663
2.92	0.501724	0.0295232
2.93	0.50223	0.0293813
2.94	0.502708	0.0292373
2.95	0.503156	0.0290911
2.96	0.503574	0.028943
2.97	0.503962	0.0287928
2.98	0.504321	0.0286406
2.99	0.50465	0.0284864
3	0.504948	0.0283303
3.01	0.505216	0.0281723
3.02	0.505454	0.0280123
3.03	0.505661	0.0278506
3.04	0.505838	0.027687
3.05	0.505984	0.0275216
3.06	0.506099	0.0273544
3.07	0.506183	0.0271856
3.08	0.506236	0.027015
3.09	0.506258	0.0268427
3.1	0.506248	0.0266688
3.11	0.506207	0.0264933
3.12	0.506135	0.0263162
3.13	0.50603	0.0261375
3.14	0.505895	0.0259574
3.15	0.505727	0.0257757
3.16	0.505528	0.0255927
3.17	0.505296	0.0254082
3.18	0.505033	0.0252223
3.19	0.504737	0.0250351
3.2	0.504409	0.0248465
3.21	0.504049	0.0246567
3.22	0.503657	0.0244657
3.23	0.503232	0.0242734
3.24	0.502774	0.02408
3.25	0.502284	0.0238854
3.26	0.501761	0.0236897
3.27	0.501206	0.0234929
3.28	0.500618	0.0232951
3.29	0.499997	0.0230963
3.3	0.499343	0.0228966
3.31	0.498657	0.0226959
3.32	0.497937	0.0224943
3.33	0.497184	0.0222919
3.34	0.496399	0.0220886
3.35	0.49558	0.0218846
3.36	0.494728	0.0216798
3.37	0.493843	0.0214743
3.38	0.492925	0.0212681
3.39	0.491974	0.0210612
3.4	0.490989	0.0208538
3.41	0.489971	0.0206458
3.42	0.48892	0.0204373
3.43	0.487836	0.0202283
3.44	0.486718	0.0200188
3.45	0.485567	0.0198089
3.46	0.484383	0.0195986
3.47	0.483165	0.019388
3.48	0.481915	0.0191771
3.49	0.480631	0.0189658
3.5	0.479313	0.0187544
3.51	0.477963	0.0185427
3.52	0.476579	0.0183309
3.53	0.475162	0.018119
3.54	0.473711	0.0179069
3.55	0.472228	0.0176948
3.56	0.470711	0.0174827
3.57	0.469161	0.0172706
3.58	0.467578	0.0170586
3.59	0.465962	0.0168466
3.6	0.464313	0.0166348
3.61	0.462631	0.0164231
3.62	0.460916	0.0162116
3.63	0.459168	0.0160004
3.64	0.457387	0.0157894
3.65	0.455573	0.0155787
3.66	0.453727	0.0153683
3.67	0.451848	0.0151584
3.68	0.449936	0.0149488
3.69	0.447992	0.0147397
3.7	0.446015	0.014531
3.71	0.444006	0.0143229
3.72	0.441965	0.0141153
3.73	0.439891	0.0139083
3.74	0.437785	0.0137019
3.75	0.435648	0.0134961
3.76	0.433478	0.013291
3.77	0.431276	0.0130866
3.78	0.429042	0.012883
3.79	0.426777	0.0126801
3.8	0.42448	0.0124781
3.81	0.422152	0.0122769
3.82	0.419792	0.0120765
3.83	0.417401	0.0118771
3.84	0.414979	0.0116785
3.85	0.412525	0.011481
3.86	0.410041	0.0112844
3.87	0.407526	0.0110889
3.88	0.404981	0.0108944
3.89	0.402404	0.010701
3.9	0.399798	0.0105088
3.91	0.397161	0.0103176
3.92	0.394494	0.0101277
3.93	0.391797	0.00993889
3.94	0.389071	0.00975134
3.95	0.386314	0.00956505
3.96	0.383528	0.00938004
3.97	0.380713	0.00919633
3.98	0.377869	0.00901396
3.99	0.374995	0.00883294
4	0.372093	0.00865332
4.01	0.369162	0.0084751
4.02	0.366202	0.00829831
4.03	0.363214	0.00812299
4.04	0.360198	0.00794915
4.05	0.357154	0.00777681
4.06	0.354082	0.00760601
4.07	0.350983	0.00743675
4.08	0.347856	0.00726907
4.09	0.344702	0.00710299
4.1	0.341521	0.00693853
4.11	0.338313	0.0067757
4.12	0.335079	0.00661453
4.13	0.331818	0.00645505
4.14	0.328531	0.00629726
4.15	0.325218	0.00614119
4.16	0.321879	0.00598685
4.17	0.318515	0.00583427
4.18	0.315125	0.00568346
4.19	0.31171	0.00553445
4.2	0.308271	0.00538724
4.21	0.304807	0.00524185
4.22	0.301318	0.0050983
4.23	0.297805	0.00495661
4.24	0.294269	0.00481678
4.25	0.290709	0.00467884
4.26	0.287125	0.00454279
4.27	0.283518	0.00440865
4.28	0.279889	0.00427644
4.29	0.276236	0.00414617
4.3	0.272561	0.00401784
4.31	0.268865	0.00389146
4.32	0.265146	0.00376706
4.33	0.261406	0.00364464
4.34	0.257644	0.00352421
4.35	0.253862	0.00340577
4.36	0.250058	0.00328934
4.37	0.246234	0.00317493
4.38	0.24239	0.00306255
4.39	0.238526	0.00295219
4.4	0.234643	0.00284387
4.41	0.23074	0.00273759
4.42	0.226818	0.00263336
4.43	0.222877	0.00253119
4.44	0.218918	0.00243107
4.45	0.214941	0.00233302
4.46	0.210946	0.00223703
4.47	0.206933	0.00214311
4.48	0.202903	0.00205126
4.49	0.198856	0.00196149
4.5	0.194793	0.00187379
4.51	0.190713	0.00178817
4.52	0.186618	0.00170462
4.53	0.182506	0.00162315
4.54	0.17838	0.00154376
4.55	0.174238	0.00146644
4.56	0.170082	0.00139119
4.57	0.165911	0.00131801
4.58	0.161727	0.0012469
4.59	0.157528	0.00117785
4.6	0.153317	0.00111087
4.61	0.149092	0.00104594
4.62	0.144855	0.000983063
4.63	0.140605	0.000922233
4.64	0.136344	0.000863443
4.65	0.13207	0.000806688
4.66	0.127786	0.00075196
4.67	0.123491	0.000699254
4.68	0.119185	0.00064856
4.69	0.114869	0.000599871
4.7	0.110543	0.000553178
4.71	0.106207	0.000508472
4.72	0.101863	0.000465743
4.73	0.0975094	0.000424982
4.74	0.0931477	0.000386178
4.75	0.0887779	0.000349319
4.76	0.0844005	0.000314395
4.77	0.0800157	0.000281393
4.78	0.0756241	0.000250302
4.79	0.0712259	0.000221108
4.8	0.0668215	0.000193798
4.81	0.0624113	0.000168359
4.82	0.0579956	0.000144776
4.83	0.053575	0.000123035
4.84	0.0491496	0.000103122
4.85	0.04472	8.50198e-05
4.86	0.0402865	6.87141e-05
4.87	0.0358494	5.41883e-05
4.88	0.0314092	4.14261e-05
4.89	0.0269662	3.04105e-05
4.9	0.0225209	2.11242e-05
4.91	0.0180736	1.35497e-05
4.92	0.0136248	7.66879e-06
4.93	0.00917467	3.46328e-06
4.94	0.00472378	9.14377e-07
4.95	0.000272473	3.02996e-09
4.96	-0.00417886	7.09826e-07
4.97	-0.00862982	3.01502e-06
4.98	-0.01308	6.89855e-06
4.99	-0.0175291	1.234e-05
5	-0.0219765	1.93187e-05
5.01	-0.0264221	2.78137e-05
5.02	-0.0308653	3.78036e-05
5.03	-0.0353057	4.92668e-05
5.04	-0.039743	6.21815e-05
5.05	-0.0441768	7.65255e-05
5.06	-0.0486067	9.22763e-05
5.07	-0.0530322	0.000109411
5.08	-0.0574529	0.000127908
5.09	-0.0618686	0.000147742
5.1	-0.0662787	0.000168891
5.11	-0.0706828	0.000191331
5.12	-0.0750807	0.000215039
5.13	-0.0794718	0.000239989
5.14	-0.0838558	0.000266158
5.15	-0.0882323	0.000293522
5.16	-0.0926008	0.000322055
5.17	-0.096961	0.000351733
5.18	-0.101313	0.000382531
5.19	-0.105655	0.000414424
5.2	-0.109988	0.000447386
5.21	-0.114311	0.000481391
5.22	-0.118623	0.000516415
5.23	-0.122925	0.000552432
5.24	-0.127216	0.000589415
5.25	-0.131495	0.000627339
5.26	-0.135763	0.000666178
5.27	-0.140018	0.000705905
5.28	-0.14426	0.000746495
5.29	-0.14849	0.00078792
5.3	-0.152706	0.000830155
5.31	-0.156908	0.000873173
5.32	-0.161096	0.000916948
5.33	-0.165269	0.000961452
5.34	-0.169427	0.00100666
5.35	-0.17357	0.00105255
5.36	-0.177697	0.00109908
5.37	-0.181808	0.00114624
5.38	-0.185902	0.001194
5.39	-0.189979	0.00124233
5.4	-0.19404	0.0012912
5.41	-0.198082	0.00134059
5.42	-0.202106	0.00139047
5.43	-0.206112	0.00144081
5.44	-0.210099	0.0014916
5.45	-0.214067	0.00154279
5.46	-0.218016	0.00159437
5.47	-0.221944	0.00164631
5.48	-0.225852	0.00169859
5.49	-0.22974	0.00175117
5.5	-0.233606	0.00180403
5.51	-0.237452	0.00185715
5.52	-0.241275	0.0019105
5.53	-0.245077	0.00196405
5.54	-0.248856	0.00201779
5.55	-0.252612	0.00207168
5.56	-0.256345	0.00212569
5.57	-0.260055	0.00217982
5.58	-0.263741	0.00223402
5.59	-0.267403	0.00228827
5.6	-0.27104	0.00234256
5.61	-0.274653	0.00239686
5.62	-0.27824	0.00245113
5.63	-0.281802	0.00250537
5.64	-0.285338	0.00255954
5.65	-0.288849	0.00261363
5.66	-0.292332	0.0026676
5.67	-0.295789	0.00272144
5.68	-0.299219	0.00277513
5.69	-0.302622	0.00282864
5.7	-0.305997	0.00288194
5.71	-0.309344	0.00293503
5.72	-0.312663	0.00298787
5.73	-0.315954	0.00304045
5.74	-0.319215	0.00309274
5.75	-0.322448	0.00314473
5.76	-0.325651	0.00319639
5.77	-0.328824	0.00324771
5.78	-0.331968	0.00329866
5.79	-0.335082	0.00334922
5.8	-0.338164	0.00339938
5.81	-0.341217	0.00344912
5.82	-0.344238	0.00349842
5.83	-0.347228	0.00354726
5.84	-0.350187	0.00359562
5.85	-0.353114	0.00364349
5.86	-0.356009	0.00369085
5.87	-0.358872	0.00373768
5.88	-0.361702	0.00378397
5.89	-0.3645	0.0038297
5.9	-0.367265	0.00387485
5.91	-0.369997	0.00391942
5.92	-0.372696	0.00396338
5.93	-0.375361	0.00400672
5.94	-0.377992	0.00404943
5.95	-0.38059	0.00409149
5.96	-0.383154	0.00413289
5.97	-0.385683	0.00417362
5.98	-0.388178	0.00421366
5.99	-0.390639	0.00425301
6	-0.393064	0.00429165
6.01	-0.395455	0.00432957
6.02	-0.397811	0.00436676
6.03	-0.400131	0.00440321
6.04	-0.402416	0.00443891
6.05	-0.404665	0.00447385
6.06	-0.406879	0.00450802
6.07	-0.409057	0.00454141
6.08	-0.411199	0.00457401
6.09	-0.413305	0.00460582
6.1	-0.415375	0.00463682
6.11	-0.417408	0.00466702
6.12	-0.419405	0.0046964
6.13	-0.421366	0.00472496
6.14	-0.42329	0.00475268
6.15	-0.425177	0.00477958
6.16	-0.427028	0.00480563
6.17	-0.428841	0.00483085
6.18	-0.430618	0.00485521
6.19	-0.432358	0.00487872
6.2	-0.434061	0.00490137
6.21	-0.435726	0.00492317
6.22	-0.437355	0.0049441
6.23	-0.438946	0.00496417
6.24	-0.4405	0.00498337
6.25	-0.442017	0.0050017
6.26	-0.443497	0.00501917
6.27	-0.444939	0.00503576
6.28	-0.446344	0.00505149
6.29	-0.447711	0.00506634
6.3	-0.449041	0.00508032
6.31	-0.450334	0.00509344
6.32	-0.45159	0.00510568
6.33	-0.452808	0.00511705
6.34	-0.453988	0.00512756
6.35	-0.455132	0.00513721
6.36	-0.456238	0.00514599
6.37	-0.457307	0.00515392
6.38	-0.458339	0.00516099
6.39	-0.459334	0.0051672
6.4	-0.460292	0.00517257
6.41	-0.461212	0.00517709
6.42	-0.462096	0.00518077
6.43	-0.462943	0.00518362
6.44	-0.463753	0.00518563
6.45	-0.464526	0.00518682
6.46	-0.465263	0.00518719
6.47	-0.465963	0.00518674
6.48	-0.466627	0.00518549
6.49	-0.467254	0.00518343
6.5	-0.467845	0.00518057
6.51	-0.4684	0.00517693
6.52	-0.468919	0.00517251
6.53	-0.469402	0.00516731
6.54	-0.46985	0.00516134
6.55	-0.470262	0.00515462
6.56	-0.470638	0.00514714
6.57	-0.470979	0.00513892
6.58	-0.471285	0.00512997
6.59	-0.471556	0.00512029
6.6	-0.471792	0.0051099
6.61	-0.471993	0.0050988
6.62	-0.47216	0.005087
6.63	-0.472292	0.00507451
6.64	-0.47239	0.00506134
6.65	-0.472455	0.00504751
6.66	-0.472485	0.00503301
6.67	-0.472482	0.00501787
6.68	-0.472446	0.00500209
6.69	-0.472376	0.00498568
6.7	-0.472274	0.00496865
6.71	-0.472139	0.00495101
6.72	-0.471971	0.00493278
6.73	-0.471771	0.00491396
6.74	-0.471539	0.00489457
6.75	-0.471275	0.00487462
6.76	-0.470979	0.00485412
6.77	-0.470652	0.00483307
6.78	-0.470294	0.0048115
6.79	-0.469905	0.0047894
6.8	-0.469486	0.00476681
6.81	-0.469036	0.00474371
6.82	-0.468556	0.00472014
6.83	-0.468046	0.00469609
6.84	-0.467507	0.00467159
6.85	-0.466939	0.00464663
6.86	-0.466341	0.00462124
6.87	-0.465715	0.00459543
6.88	-0.46506	0.00456921
6.89	-0.464377	0.00454258
6.9	-0.463666	0.00451557
6.91	-0.462928	0.00448818
6.92	-0.462162	0.00446042
6.93	-0.461369	0.00443232
6.94	-0.46055	0.00440387
6.95	-0.459704	0.00437509
6.96	-0.458832	0.004346
6.97	-0.457935	0.00431659
6.98	-0.457011	0.0042869
6.99	-0.456063	0.00425692
7	-0.45509	0.00422667
7.01	-0.454092	0.00419616
7.02	-0.453071	0.00416541
7.03	-0.452025	0.00413441
7.04	-0.450956	0.0041032
7.05	-0.449863	0.00407176
7.06	-0.448748	0.00404013
7.07	-0.44761	0.0040083
7.08	-0.446449	0.00397629
7.09	-0.445267	0.00394411
7.1	-0.444063	0.00391177
7.11	-0.442838	0.00387928
7.12	-0.441593	0.00384666
7.13	-0.440326	0.0038139
7.14	-0.439039	0.00378103
7.15	-0.437733	0.00374805
7.16	-0.436406	0.00371498
7.17	-0.435061	0.00368181
7.18	-0.433697	0.00364857
7.19	-0.432314	0.00361527
7.2	-0.430913	0.0035819
7.21	-0.429494	0.00354848
7.22	-0.428057	0.00351503
7.23	-0.426603	0.00348155
7.24	-0.425133	0.00344804
7.25	-0.423646	0.00341452
7.26	-0.422143	0.003381
7.27	-0.420624	0.00334749
7.28	-0.419089	0.00331398
7.29	-0.41754	0.0032805
7.3	-0.415975	0.00324705
7.31	-0.414397	0.00321364
7.32	-0.412804	0.00318028
7.33	-0.411197	0.00314696
7.34	-0.409577	0.00311371
7.35	-0.407943	0.00308053
7.36	-0.406297	0.00304742
7.37	-0.404639	0.00301439
7.38	-0.402968	0.00298146
7.39	-0.401286	0.00294862
7.4	-0.399592	0.00291588
7.41	-0.397887	0.00288326
7.42	-0.396171	0.00285074
7.43	-0.394445	0.00281835
7.44	-0.392709	0.00278609
7.45	-0.390963	0.00275396
7.46	-0.389207	0.00272197
7.47	-0.387442	0.00269013
7.48	-0.385669	0.00265843
7.49	-0.383886	0.00262689
7.5	-0.382096	0.00259551
7.51	-0.380298	0.00256429
7.52	-0.378492	0.00253324
7.53	-0.376678	0.00250237
7.54	-0.374858	0.00247167
7.55	-0.373031	0.00244116
7.56	-0.371198	0.00241084
7.57	-0.369359	0.0023807
7.58	-0.367513	0.00235076
7.59	-0.365663	0.00232101
7.6	-0.363807	0.00229147
7.61	-0.361946	0.00226213
7.62	-0.36008	0.002233
7.63	-0.35821	0.00220408
7.64	-0.356336	0.00217537
7.65	-0.354458	0.00214688
7.66	-0.352577	0.00211861
7.67	-0.350692	0.00209056
7.68	-0.348805	0.00206273
7.69	-0.346914	0.00203513
7.7	-0.345022	0.00200776
7.71	-0.343127	0.00198061
7.72	-0.34123	0.0019537
7.73	-0.339331	0.00192703
7.74	-0.337431	0.00190058
7.75	-0.335529	0.00187438
7.76	-0.333627	0.00184841
7.77	-0.331724	0.00182268
7.78	-0.32982	0.00179719
7.79	-0.327916	0.00177195
7.8	-0.326012	0.00174694
7.81	-0.324109	0.00172218
7.82	-0.322205	0.00169766
7.83	-0.320303	0.00167339
7.84	-0.318401	0.00164936
7.85	-0.3165	0.00162558
7.86	-0.314601	0.00160204
7.87	-0.312703	0.00157875
7.88	-0.310806	0.00155571
7.89	-0.308912	0.00153291
7.9	-0.30702	0.00151035
7.91	-0.30513	0.00148804
7.92	-0.303242	0.00146598
7.93	-0.301357	0.00144416
7.94	-0.299475	0.00142259
7.95	-0.297596	0.00140126
7.96	-0.29572	0.00138018
7.97	-0.293848	0.00135934
7.98	-0.291979	0.00133874
7.99	-0.290113	0.00131838
8	-0.288252	0.00129827
8.01	-0.286395	0.00127839
8.02	-0.284541	0.00125876
8.03	-0.282693	0.00123936
8.04	-0.280848	0.0012202
8.05	-0.279009	0.00120128
8.06	-0.277174	0.00118259
8.07	-0.275344	0.00116413
8.08	-0.273519	0.00114591
8.09	-0.271699	0.00112792
8.1	-0.269884	0.00111016
8.11	-0.268076	0.00109263
8.12	-0.266272	0.00107532
8.13	-0.264474	0.00105825
8.14	-0.262683	0.00104139
8.15	-0.260897	0.00102476
8.16	-0.259117	0.00100835
8.17	-0.257343	0.000992158
8.18	-0.255576	0.000976185
8.19	-0.253815	0.000960429
8.2	-0.25206	0.000944887
8.21	-0.250312	0.000929558
8.22	-0.248571	0.000914441
8.23	-0.246836	0.000899533
8.24	-0.245108	0.000884833
8.25	-0.243387	0.000870338
8.26	-0.241674	0.000856048
8.27	-0.239967	0.00084196
8.28	-0.238267	0.000828072
8.29	-0.236575	0.000814383
8.3	-0.23489	0.00080089
8.31	-0.233213	0.000787593
8.32	-0.231542	0.000774488
8.33	-0.22988	0.000761574
8.34	-0.228225	0.000748849
8.35	-0.226578	0.000736311
8.36	-0.224938	0.000723959
8.37	-0.223306	0.000711789
8.38	-0.221682	0.000699801
8.39	-0.220066	0.000687993
8.4	-0.218458	0.000676361
8.41	-0.216858	0.000664905
8.42	-0.215266	0.000653622
8.43	-0.213682	0.000642511
8.44	-0.212106	0.00063157
8.45	-0.210538	0.000620796
8.46	-0.208979	0.000610187
8.47	-0.207427	0.000599743
8.48	-0.205884	0.00058946
8.49	-0.204349	0.000579336
8.5	-0.202823	0.000569371
8.51	-0.201305	0.000559562
8.52	-0.199795	0.000549906
8.53	-0.198293	0.000540403
8.54	-0.1968	0.000531049
8.55	-0.195315	0.000521844
8.56	-0.193839	0.000512786
8.57	-0.192372	0.000503872
8.58	-0.190912	0.0004951
8.59	-0.189461	0.000486469
8.6	-0.188019	0.000477978
8.61	-0.186585	0.000469623
8.62	-0.18516	0.000461403
8.63	-0.183743	0.000453317
8.64	-0.182335	0.000445362
8.65	-0.180935	0.000437537
8.66	-0.179544	0.000429841
8.67	-0.178162	0.00042227
8.68	-0.176788	0.000414824
8.69	-0.175422	0.000407501
8.7	-0.174065	0.000400299
8.71	-0.172716	0.000393216
8.72	-0.171376	0.00038625
8.73	-0.170045	0.000379401
8.74	-0.168722	0.000372666
8.75	-0.167407	0.000366043
8.76	-0.166101	0.000359532
8.77	-0.164804	0.00035313
8.78	-0.163514	0.000346835
8.79	-0.162234	0.000340647
8.8	-0.160961	0.000334564
8.81	-0.159698	0.000328583
8.82	-0.158442	0.000322704
8.83	-0.157195	0.000316925
8.84	-0.155956	0.000311244
8.85	-0.154726	0.000305661
8.86	-0.153504	0.000300172
8.87	-0.15229	0.000294778
8.88	-0.151084	0.000289477
8.89	-0.149887	0.000284266
8.9	-0.148698	0.000279146
8.91	-0.147517	0.000274113
8.92	-0.146345	0.000269168
8.93	-0.14518	0.000264308
8.94	-0.144024	0.000259533
8.95	-0.142875	0.00025484
8.96	-0.141735	0.000250229
8.97	-0.140603	0.000245699
8.98	-0.139478	0.000241247
8.99	-0.138362	0.000236873
9	-0.137254	0.000232576
9.01	-0.136154	0.000228354
9.02	-0.135061	0.000224206
9.03	-0.133976	0.000220131
9.04	-0.1329	0.000216128
9.05	-0.131831	0.000212195
9.06	-0.130769	0.000208332
9.07	-0.129716	0.000204537
9.08	-0.12867	0.000200809
9.09	-0.127632	0.000197147
9.1	-0.126601	0.00019355
9.11	-0.125578	0.000190017
9.12	-0.124563	0.000186546
9.13	-0.123555	0.000183138
9.14	-0.122554	0.00017979
9.15	-0.121561	0.000176501
9.16	-0.120576	0.000173272
9.17	-0.119597	0.0001701
9.18	-0.118626	0.000166985
9.19	-0.117663	0.000163926
9.2	-0.116706	0.000160921
9.21	-0.115757	0.000157971
9.22	-0.114815	0.000155073
9.23	-0.11388	0.000152228
9.24	-0.112952	0.000149433
9.25	-0.112032	0.000146689
9.26	-0.111118	0.000143995
9.27	-0.110211	0.000141349
9.28	-0.109311	0.000138751
9.29	-0.108419	0.0001362
9.3	-0.107533	0.000133695
9.31	-0.106653	0.000131235
9.32	-0.105781	0.00012882
9.33	-0.104915	0.000126448
9.34	-0.104056	0.00012412
9.35	-0.103204	0.000121834
9.36	-0.102358	0.000119589
9.37	-0.101519	0.000117386
9.38	-0.100686	0.000115222
9.39	-0.0998603	0.000113098
9.4	-0.0990406	0.000111012
9.41	-0.0982274	0.000108965
9.42	-0.0974206	0.000106955
9.43	-0.0966201	0.000104981
9.44	-0.0958258	0.000103044
9.45	-0.0950379	0.000101142
9.46	-0.0942562	9.92744e-05
9.47	-0.0934806	9.74413e-05
9.48	-0.0927112	9.56417e-05
9.49	-0.0919478	9.38751e-05
9.5	-0.0911906	9.21409e-05
9.51	-0.0904393	9.04385e-05
9.52	-0.089694	8.87673e-05
9.53	-0.0889547	8.71268e-05
9.54	-0.0882212	8.55164e-05
9.55	-0.0874936	8.39355e-05
9.56	-0.0867718	8.23838e-05
9.57	-0.0860558	8.08605e-05
9.58	-0.0853455	7.93653e-05
9.59	-0.084641	7.78976e-05
9.6	-0.083942	7.64569e-05
9.61	-0.0832487	7.50427e-05
9.62	-0.082561	7.36546e-05
9.63	-0.0818788	7.22921e-05
9.64	-0.0812021	7.09547e-05
9.65	-0.0805309	6.96419e-05
9.66	-0.0798651	6.83534e-05
9.67	-0.0792047	6.70886e-05
9.68	-0.0785496	6.58472e-05
9.69	-0.0778999	6.46288e-05
9.7	-0.0772554	6.34328e-05
9.71	-0.0766161	6.22589e-05
9.72	-0.075982	6.11068e-05
9.73	-0.0753531	5.99759e-05
9.74	-0.0747293	5.8866e-05
9.75	-0.0741106	5.77765e-05
9.76	-0.0734969	5.67073e-05
9.77	-0.0728883	5.56578e-05
9.78	-0.0722846	5.46278e-05
9.79	-0.0716858	5.36168e-05
9.8	-0.0710919	5.26246e-05
9.81	-0.0705029	5.16507e-05
9.82	-0.0699187	5.06949e-05
9.83	-0.0693393	4.97568e-05
9.84	-0.0687647	4.88361e-05
9.85	-0.0681947	4.79324e-05
9.86	-0.0676295	4.70455e-05
9.87	-0.0670689	4.61751e-05
9.88	-0.0665129	4.53208e-05
9.89	-0.0659614	4.44823e-05
9.9	-0.0654145	4.36594e-05
9.91	-0.0648721	4.28518e-05
9.92	-0.0643342	4.20592e-05
9.93	-0.0638007	4.12813e-05
9.94	-0.0632716	4.05178e-05
9.95	-0.0627469	3.97685e-05
9.96	-0.0622265	3.90331e-05
9.97	-0.0617105	3.83113e-05
9.98	-0.0611986	3.7603e-05
9.99	-0.0606911	3.69078e-05
10	-0.0601877	3.62256e-05
10.01	-0.0596884	3.5556e-05
10.02	-0.0591934	3.48988e-05
10.03	-0.0587024	3.42539e-05
10.04	-0.0582155	3.36209e-05
10.05	-0.0577326	3.29997e-05
10.06	-0.0572537	3.239e-05
10.07	-0.0567788	3.17917e-05
10.08	-0.0563079	3.12045e-05
10.09	-0.0558409	3.06282e-05
10.1	-0.0553777	3.00626e-05
10.11	-0.0549184	2.95076e-05
10.12	-0.0544629	2.89628e-05
10.13	-0.0540112	2.84282e-05
10.14	-0.0535633	2.79035e-05
10.15	-0.0531191	2.73885e-05
10.16	-0.0526785	2.68831e-05
10.17	-0.0522417	2.63872e-05
10.18	-0.0518085	2.59004e-05
10.19	-0.0513789	2.54227e-05
10.2	-0.0509529	2.49538e-05
10.21	-0.0505304	2.44937e-05
10.22	-0.0501115	2.40421e-05
10.23	-0.0496961	2.3599e-05
10.24	-0.0492841	2.3164e-05
10.25	-0.0488756	2.27371e-05
10.26	-0.0484704	2.23182e-05
10.27	-0.0480687	2.19071e-05
10.28	-0.0476703	2.15035e-05
10.29	-0.0472753	2.11075e-05
10.3	-0.0468835	2.07189e-05
10.31	-0.0464951	2.03374e-05
10.32	-0.0461098	1.99631e-05
10.33	-0.0457278	1.95957e-05
10.34	-0.045349	1.92351e-05
10.35	-0.0449734	1.88812e-05
10.36	-0.0446009	1.85339e-05
10.37	-0.0442315	1.81931e-05
10.38	-0.0438652	1.78585e-05
10.39	-0.043502	1.75302e-05
10.4	-0.0431418	1.7208e-05
10.41	-0.0427846	1.68917e-05
10.42	-0.0424305	1.65814e-05
10.43	-0.0420793	1.62767e-05
10.44	-0.041731	1.59778e-05
10.45	-0.0413856	1.56844e-05
10.46	-0.0410432	1.53964e-05
10.47	-0.0407036	1.51138e-05
10.48	-0.0403669	1.48364e-05
10.49	-0.040033	1.45641e-05
10.5	-0.0397018	1.42969e-05
10.51	-0.0393735	1.40347e-05
10.52	-0.0390479	1.37773e-05
10.53	-0.0387251	1.35247e-05
10.54	-0.0384049	1.32768e-05
10.55	-0.0380874	1.30334e-05
10.56	-0.0377726	1.27946e-05
10.57	-0.0374605	1.25602e-05
10.58	-0.0371509	1.23301e-05
10.59	-0.036844	1.21043e-05
10.6	-0.0365396	1.18827e-05
10.61	-0.0362378	1.16652e-05
10.62	-0.0359385	1.14517e-05
10.63	-0.0356417	1.12422e-05
10.64	-0.0353474	1.10365e-05
10.65	-0.0350556	1.08347e-05
10.66	-0.0347662	1.06366e-05
10.67	-0.0344793	1.04421e-05
10.68	-0.0341948	1.02513e-05
10.69	-0.0339126	1.00639e-05
10.7	-0.0336328	9.88006e-06
10.71	-0.0333554	9.69959e-06
10.72	-0.0330803	9.52247e-06
10.73	-0.0328075	9.34861e-06
10.74	-0.032537	9.17796e-06
10.75	-0.0322688	9.01047e-06
10.76	-0.0320028	8.84607e-06
10.77	-0.031739	8.68471e-06
10.78	-0.0314775	8.52633e-06
10.79	-0.0312181	8.37087e-06
10.8	-0.0309609	8.21828e-06
10.81	-0.0307059	8.0685e-06
10.82	-0.0304531	7.92149e-06
10.83	-0.0302023	7.77719e-06
10.84	-0.0299536	7.63556e-06
10.85	-0.0297071	7.49653e-06
10.86	-0.0294626	7.36007e-06
10.87	-0.0292201	7.22612e-06
10.88	-0.0289797	7.09464e-06
10.89	-0.0287413	6.96558e-06
10.9	-0.0285049	6.8389e-06
10.91	-0.0282705	6.71455e-06
10.92	-0.028038	6.5925e-06
10.93	-0.0278075	6.47269e-06
10.94	-0.027579	6.35508e-06
10.95	-0.0273523	6.23964e-06
10.96	-0.0271275	6.12632e-06
10.97	-0.0269047	6.01509e-06
10.98	-0.0266837	5.90591e-06
10.99	-0.0264645	5.79873e-06
11	-0.0262472	5.69352e-06
11.01	-0.0260317	5.59024e-06
11.02	-0.025818	5.48886e-06
11.03	-0.0256061	5.38935e-06
11.04	-0.025396	5.29166e-06
11.05	-0.0251876	5.19577e-06
11.06	-0.024981	5.10164e-06
11.07	-0.0247761	5.00923e-06
11.08	-0.0245729	4.91852e-06
11.09	-0.0243715	4.82948e-06
11.1	-0.0241717	4.74207e-06
11.11	-0.0239736	4.65626e-06
11.12	-0.0237771	4.57202e-06
11.13	-0.0235823	4.48933e-06
11.14	-0.0233891	4.40816e-06
11.15	-0.0231975	4.32847e-06
11.16	-0.0230076	4.25024e-06
11.17	-0.0228192	4.17345e-06
11.18	-0.0226324	4.09806e-06
11.19	-0.0224472	4.02405e-06
11.2	-0.0222635	3.95139e-06
11.21	-0.0220813	3.88007e-06
11.22	-0.0219007	3.81005e-06
11.23	-0.0217216	3.74131e-06
11.24	-0.021544	3.67383e-06
11.25	-0.0213678	3.60758e-06
11.26	-0.0211932	3.54254e-06
11.27	-0.02102	3.47869e-06
11.28	-0.0208482	3.41601e-06
11.29	-0.0206779	3.35447e-06
11.3	-0.020509	3.29405e-06
11.31	-0.0203415	3.23474e-06
11.32	-0.0201754	3.17651e-06
11.33	-0.0200107	3.11934e-06
11.34	-0.0198473	3.06322e-06
11.35	-0.0196854	3.00812e-06
11.36	-0.0195247	2.95402e-06
11.37	-0.0193655	2.90091e-06
11.38	-0.0192075	2.84877e-06
11.39	-0.0190509	2.79758e-06
11.4	-0.0188956	2.74732e-06
11.41	-0.0187415	2.69798e-06
11.42	-0.0185888	2.64953e-06
11.43	-0.0184373	2.60197e-06
11.44	-0.0182871	2.55527e-06
11.45	-0.0181381	2.50942e-06
11.46	-0.0179904	2.46441e-06
11.47	-0.0178439	2.42021e-06
11.48	-0.0176986	2.37682e-06
11.49	-0.0175546	2.33422e-06
11.5	-0.0174117	2.29239e-06
11.51	-0.0172701	2.25132e-06
11.52	-0.0171296	2.21099e-06
11.53	-0.0169902	2.1714e-06
11.54	-0.0168521	2.13253e-06
11.55	-0.0167151	2.09436e-06
11.56	-0.0165792	2.05689e-06
11.57	-0.0164444	2.02009e-06
11.58	-0.0163108	1.98397e-06
11.59	-0.0161783	1.94849e-06
11.6	-0.0160469	1.91367e-06
11.61	-0.0159166	1.87947e-06
11.62	-0.0157873	1.84589e-06
11.63	-0.0156592	1.81292e-06
11.64	-0.0155321	1.78055e-06
11.65	-0.015406	1.74876e-06
11.66	-0.015281	1.71755e-06
11.67	-0.0151571	1.6869e-06
11.68	-0.0150341	1.65681e-06
11.69	-0.0149122	1.62726e-06
11.7	-0.0147913	1.59825e-06
11.71	-0.0146714	1.56976e-06
11.72	-0.0145525	1.54178e-06
11.73	-0.0144346	1.51431e-06
11.74	-0.0143177	1.48734e-06
11.75	-0.0142017	1.46085e-06
11.76	-0.0140867	1.43485e-06
11.77	-0.0139727	1.40931e-06
11.78	-0.0138596	1.38423e-06
11.79	-0.0137474	1.35961e-06
11.8	-0.0136362	1.33543e-06
11.81	-0.0135258	1.31168e-06
11.82	-0.0134164	1.28836e-06
11.83	-0.0133079	1.26547e-06
11.84	-0.0132003	1.24298e-06
11.85	-0.0130936	1.2209e-06
11.86	-0.0129878	1.19922e-06
11.87	-0.0128828	1.17793e-06
11.88	-0.0127787	1.15703e-06
11.89	-0.0126755	1.13649e-06
11.9	-0.0125731	1.11633e-06
11.91	-0.0124716	1.09653e-06
11.92	-0.0123709	1.07709e-06
11.93	-0.0122711	1.058e-06
11.94	-0.012172	1.03925e-06
11.95	-0.0120738	1.02083e-06
11.96	-0.0119764	1.00275e-06
11.97	-0.0118798	9.84991e-07
11.98	-0.011784	9.67552e-07
11.99	-0.011689	9.50425e-07
12	-0.0115948	9.33607e-07
12.01	-0.0115014	9.17089e-07
12.02	-0.0114087	9.00869e-07
12.03	-0.0113168	8.84939e-07
12.04	-0.0112256	8.69294e-07
12.05	-0.0111352	8.5393e-07
12.06	-0.0110455	8.38842e-07
12.07	-0.0109566	8.24023e-07
12.08	-0.0108684	8.0947e-07
12.09	-0.010781	7.95178e-07
12.1	-0.0106942	7.81141e-07
12.11	-0.0106082	7.67356e-07
12.12	-0.0105229	7.53817e-07
12.13	-0.0104383	7.4052e-07
12.14	-0.0103544	7.27462e-07
12.15	-0.0102711	7.14636e-07
12.16	-0.0101886	7.0204e-07
12.17	-0.0101067	6.89669e-07
12.18	-0.0100255	6.77519e-07
12.19	-0.00994502	6.65586e-07
12.2	-0.00986516	6.53866e-07
12.21	-0.00978596	6.42355e-07
12.22	-0.0097074	6.3105e-07
12.23	-0.00962949	6.19946e-07
12.24	-0.00955222	6.0904e-07
12.25	-0.00947559	5.98329e-07
12.26	-0.00939958	5.87809e-07
12.27	-0.0093242	5.77476e-07
12.28	-0.00924944	5.67328e-07
12.29	-0.00917529	5.5736e-07
12.3	-0.00910175	5.4757e-07
12.31	-0.00902881	5.37954e-07
12.32	-0.00895647	5.28509e-07
12.33	-0.00888473	5.19233e-07
12.34	-0.00881357	5.10121e-07
12.35	-0.00874299	5.01172e-07
12.36	-0.008673	4.92381e-07
12.37	-0.00860357	4.83747e-07
12.38	-0.00853472	4.75267e-07
12.39	-0.00846643	4.66937e-07
12.4	-0.0083987	4.58755e-07
12.41	-0.00833152	4.50718e-07
12.42	-0.00826489	4.42824e-07
12.43	-0.00819881	4.3507e-07
12.44	-0.00813327	4.27454e-07
12.45	-0.00806826	4.19973e-07
12.46	-0.00800379	4.12625e-07
12.47	-0.00793984	4.05407e-07
12.48	-0.00787642	3.98317e-07
12.49	-0.00781352	3.91352e-07
12.5	-0.00775112	3.84512e-07
12.51	-0.00768924	3.77792e-07
12.52	-0.00762787	3.71191e-07
12.53	-0.00756699	3.64707e-07
12.54	-0.00750661	3.58338e-07
12.55	-0.00744673	3.52082e-07
12.56	-0.00738733	3.45936e-07
12.57	-0.00732842	3.39899e-07
12.58	-0.00726999	3.33969e-07
12.59	-0.00721204	3.28144e-07
12.6	-0.00715456	3.22422e-07
12.61	-0.00709754	3.168e-07
12.62	-0.00704099	3.11279e-07
12.63	-0.00698491	3.05854e-07
12.64	-0.00692928	3.00526e-07
12.65	-0.0068741	2.95291e-07
12.66	-0.00681937	2.90149e-07
12.67	-0.00676509	2.85098e-07
12.68	-0.00671125	2.80136e-07
12.69	-0.00665785	2.75261e-07
12.7	-0.00660488	2.70472e-07
12.71	-0.00655235	2.65768e-07
12.72	-0.00650024	2.61147e-07
12.73	-0.00644855	2.56607e-07
12.74	-0.00639729	2.52147e-07
12.75	-0.00634644	2.47765e-07
12.76	-0.00629601	2.43461e-07
12.77	-0.00624599	2.39232e-07
12.78	-0.00619637	2.35078e-07
12.79	-0.00614715	2.30997e-07
12.8	-0.00609834	2.26988e-07
12.81	-0.00604992	2.23049e-07
12.82	-0.0060019	2.1918e-07
12.83	-0.00595426	2.15379e-07
12.84	-0.00590701	2.11644e-07
12.85	-0.00586015	2.07975e-07
12.86	-0.00581366	2.0437e-07
12.87	-0.00576755	2.00829e-07
12.88	-0.00572182	1.9735e-07
12.89	-0.00567646	1.93932e-07
12.9	-0.00563146	1.90574e-07
12.91	-0.00558683	1.87275e-07
12.92	-0.00554256	1.84033e-07
12.93	-0.00549865	1.80849e-07
12.94	-0.0054551	1.7772e-07
12.95	-0.0054119	1.74646e-07
12.96	-0.00536905	1.71626e-07
12.97	-0.00532654	1.68659e-07
12.98	-0.00528438	1.65744e-07
12.99	-0.00524256	1.6288e-07
13	-0.00520108	1.60066e-07
13.01	-0.00515993	1.57302e-07
13.02	-0.00511912	1.54585e-07
13.03	-0.00507864	1.51917e-07
13.04	-0.00503848	1.49295e-07
13.05	-0.00499865	1.46718e-07
13.06	-0.00495914	1.44187e-07
13.07	-0.00491995	1.417e-07
13.08	-0.00488108	1.39257e-07
13.09	-0.00484252	1.36856e-07
13.1	-0.00480427	1.34497e-07
13.11	-0.00476633	1.32179e-07
13.12	-0.0047287	1.29902e-07
13.13	-0.00469137	1.27664e-07
13.14	-0.00465434	1.25466e-07
13.15	-0.00461761	1.23306e-07
13.16	-0.00458118	1.21183e-07
13.17	-0.00454504	1.19098e-07
13.18	-0.00450919	1.17049e-07
13.19	-0.00447363	1.15035e-07
13.2	-0.00443836	1.13057e-07
13.21	-0.00440337	1.11113e-07
13.22	-0.00436866	1.09203e-07
13.23	-0.00433424	1.07326e-07
13.24	-0.00430009	1.05482e-07
13.25	-0.00426621	1.0367e-07
13.26	-0.00423261	1.0189e-07
13.27	-0.00419928	1.0014e-07
13.28	-0.00416622	9.84209e-08
13.29	-0.00413342	9.67317e-08
13.3	-0.00410089	9.50719e-08
13.31	-0.00406861	9.34409e-08
13.32	-0.0040366	9.18382e-08
13.33	-0.00400485	9.02634e-08
13.34	-0.00397335	8.87159e-08
13.35	-0.0039421	8.71952e-08
13.36	-0.0039111	8.5701e-08
13.37	-0.00388036	8.42327e-08
13.38	-0.00384986	8.27899e-08
13.39	-0.0038196	8.13721e-08
13.4	-0.00378959	7.99789e-08
13.41	-0.00375982	7.86098e-08
13.42	-0.00373029	7.72645e-08
13.43	-0.00370099	7.59425e-08
13.44	-0.00367193	7.46434e-08
13.45	-0.00364311	7.33667e-08
13.46	-0.00361451	7.21122e-08
13.47	-0.00358614	7.08795e-08
13.48	-0.00355801	6.9668e-08
13.49	-0.00353009	6.84775e-08
13.5	-0.0035024	6.73076e-08
13.51	-0.00347493	6.6158e-08
13.52	-0.00344769	6.50282e-08
13.53	-0.00342066	6.3918e-08
13.54	-0.00339384	6.28269e-08
13.55	-0.00336724	6.17547e-08
13.56	-0.00334086	6.07011e-08
13.57	-0.00331468	5.96656e-08
13.58	-0.00328872	5.8648e-08
13.59	-0.00326296	5.7648e-08
13.6	-0.00323741	5.66652e-08
13.61	-0.00321206	5.56995e-08
13.62	-0.00318691	5.47503e-08
13.63	-0.00316197	5.38176e-08
13.64	-0.00313723	5.29009e-08
13.65	-0.00311268	5.2e-08
13.66	-0.00308833	5.11147e-08
13.67	-0.00306417	5.02446e-08
13.68	-0.00304021	4.93895e-08
13.69	-0.00301644	4.85492e-08
13.7	-0.00299286	4.77233e-08
13.71	-0.00296946	4.69116e-08
13.72	-0.00294625	4.61139e-08
13.73	-0.00292323	4.533e-08
13.74	-0.00290039	4.45595e-08
13.75	-0.00287774	4.38023e-08
13.76	-0.00285526	4.30581e-08
13.77	-0.00283296	4.23267e-08
13.78	-0.00281085	4.16079e-08
13.79	-0.0027889	4.09014e-08
13.8	-0.00276713	4.02071e-08
13.81	-0.00274554	3.95247e-08
13.82	-0.00272412	3.8854e-08
13.83	-0.00270287	3.81948e-08
13.84	-0.00268178	3.7547e-08
13.85	-0.00266087	3.69103e-08
13.86	-0.00264012	3.62845e-08
13.87	-0.00261954	3.56694e-08
13.88	-0.00259912	3.50649e-08
13.89	-0.00257886	3.44708e-08
13.9	-0.00255876	3.38868e-08
13.91	-0.00253883	3.33129e-08
13.92	-0.00251905	3.27488e-08
13.93	-0.00249943	3.21943e-08
13.94	-0.00247996	3.16494e-08
13.95	-0.00246065	3.11138e-08
13.96	-0.0024415	3.05874e-08
13.97	-0.00242249	3.00699e-08
13.98	-0.00240364	2.95614e-08
13.99	-0.00238494	2.90615e-08
14	-0.00236638	2.85702e-08
14.01	-0.00234797	2.80873e-08
14.02	-0.00232971	2.76126e-08
14.03	-0.00231159	2.71461e-08
14.04	-0.00229362	2.66875e-08
14.05	-0.00227579	2.62368e-08
14.06	-0.0022581	2.57938e-08
14.07	-0.00224055	2.53583e-08
14.08	-0.00222314	2.49303e-08
14.09	-0.00220587	2.45096e-08
14.1	-0.00218873	2.40961e-08
14.11	-0.00217173	2.36896e-08
14.12	-0.00215487	2.32901e-08
14.13	-0.00213813	2.28974e-08
14.14	-0.00212153	2.25114e-08
14.15	-0.00210507	2.21319e-08
14.16	-0.00208873	2.1759e-08
14.17	-0.00207252	2.13923e-08
14.18	-0.00205644	2.1032e-08
14.19	-0.00204049	2.06778e-08
14.2	-0.00202466	2.03296e-08
14.21	-0.00200896	1.99873e-08
14.22	-0.00199338	1.96509e-08
14.23	-0.00197793	1.93202e-08
14.24	-0.0019626	1.89951e-08
14.25	-0.00194739	1.86756e-08
14.26	-0.0019323	1.83615e-08
14.27	-0.00191732	1.80527e-08
14.28	-0.00190247	1.77492e-08
14.29	-0.00188773	1.74509e-08
14.3	-0.00187311	1.71576e-08
14.31	-0.00185861	1.68693e-08
14.32	-0.00184422	1.65859e-08
14.33	-0.00182994	1.63073e-08
14.34	-0.00181578	1.60335e-08
14.35	-0.00180173	1.57643e-08
14.36	-0.00178779	1.54997e-08
14.37	-0.00177396	1.52395e-08
14.38	-0.00176023	1.49838e-08
14.39	-0.00174662	1.47324e-08
14.4	-0.00173311	1.44853e-08
14.41	-0.00171971	1.42424e-08
14.42	-0.00170642	1.40036e-08
14.43	-0.00169323	1.37688e-08
14.44	-0.00168014	1.3538e-08
14.45	-0.00166716	1.33112e-08
14.46	-0.00165427	1.30882e-08
14.47	-0.00164149	1.28689e-08
14.48	-0.00162881	1.26534e-08
14.49	-0.00161624	1.24415e-08
14.5	-0.00160375	1.22332e-08
14.51	-0.00159137	1.20284e-08
14.52	-0.00157909	1.18271e-08
14.53	-0.0015669	1.16292e-08
14.54	-0.00155481	1.14347e-08
14.55	-0.00154281	1.12434e-08
14.56	-0.0015309	1.10554e-08
14.57	-0.00151909	1.08705e-08
14.58	-0.00150738	1.06888e-08
14.59	-0.00149575	1.05101e-08
14.6	-0.00148422	1.03345e-08
14.61	-0.00147277	1.01618e-08
14.62	-0.00146142	9.99206e-09
14.63	-0.00145015	9.82517e-09
14.64	-0.00143898	9.6611e-09
14.65	-0.00142789	9.49979e-09
14.66	-0.00141689	9.34121e-09
14.67	-0.00140597	9.18531e-09
14.68	-0.00139514	9.03203e-09
14.69	-0.0013844	8.88134e-09
14.7	-0.00137374	8.73318e-09
14.71	-0.00136316	8.58753e-09
14.72	-0.00135267	8.44433e-09
14.73	-0.00134225	8.30354e-09
14.74	-0.00133192	8.16513e-09
14.75	-0.00132167	8.02904e-09
14.76	-0.0013115	7.89525e-09
14.77	-0.00130141	7.76371e-09
14.78	-0.0012914	7.63438e-09
14.79	-0.00128147	7.50723e-09
14.8	-0.00127161	7.38222e-09
14.81	-0.00126184	7.25931e-09
14.82	-0.00125213	7.13847e-09
14.83	-0.00124251	7.01967e-09
14.84	-0.00123296	6.90286e-09
14.85	-0.00122348	6.78801e-09
14.86	-0.00121408	6.67509e-09
14.87	-0.00120475	6.56407e-09
14.88	-0.0011955	6.45492e-09
14.89	-0.00118631	6.3476e-09
14.9	-0.0011772	6.24208e-09
14.91	-0.00116816	6.13833e-09
14.92	-0.00115919	6.03632e-09
14.93	-0.00115029	5.93603e-09
14.94	-0.00114146	5.83742e-09
14.95	-0.0011327	5.74046e-09
14.96	-0.00112401	5.64513e-09
14.97	-0.00111538	5.5514e-09
14.98	-0.00110682	5.45923e-09
14.99	-0.00109833	5.36862e-09
15	-0.0010899	5.27952e-09
15.01	-0.00108154	5.19192e-09
15.02	-0.00107325	5.10578e-09
15.03	-0.00106502	5.02109e-09
15.04	-0.00105685	4.93781e-09
15.05	-0.00104875	4.85593e-09
15.06	-0.00104071	4.77542e-09
15.07	-0.00103274	4.69626e-09
15.08	-0.00102482	4.61842e-09
15.09	-0.00101697	4.54188e-09
15.1	-0.00100918	4.46663e-09
15.11	-0.00100144	4.39263e-09
15.12	-0.000993773	4.31987e-09
15.13	-0.000986161	4.24832e-09
15.14	-0.000978608	4.17798e-09
15.15	-0.000971114	4.1088e-09
15.16	-0.000963678	4.04079e-09
15.17	-0.000956301	3.97391e-09
15.18	-0.00094898	3.90814e-09
15.19	-0.000941716	3.84348e-09
15.2	-0.000934509	3.77989e-09
15.21	-0.000927357	3.71737e-09
15.22	-0.000920261	3.65589e-09
15.23	-0.00091322	3.59543e-09
15.24	-0.000906234	3.53598e-09
15.25	-0.000899301	3.47753e-09
15.26	-0.000892423	3.42005e-09
15.27	-0.000885598	3.36353e-09
15.28	-0.000878826	3.30795e-09
15.29	-0.000872106	3.25329e-09
15.3	-0.000865438	3.19955e-09
15.31	-0.000858822	3.1467e-09
15.32	-0.000852257	3.09474e-09
15.33	-0.000845743	3.04364e-09
15.34	-0.00083928	2.99339e-09
15.35	-0.000832866	2.94397e-09
15.36	-0.000826502	2.89538e-09
15.37	-0.000820188	2.8476e-09
15.38	-0.000813922	2.80061e-09
15.39	-0.000807704	2.7544e-09
15.4	-0.000801535	2.70897e-09
15.41	-0.000795413	2.66428e-09
15.42	-0.000789339	2.62034e-09
15.43	-0.000783312	2.57714e-09
15.44	-0.000777331	2.53464e-09
15.45	-0.000771396	2.49286e-09
15.46	-0.000765507	2.45177e-09
15.47	-0.000759664	2.41136e-09
15.48	-0.000753866	2.37163e-09
15.49	-0.000748112	2.33255e-09
15.5	-0.000742403	2.29412e-09
15.51	-0.000736738	2.25633e-09
15.52	-0.000731117	2.21917e-09
15.53	-0.000725539	2.18262e-09
15.54	-0.000720004	2.14668e-09
15.55	-0.000714511	2.11134e-09
15.56	-0.000709061	2.07658e-09
15.57	-0.000703653	2.0424e-09
15.58	-0.000698287	2.00878e-09
15.59	-0.000692962	1.97572e-09
15.6	-0.000687678	1.94321e-09
15.61	-0.000682434	1.91124e-09
15.62	-0.000677231	1.8798e-09
15.63	-0.000672068	1.84888e-09
15.64	-0.000666945	1.81847e-09
15.65	-0.000661861	1.78856e-09
15.66	-0.000656816	1.75915e-09
15.67	-0.00065181	1.73023e-09
15.68	-0.000646842	1.70179e-09
15.69	-0.000641913	1.67381e-09
15.7	-0.000637021	1.6463e-09
15.71	-0.000632167	1.61924e-09
15.72	-0.000627351	1.59263e-09
15.73	-0.000622571	1.56646e-09
15.74	-0.000617828	1.54073e-09
15.75	-0.000613121	1.51542e-09
15.76	-0.000608451	1.49052e-09
15.77	-0.000603816	1.46604e-09
15.78	-0.000599217	1.44196e-09
15.79	-0.000594653	1.41828e-09
15.8	-0.000590124	1.39499e-09
15.81	-0.00058563	1.37209e-09
15.82	-0.00058117	1.34956e-09
15.83	-0.000576744	1.32741e-09
15.84	-0.000572353	1.30562e-09
15.85	-0.000567994	1.28419e-09
15.86	-0.00056367	1.26312e-09
15.87	-0.000559378	1.24239e-09
15.88	-0.000555119	1.222e-09
15.89	-0.000550893	1.20195e-09
15.9	-0.000546699	1.18223e-09
15.91	-0.000542537	1.16283e-09
15.92	-0.000538407	1.14376e-09
15.93	-0.000534308	1.125e-09
15.94	-0.000530241	1.10655e-09
15.95	-0.000526205	1.0884e-09
15.96	-0.000522199	1.07055e-09
15.97	-0.000518224	1.05299e-09
15.98	-0.00051428	1.03573e-09
15.99	-0.000510365	1.01874e-09
16	-0.000506481	1.00204e-09
16.01	-0.000502626	9.85614e-10
16.02	-0.0004988	9.69456e-10
16.03	-0.000495004	9.53564e-10
16.04	-0.000491236	9.37934e-10
16.05	-0.000487497	9.2256e-10
16.06	-0.000483787	9.07439e-10
16.07	-0.000480105	8.92567e-10
16.08	-0.000476451	8.77939e-10
16.09	-0.000472825	8.63551e-10
16.1	-0.000469226	8.494e-10
16.11	-0.000465654	8.35481e-10
16.12	-0.00046211	8.2179e-10
16.13	-0.000458593	8.08325e-10
16.14	-0.000455102	7.95081e-10
16.15	-0.000451638	7.82054e-10
16.16	-0.000448201	7.6924e-10
16.17	-0.000444789	7.56637e-10
16.18	-0.000441403	7.44241e-10
16.19	-0.000438043	7.32048e-10
16.2	-0.000434708	7.20055e-10
16.21	-0.000431399	7.08259e-10
16.22	-0.000428115	6.96656e-10
16.23	-0.000424855	6.85244e-10
16.24	-0.000421621	6.74018e-10
16.25	-0.00041841	6.62976e-10
16.26	-0.000415224	6.52116e-10
16.27	-0.000412063	6.41433e-10
16.28	-0.000408925	6.30925e-10
16.29	-0.00040581	6.20589e-10
16.3	-0.00040272	6.10423e-10
16.31	-0.000399653	6.00423e-10
16.32	-0.000396608	5.90587e-10
16.33	-0.000393587	5.80911e-10
16.34	-0.000390589	5.71394e-10
16.35	-0.000387613	5.62033e-10
16.36	-0.00038466	5.52825e-10
16.37	-0.000381729	5.43767e-10
16.38	-0.00037882	5.34858e-10
16.39	-0.000375933	5.26094e-10
16.4	-0.000373068	5.17473e-10
16.41	-0.000370224	5.08994e-10
16.42	-0.000367402	5.00653e-10
16.43	-0.000364601	4.92448e-10
16.44	-0.000361821	4.84378e-10
16.45	-0.000359062	4.76439e-10
16.46	-0.000356324	4.6863e-10
16.47	-0.000353606	4.60948e-10
16.48	-0.000350909	4.53392e-10
16.49	-0.000348232	4.45959e-10
16.5	-0.000345575	4.38648e-10
16.51	-0.000342938	4.31455e-10
16.52	-0.00034032	4.24381e-10
16.53	-0.000337723	4.17421e-10
16.54	-0.000335144	4.10575e-10
16.55	-0.000332586	4.03841e-10
16.56	-0.000330046	3.97217e-10
16.57	-0.000327525	3.90701e-10
16.58	-0.000325023	3.84291e-10
16.59	-0.00032254	3.77985e-10
16.6	-0.000320075	3.71782e-10
16.61	-0.000317629	3.65681e-10
16.62	-0.000315201	3.59678e-10
16.63	-0.000312792	3.53774e-10
16.64	-0.0003104	3.47965e-10
16.65	-0.000308026	3.42252e-10
16.66	-0.000305669	3.36631e-10
16.67	-0.000303331	3.31102e-10
16.68	-0.000301009	3.25663e-10
16.69	-0.000298705	3.20312e-10
16.7	-0.000296418	3.15049e-10
16.71	-0.000294149	3.09871e-10
16.72	-0.000291896	3.04777e-10
16.73	-0.000289659	2.99766e-10
16.74	-0.00028744	2.94837e-10
16.75	-0.000285236	2.89988e-10
16.76	-0.00028305	2.85218e-10
16.77	-0.000280879	2.80525e-10
16.78	-0.000278724	2.75909e-10
16.79	-0.000276586	2.71368e-10
16.8	-0.000274463	2.669e-10
16.81	-0.000272356	2.62505e-10
16.82	-0.000270264	2.58182e-10
16.83	-0.000268188	2.53929e-10
16.84	-0.000266128	2.49745e-10
16.85	-0.000264082	2.45628e-10
16.86	-0.000262052	2.41579e-10
16.87	-0.000260036	2.37596e-10
16.88	-0.000258036	2.33677e-10
16.89	-0.00025605	2.29821e-10
16.9	-0.000254079	2.26029e-10
16.91	-0.000252122	2.22298e-10
16.92	-0.00025018	2.18627e-10
16.93	-0.000248252	2.15016e-10
16.94	-0.000246338	2.11464e-10
16.95	-0.000244438	2.07969e-10
16.96	-0.000242552	2.04531e-10
16.97	-0.00024068	2.01148e-10
16.98	-0.000238822	1.97821e-10
16.99	-0.000236977	1.94547e-10
17	-0.000235146	1.91327e-10
17.01	-0.000233328	1.88159e-10
17.02	-0.000231523	1.85042e-10
17.03	-0.000229732	1.81975e-10
17.04	-0.000227953	1.78959e-10
17.05	-0.000226188	1.75991e-10
17.06	-0.000224435	1.73071e-10
17.07	-0.000222696	1.70199e-10
17.08	-0.000220968	1.67373e-10
17.09	-0.000219254	1.64593e-10
17.1	-0.000217552	1.61857e-10
17.11	-0.000215862	1.59167e-10
17.12	-0.000214184	1.56519e-10
17.13	-0.000212519	1.53915e-10
17.14	-0.000210866	1.51353e-10
17.15	-0.000209224	1.48832e-10
17.16	-0.000207595	1.46352e-10
17.17	-0.000205977	1.43912e-10
17.18	-0.000204371	1.41512e-10
17.19	-0.000202777	1.3915e-10
17.2	-0.000201194	1.36827e-10
17.21	-0.000199622	1.34541e-10
17.22	-0.000198062	1.32293e-10
17.23	-0.000196513	1.3008e-10
17.24	-0.000194975	1.27904e-10
17.25	-0.000193448	1.25762e-10
17.26	-0.000191932	1.23656e-10
17.27	-0.000190427	1.21583e-10
17.28	-0.000188933	1.19544e-10
17.29	-0.000187449	1.17538e-10
17.3	-0.000185976	1.15564e-10
17.31	-0.000184514	1.13622e-10
17.32	-0.000183061	1.11711e-10
17.33	-0.00018162	1.09832e-10
17.34	-0.000180188	1.07983e-10
17.35	-0.000178767	1.06163e-10
17.36	-0.000177355	1.04373e-10
17.37	-0.000175954	1.02612e-10
17.38	-0.000174563	1.0088e-10
17.39	-0.000173181	9.91753e-11
17.4	-0.00017181	9.74982e-11
17.41	-0.000170448	9.58483e-11
17.42	-0.000169095	9.4225e-11
17.43	-0.000167752	9.2628e-11
17.44	-0.000166419	9.10567e-11
17.45	-0.000165095	8.95108e-11
17.46	-0.00016378	8.79899e-11
17.47	-0.000162474	8.64936e-11
17.48	-0.000161178	8.50214e-11
17.49	-0.000159891	8.3573e-11
17.5	-0.000158612	8.2148e-11
17.51	-0.000157343	8.0746e-11
17.52	-0.000156082	7.93666e-11
17.53	-0.00015483	7.80095e-11
17.54	-0.000153587	7.66744e-11
17.55	-0.000152353	7.53608e-11
17.56	-0.000151127	7.40684e-11
17.57	-0.000149909	7.27968e-11
17.58	-0.0001487	7.15459e-11
17.59	-0.000147499	7.03151e-11
17.6	-0.000146307	6.91042e-11
17.61	-0.000145123	6.79128e-11
17.62	-0.000143947	6.67407e-11
17.63	-0.000142779	6.55875e-11
17.64	-0.000141618	6.44529e-11
17.65	-0.000140466	6.33367e-11
17.66	-0.000139322	6.22385e-11
17.67	-0.000138186	6.1158e-11
17.68	-0.000137057	6.0095e-11
17.69	-0.000135936	5.90492e-11
17.7	-0.000134823	5.80202e-11
17.71	-0.000133717	5.70079e-11
17.72	-0.000132618	5.60119e-11
17.73	-0.000131527	5.5032e-11
17.74	-0.000130444	5.4068e-11
17.75	-0.000129368	5.31195e-11
17.76	-0.000128298	5.21864e-11
17.77	-0.000127237	5.12683e-11
17.78	-0.000126182	5.03651e-11
17.79	-0.000125134	4.94765e-11
17.8	-0.000124093	4.86022e-11
17.81	-0.000123059	4.77421e-11
17.82	-0.000122032	4.68959e-11
17.83	-0.000121012	4.60634e-11
17.84	-0.000119999	4.52443e-11
17.85	-0.000118992	4.44385e-11
17.86	-0.000117992	4.36458e-11
17.87	-0.000116998	4.28659e-11
17.88	-0.000116012	4.20985e-11
17.89	-0.000115031	4.13437e-11
17.9	-0.000114057	4.0601e-11
17.91	-0.000113089	3.98704e-11
17.92	-0.000112128	3.91516e-11
17.93	-0.000111172	3.84444e-11
17.94	-0.000110223	3.77487e-11
17.95	-0.00010928	3.70643e-11
17.96	-0.000108344	3.6391e-11
17.97	-0.000107413	3.57286e-11
17.98	-0.000106488	3.50769e-11
17.99	-0.000105569	3.44359e-11
18	-0.000104656	3.38052e-11
18.01	-0.000103749	3.31848e-11
18.02	-0.000102847	3.25744e-11
18.03	-0.000101952	3.1974e-11
18.04	-0.000101061	3.13833e-11
18.05	-0.000100177	3.08022e-11
18.06	-9.92981e-05	3.02305e-11
18.07	-9.84246e-05	2.96682e-11
18.08	-9.75567e-05	2.9115e-11
18.09	-9.66941e-05	2.85709e-11
18.1	-9.5837e-05	2.80355e-11
18.11	-9.49851e-05	2.75089e-11
18.12	-9.41385e-05	2.69909e-11
18.13	-9.32971e-05	2.64814e-11
18.14	-9.24609e-05	2.59801e-11
18.15	-9.16298e-05	2.54871e-11
18.16	-9.08037e-05	2.50021e-11
18.17	-8.99827e-05	2.4525e-11
18.18	-8.91667e-05	2.40557e-11
18.19	-8.83556e-05	2.35941e-11
18.2	-8.75494e-05	2.314e-11
18.21	-8.67481e-05	2.26934e-11
18.22	-8.59515e-05	2.22541e-11
18.23	-8.51597e-05	2.1822e-11
18.24	-8.43726e-05	2.1397e-11
18.25	-8.35902e-05	2.0979e-11
18.26	-8.28123e-05	2.05678e-11
18.27	-8.20391e-05	2.01634e-11
18.28	-8.12704e-05	1.97657e-11
18.29	-8.05061e-05	1.93745e-11
18.3	-7.97463e-05	1.89898e-11
18.31	-7.8991e-05	1.86114e-11
18.32	-7.82399e-05	1.82392e-11
18.33	-7.74932e-05	1.78732e-11
18.34	-7.67508e-05	1.75133e-11
18.35	-7.60126e-05	1.71593e-11
18.36	-7.52785e-05	1.68111e-11
18.37	-7.45487e-05	1.64688e-11
18.38	-7.38229e-05	1.61321e-11
18.39	-7.31012e-05	1.5801e-11
18.4	-7.23835e-05	1.54755e-11
18.41	-7.16699e-05	1.51553e-11
18.42	-7.09601e-05	1.48405e-11
18.43	-7.02543e-05	1.4531e-11
18.44	-6.95523e-05	1.42266e-11
18.45	-6.88542e-05	1.39273e-11
18.46	-6.81598e-05	1.36331e-11
18.47	-6.74692e-05	1.33437e-11
18.48	-6.67823e-05	1.30593e-11
18.49	-6.60991e-05	1.27796e-11
18.5	-6.54195e-05	1.25046e-11
18.51	-6.47435e-05	1.22343e-11
18.52	-6.4071e-05	1.19685e-11
18.53	-6.34021e-05	1.17073e-11
18.54	-6.27366e-05	1.14505e-11
18.55	-6.20746e-05	1.1198e-11
18.56	-6.1416e-05	1.09498e-11
18.57	-6.07608e-05	1.07059e-11
18.58	-6.01089e-05	1.04661e-11
18.59	-5.94603e-05	1.02305e-11
18.6	-5.8815e-05	9.99884e-12
18.61	-5.81728e-05	9.7712e-12
18.62	-5.75339e-05	9.54747e-12
18.63	-5.68981e-05	9.32761e-12
18.64	-5.62655e-05	9.11155e-12
18.65	-5.56359e-05	8.89923e-12
18.66	-5.50094e-05	8.6906e-12
18.67	-5.43858e-05	8.48561e-12
18.68	-5.37653e-05	8.28419e-12
18.69	-5.31477e-05	8.08631e-12
18.7	-5.2533e-05	7.89189e-12
18.71	-5.19212e-05	7.7009e-12
18.72	-5.13122e-05	7.51328e-12
18.73	-5.0706e-05	7.32898e-12
18.74	-5.01026e-05	7.14795e-12
18.75	-4.95019e-05	6.97015e-12
18.76	-4.8904e-05	6.79552e-12
18.77	-4.83087e-05	6.62402e-12
18.78	-4.7716e-05	6.45561e-12
18.79	-4.7126e-05	6.29024e-12
18.8	-4.65385e-05	6.12786e-12
18.81	-4.59536e-05	5.96844e-12
18.82	-4.53711e-05	5.81193e-12
18.83	-4.47912e-05	5.65828e-12
18.84	-4.42137e-05	5.50746e-12
18.85	-4.36386e-05	5.35943e-12
18.86	-4.30659e-05	5.21414e-12
18.87	-4.24955e-05	5.07156e-12
18.88	-4.19274e-05	4.93165e-12
18.89	-4.13616e-05	4.79437e-12
18.9	-4.07981e-05	4.65969e-12
18.91	-4.02368e-05	4.52756e-12
18.92	-3.96777e-05	4.39796e-12
18.93	-3.91208e-05	4.27084e-12
18.94	-3.8566e-05	4.14618e-12
18.95	-3.80132e-05	4.02394e-12
18.96	-3.74626e-05	3.90408e-12
18.97	-3.6914e-05	3.78658e-12
18.98	-3.63674e-05	3.67139e-12
18.99	-3.58227e-05	3.5585e-12
19	-3.528e-05	3.44787e-12
19.01	-3.47393e-05	3.33947e-12
19.02	-3.42004e-05	3.23326e-12
19.03	-3.36634e-05	3.12923e-12
19.04	-3.31282e-05	3.02734e-12
19.05	-3.25948e-05	2.92756e-12
19.06	-3.20632e-05	2.82987e-12
19.07	-3.15333e-05	2.73424e-12
19.08	-3.10051e-05	2.64064e-12
19.09	-3.04786e-05	2.54905e-12
19.1	-2.99538e-05	2.45944e-12
19.11	-2.94306e-05	2.37179e-12
19.12	-2.89089e-05	2.28607e-12
19.13	-2.83889e-05	2.20225e-12
19.14	-2.78704e-05	2.12032e-12
19.15	-2.73534e-05	2.04026e-12
19.16	-2.68379e-05	1.96203e-12
19.17	-2.63238e-05	1.88561e-12
19.18	-2.58112e-05	1.811e-12
19.19	-2.52999e-05	1.73815e-12
19.2	-2.479e-05	1.66706e-12
19.21	-2.42815e-05	1.5977e-12
19.22	-2.37743e-05	1.53006e-12
19.23	-2.32683e-05	1.46411e-12
19.24	-2.27637e-05	1.39983e-12
19.25	-2.22602e-05	1.3372e-12
19.26	-2.1758e-05	1.27622e-12
19.27	-2.12569e-05	1.21685e-12
19.28	-2.0757e-05	1.15908e-12
19.29	-2.02582e-05	1.1029e-12
19.3	-1.97605e-05	1.04829e-12
19.31	-1.92639e-05	9.95228e-13
19.32	-1.87683e-05	9.43701e-13
19.33	-1.82737e-05	8.93694e-13
19.34	-1.77801e-05	8.45192e-13
19.35	-1.72875e-05	7.9818e-13
19.36	-1.67958e-05	7.52642e-13
19.37	-1.6305e-05	7.08566e-13
19.38	-1.5815e-05	6.65938e-13
19.39	-1.5326e-05	6.24743e-13
19.4	-1.48377e-05	5.84968e-13
19.41	-1.43503e-05	5.46602e-13
19.42	-1.38636e-05	5.09631e-13
19.43	-1.33777e-05	4.74044e-13
19.44	-1.28925e-05	4.39828e-13
19.45	-1.2408e-05	4.06973e-13
19.46	-1.19242e-05	3.75467e-13
19.47	-1.1441e-05	3.45299e-13
19.48	-1.09584e-05	3.16459e-13
19.49	-1.04764e-05	2.88936e-13
19.5	-9.99499e-06	2.62722e-13
19.51	-9.5141e-06	2.37805e-13
19.52	-9.03373e-06	2.14178e-13
19.53	-8.55384e-06	1.9183e-13
19.54	-8.0744e-06	1.70754e-13
19.55	-7.59541e-06	1.50941e-13
19.56	-7.11682e-06	1.32384e-13
19.57	-6.63861e-06	1.15073e-13
19.58	-6.16076e-06	9.90018e-14
19.59	-5.68324e-06	8.41634e-14
19.6	-5.20603e-06	7.05506e-14
19.61	-4.72909e-06	5.81567e-14
19.62	-4.25241e-06	4.69756e-14
19.63	-3.77596e-06	3.7001e-14
19.64	-3.29971e-06	2.82272e-14
19.65	-2.82363e-06	2.06486e-14
19.66	-2.34771e-06	1.42601e-14
19.67	-1.87191e-06	9.05654e-15
19.68	-1.39622e-06	5.03333e-15
19.69	-9.20595e-07	2.18598e-15
19.7	-4.45023e-07	5.10308e-16
19.71	3.05251e-08	2.39851e-18
19.72	5.06075e-07	6.58591e-16
19.73	9.81652e-07	2.47549e-15
19.74	1.45728e-06	5.44995e-15
19.75	1.93299e-06	9.5791e-15
19.76	2.4088e-06	1.48603e-14
19.77	2.88474e-06	2.12912e-14
19.78	3.36083e-06	2.88696e-14
19.79	3.83711e-06	3.75938e-14
19.8	4.31359e-06	4.74621e-14
19.81	4.7903e-06	5.84731e-14
19.82	5.26726e-06	7.06257e-14
19.83	5.74451e-06	8.3919e-14
19.84	6.22206e-06	9.83525e-14
19.85	6.69995e-06	1.13926e-13
19.86	7.17819e-06	1.30639e-13
19.87	7.65682e-06	1.48491e-13
19.88	8.13586e-06	1.67484e-13
19.89	8.61533e-06	1.87618e-13
19.9	9.09526e-06	2.08893e-13
19.91	9.57567e-06	2.31311e-13
19.92	1.00566e-05	2.54873e-13
19.93	1.05381e-05	2.79581e-13
19.94	1.10201e-05	3.05436e-13
19.95	1.15027e-05	3.3244e-13
19.96	1.19859e-05	3.60597e-13
19.97	1.24698e-05	3.89908e-13
19.98	1.29543e-05	4.20376e-13
19.99	1.34395e-05	4.52005e-13
