0	0	-nan	-44.0186	inf	-inf	22.2927
0.01	2.69828e-14	4.14998e+06	-44.0186	4.15e+06	-0.149011	22.2927
0.02	-7.55523e-13	1.03748e+06	-44.0186	1.0375e+06	-0.0756259	22.2926
0.03	-8.01379e-12	461089	-44.0186	461111	-0.0511754	22.2925
0.04	-3.7127e-11	259353	-44.0186	259375	-0.0389587	22.2923
0.05	-1.18042e-10	165978	-44.0186	166000	-0.0316356	22.2921
0.06	-3.00127e-10	115256	-44.0186	115278	-0.0267594	22.2919
0.07	-6.57019e-10	84672.1	-44.0186	84693.9	-0.0232815	22.2915
0.08	-1.29148e-09	64822	-44.0186	64843.8	-0.0206777	22.2912
0.09	-2.34021e-09	51212.8	-44.0186	51234.6	-0.0186565	22.2908
0.1	-3.97875e-09	41478.3	-44.0186	41500	-0.0170434	22.2903
0.11	-6.42624e-09	34275.8	-44.0185	34297.5	-0.0157269	22.2898
0.12	-9.95029e-09	28797.7	-44.0185	28819.4	-0.0146331	22.2892
0.13	-1.48718e-08	24534.5	-44.0185	24556.2	-0.0137106	22.2886
0.14	-2.15698e-08	21151.7	-44.0185	21173.5	-0.0129227	22.288
0.15	-3.0486e-08	18422.7	-44.0185	18444.4	-0.0122426	22.2872
0.16	-4.21303e-08	16189.2	-44.0185	16210.9	-0.01165	22.2865
0.17	-5.70845e-08	14338.1	-44.0185	14359.9	-0.0111296	22.2857
0.18	-7.60081e-08	12786.9	-44.0185	12808.6	-0.0106693	22.2848
0.19	-9.96425e-08	11474.1	-44.0185	11495.8	-0.0102598	22.2839
0.2	-1.28816e-07	10353.3	-44.0184	10375	-0.00989335	22.283
0.21	-1.64448e-07	9388.68	-44.0184	9410.43	-0.00956391	22.282
0.22	-2.07554e-07	8552.63	-44.0184	8574.38	-0.00926646	22.2809
0.23	-2.59253e-07	7823.24	-44.0184	7844.99	-0.00899685	22.2798
0.24	-3.20765e-07	7183.11	-44.0184	7204.86	-0.00875163	22.2787
0.25	-3.93425e-07	6618.25	-44.0184	6640	-0.0085279	22.2775
0.26	-4.78681e-07	6117.3	-44.0184	6139.05	-0.0083232	22.2762
0.27	-5.781e-07	5670.98	-44.0184	5692.73	-0.00813545	22.2749
0.28	-6.93375e-07	5271.61	-44.0183	5293.37	-0.00796286	22.2736
0.29	-8.26327e-07	4912.85	-44.0183	4934.6	-0.00780389	22.2722
0.3	-9.78911e-07	4589.36	-44.0183	4611.11	-0.00765719	22.2708
0.31	-1.15322e-06	4296.66	-44.0183	4318.42	-0.00752161	22.2693
0.32	-1.35149e-06	4030.98	-44.0183	4052.73	-0.00739613	22.2677
0.33	-1.57611e-06	3789.08	-44.0183	3810.84	-0.00727984	22.2662
0.34	-1.8296e-06	3568.2	-44.0183	3589.97	-0.00717198	22.2645
0.35	-2.11467e-06	3365.99	-44.0182	3387.76	-0.00707182	22.2628
0.36	-2.43416e-06	3180.4	-44.0182	3202.16	-0.00697877	22.2611
0.37	-2.79109e-06	3009.64	-44.0182	3031.41	-0.00689225	22.2593
0.38	-3.18865e-06	2852.19	-44.0182	2873.96	-0.00681179	22.2575
0.39	-3.6302e-06	2706.7	-44.0182	2728.47	-0.00673692	22.2556
0.4	-4.11929e-06	2571.98	-44.0182	2593.75	-0.00666727	22.2537
0.41	-4.65963e-06	2447	-44.0182	2468.77	-0.00660246	22.2517
0.42	-5.25513e-06	2330.83	-44.0181	2352.61	-0.00654217	22.2497
0.43	-5.90991e-06	2222.68	-44.0181	2244.46	-0.00648611	22.2476
0.44	-6.62826e-06	2121.82	-44.0181	2143.6	-0.00643401	22.2455
0.45	-7.41467e-06	2027.6	-44.0181	2049.38	-0.00638563	22.2433
0.46	-8.27385e-06	1939.46	-44.0181	1961.25	-0.00634074	22.2411
0.47	-9.21072e-06	1856.89	-44.0181	1878.68	-0.00629915	22.2388
0.48	-1.02304e-05	1779.43	-44.018	1801.22	-0.00626066	22.2365
0.49	-1.13382e-05	1706.66	-44.018	1728.45	-0.00622511	22.2341
0.5	-1.25398e-05	1638.21	-44.018	1660	-0.00619234	22.2317
0.51	-1.38408e-05	1573.75	-44.018	1595.54	-0.0061622	22.2293
0.52	-1.52474e-05	1512.97	-44.018	1534.76	-0.00613458	22.2267
0.53	-1.67657e-05	1455.59	-44.0179	1477.39	-0.00610933	22.2242
0.54	-1.84023e-05	1401.38	-44.0179	1423.18	-0.00608636	22.2216
0.55	-2.0164e-05	1350.1	-44.0179	1371.9	-0.00606555	22.2189
0.56	-2.20575e-05	1301.53	-44.0179	1323.34	-0.00604681	22.2162
0.57	-2.40903e-05	1255.51	-44.0179	1277.32	-0.00603005	22.2134
0.58	-2.62698e-05	1211.84	-44.0178	1233.65	-0.00601519	22.2106
0.59	-2.86036e-05	1170.37	-44.0178	1192.19	-0.00600216	22.2078
0.6	-3.10999e-05	1130.96	-44.0178	1152.78	-0.00599087	22.2049
0.61	-3.37669e-05	1093.47	-44.0178	1115.29	-0.00598126	22.2019
0.62	-3.6613e-05	1057.78	-44.0178	1079.6	-0.00597327	22.1989
0.63	-3.96471e-05	1023.78	-44.0177	1045.6	-0.00596685	22.1959
0.64	-4.28784e-05	991.353	-44.0177	1013.18	-0.00596193	22.1928
0.65	-4.6316e-05	960.414	-44.0177	982.249	-0.00595848	22.1896
0.66	-4.99698e-05	930.872	-44.0177	952.709	-0.00595643	22.1864
0.67	-5.38495e-05	902.642	-44.0176	924.482	-0.00595576	22.1832
0.68	-5.79655e-05	875.648	-44.0176	897.491	-0.00595641	22.1799
0.69	-6.23281e-05	849.819	-44.0176	871.666	-0.00595835	22.1765
0.7	-6.69483e-05	825.088	-44.0176	846.939	-0.00596154	22.1731
0.71	-7.18372e-05	801.396	-44.0175	823.249	-0.00596595	22.1697
0.72	-7.70061e-05	778.683	-44.0175	800.54	-0.00597155	22.1662
0.73	-8.24667e-05	756.897	-44.0175	778.758	-0.0059783	22.1627
0.74	-8.82311e-05	735.988	-44.0175	757.852	-0.00598619	22.1591
0.75	-9.43117e-05	715.91	-44.0174	737.778	-0.00599518	22.1554
0.76	-0.000100721	696.619	-44.0174	718.49	-0.00600526	22.1518
0.77	-0.000107472	678.074	-44.0174	699.949	-0.00601639	22.148
0.78	-0.000114578	660.238	-44.0174	682.117	-0.00602856	22.1442
0.79	-0.000122053	643.075	-44.0173	664.958	-0.00604175	22.1404
0.8	-0.00012991	626.551	-44.0173	648.437	-0.00605593	22.1365
0.81	-0.000138165	610.635	-44.0173	632.526	-0.0060711	22.1326
0.82	-0.000146831	595.297	-44.0172	617.192	-0.00608724	22.1286
0.83	-0.000155923	580.511	-44.0172	602.41	-0.00610432	22.1246
0.84	-0.000165457	566.249	-44.0172	588.152	-0.00612234	22.1205
0.85	-0.000175448	552.488	-44.0172	574.394	-0.00614129	22.1164
0.86	-0.000185913	539.203	-44.0171	561.114	-0.00616114	22.1122
0.87	-0.000196868	526.374	-44.0171	548.289	-0.0061819	22.108
0.88	-0.000208329	513.979	-44.0171	535.899	-0.00620354	22.1037
0.89	-0.000220313	502	-44.017	523.924	-0.00622607	22.0994
0.9	-0.000232838	490.417	-44.017	512.346	-0.00624946	22.095
0.91	-0.000245922	479.215	-44.017	501.147	-0.00627372	22.0906
0.92	-0.000259582	468.375	-44.0169	490.312	-0.00629883	22.0861
0.93	-0.000273838	457.883	-44.0169	479.824	-0.00632479	22.0816
0.94	-0.000288707	447.723	-44.0169	469.67	-0.00635159	22.0771
0.95	-0.00030421	437.883	-44.0168	459.834	-0.00637923	22.0724
0.96	-0.000320365	428.348	-44.0168	450.304	-0.00640769	22.0678
0.97	-0.000337193	419.107	-44.0167	441.067	-0.00643699	22.0631
0.98	-0.000354714	410.147	-44.0167	432.112	-0.0064671	22.0583
0.99	-0.000372948	401.457	-44.0167	423.426	-0.00649803	22.0535
1	-0.000391917	393.025	-44.0166	415	-0.00652977	22.0486
1.01	-0.000411642	384.843	-44.0166	406.823	-0.00656233	22.0437
1.02	-0.000432146	376.901	-44.0166	398.885	-0.00659569	22.0388
1.03	-0.000453449	369.188	-44.0165	391.177	-0.00662986	22.0338
1.04	-0.000475575	361.696	-44.0165	383.691	-0.00666484	22.0287
1.05	-0.000498547	354.418	-44.0164	376.417	-0.00670062	22.0236
1.06	-0.000522388	347.344	-44.0164	369.349	-0.0067372	22.0185
1.07	-0.000547121	340.467	-44.0163	362.477	-0.00677459	22.0133
1.08	-0.000572772	333.781	-44.0163	355.796	-0.00681277	22.008
1.09	-0.000599364	327.277	-44.0163	349.297	-0.00685176	22.0027
1.1	-0.000626923	320.949	-44.0162	342.975	-0.00689155	21.9974
1.11	-0.000655473	314.792	-44.0162	336.823	-0.00693215	21.992
1.12	-0.00068504	308.799	-44.0161	330.835	-0.00697355	21.9865
1.13	-0.000715651	302.964	-44.0161	325.006	-0.00701576	21.9811
1.14	-0.000747332	297.281	-44.016	319.329	-0.00705878	21.9755
1.15	-0.00078011	291.746	-44.016	313.8	-0.0071026	21.9699
1.16	-0.000814013	286.354	-44.0159	308.413	-0.00714724	21.9643
1.17	-0.000849067	281.099	-44.0159	303.163	-0.00719269	21.9586
1.18	-0.000885301	275.976	-44.0158	298.047	-0.00723896	21.9529
1.19	-0.000922743	270.982	-44.0158	293.058	-0.00728606	21.9471
1.2	-0.000961423	266.113	-44.0157	288.194	-0.00733397	21.9412
1.21	-0.00100137	261.363	-44.0157	283.451	-0.00738271	21.9354
1.22	-0.00104261	256.729	-44.0156	278.823	-0.00743229	21.9294
1.23	-0.00108518	252.208	-44.0156	274.308	-0.0074827	21.9234
1.24	-0.00112911	247.796	-44.0155	269.901	-0.00753395	21.9174
1.25	-0.00117442	243.488	-44.0155	265.6	-0.00758604	21.9113
1.26	-0.00122116	239.283	-44.0154	261.401	-0.00763898	21.9052
1.27	-0.00126934	235.177	-44.0153	257.301	-0.00769278	21.899
1.28	-0.00131901	231.166	-44.0153	253.296	-0.00774743	21.8928
1.29	-0.00137019	227.248	-44.0152	249.384	-0.00780295	21.8865
1.3	-0.00142293	223.419	-44.0152	245.562	-0.00785934	21.8802
1.31	-0.00147724	219.678	-44.0151	241.827	-0.0079166	21.8738
1.32	-0.00153317	216.022	-44.015	238.177	-0.00797475	21.8674
1.33	-0.00159075	212.447	-44.015	234.609	-0.00803378	21.861
1.34	-0.00165001	208.952	-44.0149	231.121	-0.00809371	21.8544
1.35	-0.00171099	205.534	-44.0149	227.709	-0.00815454	21.8479
1.36	-0.00177373	202.191	-44.0148	224.373	-0.00821628	21.8413
1.37	-0.00183826	198.921	-44.0147	221.109	-0.00827893	21.8346
1.38	-0.00190462	195.721	-44.0147	217.916	-0.0083425	21.8279
1.39	-0.00197283	192.59	-44.0146	214.792	-0.008407	21.8211
1.4	-0.00204295	189.526	-44.0145	211.735	-0.00847244	21.8143
1.41	-0.00211501	186.526	-44.0144	208.742	-0.00853882	21.8075
1.42	-0.00218904	183.59	-44.0144	205.812	-0.00860616	21.8005
1.43	-0.00226508	180.715	-44.0143	202.944	-0.00867446	21.7936
1.44	-0.00234318	177.899	-44.0142	200.135	-0.00874372	21.7866
1.45	-0.00242336	175.141	-44.0141	197.384	-0.00881397	21.7795
1.46	-0.00250568	172.439	-44.0141	194.689	-0.0088852	21.7724
1.47	-0.00259017	169.792	-44.014	192.05	-0.00895742	21.7653
1.48	-0.00267686	167.198	-44.0139	189.463	-0.00903065	21.7581
1.49	-0.00276581	164.656	-44.0138	186.929	-0.0091049	21.7508
1.5	-0.00285705	162.165	-44.0138	184.444	-0.00918016	21.7435
1.51	-0.00295062	159.723	-44.0137	182.01	-0.00925646	21.7362
1.52	-0.00304656	157.328	-44.0136	179.623	-0.00933381	21.7288
1.53	-0.00314493	154.981	-44.0135	177.282	-0.0094122	21.7213
1.54	-0.00324575	152.678	-44.0134	174.987	-0.00949166	21.7138
1.55	-0.00334907	150.42	-44.0133	172.737	-0.0095722	21.7063
1.56	-0.00345494	148.205	-44.0132	170.529	-0.00965381	21.6987
1.57	-0.00356339	146.032	-44.0132	168.364	-0.00973653	21.6911
1.58	-0.00367448	143.9	-44.0131	166.239	-0.00982035	21.6834
1.59	-0.00378825	141.808	-44.013	164.155	-0.00990529	21.6756
1.6	-0.00390473	139.754	-44.0129	162.109	-0.00999135	21.6679
1.61	-0.00402399	137.739	-44.0128	160.102	-0.0100786	21.66
1.62	-0.00414605	135.761	-44.0127	158.131	-0.0101669	21.6521
1.63	-0.00427097	133.818	-44.0126	156.197	-0.0102564	21.6442
1.64	-0.0043988	131.911	-44.0125	154.298	-0.0103472	21.6362
1.65	-0.00452957	130.039	-44.0124	152.433	-0.010439	21.6282
1.66	-0.00466334	128.2	-44.0123	150.602	-0.0105321	21.6201
1.67	-0.00480016	126.393	-44.0122	148.804	-0.0106264	21.612
1.68	-0.00494007	124.619	-44.0121	147.038	-0.010722	21.6038
1.69	-0.00508312	122.876	-44.012	145.303	-0.0108188	21.5956
1.7	-0.00522935	121.163	-44.0119	143.599	-0.0109168	21.5873
1.71	-0.00537882	119.48	-44.0117	141.924	-0.0110161	21.579
1.72	-0.00553158	117.826	-44.0116	140.279	-0.0111167	21.5706
1.73	-0.00568767	116.201	-44.0115	138.661	-0.0112186	21.5622
1.74	-0.00584714	114.603	-44.0114	137.072	-0.0113218	21.5537
1.75	-0.00601005	113.033	-44.0113	135.51	-0.0114263	21.5452
1.76	-0.00617644	111.489	-44.0112	133.975	-0.0115321	21.5366
1.77	-0.00634637	109.97	-44.011	132.465	-0.0116394	21.528
1.78	-0.00651988	108.478	-44.0109	130.981	-0.0117479	21.5193
1.79	-0.00669703	107.01	-44.0108	129.522	-0.0118579	21.5106
1.8	-0.00687786	105.566	-44.0107	128.086	-0.0119693	21.5019
1.81	-0.00706244	104.145	-44.0105	126.675	-0.0120821	21.4931
1.82	-0.0072508	102.748	-44.0104	125.287	-0.0121963	21.4842
1.83	-0.00744301	101.374	-44.0103	123.921	-0.012312	21.4753
1.84	-0.00763912	100.022	-44.0101	122.578	-0.0124291	21.4663
1.85	-0.00783917	98.6912	-44.01	121.256	-0.0125478	21.4573
1.86	-0.00804323	97.3818	-44.0099	119.956	-0.0126679	21.4483
1.87	-0.00825134	96.0932	-44.0097	118.677	-0.0127895	21.4392
1.88	-0.00846356	94.8249	-44.0096	117.417	-0.0129127	21.43
1.89	-0.00867995	93.5765	-44.0094	116.178	-0.0130375	21.4208
1.9	-0.00890055	92.3476	-44.0093	114.958	-0.0131638	21.4116
1.91	-0.00912543	91.1377	-44.0091	113.758	-0.0132917	21.4023
1.92	-0.00935463	89.9465	-44.009	112.576	-0.0134212	21.3929
1.93	-0.00958821	88.7735	-44.0088	111.412	-0.0135523	21.3835
1.94	-0.00982623	87.6185	-44.0087	110.267	-0.0136851	21.3741
1.95	-0.0100687	86.481	-44.0085	109.139	-0.0138196	21.3646
1.96	-0.0103158	85.3606	-44.0084	108.028	-0.0139557	21.355
1.97	-0.0105675	84.2571	-44.0082	106.934	-0.0140935	21.3454
1.98	-0.0108238	83.1701	-44.008	105.857	-0.0142331	21.3358
1.99	-0.0110848	82.0992	-44.0079	104.795	-0.0143744	21.3261
2	-0.0113506	81.0442	-44.0077	103.75	-0.0145175	21.3164
2.01	-0.0116213	80.0046	-44.0075	102.72	-0.0146624	21.3066
2.02	-0.0118968	78.9803	-44.0073	101.706	-0.0148091	21.2967
2.03	-0.0121773	77.9709	-44.0072	100.706	-0.0149576	21.2868
2.04	-0.0124628	76.9761	-44.007	99.7213	-0.015108	21.2769
2.05	-0.0127533	75.9956	-44.0068	98.7507	-0.0152602	21.2669
2.06	-0.0130489	75.0292	-44.0066	97.7943	-0.0154144	21.2569
2.07	-0.0133498	74.0766	-44.0064	96.8517	-0.0155704	21.2468
2.08	-0.0136558	73.1374	-44.0062	95.9227	-0.0157285	21.2367
2.09	-0.0139672	72.2116	-44.006	95.007	-0.0158884	21.2265
2.1	-0.0142839	71.2987	-44.0058	94.1043	-0.0160504	21.2163
2.11	-0.014606	70.3986	-44.0056	93.2144	-0.0162144	21.206
2.12	-0.0149335	69.511	-44.0054	92.3371	-0.0163804	21.1957
2.13	-0.0152666	68.6357	-44.0052	91.4722	-0.0165485	21.1853
2.14	-0.0156053	67.7724	-44.005	90.6193	-0.0167187	21.1749
2.15	-0.0159496	66.921	-44.0048	89.7783	-0.0168911	21.1644
2.16	-0.0162996	66.0812	-44.0046	88.9489	-0.0170655	21.1539
2.17	-0.0166554	65.2527	-44.0044	88.131	-0.0172421	21.1433
2.18	-0.017017	64.4355	-44.0041	87.3243	-0.0174209	21.1327
2.19	-0.0173844	63.6292	-44.0039	86.5286	-0.017602	21.122
2.2	-0.0177579	62.8337	-44.0037	85.7438	-0.0177853	21.1113
2.21	-0.0181373	62.0487	-44.0034	84.9696	-0.0179708	21.1006
2.22	-0.0185227	61.2742	-44.0032	84.2058	-0.0181587	21.0897
2.23	-0.0189143	60.5099	-44.003	83.4523	-0.0183489	21.0789
2.24	-0.0193121	59.7556	-44.0027	82.7089	-0.0185415	21.068
2.25	-0.0197161	59.0111	-44.0025	81.9753	-0.0187364	21.057
2.26	-0.0201263	58.2763	-44.0022	81.2515	-0.0189338	21.046
2.27	-0.020543	57.551	-44.002	80.5372	-0.0191336	21.0349
2.28	-0.020966	56.8351	-44.0017	79.8323	-0.0193359	21.0238
2.29	-0.0213956	56.1283	-44.0014	79.1366	-0.0195408	21.0127
2.3	-0.0218316	55.4305	-44.0012	78.4499	-0.0197481	21.0015
2.31	-0.0222743	54.7415	-44.0009	77.7722	-0.0199581	20.9902
2.32	-0.0227236	54.0613	-44.0006	77.1032	-0.0201706	20.9789
2.33	-0.0231796	53.3896	-44.0003	76.4427	-0.0203858	20.9676
2.34	-0.0236424	52.7263	-44.0001	75.7908	-0.0206036	20.9562
2.35	-0.0241121	52.0713	-43.9998	75.1471	-0.0208242	20.9447
2.36	-0.0245886	51.4243	-43.9995	74.5116	-0.0210475	20.9332
2.37	-0.0250721	50.7854	-43.9992	73.8842	-0.0212736	20.9217
2.38	-0.0255626	50.1543	-43.9989	73.2646	-0.0215024	20.9101
2.39	-0.0260601	49.5309	-43.9986	72.6528	-0.0217342	20.8984
2.4	-0.0265648	48.9151	-43.9983	72.0486	-0.0219687	20.8868
2.41	-0.0270767	48.3068	-43.9979	71.4519	-0.0222062	20.875
2.42	-0.0275958	47.7058	-43.9976	70.8626	-0.0224467	20.8632
2.43	-0.0281223	47.112	-43.9973	70.2806	-0.0226901	20.8514
2.44	-0.0286561	46.5253	-43.997	69.7057	-0.0229366	20.8395
2.45	-0.0291973	45.9456	-43.9966	69.1379	-0.0231861	20.8276
2.46	-0.029746	45.3727	-43.9963	68.5769	-0.0234388	20.8156
2.47	-0.0303023	44.8066	-43.996	68.0228	-0.0236945	20.8035
2.48	-0.0308661	44.2472	-43.9956	67.4753	-0.0239535	20.7915
2.49	-0.0314376	43.6943	-43.9952	66.9344	-0.0242156	20.7793
2.5	-0.0320169	43.1478	-43.9949	66.4	-0.024481	20.7671
2.51	-0.0326039	42.6076	-43.9945	65.872	-0.0247498	20.7549
2.52	-0.0331987	42.0737	-43.9942	65.3502	-0.0250218	20.7426
2.53	-0.0338014	41.5459	-43.9938	64.8346	-0.0252973	20.7303
2.54	-0.0344121	41.0241	-43.9934	64.3251	-0.0255761	20.7179
2.55	-0.0350308	40.5083	-43.993	63.8216	-0.0258585	20.7055
2.56	-0.0356575	39.9983	-43.9926	63.324	-0.0261443	20.693
2.57	-0.0362924	39.494	-43.9922	62.8321	-0.0264337	20.6805
2.58	-0.0369354	38.9954	-43.9918	62.346	-0.0267267	20.6679
2.59	-0.0375867	38.5024	-43.9914	61.8655	-0.0270233	20.6553
2.6	-0.0382463	38.0149	-43.991	61.3905	-0.0273237	20.6427
2.61	-0.0389142	37.5328	-43.9905	60.921	-0.0276278	20.6299
2.62	-0.0395905	37.056	-43.9901	60.4568	-0.0279356	20.6172
2.63	-0.0402752	36.5844	-43.9897	59.998	-0.0282473	20.6044
2.64	-0.0409685	36.118	-43.9892	59.5443	-0.0285629	20.5915
2.65	-0.0416703	35.6567	-43.9888	59.0958	-0.0288824	20.5786
2.66	-0.0423807	35.2004	-43.9883	58.6523	-0.0292059	20.5656
2.67	-0.0430998	34.749	-43.9879	58.2137	-0.0295334	20.5526
2.68	-0.0438276	34.3024	-43.9874	57.7801	-0.029865	20.5396
2.69	-0.0445642	33.8607	-43.9869	57.3513	-0.0302008	20.5264
2.7	-0.0453096	33.4236	-43.9864	56.9273	-0.0305407	20.5133
2.71	-0.0460639	32.9912	-43.9859	56.5079	-0.0308849	20.5001
2.72	-0.0468272	32.5634	-43.9854	56.0932	-0.0312333	20.4868
2.73	-0.0475994	32.14	-43.9849	55.683	-0.0315862	20.4735
2.74	-0.0483806	31.7211	-43.9844	55.2773	-0.0319434	20.4602
2.75	-0.049171	31.3066	-43.9839	54.876	-0.032305	20.4468
2.76	-0.0499704	30.8964	-43.9834	54.4791	-0.0326712	20.4333
2.77	-0.0507791	30.4904	-43.9828	54.0865	-0.033042	20.4198
2.78	-0.051597	30.0886	-43.9823	53.698	-0.0334174	20.4063
2.79	-0.0524242	29.691	-43.9817	53.3138	-0.0337974	20.3927
2.8	-0.0532607	29.2974	-43.9812	52.9337	-0.0341823	20.379
2.81	-0.0541065	28.9078	-43.9806	52.5576	-0.0345719	20.3653
2.82	-0.0549619	28.5221	-43.98	52.1855	-0.0349664	20.3516
2.83	-0.0558266	28.1404	-43.9794	51.8174	-0.0353658	20.3378
2.84	-0.0567009	27.7625	-43.9788	51.4531	-0.0357703	20.324
2.85	-0.0575848	27.3883	-43.9782	51.0926	-0.0361798	20.3101
2.86	-0.0584783	27.0179	-43.9776	50.736	-0.0365944	20.2961
2.87	-0.0593814	26.6512	-43.977	50.383	-0.0370142	20.2822
2.88	-0.0602942	26.2881	-43.9763	50.0338	-0.0374393	20.2681
2.89	-0.0612168	25.9286	-43.9757	49.6881	-0.0378696	20.254
2.9	-0.0621492	25.5726	-43.975	49.346	-0.0383054	20.2399
2.91	-0.0630914	25.2201	-43.9744	49.0075	-0.0387466	20.2257
2.92	-0.0640434	24.871	-43.9737	48.6724	-0.0391934	20.2115
2.93	-0.0650054	24.5252	-43.973	48.3407	-0.0396457	20.1972
2.94	-0.0659773	24.1829	-43.9723	48.0124	-0.0401038	20.1829
2.95	-0.0669592	23.8438	-43.9716	47.6874	-0.0405675	20.1685
2.96	-0.0679512	23.5079	-43.9709	47.3658	-0.0410371	20.1541
2.97	-0.0689532	23.1753	-43.9702	47.0474	-0.0415126	20.1396
2.98	-0.0699653	22.8458	-43.9694	46.7321	-0.041994	20.1251
2.99	-0.0709876	22.5194	-43.9687	46.4201	-0.0424815	20.1105
3	-0.0720201	22.1961	-43.9679	46.1111	-0.0429751	20.0959
3.01	-0.0730627	21.8758	-43.9672	45.8052	-0.0434748	20.0812
3.02	-0.0741157	21.5585	-43.9664	45.5024	-0.0439809	20.0665
3.03	-0.0751789	21.2442	-43.9656	45.2025	-0.0444933	20.0517
3.04	-0.0762524	20.9328	-43.9648	44.9056	-0.0450122	20.0369
3.05	-0.0773363	20.6242	-43.964	44.6117	-0.0455375	20.022
3.06	-0.0784306	20.3185	-43.9631	44.3206	-0.0460695	20.0071
3.07	-0.0795352	20.0156	-43.9623	44.0323	-0.0466082	19.9922
3.08	-0.0806504	19.7154	-43.9614	43.7468	-0.0471536	19.9772
3.09	-0.081776	19.418	-43.9606	43.4641	-0.0477059	19.9621
3.1	-0.0829121	19.1232	-43.9597	43.1842	-0.0482651	19.947
3.11	-0.0840588	18.8311	-43.9588	42.9069	-0.0488314	19.9318
3.12	-0.085216	18.5417	-43.9579	42.6323	-0.0494047	19.9166
3.13	-0.0863838	18.2548	-43.957	42.3603	-0.0499853	19.9014
3.14	-0.0875622	17.9704	-43.956	42.091	-0.0505733	19.8861
3.15	-0.0887513	17.6886	-43.9551	41.8241	-0.0511686	19.8707
3.16	-0.089951	17.4093	-43.9541	41.5598	-0.0517714	19.8553
3.17	-0.0911614	17.1324	-43.9531	41.2981	-0.0523818	19.8399
3.18	-0.0923825	16.8579	-43.9521	41.0387	-0.0529999	19.8244
3.19	-0.0936144	16.5859	-43.9511	40.7818	-0.0536257	19.8088
3.2	-0.094857	16.3162	-43.9501	40.5273	-0.0542595	19.7932
3.21	-0.0961103	16.0488	-43.9491	40.2752	-0.0549012	19.7776
3.22	-0.0973745	15.7838	-43.948	40.0255	-0.0555511	19.7619
3.23	-0.0986495	15.521	-43.9469	39.778	-0.0562091	19.7461
3.24	-0.0999352	15.2604	-43.9459	39.5328	-0.0568755	19.7303
3.25	-0.101232	15.0021	-43.9448	39.2899	-0.0575502	19.7145
3.26	-0.102539	14.746	-43.9436	39.0493	-0.0582334	19.6986
3.27	-0.103858	14.492	-43.9425	38.8108	-0.0589253	19.6827
3.28	-0.105187	14.2402	-43.9414	38.5745	-0.0596259	19.6667
3.29	-0.106527	13.9905	-43.9402	38.3404	-0.0603353	19.6506
3.3	-0.107878	13.7429	-43.939	38.1084	-0.0610538	19.6345
3.31	-0.10924	13.4973	-43.9378	37.8784	-0.0617812	19.6184
3.32	-0.110613	13.2537	-43.9366	37.6506	-0.0625179	19.6022
3.33	-0.111997	13.0122	-43.9353	37.4248	-0.0632638	19.586
3.34	-0.113391	12.7727	-43.9341	37.201	-0.0640192	19.5697
3.35	-0.114797	12.5351	-43.9328	36.9793	-0.0647842	19.5534
3.36	-0.116213	12.2994	-43.9315	36.7595	-0.0655588	19.537
3.37	-0.117641	12.0657	-43.9302	36.5417	-0.0663432	19.5206
3.38	-0.119079	11.8339	-43.9288	36.3258	-0.0671375	19.5041
3.39	-0.120529	11.6039	-43.9275	36.1118	-0.0679418	19.4876
3.4	-0.121989	11.3758	-43.9261	35.8997	-0.0687563	19.471
3.41	-0.12346	11.1495	-43.9247	35.6894	-0.0695811	19.4544
3.42	-0.124943	10.925	-43.9233	35.481	-0.0704164	19.4377
3.43	-0.126436	10.7023	-43.9219	35.2744	-0.0712622	19.421
3.44	-0.12794	10.4813	-43.9204	35.0696	-0.0721187	19.4042
3.45	-0.129455	10.2621	-43.9189	34.8666	-0.0729861	19.3874
3.46	-0.130981	10.0446	-43.9174	34.6654	-0.0738644	19.3705
3.47	-0.132518	9.82885	-43.9159	34.4659	-0.0747539	19.3536
3.48	-0.134066	9.61474	-43.9143	34.2681	-0.0756546	19.3367
3.49	-0.135624	9.40229	-43.9128	34.072	-0.0765667	19.3196
3.5	-0.137194	9.19148	-43.9112	33.8776	-0.0774904	19.3026
3.51	-0.138774	8.9823	-43.9095	33.6848	-0.0784258	19.2855
3.52	-0.140366	8.77472	-43.9079	33.4937	-0.079373	19.2683
3.53	-0.141968	8.56872	-43.9062	33.3042	-0.0803322	19.2511
3.54	-0.143581	8.3643	-43.9045	33.1163	-0.0813035	19.2338
3.55	-0.145204	8.16142	-43.9028	32.93	-0.0822872	19.2165
3.56	-0.146839	7.96007	-43.9011	32.7452	-0.0832833	19.1992
3.57	-0.148484	7.76024	-43.8993	32.562	-0.0842921	19.1818
3.58	-0.15014	7.56191	-43.8975	32.3804	-0.0853136	19.1643
3.59	-0.151807	7.36506	-43.8957	32.2002	-0.0863481	19.1468
3.6	-0.153484	7.16967	-43.8938	32.0216	-0.0873957	19.1293
3.61	-0.155172	6.97573	-43.8919	31.8444	-0.0884566	19.1117
3.62	-0.156871	6.78323	-43.89	31.6688	-0.089531	19.094
3.63	-0.15858	6.59214	-43.8881	31.4945	-0.0906189	19.0763
3.64	-0.1603	6.40245	-43.8861	31.3217	-0.0917207	19.0586
3.65	-0.16203	6.21414	-43.8841	31.1503	-0.0928364	19.0408
3.66	-0.163771	6.0272	-43.8821	30.9803	-0.0939662	19.0229
3.67	-0.165523	5.84162	-43.88	30.8117	-0.0951104	19.005
3.68	-0.167285	5.65738	-43.8779	30.6445	-0.0962692	18.9871
3.69	-0.169057	5.47447	-43.8758	30.4786	-0.0974426	18.9691
3.7	-0.170839	5.29286	-43.8737	30.3141	-0.0986309	18.9511
3.71	-0.172632	5.11256	-43.8715	30.1509	-0.0998342	18.933
3.72	-0.174435	4.93353	-43.8693	29.989	-0.101053	18.9149
3.73	-0.176249	4.75577	-43.867	29.8284	-0.102287	18.8967
3.74	-0.178072	4.57927	-43.8648	29.6691	-0.103537	18.8784
3.75	-0.179906	4.40402	-43.8624	29.5111	-0.104802	18.8602
3.76	-0.18175	4.22999	-43.8601	29.3543	-0.106084	18.8418
3.77	-0.183604	4.05717	-43.8577	29.1988	-0.107382	18.8234
3.78	-0.185468	3.88556	-43.8553	29.0445	-0.108696	18.805
3.79	-0.187342	3.71514	-43.8528	28.8915	-0.110027	18.7865
3.8	-0.189225	3.5459	-43.8503	28.7396	-0.111375	18.768
3.81	-0.191119	3.37782	-43.8478	28.5889	-0.11274	18.7494
3.82	-0.193022	3.2109	-43.8452	28.4395	-0.114123	18.7308
3.83	-0.194935	3.04512	-43.8426	28.2911	-0.115523	18.7121
3.84	-0.196858	2.88046	-43.84	28.144	-0.11694	18.6934
3.85	-0.19879	2.71693	-43.8373	27.998	-0.118376	18.6746
3.86	-0.200732	2.5545	-43.8346	27.8531	-0.11983	18.6558
3.87	-0.202684	2.39317	-43.8318	27.7093	-0.121302	18.637
3.88	-0.204644	2.23292	-43.829	27.5667	-0.122793	18.618
3.89	-0.206615	2.07374	-43.8262	27.4251	-0.124303	18.5991
3.9	-0.208594	1.91562	-43.8233	27.2847	-0.125832	18.5801
3.91	-0.210583	1.75856	-43.8203	27.1453	-0.127381	18.561
3.92	-0.21258	1.60254	-43.8174	27.007	-0.128949	18.5419
3.93	-0.214587	1.44754	-43.8143	26.8697	-0.130537	18.5227
3.94	-0.216603	1.29357	-43.8113	26.7335	-0.132145	18.5035
3.95	-0.218628	1.14061	-43.8082	26.5983	-0.133773	18.4842
3.96	-0.220661	0.988641	-43.805	26.4641	-0.135423	18.4649
3.97	-0.222703	0.837667	-43.8018	26.331	-0.137093	18.4456
3.98	-0.224754	0.687673	-43.7986	26.1988	-0.138784	18.4262
3.99	-0.226814	0.538649	-43.7953	26.0677	-0.140497	18.4067
4	-0.228882	0.390587	-43.7919	25.9375	-0.142231	18.3872
4.01	-0.230958	0.243476	-43.7885	25.8083	-0.143987	18.3677
4.02	-0.233043	0.0973082	-43.7851	25.6801	-0.145766	18.3481
4.03	-0.235136	-0.0479265	-43.7815	25.5528	-0.147567	18.3284
4.04	-0.237237	-0.192237	-43.778	25.4264	-0.149391	18.3087
4.05	-0.239347	-0.335631	-43.7744	25.301	-0.151238	18.289
4.06	-0.241464	-0.478119	-43.7707	25.1765	-0.153109	18.2692
4.07	-0.243589	-0.619708	-43.767	25.053	-0.155003	18.2493
4.08	-0.245722	-0.760408	-43.7632	24.9303	-0.156921	18.2294
4.09	-0.247862	-0.900226	-43.7594	24.8086	-0.158864	18.2095
4.1	-0.25001	-1.03917	-43.7555	24.6877	-0.160831	18.1895
4.11	-0.252166	-1.17725	-43.7516	24.5677	-0.162823	18.1695
4.12	-0.254329	-1.31447	-43.7476	24.4486	-0.16484	18.1494
4.13	-0.256499	-1.45084	-43.7435	24.3303	-0.166882	18.1292
4.14	-0.258676	-1.58638	-43.7394	24.2129	-0.168951	18.109
4.15	-0.260861	-1.72107	-43.7352	24.0964	-0.171045	18.0888
4.16	-0.263052	-1.85495	-43.731	23.9807	-0.173166	18.0685
4.17	-0.26525	-1.988	-43.7267	23.8658	-0.175314	18.0482
4.18	-0.267455	-2.12024	-43.7223	23.7517	-0.177489	18.0278
4.19	-0.269667	-2.25168	-43.7179	23.6385	-0.179692	18.0074
4.2	-0.271885	-2.38232	-43.7134	23.5261	-0.181922	17.9869
4.21	-0.274109	-2.51217	-43.7088	23.4144	-0.184181	17.9664
4.22	-0.27634	-2.64123	-43.7042	23.3036	-0.186468	17.9458
4.23	-0.278577	-2.76953	-43.6995	23.1936	-0.188784	17.9252
4.24	-0.280819	-2.89705	-43.6947	23.0843	-0.191129	17.9045
4.25	-0.283068	-3.02381	-43.6899	22.9758	-0.193504	17.8838
4.26	-0.285322	-3.14981	-43.6849	22.868	-0.195908	17.863
4.27	-0.287582	-3.27506	-43.68	22.7611	-0.198343	17.8422
4.28	-0.289848	-3.39957	-43.6749	22.6548	-0.200809	17.8213
4.29	-0.292119	-3.52334	-43.6698	22.5493	-0.203305	17.8004
4.3	-0.294395	-3.64639	-43.6645	22.4446	-0.205834	17.7794
4.31	-0.296676	-3.7687	-43.6592	22.3405	-0.208393	17.7584
4.32	-0.298962	-3.8903	-43.6539	22.2372	-0.210986	17.7373
4.33	-0.301253	-4.01119	-43.6484	22.1346	-0.21361	17.7162
4.34	-0.303549	-4.13136	-43.6429	22.0327	-0.216268	17.6951
4.35	-0.305849	-4.25084	-43.6373	21.9316	-0.218959	17.6739
4.36	-0.308154	-4.36962	-43.6316	21.8311	-0.221684	17.6526
4.37	-0.310463	-4.48771	-43.6258	21.7313	-0.224443	17.6313
4.38	-0.312776	-4.60512	-43.62	21.6322	-0.227237	17.6099
4.39	-0.315093	-4.72185	-43.614	21.5337	-0.230066	17.5885
4.4	-0.317414	-4.8379	-43.608	21.436	-0.23293	17.5671
4.41	-0.319738	-4.95328	-43.6019	21.3388	-0.235831	17.5456
4.42	-0.322066	-5.068	-43.5956	21.2424	-0.238767	17.524
4.43	-0.324398	-5.18207	-43.5893	21.1466	-0.241741	17.5024
4.44	-0.326732	-5.29548	-43.5829	21.0515	-0.244751	17.4807
4.45	-0.32907	-5.40824	-43.5764	20.9569	-0.247799	17.459
4.46	-0.33141	-5.52035	-43.5698	20.8631	-0.250886	17.4373
4.47	-0.333754	-5.63183	-43.5632	20.7698	-0.254011	17.4155
4.48	-0.3361	-5.74267	-43.5564	20.6772	-0.257175	17.3937
4.49	-0.338448	-5.85289	-43.5495	20.5852	-0.260378	17.3718
4.5	-0.340799	-5.96248	-43.5425	20.4938	-0.263622	17.3498
4.51	-0.343152	-6.07144	-43.5354	20.403	-0.266906	17.3278
4.52	-0.345506	-6.1798	-43.5282	20.3129	-0.27023	17.3058
4.53	-0.347863	-6.28754	-43.5209	20.2233	-0.273597	17.2837
4.54	-0.350221	-6.39467	-43.5135	20.1343	-0.277005	17.2616
4.55	-0.35258	-6.50119	-43.506	20.0459	-0.280455	17.2394
4.56	-0.354941	-6.60712	-43.4984	19.9581	-0.283949	17.2171
4.57	-0.357303	-6.71246	-43.4906	19.8708	-0.287486	17.1948
4.58	-0.359666	-6.8172	-43.4828	19.7841	-0.291066	17.1725
4.59	-0.362029	-6.92135	-43.4748	19.698	-0.294692	17.1501
4.6	-0.364393	-7.02492	-43.4667	19.6125	-0.298362	17.1277
4.61	-0.366757	-7.12791	-43.4585	19.5275	-0.302077	17.1052
4.62	-0.369122	-7.23032	-43.4502	19.443	-0.305839	17.0827
4.63	-0.371487	-7.33216	-43.4418	19.3591	-0.309647	17.0601
4.64	-0.373851	-7.43343	-43.4332	19.2758	-0.313502	17.0375
4.65	-0.376215	-7.53413	-43.4245	19.193	-0.317405	17.0148
4.66	-0.378579	-7.63427	-43.4157	19.1107	-0.321356	16.9921
4.67	-0.380942	-7.73385	-43.4067	19.0289	-0.325355	16.9693
4.68	-0.383304	-7.83288	-43.3976	18.9477	-0.329404	16.9465
4.69	-0.385665	-7.93135	-43.3884	18.867	-0.333503	16.9236
4.7	-0.388024	-8.02927	-43.3791	18.7868	-0.337652	16.9007
4.71	-0.390382	-8.12665	-43.3696	18.7071	-0.341853	16.8777
4.72	-0.392739	-8.22348	-43.36	18.6279	-0.346104	16.8547
4.73	-0.395093	-8.31977	-43.3502	18.5492	-0.350408	16.8316
4.74	-0.397446	-8.41552	-43.3403	18.471	-0.354765	16.8085
4.75	-0.399796	-8.51073	-43.3303	18.3934	-0.359175	16.7853
4.76	-0.402144	-8.60542	-43.3201	18.3161	-0.363639	16.7621
4.77	-0.404489	-8.69957	-43.3097	18.2394	-0.368157	16.7389
4.78	-0.406832	-8.7932	-43.2992	18.1632	-0.372731	16.7156
4.79	-0.409171	-8.8863	-43.2886	18.0874	-0.37736	16.6922
4.8	-0.411507	-8.97888	-43.2778	18.0122	-0.382046	16.6688
4.81	-0.41384	-9.07093	-43.2668	17.9373	-0.386789	16.6453
4.82	-0.416169	-9.16247	-43.2557	17.863	-0.391589	16.6218
4.83	-0.418494	-9.2535	-43.2444	17.7891	-0.396448	16.5983
4.84	-0.420815	-9.34401	-43.233	17.7157	-0.401365	16.5747
4.85	-0.423132	-9.43401	-43.2214	17.6427	-0.406343	16.551
4.86	-0.425444	-9.5235	-43.2096	17.5702	-0.41138	16.5273
4.87	-0.427752	-9.61248	-43.1976	17.4981	-0.416478	16.5036
4.88	-0.430055	-9.70096	-43.1855	17.4264	-0.421638	16.4798
4.89	-0.432353	-9.78894	-43.1732	17.3552	-0.42686	16.4559
4.9	-0.434645	-9.87641	-43.1607	17.2845	-0.432145	16.432
4.91	-0.436932	-9.96338	-43.1481	17.2141	-0.437493	16.4081
4.92	-0.439213	-10.0499	-43.1353	17.1442	-0.442905	16.3841
4.93	-0.441488	-10.1358	-43.1222	17.0747	-0.448383	16.36
4.94	-0.443757	-10.2213	-43.109	17.0057	-0.453926	16.3359
4.95	-0.44602	-10.3063	-43.0956	16.937	-0.459535	16.3118
4.96	-0.448276	-10.3908	-43.082	16.8688	-0.465211	16.2876
4.97	-0.450525	-10.4748	-43.0682	16.801	-0.470955	16.2634
4.98	-0.452768	-10.5583	-43.0543	16.7336	-0.476767	16.2391
4.99	-0.455003	-10.6414	-43.0401	16.6666	-0.482648	16.2148
5	-0.45723	-10.7239	-43.0257	16.6	-0.488599	16.1904
5.01	-0.45945	-10.806	-43.0111	16.5338	-0.494621	16.1659
5.02	-0.461662	-10.8875	-42.9963	16.468	-0.500713	16.1414
5.03	-0.463866	-10.9686	-42.9813	16.4026	-0.506878	16.1169
5.04	-0.466062	-11.0492	-42.966	16.3376	-0.513115	16.0923
5.05	-0.468249	-11.1294	-42.9506	16.2729	-0.519426	16.0677
5.06	-0.470427	-11.209	-42.9349	16.2087	-0.525811	16.043
5.07	-0.472596	-11.2882	-42.919	16.1448	-0.532271	16.0183
5.08	-0.474756	-11.3669	-42.9029	16.0813	-0.538806	15.9935
5.09	-0.476907	-11.4451	-42.8865	16.0182	-0.545418	15.9687
5.1	-0.479048	-11.5228	-42.8699	15.9554	-0.552106	15.9438
5.11	-0.481179	-11.6001	-42.8531	15.893	-0.558873	15.9189
5.12	-0.4833	-11.6768	-42.836	15.831	-0.565718	15.8939
5.13	-0.48541	-11.7531	-42.8187	15.7693	-0.572643	15.8689
5.14	-0.48751	-11.8289	-42.8012	15.708	-0.579647	15.8438
5.15	-0.4896	-11.9043	-42.7834	15.6471	-0.586733	15.8187
5.16	-0.491678	-11.9792	-42.7653	15.5865	-0.5939	15.7936
5.17	-0.493745	-12.0535	-42.747	15.5263	-0.601149	15.7683
5.18	-0.495801	-12.1275	-42.7284	15.4664	-0.608482	15.7431
5.19	-0.497845	-12.2009	-42.7096	15.4068	-0.615899	15.7178
5.2	-0.499877	-12.2739	-42.6905	15.3476	-0.6234	15.6924
5.21	-0.501897	-12.3464	-42.6711	15.2888	-0.630987	15.667
5.22	-0.503904	-12.4184	-42.6515	15.2303	-0.63866	15.6415
5.23	-0.505899	-12.4899	-42.6316	15.1721	-0.64642	15.616
5.24	-0.507881	-12.561	-42.6114	15.1142	-0.654268	15.5905
5.25	-0.509851	-12.6315	-42.5909	15.0567	-0.662204	15.5649
5.26	-0.511807	-12.7016	-42.5701	14.9995	-0.67023	15.5392
5.27	-0.513749	-12.7713	-42.5491	14.9426	-0.678345	15.5135
5.28	-0.515678	-12.8404	-42.5277	14.8861	-0.686552	15.4878
5.29	-0.517593	-12.9091	-42.5061	14.8298	-0.69485	15.462
5.3	-0.519493	-12.9773	-42.4841	14.7739	-0.703241	15.4361
5.31	-0.52138	-13.045	-42.4618	14.7183	-0.711725	15.4102
5.32	-0.523252	-13.1122	-42.4392	14.6631	-0.720303	15.3843
5.33	-0.525109	-13.179	-42.4163	14.6081	-0.728975	15.3583
5.34	-0.526951	-13.2452	-42.3931	14.5534	-0.737743	15.3322
5.35	-0.528777	-13.311	-42.3696	14.4991	-0.746608	15.3061
5.36	-0.530589	-13.3763	-42.3457	14.445	-0.755569	15.28
5.37	-0.532384	-13.4411	-42.3215	14.3913	-0.764628	15.2538
5.38	-0.534164	-13.5054	-42.297	14.3378	-0.773786	15.2276
5.39	-0.535927	-13.5692	-42.2721	14.2847	-0.783043	15.2013
5.4	-0.537675	-13.6326	-42.2469	14.2318	-0.792399	15.1749
5.41	-0.539405	-13.6954	-42.2214	14.1793	-0.801857	15.1485
5.42	-0.541119	-13.7578	-42.1955	14.127	-0.811416	15.1221
5.43	-0.542816	-13.8196	-42.1692	14.075	-0.821077	15.0956
5.44	-0.544496	-13.881	-42.1425	14.0233	-0.830842	15.0691
5.45	-0.546158	-13.9419	-42.1155	13.9719	-0.84071	15.0425
5.46	-0.547803	-14.0022	-42.0882	13.9208	-0.850682	15.0159
5.47	-0.549429	-14.0621	-42.0604	13.8699	-0.860759	14.9892
5.48	-0.551038	-14.1214	-42.0323	13.8193	-0.870943	14.9625
5.49	-0.552629	-14.1803	-42.0038	13.769	-0.881232	14.9357
5.5	-0.554201	-14.2387	-41.9749	13.719	-0.891629	14.9089
5.51	-0.555754	-14.2965	-41.9456	13.6693	-0.902134	14.882
5.52	-0.557288	-14.3538	-41.9159	13.6198	-0.912747	14.8551
5.53	-0.558803	-14.4105	-41.8858	13.5706	-0.923469	14.8282
5.54	-0.560299	-14.4666	-41.8553	13.5216	-0.934302	14.8014
5.55	-0.561776	-14.5219	-41.8244	13.4729	-0.945244	14.7748
5.56	-0.563233	-14.5766	-41.7931	13.4245	-0.956298	14.7482
5.57	-0.56467	-14.6307	-41.7613	13.3764	-0.967463	14.7217
5.58	-0.566086	-14.6841	-41.7291	13.3285	-0.978741	14.6953
5.59	-0.567483	-14.7368	-41.6965	13.2808	-0.990132	14.6691
5.6	-0.568859	-14.7888	-41.6634	13.2334	-1.00164	14.6429
5.61	-0.570214	-14.8402	-41.6299	13.1863	-1.01325	14.6168
5.62	-0.571548	-14.8908	-41.596	13.1394	-1.02499	14.5907
5.63	-0.572862	-14.9408	-41.5616	13.0928	-1.03683	14.5648
5.64	-0.574154	-14.9901	-41.5267	13.0464	-1.0488	14.539
5.65	-0.575424	-15.0388	-41.4914	13.0002	-1.06088	14.5133
5.66	-0.576673	-15.0867	-41.4556	12.9543	-1.07307	14.4876
5.67	-0.5779	-15.1339	-41.4193	12.9087	-1.08539	14.4621
5.68	-0.579106	-15.1805	-41.3826	12.8633	-1.09782	14.4366
5.69	-0.580289	-15.2263	-41.3453	12.8181	-1.11037	14.4112
5.7	-0.581449	-15.2715	-41.3076	12.7732	-1.12303	14.386
5.71	-0.582588	-15.316	-41.2694	12.7285	-1.13582	14.3608
5.72	-0.583703	-15.3597	-41.2306	12.684	-1.14872	14.3357
5.73	-0.584796	-15.4027	-41.1914	12.6398	-1.16175	14.3106
5.74	-0.585866	-15.4451	-41.1516	12.5958	-1.17489	14.2857
5.75	-0.586912	-15.4867	-41.1114	12.552	-1.18816	14.2609
5.76	-0.587935	-15.5276	-41.0706	12.5084	-1.20154	14.2361
5.77	-0.588935	-15.5677	-41.0292	12.4651	-1.21505	14.2114
5.78	-0.589911	-15.6072	-40.9874	12.422	-1.22867	14.1869
5.79	-0.590864	-15.6459	-40.945	12.3792	-1.24242	14.1623
5.8	-0.591792	-15.6839	-40.902	12.3365	-1.25629	14.1379
5.81	-0.592696	-15.7211	-40.8585	12.2941	-1.27028	14.1136
5.82	-0.593577	-15.7576	-40.8144	12.2519	-1.28439	14.0893
5.83	-0.594432	-15.7934	-40.7698	12.2099	-1.29862	14.0652
5.84	-0.595264	-15.8284	-40.7246	12.1681	-1.31298	14.0411
5.85	-0.59607	-15.8626	-40.6788	12.1265	-1.32745	14.0171
5.86	-0.596852	-15.8961	-40.6324	12.0852	-1.34205	13.9932
5.87	-0.597609	-15.9289	-40.5855	12.044	-1.35677	13.9693
5.88	-0.598341	-15.9609	-40.5379	12.0031	-1.37161	13.9456
5.89	-0.599048	-15.9921	-40.4898	11.9624	-1.38657	13.9219
5.9	-0.599729	-16.0225	-40.441	11.9219	-1.40165	13.8983
5.91	-0.600386	-16.0522	-40.3917	11.8816	-1.41686	13.8748
5.92	-0.601016	-16.0811	-40.3417	11.8414	-1.43218	13.8514
5.93	-0.601621	-16.1091	-40.2911	11.8015	-1.44763	13.828
5.94	-0.602201	-16.1364	-40.2398	11.7618	-1.46319	13.8047
5.95	-0.602754	-16.1629	-40.1879	11.7223	-1.47888	13.7815
5.96	-0.603282	-16.1886	-40.1354	11.683	-1.49468	13.7584
5.97	-0.603784	-16.2135	-40.0822	11.6439	-1.5106	13.7353
5.98	-0.604259	-16.2376	-40.0284	11.605	-1.52665	13.7124
5.99	-0.604709	-16.2609	-39.9739	11.5663	-1.54281	13.6895
6	-0.605132	-16.2834	-39.9187	11.5278	-1.55908	13.6667
6.01	-0.605528	-16.305	-39.8629	11.4894	-1.57548	13.6439
6.02	-0.605899	-16.3258	-39.8064	11.4513	-1.59199	13.6213
6.03	-0.606242	-16.3457	-39.7491	11.4134	-1.60862	13.5987
6.04	-0.606559	-16.3649	-39.6913	11.3756	-1.62536	13.5762
6.05	-0.60685	-16.3831	-39.6327	11.338	-1.64221	13.5537
6.06	-0.607114	-16.4005	-39.5734	11.3006	-1.65918	13.5314
6.07	-0.60735	-16.4171	-39.5133	11.2634	-1.67626	13.5091
6.08	-0.607561	-16.4328	-39.4526	11.2264	-1.69345	13.4868
6.09	-0.607744	-16.4476	-39.3912	11.1896	-1.71075	13.4647
6.1	-0.6079	-16.4616	-39.329	11.1529	-1.72816	13.4426
6.11	-0.608029	-16.4747	-39.2661	11.1164	-1.74568	13.4206
6.12	-0.608131	-16.4869	-39.2024	11.0801	-1.7633	13.3987
6.13	-0.608206	-16.4982	-39.138	11.044	-1.78103	13.3768
6.14	-0.608254	-16.5086	-39.0729	11.0081	-1.79886	13.355
6.15	-0.608275	-16.5181	-39.007	10.9723	-1.8168	13.3333
6.16	-0.608268	-16.5267	-38.9403	10.9367	-1.83484	13.3117
6.17	-0.608235	-16.5344	-38.8728	10.9013	-1.85297	13.2901
6.18	-0.608174	-16.5412	-38.8046	10.866	-1.87121	13.2686
6.19	-0.608086	-16.547	-38.7356	10.831	-1.88954	13.2472
6.2	-0.60797	-16.5519	-38.6658	10.796	-1.90797	13.2258
6.21	-0.607827	-16.5559	-38.5952	10.7613	-1.92649	13.2045
6.22	-0.607657	-16.559	-38.5239	10.7267	-1.9451	13.1833
6.23	-0.60746	-16.561	-38.4517	10.6923	-1.9638	13.1621
6.24	-0.607236	-16.5622	-38.3787	10.6581	-1.98259	13.141
6.25	-0.606984	-16.5623	-38.3049	10.624	-2.00146	13.12
6.26	-0.606705	-16.5615	-38.2303	10.5901	-2.02041	13.099
6.27	-0.606398	-16.5598	-38.1548	10.5563	-2.03945	13.0781
6.28	-0.606065	-16.557	-38.0785	10.5227	-2.05857	13.0573
6.29	-0.605704	-16.5533	-38.0014	10.4893	-2.07776	13.0366
6.3	-0.605316	-16.5486	-37.9234	10.456	-2.09702	13.0159
6.31	-0.604901	-16.5428	-37.8446	10.4229	-2.11636	12.9952
6.32	-0.604459	-16.5361	-37.765	10.39	-2.13577	12.9747
6.33	-0.603989	-16.5284	-37.6845	10.3572	-2.15524	12.9542
6.34	-0.603493	-16.5196	-37.6031	10.3245	-2.17477	12.9338
6.35	-0.60297	-16.5098	-37.5208	10.292	-2.19437	12.9134
6.36	-0.602419	-16.499	-37.4377	10.2597	-2.21402	12.8931
6.37	-0.601842	-16.4872	-37.3538	10.2275	-2.23373	12.8728
6.38	-0.601238	-16.4743	-37.2689	10.1955	-2.2535	12.8527
6.39	-0.600608	-16.4603	-37.1832	10.1636	-2.27331	12.8326
6.4	-0.59995	-16.4454	-37.0965	10.1318	-2.29316	12.8125
6.41	-0.599266	-16.4293	-37.009	10.1002	-2.31306	12.7925
6.42	-0.598556	-16.4122	-36.9206	10.0688	-2.333	12.7726
6.43	-0.597819	-16.394	-36.8313	10.0375	-2.35297	12.7527
6.44	-0.597056	-16.3748	-36.7411	10.0064	-2.37298	12.7329
6.45	-0.596266	-16.3544	-36.6499	9.97536	-2.39301	12.7132
6.46	-0.59545	-16.333	-36.5579	9.9445	-2.41307	12.6935
6.47	-0.594608	-16.3104	-36.465	9.91379	-2.43315	12.6739
6.48	-0.59374	-16.2868	-36.3711	9.88321	-2.45325	12.6543
6.49	-0.592847	-16.2621	-36.2763	9.85278	-2.47336	12.6348
6.5	-0.591927	-16.2362	-36.1806	9.82249	-2.49349	12.6154
6.51	-0.590982	-16.2093	-36.084	9.79233	-2.51362	12.596
6.52	-0.590011	-16.1812	-35.9865	9.76232	-2.53374	12.5767
6.53	-0.589015	-16.152	-35.888	9.73244	-2.55387	12.5574
6.54	-0.587994	-16.1216	-35.7886	9.7027	-2.57399	12.5382
6.55	-0.586947	-16.0901	-35.6882	9.6731	-2.5941	12.5191
6.56	-0.585875	-16.0575	-35.5869	9.64363	-2.61419	12.5
6.57	-0.584779	-16.0237	-35.4847	9.61429	-2.63427	12.481
6.58	-0.583658	-15.9888	-35.3816	9.58509	-2.65432	12.462
6.59	-0.582512	-15.9527	-35.2775	9.55602	-2.67434	12.4431
6.6	-0.581341	-15.9154	-35.1724	9.52709	-2.69432	12.4242
6.61	-0.580147	-15.877	-35.0665	9.49828	-2.71427	12.4054
6.62	-0.578928	-15.8374	-34.9596	9.46961	-2.73417	12.3867
6.63	-0.577685	-15.7966	-34.8517	9.44107	-2.75403	12.368
6.64	-0.576419	-15.7547	-34.7429	9.41265	-2.77383	12.3494
6.65	-0.575128	-15.7115	-34.6331	9.38436	-2.79358	12.3308
6.66	-0.573815	-15.6672	-34.5224	9.3562	-2.81326	12.3123
6.67	-0.572478	-15.6217	-34.4108	9.32817	-2.83287	12.2939
6.68	-0.571118	-15.5749	-34.2982	9.30026	-2.85241	12.2754
6.69	-0.569735	-15.527	-34.1847	9.27248	-2.87187	12.2571
6.7	-0.568329	-15.4779	-34.0703	9.24482	-2.89124	12.2388
6.71	-0.566901	-15.4275	-33.9549	9.21729	-2.91053	12.2206
6.72	-0.56545	-15.376	-33.8385	9.18987	-2.92972	12.2024
6.73	-0.563977	-15.3232	-33.7212	9.16258	-2.94881	12.1842
6.74	-0.562482	-15.2692	-33.603	9.13542	-2.96779	12.1662
6.75	-0.560966	-15.214	-33.4839	9.10837	-2.98666	12.1481
6.76	-0.559427	-15.1576	-33.3638	9.08144	-3.00542	12.1302
6.77	-0.557868	-15.1	-33.2428	9.05463	-3.02405	12.1123
6.78	-0.556287	-15.0411	-33.1209	9.02794	-3.04256	12.0944
6.79	-0.554686	-14.981	-32.998	9.00137	-3.06093	12.0766
6.8	-0.553064	-14.9197	-32.8743	8.97491	-3.07916	12.0588
6.81	-0.551421	-14.8571	-32.7496	8.94857	-3.09724	12.0411
6.82	-0.549758	-14.7933	-32.624	8.92235	-3.11517	12.0235
6.83	-0.548075	-14.7283	-32.4975	8.89624	-3.13295	12.0059
6.84	-0.546372	-14.6621	-32.3701	8.87025	-3.15056	11.9883
6.85	-0.54465	-14.5946	-32.2418	8.84437	-3.168	11.9708
6.86	-0.542909	-14.5259	-32.1126	8.8186	-3.18527	11.9534
6.87	-0.541148	-14.4559	-31.9825	8.79295	-3.20236	11.936
6.88	-0.539369	-14.3848	-31.8515	8.76741	-3.21926	11.9186
6.89	-0.537571	-14.3124	-31.7197	8.74198	-3.23597	11.9013
6.9	-0.535754	-14.2387	-31.587	8.71666	-3.25248	11.8841
6.91	-0.53392	-14.1639	-31.4534	8.69145	-3.26879	11.8669
6.92	-0.532068	-14.0878	-31.3189	8.66634	-3.28489	11.8497
6.93	-0.530198	-14.0104	-31.1836	8.64135	-3.30077	11.8326
6.94	-0.528311	-13.9319	-31.0475	8.61647	-3.31643	11.8156
6.95	-0.526407	-13.8521	-30.9105	8.59169	-3.33186	11.7986
6.96	-0.524486	-13.7712	-30.7727	8.56702	-3.34706	11.7816
6.97	-0.522549	-13.689	-30.6341	8.54245	-3.36202	11.7647
6.98	-0.520595	-13.6056	-30.4947	8.51799	-3.37674	11.7479
6.99	-0.518626	-13.521	-30.3544	8.49364	-3.3912	11.731
7	-0.516641	-13.4351	-30.2134	8.46939	-3.40541	11.7143
7.01	-0.51464	-13.3481	-30.0716	8.44524	-3.41936	11.6976
7.02	-0.512624	-13.2599	-29.929	8.4212	-3.43304	11.6809
7.03	-0.510594	-13.1705	-29.7856	8.39726	-3.44645	11.6643
7.04	-0.508548	-13.0799	-29.6415	8.37342	-3.45958	11.6477
7.05	-0.506489	-12.9881	-29.4966	8.34968	-3.47243	11.6312
7.06	-0.504415	-12.8952	-29.351	8.32604	-3.48499	11.6147
7.07	-0.502328	-12.8011	-29.2047	8.30251	-3.49726	11.5983
7.08	-0.500227	-12.7058	-29.0576	8.27907	-3.50922	11.5819
7.09	-0.498113	-12.6094	-28.9098	8.25573	-3.52089	11.5656
7.1	-0.495986	-12.5118	-28.7614	8.23249	-3.53224	11.5493
7.11	-0.493847	-12.4131	-28.6123	8.20935	-3.54328	11.5331
7.12	-0.491695	-12.3133	-28.4625	8.18631	-3.554	11.5169
7.13	-0.489532	-12.2123	-28.312	8.16336	-3.5644	11.5007
7.14	-0.487356	-12.1103	-28.1609	8.14051	-3.57447	11.4846
7.15	-0.485169	-12.0071	-28.0092	8.11776	-3.58421	11.4685
7.16	-0.482971	-11.9028	-27.8568	8.0951	-3.59361	11.4525
7.17	-0.480762	-11.7974	-27.7038	8.07253	-3.60266	11.4365
7.18	-0.478543	-11.691	-27.5503	8.05006	-3.61138	11.4206
7.19	-0.476313	-11.5835	-27.3962	8.02768	-3.61974	11.4047
7.2	-0.474073	-11.4749	-27.2415	8.0054	-3.62775	11.3889
7.21	-0.471824	-11.3653	-27.0862	7.98321	-3.6354	11.3731
7.22	-0.469565	-11.2547	-26.9305	7.96111	-3.6427	11.3573
7.23	-0.467298	-11.143	-26.7742	7.9391	-3.64962	11.3416
7.24	-0.465021	-11.0304	-26.6174	7.91719	-3.65618	11.326
7.25	-0.462736	-10.9167	-26.4601	7.89536	-3.66237	11.3103
7.26	-0.460443	-10.8021	-26.3023	7.87363	-3.66819	11.2948
7.27	-0.458141	-10.6865	-26.1441	7.85198	-3.67362	11.2792
7.28	-0.455833	-10.5699	-25.9854	7.83043	-3.67868	11.2637
7.29	-0.453517	-10.4524	-25.8263	7.80896	-3.68335	11.2483
7.3	-0.451193	-10.3339	-25.6668	7.78758	-3.68764	11.2329
7.31	-0.448864	-10.2146	-25.5069	7.76629	-3.69154	11.2175
7.32	-0.446527	-10.0943	-25.3466	7.74508	-3.69505	11.2022
7.33	-0.444185	-9.97321	-25.1859	7.72396	-3.69816	11.1869
7.34	-0.441837	-9.8512	-25.0249	7.70293	-3.70089	11.1717
7.35	-0.439483	-9.72834	-24.8636	7.68198	-3.70321	11.1565
7.36	-0.437124	-9.60465	-24.7019	7.66112	-3.70514	11.1413
7.37	-0.43476	-9.48014	-24.54	7.64035	-3.70667	11.1262
7.38	-0.432391	-9.35482	-24.3778	7.61966	-3.70781	11.1111
7.39	-0.430018	-9.22871	-24.2153	7.59905	-3.70853	11.0961
7.4	-0.427641	-9.10184	-24.0526	7.57852	-3.70886	11.0811
7.41	-0.42526	-8.97421	-23.8896	7.55808	-3.70879	11.0661
7.42	-0.422875	-8.84585	-23.7265	7.53772	-3.70831	11.0512
7.43	-0.420487	-8.71678	-23.5631	7.51745	-3.70743	11.0363
7.44	-0.418096	-8.58701	-23.3996	7.49725	-3.70614	11.0215
7.45	-0.415703	-8.45655	-23.236	7.47714	-3.70445	11.0067
7.46	-0.413307	-8.32544	-23.0721	7.45711	-3.70236	10.992
7.47	-0.410908	-8.19369	-22.9082	7.43716	-3.69986	10.9772
7.48	-0.408508	-8.06131	-22.7442	7.41728	-3.69696	10.9626
7.49	-0.406107	-7.92833	-22.5801	7.39749	-3.69366	10.9479
7.5	-0.403704	-7.79477	-22.4159	7.37778	-3.68996	10.9333
7.51	-0.401299	-7.66065	-22.2517	7.35814	-3.68585	10.9188
7.52	-0.398895	-7.52598	-22.0875	7.33859	-3.68135	10.9043
7.53	-0.396489	-7.39079	-21.9232	7.31911	-3.67645	10.8898
7.54	-0.394083	-7.2551	-21.759	7.29971	-3.67116	10.8753
7.55	-0.391678	-7.11892	-21.5948	7.28038	-3.66547	10.8609
7.56	-0.389272	-6.98229	-21.4306	7.26113	-3.65938	10.8466
7.57	-0.386867	-6.84521	-21.2665	7.24196	-3.65291	10.8322
7.58	-0.384463	-6.70772	-21.1025	7.22287	-3.64605	10.8179
7.59	-0.382059	-6.56983	-20.9386	7.20385	-3.63881	10.8037
7.6	-0.379657	-6.43156	-20.7748	7.1849	-3.63118	10.7895
7.61	-0.377257	-6.29294	-20.6111	7.16603	-3.62317	10.7753
7.62	-0.374858	-6.15399	-20.4476	7.14724	-3.61479	10.7612
7.63	-0.372461	-6.01472	-20.2843	7.12851	-3.60603	10.7471
7.64	-0.370066	-5.87516	-20.1211	7.10987	-3.5969	10.733
7.65	-0.367674	-5.73534	-19.9582	7.09129	-3.5874	10.719
7.66	-0.365284	-5.59526	-19.7955	7.07279	-3.57754	10.705
7.67	-0.362898	-5.45497	-19.633	7.05436	-3.56732	10.691
7.68	-0.360514	-5.31447	-19.4708	7.036	-3.55674	10.6771
7.69	-0.358134	-5.17378	-19.3089	7.01771	-3.54581	10.6632
7.7	-0.355757	-5.03294	-19.1473	6.99949	-3.53453	10.6494
7.71	-0.353384	-4.89197	-18.9859	6.98135	-3.52291	10.6355
7.72	-0.351015	-4.75087	-18.825	6.96327	-3.51095	10.6218
7.73	-0.348651	-4.60968	-18.6643	6.94527	-3.49865	10.608
7.74	-0.34629	-4.46843	-18.5041	6.92733	-3.48602	10.5943
7.75	-0.343935	-4.32712	-18.3442	6.90947	-3.47307	10.5806
7.76	-0.341584	-4.18578	-18.1847	6.89167	-3.45979	10.567
7.77	-0.339238	-4.04444	-18.0256	6.87395	-3.44621	10.5534
7.78	-0.336898	-3.90311	-17.8669	6.85629	-3.4323	10.5398
7.79	-0.334563	-3.76182	-17.7087	6.83869	-3.4181	10.5263
7.8	-0.332233	-3.62059	-17.551	6.82117	-3.40359	10.5128
7.81	-0.329909	-3.47943	-17.3937	6.80371	-3.38879	10.4994
7.82	-0.327592	-3.33838	-17.2369	6.78632	-3.3737	10.4859
7.83	-0.32528	-3.19745	-17.0807	6.769	-3.35833	10.4725
7.84	-0.322975	-3.05666	-16.9249	6.75174	-3.34268	10.4592
7.85	-0.320676	-2.91604	-16.7697	6.73455	-3.32675	10.4459
7.86	-0.318384	-2.7756	-16.615	6.71743	-3.31056	10.4326
7.87	-0.316099	-2.63536	-16.4609	6.70037	-3.29411	10.4193
7.88	-0.313821	-2.49535	-16.3074	6.68337	-3.2774	10.4061
7.89	-0.31155	-2.35559	-16.1545	6.66644	-3.26044	10.3929
7.9	-0.309286	-2.21609	-16.0022	6.64958	-3.24325	10.3797
7.91	-0.30703	-2.07688	-15.8505	6.63277	-3.22581	10.3666
7.92	-0.304782	-1.93797	-15.6994	6.61603	-3.20815	10.3535
7.93	-0.302541	-1.79939	-15.549	6.59936	-3.19026	10.3405
7.94	-0.300308	-1.66115	-15.3992	6.58275	-3.17215	10.3275
7.95	-0.298084	-1.52327	-15.2501	6.5662	-3.15383	10.3145
7.96	-0.295867	-1.38578	-15.1017	6.54971	-3.1353	10.3015
7.97	-0.293659	-1.24868	-14.954	6.53328	-3.11658	10.2886
7.98	-0.29146	-1.112	-14.807	6.51692	-3.09766	10.2757
7.99	-0.289268	-0.975761	-14.6606	6.50062	-3.07856	10.2628
8	-0.287086	-0.839973	-14.5151	6.48438	-3.05927	10.25
8.01	-0.284913	-0.704656	-14.3702	6.46819	-3.03981	10.2372
8.02	-0.282748	-0.569829	-14.2262	6.45207	-3.02019	10.2244
8.03	-0.280593	-0.435506	-14.0828	6.43601	-3.0004	10.2117
8.04	-0.278447	-0.301706	-13.9403	6.42001	-2.98046	10.199
8.05	-0.27631	-0.168444	-13.7985	6.40407	-2.96037	10.1863
8.06	-0.274183	-0.0357373	-13.6575	6.38819	-2.94014	10.1737
8.07	-0.272065	0.0963995	-13.5173	6.37237	-2.91977	10.1611
8.08	-0.269956	0.22795	-13.3779	6.35661	-2.89928	10.1485
8.09	-0.267858	0.3589	-13.2393	6.3409	-2.87866	10.136
8.1	-0.265769	0.489235	-13.1016	6.32526	-2.85792	10.1235
8.11	-0.26369	0.618938	-12.9646	6.30967	-2.83707	10.111
8.12	-0.261621	0.747997	-12.8285	6.29413	-2.81612	10.0985
8.13	-0.259563	0.876398	-12.6933	6.27866	-2.79507	10.0861
8.14	-0.257514	1.00413	-12.5589	6.26324	-2.77393	10.0737
8.15	-0.255476	1.13117	-12.4254	6.24788	-2.75271	10.0613
8.16	-0.253447	1.25751	-12.2927	6.23258	-2.7314	10.049
8.17	-0.25143	1.38315	-12.1609	6.21733	-2.71002	10.0367
8.18	-0.249422	1.50806	-12.03	6.20214	-2.68857	10.0244
8.19	-0.247426	1.63223	-11.8999	6.187	-2.66706	10.0122
8.2	-0.24544	1.75566	-11.7708	6.17192	-2.64549	10
8.21	-0.243464	1.87833	-11.6425	6.1569	-2.62387	9.98782
8.22	-0.241499	2.00023	-11.5152	6.14192	-2.6022	9.97567
8.23	-0.239545	2.12136	-11.3887	6.12701	-2.5805	9.96355
8.24	-0.237602	2.24169	-11.2632	6.11215	-2.55876	9.95146
8.25	-0.23567	2.36122	-11.1385	6.09734	-2.537	9.93939
8.26	-0.233748	2.47994	-11.0148	6.08258	-2.51521	9.92736
8.27	-0.231838	2.59785	-10.892	6.06788	-2.4934	9.91536
8.28	-0.229938	2.71492	-10.7701	6.05323	-2.47158	9.90338
8.29	-0.22805	2.83116	-10.6492	6.03864	-2.44976	9.89144
8.3	-0.226172	2.94656	-10.5291	6.0241	-2.42793	9.87952
8.31	-0.224306	3.0611	-10.41	6.00961	-2.40611	9.86763
8.32	-0.222451	3.17478	-10.2919	5.99517	-2.38429	9.85577
8.33	-0.220607	3.28759	-10.1746	5.98078	-2.36248	9.84394
8.34	-0.218774	3.39954	-10.0584	5.96645	-2.3407	9.83213
8.35	-0.216952	3.51059	-9.943	5.95217	-2.31893	9.82036
8.36	-0.215142	3.62077	-9.82859	5.93794	-2.29719	9.80861
8.37	-0.213343	3.73005	-9.71512	5.92376	-2.27549	9.79689
8.38	-0.211555	3.83842	-9.60259	5.90963	-2.25382	9.7852
8.39	-0.209778	3.9459	-9.491	5.89555	-2.23218	9.77354
8.4	-0.208013	4.05247	-9.38036	5.88152	-2.2106	9.7619
8.41	-0.206259	4.15812	-9.27066	5.86754	-2.18906	9.7503
8.42	-0.204517	4.26285	-9.16191	5.85361	-2.16757	9.73872
8.43	-0.202786	4.36666	-9.05409	5.83973	-2.14614	9.72716
8.44	-0.201066	4.46955	-8.94723	5.8259	-2.12477	9.71564
8.45	-0.199357	4.5715	-8.8413	5.81212	-2.10346	9.70414
8.46	-0.19766	4.67252	-8.73631	5.79839	-2.08223	9.69267
8.47	-0.195974	4.7726	-8.63227	5.78471	-2.06106	9.68123
8.48	-0.1943	4.87175	-8.52917	5.77107	-2.03997	9.66981
8.49	-0.192637	4.96995	-8.427	5.75748	-2.01895	9.65842
8.5	-0.190985	5.06721	-8.32577	5.74394	-1.99802	9.64706
8.51	-0.189344	5.16353	-8.22548	5.73045	-1.97717	9.63572
8.52	-0.187715	5.2589	-8.12611	5.71701	-1.95641	9.62441
8.53	-0.186097	5.35332	-8.02768	5.70361	-1.93574	9.61313
8.54	-0.184491	5.44679	-7.93018	5.69026	-1.91517	9.60187
8.55	-0.182895	5.53931	-7.83361	5.67696	-1.89469	9.59064
8.56	-0.181311	5.63088	-7.73796	5.6637	-1.87431	9.57944
8.57	-0.179739	5.7215	-7.64323	5.65049	-1.85403	9.56826
8.58	-0.178177	5.81117	-7.54941	5.63733	-1.83386	9.55711
8.59	-0.176627	5.89989	-7.45652	5.62421	-1.81379	9.54598
8.6	-0.175088	5.98766	-7.36453	5.61114	-1.79383	9.53488
8.61	-0.17356	6.07448	-7.27346	5.59811	-1.77399	9.52381
8.62	-0.172043	6.16035	-7.18329	5.58513	-1.75426	9.51276
8.63	-0.170537	6.24527	-7.09402	5.5722	-1.73464	9.50174
8.64	-0.169043	6.32924	-7.00565	5.55931	-1.71515	9.49074
8.65	-0.167559	6.41228	-6.91818	5.54646	-1.69577	9.47977
8.66	-0.166087	6.49436	-6.8316	5.53366	-1.67652	9.46882
8.67	-0.164625	6.57551	-6.7459	5.5209	-1.65739	9.4579
8.68	-0.163174	6.65572	-6.66108	5.50819	-1.63839	9.447
8.69	-0.161735	6.73499	-6.57715	5.49552	-1.61951	9.43613
8.7	-0.160306	6.81333	-6.49409	5.48289	-1.60076	9.42529
8.71	-0.158888	6.89074	-6.41189	5.47031	-1.58214	9.41447
8.72	-0.157481	6.96721	-6.33056	5.45777	-1.56366	9.40367
8.73	-0.156085	7.04277	-6.2501	5.44527	-1.54531	9.3929
8.74	-0.154699	7.1174	-6.17048	5.43282	-1.52709	9.38215
8.75	-0.153324	7.19111	-6.09172	5.42041	-1.50901	9.37143
8.76	-0.15196	7.2639	-6.0138	5.40804	-1.49106	9.36073
8.77	-0.150607	7.33579	-5.93673	5.39571	-1.47326	9.35006
8.78	-0.149264	7.40676	-5.86049	5.38343	-1.45559	9.33941
8.79	-0.147931	7.47683	-5.78508	5.37119	-1.43806	9.32878
8.8	-0.146609	7.54601	-5.71049	5.35899	-1.42067	9.31818
8.81	-0.145298	7.61428	-5.63673	5.34683	-1.40343	9.3076
8.82	-0.143997	7.68167	-5.56377	5.33471	-1.38632	9.29705
8.83	-0.142706	7.74816	-5.49163	5.32264	-1.36936	9.28652
8.84	-0.141426	7.81378	-5.42029	5.3106	-1.35254	9.27602
8.85	-0.140155	7.87852	-5.34975	5.29861	-1.33587	9.26554
8.86	-0.138895	7.94238	-5.28001	5.28665	-1.31934	9.25508
8.87	-0.137646	8.00538	-5.21105	5.27474	-1.30296	9.24464
8.88	-0.136406	8.06751	-5.14287	5.26286	-1.28672	9.23423
8.89	-0.135176	8.12879	-5.07546	5.25103	-1.27062	9.22385
8.9	-0.133957	8.18922	-5.00883	5.23924	-1.25468	9.21348
8.91	-0.132747	8.2488	-4.94295	5.22748	-1.23888	9.20314
8.92	-0.131547	8.30753	-4.87784	5.21577	-1.22322	9.19283
8.93	-0.130357	8.36543	-4.81348	5.20409	-1.20771	9.18253
8.94	-0.129177	8.4225	-4.74987	5.19246	-1.19235	9.17226
8.95	-0.128007	8.47875	-4.68699	5.18086	-1.17713	9.16201
8.96	-0.126847	8.53418	-4.62485	5.1693	-1.16206	9.15179
8.97	-0.125696	8.58879	-4.56344	5.15778	-1.14714	9.14158
8.98	-0.124554	8.6426	-4.50275	5.1463	-1.13236	9.1314
8.99	-0.123422	8.6956	-4.44278	5.13486	-1.11773	9.12125
9	-0.1223	8.74781	-4.38351	5.12346	-1.10324	9.11111
9.01	-0.121187	8.79923	-4.32495	5.11209	-1.08891	9.101
9.02	-0.120083	8.84987	-4.26709	5.10076	-1.07471	9.09091
9.03	-0.118989	8.89973	-4.20992	5.08947	-1.06066	9.08084
9.04	-0.117904	8.94882	-4.15344	5.07822	-1.04676	9.0708
9.05	-0.116828	8.99714	-4.09764	5.067	-1.03299	9.06077
9.06	-0.115762	9.04471	-4.04251	5.05582	-1.01938	9.05077
9.07	-0.114704	9.09153	-3.98804	5.04468	-1.0059	9.04079
9.08	-0.113656	9.13759	-3.93424	5.03357	-0.992573	9.03084
9.09	-0.112616	9.18292	-3.8811	5.0225	-0.979385	9.0209
9.1	-0.111585	9.22752	-3.8286	5.01147	-0.966338	9.01099
9.11	-0.110564	9.27139	-3.77675	5.00048	-0.953433	9.0011
9.12	-0.109551	9.31454	-3.72553	4.98952	-0.940668	8.99123
9.13	-0.108546	9.35698	-3.67495	4.97859	-0.928043	8.98138
9.14	-0.107551	9.39871	-3.62499	4.9677	-0.915557	8.97155
9.15	-0.106564	9.43974	-3.57565	4.95685	-0.903211	8.96175
9.16	-0.105585	9.48008	-3.52692	4.94603	-0.891002	8.95197
9.17	-0.104616	9.51972	-3.4788	4.93525	-0.87893	8.9422
9.18	-0.103654	9.55869	-3.43128	4.92451	-0.866995	8.93246
9.19	-0.102701	9.59699	-3.38436	4.9138	-0.855195	8.92274
9.2	-0.101756	9.63461	-3.33802	4.90312	-0.84353	8.91304
9.21	-0.10082	9.67157	-3.29227	4.89248	-0.832	8.90337
9.22	-0.0998918	9.70788	-3.24709	4.88187	-0.820603	8.89371
9.23	-0.0989717	9.74355	-3.20249	4.8713	-0.809338	8.88407
9.24	-0.0980598	9.77856	-3.15845	4.86076	-0.798205	8.87446
9.25	-0.0971559	9.81295	-3.11497	4.85026	-0.787202	8.86486
9.26	-0.09626	9.8467	-3.07204	4.83979	-0.776329	8.85529
9.27	-0.095372	9.87984	-3.02966	4.82935	-0.765586	8.84574
9.28	-0.0944919	9.91236	-2.98783	4.81895	-0.75497	8.83621
9.29	-0.0936196	9.94426	-2.94653	4.80858	-0.744481	8.8267
9.3	-0.092755	9.97557	-2.90576	4.79824	-0.734118	8.8172
9.31	-0.0918982	10.0063	-2.86551	4.78794	-0.723881	8.80773
9.32	-0.091049	10.0364	-2.82579	4.77767	-0.713768	8.79828
9.33	-0.0902073	10.0659	-2.78657	4.76744	-0.703778	8.78885
9.34	-0.0893732	10.0949	-2.74787	4.75723	-0.693911	8.77944
9.35	-0.0885466	10.1233	-2.70967	4.74706	-0.684164	8.77005
9.36	-0.0877274	10.1511	-2.67196	4.73692	-0.674538	8.76068
9.37	-0.0869155	10.1784	-2.63475	4.72682	-0.665032	8.75133
9.38	-0.0861109	10.2051	-2.59802	4.71675	-0.655643	8.742
9.39	-0.0853136	10.2313	-2.56177	4.7067	-0.646372	8.73269
9.4	-0.0845234	10.2569	-2.52599	4.6967	-0.637217	8.7234
9.41	-0.0837404	10.282	-2.49069	4.68672	-0.628178	8.71413
9.42	-0.0829644	10.3066	-2.45585	4.67677	-0.619252	8.70488
9.43	-0.0821955	10.3306	-2.42147	4.66686	-0.61044	8.69565
9.44	-0.0814335	10.3541	-2.38754	4.65698	-0.60174	8.68644
9.45	-0.0806784	10.3772	-2.35406	4.64713	-0.593151	8.67725
9.46	-0.0799302	10.3997	-2.32103	4.63731	-0.584672	8.66808
9.47	-0.0791888	10.4217	-2.28843	4.62752	-0.576302	8.65892
9.48	-0.0784541	10.4432	-2.25627	4.61776	-0.56804	8.64979
9.49	-0.0777261	10.4643	-2.22453	4.60803	-0.559885	8.64067
9.5	-0.0770047	10.4849	-2.19322	4.59834	-0.551836	8.63158
9.51	-0.07629	10.505	-2.16232	4.58867	-0.543892	8.6225
9.52	-0.0755817	10.5246	-2.13184	4.57904	-0.536051	8.61345
9.53	-0.0748799	10.5438	-2.10176	4.56943	-0.528314	8.60441
9.54	-0.0741845	10.5625	-2.07209	4.55986	-0.520678	8.59539
9.55	-0.0734955	10.5807	-2.04282	4.55031	-0.513142	8.58639
9.56	-0.0728128	10.5986	-2.01394	4.5408	-0.505707	8.57741
9.57	-0.0721364	10.6159	-1.98545	4.53131	-0.49837	8.56844
9.58	-0.0714662	10.6329	-1.95735	4.52186	-0.49113	8.5595
9.59	-0.0708021	10.6494	-1.92962	4.51243	-0.483987	8.55057
9.6	-0.0701441	10.6655	-1.90227	4.50304	-0.47694	8.54167
9.61	-0.0694922	10.6812	-1.87529	4.49367	-0.469987	8.53278
9.62	-0.0688463	10.6964	-1.84867	4.48433	-0.463127	8.52391
9.63	-0.0682064	10.7113	-1.82242	4.47503	-0.45636	8.51506
9.64	-0.0675723	10.7258	-1.79652	4.46575	-0.449684	8.50622
9.65	-0.0669441	10.7398	-1.77098	4.4565	-0.443099	8.49741
9.66	-0.0663217	10.7535	-1.74578	4.44727	-0.436603	8.48861
9.67	-0.0657051	10.7668	-1.72093	4.43808	-0.430195	8.47983
9.68	-0.0650941	10.7797	-1.69642	4.42892	-0.423875	8.47107
9.69	-0.0644888	10.7922	-1.67224	4.41978	-0.417642	8.46233
9.7	-0.0638891	10.8044	-1.6484	4.41067	-0.411493	8.45361
9.71	-0.063295	10.8162	-1.62488	4.40159	-0.405429	8.4449
9.72	-0.0627064	10.8276	-1.60168	4.39254	-0.399449	8.43621
9.73	-0.0621232	10.8387	-1.57881	4.38351	-0.393551	8.42754
9.74	-0.0615455	10.8494	-1.55624	4.37452	-0.387735	8.41889
9.75	-0.0609731	10.8598	-1.53399	4.36555	-0.381999	8.41026
9.76	-0.060406	10.8699	-1.51205	4.35661	-0.376343	8.40164
9.77	-0.0598442	10.8796	-1.4904	4.34769	-0.370765	8.39304
9.78	-0.0592877	10.8889	-1.46906	4.33881	-0.365265	8.38446
9.79	-0.0587363	10.898	-1.44801	4.32995	-0.359842	8.37589
9.8	-0.05819	10.9067	-1.42726	4.32112	-0.354495	8.36735
9.81	-0.0576489	10.9151	-1.40679	4.31231	-0.349223	8.35882
9.82	-0.0571127	10.9232	-1.38661	4.30353	-0.344024	8.35031
9.83	-0.0565816	10.931	-1.3667	4.29478	-0.338899	8.34181
9.84	-0.0560555	10.9385	-1.34707	4.28606	-0.333846	8.33333
9.85	-0.0555342	10.9456	-1.32772	4.27736	-0.328865	8.32487
9.86	-0.0550178	10.9525	-1.30863	4.26869	-0.323954	8.31643
9.87	-0.0545063	10.9591	-1.28982	4.26004	-0.319112	8.308
9.88	-0.0539995	10.9654	-1.27126	4.25142	-0.314339	8.2996
9.89	-0.0534975	10.9714	-1.25296	4.24283	-0.309634	8.2912
9.9	-0.0530001	10.9772	-1.23492	4.23426	-0.304996	8.28283
9.91	-0.0525074	10.9826	-1.21713	4.22572	-0.300424	8.27447
9.92	-0.0520193	10.9878	-1.19959	4.21721	-0.295917	8.26613
9.93	-0.0515358	10.9927	-1.1823	4.20872	-0.291475	8.2578
9.94	-0.0510569	10.9974	-1.16525	4.20025	-0.287097	8.2495
9.95	-0.0505824	11.0018	-1.14843	4.19181	-0.282781	8.24121
9.96	-0.0501123	11.0059	-1.13186	4.1834	-0.278527	8.23293
9.97	-0.0496467	11.0098	-1.11552	4.17501	-0.274335	8.22467
9.98	-0.0491854	11.0135	-1.0994	4.16665	-0.270203	8.21643
9.99	-0.0487285	11.0169	-1.08352	4.15831	-0.26613	8.20821
10	-0.0482758	11.02	-1.06785	4.15	-0.262117	8.2
10.01	-0.0478274	11.0229	-1.05241	4.14171	-0.258161	8.19181
10.02	-0.0473832	11.0256	-1.03719	4.13345	-0.254263	8.18363
10.03	-0.0469432	11.0281	-1.02218	4.12521	-0.250421	8.17547
10.04	-0.0465073	11.0303	-1.00738	4.117	-0.246635	8.16733
10.05	-0.0460755	11.0323	-0.992796	4.10881	-0.242904	8.1592
10.06	-0.0456478	11.0341	-0.978415	4.10064	-0.239228	8.15109
10.07	-0.0452241	11.0357	-0.964238	4.0925	-0.235605	8.143
10.08	-0.0448043	11.037	-0.950261	4.08439	-0.232035	8.13492
10.09	-0.0443885	11.0382	-0.936483	4.0763	-0.228517	8.12686
10.1	-0.0439767	11.0391	-0.922901	4.06823	-0.22505	8.11881
10.11	-0.0435687	11.0398	-0.909511	4.06018	-0.221635	8.11078
10.12	-0.0431645	11.0404	-0.896311	4.05216	-0.218269	8.10277
10.13	-0.0427641	11.0407	-0.883299	4.04417	-0.214953	8.09477
10.14	-0.0423675	11.0408	-0.870472	4.0362	-0.211685	8.08679
10.15	-0.0419747	11.0408	-0.857828	4.02825	-0.208466	8.07882
10.16	-0.0415855	11.0405	-0.845364	4.02032	-0.205294	8.07087
10.17	-0.0412	11.0401	-0.833077	4.01242	-0.202169	8.06293
10.18	-0.0408182	11.0395	-0.820965	4.00454	-0.19909	8.05501
10.19	-0.0404399	11.0387	-0.809027	3.99668	-0.196056	8.04711
10.2	-0.0400652	11.0377	-0.797258	3.98885	-0.193067	8.03922
10.21	-0.039694	11.0366	-0.785658	3.98104	-0.190123	8.03134
10.22	-0.0393263	11.0353	-0.774224	3.97325	-0.187222	8.02348
10.23	-0.0389621	11.0338	-0.762953	3.96549	-0.184364	8.01564
10.24	-0.0386013	11.0322	-0.751843	3.95775	-0.181549	8.00781
10.25	-0.0382439	11.0304	-0.740892	3.95003	-0.178775	8
10.26	-0.0378899	11.0284	-0.730098	3.94233	-0.176043	7.9922
10.27	-0.0375392	11.0263	-0.719459	3.93466	-0.173351	7.98442
10.28	-0.0371919	11.024	-0.708972	3.92701	-0.1707	7.97665
10.29	-0.0368478	11.0216	-0.698636	3.91938	-0.168088	7.9689
10.3	-0.0365069	11.019	-0.688448	3.91177	-0.165514	7.96117
10.31	-0.0361693	11.0162	-0.678406	3.90419	-0.16298	7.95344
10.32	-0.0358348	11.0134	-0.668508	3.89663	-0.160483	7.94574
10.33	-0.0355035	11.0104	-0.658753	3.88909	-0.158024	7.93804
10.34	-0.0351753	11.0072	-0.649138	3.88157	-0.155601	7.93037
10.35	-0.0348502	11.0039	-0.639661	3.87407	-0.153215	7.92271
10.36	-0.0345282	11.0005	-0.63032	3.86659	-0.150864	7.91506
10.37	-0.0342092	10.9969	-0.621114	3.85914	-0.148549	7.90743
10.38	-0.0338932	10.9932	-0.61204	3.85171	-0.146268	7.89981
10.39	-0.0335802	10.9894	-0.603098	3.8443	-0.144022	7.8922
10.4	-0.0332701	10.9854	-0.594284	3.83691	-0.141809	7.88462
10.41	-0.032963	10.9814	-0.585597	3.82954	-0.13963	7.87704
10.42	-0.0326587	10.9772	-0.577035	3.82219	-0.137484	7.86948
10.43	-0.0323574	10.9728	-0.568597	3.81487	-0.13537	7.86194
10.44	-0.0320588	10.9684	-0.560281	3.80756	-0.133288	7.85441
10.45	-0.0317631	10.9638	-0.552084	3.80028	-0.131237	7.84689
10.46	-0.0314702	10.9592	-0.544007	3.79302	-0.129217	7.83939
10.47	-0.03118	10.9544	-0.536046	3.78577	-0.127228	7.8319
10.48	-0.0308926	10.9495	-0.5282	3.77855	-0.125269	7.82443
10.49	-0.0306078	10.9445	-0.520467	3.77135	-0.123339	7.81697
10.5	-0.0303258	10.9394	-0.512846	3.76417	-0.121439	7.80952
10.51	-0.0300464	10.9342	-0.505336	3.75701	-0.119567	7.80209
10.52	-0.0297696	10.9289	-0.497934	3.74987	-0.117724	7.79468
10.53	-0.0294955	10.9235	-0.49064	3.74275	-0.115908	7.78727
10.54	-0.0292239	10.918	-0.483451	3.73566	-0.114121	7.77989
10.55	-0.0289549	10.9124	-0.476367	3.72858	-0.11236	7.77251
10.56	-0.0286884	10.9067	-0.469385	3.72152	-0.110626	7.76515
10.57	-0.0284245	10.9009	-0.462504	3.71448	-0.108918	7.75781
10.58	-0.028163	10.895	-0.455723	3.70746	-0.107237	7.75047
10.59	-0.027904	10.889	-0.449041	3.70046	-0.105581	7.74315
10.6	-0.0276474	10.8829	-0.442455	3.69349	-0.10395	7.73585
10.61	-0.0273932	10.8768	-0.435965	3.68653	-0.102344	7.72856
10.62	-0.0271414	10.8705	-0.42957	3.67959	-0.100762	7.72128
10.63	-0.026892	10.8642	-0.423267	3.67267	-0.0992049	7.71402
10.64	-0.026645	10.8578	-0.417056	3.66577	-0.0976712	7.70677
10.65	-0.0264002	10.8513	-0.410935	3.65889	-0.0961609	7.69953
10.66	-0.0261578	10.8448	-0.404903	3.65202	-0.0946736	7.69231
10.67	-0.0259176	10.8381	-0.398959	3.64518	-0.0932091	7.6851
10.68	-0.0256797	10.8314	-0.393102	3.63836	-0.0917669	7.6779
10.69	-0.0254441	10.8246	-0.387329	3.63156	-0.0903467	7.67072
10.7	-0.0252106	10.8177	-0.381641	3.62477	-0.0889483	7.66355
10.71	-0.0249794	10.8108	-0.376035	3.618	-0.0875712	7.6564
10.72	-0.0247503	10.8038	-0.370511	3.61126	-0.0862152	7.64925
10.73	-0.0245234	10.7967	-0.365068	3.60453	-0.08488	7.64212
10.74	-0.0242986	10.7896	-0.359704	3.59782	-0.0835652	7.63501
10.75	-0.0240759	10.7823	-0.354418	3.59113	-0.0822706	7.62791
10.76	-0.0238553	10.7751	-0.349209	3.58446	-0.0809958	7.62082
10.77	-0.0236368	10.7677	-0.344076	3.57781	-0.0797405	7.61374
10.78	-0.0234203	10.7603	-0.339018	3.57117	-0.0785045	7.60668
10.79	-0.0232059	10.7529	-0.334034	3.56455	-0.0772874	7.59963
10.8	-0.0229935	10.7453	-0.329122	3.55796	-0.0760891	7.59259
10.81	-0.0227831	10.7378	-0.324282	3.55138	-0.0749091	7.58557
10.82	-0.0225746	10.7301	-0.319513	3.54482	-0.0737472	7.57856
10.83	-0.0223681	10.7224	-0.314814	3.53827	-0.0726032	7.57156
10.84	-0.0221635	10.7147	-0.310183	3.53175	-0.0714768	7.56458
10.85	-0.0219609	10.7069	-0.305619	3.52524	-0.0703677	7.5576
10.86	-0.0217601	10.699	-0.301123	3.51875	-0.0692756	7.55064
10.87	-0.0215613	10.6911	-0.296692	3.51228	-0.0682004	7.5437
10.88	-0.0213643	10.6831	-0.292326	3.50583	-0.0671417	7.53676
10.89	-0.0211691	10.6751	-0.288023	3.49939	-0.0660993	7.52984
10.9	-0.0209758	10.6671	-0.283784	3.49297	-0.0650729	7.52294
10.91	-0.0207843	10.6589	-0.279606	3.48657	-0.0640624	7.51604
10.92	-0.0205946	10.6508	-0.27549	3.48019	-0.0630674	7.50916
10.93	-0.0204066	10.6426	-0.271434	3.47382	-0.0620877	7.50229
10.94	-0.0202204	10.6343	-0.267437	3.46748	-0.0611232	7.49543
10.95	-0.020036	10.6261	-0.263499	3.46115	-0.0601735	7.48858
10.96	-0.0198533	10.6177	-0.259618	3.45483	-0.0592385	7.48175
10.97	-0.0196722	10.6094	-0.255795	3.44854	-0.0583179	7.47493
10.98	-0.0194929	10.6009	-0.252027	3.44226	-0.0574115	7.46812
10.99	-0.0193153	10.5925	-0.248314	3.436	-0.0565191	7.46133
11	-0.0191393	10.584	-0.244656	3.42975	-0.0556405	7.45455
11.01	-0.018965	10.5755	-0.241051	3.42352	-0.0547754	7.44777
11.02	-0.0187922	10.5669	-0.2375	3.41731	-0.0539237	7.44102
11.03	-0.0186211	10.5583	-0.234	3.41112	-0.0530852	7.43427
11.04	-0.0184516	10.5497	-0.230551	3.40494	-0.0522596	7.42754
11.05	-0.0182837	10.541	-0.227154	3.39878	-0.0514468	7.42081
11.06	-0.0181174	10.5323	-0.223805	3.39264	-0.0506466	7.4141
11.07	-0.0179526	10.5236	-0.220506	3.38651	-0.0498587	7.40741
11.08	-0.0177893	10.5148	-0.217256	3.3804	-0.049083	7.40072
11.09	-0.0176276	10.506	-0.214053	3.37431	-0.0483193	7.39405
11.1	-0.0174673	10.4972	-0.210897	3.36823	-0.0475675	7.38739
11.11	-0.0173086	10.4883	-0.207788	3.36217	-0.0468272	7.38074
11.12	-0.0171513	10.4794	-0.204724	3.35613	-0.0460985	7.3741
11.13	-0.0169955	10.4705	-0.201705	3.3501	-0.045381	7.36748
11.14	-0.0168412	10.4615	-0.19873	3.34409	-0.0446746	7.36086
11.15	-0.0166883	10.4526	-0.195799	3.33809	-0.0439792	7.35426
11.16	-0.0165368	10.4436	-0.192911	3.33211	-0.0432946	7.34767
11.17	-0.0163867	10.4346	-0.190065	3.32615	-0.0426205	7.34109
11.18	-0.0162381	10.4255	-0.187262	3.3202	-0.0419569	7.33453
11.19	-0.0160908	10.4164	-0.184499	3.31427	-0.0413036	7.32797
11.2	-0.0159448	10.4073	-0.181777	3.30835	-0.0406604	7.32143
11.21	-0.0158003	10.3982	-0.179095	3.30245	-0.0400272	7.3149
11.22	-0.015657	10.3891	-0.176453	3.29657	-0.0394039	7.30838
11.23	-0.0155151	10.3799	-0.173849	3.2907	-0.0387901	7.30187
11.24	-0.0153746	10.3708	-0.171283	3.28485	-0.038186	7.29537
11.25	-0.0152353	10.3616	-0.168756	3.27901	-0.0375911	7.28889
11.26	-0.0150973	10.3523	-0.166265	3.27319	-0.0370056	7.28242
11.27	-0.0149606	10.3431	-0.163811	3.26738	-0.0364291	7.27595
11.28	-0.0148252	10.3338	-0.161393	3.26159	-0.0358615	7.2695
11.29	-0.014691	10.3246	-0.159011	3.25582	-0.0353028	7.26306
11.3	-0.014558	10.3153	-0.156663	3.25006	-0.0347527	7.25664
11.31	-0.0144263	10.306	-0.154351	3.24431	-0.0342112	7.25022
11.32	-0.0142959	10.2967	-0.152072	3.23858	-0.0336781	7.24382
11.33	-0.0141666	10.2873	-0.149827	3.23287	-0.0331533	7.23742
11.34	-0.0140385	10.278	-0.147615	3.22717	-0.0326366	7.23104
11.35	-0.0139116	10.2686	-0.145435	3.22149	-0.032128	7.22467
11.36	-0.0137859	10.2592	-0.143287	3.21582	-0.0316273	7.21831
11.37	-0.0136613	10.2498	-0.141172	3.21016	-0.0311343	7.21196
11.38	-0.0135379	10.2404	-0.139087	3.20452	-0.0306491	7.20562
11.39	-0.0134157	10.231	-0.137033	3.1989	-0.0301713	7.1993
11.4	-0.0132945	10.2216	-0.135009	3.19329	-0.029701	7.19298
11.41	-0.0131745	10.2121	-0.133015	3.1877	-0.029238	7.18668
11.42	-0.0130556	10.2027	-0.13105	3.18212	-0.0287822	7.18039
11.43	-0.0129378	10.1932	-0.129114	3.17655	-0.0283335	7.1741
11.44	-0.0128211	10.1837	-0.127207	3.171	-0.0278918	7.16783
11.45	-0.0127054	10.1742	-0.125328	3.16546	-0.0274569	7.16157
11.46	-0.0125909	10.1648	-0.123476	3.15994	-0.0270289	7.15532
11.47	-0.0124773	10.1553	-0.121652	3.15443	-0.0266074	7.14908
11.48	-0.0123649	10.1457	-0.119855	3.14894	-0.0261926	7.14286
11.49	-0.0122534	10.1362	-0.118084	3.14346	-0.0257842	7.13664
11.5	-0.012143	10.1267	-0.116339	3.138	-0.0253821	7.13043
11.51	-0.0120336	10.1172	-0.11462	3.13255	-0.0249863	7.12424
11.52	-0.0119252	10.1076	-0.112927	3.12711	-0.0245967	7.11806
11.53	-0.0118178	10.0981	-0.111258	3.12169	-0.0242131	7.11188
11.54	-0.0117114	10.0885	-0.109614	3.11628	-0.0238355	7.10572
11.55	-0.011606	10.079	-0.107994	3.11089	-0.0234638	7.09957
11.56	-0.0115015	10.0694	-0.106398	3.10551	-0.0230979	7.09343
11.57	-0.011398	10.0599	-0.104825	3.10014	-0.0227377	7.08729
11.58	-0.0112955	10.0503	-0.103276	3.09479	-0.022383	7.08117
11.59	-0.0111939	10.0407	-0.10175	3.08945	-0.022034	7.07506
11.6	-0.0110932	10.0312	-0.100246	3.08413	-0.0216903	7.06897
11.61	-0.0109934	10.0216	-0.098764	3.07882	-0.021352	7.06288
11.62	-0.0108946	10.012	-0.097304	3.07352	-0.021019	7.0568
11.63	-0.0107967	10.0024	-0.0958657	3.06824	-0.0206911	7.05073
11.64	-0.0106996	9.99282	-0.0944485	3.06297	-0.0203684	7.04467
11.65	-0.0106035	9.98323	-0.0930523	3.05771	-0.0200507	7.03863
11.66	-0.0105082	9.97364	-0.0916766	3.05247	-0.019738	7.03259
11.67	-0.0104138	9.96405	-0.0903212	3.04724	-0.0194301	7.02656
11.68	-0.0103203	9.95446	-0.0889859	3.04202	-0.019127	7.02055
11.69	-0.0102276	9.94486	-0.0876702	3.03682	-0.0188287	7.01454
11.7	-0.0101358	9.93527	-0.086374	3.03163	-0.018535	7.00855
11.71	-0.0100448	9.92567	-0.0850969	3.02646	-0.0182459	7.00256
11.72	-0.00995465	9.91608	-0.0838386	3.02129	-0.0179612	6.99659
11.73	-0.00986531	9.90649	-0.0825989	3.01614	-0.0176811	6.99062
11.74	-0.00977679	9.89689	-0.0813775	3.01101	-0.0174053	6.98467
11.75	-0.00968908	9.8873	-0.0801741	3.00589	-0.0171338	6.97872
11.76	-0.00960217	9.87771	-0.0789885	3.00078	-0.0168665	6.97279
11.77	-0.00951605	9.86812	-0.0778204	2.99568	-0.0166034	6.96686
11.78	-0.00943072	9.85853	-0.0766695	2.99059	-0.0163444	6.96095
11.79	-0.00934616	9.84895	-0.0755357	2.98552	-0.0160894	6.95505
11.8	-0.00926237	9.83936	-0.0744185	2.98047	-0.0158384	6.94915
11.81	-0.00917934	9.82978	-0.0733179	2.97542	-0.0155914	6.94327
11.82	-0.00909707	9.8202	-0.0722335	2.97039	-0.0153481	6.93739
11.83	-0.00901555	9.81062	-0.0711651	2.96537	-0.0151087	6.93153
11.84	-0.00893477	9.80105	-0.0701125	2.96036	-0.014873	6.92568
11.85	-0.00885472	9.79148	-0.0690755	2.95537	-0.014641	6.91983
11.86	-0.0087754	9.78192	-0.0680537	2.95039	-0.0144126	6.914
11.87	-0.0086968	9.77235	-0.0670471	2.94542	-0.0141878	6.90817
11.88	-0.00861891	9.76279	-0.0660553	2.94046	-0.0139665	6.90236
11.89	-0.00854173	9.75324	-0.0650782	2.93552	-0.0137486	6.89655
11.9	-0.00846525	9.74369	-0.0641155	2.93058	-0.0135341	6.89076
11.91	-0.00838946	9.73415	-0.063167	2.92566	-0.013323	6.88497
11.92	-0.00831436	9.7246	-0.0622325	2.92076	-0.0131152	6.87919
11.93	-0.00823994	9.71507	-0.0613119	2.91586	-0.0129106	6.87343
11.94	-0.00816619	9.70554	-0.0604048	2.91098	-0.0127092	6.86767
11.95	-0.0080931	9.69601	-0.0595111	2.90611	-0.012511	6.86192
11.96	-0.00802068	9.68649	-0.0586307	2.90125	-0.0123158	6.85619
11.97	-0.00794892	9.67698	-0.0577632	2.89641	-0.0121237	6.85046
11.98	-0.0078778	9.66747	-0.0569086	2.89157	-0.0119346	6.84474
11.99	-0.00780732	9.65797	-0.0560666	2.88675	-0.0117484	6.83903
12	-0.00773748	9.64848	-0.055237	2.88194	-0.0115652	6.83333
12.01	-0.00766827	9.63899	-0.0544197	2.87715	-0.0113848	6.82764
12.02	-0.00759968	9.6295	-0.0536145	2.87236	-0.0112072	6.82196
12.03	-0.00753171	9.62003	-0.0528212	2.86759	-0.0110324	6.81629
12.04	-0.00746435	9.61056	-0.0520396	2.86283	-0.0108603	6.81063
12.05	-0.0073976	9.6011	-0.0512696	2.85808	-0.0106909	6.80498
12.06	-0.00733145	9.59164	-0.0505109	2.85334	-0.0105242	6.79934
12.07	-0.00726589	9.58219	-0.0497634	2.84861	-0.01036	6.7937
12.08	-0.00720093	9.57275	-0.049027	2.8439	-0.0101984	6.78808
12.09	-0.00713654	9.56332	-0.0483015	2.8392	-0.0100394	6.78246
12.1	-0.00707274	9.5539	-0.0475867	2.83451	-0.00988277	6.77686
12.11	-0.00700951	9.54448	-0.0468825	2.82983	-0.00972864	6.77126
12.12	-0.00694684	9.53507	-0.0461887	2.82516	-0.0095769	6.76568
12.13	-0.00688474	9.52567	-0.0455051	2.8205	-0.00942754	6.7601
12.14	-0.00682319	9.51628	-0.0448317	2.81586	-0.00928051	6.75453
12.15	-0.00676219	9.50689	-0.0441682	2.81122	-0.00913577	6.74897
12.16	-0.00670174	9.49752	-0.0435145	2.8066	-0.0089933	6.74342
12.17	-0.00664183	9.48815	-0.0428705	2.80199	-0.00885305	6.73788
12.18	-0.00658246	9.47879	-0.042236	2.79739	-0.00871498	6.73235
12.19	-0.00652361	9.46944	-0.0416109	2.79281	-0.00857907	6.72683
12.2	-0.00646529	9.4601	-0.040995	2.78823	-0.00844529	6.72131
12.21	-0.00640749	9.45077	-0.0403882	2.78366	-0.00831359	6.71581
12.22	-0.00635021	9.44145	-0.0397904	2.77911	-0.00818395	6.71031
12.23	-0.00629344	9.43213	-0.0392015	2.77457	-0.00805633	6.70482
12.24	-0.00623717	9.42283	-0.0386213	2.77004	-0.0079307	6.69935
12.25	-0.00618141	9.41354	-0.0380496	2.76551	-0.00780704	6.69388
12.26	-0.00612614	9.40425	-0.0374864	2.761	-0.0076853	6.68842
12.27	-0.00607136	9.39498	-0.0369315	2.75651	-0.00756547	6.68297
12.28	-0.00601707	9.38571	-0.0363848	2.75202	-0.00744751	6.67752
12.29	-0.00596326	9.37646	-0.0358462	2.74754	-0.00733139	6.67209
12.3	-0.00590993	9.36721	-0.0353156	2.74308	-0.00721708	6.66667
12.31	-0.00585707	9.35797	-0.0347929	2.73862	-0.00710455	6.66125
12.32	-0.00580468	9.34875	-0.0342778	2.73418	-0.00699378	6.65584
12.33	-0.00575275	9.33954	-0.0337704	2.72974	-0.00688474	6.65045
12.34	-0.00570128	9.33033	-0.0332705	2.72532	-0.00677741	6.64506
12.35	-0.00565027	9.32114	-0.032778	2.72091	-0.00667175	6.63968
12.36	-0.00559971	9.31195	-0.0322927	2.71651	-0.00656773	6.6343
12.37	-0.0055496	9.30278	-0.0318147	2.71212	-0.00646535	6.62894
12.38	-0.00549993	9.29362	-0.0313437	2.70774	-0.00636456	6.62359
12.39	-0.0054507	9.28447	-0.0308797	2.70337	-0.00626534	6.61824
12.4	-0.0054019	9.27532	-0.0304225	2.69901	-0.00616767	6.6129
12.41	-0.00535353	9.26619	-0.0299721	2.69466	-0.00607153	6.60757
12.42	-0.00530559	9.25708	-0.0295284	2.69033	-0.00597689	6.60225
12.43	-0.00525807	9.24797	-0.0290912	2.686	-0.00588372	6.59694
12.44	-0.00521097	9.23887	-0.0286606	2.68168	-0.00579201	6.59164
12.45	-0.00516428	9.22978	-0.0282362	2.67738	-0.00570173	6.58635
12.46	-0.005118	9.22071	-0.0278182	2.67308	-0.00561286	6.58106
12.47	-0.00507213	9.21165	-0.0274063	2.66879	-0.00552538	6.57578
12.48	-0.00502666	9.20259	-0.0270006	2.66452	-0.00543926	6.57051
12.49	-0.00498158	9.19355	-0.0266008	2.66025	-0.00535449	6.56525
12.5	-0.00493691	9.18452	-0.026207	2.656	-0.00527104	6.56
12.51	-0.00489262	9.1755	-0.0258189	2.65176	-0.00518889	6.55476
12.52	-0.00484872	9.1665	-0.0254367	2.64752	-0.00510802	6.54952
12.53	-0.0048052	9.1575	-0.0250601	2.6433	-0.00502842	6.54429
12.54	-0.00476207	9.14852	-0.024689	2.63908	-0.00495006	6.53907
12.55	-0.00471931	9.13955	-0.0243235	2.63488	-0.00487292	6.53386
12.56	-0.00467692	9.13059	-0.0239633	2.63068	-0.00479699	6.52866
12.57	-0.0046349	9.12164	-0.0236085	2.6265	-0.00472224	6.52347
12.58	-0.00459325	9.1127	-0.0232589	2.62233	-0.00464866	6.51828
12.59	-0.00455196	9.10378	-0.0229145	2.61816	-0.00457622	6.51311
12.6	-0.00451102	9.09486	-0.0225752	2.61401	-0.00450492	6.50794
12.61	-0.00447045	9.08596	-0.022241	2.60986	-0.00443473	6.50278
12.62	-0.00443022	9.07708	-0.0219116	2.60573	-0.00436564	6.49762
12.63	-0.00439034	9.0682	-0.0215872	2.60161	-0.00429762	6.49248
12.64	-0.00435081	9.05933	-0.0212675	2.59749	-0.00423066	6.48734
12.65	-0.00431162	9.05048	-0.0209526	2.59339	-0.00416475	6.48221
12.66	-0.00427277	9.04164	-0.0206424	2.58929	-0.00409987	6.47709
12.67	-0.00423425	9.03281	-0.0203367	2.5852	-0.004036	6.47198
12.68	-0.00419607	9.024	-0.0200356	2.58113	-0.00397313	6.46688
12.69	-0.00415821	9.01519	-0.0197389	2.57706	-0.00391124	6.46178
12.7	-0.00412068	9.0064	-0.0194466	2.57301	-0.00385031	6.45669
12.71	-0.00408348	8.99762	-0.0191586	2.56896	-0.00379033	6.45161
12.72	-0.00404659	8.98885	-0.0188749	2.56492	-0.00373129	6.44654
12.73	-0.00401002	8.9801	-0.0185954	2.56089	-0.00367318	6.44148
12.74	-0.00397376	8.97136	-0.01832	2.55687	-0.00361596	6.43642
12.75	-0.00393782	8.96263	-0.0180487	2.55286	-0.00355965	6.43137
12.76	-0.00390218	8.95391	-0.0177815	2.54886	-0.00350421	6.42633
12.77	-0.00386684	8.94521	-0.0175182	2.54487	-0.00344963	6.4213
12.78	-0.00383181	8.93651	-0.0172587	2.54089	-0.00339591	6.41628
12.79	-0.00379707	8.92783	-0.0170031	2.53692	-0.00334302	6.41126
12.8	-0.00376264	8.91917	-0.0167514	2.53296	-0.00329096	6.40625
12.81	-0.00372849	8.91051	-0.0165033	2.52901	-0.00323971	6.40125
12.82	-0.00369464	8.90187	-0.0162589	2.52506	-0.00318926	6.39626
12.83	-0.00366107	8.89324	-0.0160181	2.52113	-0.0031396	6.39127
12.84	-0.00362778	8.88462	-0.0157809	2.5172	-0.00309071	6.38629
12.85	-0.00359478	8.87602	-0.0155472	2.51329	-0.00304259	6.38132
12.86	-0.00356206	8.86743	-0.0153169	2.50938	-0.00299521	6.37636
12.87	-0.00352962	8.85885	-0.0150901	2.50548	-0.00294858	6.37141
12.88	-0.00349745	8.85028	-0.0148666	2.50159	-0.00290267	6.36646
12.89	-0.00346555	8.84173	-0.0146465	2.49771	-0.00285748	6.36152
12.9	-0.00343391	8.83319	-0.0144295	2.49384	-0.00281299	6.35659
12.91	-0.00340255	8.82466	-0.0142158	2.48998	-0.0027692	6.35167
12.92	-0.00337145	8.81614	-0.0140053	2.48613	-0.00272609	6.34675
12.93	-0.00334061	8.80764	-0.0137979	2.48228	-0.00268365	6.34184
12.94	-0.00331002	8.79915	-0.0135936	2.47845	-0.00264188	6.33694
12.95	-0.0032797	8.79067	-0.0133922	2.47462	-0.00260075	6.33205
12.96	-0.00324962	8.78221	-0.0131939	2.4708	-0.00256027	6.32716
12.97	-0.0032198	8.77376	-0.0129985	2.46699	-0.00252042	6.32228
12.98	-0.00319023	8.76532	-0.012806	2.46319	-0.00248119	6.31741
12.99	-0.0031609	8.75689	-0.0126163	2.4594	-0.00244257	6.31255
13	-0.00313181	8.74848	-0.0124295	2.45562	-0.00240455	6.30769
13.01	-0.00310297	8.74008	-0.0122454	2.45185	-0.00236713	6.30284
13.02	-0.00307437	8.73169	-0.012064	2.44808	-0.00233029	6.298
13.03	-0.003046	8.72332	-0.0118853	2.44433	-0.00229402	6.29317
13.04	-0.00301787	8.71496	-0.0117093	2.44058	-0.00225832	6.28834
13.05	-0.00298997	8.70661	-0.0115359	2.43684	-0.00222318	6.28352
13.06	-0.0029623	8.69827	-0.011365	2.43311	-0.00218859	6.27871
13.07	-0.00293485	8.68995	-0.0111967	2.42939	-0.00215453	6.27391
13.08	-0.00290764	8.68164	-0.0110309	2.42567	-0.002121	6.26911
13.09	-0.00288064	8.67334	-0.0108675	2.42197	-0.002088	6.26432
13.1	-0.00285387	8.66505	-0.0107065	2.41827	-0.00205551	6.25954
13.11	-0.00282731	8.65678	-0.010548	2.41459	-0.00202353	6.25477
13.12	-0.00280097	8.64852	-0.0103917	2.41091	-0.00199205	6.25
13.13	-0.00277485	8.64028	-0.0102378	2.40724	-0.00196106	6.24524
13.14	-0.00274894	8.63204	-0.0100862	2.40357	-0.00193055	6.24049
13.15	-0.00272324	8.62382	-0.00993681	2.39992	-0.00190051	6.23574
13.16	-0.00269774	8.61562	-0.00978963	2.39627	-0.00187095	6.231
13.17	-0.00267246	8.60742	-0.00964463	2.39264	-0.00184184	6.22627
13.18	-0.00264737	8.59924	-0.00950178	2.38901	-0.00181319	6.22155
13.19	-0.00262249	8.59107	-0.00936105	2.38539	-0.00178499	6.21683
13.2	-0.00259781	8.58291	-0.0092224	2.38177	-0.00175722	6.21212
13.21	-0.00257333	8.57477	-0.0090858	2.37817	-0.00172989	6.20742
13.22	-0.00254905	8.56664	-0.00895123	2.37457	-0.00170298	6.20272
13.23	-0.00252495	8.55852	-0.00881864	2.37098	-0.0016765	6.19803
13.24	-0.00250105	8.55042	-0.00868803	2.3674	-0.00165042	6.19335
13.25	-0.00247734	8.54233	-0.00855934	2.36383	-0.00162476	6.18868
13.26	-0.00245382	8.53425	-0.00843256	2.36027	-0.00159949	6.18401
13.27	-0.00243049	8.52618	-0.00830766	2.35671	-0.00157461	6.17935
13.28	-0.00240734	8.51813	-0.00818461	2.35316	-0.00155013	6.1747
13.29	-0.00238437	8.51009	-0.00806338	2.34962	-0.00152602	6.17005
13.3	-0.00236159	8.50206	-0.00794395	2.34609	-0.00150229	6.16541
13.31	-0.00233898	8.49404	-0.00782628	2.34257	-0.00147893	6.16078
13.32	-0.00231655	8.48604	-0.00771036	2.33905	-0.00145594	6.15616
13.33	-0.0022943	8.47805	-0.00759615	2.33554	-0.0014333	6.15154
13.34	-0.00227222	8.47007	-0.00748364	2.33204	-0.00141101	6.14693
13.35	-0.00225031	8.46211	-0.00737279	2.32855	-0.00138908	6.14232
13.36	-0.00222857	8.45416	-0.00726359	2.32507	-0.00136748	6.13772
13.37	-0.002207	8.44622	-0.007156	2.32159	-0.00134622	6.13313
13.38	-0.0021856	8.43829	-0.00705	2.31812	-0.00132529	6.12855
13.39	-0.00216436	8.43038	-0.00694557	2.31466	-0.00130469	6.12397
13.4	-0.00214329	8.42248	-0.0068427	2.31121	-0.00128441	6.1194
13.41	-0.00212238	8.41459	-0.00674134	2.30776	-0.00126444	6.11484
13.42	-0.00210163	8.40672	-0.00664148	2.30432	-0.00124479	6.11028
13.43	-0.00208103	8.39886	-0.00654311	2.30089	-0.00122544	6.10573
13.44	-0.0020606	8.39101	-0.00644619	2.29747	-0.00120639	6.10119
13.45	-0.00204032	8.38317	-0.00635071	2.29405	-0.00118764	6.09665
13.46	-0.00202019	8.37534	-0.00625664	2.29065	-0.00116918	6.09212
13.47	-0.00200022	8.36753	-0.00616396	2.28725	-0.00115101	6.0876
13.48	-0.00198039	8.35973	-0.00607266	2.28385	-0.00113312	6.08309
13.49	-0.00196071	8.35195	-0.00598271	2.28047	-0.00111551	6.07858
13.5	-0.00194119	8.34417	-0.00589409	2.27709	-0.00109818	6.07407
13.51	-0.0019218	8.33641	-0.00580678	2.27372	-0.00108111	6.06958
13.52	-0.00190257	8.32866	-0.00572077	2.27036	-0.00106431	6.06509
13.53	-0.00188347	8.32093	-0.00563603	2.26701	-0.00104777	6.06061
13.54	-0.00186452	8.3132	-0.00555254	2.26366	-0.00103149	6.05613
13.55	-0.0018457	8.30549	-0.00547029	2.26032	-0.00101547	6.05166
13.56	-0.00182702	8.29779	-0.00538926	2.25699	-0.000999688	6.0472
13.57	-0.00180849	8.29011	-0.00530943	2.25366	-0.000984156	6.04274
13.58	-0.00179008	8.28243	-0.00523079	2.25034	-0.000968866	6.03829
13.59	-0.00177181	8.27477	-0.0051533	2.24703	-0.000953813	6.03385
13.6	-0.00175367	8.26712	-0.00507697	2.24373	-0.000938995	6.02941
13.61	-0.00173567	8.25949	-0.00500176	2.24043	-0.000924408	6.02498
13.62	-0.00171779	8.25186	-0.00492767	2.23714	-0.000910048	6.02056
13.63	-0.00170004	8.24425	-0.00485468	2.23386	-0.000895911	6.01614
13.64	-0.00168242	8.23665	-0.00478277	2.23059	-0.000881994	6.01173
13.65	-0.00166492	8.22907	-0.00471192	2.22732	-0.000868294	6.00733
13.66	-0.00164755	8.22149	-0.00464212	2.22406	-0.000854807	6.00293
13.67	-0.0016303	8.21393	-0.00457336	2.22081	-0.00084153	5.99854
13.68	-0.00161317	8.20638	-0.00450561	2.21756	-0.00082846	5.99415
13.69	-0.00159617	8.19884	-0.00443887	2.21432	-0.000815593	5.98977
13.7	-0.00157928	8.19132	-0.00437312	2.21109	-0.000802926	5.9854
13.71	-0.00156251	8.18381	-0.00430834	2.20787	-0.000790457	5.98104
13.72	-0.00154585	8.1763	-0.00424452	2.20465	-0.000778181	5.97668
13.73	-0.00152931	8.16882	-0.00418165	2.20144	-0.000766096	5.97232
13.74	-0.00151288	8.16134	-0.0041197	2.19824	-0.0007542	5.96798
13.75	-0.00149657	8.15388	-0.00405868	2.19504	-0.000742488	5.96364
13.76	-0.00148036	8.14642	-0.00399855	2.19185	-0.000730959	5.9593
13.77	-0.00146427	8.13899	-0.00393932	2.18867	-0.000719609	5.95497
13.78	-0.00144829	8.13156	-0.00388097	2.18549	-0.000708436	5.95065
13.79	-0.00143241	8.12414	-0.00382348	2.18233	-0.000697437	5.94634
13.8	-0.00141664	8.11674	-0.00376684	2.17916	-0.000686608	5.94203
13.81	-0.00140097	8.10935	-0.00371104	2.17601	-0.000675948	5.93773
13.82	-0.00138541	8.10197	-0.00365607	2.17286	-0.000665454	5.93343
13.83	-0.00136994	8.0946	-0.00360191	2.16972	-0.000655123	5.92914
13.84	-0.00135458	8.08725	-0.00354855	2.16659	-0.000644953	5.92486
13.85	-0.00133933	8.07991	-0.00349599	2.16346	-0.000634941	5.92058
13.86	-0.00132416	8.07257	-0.0034442	2.16034	-0.000625085	5.91631
13.87	-0.0013091	8.06526	-0.00339318	2.15722	-0.000615382	5.91204
13.88	-0.00129414	8.05795	-0.00334292	2.15412	-0.00060583	5.90778
13.89	-0.00127926	8.05065	-0.0032934	2.15102	-0.000596427	5.90353
13.9	-0.00126449	8.04337	-0.00324461	2.14792	-0.00058717	5.89928
13.91	-0.0012498	8.0361	-0.00319654	2.14483	-0.000578056	5.89504
13.92	-0.00123521	8.02884	-0.00314919	2.14175	-0.000569085	5.8908
13.93	-0.00122071	8.02159	-0.00310254	2.13868	-0.000560253	5.88658
13.94	-0.0012063	8.01436	-0.00305658	2.13561	-0.000551558	5.88235
13.95	-0.00119198	8.00713	-0.0030113	2.13255	-0.000542999	5.87814
13.96	-0.00117774	7.99992	-0.0029667	2.1295	-0.000534572	5.87393
13.97	-0.0011636	7.99272	-0.00292275	2.12645	-0.000526277	5.86972
13.98	-0.00114953	7.98553	-0.00287945	2.12341	-0.00051811	5.86552
13.99	-0.00113556	7.97836	-0.0028368	2.12037	-0.000510071	5.86133
14	-0.00112166	7.97119	-0.00279477	2.11735	-0.000502157	5.85714
14.01	-0.00110785	7.96404	-0.00275337	2.11433	-0.000494365	5.85296
14.02	-0.00109412	7.9569	-0.00271259	2.11131	-0.000486695	5.84879
14.03	-0.00108046	7.94977	-0.0026724	2.1083	-0.000479144	5.84462
14.04	-0.00106689	7.94265	-0.00263281	2.1053	-0.00047171	5.84046
14.05	-0.0010534	7.93554	-0.00259381	2.1023	-0.000464392	5.8363
14.06	-0.00103998	7.92845	-0.00255539	2.09931	-0.000457188	5.83215
14.07	-0.00102664	7.92137	-0.00251753	2.09633	-0.000450095	5.828
14.08	-0.00101337	7.91429	-0.00248024	2.09335	-0.000443113	5.82386
14.09	-0.00100018	7.90723	-0.0024435	2.09038	-0.00043624	5.81973
14.1	-0.000987063	7.90019	-0.0024073	2.08742	-0.000429473	5.8156
14.11	-0.000974016	7.89315	-0.00237164	2.08446	-0.000422811	5.81148
14.12	-0.00096104	7.88612	-0.00233651	2.08151	-0.000416253	5.80737
14.13	-0.000948134	7.87911	-0.00230189	2.07857	-0.000409797	5.80326
14.14	-0.000935297	7.87211	-0.00226779	2.07563	-0.000403441	5.79915
14.15	-0.000922529	7.86512	-0.0022342	2.07269	-0.000397184	5.79505
14.16	-0.000909827	7.85814	-0.0022011	2.06977	-0.000391024	5.79096
14.17	-0.000897192	7.85117	-0.0021685	2.06685	-0.00038496	5.78687
14.18	-0.000884622	7.84421	-0.00213637	2.06393	-0.00037899	5.78279
14.19	-0.000872116	7.83726	-0.00210473	2.06103	-0.000373113	5.77872
14.2	-0.000859674	7.83033	-0.00207355	2.05812	-0.000367327	5.77465
14.21	-0.000847294	7.82341	-0.00204283	2.05523	-0.000361631	5.77058
14.22	-0.000834975	7.8165	-0.00201257	2.05234	-0.000356024	5.76653
14.23	-0.000822717	7.80959	-0.00198275	2.04945	-0.000350503	5.76247
14.24	-0.000810519	7.80271	-0.00195338	2.04658	-0.000345069	5.75843
14.25	-0.00079838	7.79583	-0.00192444	2.04371	-0.000339719	5.75439
14.26	-0.000786298	7.78896	-0.00189593	2.04084	-0.000334452	5.75035
14.27	-0.000774274	7.7821	-0.00186785	2.03798	-0.000329266	5.74632
14.28	-0.000762305	7.77526	-0.00184018	2.03513	-0.000324162	5.7423
14.29	-0.000750392	7.76843	-0.00181292	2.03228	-0.000319136	5.73828
14.3	-0.000738533	7.7616	-0.00178606	2.02944	-0.000314189	5.73427
14.31	-0.000726728	7.75479	-0.0017596	2.0266	-0.000309318	5.73026
14.32	-0.000714974	7.74799	-0.00173354	2.02377	-0.000304524	5.72626
14.33	-0.000703273	7.7412	-0.00170786	2.02095	-0.000299803	5.72226
14.34	-0.000691622	7.73443	-0.00168256	2.01813	-0.000295156	5.71827
14.35	-0.000680022	7.72766	-0.00165763	2.01532	-0.000290581	5.71429
14.36	-0.00066847	7.7209	-0.00163307	2.01252	-0.000286077	5.71031
14.37	-0.000656966	7.71416	-0.00160888	2.00972	-0.000281643	5.70633
14.38	-0.00064551	7.70742	-0.00158505	2.00692	-0.000277278	5.70236
14.39	-0.000634101	7.7007	-0.00156157	2.00413	-0.000272981	5.6984
14.4	-0.000622737	7.69399	-0.00153843	2.00135	-0.00026875	5.69444
14.41	-0.000611418	7.68729	-0.00151564	1.99857	-0.000264586	5.69049
14.42	-0.000600142	7.6806	-0.00149319	1.9958	-0.000260485	5.68655
14.43	-0.00058891	7.67392	-0.00147107	1.99304	-0.000256449	5.68261
14.44	-0.000577721	7.66725	-0.00144928	1.99028	-0.000252475	5.67867
14.45	-0.000566573	7.66059	-0.00142781	1.98752	-0.000248563	5.67474
14.46	-0.000555465	7.65394	-0.00140666	1.98478	-0.000244711	5.67082
14.47	-0.000544398	7.6473	-0.00138582	1.98203	-0.00024092	5.6669
14.48	-0.000533369	7.64068	-0.00136529	1.9793	-0.000237187	5.66298
14.49	-0.000522379	7.63406	-0.00134506	1.97657	-0.000233512	5.65908
14.5	-0.000511426	7.62746	-0.00132514	1.97384	-0.000229894	5.65517
14.51	-0.00050051	7.62086	-0.00130551	1.97112	-0.000226332	5.65127
14.52	-0.00048963	7.61428	-0.00128617	1.96841	-0.000222826	5.64738
14.53	-0.000478784	7.60771	-0.00126711	1.9657	-0.000219374	5.6435
14.54	-0.000467973	7.60115	-0.00124834	1.963	-0.000215976	5.63961
14.55	-0.000457196	7.59459	-0.00122985	1.9603	-0.00021263	5.63574
14.56	-0.000446451	7.58805	-0.00121163	1.95761	-0.000209336	5.63187
14.57	-0.000435738	7.58152	-0.00119368	1.95492	-0.000206094	5.628
14.58	-0.000425056	7.575	-0.001176	1.95224	-0.000202901	5.62414
14.59	-0.000414405	7.56849	-0.00115858	1.94956	-0.000199759	5.62029
14.6	-0.000403783	7.56199	-0.00114141	1.94689	-0.000196665	5.61644
14.61	-0.00039319	7.55551	-0.0011245	1.94423	-0.000193619	5.61259
14.62	-0.000382625	7.54903	-0.00110784	1.94157	-0.00019062	5.60876
14.63	-0.000372087	7.54256	-0.00109143	1.93892	-0.000187668	5.60492
14.64	-0.000361576	7.5361	-0.00107526	1.93627	-0.000184762	5.60109
14.65	-0.000351091	7.52966	-0.00105934	1.93363	-0.0001819	5.59727
14.66	-0.00034063	7.52322	-0.00104364	1.93099	-0.000179083	5.59345
14.67	-0.000330194	7.51679	-0.00102818	1.92836	-0.00017631	5.58964
14.68	-0.000319781	7.51038	-0.00101295	1.92573	-0.00017358	5.58583
14.69	-0.000309391	7.50397	-0.000997943	1.92311	-0.000170892	5.58203
14.7	-0.000299023	7.49758	-0.00098316	1.9205	-0.000168246	5.57823
14.71	-0.000288676	7.49119	-0.000968595	1.91789	-0.000165641	5.57444
14.72	-0.00027835	7.48482	-0.000954246	1.91528	-0.000163076	5.57065
14.73	-0.000268043	7.47845	-0.00094011	1.91268	-0.000160552	5.56687
14.74	-0.000257756	7.4721	-0.000926183	1.91009	-0.000158066	5.56309
14.75	-0.000247487	7.46575	-0.000912462	1.9075	-0.000155619	5.55932
14.76	-0.000237235	7.45942	-0.000898944	1.90491	-0.000153209	5.55556
14.77	-0.000227	7.45309	-0.000885627	1.90234	-0.000150838	5.55179
14.78	-0.000216781	7.44678	-0.000872507	1.89976	-0.000148503	5.54804
14.79	-0.000206578	7.44047	-0.000859582	1.89719	-0.000146204	5.54429
14.8	-0.000196389	7.43418	-0.000846848	1.89463	-0.000143941	5.54054
14.81	-0.000186214	7.4279	-0.000834302	1.89207	-0.000141713	5.5368
14.82	-0.000176052	7.42162	-0.000821943	1.88952	-0.000139519	5.53306
14.83	-0.000165903	7.41536	-0.000809766	1.88697	-0.000137359	5.52933
14.84	-0.000155765	7.4091	-0.00079777	1.88443	-0.000135233	5.52561
14.85	-0.000145639	7.40286	-0.000785952	1.88189	-0.00013314	5.52189
14.86	-0.000135522	7.39663	-0.000774308	1.87936	-0.00013108	5.51817
14.87	-0.000125415	7.3904	-0.000762838	1.87684	-0.000129051	5.51446
14.88	-0.000115317	7.38419	-0.000751537	1.87431	-0.000127054	5.51075
14.89	-0.000105228	7.37798	-0.000740403	1.8718	-0.000125088	5.50705
14.9	-9.51452e-05	7.37179	-0.000729435	1.86929	-0.000123152	5.50336
14.91	-8.50695e-05	7.3656	-0.000718629	1.86678	-0.000121246	5.49966
14.92	-7.49998e-05	7.35943	-0.000707983	1.86428	-0.00011937	5.49598
14.93	-6.49354e-05	7.35326	-0.000697494	1.86178	-0.000117523	5.4923
14.94	-5.48755e-05	7.34711	-0.000687161	1.85929	-0.000115704	5.48862
14.95	-4.48195e-05	7.34096	-0.000676982	1.8568	-0.000113914	5.48495
14.96	-3.47666e-05	7.33483	-0.000666953	1.85432	-0.000112151	5.48128
14.97	-2.47162e-05	7.3287	-0.000657072	1.85184	-0.000110416	5.47762
14.98	-1.46675e-05	7.32258	-0.000647338	1.84937	-0.000108708	5.47397
14.99	-4.61984e-06	7.31647	-0.000637748	1.84691	-0.000107026	5.47031
