0	0	inf	-44.0186	inf	-inf	22.2927
0.01	3.2447e-14	4.14998e+06	-44.0186	4.15e+06	-0.0057013	22.2927
0.02	-9.08521e-13	1.03748e+06	-44.0186	1.0375e+06	-0.00289351	22.2926
0.03	-9.6366e-12	461089	-44.0186	461111	-0.00195802	22.2925
0.04	-4.46452e-11	259353	-44.0186	259375	-0.00149059	22.2923
0.05	-1.41945e-10	165978	-44.0186	166000	-0.00121041	22.2921
0.06	-3.60899e-10	115256	-44.0186	115278	-0.00102384	22.2919
0.07	-7.90054e-10	84672.2	-44.0186	84693.9	-0.000890772	22.2915
0.08	-1.55297e-09	64822	-44.0186	64843.8	-0.000791146	22.2912
0.09	-2.81403e-09	51212.8	-44.0186	51234.6	-0.000713815	22.2908
0.1	-4.78428e-09	41478.3	-44.0186	41500	-0.000652094	22.2903
0.11	-7.72722e-09	34275.8	-44.0185	34297.5	-0.000601727	22.2898
0.12	-1.19646e-08	28797.7	-44.0185	28819.4	-0.000559877	22.2892
0.13	-1.78822e-08	24534.5	-44.0185	24556.2	-0.000524581	22.2886
0.14	-2.59357e-08	21151.7	-44.0185	21173.5	-0.000494435	22.288
0.15	-3.66563e-08	18422.7	-44.0185	18444.4	-0.000468412	22.2872
0.16	-5.06567e-08	16189.2	-44.0185	16210.9	-0.000445739	22.2865
0.17	-6.86364e-08	14338.1	-44.0185	14359.9	-0.000425828	22.2857
0.18	-9.13882e-08	12786.9	-44.0185	12808.6	-0.000408218	22.2848
0.19	-1.19803e-07	11474.1	-44.0185	11495.8	-0.000392548	22.2839
0.2	-1.54877e-07	10353.3	-44.0184	10375	-0.000378528	22.283
0.21	-1.97714e-07	9388.69	-44.0184	9410.43	-0.000365924	22.282
0.22	-2.49536e-07	8552.64	-44.0184	8574.38	-0.000354543	22.2809
0.23	-3.11686e-07	7823.25	-44.0184	7844.99	-0.000344227	22.2798
0.24	-3.85632e-07	7183.12	-44.0184	7204.86	-0.000334845	22.2787
0.25	-4.72976e-07	6618.26	-44.0184	6640	-0.000326285	22.2775
0.26	-5.75458e-07	6117.31	-44.0184	6139.05	-0.000318453	22.2762
0.27	-6.94962e-07	5670.99	-44.0184	5692.73	-0.00031127	22.2749
0.28	-8.33521e-07	5271.62	-44.0183	5293.37	-0.000304666	22.2736
0.29	-9.93322e-07	4912.86	-44.0183	4934.6	-0.000298584	22.2722
0.3	-1.17671e-06	4589.36	-44.0183	4611.11	-0.000292971	22.2708
0.31	-1.38621e-06	4296.67	-44.0183	4318.42	-0.000287783	22.2693
0.32	-1.6245e-06	4030.98	-44.0183	4052.73	-0.000282982	22.2677
0.33	-1.89443e-06	3789.08	-44.0183	3810.84	-0.000278533	22.2662
0.34	-2.19907e-06	3568.21	-44.0183	3589.97	-0.000274406	22.2645
0.35	-2.54163e-06	3366	-44.0182	3387.76	-0.000270574	22.2628
0.36	-2.92554e-06	3180.4	-44.0182	3202.16	-0.000267014	22.2611
0.37	-3.35442e-06	3009.65	-44.0182	3031.41	-0.000263704	22.2593
0.38	-3.83211e-06	2852.2	-44.0182	2873.96	-0.000260625	22.2575
0.39	-4.36263e-06	2706.71	-44.0182	2728.47	-0.000257761	22.2556
0.4	-4.95023e-06	2571.99	-44.0182	2593.75	-0.000255095	22.2537
0.41	-5.59938e-06	2447	-44.0182	2468.77	-0.000252616	22.2517
0.42	-6.31477e-06	2330.84	-44.0181	2352.61	-0.000250309	22.2497
0.43	-7.10133e-06	2222.69	-44.0181	2244.46	-0.000248164	22.2476
0.44	-7.9642e-06	2121.82	-44.0181	2143.6	-0.000246171	22.2455
0.45	-8.90879e-06	2027.61	-44.0181	2049.38	-0.00024432	22.2433
0.46	-9.94074e-06	1939.47	-44.0181	1961.25	-0.000242602	22.2411
0.47	-1.10659e-05	1856.9	-44.0181	1878.68	-0.000241011	22.2388
0.48	-1.22905e-05	1779.43	-44.018	1801.22	-0.000239538	22.2365
0.49	-1.36209e-05	1706.66	-44.018	1728.45	-0.000238178	22.2341
0.5	-1.50637e-05	1638.21	-44.018	1660	-0.000236924	22.2317
0.51	-1.66259e-05	1573.75	-44.018	1595.54	-0.000235771	22.2293
0.52	-1.83148e-05	1512.97	-44.018	1534.76	-0.000234714	22.2267
0.53	-2.01377e-05	1455.6	-44.0179	1477.39	-0.000233748	22.2242
0.54	-2.21025e-05	1401.39	-44.0179	1423.18	-0.000232869	22.2216
0.55	-2.42172e-05	1350.1	-44.0179	1371.9	-0.000232073	22.2189
0.56	-2.64902e-05	1301.54	-44.0179	1323.34	-0.000231356	22.2162
0.57	-2.89302e-05	1255.51	-44.0179	1277.32	-0.000230715	22.2134
0.58	-3.1546e-05	1211.84	-44.0178	1233.65	-0.000230147	22.2106
0.59	-3.4347e-05	1170.38	-44.0178	1192.19	-0.000229648	22.2078
0.6	-3.73426e-05	1130.97	-44.0178	1152.78	-0.000229216	22.2049
0.61	-4.05429e-05	1093.48	-44.0178	1115.29	-0.000228848	22.2019
0.62	-4.3958e-05	1057.79	-44.0178	1079.6	-0.000228543	22.1989
0.63	-4.75983e-05	1023.78	-44.0177	1045.6	-0.000228297	22.1959
0.64	-5.14749e-05	991.359	-44.0177	1013.18	-0.000228109	22.1928
0.65	-5.55988e-05	960.421	-44.0177	982.249	-0.000227977	22.1896
0.66	-5.99816e-05	930.878	-44.0177	952.709	-0.000227898	22.1864
0.67	-6.46351e-05	902.648	-44.0176	924.482	-0.000227872	22.1832
0.68	-6.95716e-05	875.654	-44.0176	897.491	-0.000227897	22.1799
0.69	-7.48035e-05	849.825	-44.0176	871.666	-0.000227972	22.1765
0.7	-8.03439e-05	825.095	-44.0176	846.939	-0.000228094	22.1731
0.71	-8.62059e-05	801.402	-44.0175	823.249	-0.000228262	22.1697
0.72	-9.24032e-05	778.689	-44.0175	800.54	-0.000228477	22.1662
0.73	-9.89498e-05	756.903	-44.0175	778.758	-0.000228735	22.1627
0.74	-0.00010586	735.994	-44.0175	757.852	-0.000229037	22.1591
0.75	-0.000113149	715.916	-44.0174	737.778	-0.000229381	22.1554
0.76	-0.00012083	696.625	-44.0174	718.49	-0.000229766	22.1518
0.77	-0.000128921	678.08	-44.0174	699.949	-0.000230192	22.148
0.78	-0.000137437	660.244	-44.0174	682.117	-0.000230658	22.1442
0.79	-0.000146393	643.081	-44.0173	664.958	-0.000231163	22.1404
0.8	-0.000155808	626.557	-44.0173	648.437	-0.000231705	22.1365
0.81	-0.000165696	610.641	-44.0173	632.526	-0.000232286	22.1326
0.82	-0.000176077	595.304	-44.0172	617.192	-0.000232903	22.1286
0.83	-0.000186968	580.517	-44.0172	602.41	-0.000233557	22.1246
0.84	-0.000198386	566.256	-44.0172	588.152	-0.000234246	22.1205
0.85	-0.000210352	552.494	-44.0172	574.394	-0.000234971	22.1164
0.86	-0.000222883	539.209	-44.0171	561.114	-0.000235731	22.1122
0.87	-0.000235999	526.38	-44.0171	548.289	-0.000236525	22.108
0.88	-0.00024972	513.986	-44.0171	535.899	-0.000237353	22.1037
0.89	-0.000264066	502.006	-44.017	523.924	-0.000238215	22.0994
0.9	-0.000279057	490.424	-44.017	512.346	-0.00023911	22.095
0.91	-0.000294716	479.221	-44.017	501.147	-0.000240038	22.0906
0.92	-0.000311063	468.381	-44.0169	490.312	-0.000240999	22.0861
0.93	-0.000328121	457.889	-44.0169	479.824	-0.000241992	22.0816
0.94	-0.000345911	447.73	-44.0169	469.67	-0.000243017	22.0771
0.95	-0.000364457	437.89	-44.0168	459.834	-0.000244075	22.0724
0.96	-0.000383781	428.355	-44.0168	450.304	-0.000245164	22.0678
0.97	-0.000403908	419.114	-44.0167	441.067	-0.000246285	22.0631
0.98	-0.000424861	410.154	-44.0167	432.112	-0.000247437	22.0583
0.99	-0.000446665	401.463	-44.0167	423.426	-0.00024862	22.0535
1	-0.000469345	393.032	-44.0166	415	-0.000249835	22.0486
1.01	-0.000492926	384.85	-44.0166	406.823	-0.00025108	22.0437
1.02	-0.000517434	376.908	-44.0166	398.885	-0.000252357	22.0388
1.03	-0.000542895	369.195	-44.0165	391.177	-0.000253664	22.0338
1.04	-0.000569337	361.703	-44.0165	383.691	-0.000255003	22.0287
1.05	-0.000596786	354.425	-44.0164	376.417	-0.000256371	22.0236
1.06	-0.00062527	347.351	-44.0164	369.349	-0.000257771	22.0185
1.07	-0.000654817	340.474	-44.0163	362.477	-0.000259202	22.0133
1.08	-0.000685456	333.788	-44.0163	355.796	-0.000260663	22.008
1.09	-0.000717215	327.284	-44.0163	349.297	-0.000262154	22.0027
1.1	-0.000750124	320.957	-44.0162	342.975	-0.000263677	21.9974
1.11	-0.000784212	314.799	-44.0162	336.823	-0.00026523	21.992
1.12	-0.000819511	308.806	-44.0161	330.835	-0.000266814	21.9865
1.13	-0.000856051	302.971	-44.0161	325.006	-0.000268429	21.9811
1.14	-0.000893863	297.289	-44.016	319.329	-0.000270075	21.9755
1.15	-0.000932979	291.754	-44.016	313.8	-0.000271752	21.9699
1.16	-0.000973431	286.361	-44.0159	308.413	-0.00027346	21.9643
1.17	-0.00101525	281.106	-44.0159	303.163	-0.000275199	21.9586
1.18	-0.00105847	275.984	-44.0158	298.047	-0.000276969	21.9529
1.19	-0.00110313	270.99	-44.0158	293.058	-0.000278771	21.9471
1.2	-0.00114926	266.12	-44.0157	288.194	-0.000280604	21.9412
1.21	-0.00119689	261.371	-44.0157	283.451	-0.000282469	21.9354
1.22	-0.00124606	256.737	-44.0156	278.823	-0.000284366	21.9294
1.23	-0.0012968	252.216	-44.0156	274.308	-0.000286294	21.9234
1.24	-0.00134916	247.803	-44.0155	269.901	-0.000288255	21.9174
1.25	-0.00140316	243.496	-44.0155	265.6	-0.000290248	21.9113
1.26	-0.00145884	239.291	-44.0154	261.401	-0.000292274	21.9052
1.27	-0.00151625	235.185	-44.0153	257.301	-0.000294332	21.899
1.28	-0.00157541	231.174	-44.0153	253.296	-0.000296423	21.8928
1.29	-0.00163636	227.256	-44.0152	249.384	-0.000298548	21.8865
1.3	-0.00169916	223.428	-44.0152	245.562	-0.000300705	21.8802
1.31	-0.00176382	219.687	-44.0151	241.827	-0.000302896	21.8738
1.32	-0.0018304	216.03	-44.015	238.177	-0.000305121	21.8674
1.33	-0.00189893	212.455	-44.015	234.609	-0.00030738	21.861
1.34	-0.00196946	208.96	-44.0149	231.121	-0.000309672	21.8544
1.35	-0.00204202	205.543	-44.0149	227.709	-0.000312	21.8479
1.36	-0.00211665	202.2	-44.0148	224.373	-0.000314362	21.8413
1.37	-0.00219341	198.93	-44.0147	221.109	-0.000316759	21.8346
1.38	-0.00227232	195.73	-44.0147	217.916	-0.000319191	21.8279
1.39	-0.00235343	192.599	-44.0146	214.792	-0.000321659	21.8211
1.4	-0.00243679	189.535	-44.0145	211.735	-0.000324163	21.8143
1.41	-0.00252244	186.535	-44.0144	208.742	-0.000326703	21.8075
1.42	-0.00261042	183.599	-44.0144	205.812	-0.000329279	21.8005
1.43	-0.00270078	180.724	-44.0143	202.944	-0.000331892	21.7936
1.44	-0.00279357	177.908	-44.0142	200.135	-0.000334542	21.7866
1.45	-0.00288882	175.15	-44.0141	197.384	-0.00033723	21.7795
1.46	-0.00298658	172.448	-44.0141	194.689	-0.000339955	21.7724
1.47	-0.0030869	169.801	-44.014	192.05	-0.000342719	21.7653
1.48	-0.00318983	167.208	-44.0139	189.463	-0.000345521	21.7581
1.49	-0.00329541	164.666	-44.0138	186.929	-0.000348361	21.7508
1.5	-0.00340369	162.175	-44.0138	184.444	-0.000351241	21.7435
1.51	-0.00351472	159.733	-44.0137	182.01	-0.00035416	21.7362
1.52	-0.00362855	157.338	-44.0136	179.623	-0.00035712	21.7288
1.53	-0.00374522	154.991	-44.0135	177.282	-0.000360119	21.7213
1.54	-0.00386479	152.688	-44.0134	174.987	-0.000363159	21.7138
1.55	-0.0039873	150.43	-44.0133	172.737	-0.000366241	21.7063
1.56	-0.0041128	148.215	-44.0132	170.529	-0.000369363	21.6987
1.57	-0.00424135	146.042	-44.0132	168.364	-0.000372528	21.6911
1.58	-0.004373	143.91	-44.0131	166.239	-0.000375735	21.6834
1.59	-0.00450779	141.818	-44.013	164.155	-0.000378985	21.6756
1.6	-0.00464577	139.765	-44.0129	162.109	-0.000382278	21.6679
1.61	-0.00478701	137.75	-44.0128	160.102	-0.000385615	21.66
1.62	-0.00493155	135.771	-44.0127	158.131	-0.000388995	21.6521
1.63	-0.00507944	133.829	-44.0126	156.197	-0.000392421	21.6442
1.64	-0.00523074	131.922	-44.0125	154.298	-0.000395891	21.6362
1.65	-0.0053855	130.05	-44.0124	152.433	-0.000399407	21.6282
1.66	-0.00554378	128.211	-44.0123	150.602	-0.000402969	21.6201
1.67	-0.00570563	126.405	-44.0122	148.804	-0.000406577	21.612
1.68	-0.00587109	124.63	-44.0121	147.038	-0.000410232	21.6038
1.69	-0.00604024	122.887	-44.012	145.303	-0.000413935	21.5956
1.7	-0.00621312	121.175	-44.0119	143.599	-0.000417686	21.5873
1.71	-0.00638979	119.492	-44.0117	141.924	-0.000421486	21.579
1.72	-0.0065703	117.838	-44.0116	140.279	-0.000425334	21.5706
1.73	-0.00675472	116.213	-44.0115	138.661	-0.000429232	21.5622
1.74	-0.00694309	114.615	-44.0114	137.072	-0.00043318	21.5537
1.75	-0.00713548	113.045	-44.0113	135.51	-0.000437179	21.5452
1.76	-0.00733194	111.501	-44.0112	133.975	-0.00044123	21.5366
1.77	-0.00753253	109.983	-44.011	132.465	-0.000445332	21.528
1.78	-0.00773731	108.49	-44.0109	130.981	-0.000449486	21.5193
1.79	-0.00794633	107.022	-44.0108	129.522	-0.000453694	21.5106
1.8	-0.00815966	105.578	-44.0107	128.086	-0.000457955	21.5019
1.81	-0.00837735	104.158	-44.0105	126.675	-0.000462271	21.4931
1.82	-0.00859946	102.761	-44.0104	125.287	-0.000466641	21.4842
1.83	-0.00882605	101.387	-44.0103	123.921	-0.000471067	21.4753
1.84	-0.00905719	100.035	-44.0101	122.578	-0.000475549	21.4663
1.85	-0.00929292	98.7043	-44.01	121.256	-0.000480088	21.4573
1.86	-0.00953331	97.3951	-44.0099	119.956	-0.000484684	21.4483
1.87	-0.00977843	96.1066	-44.0097	118.677	-0.000489339	21.4392
1.88	-0.0100283	94.8384	-44.0096	117.417	-0.000494052	21.43
1.89	-0.0102831	93.5902	-44.0094	116.178	-0.000498824	21.4208
1.9	-0.0105427	92.3613	-44.0093	114.958	-0.000503657	21.4116
1.91	-0.0108073	91.1516	-44.0091	113.758	-0.000508551	21.4023
1.92	-0.011077	89.9605	-44.009	112.576	-0.000513506	21.3929
1.93	-0.0113517	88.7877	-44.0088	111.412	-0.000518523	21.3835
1.94	-0.0116316	87.6328	-44.0087	110.267	-0.000523604	21.3741
1.95	-0.0119167	86.4954	-44.0085	109.139	-0.000528748	21.3646
1.96	-0.012207	85.3752	-44.0084	108.028	-0.000533957	21.355
1.97	-0.0125027	84.2719	-44.0082	106.934	-0.000539231	21.3454
1.98	-0.0128038	83.185	-44.008	105.857	-0.000544571	21.3358
1.99	-0.0131104	82.1143	-44.0079	104.795	-0.000549978	21.3261
2	-0.0134225	81.0594	-44.0077	103.75	-0.000555453	21.3164
2.01	-0.0137402	80.02	-44.0075	102.72	-0.000560996	21.3066
2.02	-0.0140635	78.9958	-44.0073	101.706	-0.000566608	21.2967
2.03	-0.0143926	77.9866	-44.0072	100.706	-0.000572291	21.2868
2.04	-0.0147274	76.9919	-44.007	99.7213	-0.000578044	21.2769
2.05	-0.0150681	76.0116	-44.0068	98.7507	-0.000583869	21.2669
2.06	-0.0154147	75.0454	-44.0066	97.7943	-0.000589767	21.2569
2.07	-0.0157673	74.0929	-44.0064	96.8517	-0.000595738	21.2468
2.08	-0.0161259	73.1539	-44.0062	95.9227	-0.000601784	21.2367
2.09	-0.0164906	72.2282	-44.006	95.007	-0.000607905	21.2265
2.1	-0.0168615	71.3155	-44.0058	94.1043	-0.000614103	21.2163
2.11	-0.0172386	70.4156	-44.0056	93.2144	-0.000620377	21.206
2.12	-0.017622	69.5282	-44.0054	92.3371	-0.00062673	21.1957
2.13	-0.0180117	68.653	-44.0052	91.4722	-0.000633162	21.1853
2.14	-0.0184079	67.7899	-44.005	90.6193	-0.000639674	21.1749
2.15	-0.0188106	66.9387	-44.0048	89.7783	-0.000646266	21.1644
2.16	-0.0192198	66.099	-44.0046	88.9489	-0.000652941	21.1539
2.17	-0.0196357	65.2708	-44.0044	88.131	-0.000659699	21.1433
2.18	-0.0200582	64.4537	-44.0041	87.3243	-0.00066654	21.1327
2.19	-0.0204875	63.6476	-44.0039	86.5286	-0.000673467	21.122
2.2	-0.0209236	62.8523	-44.0037	85.7438	-0.00068048	21.1113
2.21	-0.0213666	62.0676	-44.0034	84.9696	-0.00068758	21.1006
2.22	-0.0218165	61.2932	-44.0032	84.2058	-0.000694768	21.0897
2.23	-0.0222734	60.5291	-44.003	83.4523	-0.000702045	21.0789
2.24	-0.0227374	59.775	-44.0027	82.7089	-0.000709413	21.068
2.25	-0.0232086	59.0307	-44.0025	81.9753	-0.000716872	21.057
2.26	-0.0236869	58.2962	-44.0022	81.2515	-0.000724424	21.046
2.27	-0.0241725	57.5711	-44.002	80.5372	-0.000732069	21.0349
2.28	-0.0246655	56.8553	-44.0017	79.8323	-0.00073981	21.0238
2.29	-0.0251658	56.1487	-44.0014	79.1366	-0.000747647	21.0127
2.3	-0.0256736	55.4512	-44.0012	78.4499	-0.000755581	21.0015
2.31	-0.0261889	54.7624	-44.0009	77.7722	-0.000763613	20.9902
2.32	-0.0267118	54.0824	-44.0006	77.1032	-0.000771745	20.9789
2.33	-0.0272424	53.4109	-44.0003	76.4427	-0.000779978	20.9676
2.34	-0.0277807	52.7479	-44.0001	75.7908	-0.000788313	20.9562
2.35	-0.0283268	52.0931	-43.9998	75.1471	-0.000796752	20.9447
2.36	-0.0288807	51.4464	-43.9995	74.5116	-0.000805295	20.9332
2.37	-0.0294425	50.8077	-43.9992	73.8842	-0.000813945	20.9217
2.38	-0.0300122	50.1768	-43.9989	73.2646	-0.000822702	20.9101
2.39	-0.0305901	49.5537	-43.9986	72.6528	-0.000831568	20.8984
2.4	-0.031176	48.9382	-43.9983	72.0486	-0.000840543	20.8868
2.41	-0.03177	48.3301	-43.9979	71.4519	-0.00084963	20.875
2.42	-0.0323723	47.7293	-43.9976	70.8626	-0.00085883	20.8632
2.43	-0.0329829	47.1358	-43.9973	70.2806	-0.000868145	20.8514
2.44	-0.0336018	46.5493	-43.997	69.7057	-0.000877575	20.8395
2.45	-0.0342292	45.9699	-43.9966	69.1379	-0.000887122	20.8276
2.46	-0.034865	45.3973	-43.9963	68.5769	-0.000896787	20.8156
2.47	-0.0355093	44.8315	-43.996	68.0228	-0.000906573	20.8035
2.48	-0.0361622	44.2723	-43.9956	67.4753	-0.00091648	20.7915
2.49	-0.0368238	43.7196	-43.9952	66.9344	-0.000926511	20.7793
2.5	-0.037494	43.1734	-43.9949	66.4	-0.000936666	20.7671
2.51	-0.0381731	42.6335	-43.9945	65.872	-0.000946947	20.7549
2.52	-0.038861	42.0999	-43.9942	65.3502	-0.000957356	20.7426
2.53	-0.0395577	41.5724	-43.9938	64.8346	-0.000967895	20.7303
2.54	-0.0402634	41.0509	-43.9934	64.3251	-0.000978565	20.7179
2.55	-0.0409781	40.5354	-43.993	63.8216	-0.000989367	20.7055
2.56	-0.0417019	40.0257	-43.9926	63.324	-0.0010003	20.693
2.57	-0.0424348	39.5217	-43.9922	62.8321	-0.00101138	20.6805
2.58	-0.0431769	39.0234	-43.9918	62.346	-0.00102259	20.6679
2.59	-0.0439282	38.5307	-43.9914	61.8655	-0.00103394	20.6553
2.6	-0.0446888	38.0435	-43.991	61.3905	-0.00104543	20.6427
2.61	-0.0454588	37.5617	-43.9905	60.921	-0.00105706	20.6299
2.62	-0.0462382	37.0852	-43.9901	60.4568	-0.00106884	20.6172
2.63	-0.047027	36.614	-43.9897	59.998	-0.00108077	20.6044
2.64	-0.0478253	36.1479	-43.9892	59.5443	-0.00109284	20.5915
2.65	-0.0486332	35.6869	-43.9888	59.0958	-0.00110507	20.5786
2.66	-0.0494508	35.231	-43.9883	58.6523	-0.00111744	20.5656
2.67	-0.050278	34.7799	-43.9879	58.2137	-0.00112998	20.5526
2.68	-0.0511149	34.3337	-43.9874	57.7801	-0.00114266	20.5396
2.69	-0.0519616	33.8923	-43.9869	57.3513	-0.00115551	20.5264
2.7	-0.0528181	33.4556	-43.9864	56.9273	-0.00116851	20.5133
2.71	-0.0536846	33.0236	-43.9859	56.5079	-0.00118168	20.5001
2.72	-0.0545609	32.5961	-43.9854	56.0932	-0.00119501	20.4868
2.73	-0.0554472	32.1731	-43.9849	55.683	-0.00120851	20.4735
2.74	-0.0563436	31.7546	-43.9844	55.2773	-0.00122218	20.4602
2.75	-0.0572501	31.3405	-43.9839	54.876	-0.00123602	20.4468
2.76	-0.0581666	30.9306	-43.9834	54.4791	-0.00125003	20.4333
2.77	-0.0590934	30.525	-43.9828	54.0865	-0.00126421	20.4198
2.78	-0.0600303	30.1237	-43.9823	53.698	-0.00127858	20.4063
2.79	-0.0609776	29.7264	-43.9817	53.3138	-0.00129312	20.3927
2.8	-0.0619351	29.3332	-43.9812	52.9337	-0.00130784	20.379
2.81	-0.062903	28.944	-43.9806	52.5576	-0.00132275	20.3653
2.82	-0.0638813	28.5588	-43.98	52.1855	-0.00133785	20.3516
2.83	-0.06487	28.1774	-43.9794	51.8174	-0.00135313	20.3378
2.84	-0.0658693	27.8	-43.9788	51.4531	-0.0013686	20.324
2.85	-0.066879	27.4262	-43.9782	51.0926	-0.00138427	20.3101
2.86	-0.0678993	27.0563	-43.9776	50.736	-0.00140013	20.2961
2.87	-0.0689303	26.69	-43.977	50.383	-0.0014162	20.2822
2.88	-0.0699718	26.3273	-43.9763	50.0338	-0.00143246	20.2681
2.89	-0.0710241	25.9683	-43.9757	49.6881	-0.00144893	20.254
2.9	-0.0720871	25.6127	-43.975	49.346	-0.0014656	20.2399
2.91	-0.0731609	25.2607	-43.9744	49.0075	-0.00148248	20.2257
2.92	-0.0742454	24.912	-43.9737	48.6724	-0.00149957	20.2115
2.93	-0.0753408	24.5668	-43.973	48.3407	-0.00151688	20.1972
2.94	-0.076447	24.2249	-43.9723	48.0124	-0.0015344	20.1829
2.95	-0.0775642	23.8863	-43.9716	47.6874	-0.00155215	20.1685
2.96	-0.0786923	23.5509	-43.9709	47.3658	-0.00157012	20.1541
2.97	-0.0798313	23.2188	-43.9702	47.0474	-0.00158831	20.1396
2.98	-0.0809814	22.8898	-43.9694	46.7321	-0.00160673	20.1251
2.99	-0.0821424	22.5639	-43.9687	46.4201	-0.00162538	20.1105
3	-0.0833146	22.2411	-43.9679	46.1111	-0.00164426	20.0959
3.01	-0.0844978	21.9214	-43.9672	45.8052	-0.00166339	20.0812
3.02	-0.0856921	21.6046	-43.9664	45.5024	-0.00168275	20.0665
3.03	-0.0868976	21.2908	-43.9656	45.2025	-0.00170235	20.0517
3.04	-0.0881142	20.9799	-43.9648	44.9056	-0.0017222	20.0369
3.05	-0.089342	20.6719	-43.964	44.6117	-0.00174231	20.022
3.06	-0.090581	20.3668	-43.9631	44.3206	-0.00176266	20.0071
3.07	-0.0918313	20.0644	-43.9623	44.0323	-0.00178327	19.9922
3.08	-0.0930928	19.7648	-43.9614	43.7468	-0.00180414	19.9772
3.09	-0.0943655	19.468	-43.9606	43.4641	-0.00182527	19.9621
3.1	-0.0956496	19.1738	-43.9597	43.1842	-0.00184666	19.947
3.11	-0.096945	18.8823	-43.9588	42.9069	-0.00186833	19.9318
3.12	-0.0982517	18.5934	-43.9579	42.6323	-0.00189027	19.9166
3.13	-0.0995697	18.3071	-43.957	42.3603	-0.00191248	19.9014
3.14	-0.100899	18.0234	-43.956	42.091	-0.00193498	19.8861
3.15	-0.10224	17.7422	-43.9551	41.8241	-0.00195775	19.8707
3.16	-0.103592	17.4635	-43.9541	41.5598	-0.00198082	19.8553
3.17	-0.104956	17.1873	-43.9531	41.2981	-0.00200417	19.8399
3.18	-0.106331	16.9135	-43.9521	41.0387	-0.00202782	19.8244
3.19	-0.107717	16.6421	-43.9511	40.7818	-0.00205177	19.8088
3.2	-0.109115	16.373	-43.9501	40.5273	-0.00207602	19.7932
3.21	-0.110524	16.1064	-43.9491	40.2752	-0.00210057	19.7776
3.22	-0.111945	15.842	-43.948	40.0255	-0.00212543	19.7619
3.23	-0.113377	15.5799	-43.9469	39.778	-0.00215061	19.7461
3.24	-0.11482	15.32	-43.9459	39.5328	-0.0021761	19.7303
3.25	-0.116275	15.0624	-43.9448	39.2899	-0.00220192	19.7145
3.26	-0.117742	14.807	-43.9436	39.0493	-0.00222806	19.6986
3.27	-0.11922	14.5538	-43.9425	38.8108	-0.00225453	19.6827
3.28	-0.120709	14.3027	-43.9414	38.5745	-0.00228134	19.6667
3.29	-0.12221	14.0537	-43.9402	38.3404	-0.00230848	19.6506
3.3	-0.123722	13.8068	-43.939	38.1084	-0.00233597	19.6345
3.31	-0.125246	13.562	-43.9378	37.8784	-0.0023638	19.6184
3.32	-0.126781	13.3193	-43.9366	37.6506	-0.00239199	19.6022
3.33	-0.128327	13.0785	-43.9353	37.4248	-0.00242053	19.586
3.34	-0.129885	12.8398	-43.9341	37.201	-0.00244943	19.5697
3.35	-0.131454	12.603	-43.9328	36.9793	-0.0024787	19.5534
3.36	-0.133035	12.3681	-43.9315	36.7595	-0.00250834	19.537
3.37	-0.134627	12.1352	-43.9302	36.5417	-0.00253835	19.5206
3.38	-0.13623	11.9042	-43.9288	36.3258	-0.00256874	19.5041
3.39	-0.137845	11.6751	-43.9275	36.1118	-0.00259951	19.4876
3.4	-0.139471	11.4478	-43.9261	35.8997	-0.00263068	19.471
3.41	-0.141109	11.2224	-43.9247	35.6894	-0.00266223	19.4544
3.42	-0.142757	10.9988	-43.9233	35.481	-0.00269419	19.4377
3.43	-0.144417	10.777	-43.9219	35.2744	-0.00272655	19.421
3.44	-0.146088	10.5569	-43.9204	35.0696	-0.00275933	19.4042
3.45	-0.14777	10.3386	-43.9189	34.8666	-0.00279251	19.3874
3.46	-0.149464	10.122	-43.9174	34.6654	-0.00282612	19.3705
3.47	-0.151169	9.90718	-43.9159	34.4659	-0.00286015	19.3536
3.48	-0.152884	9.69401	-43.9143	34.2681	-0.00289461	19.3367
3.49	-0.154611	9.48252	-43.9128	34.072	-0.00292951	19.3196
3.5	-0.156349	9.27268	-43.9112	33.8776	-0.00296485	19.3026
3.51	-0.158098	9.06448	-43.9095	33.6848	-0.00300064	19.2855
3.52	-0.159858	8.85789	-43.9079	33.4937	-0.00303688	19.2683
3.53	-0.161629	8.6529	-43.9062	33.3042	-0.00307358	19.2511
3.54	-0.163411	8.44949	-43.9045	33.1163	-0.00311074	19.2338
3.55	-0.165204	8.24764	-43.9028	32.93	-0.00314838	19.2165
3.56	-0.167007	8.04734	-43.9011	32.7452	-0.00318649	19.1992
3.57	-0.168821	7.84857	-43.8993	32.562	-0.00322509	19.1818
3.58	-0.170646	7.6513	-43.8975	32.3804	-0.00326417	19.1643
3.59	-0.172482	7.45554	-43.8957	32.2002	-0.00330375	19.1468
3.6	-0.174329	7.26125	-43.8938	32.0216	-0.00334384	19.1293
3.61	-0.176186	7.06842	-43.8919	31.8444	-0.00338443	19.1117
3.62	-0.178053	6.87704	-43.89	31.6688	-0.00342553	19.094
3.63	-0.179931	6.68709	-43.8881	31.4945	-0.00346716	19.0763
3.64	-0.18182	6.49855	-43.8861	31.3217	-0.00350931	19.0586
3.65	-0.183719	6.31142	-43.8841	31.1503	-0.003552	19.0408
3.66	-0.185628	6.12566	-43.8821	30.9803	-0.00359523	19.0229
3.67	-0.187548	5.94128	-43.88	30.8117	-0.00363901	19.005
3.68	-0.189478	5.75826	-43.8779	30.6445	-0.00368334	18.9871
3.69	-0.191418	5.57657	-43.8758	30.4786	-0.00372824	18.9691
3.7	-0.193368	5.39621	-43.8737	30.3141	-0.0037737	18.9511
3.71	-0.195328	5.21716	-43.8715	30.1509	-0.00381974	18.933
3.72	-0.197298	5.03942	-43.8693	29.989	-0.00386637	18.9149
3.73	-0.199278	4.86295	-43.867	29.8284	-0.00391359	18.8967
3.74	-0.201267	4.68776	-43.8648	29.6691	-0.0039614	18.8784
3.75	-0.203267	4.51383	-43.8624	29.5111	-0.00400983	18.8602
3.76	-0.205276	4.34114	-43.8601	29.3543	-0.00405886	18.8418
3.77	-0.207295	4.16969	-43.8577	29.1988	-0.00410852	18.8234
3.78	-0.209323	3.99946	-43.8553	29.0445	-0.00415881	18.805
3.79	-0.211361	3.83043	-43.8528	28.8915	-0.00420974	18.7865
3.8	-0.213408	3.6626	-43.8503	28.7396	-0.00426132	18.768
3.81	-0.215464	3.49596	-43.8478	28.5889	-0.00431354	18.7494
3.82	-0.21753	3.33048	-43.8452	28.4395	-0.00436643	18.7308
3.83	-0.219604	3.16616	-43.8426	28.2911	-0.00442	18.7121
3.84	-0.221688	3.003	-43.84	28.144	-0.00447424	18.6934
3.85	-0.223781	2.84097	-43.8373	27.998	-0.00452917	18.6746
3.86	-0.225882	2.68006	-43.8346	27.8531	-0.00458479	18.6558
3.87	-0.227992	2.52027	-43.8318	27.7093	-0.00464113	18.637
3.88	-0.230111	2.36158	-43.829	27.5667	-0.00469817	18.618
3.89	-0.232239	2.20399	-43.8262	27.4251	-0.00475594	18.5991
3.9	-0.234375	2.04747	-43.8233	27.2847	-0.00481445	18.5801
3.91	-0.236519	1.89203	-43.8203	27.1453	-0.00487369	18.561
3.92	-0.238672	1.73765	-43.8174	27.007	-0.00493369	18.5419
3.93	-0.240832	1.58432	-43.8143	26.8697	-0.00499445	18.5227
3.94	-0.243001	1.43203	-43.8113	26.7335	-0.00505598	18.5035
3.95	-0.245178	1.28078	-43.8082	26.5983	-0.00511829	18.4842
3.96	-0.247363	1.13054	-43.805	26.4641	-0.00518138	18.4649
3.97	-0.249555	0.981316	-43.8018	26.331	-0.00524528	18.4456
3.98	-0.251755	0.833094	-43.7986	26.1988	-0.00530999	18.4262
3.99	-0.253962	0.685865	-43.7953	26.0677	-0.00537552	18.4067
4	-0.256177	0.53962	-43.7919	25.9375	-0.00544188	18.3872
4.01	-0.258399	0.39435	-43.7885	25.8083	-0.00550908	18.3677
4.02	-0.260629	0.250046	-43.7851	25.6801	-0.00557713	18.3481
4.03	-0.262865	0.106698	-43.7815	25.5528	-0.00564605	18.3284
4.04	-0.265109	-0.0357008	-43.778	25.4264	-0.00571584	18.3087
4.05	-0.267359	-0.17716	-43.7744	25.301	-0.00578651	18.289
4.06	-0.269616	-0.317688	-43.7707	25.1765	-0.00585807	18.2692
4.07	-0.271879	-0.457292	-43.767	25.053	-0.00593055	18.2493
4.08	-0.274149	-0.595982	-43.7632	24.9303	-0.00600394	18.2294
4.09	-0.276425	-0.733764	-43.7594	24.8086	-0.00607826	18.2095
4.1	-0.278707	-0.870648	-43.7555	24.6877	-0.00615352	18.1895
4.11	-0.280996	-1.00664	-43.7516	24.5677	-0.00622973	18.1695
4.12	-0.28329	-1.14175	-43.7476	24.4486	-0.00630691	18.1494
4.13	-0.28559	-1.27598	-43.7435	24.3303	-0.00638506	18.1292
4.14	-0.287895	-1.40935	-43.7394	24.2129	-0.0064642	18.109
4.15	-0.290206	-1.54185	-43.7352	24.0964	-0.00654435	18.0888
4.16	-0.292523	-1.6735	-43.731	23.9807	-0.0066255	18.0685
4.17	-0.294845	-1.8043	-43.7267	23.8658	-0.00670768	18.0482
4.18	-0.297171	-1.93426	-43.7223	23.7517	-0.0067909	18.0278
4.19	-0.299503	-2.06339	-43.7179	23.6385	-0.00687517	18.0074
4.2	-0.301839	-2.19169	-43.7134	23.5261	-0.00696051	17.9869
4.21	-0.30418	-2.31918	-43.7088	23.4144	-0.00704692	17.9664
4.22	-0.306526	-2.44585	-43.7042	23.3036	-0.00713442	17.9458
4.23	-0.308875	-2.57171	-43.6995	23.1936	-0.00722303	17.9252
4.24	-0.311229	-2.69678	-43.6947	23.0843	-0.00731276	17.9045
4.25	-0.313587	-2.82105	-43.6899	22.9758	-0.00740362	17.8838
4.26	-0.315949	-2.94453	-43.6849	22.868	-0.00749562	17.863
4.27	-0.318314	-3.06723	-43.68	22.7611	-0.00758878	17.8422
4.28	-0.320683	-3.18916	-43.6749	22.6548	-0.00768312	17.8213
4.29	-0.323056	-3.31032	-43.6698	22.5493	-0.00777864	17.8004
4.3	-0.325431	-3.43071	-43.6645	22.4446	-0.00787537	17.7794
4.31	-0.32781	-3.55034	-43.6592	22.3405	-0.00797331	17.7584
4.32	-0.330191	-3.66922	-43.6539	22.2372	-0.00807249	17.7373
4.33	-0.332575	-3.78736	-43.6484	22.1346	-0.00817292	17.7162
4.34	-0.334962	-3.90475	-43.6429	22.0327	-0.0082746	17.6951
4.35	-0.337351	-4.02141	-43.6373	21.9316	-0.00837757	17.6739
4.36	-0.339742	-4.13733	-43.6316	21.8311	-0.00848183	17.6526
4.37	-0.342135	-4.25253	-43.6258	21.7313	-0.0085874	17.6313
4.38	-0.34453	-4.36701	-43.62	21.6322	-0.00869429	17.6099
4.39	-0.346927	-4.48078	-43.614	21.5337	-0.00880253	17.5885
4.4	-0.349325	-4.59383	-43.608	21.436	-0.00891212	17.5671
4.41	-0.351724	-4.70617	-43.6019	21.3388	-0.00902308	17.5456
4.42	-0.354125	-4.81782	-43.5956	21.2424	-0.00913544	17.524
4.43	-0.356526	-4.92876	-43.5893	21.1466	-0.0092492	17.5024
4.44	-0.358929	-5.03902	-43.5829	21.0515	-0.00936439	17.4807
4.45	-0.361331	-5.14859	-43.5764	20.9569	-0.00948102	17.459
4.46	-0.363734	-5.25747	-43.5698	20.8631	-0.00959911	17.4373
4.47	-0.366138	-5.36567	-43.5632	20.7698	-0.00971867	17.4155
4.48	-0.368541	-5.4732	-43.5564	20.6772	-0.00983973	17.3937
4.49	-0.370944	-5.58006	-43.5495	20.5852	-0.0099623	17.3718
4.5	-0.373347	-5.68625	-43.5425	20.4938	-0.0100864	17.3498
4.51	-0.375749	-5.79177	-43.5354	20.403	-0.010212	17.3278
4.52	-0.378151	-5.89664	-43.5282	20.3129	-0.0103392	17.3058
4.53	-0.380551	-6.00085	-43.5209	20.2233	-0.010468	17.2837
4.54	-0.38295	-6.10441	-43.5135	20.1343	-0.0105984	17.2616
4.55	-0.385348	-6.20733	-43.506	20.0459	-0.0107305	17.2394
4.56	-0.387744	-6.30959	-43.4984	19.9581	-0.0108641	17.2171
4.57	-0.390139	-6.41122	-43.4906	19.8708	-0.0109994	17.1948
4.58	-0.392531	-6.51221	-43.4828	19.7841	-0.0111365	17.1725
4.59	-0.394922	-6.61256	-43.4748	19.698	-0.0112752	17.1501
4.6	-0.39731	-6.71229	-43.4667	19.6125	-0.0114156	17.1277
4.61	-0.399695	-6.81138	-43.4585	19.5275	-0.0115577	17.1052
4.62	-0.402078	-6.90985	-43.4502	19.443	-0.0117017	17.0827
4.63	-0.404458	-7.0077	-43.4418	19.3591	-0.0118474	17.0601
4.64	-0.406834	-7.10493	-43.4332	19.2758	-0.0119949	17.0375
4.65	-0.409207	-7.20155	-43.4245	19.193	-0.0121442	17.0148
4.66	-0.411576	-7.29755	-43.4157	19.1107	-0.0122954	16.9921
4.67	-0.413942	-7.39294	-43.4067	19.0289	-0.0124484	16.9693
4.68	-0.416304	-7.48772	-43.3976	18.9477	-0.0126033	16.9465
4.69	-0.418661	-7.5819	-43.3884	18.867	-0.0127601	16.9236
4.7	-0.421014	-7.67547	-43.3791	18.7868	-0.0129189	16.9007
4.71	-0.423362	-7.76844	-43.3696	18.7071	-0.0130796	16.8777
4.72	-0.425705	-7.86082	-43.36	18.6279	-0.0132423	16.8547
4.73	-0.428043	-7.9526	-43.3502	18.5492	-0.0134069	16.8316
4.74	-0.430376	-8.04379	-43.3403	18.471	-0.0135736	16.8085
4.75	-0.432703	-8.13438	-43.3303	18.3934	-0.0137423	16.7853
4.76	-0.435024	-8.22439	-43.3201	18.3161	-0.0139131	16.7621
4.77	-0.437339	-8.31381	-43.3097	18.2394	-0.014086	16.7389
4.78	-0.439649	-8.40264	-43.2992	18.1632	-0.014261	16.7156
4.79	-0.441951	-8.49089	-43.2886	18.0874	-0.0144381	16.6922
4.8	-0.444247	-8.57856	-43.2778	18.0122	-0.0146174	16.6688
4.81	-0.446536	-8.66565	-43.2668	17.9373	-0.0147989	16.6453
4.82	-0.448819	-8.75216	-43.2557	17.863	-0.0149825	16.6218
4.83	-0.451093	-8.83809	-43.2444	17.7891	-0.0151684	16.5983
4.84	-0.45336	-8.92345	-43.233	17.7157	-0.0153566	16.5747
4.85	-0.45562	-9.00823	-43.2214	17.6427	-0.015547	16.551
4.86	-0.457871	-9.09245	-43.2096	17.5702	-0.0157398	16.5273
4.87	-0.460114	-9.17609	-43.1976	17.4981	-0.0159348	16.5036
4.88	-0.462349	-9.25916	-43.1855	17.4264	-0.0161322	16.4798
4.89	-0.464575	-9.34166	-43.1732	17.3552	-0.016332	16.4559
4.9	-0.466792	-9.4236	-43.1607	17.2845	-0.0165342	16.432
4.91	-0.469	-9.50497	-43.1481	17.2141	-0.0167389	16.4081
4.92	-0.471199	-9.58577	-43.1353	17.1442	-0.0169459	16.3841
4.93	-0.473388	-9.66601	-43.1222	17.0747	-0.0171555	16.36
4.94	-0.475567	-9.74569	-43.109	17.0057	-0.0173676	16.3359
4.95	-0.477736	-9.8248	-43.0956	16.937	-0.0175822	16.3118
4.96	-0.479895	-9.90335	-43.082	16.8688	-0.0177994	16.2876
4.97	-0.482043	-9.98134	-43.0682	16.801	-0.0180191	16.2634
4.98	-0.484181	-10.0588	-43.0543	16.7336	-0.0182415	16.2391
4.99	-0.486308	-10.1356	-43.0401	16.6666	-0.0184665	16.2148
5	-0.488423	-10.2119	-43.0257	16.6	-0.0186942	16.1904
5.01	-0.490527	-10.2877	-43.0111	16.5338	-0.0189246	16.1659
5.02	-0.49262	-10.3629	-42.9963	16.468	-0.0191577	16.1414
5.03	-0.494701	-10.4375	-42.9813	16.4026	-0.0193936	16.1169
5.04	-0.496769	-10.5116	-42.966	16.3376	-0.0196322	16.0923
5.05	-0.498825	-10.5851	-42.9506	16.2729	-0.0198737	16.0677
5.06	-0.500869	-10.6581	-42.9349	16.2087	-0.020118	16.043
5.07	-0.5029	-10.7305	-42.919	16.1448	-0.0203651	16.0183
5.08	-0.504918	-10.8023	-42.9029	16.0813	-0.0206152	15.9935
5.09	-0.506922	-10.8736	-42.8865	16.0182	-0.0208681	15.9687
5.1	-0.508913	-10.9443	-42.8699	15.9554	-0.0211241	15.9438
5.11	-0.510891	-11.0145	-42.8531	15.893	-0.021383	15.9189
5.12	-0.512854	-11.0841	-42.836	15.831	-0.0216449	15.8939
5.13	-0.514804	-11.1531	-42.8187	15.7693	-0.0219098	15.8689
5.14	-0.516739	-11.2216	-42.8012	15.708	-0.0221778	15.8438
5.15	-0.518659	-11.2895	-42.7834	15.6471	-0.0224489	15.8187
5.16	-0.520565	-11.3569	-42.7653	15.5865	-0.0227231	15.7936
5.17	-0.522455	-11.4236	-42.747	15.5263	-0.0230005	15.7683
5.18	-0.524331	-11.4899	-42.7284	15.4664	-0.0232811	15.7431
5.19	-0.52619	-11.5555	-42.7096	15.4068	-0.0235648	15.7178
5.2	-0.528035	-11.6207	-42.6905	15.3476	-0.0238518	15.6924
5.21	-0.529863	-11.6852	-42.6711	15.2888	-0.0241421	15.667
5.22	-0.531675	-11.7492	-42.6515	15.2303	-0.0244357	15.6415
5.23	-0.533471	-11.8126	-42.6316	15.1721	-0.0247326	15.616
5.24	-0.53525	-11.8754	-42.6114	15.1142	-0.0250328	15.5905
5.25	-0.537012	-11.9377	-42.5909	15.0567	-0.0253365	15.5649
5.26	-0.538757	-11.9994	-42.5701	14.9995	-0.0256436	15.5392
5.27	-0.540485	-12.0605	-42.5491	14.9426	-0.0259541	15.5135
5.28	-0.542196	-12.121	-42.5277	14.8861	-0.0262681	15.4878
5.29	-0.543889	-12.181	-42.5061	14.8298	-0.0265856	15.462
5.3	-0.545564	-12.2404	-42.4841	14.7739	-0.0269066	15.4361
5.31	-0.547221	-12.2992	-42.4618	14.7183	-0.0272312	15.4102
5.32	-0.54886	-12.3575	-42.4392	14.6631	-0.0275594	15.3843
5.33	-0.55048	-12.4151	-42.4163	14.6081	-0.0278912	15.3583
5.34	-0.552082	-12.4722	-42.3931	14.5534	-0.0282267	15.3322
5.35	-0.553664	-12.5287	-42.3696	14.4991	-0.0285659	15.3061
5.36	-0.555228	-12.5846	-42.3457	14.445	-0.0289087	15.28
5.37	-0.556772	-12.6399	-42.3215	14.3913	-0.0292553	15.2538
5.38	-0.558297	-12.6946	-42.297	14.3378	-0.0296057	15.2276
5.39	-0.559801	-12.7487	-42.2721	14.2847	-0.0299599	15.2013
5.4	-0.561286	-12.8023	-42.2469	14.2318	-0.0303179	15.1749
5.41	-0.562751	-12.8552	-42.2214	14.1793	-0.0306797	15.1485
5.42	-0.564196	-12.9076	-42.1955	14.127	-0.0310455	15.1221
5.43	-0.56562	-12.9593	-42.1692	14.075	-0.0314151	15.0956
5.44	-0.567023	-13.0104	-42.1425	14.0233	-0.0317887	15.0691
5.45	-0.568406	-13.0609	-42.1155	13.9719	-0.0321663	15.0425
5.46	-0.569767	-13.1109	-42.0882	13.9208	-0.0325478	15.0159
5.47	-0.571107	-13.1602	-42.0604	13.8699	-0.0329334	14.9892
5.48	-0.572426	-13.2089	-42.0323	13.8193	-0.033323	14.9625
5.49	-0.573723	-13.2569	-42.0038	13.769	-0.0337167	14.9357
5.5	-0.574998	-13.3044	-41.9749	13.719	-0.0341145	14.9089
5.51	-0.576251	-13.3512	-41.9456	13.6693	-0.0345164	14.882
5.52	-0.577482	-13.3974	-41.9159	13.6198	-0.0349225	14.8551
5.53	-0.57869	-13.4429	-41.8858	13.5706	-0.0353327	14.8282
5.54	-0.579876	-13.4876	-41.8553	13.5216	-0.0357472	14.8014
5.55	-0.58104	-13.5315	-41.8244	13.4729	-0.0361659	14.7748
5.56	-0.58218	-13.5746	-41.7931	13.4245	-0.0365888	14.7482
5.57	-0.583298	-13.617	-41.7613	13.3764	-0.037016	14.7217
5.58	-0.584392	-13.6585	-41.7291	13.3285	-0.0374475	14.6953
5.59	-0.585463	-13.6993	-41.6965	13.2808	-0.0378833	14.6691
5.6	-0.58651	-13.7393	-41.6634	13.2334	-0.0383235	14.6429
5.61	-0.587534	-13.7784	-41.6299	13.1863	-0.038768	14.6168
5.62	-0.588534	-13.8168	-41.596	13.1394	-0.0392169	14.5907
5.63	-0.58951	-13.8544	-41.5616	13.0928	-0.0396702	14.5648
5.64	-0.590461	-13.8912	-41.5267	13.0464	-0.0401279	14.539
5.65	-0.591389	-13.9271	-41.4914	13.0002	-0.0405901	14.5133
5.66	-0.592292	-13.9623	-41.4556	12.9543	-0.0410567	14.4876
5.67	-0.59317	-13.9966	-41.4193	12.9087	-0.0415278	14.4621
5.68	-0.594024	-14.0302	-41.3826	12.8633	-0.0420035	14.4366
5.69	-0.594853	-14.0629	-41.3453	12.8181	-0.0424836	14.4112
5.7	-0.595657	-14.0948	-41.3076	12.7732	-0.0429682	14.386
5.71	-0.596436	-14.1258	-41.2694	12.7285	-0.0434574	14.3608
5.72	-0.59719	-14.156	-41.2306	12.684	-0.0439512	14.3357
5.73	-0.597919	-14.1854	-41.1914	12.6398	-0.0444495	14.3106
5.74	-0.598622	-14.214	-41.1516	12.5958	-0.0449524	14.2857
5.75	-0.599299	-14.2417	-41.1114	12.552	-0.0454599	14.2609
5.76	-0.599951	-14.2686	-41.0706	12.5084	-0.045972	14.2361
5.77	-0.600578	-14.2946	-41.0292	12.4651	-0.0464887	14.2114
5.78	-0.601178	-14.3197	-40.9874	12.422	-0.0470101	14.1869
5.79	-0.601752	-14.344	-40.945	12.3792	-0.0475361	14.1623
5.8	-0.602301	-14.3675	-40.902	12.3365	-0.0480667	14.1379
5.81	-0.602823	-14.3901	-40.8585	12.2941	-0.0486019	14.1136
5.82	-0.603319	-14.4118	-40.8144	12.2519	-0.0491418	14.0893
5.83	-0.603788	-14.4326	-40.7698	12.2099	-0.0496864	14.0652
5.84	-0.604232	-14.4526	-40.7246	12.1681	-0.0502356	14.0411
5.85	-0.604648	-14.4717	-40.6788	12.1265	-0.0507894	14.0171
5.86	-0.605039	-14.4899	-40.6324	12.0852	-0.0513479	13.9932
5.87	-0.605402	-14.5072	-40.5855	12.044	-0.0519111	13.9693
5.88	-0.605739	-14.5237	-40.5379	12.0031	-0.0524789	13.9456
5.89	-0.60605	-14.5392	-40.4898	11.9624	-0.0530514	13.9219
5.9	-0.606333	-14.5538	-40.441	11.9219	-0.0536284	13.8983
5.91	-0.60659	-14.5676	-40.3917	11.8816	-0.0542102	13.8748
5.92	-0.606819	-14.5804	-40.3417	11.8414	-0.0547965	13.8514
5.93	-0.607022	-14.5923	-40.2911	11.8015	-0.0553874	13.828
5.94	-0.607198	-14.6033	-40.2398	11.7618	-0.055983	13.8047
5.95	-0.607346	-14.6133	-40.1879	11.7223	-0.0565831	13.7815
5.96	-0.607468	-14.6225	-40.1354	11.683	-0.0571878	13.7584
5.97	-0.607562	-14.6307	-40.0822	11.6439	-0.0577971	13.7353
5.98	-0.60763	-14.638	-40.0284	11.605	-0.0584108	13.7124
5.99	-0.60767	-14.6443	-39.9739	11.5663	-0.0590291	13.6895
6	-0.607683	-14.6497	-39.9187	11.5278	-0.0596519	13.6667
6.01	-0.607669	-14.6541	-39.8629	11.4894	-0.0602792	13.6439
6.02	-0.607627	-14.6576	-39.8064	11.4513	-0.0609109	13.6213
6.03	-0.607559	-14.6602	-39.7491	11.4134	-0.061547	13.5987
6.04	-0.607463	-14.6618	-39.6913	11.3756	-0.0621876	13.5762
6.05	-0.60734	-14.6624	-39.6327	11.338	-0.0628324	13.5537
6.06	-0.60719	-14.662	-39.5734	11.3006	-0.0634816	13.5314
6.07	-0.607012	-14.6607	-39.5133	11.2634	-0.0641351	13.5091
6.08	-0.606808	-14.6584	-39.4526	11.2264	-0.0647928	13.4868
6.09	-0.606576	-14.6551	-39.3912	11.1896	-0.0654548	13.4647
6.1	-0.606317	-14.6508	-39.329	11.1529	-0.0661209	13.4426
6.11	-0.60603	-14.6455	-39.2661	11.1164	-0.0667911	13.4206
6.12	-0.605717	-14.6393	-39.2024	11.0801	-0.0674654	13.3987
6.13	-0.605377	-14.632	-39.138	11.044	-0.0681438	13.3768
6.14	-0.605009	-14.6237	-39.0729	11.0081	-0.0688261	13.355
6.15	-0.604615	-14.6144	-39.007	10.9723	-0.0695124	13.3333
6.16	-0.604194	-14.6041	-38.9403	10.9367	-0.0702025	13.3117
6.17	-0.603745	-14.5928	-38.8728	10.9013	-0.0708964	13.2901
6.18	-0.60327	-14.5805	-38.8046	10.866	-0.0715941	13.2686
6.19	-0.602768	-14.5671	-38.7356	10.831	-0.0722955	13.2472
6.2	-0.60224	-14.5527	-38.6658	10.796	-0.0730005	13.2258
6.21	-0.601684	-14.5373	-38.5952	10.7613	-0.0737091	13.2045
6.22	-0.601102	-14.5208	-38.5239	10.7267	-0.0744211	13.1833
6.23	-0.600494	-14.5033	-38.4517	10.6923	-0.0751366	13.1621
6.24	-0.599859	-14.4848	-38.3787	10.6581	-0.0758554	13.141
6.25	-0.599198	-14.4652	-38.3049	10.624	-0.0765775	13.12
6.26	-0.59851	-14.4445	-38.2303	10.5901	-0.0773028	13.099
6.27	-0.597797	-14.4228	-38.1548	10.5563	-0.0780311	13.0781
6.28	-0.597057	-14.4	-38.0785	10.5227	-0.0787625	13.0573
6.29	-0.596291	-14.3762	-38.0014	10.4893	-0.0794968	13.0366
6.3	-0.595499	-14.3512	-37.9234	10.456	-0.0802339	13.0159
6.31	-0.594681	-14.3252	-37.8446	10.4229	-0.0809737	12.9952
6.32	-0.593838	-14.2982	-37.765	10.39	-0.0817162	12.9747
6.33	-0.592969	-14.27	-37.6845	10.3572	-0.0824613	12.9542
6.34	-0.592075	-14.2408	-37.6031	10.3245	-0.0832087	12.9338
6.35	-0.591156	-14.2105	-37.5208	10.292	-0.0839585	12.9134
6.36	-0.590211	-14.1791	-37.4377	10.2597	-0.0847105	12.8931
6.37	-0.589241	-14.1466	-37.3538	10.2275	-0.0854646	12.8728
6.38	-0.588246	-14.113	-37.2689	10.1955	-0.0862207	12.8527
6.39	-0.587226	-14.0783	-37.1832	10.1636	-0.0869787	12.8326
6.4	-0.586182	-14.0425	-37.0965	10.1318	-0.0877384	12.8125
6.41	-0.585113	-14.0056	-37.009	10.1002	-0.0884997	12.7925
6.42	-0.58402	-13.9676	-36.9206	10.0688	-0.0892626	12.7726
6.43	-0.582903	-13.9285	-36.8313	10.0375	-0.0900268	12.7527
6.44	-0.581761	-13.8883	-36.7411	10.0064	-0.0907922	12.7329
6.45	-0.580596	-13.8469	-36.6499	9.97536	-0.0915588	12.7132
6.46	-0.579407	-13.8045	-36.5579	9.9445	-0.0923263	12.6935
6.47	-0.578194	-13.7609	-36.465	9.91379	-0.0930946	12.6739
6.48	-0.576958	-13.7162	-36.3711	9.88321	-0.0938636	12.6543
6.49	-0.575699	-13.6704	-36.2763	9.85278	-0.0946331	12.6348
6.5	-0.574416	-13.6235	-36.1806	9.82249	-0.095403	12.6154
6.51	-0.573111	-13.5754	-36.084	9.79233	-0.0961731	12.596
6.52	-0.571783	-13.5263	-35.9865	9.76232	-0.0969433	12.5767
6.53	-0.570433	-13.476	-35.888	9.73244	-0.0977133	12.5574
6.54	-0.56906	-13.4245	-35.7886	9.7027	-0.0984832	12.5382
6.55	-0.567665	-13.372	-35.6882	9.6731	-0.0992526	12.5191
6.56	-0.566249	-13.3183	-35.5869	9.64363	-0.100021	12.5
6.57	-0.56481	-13.2635	-35.4847	9.61429	-0.100789	12.481
6.58	-0.56335	-13.2075	-35.3816	9.58509	-0.101556	12.462
6.59	-0.561869	-13.1505	-35.2775	9.55602	-0.102322	12.4431
6.6	-0.560367	-13.0923	-35.1724	9.52709	-0.103087	12.4242
6.61	-0.558844	-13.0329	-35.0665	9.49828	-0.10385	12.4054
6.62	-0.5573	-12.9725	-34.9596	9.46961	-0.104612	12.3867
6.63	-0.555736	-12.9109	-34.8517	9.44107	-0.105372	12.368
6.64	-0.554151	-12.8482	-34.7429	9.41265	-0.106129	12.3494
6.65	-0.552547	-12.7843	-34.6331	9.38436	-0.106885	12.3308
6.66	-0.550922	-12.7194	-34.5224	9.3562	-0.107638	12.3123
6.67	-0.549279	-12.6533	-34.4108	9.32817	-0.108388	12.2939
6.68	-0.547615	-12.5861	-34.2982	9.30026	-0.109136	12.2754
6.69	-0.545933	-12.5178	-34.1847	9.27248	-0.10988	12.2571
6.7	-0.544232	-12.4484	-34.0703	9.24482	-0.110621	12.2388
6.71	-0.542513	-12.3778	-33.9549	9.21729	-0.111359	12.2206
6.72	-0.540775	-12.3061	-33.8385	9.18987	-0.112094	12.2024
6.73	-0.539019	-12.2334	-33.7212	9.16258	-0.112824	12.1842
6.74	-0.537245	-12.1595	-33.603	9.13542	-0.11355	12.1662
6.75	-0.535454	-12.0845	-33.4839	9.10837	-0.114272	12.1481
6.76	-0.533645	-12.0085	-33.3638	9.08144	-0.11499	12.1302
6.77	-0.531819	-11.9313	-33.2428	9.05463	-0.115703	12.1123
6.78	-0.529976	-11.853	-33.1209	9.02794	-0.116411	12.0944
6.79	-0.528117	-11.7737	-32.998	9.00137	-0.117114	12.0766
6.8	-0.526242	-11.6933	-32.8743	8.97491	-0.117811	12.0588
6.81	-0.52435	-11.6118	-32.7496	8.94857	-0.118503	12.0411
6.82	-0.522443	-11.5292	-32.624	8.92235	-0.119189	12.0235
6.83	-0.52052	-11.4455	-32.4975	8.89624	-0.119869	12.0059
6.84	-0.518581	-11.3608	-32.3701	8.87025	-0.120543	11.9883
6.85	-0.516628	-11.2751	-32.2418	8.84437	-0.121211	11.9708
6.86	-0.51466	-11.1883	-32.1126	8.8186	-0.121871	11.9534
6.87	-0.512678	-11.1004	-31.9825	8.79295	-0.122525	11.936
6.88	-0.510681	-11.0115	-31.8515	8.76741	-0.123172	11.9186
6.89	-0.508671	-10.9216	-31.7197	8.74198	-0.123811	11.9013
6.9	-0.506647	-10.8307	-31.587	8.71666	-0.124443	11.8841
6.91	-0.504609	-10.7387	-31.4534	8.69145	-0.125067	11.8669
6.92	-0.502559	-10.6458	-31.3189	8.66634	-0.125683	11.8497
6.93	-0.500496	-10.5518	-31.1836	8.64135	-0.12629	11.8326
6.94	-0.49842	-10.4569	-31.0475	8.61647	-0.126889	11.8156
6.95	-0.496332	-10.3609	-30.9105	8.59169	-0.12748	11.7986
6.96	-0.494232	-10.264	-30.7727	8.56702	-0.128061	11.7816
6.97	-0.49212	-10.1662	-30.6341	8.54245	-0.128634	11.7647
6.98	-0.489997	-10.0673	-30.4947	8.51799	-0.129197	11.7479
6.99	-0.487863	-9.96756	-30.3544	8.49364	-0.12975	11.731
7	-0.485718	-9.86685	-30.2134	8.46939	-0.130294	11.7143
7.01	-0.483562	-9.76522	-30.0716	8.44524	-0.130828	11.6976
7.02	-0.481397	-9.66267	-29.929	8.4212	-0.131351	11.6809
7.03	-0.479221	-9.55922	-29.7856	8.39726	-0.131864	11.6643
7.04	-0.477035	-9.45487	-29.6415	8.37342	-0.132367	11.6477
7.05	-0.47484	-9.34964	-29.4966	8.34968	-0.132858	11.6312
7.06	-0.472636	-9.24354	-29.351	8.32604	-0.133339	11.6147
7.07	-0.470424	-9.13658	-29.2047	8.30251	-0.133808	11.5983
7.08	-0.468202	-9.02878	-29.0576	8.27907	-0.134266	11.5819
7.09	-0.465973	-8.92013	-28.9098	8.25573	-0.134712	11.5656
7.1	-0.463735	-8.81067	-28.7614	8.23249	-0.135147	11.5493
7.11	-0.46149	-8.70039	-28.6123	8.20935	-0.135569	11.5331
7.12	-0.459237	-8.58932	-28.4625	8.18631	-0.135979	11.5169
7.13	-0.456977	-8.47746	-28.312	8.16336	-0.136377	11.5007
7.14	-0.45471	-8.36484	-28.1609	8.14051	-0.136762	11.4846
7.15	-0.452437	-8.25145	-28.0092	8.11776	-0.137135	11.4685
7.16	-0.450157	-8.13733	-27.8568	8.0951	-0.137494	11.4525
7.17	-0.447871	-8.02247	-27.7038	8.07253	-0.137841	11.4365
7.18	-0.44558	-7.9069	-27.5503	8.05006	-0.138174	11.4206
7.19	-0.443283	-7.79063	-27.3962	8.02768	-0.138494	11.4047
7.2	-0.440981	-7.67368	-27.2415	8.0054	-0.138801	11.3889
7.21	-0.438674	-7.55606	-27.0862	7.98321	-0.139094	11.3731
7.22	-0.436363	-7.43779	-26.9305	7.96111	-0.139373	11.3573
7.23	-0.434047	-7.31887	-26.7742	7.9391	-0.139638	11.3416
7.24	-0.431727	-7.19934	-26.6174	7.91719	-0.139889	11.326
7.25	-0.429403	-7.07919	-26.4601	7.89536	-0.140126	11.3103
7.26	-0.427075	-6.95846	-26.3023	7.87363	-0.140348	11.2948
7.27	-0.424744	-6.83715	-26.1441	7.85198	-0.140556	11.2792
7.28	-0.422411	-6.71528	-25.9854	7.83043	-0.140749	11.2637
7.29	-0.420074	-6.59288	-25.8263	7.80896	-0.140928	11.2483
7.3	-0.417735	-6.46994	-25.6668	7.78758	-0.141092	11.2329
7.31	-0.415394	-6.3465	-25.5069	7.76629	-0.141241	11.2175
7.32	-0.413051	-6.22258	-25.3466	7.74508	-0.141376	11.2022
7.33	-0.410706	-6.09817	-25.1859	7.72396	-0.141495	11.1869
7.34	-0.40836	-5.97331	-25.0249	7.70293	-0.141599	11.1717
7.35	-0.406012	-5.84802	-24.8636	7.68198	-0.141688	11.1565
7.36	-0.403664	-5.7223	-24.7019	7.66112	-0.141762	11.1413
7.37	-0.401315	-5.59619	-24.54	7.64035	-0.141821	11.1262
7.38	-0.398965	-5.46968	-24.3778	7.61966	-0.141864	11.1111
7.39	-0.396615	-5.34281	-24.2153	7.59905	-0.141892	11.0961
7.4	-0.394265	-5.2156	-24.0526	7.57852	-0.141904	11.0811
7.41	-0.391916	-5.08805	-23.8896	7.55808	-0.141901	11.0661
7.42	-0.389567	-4.96019	-23.7265	7.53772	-0.141883	11.0512
7.43	-0.387218	-4.83204	-23.5631	7.51745	-0.141849	11.0363
7.44	-0.384871	-4.70362	-23.3996	7.49725	-0.1418	11.0215
7.45	-0.382525	-4.57493	-23.236	7.47714	-0.141736	11.0067
7.46	-0.380181	-4.44601	-23.0721	7.45711	-0.141655	10.992
7.47	-0.377838	-4.31688	-22.9082	7.43716	-0.14156	10.9772
7.48	-0.375497	-4.18754	-22.7442	7.41728	-0.141449	10.9626
7.49	-0.373158	-4.05802	-22.5801	7.39749	-0.141323	10.9479
7.5	-0.370821	-3.92834	-22.4159	7.37778	-0.141181	10.9333
7.51	-0.368487	-3.79851	-22.2517	7.35814	-0.141024	10.9188
7.52	-0.366156	-3.66856	-22.0875	7.33859	-0.140852	10.9043
7.53	-0.363828	-3.53851	-21.9232	7.31911	-0.140664	10.8898
7.54	-0.361503	-3.40836	-21.759	7.29971	-0.140462	10.8753
7.55	-0.359181	-3.27815	-21.5948	7.28038	-0.140244	10.8609
7.56	-0.356863	-3.14789	-21.4306	7.26113	-0.140011	10.8466
7.57	-0.354549	-3.0176	-21.2665	7.24196	-0.139764	10.8322
7.58	-0.352239	-2.88729	-21.1025	7.22287	-0.139501	10.8179
7.59	-0.349933	-2.75699	-20.9386	7.20385	-0.139224	10.8037
7.6	-0.347632	-2.62672	-20.7748	7.1849	-0.138932	10.7895
7.61	-0.345335	-2.49649	-20.6111	7.16603	-0.138626	10.7753
7.62	-0.343042	-2.36632	-20.4476	7.14724	-0.138305	10.7612
7.63	-0.340755	-2.23623	-20.2843	7.12851	-0.13797	10.7471
7.64	-0.338473	-2.10624	-20.1211	7.10987	-0.13762	10.733
7.65	-0.336196	-1.97637	-19.9582	7.09129	-0.137257	10.719
7.66	-0.333925	-1.84663	-19.7955	7.07279	-0.13688	10.705
7.67	-0.331659	-1.71704	-19.633	7.05436	-0.136489	10.691
7.68	-0.329399	-1.58762	-19.4708	7.036	-0.136084	10.6771
7.69	-0.327146	-1.45839	-19.3089	7.01771	-0.135666	10.6632
7.7	-0.324898	-1.32937	-19.1473	6.99949	-0.135234	10.6494
7.71	-0.322657	-1.20057	-18.9859	6.98135	-0.13479	10.6355
7.72	-0.320422	-1.07201	-18.825	6.96327	-0.134332	10.6218
7.73	-0.318193	-0.943709	-18.6643	6.94527	-0.133861	10.608
7.74	-0.315972	-0.815682	-18.5041	6.92733	-0.133378	10.5943
7.75	-0.313757	-0.687946	-18.3442	6.90947	-0.132883	10.5806
7.76	-0.31155	-0.560518	-18.1847	6.89167	-0.132375	10.567
7.77	-0.30935	-0.433414	-18.0256	6.87395	-0.131855	10.5534
7.78	-0.307157	-0.306651	-17.8669	6.85629	-0.131323	10.5398
7.79	-0.304971	-0.180245	-17.7087	6.83869	-0.130779	10.5263
7.8	-0.302793	-0.0542123	-17.551	6.82117	-0.130224	10.5128
7.81	-0.300623	0.0714323	-17.3937	6.80371	-0.129658	10.4994
7.82	-0.298461	0.196673	-17.2369	6.78632	-0.129081	10.4859
7.83	-0.296307	0.321494	-17.0807	6.769	-0.128493	10.4725
7.84	-0.294161	0.445881	-16.9249	6.75174	-0.127894	10.4592
7.85	-0.292023	0.569819	-16.7697	6.73455	-0.127284	10.4459
7.86	-0.289893	0.693293	-16.615	6.71743	-0.126665	10.4326
7.87	-0.287772	0.816289	-16.4609	6.70037	-0.126035	10.4193
7.88	-0.28566	0.938792	-16.3074	6.68337	-0.125396	10.4061
7.89	-0.283556	1.06079	-16.1545	6.66644	-0.124747	10.3929
7.9	-0.281461	1.18227	-16.0022	6.64958	-0.124089	10.3797
7.91	-0.279375	1.30321	-15.8505	6.63277	-0.123422	10.3666
7.92	-0.277298	1.42361	-15.6994	6.61603	-0.122746	10.3535
7.93	-0.27523	1.54345	-15.549	6.59936	-0.122062	10.3405
7.94	-0.273171	1.66271	-15.3992	6.58275	-0.121369	10.3275
7.95	-0.271121	1.78139	-15.2501	6.5662	-0.120668	10.3145
7.96	-0.269081	1.89948	-15.1017	6.54971	-0.119959	10.3015
7.97	-0.26705	2.01695	-14.954	6.53328	-0.119243	10.2886
7.98	-0.265028	2.13381	-14.807	6.51692	-0.118519	10.2757
7.99	-0.263016	2.25003	-14.6606	6.50062	-0.117788	10.2628
8	-0.261014	2.36561	-14.5151	6.48438	-0.11705	10.25
8.01	-0.259022	2.48054	-14.3702	6.46819	-0.116306	10.2372
8.02	-0.257039	2.5948	-14.2262	6.45207	-0.115555	10.2244
8.03	-0.255066	2.70839	-14.0828	6.43601	-0.114798	10.2117
8.04	-0.253103	2.8213	-13.9403	6.42001	-0.114035	10.199
8.05	-0.25115	2.93351	-13.7985	6.40407	-0.113266	10.1863
8.06	-0.249207	3.04502	-13.6575	6.38819	-0.112492	10.1737
8.07	-0.247274	3.15581	-13.5173	6.37237	-0.111713	10.1611
8.08	-0.245352	3.26589	-13.3779	6.35661	-0.110929	10.1485
8.09	-0.243439	3.37523	-13.2393	6.3409	-0.11014	10.136
8.1	-0.241537	3.48384	-13.1016	6.32526	-0.109347	10.1235
8.11	-0.239645	3.5917	-12.9646	6.30967	-0.108549	10.111
8.12	-0.237764	3.69881	-12.8285	6.29413	-0.107747	10.0985
8.13	-0.235893	3.80515	-12.6933	6.27866	-0.106942	10.0861
8.14	-0.234032	3.91073	-12.5589	6.26324	-0.106133	10.0737
8.15	-0.232181	4.01553	-12.4254	6.24788	-0.105321	10.0613
8.16	-0.230342	4.11954	-12.2927	6.23258	-0.104506	10.049
8.17	-0.228512	4.22277	-12.1609	6.21733	-0.103688	10.0367
8.18	-0.226694	4.32521	-12.03	6.20214	-0.102867	10.0244
8.19	-0.224886	4.42684	-11.8999	6.187	-0.102044	10.0122
8.2	-0.223088	4.52767	-11.7708	6.17192	-0.101219	10
8.21	-0.221301	4.62769	-11.6425	6.1569	-0.100391	9.98782
8.22	-0.219525	4.72689	-11.5152	6.14192	-0.0995626	9.97567
8.23	-0.217759	4.82527	-11.3887	6.12701	-0.0987322	9.96355
8.24	-0.216005	4.92283	-11.2632	6.11215	-0.0979005	9.95146
8.25	-0.21426	5.01955	-11.1385	6.09734	-0.0970678	9.93939
8.26	-0.212527	5.11544	-11.0148	6.08258	-0.0962341	9.92736
8.27	-0.210804	5.2105	-10.892	6.06788	-0.0953998	9.91536
8.28	-0.209092	5.30471	-10.7701	6.05323	-0.094565	9.90338
8.29	-0.207391	5.39808	-10.6492	6.03864	-0.0937299	9.89144
8.3	-0.205701	5.49061	-10.5291	6.0241	-0.0928948	9.87952
8.31	-0.204021	5.58228	-10.41	6.00961	-0.0920597	9.86763
8.32	-0.202352	5.6731	-10.2919	5.99517	-0.091225	9.85577
8.33	-0.200694	5.76307	-10.1746	5.98078	-0.0903907	9.84394
8.34	-0.199046	5.85218	-10.0584	5.96645	-0.0895571	9.83213
8.35	-0.19741	5.94043	-9.943	5.95217	-0.0887244	9.82036
8.36	-0.195784	6.02783	-9.82859	5.93794	-0.0878926	9.80861
8.37	-0.194169	6.11436	-9.71512	5.92376	-0.0870621	9.79689
8.38	-0.192564	6.20003	-9.60259	5.90963	-0.0862329	9.7852
8.39	-0.190971	6.28484	-9.491	5.89555	-0.0854053	9.77354
8.4	-0.189388	6.36879	-9.38036	5.88152	-0.0845794	9.7619
8.41	-0.187815	6.45187	-9.27066	5.86754	-0.0837553	9.7503
8.42	-0.186254	6.53409	-9.16191	5.85361	-0.0829332	9.73872
8.43	-0.184703	6.61544	-9.05409	5.83973	-0.0821132	9.72716
8.44	-0.183163	6.69594	-8.94723	5.8259	-0.0812956	9.71564
8.45	-0.181633	6.77556	-8.8413	5.81212	-0.0804804	9.70414
8.46	-0.180114	6.85433	-8.73631	5.79839	-0.0796678	9.69267
8.47	-0.178606	6.93224	-8.63227	5.78471	-0.0788579	9.68123
8.48	-0.177108	7.00928	-8.52917	5.77107	-0.0780509	9.66981
8.49	-0.175621	7.08546	-8.427	5.75748	-0.0772469	9.65842
8.5	-0.174144	7.16079	-8.32577	5.74394	-0.076446	9.64706
8.51	-0.172678	7.23526	-8.22548	5.73045	-0.0756483	9.63572
8.52	-0.171222	7.30888	-8.12611	5.71701	-0.074854	9.62441
8.53	-0.169777	7.38164	-8.02768	5.70361	-0.0740631	9.61313
8.54	-0.168342	7.45355	-7.93018	5.69026	-0.0732759	9.60187
8.55	-0.166918	7.52461	-7.83361	5.67696	-0.0724923	9.59064
8.56	-0.165504	7.59483	-7.73796	5.6637	-0.0717126	9.57944
8.57	-0.1641	7.6642	-7.64323	5.65049	-0.0709368	9.56826
8.58	-0.162707	7.73273	-7.54941	5.63733	-0.0701649	9.55711
8.59	-0.161324	7.80042	-7.45652	5.62421	-0.0693972	9.54598
8.6	-0.159951	7.86728	-7.36453	5.61114	-0.0686336	9.53488
8.61	-0.158588	7.93331	-7.27346	5.59811	-0.0678743	9.52381
8.62	-0.157236	7.9985	-7.18329	5.58513	-0.0671194	9.51276
8.63	-0.155893	8.06287	-7.09402	5.5722	-0.066369	9.50174
8.64	-0.154561	8.12642	-7.00565	5.55931	-0.0656231	9.49074
8.65	-0.153239	8.18915	-6.91818	5.54646	-0.0648817	9.47977
8.66	-0.151927	8.25106	-6.8316	5.53366	-0.0641451	9.46882
8.67	-0.150624	8.31217	-6.7459	5.5209	-0.0634132	9.4579
8.68	-0.149332	8.37246	-6.66108	5.50819	-0.0626861	9.447
8.69	-0.148049	8.43196	-6.57715	5.49552	-0.0619638	9.43613
8.7	-0.146777	8.49065	-6.49409	5.48289	-0.0612465	9.42529
8.71	-0.145514	8.54855	-6.41189	5.47031	-0.0605342	9.41447
8.72	-0.144261	8.60566	-6.33056	5.45777	-0.059827	9.40367
8.73	-0.143018	8.66198	-6.2501	5.44527	-0.0591248	9.3929
8.74	-0.141784	8.71752	-6.17048	5.43282	-0.0584278	9.38215
8.75	-0.14056	8.77229	-6.09172	5.42041	-0.057736	9.37143
8.76	-0.139345	8.82628	-6.0138	5.40804	-0.0570494	9.36073
8.77	-0.13814	8.8795	-5.93673	5.39571	-0.0563681	9.35006
8.78	-0.136945	8.93197	-5.86049	5.38343	-0.0556921	9.33941
8.79	-0.135759	8.98367	-5.78508	5.37119	-0.0550215	9.32878
8.8	-0.134582	9.03462	-5.71049	5.35899	-0.0543562	9.31818
8.81	-0.133415	9.08483	-5.63673	5.34683	-0.0536963	9.3076
8.82	-0.132257	9.13429	-5.56377	5.33471	-0.0530419	9.29705
8.83	-0.131108	9.18302	-5.49163	5.32264	-0.052393	9.28652
8.84	-0.129968	9.23101	-5.42029	5.3106	-0.0517495	9.27602
8.85	-0.128838	9.27828	-5.34975	5.29861	-0.0511116	9.26554
8.86	-0.127717	9.32482	-5.28001	5.28665	-0.0504792	9.25508
8.87	-0.126604	9.37065	-5.21105	5.27474	-0.0498523	9.24464
8.88	-0.125501	9.41577	-5.14287	5.26286	-0.049231	9.23423
8.89	-0.124406	9.46019	-5.07546	5.25103	-0.0486152	9.22385
8.9	-0.123321	9.5039	-5.00883	5.23924	-0.048005	9.21348
8.91	-0.122244	9.54692	-4.94295	5.22748	-0.0474005	9.20314
8.92	-0.121176	9.58925	-4.87784	5.21577	-0.0468015	9.19283
8.93	-0.120117	9.6309	-4.81348	5.20409	-0.0462081	9.18253
8.94	-0.119067	9.67188	-4.74987	5.19246	-0.0456203	9.17226
8.95	-0.118025	9.71218	-4.68699	5.18086	-0.0450381	9.16201
8.96	-0.116992	9.75182	-4.62485	5.1693	-0.0444615	9.15179
8.97	-0.115967	9.79079	-4.56344	5.15778	-0.0438905	9.14158
8.98	-0.114951	9.82911	-4.50275	5.1463	-0.0433251	9.1314
8.99	-0.113943	9.86679	-4.44278	5.13486	-0.0427653	9.12125
9	-0.112943	9.90382	-4.38351	5.12346	-0.0422111	9.11111
9.01	-0.111952	9.94021	-4.32495	5.11209	-0.0416625	9.101
9.02	-0.110969	9.97598	-4.26709	5.10076	-0.0411194	9.09091
9.03	-0.109994	10.0111	-4.20992	5.08947	-0.0405818	9.08084
9.04	-0.109028	10.0456	-4.15344	5.07822	-0.0400498	9.0708
9.05	-0.108069	10.0795	-4.09764	5.067	-0.0395233	9.06077
9.06	-0.107119	10.1128	-4.04251	5.05582	-0.0390023	9.05077
9.07	-0.106176	10.1455	-3.98804	5.04468	-0.0384868	9.04079
9.08	-0.105242	10.1776	-3.93424	5.03357	-0.0379767	9.03084
9.09	-0.104315	10.2091	-3.8811	5.0225	-0.0374721	9.0209
9.1	-0.103396	10.2401	-3.8286	5.01147	-0.0369729	9.01099
9.11	-0.102485	10.2704	-3.77675	5.00048	-0.0364792	9.0011
9.12	-0.101582	10.3002	-3.72553	4.98952	-0.0359908	8.99123
9.13	-0.100686	10.3294	-3.67495	4.97859	-0.0355077	8.98138
9.14	-0.0997982	10.3581	-3.62499	4.9677	-0.03503	8.97155
9.15	-0.0989177	10.3861	-3.57565	4.95685	-0.0345576	8.96175
9.16	-0.0980448	10.4137	-3.52692	4.94603	-0.0340905	8.95197
9.17	-0.0971793	10.4407	-3.4788	4.93525	-0.0336286	8.9422
9.18	-0.0963211	10.4672	-3.43128	4.92451	-0.033172	8.93246
9.19	-0.0954704	10.4931	-3.38436	4.9138	-0.0327205	8.92274
9.2	-0.0946269	10.5185	-3.33802	4.90312	-0.0322742	8.91304
9.21	-0.0937907	10.5434	-3.29227	4.89248	-0.031833	8.90337
9.22	-0.0929616	10.5677	-3.24709	4.88187	-0.031397	8.89371
9.23	-0.0921397	10.5916	-3.20249	4.8713	-0.030966	8.88407
9.24	-0.0913249	10.6149	-3.15845	4.86076	-0.03054	8.87446
9.25	-0.0905171	10.6378	-3.11497	4.85026	-0.030119	8.86486
9.26	-0.0897163	10.6602	-3.07204	4.83979	-0.029703	8.85529
9.27	-0.0889225	10.682	-3.02966	4.82935	-0.029292	8.84574
9.28	-0.0881355	10.7034	-2.98783	4.81895	-0.0288858	8.83621
9.29	-0.0873553	10.7244	-2.94653	4.80858	-0.0284845	8.8267
9.3	-0.0865819	10.7448	-2.90576	4.79824	-0.028088	8.8172
9.31	-0.0858152	10.7648	-2.86551	4.78794	-0.0276963	8.80773
9.32	-0.0850552	10.7843	-2.82579	4.77767	-0.0273094	8.79828
9.33	-0.0843018	10.8034	-2.78657	4.76744	-0.0269272	8.78885
9.34	-0.083555	10.822	-2.74787	4.75723	-0.0265496	8.77944
9.35	-0.0828147	10.8402	-2.70967	4.74706	-0.0261767	8.77005
9.36	-0.0820808	10.8579	-2.67196	4.73692	-0.0258084	8.76068
9.37	-0.0813534	10.8752	-2.63475	4.72682	-0.0254447	8.75133
9.38	-0.0806323	10.8921	-2.59802	4.71675	-0.0250855	8.742
9.39	-0.0799176	10.9085	-2.56177	4.7067	-0.0247308	8.73269
9.4	-0.0792091	10.9246	-2.52599	4.6967	-0.0243805	8.7234
9.41	-0.0785069	10.9402	-2.49069	4.68672	-0.0240346	8.71413
9.42	-0.0778108	10.9554	-2.45585	4.67677	-0.0236931	8.70488
9.43	-0.0771208	10.9702	-2.42147	4.66686	-0.023356	8.69565
9.44	-0.0764369	10.9847	-2.38754	4.65698	-0.0230231	8.68644
9.45	-0.075759	10.9987	-2.35406	4.64713	-0.0226945	8.67725
9.46	-0.0750871	11.0123	-2.32103	4.63731	-0.0223701	8.66808
9.47	-0.0744211	11.0256	-2.28843	4.62752	-0.0220498	8.65892
9.48	-0.073761	11.0385	-2.25627	4.61776	-0.0217337	8.64979
9.49	-0.0731068	11.051	-2.22453	4.60803	-0.0214217	8.64067
9.5	-0.0724583	11.0631	-2.19322	4.59834	-0.0211137	8.63158
9.51	-0.0718155	11.0749	-2.16232	4.58867	-0.0208098	8.6225
9.52	-0.0711785	11.0863	-2.13184	4.57904	-0.0205098	8.61345
9.53	-0.0705471	11.0973	-2.10176	4.56943	-0.0202137	8.60441
9.54	-0.0699212	11.1081	-2.07209	4.55986	-0.0199216	8.59539
9.55	-0.069301	11.1184	-2.04282	4.55031	-0.0196333	8.58639
9.56	-0.0686862	11.1284	-2.01394	4.5408	-0.0193488	8.57741
9.57	-0.0680769	11.1381	-1.98545	4.53131	-0.0190681	8.56844
9.58	-0.067473	11.1475	-1.95735	4.52186	-0.0187911	8.5595
9.59	-0.0668745	11.1565	-1.92962	4.51243	-0.0185178	8.55057
9.6	-0.0662813	11.1652	-1.90227	4.50304	-0.0182481	8.54167
9.61	-0.0656934	11.1736	-1.87529	4.49367	-0.0179821	8.53278
9.62	-0.0651107	11.1817	-1.84867	4.48433	-0.0177196	8.52391
9.63	-0.0645332	11.1895	-1.82242	4.47503	-0.0174607	8.51506
9.64	-0.0639608	11.197	-1.79652	4.46575	-0.0172053	8.50622
9.65	-0.0633936	11.2041	-1.77098	4.4565	-0.0169533	8.49741
9.66	-0.0628314	11.211	-1.74578	4.44727	-0.0167048	8.48861
9.67	-0.0622742	11.2176	-1.72093	4.43808	-0.0164597	8.47983
9.68	-0.0617221	11.2238	-1.69642	4.42892	-0.0162178	8.47107
9.69	-0.0611748	11.2298	-1.67224	4.41978	-0.0159793	8.46233
9.7	-0.0606324	11.2356	-1.6484	4.41067	-0.0157441	8.45361
9.71	-0.0600949	11.241	-1.62488	4.40159	-0.0155121	8.4449
9.72	-0.0595622	11.2462	-1.60168	4.39254	-0.0152833	8.43621
9.73	-0.0590343	11.2511	-1.57881	4.38351	-0.0150576	8.42754
9.74	-0.0585111	11.2557	-1.55624	4.37452	-0.0148351	8.41889
9.75	-0.0579926	11.2601	-1.53399	4.36555	-0.0146156	8.41026
9.76	-0.0574787	11.2642	-1.51205	4.35661	-0.0143992	8.40164
9.77	-0.0569694	11.2681	-1.4904	4.34769	-0.0141858	8.39304
9.78	-0.0564647	11.2717	-1.46906	4.33881	-0.0139754	8.38446
9.79	-0.0559646	11.275	-1.44801	4.32995	-0.0137679	8.37589
9.8	-0.0554689	11.2782	-1.42726	4.32112	-0.0135633	8.36735
9.81	-0.0549776	11.281	-1.40679	4.31231	-0.0133616	8.35882
9.82	-0.0544908	11.2837	-1.38661	4.30353	-0.0131627	8.35031
9.83	-0.0540083	11.2861	-1.3667	4.29478	-0.0129666	8.34181
9.84	-0.0535302	11.2883	-1.34707	4.28606	-0.0127732	8.33333
9.85	-0.0530564	11.2902	-1.32772	4.27736	-0.0125826	8.32487
9.86	-0.0525868	11.292	-1.30863	4.26869	-0.0123947	8.31643
9.87	-0.0521215	11.2935	-1.28982	4.26004	-0.0122095	8.308
9.88	-0.0516603	11.2948	-1.27126	4.25142	-0.0120269	8.2996
9.89	-0.0512033	11.2959	-1.25296	4.24283	-0.0118469	8.2912
9.9	-0.0507504	11.2968	-1.23492	4.23426	-0.0116694	8.28283
9.91	-0.0503015	11.2974	-1.21713	4.22572	-0.0114945	8.27447
9.92	-0.0498567	11.2979	-1.19959	4.21721	-0.0113221	8.26613
9.93	-0.049416	11.2982	-1.1823	4.20872	-0.0111521	8.2578
9.94	-0.0489791	11.2982	-1.16525	4.20025	-0.0109846	8.2495
9.95	-0.0485462	11.2981	-1.14843	4.19181	-0.0108194	8.24121
9.96	-0.0481172	11.2978	-1.13186	4.1834	-0.0106567	8.23293
9.97	-0.0476921	11.2973	-1.11552	4.17501	-0.0104963	8.22467
9.98	-0.0472708	11.2966	-1.0994	4.16665	-0.0103382	8.21643
9.99	-0.0468533	11.2957	-1.08352	4.15831	-0.0101824	8.20821
10	-0.0464396	11.2947	-1.06785	4.15	-0.0100288	8.2
10.01	-0.0460296	11.2935	-1.05241	4.14171	-0.00987746	8.19181
10.02	-0.0456232	11.2921	-1.03719	4.13345	-0.00972831	8.18363
10.03	-0.0452206	11.2905	-1.02218	4.12521	-0.00958132	8.17547
10.04	-0.0448216	11.2887	-1.00738	4.117	-0.00943647	8.16733
10.05	-0.0444261	11.2868	-0.992796	4.10881	-0.00929372	8.1592
10.06	-0.0440343	11.2848	-0.978415	4.10064	-0.00915305	8.15109
10.07	-0.0436459	11.2825	-0.964238	4.0925	-0.00901444	8.143
10.08	-0.0432611	11.2801	-0.950261	4.08439	-0.00887784	8.13492
10.09	-0.0428797	11.2776	-0.936483	4.0763	-0.00874325	8.12686
10.1	-0.0425018	11.2749	-0.922901	4.06823	-0.00861062	8.11881
10.11	-0.0421273	11.2721	-0.909511	4.06018	-0.00847993	8.11078
10.12	-0.0417561	11.2691	-0.896311	4.05216	-0.00835116	8.10277
10.13	-0.0413884	11.2659	-0.883299	4.04417	-0.00822428	8.09477
10.14	-0.0410239	11.2626	-0.870472	4.0362	-0.00809927	8.08679
10.15	-0.0406627	11.2592	-0.857828	4.02825	-0.00797609	8.07882
10.16	-0.0403048	11.2556	-0.845364	4.02032	-0.00785473	8.07087
10.17	-0.0399501	11.2519	-0.833077	4.01242	-0.00773516	8.06293
10.18	-0.0395986	11.2481	-0.820965	4.00454	-0.00761735	8.05501
10.19	-0.0392502	11.2441	-0.809027	3.99668	-0.00750128	8.04711
10.2	-0.038905	11.24	-0.797258	3.98885	-0.00738693	8.03922
10.21	-0.0385629	11.2358	-0.785658	3.98104	-0.00727427	8.03134
10.22	-0.038224	11.2315	-0.774224	3.97325	-0.00716328	8.02348
10.23	-0.037888	11.227	-0.762953	3.96549	-0.00705394	8.01564
10.24	-0.0375551	11.2224	-0.751843	3.95775	-0.00694622	8.00781
10.25	-0.0372252	11.2177	-0.740892	3.95003	-0.0068401	8
10.26	-0.0368983	11.2129	-0.730098	3.94233	-0.00673555	7.9922
10.27	-0.0365743	11.2079	-0.719459	3.93466	-0.00663257	7.98442
10.28	-0.0362532	11.2029	-0.708972	3.92701	-0.00653112	7.97665
10.29	-0.0359351	11.1977	-0.698636	3.91938	-0.00643118	7.9689
10.3	-0.0356198	11.1924	-0.688448	3.91177	-0.00633273	7.96117
10.31	-0.0353073	11.187	-0.678406	3.90419	-0.00623575	7.95344
10.32	-0.0349977	11.1815	-0.668508	3.89663	-0.00614022	7.94574
10.33	-0.0346908	11.1759	-0.658753	3.88909	-0.00604612	7.93804
10.34	-0.0343867	11.1702	-0.649138	3.88157	-0.00595343	7.93037
10.35	-0.0340854	11.1644	-0.639661	3.87407	-0.00586212	7.92271
10.36	-0.0337867	11.1585	-0.63032	3.86659	-0.00577219	7.91506
10.37	-0.0334908	11.1526	-0.621114	3.85914	-0.0056836	7.90743
10.38	-0.0331975	11.1465	-0.61204	3.85171	-0.00559635	7.89981
10.39	-0.0329069	11.1403	-0.603098	3.8443	-0.00551041	7.8922
10.4	-0.0326189	11.134	-0.594284	3.83691	-0.00542575	7.88462
10.41	-0.0323334	11.1277	-0.585597	3.82954	-0.00534238	7.87704
10.42	-0.0320506	11.1212	-0.577035	3.82219	-0.00526025	7.86948
10.43	-0.0317703	11.1147	-0.568597	3.81487	-0.00517937	7.86194
10.44	-0.0314925	11.1081	-0.560281	3.80756	-0.0050997	7.85441
10.45	-0.0312172	11.1014	-0.552084	3.80028	-0.00502124	7.84689
10.46	-0.0309444	11.0946	-0.544007	3.79302	-0.00494396	7.83939
10.47	-0.030674	11.0877	-0.536046	3.78577	-0.00486785	7.8319
10.48	-0.0304061	11.0808	-0.5282	3.77855	-0.00479288	7.82443
10.49	-0.0301406	11.0738	-0.520467	3.77135	-0.00471906	7.81697
10.5	-0.0298775	11.0667	-0.512846	3.76417	-0.00464634	7.80952
10.51	-0.0296167	11.0595	-0.505336	3.75701	-0.00457473	7.80209
10.52	-0.0293583	11.0522	-0.497934	3.74987	-0.00450421	7.79468
10.53	-0.0291022	11.0449	-0.49064	3.74275	-0.00443475	7.78727
10.54	-0.0288484	11.0375	-0.483451	3.73566	-0.00436635	7.77989
10.55	-0.0285969	11.0301	-0.476367	3.72858	-0.00429899	7.77251
10.56	-0.0283476	11.0226	-0.469385	3.72152	-0.00423265	7.76515
10.57	-0.0281006	11.015	-0.462504	3.71448	-0.00416731	7.75781
10.58	-0.0278558	11.0073	-0.455723	3.70746	-0.00410297	7.75047
10.59	-0.0276132	10.9996	-0.449041	3.70046	-0.00403961	7.74315
10.6	-0.0273728	10.9919	-0.442455	3.69349	-0.00397721	7.73585
10.61	-0.0271346	10.984	-0.435965	3.68653	-0.00391577	7.72856
10.62	-0.0268984	10.9761	-0.42957	3.67959	-0.00385526	7.72128
10.63	-0.0266644	10.9682	-0.423267	3.67267	-0.00379567	7.71402
10.64	-0.0264325	10.9601	-0.417056	3.66577	-0.00373698	7.70677
10.65	-0.0262027	10.9521	-0.410935	3.65889	-0.0036792	7.69953
10.66	-0.0259749	10.944	-0.404903	3.65202	-0.00362229	7.69231
10.67	-0.0257492	10.9358	-0.398959	3.64518	-0.00356626	7.6851
10.68	-0.0255255	10.9275	-0.393102	3.63836	-0.00351108	7.6779
10.69	-0.0253038	10.9193	-0.387329	3.63156	-0.00345674	7.67072
10.7	-0.0250841	10.9109	-0.381641	3.62477	-0.00340324	7.66355
10.71	-0.0248663	10.9026	-0.376035	3.618	-0.00335055	7.6564
10.72	-0.0246505	10.8941	-0.370511	3.61126	-0.00329867	7.64925
10.73	-0.0244366	10.8856	-0.365068	3.60453	-0.00324758	7.64212
10.74	-0.0242247	10.8771	-0.359704	3.59782	-0.00319728	7.63501
10.75	-0.0240146	10.8686	-0.354418	3.59113	-0.00314774	7.62791
10.76	-0.0238065	10.8599	-0.349209	3.58446	-0.00309897	7.62082
10.77	-0.0236001	10.8513	-0.344076	3.57781	-0.00305094	7.61374
10.78	-0.0233957	10.8426	-0.339018	3.57117	-0.00300365	7.60668
10.79	-0.023193	10.8338	-0.334034	3.56455	-0.00295708	7.59963
10.8	-0.0229922	10.8251	-0.329122	3.55796	-0.00291123	7.59259
10.81	-0.0227931	10.8162	-0.324282	3.55138	-0.00286609	7.58557
10.82	-0.0225959	10.8074	-0.319513	3.54482	-0.00282163	7.57856
10.83	-0.0224004	10.7985	-0.314814	3.53827	-0.00277786	7.57156
10.84	-0.0222066	10.7896	-0.310183	3.53175	-0.00273476	7.56458
10.85	-0.0220146	10.7806	-0.305619	3.52524	-0.00269233	7.5576
10.86	-0.0218242	10.7716	-0.301123	3.51875	-0.00265055	7.55064
10.87	-0.0216356	10.7625	-0.296692	3.51228	-0.00260941	7.5437
10.88	-0.0214487	10.7535	-0.292326	3.50583	-0.0025689	7.53676
10.89	-0.0212634	10.7444	-0.288023	3.49939	-0.00252902	7.52984
10.9	-0.0210798	10.7352	-0.283784	3.49297	-0.00248975	7.52294
10.91	-0.0208978	10.7261	-0.279606	3.48657	-0.00245108	7.51604
10.92	-0.0207174	10.7169	-0.27549	3.48019	-0.00241301	7.50916
10.93	-0.0205387	10.7076	-0.271434	3.47382	-0.00237553	7.50229
10.94	-0.0203615	10.6984	-0.267437	3.46748	-0.00233863	7.49543
10.95	-0.0201859	10.6891	-0.263499	3.46115	-0.00230229	7.48858
10.96	-0.0200119	10.6798	-0.259618	3.45483	-0.00226652	7.48175
10.97	-0.0198394	10.6705	-0.255795	3.44854	-0.00223129	7.47493
10.98	-0.0196684	10.6611	-0.252027	3.44226	-0.00219661	7.46812
10.99	-0.019499	10.6517	-0.248314	3.436	-0.00216247	7.46133
11	-0.0193311	10.6423	-0.244656	3.42975	-0.00212885	7.45455
11.01	-0.0191646	10.6329	-0.241051	3.42352	-0.00209575	7.44777
11.02	-0.0189997	10.6234	-0.2375	3.41731	-0.00206317	7.44102
11.03	-0.0188362	10.6139	-0.234	3.41112	-0.00203109	7.43427
11.04	-0.0186741	10.6044	-0.230551	3.40494	-0.0019995	7.42754
11.05	-0.0185135	10.5949	-0.227154	3.39878	-0.0019684	7.42081
11.06	-0.0183543	10.5854	-0.223805	3.39264	-0.00193778	7.4141
11.07	-0.0181965	10.5758	-0.220506	3.38651	-0.00190764	7.40741
11.08	-0.0180402	10.5662	-0.217256	3.3804	-0.00187796	7.40072
11.09	-0.0178852	10.5566	-0.214053	3.37431	-0.00184874	7.39405
11.1	-0.0177315	10.547	-0.210897	3.36823	-0.00181997	7.38739
11.11	-0.0175793	10.5374	-0.207788	3.36217	-0.00179165	7.38074
11.12	-0.0174284	10.5277	-0.204724	3.35613	-0.00176377	7.3741
11.13	-0.0172788	10.518	-0.201705	3.3501	-0.00173632	7.36748
11.14	-0.0171305	10.5084	-0.19873	3.34409	-0.00170929	7.36086
11.15	-0.0169836	10.4987	-0.195799	3.33809	-0.00168268	7.35426
11.16	-0.0168379	10.4889	-0.192911	3.33211	-0.00165649	7.34767
11.17	-0.0166936	10.4792	-0.190065	3.32615	-0.0016307	7.34109
11.18	-0.0165505	10.4695	-0.187262	3.3202	-0.00160531	7.33453
11.19	-0.0164087	10.4597	-0.184499	3.31427	-0.00158031	7.32797
11.2	-0.0162681	10.45	-0.181777	3.30835	-0.0015557	7.32143
11.21	-0.0161287	10.4402	-0.179095	3.30245	-0.00153148	7.3149
11.22	-0.0159906	10.4304	-0.176453	3.29657	-0.00150763	7.30838
11.23	-0.0158538	10.4206	-0.173849	3.2907	-0.00148414	7.30187
11.24	-0.0157181	10.4108	-0.171283	3.28485	-0.00146103	7.29537
11.25	-0.0155836	10.4009	-0.168756	3.27901	-0.00143827	7.28889
11.26	-0.0154503	10.3911	-0.166265	3.27319	-0.00141586	7.28242
11.27	-0.0153181	10.3813	-0.163811	3.26738	-0.00139381	7.27595
11.28	-0.0151872	10.3714	-0.161393	3.26159	-0.00137209	7.2695
11.29	-0.0150574	10.3616	-0.159011	3.25582	-0.00135072	7.26306
11.3	-0.0149287	10.3517	-0.156663	3.25006	-0.00132967	7.25664
11.31	-0.0148011	10.3418	-0.154351	3.24431	-0.00130895	7.25022
11.32	-0.0146747	10.3319	-0.152072	3.23858	-0.00128855	7.24382
11.33	-0.0145494	10.3221	-0.149827	3.23287	-0.00126847	7.23742
11.34	-0.0144252	10.3122	-0.147615	3.22717	-0.00124871	7.23104
11.35	-0.0143021	10.3023	-0.145435	3.22149	-0.00122925	7.22467
11.36	-0.01418	10.2924	-0.143287	3.21582	-0.00121009	7.21831
11.37	-0.014059	10.2824	-0.141172	3.21016	-0.00119123	7.21196
11.38	-0.0139391	10.2725	-0.139087	3.20452	-0.00117266	7.20562
11.39	-0.0138203	10.2626	-0.137033	3.1989	-0.00115438	7.1993
11.4	-0.0137024	10.2527	-0.135009	3.19329	-0.00113639	7.19298
11.41	-0.0135856	10.2428	-0.133015	3.1877	-0.00111867	7.18668
11.42	-0.0134699	10.2328	-0.13105	3.18212	-0.00110123	7.18039
11.43	-0.0133551	10.2229	-0.129114	3.17655	-0.00108406	7.1741
11.44	-0.0132413	10.213	-0.127207	3.171	-0.00106716	7.16783
11.45	-0.0131286	10.203	-0.125328	3.16546	-0.00105053	7.16157
11.46	-0.0130168	10.1931	-0.123476	3.15994	-0.00103415	7.15532
11.47	-0.012906	10.1831	-0.121652	3.15443	-0.00101802	7.14908
11.48	-0.0127962	10.1732	-0.119855	3.14894	-0.00100215	7.14286
11.49	-0.0126873	10.1633	-0.118084	3.14346	-0.000986524	7.13664
11.5	-0.0125794	10.1533	-0.116339	3.138	-0.000971141	7.13043
11.51	-0.0124724	10.1434	-0.11462	3.13255	-0.000955998	7.12424
11.52	-0.0123663	10.1334	-0.112927	3.12711	-0.00094109	7.11806
11.53	-0.0122612	10.1235	-0.111258	3.12169	-0.000926415	7.11188
11.54	-0.012157	10.1135	-0.109614	3.11628	-0.000911968	7.10572
11.55	-0.0120537	10.1036	-0.107994	3.11089	-0.000897746	7.09957
11.56	-0.0119513	10.0936	-0.106398	3.10551	-0.000883745	7.09343
11.57	-0.0118497	10.0837	-0.104825	3.10014	-0.000869963	7.08729
11.58	-0.0117491	10.0738	-0.103276	3.09479	-0.000856395	7.08117
11.59	-0.0116493	10.0638	-0.10175	3.08945	-0.000843038	7.07506
11.6	-0.0115504	10.0539	-0.100246	3.08413	-0.00082989	7.06897
11.61	-0.0114524	10.0439	-0.098764	3.07882	-0.000816947	7.06288
11.62	-0.0113552	10.034	-0.097304	3.07352	-0.000804205	7.0568
11.63	-0.0112589	10.0241	-0.0958657	3.06824	-0.000791661	7.05073
11.64	-0.0111633	10.0142	-0.0944485	3.06297	-0.000779313	7.04467
11.65	-0.0110687	10.0042	-0.0930523	3.05771	-0.000767158	7.03863
11.66	-0.0109748	9.99432	-0.0916766	3.05247	-0.000755192	7.03259
11.67	-0.0108817	9.98441	-0.0903212	3.04724	-0.000743413	7.02656
11.68	-0.0107895	9.9745	-0.0889859	3.04202	-0.000731817	7.02055
11.69	-0.010698	9.96459	-0.0876702	3.03682	-0.000720402	7.01454
11.7	-0.0106074	9.95469	-0.086374	3.03163	-0.000709164	7.00855
11.71	-0.0105175	9.94479	-0.0850969	3.02646	-0.000698102	7.00256
11.72	-0.0104284	9.9349	-0.0838386	3.02129	-0.000687213	6.99659
11.73	-0.0103401	9.92501	-0.0825989	3.01614	-0.000676493	6.99062
11.74	-0.0102525	9.91513	-0.0813775	3.01101	-0.00066594	6.98467
11.75	-0.0101657	9.90525	-0.0801741	3.00589	-0.000655552	6.97872
11.76	-0.0100796	9.89538	-0.0789885	3.00078	-0.000645326	6.97279
11.77	-0.00999429	9.88552	-0.0778204	2.99568	-0.00063526	6.96686
11.78	-0.00990969	9.87566	-0.0766695	2.99059	-0.00062535	6.96095
11.79	-0.00982583	9.8658	-0.0755357	2.98552	-0.000615595	6.95505
11.8	-0.00974269	9.85596	-0.0744185	2.98047	-0.000605992	6.94915
11.81	-0.00966026	9.84612	-0.0733179	2.97542	-0.000596539	6.94327
11.82	-0.00957854	9.83628	-0.0722335	2.97039	-0.000587233	6.93739
11.83	-0.00949752	9.82646	-0.0711651	2.96537	-0.000578073	6.93153
11.84	-0.00941719	9.81664	-0.0701125	2.96036	-0.000569055	6.92568
11.85	-0.00933756	9.80682	-0.0690755	2.95537	-0.000560178	6.91983
11.86	-0.00925861	9.79702	-0.0680537	2.95039	-0.00055144	6.914
11.87	-0.00918033	9.78722	-0.0670471	2.94542	-0.000542838	6.90817
11.88	-0.00910273	9.77743	-0.0660553	2.94046	-0.00053437	6.90236
11.89	-0.00902578	9.76765	-0.0650782	2.93552	-0.000526034	6.89655
11.9	-0.0089495	9.75787	-0.0641155	2.93058	-0.000517828	6.89076
11.91	-0.00887387	9.74811	-0.063167	2.92566	-0.00050975	6.88497
11.92	-0.00879889	9.73835	-0.0622325	2.92076	-0.000501799	6.87919
11.93	-0.00872454	9.7286	-0.0613119	2.91586	-0.000493971	6.87343
11.94	-0.00865083	9.71886	-0.0604048	2.91098	-0.000486266	6.86767
11.95	-0.00857775	9.70912	-0.0595111	2.90611	-0.00047868	6.86192
11.96	-0.00850529	9.6994	-0.0586307	2.90125	-0.000471214	6.85619
11.97	-0.00843345	9.68968	-0.0577632	2.89641	-0.000463863	6.85046
11.98	-0.00836222	9.67998	-0.0569086	2.89157	-0.000456628	6.84474
11.99	-0.0082916	9.67028	-0.0560666	2.88675	-0.000449505	6.83903
12	-0.00822158	9.66059	-0.055237	2.88194	-0.000442493	6.83333
12.01	-0.00815215	9.65092	-0.0544197	2.87715	-0.000435591	6.82764
12.02	-0.00808332	9.64125	-0.0536145	2.87236	-0.000428797	6.82196
12.03	-0.00801506	9.63159	-0.0528212	2.86759	-0.000422108	6.81629
12.04	-0.00794739	9.62194	-0.0520396	2.86283	-0.000415524	6.81063
12.05	-0.00788029	9.6123	-0.0512696	2.85808	-0.000409043	6.80498
12.06	-0.00781376	9.60267	-0.0505109	2.85334	-0.000402663	6.79934
12.07	-0.0077478	9.59305	-0.0497634	2.84861	-0.000396383	6.7937
12.08	-0.00768239	9.58344	-0.049027	2.8439	-0.0003902	6.78808
12.09	-0.00761753	9.57384	-0.0483015	2.8392	-0.000384114	6.78246
12.1	-0.00755323	9.56425	-0.0475867	2.83451	-0.000378123	6.77686
12.11	-0.00748946	9.55467	-0.0468825	2.82983	-0.000372226	6.77126
12.12	-0.00742624	9.5451	-0.0461887	2.82516	-0.000366421	6.76568
12.13	-0.00736355	9.53555	-0.0455051	2.8205	-0.000360706	6.7601
12.14	-0.00730138	9.526	-0.0448317	2.81586	-0.00035508	6.75453
12.15	-0.00723975	9.51646	-0.0441682	2.81122	-0.000349543	6.74897
12.16	-0.00717863	9.50694	-0.0435145	2.8066	-0.000344091	6.74342
12.17	-0.00711802	9.49743	-0.0428705	2.80199	-0.000338725	6.73788
12.18	-0.00705793	9.48792	-0.042236	2.79739	-0.000333443	6.73235
12.19	-0.00699834	9.47843	-0.0416109	2.79281	-0.000328243	6.72683
12.2	-0.00693925	9.46895	-0.040995	2.78823	-0.000323124	6.72131
12.21	-0.00688065	9.45948	-0.0403882	2.78366	-0.000318085	6.71581
12.22	-0.00682255	9.45002	-0.0397904	2.77911	-0.000313125	6.71031
12.23	-0.00676494	9.44057	-0.0392015	2.77457	-0.000308242	6.70482
12.24	-0.0067078	9.43114	-0.0386213	2.77004	-0.000303436	6.69935
12.25	-0.00665115	9.42172	-0.0380496	2.76551	-0.000298704	6.69388
12.26	-0.00659497	9.4123	-0.0374864	2.761	-0.000294046	6.68842
12.27	-0.00653926	9.4029	-0.0369315	2.75651	-0.000289461	6.68297
12.28	-0.00648401	9.39351	-0.0363848	2.75202	-0.000284948	6.67752
12.29	-0.00642923	9.38414	-0.0358462	2.74754	-0.000280505	6.67209
12.3	-0.0063749	9.37477	-0.0353156	2.74308	-0.000276132	6.66667
12.31	-0.00632103	9.36542	-0.0347929	2.73862	-0.000271826	6.66125
12.32	-0.0062676	9.35608	-0.0342778	2.73418	-0.000267588	6.65584
12.33	-0.00621462	9.34675	-0.0337704	2.72974	-0.000263416	6.65045
12.34	-0.00616208	9.33743	-0.0332705	2.72532	-0.000259309	6.64506
12.35	-0.00610998	9.32813	-0.032778	2.72091	-0.000255267	6.63968
12.36	-0.00605831	9.31883	-0.0322927	2.71651	-0.000251287	6.6343
12.37	-0.00600706	9.30955	-0.0318147	2.71212	-0.00024737	6.62894
12.38	-0.00595625	9.30029	-0.0313437	2.70774	-0.000243513	6.62359
12.39	-0.00590585	9.29103	-0.0308797	2.70337	-0.000239717	6.61824
12.4	-0.00585587	9.28179	-0.0304225	2.69901	-0.00023598	6.6129
12.41	-0.0058063	9.27256	-0.0299721	2.69466	-0.000232302	6.60757
12.42	-0.00575714	9.26334	-0.0295284	2.69033	-0.000228681	6.60225
12.43	-0.00570839	9.25413	-0.0290912	2.686	-0.000225116	6.59694
12.44	-0.00566004	9.24494	-0.0286606	2.68168	-0.000221607	6.59164
12.45	-0.00561209	9.23576	-0.0282362	2.67738	-0.000218153	6.58635
12.46	-0.00556454	9.22659	-0.0278182	2.67308	-0.000214753	6.58106
12.47	-0.00551737	9.21743	-0.0274063	2.66879	-0.000211406	6.57578
12.48	-0.0054706	9.20829	-0.0270006	2.66452	-0.000208111	6.57051
12.49	-0.0054242	9.19916	-0.0266008	2.66025	-0.000204867	6.56525
12.5	-0.00537819	9.19005	-0.026207	2.656	-0.000201674	6.56
12.51	-0.00533256	9.18094	-0.0258189	2.65176	-0.000198531	6.55476
12.52	-0.0052873	9.17185	-0.0254367	2.64752	-0.000195437	6.54952
12.53	-0.00524241	9.16277	-0.0250601	2.6433	-0.000192392	6.54429
12.54	-0.00519788	9.15371	-0.024689	2.63908	-0.000189394	6.53907
12.55	-0.00515372	9.14465	-0.0243235	2.63488	-0.000186442	6.53386
12.56	-0.00510992	9.13561	-0.0239633	2.63068	-0.000183537	6.52866
12.57	-0.00506648	9.12659	-0.0236085	2.6265	-0.000180677	6.52347
12.58	-0.00502339	9.11757	-0.0232589	2.62233	-0.000177862	6.51828
12.59	-0.00498065	9.10857	-0.0229145	2.61816	-0.00017509	6.51311
12.6	-0.00493826	9.09959	-0.0225752	2.61401	-0.000172362	6.50794
12.61	-0.00489621	9.09061	-0.022241	2.60986	-0.000169677	6.50278
12.62	-0.00485451	9.08165	-0.0219116	2.60573	-0.000167033	6.49762
12.63	-0.00481314	9.0727	-0.0215872	2.60161	-0.000164431	6.49248
12.64	-0.00477211	9.06377	-0.0212675	2.59749	-0.000161869	6.48734
12.65	-0.00473141	9.05485	-0.0209526	2.59339	-0.000159347	6.48221
12.66	-0.00469103	9.04594	-0.0206424	2.58929	-0.000156865	6.47709
12.67	-0.00465099	9.03704	-0.0203367	2.5852	-0.000154421	6.47198
12.68	-0.00461126	9.02816	-0.0200356	2.58113	-0.000152015	6.46688
12.69	-0.00457186	9.01929	-0.0197389	2.57706	-0.000149647	6.46178
12.7	-0.00453277	9.01044	-0.0194466	2.57301	-0.000147316	6.45669
12.71	-0.004494	9.00159	-0.0191586	2.56896	-0.000145021	6.45161
12.72	-0.00445554	8.99276	-0.0188749	2.56492	-0.000142763	6.44654
12.73	-0.00441738	8.98395	-0.0185954	2.56089	-0.000140539	6.44148
12.74	-0.00437953	8.97515	-0.01832	2.55687	-0.00013835	6.43642
12.75	-0.00434199	8.96636	-0.0180487	2.55286	-0.000136195	6.43137
12.76	-0.00430474	8.95758	-0.0177815	2.54886	-0.000134074	6.42633
12.77	-0.00426779	8.94882	-0.0175182	2.54487	-0.000131986	6.4213
12.78	-0.00423114	8.94007	-0.0172587	2.54089	-0.00012993	6.41628
12.79	-0.00419478	8.93134	-0.0170031	2.53692	-0.000127907	6.41126
12.8	-0.0041587	8.92262	-0.0167514	2.53296	-0.000125915	6.40625
12.81	-0.00412292	8.91391	-0.0165033	2.52901	-0.000123954	6.40125
12.82	-0.00408741	8.90521	-0.0162589	2.52506	-0.000122024	6.39626
12.83	-0.00405219	8.89653	-0.0160181	2.52113	-0.000120124	6.39127
12.84	-0.00401724	8.88786	-0.0157809	2.5172	-0.000118253	6.38629
12.85	-0.00398258	8.87921	-0.0155472	2.51329	-0.000116412	6.38132
12.86	-0.00394818	8.87057	-0.0153169	2.50938	-0.000114599	6.37636
12.87	-0.00391406	8.86194	-0.0150901	2.50548	-0.000112815	6.37141
12.88	-0.0038802	8.85332	-0.0148666	2.50159	-0.000111059	6.36646
12.89	-0.00384661	8.84472	-0.0146465	2.49771	-0.00010933	6.36152
12.9	-0.00381328	8.83613	-0.0144295	2.49384	-0.000107628	6.35659
12.91	-0.00378022	8.82756	-0.0142158	2.48998	-0.000105952	6.35167
12.92	-0.00374741	8.819	-0.0140053	2.48613	-0.000104303	6.34675
12.93	-0.00371486	8.81045	-0.0137979	2.48228	-0.000102679	6.34184
12.94	-0.00368256	8.80192	-0.0135936	2.47845	-0.00010108	6.33694
12.95	-0.00365052	8.7934	-0.0133922	2.47462	-9.9507e-05	6.33205
12.96	-0.00361872	8.78489	-0.0131939	2.4708	-9.79581e-05	6.32716
12.97	-0.00358717	8.7764	-0.0129985	2.46699	-9.64334e-05	6.32228
12.98	-0.00355586	8.76792	-0.012806	2.46319	-9.49324e-05	6.31741
12.99	-0.0035248	8.75945	-0.0126163	2.4594	-9.34548e-05	6.31255
13	-0.00349398	8.751	-0.0124295	2.45562	-9.20003e-05	6.30769
13.01	-0.00346339	8.74256	-0.0122454	2.45185	-9.05684e-05	6.30284
13.02	-0.00343304	8.73413	-0.012064	2.44808	-8.91589e-05	6.298
13.03	-0.00340292	8.72572	-0.0118853	2.44433	-8.77714e-05	6.29317
13.04	-0.00337304	8.71732	-0.0117093	2.44058	-8.64055e-05	6.28834
13.05	-0.00334338	8.70894	-0.0115359	2.43684	-8.50608e-05	6.28352
13.06	-0.00331395	8.70056	-0.011365	2.43311	-8.37372e-05	6.27871
13.07	-0.00328474	8.6922	-0.0111967	2.42939	-8.24342e-05	6.27391
13.08	-0.00325576	8.68386	-0.0110309	2.42567	-8.11515e-05	6.26911
13.09	-0.003227	8.67553	-0.0108675	2.42197	-7.98888e-05	6.26432
13.1	-0.00319845	8.66721	-0.0107065	2.41827	-7.86457e-05	6.25954
13.11	-0.00317012	8.6589	-0.010548	2.41459	-7.74221e-05	6.25477
13.12	-0.00314201	8.65061	-0.0103917	2.41091	-7.62175e-05	6.25
13.13	-0.00311411	8.64233	-0.0102378	2.40724	-7.50317e-05	6.24524
13.14	-0.00308642	8.63407	-0.0100862	2.40357	-7.38644e-05	6.24049
13.15	-0.00305893	8.62581	-0.00993681	2.39992	-7.27153e-05	6.23574
13.16	-0.00303165	8.61758	-0.00978963	2.39627	-7.15841e-05	6.231
13.17	-0.00300458	8.60935	-0.00964463	2.39264	-7.04705e-05	6.22627
13.18	-0.00297771	8.60114	-0.00950178	2.38901	-6.93743e-05	6.22155
13.19	-0.00295104	8.59294	-0.00936105	2.38539	-6.82952e-05	6.21683
13.2	-0.00292457	8.58476	-0.0092224	2.38177	-6.72329e-05	6.21212
13.21	-0.00289829	8.57658	-0.0090858	2.37817	-6.61871e-05	6.20742
13.22	-0.00287221	8.56842	-0.00895123	2.37457	-6.51577e-05	6.20272
13.23	-0.00284632	8.56028	-0.00881864	2.37098	-6.41443e-05	6.19803
13.24	-0.00282063	8.55215	-0.00868803	2.3674	-6.31466e-05	6.19335
13.25	-0.00279512	8.54403	-0.00855934	2.36383	-6.21646e-05	6.18868
13.26	-0.0027698	8.53592	-0.00843256	2.36027	-6.11978e-05	6.18401
13.27	-0.00274466	8.52783	-0.00830766	2.35671	-6.02461e-05	6.17935
13.28	-0.00271971	8.51975	-0.00818461	2.35316	-5.93092e-05	6.1747
13.29	-0.00269494	8.51169	-0.00806338	2.34962	-5.83869e-05	6.17005
13.3	-0.00267035	8.50363	-0.00794395	2.34609	-5.7479e-05	6.16541
13.31	-0.00264594	8.49559	-0.00782628	2.34257	-5.65852e-05	6.16078
13.32	-0.00262171	8.48757	-0.00771036	2.33905	-5.57054e-05	6.15616
13.33	-0.00259765	8.47955	-0.00759615	2.33554	-5.48393e-05	6.15154
13.34	-0.00257377	8.47155	-0.00748364	2.33204	-5.39866e-05	6.14693
13.35	-0.00255005	8.46357	-0.00737279	2.32855	-5.31473e-05	6.14232
13.36	-0.00252651	8.45559	-0.00726359	2.32507	-5.2321e-05	6.13772
13.37	-0.00250313	8.44763	-0.007156	2.32159	-5.15076e-05	6.13313
13.38	-0.00247992	8.43968	-0.00705	2.31812	-5.07068e-05	6.12855
13.39	-0.00245688	8.43175	-0.00694557	2.31466	-4.99185e-05	6.12397
13.4	-0.002434	8.42383	-0.0068427	2.31121	-4.91426e-05	6.1194
13.41	-0.00241128	8.41592	-0.00674134	2.30776	-4.83786e-05	6.11484
13.42	-0.00238872	8.40802	-0.00664148	2.30432	-4.76266e-05	6.11028
13.43	-0.00236632	8.40014	-0.00654311	2.30089	-4.68863e-05	6.10573
13.44	-0.00234408	8.39227	-0.00644619	2.29747	-4.61576e-05	6.10119
13.45	-0.00232199	8.38441	-0.00635071	2.29405	-4.54402e-05	6.09665
13.46	-0.00230005	8.37657	-0.00625664	2.29065	-4.47339e-05	6.09212
13.47	-0.00227827	8.36874	-0.00616396	2.28725	-4.40387e-05	6.0876
13.48	-0.00225664	8.36092	-0.00607266	2.28385	-4.33543e-05	6.08309
13.49	-0.00223516	8.35312	-0.00598271	2.28047	-4.26805e-05	6.07858
13.5	-0.00221382	8.34532	-0.00589409	2.27709	-4.20172e-05	6.07407
13.51	-0.00219264	8.33755	-0.00580678	2.27372	-4.13643e-05	6.06958
13.52	-0.00217159	8.32978	-0.00572077	2.27036	-4.07215e-05	6.06509
13.53	-0.00215069	8.32203	-0.00563603	2.26701	-4.00887e-05	6.06061
13.54	-0.00212993	8.31428	-0.00555254	2.26366	-3.94658e-05	6.05613
13.55	-0.00210932	8.30656	-0.00547029	2.26032	-3.88526e-05	6.05166
13.56	-0.00208884	8.29884	-0.00538926	2.25699	-3.82489e-05	6.0472
13.57	-0.0020685	8.29114	-0.00530943	2.25366	-3.76547e-05	6.04274
13.58	-0.00204829	8.28345	-0.00523079	2.25034	-3.70696e-05	6.03829
13.59	-0.00202822	8.27577	-0.0051533	2.24703	-3.64937e-05	6.03385
13.6	-0.00200829	8.26811	-0.00507697	2.24373	-3.59268e-05	6.02941
13.61	-0.00198848	8.26046	-0.00500176	2.24043	-3.53687e-05	6.02498
13.62	-0.00196881	8.25282	-0.00492767	2.23714	-3.48192e-05	6.02056
13.63	-0.00194926	8.24519	-0.00485468	2.23386	-3.42783e-05	6.01614
13.64	-0.00192984	8.23758	-0.00478277	2.23059	-3.37459e-05	6.01173
13.65	-0.00191055	8.22998	-0.00471192	2.22732	-3.32217e-05	6.00733
13.66	-0.00189139	8.22239	-0.00464212	2.22406	-3.27057e-05	6.00293
13.67	-0.00187234	8.21481	-0.00457336	2.22081	-3.21977e-05	5.99854
13.68	-0.00185342	8.20725	-0.00450561	2.21756	-3.16976e-05	5.99415
13.69	-0.00183463	8.1997	-0.00443887	2.21432	-3.12053e-05	5.98977
13.7	-0.00181595	8.19216	-0.00437312	2.21109	-3.07207e-05	5.9854
13.71	-0.00179739	8.18463	-0.00430834	2.20787	-3.02436e-05	5.98104
13.72	-0.00177895	8.17712	-0.00424452	2.20465	-2.97739e-05	5.97668
13.73	-0.00176062	8.16962	-0.00418165	2.20144	-2.93115e-05	5.97232
13.74	-0.00174241	8.16213	-0.0041197	2.19824	-2.88563e-05	5.96798
13.75	-0.00172431	8.15465	-0.00405868	2.19504	-2.84083e-05	5.96364
13.76	-0.00170632	8.14719	-0.00399855	2.19185	-2.79671e-05	5.9593
13.77	-0.00168845	8.13974	-0.00393932	2.18867	-2.75329e-05	5.95497
13.78	-0.00167069	8.1323	-0.00388097	2.18549	-2.71054e-05	5.95065
13.79	-0.00165303	8.12487	-0.00382348	2.18233	-2.66845e-05	5.94634
13.8	-0.00163548	8.11746	-0.00376684	2.17916	-2.62702e-05	5.94203
13.81	-0.00161804	8.11006	-0.00371104	2.17601	-2.58624e-05	5.93773
13.82	-0.0016007	8.10267	-0.00365607	2.17286	-2.54609e-05	5.93343
13.83	-0.00158347	8.09529	-0.00360191	2.16972	-2.50656e-05	5.92914
13.84	-0.00156634	8.08792	-0.00354855	2.16659	-2.46765e-05	5.92486
13.85	-0.00154931	8.08057	-0.00349599	2.16346	-2.42934e-05	5.92058
13.86	-0.00153238	8.07323	-0.0034442	2.16034	-2.39163e-05	5.91631
13.87	-0.00151555	8.0659	-0.00339318	2.15722	-2.35451e-05	5.91204
13.88	-0.00149882	8.05858	-0.00334292	2.15412	-2.31796e-05	5.90778
13.89	-0.00148218	8.05128	-0.0032934	2.15102	-2.28198e-05	5.90353
13.9	-0.00146565	8.04399	-0.00324461	2.14792	-2.24656e-05	5.89928
13.91	-0.0014492	8.03671	-0.00319654	2.14483	-2.21169e-05	5.89504
13.92	-0.00143285	8.02944	-0.00314919	2.14175	-2.17737e-05	5.8908
13.93	-0.00141659	8.02218	-0.00310254	2.13868	-2.14358e-05	5.88658
13.94	-0.00140043	8.01494	-0.00305658	2.13561	-2.11031e-05	5.88235
13.95	-0.00138435	8.0077	-0.0030113	2.13255	-2.07756e-05	5.87814
13.96	-0.00136836	8.00048	-0.0029667	2.1295	-2.04532e-05	5.87393
13.97	-0.00135247	7.99327	-0.00292275	2.12645	-2.01358e-05	5.86972
13.98	-0.00133665	7.98608	-0.00287945	2.12341	-1.98234e-05	5.86552
13.99	-0.00132093	7.97889	-0.0028368	2.12037	-1.95158e-05	5.86133
14	-0.00130529	7.97172	-0.00279477	2.11735	-1.92129e-05	5.85714
14.01	-0.00128973	7.96456	-0.00275337	2.11433	-1.89148e-05	5.85296
14.02	-0.00127426	7.95741	-0.00271259	2.11131	-1.86214e-05	5.84879
14.03	-0.00125886	7.95027	-0.0026724	2.1083	-1.83325e-05	5.84462
14.04	-0.00124355	7.94315	-0.00263281	2.1053	-1.8048e-05	5.84046
14.05	-0.00122832	7.93603	-0.00259381	2.1023	-1.7768e-05	5.8363
14.06	-0.00121317	7.92893	-0.00255539	2.09931	-1.74924e-05	5.83215
14.07	-0.00119809	7.92184	-0.00251753	2.09633	-1.7221e-05	5.828
14.08	-0.00118309	7.91476	-0.00248024	2.09335	-1.69539e-05	5.82386
14.09	-0.00116817	7.90769	-0.0024435	2.09038	-1.66909e-05	5.81973
14.1	-0.00115332	7.90064	-0.0024073	2.08742	-1.6432e-05	5.8156
14.11	-0.00113855	7.89359	-0.00237164	2.08446	-1.61771e-05	5.81148
14.12	-0.00112385	7.88656	-0.00233651	2.08151	-1.59262e-05	5.80737
14.13	-0.00110922	7.87954	-0.00230189	2.07857	-1.56792e-05	5.80326
14.14	-0.00109466	7.87253	-0.00226779	2.07563	-1.5436e-05	5.79915
14.15	-0.00108017	7.86553	-0.0022342	2.07269	-1.51966e-05	5.79505
14.16	-0.00106575	7.85855	-0.0022011	2.06977	-1.49609e-05	5.79096
14.17	-0.00105139	7.85157	-0.0021685	2.06685	-1.47289e-05	5.78687
14.18	-0.00103711	7.84461	-0.00213637	2.06393	-1.45005e-05	5.78279
14.19	-0.00102289	7.83766	-0.00210473	2.06103	-1.42756e-05	5.77872
14.2	-0.00100873	7.83072	-0.00207355	2.05812	-1.40543e-05	5.77465
14.21	-0.000994643	7.82379	-0.00204283	2.05523	-1.38363e-05	5.77058
14.22	-0.000980616	7.81687	-0.00201257	2.05234	-1.36218e-05	5.76653
14.23	-0.000966651	7.80996	-0.00198275	2.04945	-1.34106e-05	5.76247
14.24	-0.000952747	7.80307	-0.00195338	2.04658	-1.32026e-05	5.75843
14.25	-0.000938904	7.79618	-0.00192444	2.04371	-1.29979e-05	5.75439
14.26	-0.000925121	7.78931	-0.00189593	2.04084	-1.27964e-05	5.75035
14.27	-0.000911396	7.78245	-0.00186785	2.03798	-1.2598e-05	5.74632
14.28	-0.000897728	7.7756	-0.00184018	2.03513	-1.24027e-05	5.7423
14.29	-0.000884118	7.76876	-0.00181292	2.03228	-1.22104e-05	5.73828
14.3	-0.000870564	7.76193	-0.00178606	2.02944	-1.20211e-05	5.73427
14.31	-0.000857064	7.75512	-0.0017596	2.0266	-1.18348e-05	5.73026
14.32	-0.000843619	7.74831	-0.00173354	2.02377	-1.16513e-05	5.72626
14.33	-0.000830227	7.74152	-0.00170786	2.02095	-1.14707e-05	5.72226
14.34	-0.000816888	7.73474	-0.00168256	2.01813	-1.12929e-05	5.71827
14.35	-0.0008036	7.72796	-0.00165763	2.01532	-1.11179e-05	5.71429
14.36	-0.000790363	7.7212	-0.00163307	2.01252	-1.09456e-05	5.71031
14.37	-0.000777175	7.71445	-0.00160888	2.00972	-1.07759e-05	5.70633
14.38	-0.000764037	7.70771	-0.00158505	2.00692	-1.06089e-05	5.70236
14.39	-0.000750947	7.70099	-0.00156157	2.00413	-1.04445e-05	5.6984
14.4	-0.000737904	7.69427	-0.00153843	2.00135	-1.02826e-05	5.69444
14.41	-0.000724907	7.68756	-0.00151564	1.99857	-1.01233e-05	5.69049
14.42	-0.000711956	7.68087	-0.00149319	1.9958	-9.9664e-06	5.68655
14.43	-0.00069905	7.67418	-0.00147107	1.99304	-9.81195e-06	5.68261
14.44	-0.000686188	7.66751	-0.00144928	1.99028	-9.65991e-06	5.67867
14.45	-0.000673369	7.66085	-0.00142781	1.98752	-9.51022e-06	5.67474
14.46	-0.000660592	7.6542	-0.00140666	1.98478	-9.36286e-06	5.67082
14.47	-0.000647857	7.64756	-0.00138582	1.98203	-9.21779e-06	5.6669
14.48	-0.000635162	7.64093	-0.00136529	1.9793	-9.07497e-06	5.66298
14.49	-0.000622507	7.63431	-0.00134506	1.97657	-8.93437e-06	5.65908
14.5	-0.000609891	7.6277	-0.00132514	1.97384	-8.79595e-06	5.65517
14.51	-0.000597313	7.6211	-0.00130551	1.97112	-8.65967e-06	5.65127
14.52	-0.000584772	7.61451	-0.00128617	1.96841	-8.52552e-06	5.64738
14.53	-0.000572269	7.60794	-0.00126711	1.9657	-8.39344e-06	5.6435
14.54	-0.0005598	7.60137	-0.00124834	1.963	-8.26342e-06	5.63961
14.55	-0.000547367	7.59482	-0.00122985	1.9603	-8.13541e-06	5.63574
14.56	-0.000534968	7.58827	-0.00121163	1.95761	-8.00939e-06	5.63187
14.57	-0.000522603	7.58174	-0.00119368	1.95492	-7.88533e-06	5.628
14.58	-0.00051027	7.57522	-0.001176	1.95224	-7.76319e-06	5.62414
14.59	-0.000497969	7.5687	-0.00115858	1.94956	-7.64294e-06	5.62029
14.6	-0.000485698	7.5622	-0.00114141	1.94689	-7.52456e-06	5.61644
14.61	-0.000473459	7.55571	-0.0011245	1.94423	-7.40802e-06	5.61259
14.62	-0.000461248	7.54923	-0.00110784	1.94157	-7.29329e-06	5.60876
14.63	-0.000449067	7.54276	-0.00109143	1.93892	-7.18034e-06	5.60492
14.64	-0.000436913	7.5363	-0.00107526	1.93627	-7.06914e-06	5.60109
14.65	-0.000424786	7.52985	-0.00105934	1.93363	-6.95966e-06	5.59727
14.66	-0.000412686	7.52341	-0.00104364	1.93099	-6.85189e-06	5.59345
14.67	-0.000400611	7.51698	-0.00102818	1.92836	-6.74578e-06	5.58964
14.68	-0.000388562	7.51056	-0.00101295	1.92573	-6.64132e-06	5.58583
14.69	-0.000376536	7.50415	-0.000997943	1.92311	-6.53849e-06	5.58203
14.7	-0.000364534	7.49775	-0.00098316	1.9205	-6.43724e-06	5.57823
14.71	-0.000352554	7.49136	-0.000968595	1.91789	-6.33757e-06	5.57444
14.72	-0.000340596	7.48499	-0.000954246	1.91528	-6.23945e-06	5.57065
14.73	-0.00032866	7.47862	-0.00094011	1.91268	-6.14284e-06	5.56687
14.74	-0.000316743	7.47226	-0.000926183	1.91009	-6.04774e-06	5.56309
14.75	-0.000304847	7.46591	-0.000912462	1.9075	-5.95411e-06	5.55932
14.76	-0.000292969	7.45958	-0.000898944	1.90491	-5.86193e-06	5.55556
14.77	-0.000281109	7.45325	-0.000885627	1.90234	-5.77118e-06	5.55179
14.78	-0.000269266	7.44693	-0.000872507	1.89976	-5.68184e-06	5.54804
14.79	-0.00025744	7.44063	-0.000859582	1.89719	-5.59388e-06	5.54429
14.8	-0.00024563	7.43433	-0.000846848	1.89463	-5.50729e-06	5.54054
14.81	-0.000233836	7.42805	-0.000834302	1.89207	-5.42204e-06	5.5368
14.82	-0.000222055	7.42177	-0.000821943	1.88952	-5.33812e-06	5.53306
14.83	-0.000210289	7.4155	-0.000809766	1.88697	-5.25549e-06	5.52933
14.84	-0.000198535	7.40925	-0.00079777	1.88443	-5.17415e-06	5.52561
14.85	-0.000186793	7.403	-0.000785952	1.88189	-5.09407e-06	5.52189
14.86	-0.000175063	7.39676	-0.000774308	1.87936	-5.01522e-06	5.51817
14.87	-0.000163344	7.39054	-0.000762838	1.87684	-4.93761e-06	5.51446
14.88	-0.000151635	7.38432	-0.000751537	1.87431	-4.86119e-06	5.51075
14.89	-0.000139935	7.37811	-0.000740403	1.8718	-4.78596e-06	5.50705
14.9	-0.000128243	7.37192	-0.000729435	1.86929	-4.7119e-06	5.50336
14.91	-0.00011656	7.36573	-0.000718629	1.86678	-4.63898e-06	5.49966
14.92	-0.000104884	7.35955	-0.000707983	1.86428	-4.5672e-06	5.49598
14.93	-9.32136e-05	7.35339	-0.000697494	1.86178	-4.49652e-06	5.4923
14.94	-8.15494e-05	7.34723	-0.000687161	1.85929	-4.42695e-06	5.48862
14.95	-6.98902e-05	7.34108	-0.000676982	1.8568	-4.35845e-06	5.48495
14.96	-5.82353e-05	7.33494	-0.000666953	1.85432	-4.29101e-06	5.48128
14.97	-4.6584e-05	7.32881	-0.000657072	1.85184	-4.22462e-06	5.47762
14.98	-3.49355e-05	7.3227	-0.000647338	1.84937	-4.15926e-06	5.47397
14.99	-2.32891e-05	7.31659	-0.000637748	1.84691	-4.09491e-06	5.47031
