0	0	-nan	-44.0186	-nan	0	22.2927
0.01	0.00138413	-21.7259	-44.0186	0	0	22.2927
0.02	0.00276826	-21.726	-44.0186	0	0	22.2926
0.03	0.0041524	-21.7261	-44.0186	0	0	22.2925
0.04	0.00553654	-21.7263	-44.0186	0	0	22.2923
0.05	0.0069207	-21.7265	-44.0186	0	0	22.2921
0.06	0.00830486	-21.7267	-44.0186	0	0	22.2919
0.07	0.00968904	-21.727	-44.0186	0	0	22.2915
0.08	0.0110732	-21.7274	-44.0186	0	0	22.2912
0.09	0.0124574	-21.7278	-44.0186	0	0	22.2908
0.1	0.0138417	-21.7283	-44.0186	0	0	22.2903
0.11	0.0152259	-21.7288	-44.0185	0	0	22.2898
0.12	0.0166102	-21.7293	-44.0185	0	0	22.2892
0.13	0.0179945	-21.7299	-44.0185	0	0	22.2886
0.14	0.0193788	-21.7306	-44.0185	0	0	22.288
0.15	0.0207632	-21.7313	-44.0185	0	0	22.2872
0.16	0.0221476	-21.732	-44.0185	0	0	22.2865
0.17	0.023532	-21.7328	-44.0185	0	0	22.2857
0.18	0.0249165	-21.7336	-44.0185	0	0	22.2848
0.19	0.026301	-21.7345	-44.0185	0	0	22.2839
0.2	0.0276855	-21.7355	-44.0184	0	0	22.283
0.21	0.0290701	-21.7365	-44.0184	0	0	22.282
0.22	0.0304548	-21.7375	-44.0184	0	0	22.2809
0.23	0.0318394	-21.7386	-44.0184	0	0	22.2798
0.24	0.0332242	-21.7397	-44.0184	0	0	22.2787
0.25	0.0346089	-21.7409	-44.0184	0	0	22.2775
0.26	0.0359938	-21.7421	-44.0184	0	0	22.2762
0.27	0.0373787	-21.7434	-44.0184	0	0	22.2749
0.28	0.0387636	-21.7447	-44.0183	0	0	22.2736
0.29	0.0401486	-21.7461	-44.0183	0	0	22.2722
0.3	0.0415337	-21.7475	-44.0183	0	0	22.2708
0.31	0.0429188	-21.749	-44.0183	0	0	22.2693
0.32	0.044304	-21.7505	-44.0183	0	0	22.2677
0.33	0.0456893	-21.7521	-44.0183	0	0	22.2662
0.34	0.0470746	-21.7537	-44.0183	0	0	22.2645
0.35	0.04846	-21.7554	-44.0182	0	0	22.2628
0.36	0.0498454	-21.7571	-44.0182	0	0	22.2611
0.37	0.051231	-21.7589	-44.0182	0	0	22.2593
0.38	0.0526166	-21.7607	-44.0182	0	0	22.2575
0.39	0.0540023	-21.7626	-44.0182	0	0	22.2556
0.4	0.055388	-21.7645	-44.0182	0	0	22.2537
0.41	0.0567739	-21.7664	-44.0182	0	0	22.2517
0.42	0.0581598	-21.7685	-44.0181	0	0	22.2497
0.43	0.0595458	-21.7705	-44.0181	0	0	22.2476
0.44	0.0609319	-21.7726	-44.0181	0	0	22.2455
0.45	0.0623181	-21.7748	-44.0181	0	0	22.2433
0.46	0.0637043	-21.777	-44.0181	0	0	22.2411
0.47	0.0650907	-21.7792	-44.0181	0	0	22.2388
0.48	0.0664771	-21.7815	-44.018	0	0	22.2365
0.49	0.0678636	-21.7839	-44.018	0	0	22.2341
0.5	0.0692502	-21.7863	-44.018	0	0	22.2317
0.51	0.0706369	-21.7887	-44.018	0	0	22.2293
0.52	0.0720237	-21.7912	-44.018	0	0	22.2267
0.53	0.0734106	-21.7938	-44.0179	0	0	22.2242
0.54	0.0747976	-21.7964	-44.0179	0	0	22.2216
0.55	0.0761846	-21.799	-44.0179	0	0	22.2189
0.56	0.0775718	-21.8017	-44.0179	0	0	22.2162
0.57	0.0789591	-21.8044	-44.0179	0	0	22.2134
0.58	0.0803464	-21.8072	-44.0178	0	0	22.2106
0.59	0.0817339	-21.8101	-44.0178	0	0	22.2078
0.6	0.0831215	-21.8129	-44.0178	0	0	22.2049
0.61	0.0845091	-21.8159	-44.0178	0	0	22.2019
0.62	0.0858969	-21.8188	-44.0178	0	0	22.1989
0.63	0.0872847	-21.8219	-44.0177	0	0	22.1959
0.64	0.0886727	-21.825	-44.0177	0	0	22.1928
0.65	0.0900607	-21.8281	-44.0177	0	0	22.1896
0.66	0.0914489	-21.8313	-44.0177	0	0	22.1864
0.67	0.0928371	-21.8345	-44.0176	0	0	22.1832
0.68	0.0942255	-21.8378	-44.0176	0	0	22.1799
0.69	0.0956139	-21.8411	-44.0176	0	0	22.1765
0.7	0.0970025	-21.8444	-44.0176	0	0	22.1731
0.71	0.0983911	-21.8479	-44.0175	0	0	22.1697
0.72	0.0997799	-21.8513	-44.0175	0	0	22.1662
0.73	0.101169	-21.8548	-44.0175	0	0	22.1627
0.74	0.102558	-21.8584	-44.0175	0	0	22.1591
0.75	0.103947	-21.862	-44.0174	0	0	22.1554
0.76	0.105336	-21.8657	-44.0174	0	0	22.1518
0.77	0.106725	-21.8694	-44.0174	0	0	22.148
0.78	0.108114	-21.8731	-44.0174	0	0	22.1442
0.79	0.109504	-21.8769	-44.0173	0	0	22.1404
0.8	0.110893	-21.8808	-44.0173	0	0	22.1365
0.81	0.112283	-21.8847	-44.0173	0	0	22.1326
0.82	0.113673	-21.8886	-44.0172	0	0	22.1286
0.83	0.115063	-21.8926	-44.0172	0	0	22.1246
0.84	0.116453	-21.8967	-44.0172	0	0	22.1205
0.85	0.117843	-21.9008	-44.0172	0	0	22.1164
0.86	0.119233	-21.9049	-44.0171	0	0	22.1122
0.87	0.120623	-21.9091	-44.0171	0	0	22.108
0.88	0.122013	-21.9133	-44.0171	0	0	22.1037
0.89	0.123403	-21.9176	-44.017	0	0	22.0994
0.9	0.124794	-21.922	-44.017	0	0	22.095
0.91	0.126184	-21.9264	-44.017	0	0	22.0906
0.92	0.127575	-21.9308	-44.0169	0	0	22.0861
0.93	0.128966	-21.9353	-44.0169	0	0	22.0816
0.94	0.130356	-21.9398	-44.0169	0	0	22.0771
0.95	0.131747	-21.9444	-44.0168	0	0	22.0724
0.96	0.133138	-21.949	-44.0168	0	0	22.0678
0.97	0.134529	-21.9537	-44.0167	0	0	22.0631
0.98	0.13592	-21.9584	-44.0167	0	0	22.0583
0.99	0.137311	-21.9632	-44.0167	0	0	22.0535
1	0.138702	-21.968	-44.0166	0	0	22.0486
1.01	0.140094	-21.9729	-44.0166	0	0	22.0437
1.02	0.141485	-21.9778	-44.0166	0	0	22.0388
1.03	0.142876	-21.9827	-44.0165	0	0	22.0338
1.04	0.144268	-21.9877	-44.0165	0	0	22.0287
1.05	0.145659	-21.9928	-44.0164	0	0	22.0236
1.06	0.147051	-21.9979	-44.0164	0	0	22.0185
1.07	0.148442	-22.0031	-44.0163	0	0	22.0133
1.08	0.149834	-22.0083	-44.0163	0	0	22.008
1.09	0.151225	-22.0135	-44.0163	0	0	22.0027
1.1	0.152617	-22.0188	-44.0162	0	0	21.9974
1.11	0.154009	-22.0242	-44.0162	0	0	21.992
1.12	0.1554	-22.0296	-44.0161	0	0	21.9865
1.13	0.156792	-22.035	-44.0161	0	0	21.9811
1.14	0.158184	-22.0405	-44.016	0	0	21.9755
1.15	0.159576	-22.0461	-44.016	0	0	21.9699
1.16	0.160967	-22.0516	-44.0159	0	0	21.9643
1.17	0.162359	-22.0573	-44.0159	0	0	21.9586
1.18	0.163751	-22.063	-44.0158	0	0	21.9529
1.19	0.165143	-22.0687	-44.0158	0	0	21.9471
1.2	0.166534	-22.0745	-44.0157	0	0	21.9412
1.21	0.167926	-22.0803	-44.0157	0	0	21.9354
1.22	0.169318	-22.0862	-44.0156	0	0	21.9294
1.23	0.170709	-22.0921	-44.0156	0	0	21.9234
1.24	0.172101	-22.0981	-44.0155	0	0	21.9174
1.25	0.173493	-22.1041	-44.0155	0	0	21.9113
1.26	0.174884	-22.1102	-44.0154	0	0	21.9052
1.27	0.176276	-22.1163	-44.0153	0	0	21.899
1.28	0.177667	-22.1225	-44.0153	0	0	21.8928
1.29	0.179059	-22.1287	-44.0152	0	0	21.8865
1.3	0.18045	-22.135	-44.0152	0	0	21.8802
1.31	0.181842	-22.1413	-44.0151	0	0	21.8738
1.32	0.183233	-22.1476	-44.015	0	0	21.8674
1.33	0.184624	-22.154	-44.015	0	0	21.861
1.34	0.186015	-22.1605	-44.0149	0	0	21.8544
1.35	0.187406	-22.167	-44.0149	0	0	21.8479
1.36	0.188797	-22.1735	-44.0148	0	0	21.8413
1.37	0.190188	-22.1801	-44.0147	0	0	21.8346
1.38	0.191579	-22.1868	-44.0147	0	0	21.8279
1.39	0.192969	-22.1935	-44.0146	0	0	21.8211
1.4	0.19436	-22.2002	-44.0145	0	0	21.8143
1.41	0.19575	-22.207	-44.0144	0	0	21.8075
1.42	0.19714	-22.2138	-44.0144	0	0	21.8005
1.43	0.19853	-22.2207	-44.0143	0	0	21.7936
1.44	0.19992	-22.2276	-44.0142	0	0	21.7866
1.45	0.20131	-22.2346	-44.0141	0	0	21.7795
1.46	0.202699	-22.2416	-44.0141	0	0	21.7724
1.47	0.204089	-22.2487	-44.014	0	0	21.7653
1.48	0.205478	-22.2558	-44.0139	0	0	21.7581
1.49	0.206867	-22.263	-44.0138	0	0	21.7508
1.5	0.208255	-22.2702	-44.0138	0	0	21.7435
1.51	0.209644	-22.2775	-44.0137	0	0	21.7362
1.52	0.211032	-22.2848	-44.0136	0	0	21.7288
1.53	0.21242	-22.2922	-44.0135	0	0	21.7213
1.54	0.213808	-22.2996	-44.0134	0	0	21.7138
1.55	0.215196	-22.307	-44.0133	0	0	21.7063
1.56	0.216583	-22.3145	-44.0132	0	0	21.6987
1.57	0.21797	-22.3221	-44.0132	0	0	21.6911
1.58	0.219357	-22.3297	-44.0131	0	0	21.6834
1.59	0.220744	-22.3373	-44.013	0	0	21.6756
1.6	0.22213	-22.345	-44.0129	0	0	21.6679
1.61	0.223516	-22.3528	-44.0128	0	0	21.66
1.62	0.224902	-22.3605	-44.0127	0	0	21.6521
1.63	0.226287	-22.3684	-44.0126	0	0	21.6442
1.64	0.227672	-22.3763	-44.0125	0	0	21.6362
1.65	0.229056	-22.3842	-44.0124	0	0	21.6282
1.66	0.230441	-22.3922	-44.0123	0	0	21.6201
1.67	0.231824	-22.4002	-44.0122	0	0	21.612
1.68	0.233208	-22.4083	-44.0121	0	0	21.6038
1.69	0.234591	-22.4164	-44.012	0	0	21.5956
1.7	0.235974	-22.4245	-44.0119	0	0	21.5873
1.71	0.237356	-22.4328	-44.0117	0	0	21.579
1.72	0.238738	-22.441	-44.0116	0	0	21.5706
1.73	0.240119	-22.4493	-44.0115	0	0	21.5622
1.74	0.2415	-22.4577	-44.0114	0	0	21.5537
1.75	0.242881	-22.4661	-44.0113	0	0	21.5452
1.76	0.244261	-22.4745	-44.0112	0	0	21.5366
1.77	0.24564	-22.483	-44.011	0	0	21.528
1.78	0.247019	-22.4916	-44.0109	0	0	21.5193
1.79	0.248398	-22.5002	-44.0108	0	0	21.5106
1.8	0.249776	-22.5088	-44.0107	0	0	21.5019
1.81	0.251153	-22.5175	-44.0105	0	0	21.4931
1.82	0.25253	-22.5262	-44.0104	0	0	21.4842
1.83	0.253906	-22.535	-44.0103	0	0	21.4753
1.84	0.255282	-22.5438	-44.0101	0	0	21.4663
1.85	0.256657	-22.5527	-44.01	0	0	21.4573
1.86	0.258032	-22.5616	-44.0099	0	0	21.4483
1.87	0.259406	-22.5706	-44.0097	0	0	21.4392
1.88	0.260779	-22.5796	-44.0096	0	0	21.43
1.89	0.262151	-22.5886	-44.0094	0	0	21.4208
1.9	0.263523	-22.5977	-44.0093	0	0	21.4116
1.91	0.264895	-22.6069	-44.0091	0	0	21.4023
1.92	0.266265	-22.6161	-44.009	0	0	21.3929
1.93	0.267635	-22.6253	-44.0088	0	0	21.3835
1.94	0.269004	-22.6346	-44.0087	0	0	21.3741
1.95	0.270372	-22.6439	-44.0085	0	0	21.3646
1.96	0.27174	-22.6533	-44.0084	0	0	21.355
1.97	0.273107	-22.6628	-44.0082	0	0	21.3454
1.98	0.274473	-22.6722	-44.008	0	0	21.3358
1.99	0.275838	-22.6818	-44.0079	0	0	21.3261
2	0.277202	-22.6913	-44.0077	0	0	21.3164
2.01	0.278566	-22.7009	-44.0075	0	0	21.3066
2.02	0.279929	-22.7106	-44.0073	0	0	21.2967
2.03	0.28129	-22.7203	-44.0072	0	0	21.2868
2.04	0.282651	-22.7301	-44.007	0	0	21.2769
2.05	0.284011	-22.7399	-44.0068	0	0	21.2669
2.06	0.28537	-22.7497	-44.0066	0	0	21.2569
2.07	0.286728	-22.7596	-44.0064	0	0	21.2468
2.08	0.288085	-22.7695	-44.0062	0	0	21.2367
2.09	0.289442	-22.7795	-44.006	0	0	21.2265
2.1	0.290797	-22.7895	-44.0058	0	0	21.2163
2.11	0.292151	-22.7996	-44.0056	0	0	21.206
2.12	0.293504	-22.8097	-44.0054	0	0	21.1957
2.13	0.294856	-22.8199	-44.0052	0	0	21.1853
2.14	0.296207	-22.8301	-44.005	0	0	21.1749
2.15	0.297557	-22.8404	-44.0048	0	0	21.1644
2.16	0.298905	-22.8507	-44.0046	0	0	21.1539
2.17	0.300253	-22.861	-44.0044	0	0	21.1433
2.18	0.301599	-22.8714	-44.0041	0	0	21.1327
2.19	0.302944	-22.8819	-44.0039	0	0	21.122
2.2	0.304288	-22.8924	-44.0037	0	0	21.1113
2.21	0.305631	-22.9029	-44.0034	0	0	21.1006
2.22	0.306973	-22.9135	-44.0032	0	0	21.0897
2.23	0.308313	-22.9241	-44.003	0	0	21.0789
2.24	0.309652	-22.9347	-44.0027	0	0	21.068
2.25	0.31099	-22.9455	-44.0025	0	0	21.057
2.26	0.312326	-22.9562	-44.0022	0	0	21.046
2.27	0.313661	-22.967	-44.002	0	0	21.0349
2.28	0.314995	-22.9779	-44.0017	0	0	21.0238
2.29	0.316327	-22.9888	-44.0014	0	0	21.0127
2.3	0.317658	-22.9997	-44.0012	0	0	21.0015
2.31	0.318987	-23.0107	-44.0009	0	0	20.9902
2.32	0.320315	-23.0217	-44.0006	0	0	20.9789
2.33	0.321641	-23.0328	-44.0003	0	0	20.9676
2.34	0.322966	-23.0439	-44.0001	0	0	20.9562
2.35	0.32429	-23.055	-43.9998	0	0	20.9447
2.36	0.325612	-23.0662	-43.9995	0	0	20.9332
2.37	0.326932	-23.0775	-43.9992	0	0	20.9217
2.38	0.328251	-23.0888	-43.9989	0	0	20.9101
2.39	0.329568	-23.1001	-43.9986	0	0	20.8984
2.4	0.330883	-23.1115	-43.9983	0	0	20.8868
2.41	0.332197	-23.1229	-43.9979	0	0	20.875
2.42	0.333509	-23.1344	-43.9976	0	0	20.8632
2.43	0.334819	-23.1459	-43.9973	0	0	20.8514
2.44	0.336127	-23.1575	-43.997	0	0	20.8395
2.45	0.337434	-23.1691	-43.9966	0	0	20.8276
2.46	0.338739	-23.1807	-43.9963	0	0	20.8156
2.47	0.340042	-23.1924	-43.996	0	0	20.8035
2.48	0.341343	-23.2041	-43.9956	0	0	20.7915
2.49	0.342642	-23.2159	-43.9952	0	0	20.7793
2.5	0.34394	-23.2277	-43.9949	0	0	20.7671
2.51	0.345235	-23.2396	-43.9945	0	0	20.7549
2.52	0.346529	-23.2515	-43.9942	0	0	20.7426
2.53	0.34782	-23.2635	-43.9938	0	0	20.7303
2.54	0.34911	-23.2755	-43.9934	0	0	20.7179
2.55	0.350397	-23.2875	-43.993	0	0	20.7055
2.56	0.351683	-23.2996	-43.9926	0	0	20.693
2.57	0.352966	-23.3117	-43.9922	0	0	20.6805
2.58	0.354247	-23.3239	-43.9918	0	0	20.6679
2.59	0.355526	-23.3361	-43.9914	0	0	20.6553
2.6	0.356803	-23.3483	-43.991	0	0	20.6427
2.61	0.358078	-23.3606	-43.9905	0	0	20.6299
2.62	0.35935	-23.3729	-43.9901	0	0	20.6172
2.63	0.36062	-23.3853	-43.9897	0	0	20.6044
2.64	0.361888	-23.3977	-43.9892	0	0	20.5915
2.65	0.363153	-23.4102	-43.9888	0	0	20.5786
2.66	0.364416	-23.4227	-43.9883	0	0	20.5656
2.67	0.365677	-23.4353	-43.9879	0	0	20.5526
2.68	0.366935	-23.4478	-43.9874	0	0	20.5396
2.69	0.368191	-23.4605	-43.9869	0	0	20.5264
2.7	0.369444	-23.4731	-43.9864	0	0	20.5133
2.71	0.370695	-23.4859	-43.9859	0	0	20.5001
2.72	0.371943	-23.4986	-43.9854	0	0	20.4868
2.73	0.373189	-23.5114	-43.9849	0	0	20.4735
2.74	0.374432	-23.5242	-43.9844	0	0	20.4602
2.75	0.375672	-23.5371	-43.9839	0	0	20.4468
2.76	0.37691	-23.55	-43.9834	0	0	20.4333
2.77	0.378145	-23.563	-43.9828	0	0	20.4198
2.78	0.379377	-23.576	-43.9823	0	0	20.4063
2.79	0.380606	-23.589	-43.9817	0	0	20.3927
2.8	0.381833	-23.6021	-43.9812	0	0	20.379
2.81	0.383057	-23.6152	-43.9806	0	0	20.3653
2.82	0.384278	-23.6284	-43.98	0	0	20.3516
2.83	0.385496	-23.6416	-43.9794	0	0	20.3378
2.84	0.386711	-23.6548	-43.9788	0	0	20.324
2.85	0.387923	-23.6681	-43.9782	0	0	20.3101
2.86	0.389132	-23.6814	-43.9776	0	0	20.2961
2.87	0.390338	-23.6948	-43.977	0	0	20.2822
2.88	0.391541	-23.7082	-43.9763	0	0	20.2681
2.89	0.392741	-23.7216	-43.9757	0	0	20.254
2.9	0.393938	-23.7351	-43.975	0	0	20.2399
2.91	0.395132	-23.7486	-43.9744	0	0	20.2257
2.92	0.396322	-23.7622	-43.9737	0	0	20.2115
2.93	0.397509	-23.7758	-43.973	0	0	20.1972
2.94	0.398693	-23.7894	-43.9723	0	0	20.1829
2.95	0.399873	-23.8031	-43.9716	0	0	20.1685
2.96	0.40105	-23.8168	-43.9709	0	0	20.1541
2.97	0.402224	-23.8306	-43.9702	0	0	20.1396
2.98	0.403394	-23.8444	-43.9694	0	0	20.1251
2.99	0.404561	-23.8582	-43.9687	0	0	20.1105
3	0.405724	-23.872	-43.9679	0	0	20.0959
3.01	0.406884	-23.8859	-43.9672	0	0	20.0812
3.02	0.40804	-23.8999	-43.9664	0	0	20.0665
3.03	0.409193	-23.9138	-43.9656	0	0	20.0517
3.04	0.410342	-23.9279	-43.9648	0	0	20.0369
3.05	0.411487	-23.9419	-43.964	0	0	20.022
3.06	0.412628	-23.956	-43.9631	0	0	20.0071
3.07	0.413766	-23.9701	-43.9623	0	0	19.9922
3.08	0.4149	-23.9843	-43.9614	0	0	19.9772
3.09	0.41603	-23.9985	-43.9606	0	0	19.9621
3.1	0.417156	-24.0127	-43.9597	0	0	19.947
3.11	0.418278	-24.027	-43.9588	0	0	19.9318
3.12	0.419397	-24.0413	-43.9579	0	0	19.9166
3.13	0.420511	-24.0556	-43.957	0	0	19.9014
3.14	0.421621	-24.07	-43.956	0	0	19.8861
3.15	0.422727	-24.0844	-43.9551	0	0	19.8707
3.16	0.423829	-24.0988	-43.9541	0	0	19.8553
3.17	0.424927	-24.1133	-43.9531	0	0	19.8399
3.18	0.42602	-24.1278	-43.9521	0	0	19.8244
3.19	0.42711	-24.1423	-43.9511	0	0	19.8088
3.2	0.428195	-24.1569	-43.9501	0	0	19.7932
3.21	0.429275	-24.1715	-43.9491	0	0	19.7776
3.22	0.430352	-24.1861	-43.948	0	0	19.7619
3.23	0.431424	-24.2008	-43.9469	0	0	19.7461
3.24	0.432491	-24.2155	-43.9459	0	0	19.7303
3.25	0.433554	-24.2303	-43.9448	0	0	19.7145
3.26	0.434613	-24.245	-43.9436	0	0	19.6986
3.27	0.435667	-24.2598	-43.9425	0	0	19.6827
3.28	0.436716	-24.2747	-43.9414	0	0	19.6667
3.29	0.43776	-24.2896	-43.9402	0	0	19.6506
3.3	0.4388	-24.3044	-43.939	0	0	19.6345
3.31	0.439835	-24.3194	-43.9378	0	0	19.6184
3.32	0.440866	-24.3343	-43.9366	0	0	19.6022
3.33	0.441891	-24.3493	-43.9353	0	0	19.586
3.34	0.442912	-24.3644	-43.9341	0	0	19.5697
3.35	0.443928	-24.3794	-43.9328	0	0	19.5534
3.36	0.444938	-24.3945	-43.9315	0	0	19.537
3.37	0.445944	-24.4096	-43.9302	0	0	19.5206
3.38	0.446945	-24.4247	-43.9288	0	0	19.5041
3.39	0.44794	-24.4399	-43.9275	0	0	19.4876
3.4	0.448931	-24.4551	-43.9261	0	0	19.471
3.41	0.449916	-24.4703	-43.9247	0	0	19.4544
3.42	0.450896	-24.4856	-43.9233	0	0	19.4377
3.43	0.451871	-24.5009	-43.9219	0	0	19.421
3.44	0.45284	-24.5162	-43.9204	0	0	19.4042
3.45	0.453804	-24.5315	-43.9189	0	0	19.3874
3.46	0.454763	-24.5469	-43.9174	0	0	19.3705
3.47	0.455716	-24.5623	-43.9159	0	0	19.3536
3.48	0.456664	-24.5777	-43.9143	0	0	19.3367
3.49	0.457606	-24.5931	-43.9128	0	0	19.3196
3.5	0.458543	-24.6086	-43.9112	0	0	19.3026
3.51	0.459474	-24.6241	-43.9095	0	0	19.2855
3.52	0.460399	-24.6396	-43.9079	0	0	19.2683
3.53	0.461318	-24.6551	-43.9062	0	0	19.2511
3.54	0.462232	-24.6707	-43.9045	0	0	19.2338
3.55	0.46314	-24.6863	-43.9028	0	0	19.2165
3.56	0.464042	-24.7019	-43.9011	0	0	19.1992
3.57	0.464938	-24.7175	-43.8993	0	0	19.1818
3.58	0.465828	-24.7332	-43.8975	0	0	19.1643
3.59	0.466713	-24.7488	-43.8957	0	0	19.1468
3.6	0.467591	-24.7645	-43.8938	0	0	19.1293
3.61	0.468463	-24.7803	-43.8919	0	0	19.1117
3.62	0.469329	-24.796	-43.89	0	0	19.094
3.63	0.470188	-24.8118	-43.8881	0	0	19.0763
3.64	0.471042	-24.8275	-43.8861	0	0	19.0586
3.65	0.471889	-24.8433	-43.8841	0	0	19.0408
3.66	0.47273	-24.8592	-43.8821	0	0	19.0229
3.67	0.473565	-24.875	-43.88	0	0	19.005
3.68	0.474393	-24.8908	-43.8779	0	0	18.9871
3.69	0.475214	-24.9067	-43.8758	0	0	18.9691
3.7	0.476029	-24.9226	-43.8737	0	0	18.9511
3.71	0.476838	-24.9385	-43.8715	0	0	18.933
3.72	0.47764	-24.9544	-43.8693	0	0	18.9149
3.73	0.478435	-24.9704	-43.867	0	0	18.8967
3.74	0.479223	-24.9863	-43.8648	0	0	18.8784
3.75	0.480005	-25.0023	-43.8624	0	0	18.8602
3.76	0.48078	-25.0183	-43.8601	0	0	18.8418
3.77	0.481548	-25.0343	-43.8577	0	0	18.8234
3.78	0.482309	-25.0503	-43.8553	0	0	18.805
3.79	0.483063	-25.0663	-43.8528	0	0	18.7865
3.8	0.48381	-25.0823	-43.8503	0	0	18.768
3.81	0.484551	-25.0984	-43.8478	0	0	18.7494
3.82	0.485284	-25.1144	-43.8452	0	0	18.7308
3.83	0.48601	-25.1305	-43.8426	0	0	18.7121
3.84	0.486728	-25.1466	-43.84	0	0	18.6934
3.85	0.48744	-25.1627	-43.8373	0	0	18.6746
3.86	0.488144	-25.1788	-43.8346	0	0	18.6558
3.87	0.488841	-25.1949	-43.8318	0	0	18.637
3.88	0.48953	-25.211	-43.829	0	0	18.618
3.89	0.490212	-25.2271	-43.8262	0	0	18.5991
3.9	0.490887	-25.2432	-43.8233	0	0	18.5801
3.91	0.491554	-25.2594	-43.8203	0	0	18.561
3.92	0.492213	-25.2755	-43.8174	0	0	18.5419
3.93	0.492865	-25.2916	-43.8143	0	0	18.5227
3.94	0.493509	-25.3078	-43.8113	0	0	18.5035
3.95	0.494145	-25.3239	-43.8082	0	0	18.4842
3.96	0.494774	-25.3401	-43.805	0	0	18.4649
3.97	0.495395	-25.3562	-43.8018	0	0	18.4456
3.98	0.496008	-25.3724	-43.7986	0	0	18.4262
3.99	0.496613	-25.3885	-43.7953	0	0	18.4067
4	0.49721	-25.4047	-43.7919	0	0	18.3872
4.01	0.497799	-25.4208	-43.7885	0	0	18.3677
4.02	0.498379	-25.437	-43.7851	0	0	18.3481
4.03	0.498952	-25.4531	-43.7815	0	0	18.3284
4.04	0.499517	-25.4693	-43.778	0	0	18.3087
4.05	0.500073	-25.4854	-43.7744	0	0	18.289
4.06	0.500622	-25.5015	-43.7707	0	0	18.2692
4.07	0.501161	-25.5177	-43.767	0	0	18.2493
4.08	0.501693	-25.5338	-43.7632	0	0	18.2294
4.09	0.502216	-25.5499	-43.7594	0	0	18.2095
4.1	0.502731	-25.566	-43.7555	0	0	18.1895
4.11	0.503237	-25.5821	-43.7516	0	0	18.1695
4.12	0.503734	-25.5982	-43.7476	0	0	18.1494
4.13	0.504223	-25.6143	-43.7435	0	0	18.1292
4.14	0.504704	-25.6304	-43.7394	0	0	18.109
4.15	0.505176	-25.6464	-43.7352	0	0	18.0888
4.16	0.505638	-25.6625	-43.731	0	0	18.0685
4.17	0.506093	-25.6785	-43.7267	0	0	18.0482
4.18	0.506538	-25.6945	-43.7223	0	0	18.0278
4.19	0.506974	-25.7105	-43.7179	0	0	18.0074
4.2	0.507402	-25.7265	-43.7134	0	0	17.9869
4.21	0.507821	-25.7424	-43.7088	0	0	17.9664
4.22	0.50823	-25.7584	-43.7042	0	0	17.9458
4.23	0.508631	-25.7743	-43.6995	0	0	17.9252
4.24	0.509022	-25.7902	-43.6947	0	0	17.9045
4.25	0.509404	-25.8061	-43.6899	0	0	17.8838
4.26	0.509777	-25.8219	-43.6849	0	0	17.863
4.27	0.510141	-25.8378	-43.68	0	0	17.8422
4.28	0.510496	-25.8536	-43.6749	0	0	17.8213
4.29	0.510841	-25.8694	-43.6698	0	0	17.8004
4.3	0.511177	-25.8851	-43.6645	0	0	17.7794
4.31	0.511503	-25.9008	-43.6592	0	0	17.7584
4.32	0.51182	-25.9165	-43.6539	0	0	17.7373
4.33	0.512127	-25.9322	-43.6484	0	0	17.7162
4.34	0.512425	-25.9478	-43.6429	0	0	17.6951
4.35	0.512713	-25.9634	-43.6373	0	0	17.6739
4.36	0.512992	-25.979	-43.6316	0	0	17.6526
4.37	0.513261	-25.9945	-43.6258	0	0	17.6313
4.38	0.51352	-26.01	-43.62	0	0	17.6099
4.39	0.513769	-26.0255	-43.614	0	0	17.5885
4.4	0.514009	-26.0409	-43.608	0	0	17.5671
4.41	0.514238	-26.0563	-43.6019	0	0	17.5456
4.42	0.514458	-26.0716	-43.5956	0	0	17.524
4.43	0.514668	-26.0869	-43.5893	0	0	17.5024
4.44	0.514868	-26.1022	-43.5829	0	0	17.4807
4.45	0.515058	-26.1174	-43.5764	0	0	17.459
4.46	0.515237	-26.1325	-43.5698	0	0	17.4373
4.47	0.515407	-26.1477	-43.5632	0	0	17.4155
4.48	0.515566	-26.1627	-43.5564	0	0	17.3937
4.49	0.515715	-26.1777	-43.5495	0	0	17.3718
4.5	0.515854	-26.1927	-43.5425	0	0	17.3498
4.51	0.515983	-26.2076	-43.5354	0	0	17.3278
4.52	0.516102	-26.2224	-43.5282	0	0	17.3058
4.53	0.51621	-26.2372	-43.5209	0	0	17.2837
4.54	0.516307	-26.252	-43.5135	0	0	17.2616
4.55	0.516395	-26.2666	-43.506	0	0	17.2394
4.56	0.516471	-26.2812	-43.4984	0	0	17.2171
4.57	0.516538	-26.2958	-43.4906	0	0	17.1948
4.58	0.516593	-26.3103	-43.4828	0	0	17.1725
4.59	0.516638	-26.3247	-43.4748	0	0	17.1501
4.6	0.516673	-26.339	-43.4667	0	0	17.1277
4.61	0.516697	-26.3533	-43.4585	0	0	17.1052
4.62	0.51671	-26.3675	-43.4502	0	0	17.0827
4.63	0.516712	-26.3817	-43.4418	0	0	17.0601
4.64	0.516704	-26.3957	-43.4332	0	0	17.0375
4.65	0.516685	-26.4097	-43.4245	0	0	17.0148
4.66	0.516655	-26.4236	-43.4157	0	0	16.9921
4.67	0.516614	-26.4374	-43.4067	0	0	16.9693
4.68	0.516562	-26.4512	-43.3976	0	0	16.9465
4.69	0.516499	-26.4648	-43.3884	0	0	16.9236
4.7	0.516426	-26.4784	-43.3791	0	0	16.9007
4.71	0.516341	-26.4919	-43.3696	0	0	16.8777
4.72	0.516245	-26.5053	-43.36	0	0	16.8547
4.73	0.516138	-26.5186	-43.3502	0	0	16.8316
4.74	0.516021	-26.5318	-43.3403	0	0	16.8085
4.75	0.515892	-26.5449	-43.3303	0	0	16.7853
4.76	0.515752	-26.5579	-43.3201	0	0	16.7621
4.77	0.5156	-26.5708	-43.3097	0	0	16.7389
4.78	0.515438	-26.5837	-43.2992	0	0	16.7156
4.79	0.515264	-26.5964	-43.2886	0	0	16.6922
4.8	0.515079	-26.609	-43.2778	0	0	16.6688
4.81	0.514883	-26.6215	-43.2668	0	0	16.6453
4.82	0.514675	-26.6339	-43.2557	0	0	16.6218
4.83	0.514456	-26.6461	-43.2444	0	0	16.5983
4.84	0.514225	-26.6583	-43.233	0	0	16.5747
4.85	0.513984	-26.6703	-43.2214	0	0	16.551
4.86	0.51373	-26.6823	-43.2096	0	0	16.5273
4.87	0.513466	-26.6941	-43.1976	0	0	16.5036
4.88	0.51319	-26.7058	-43.1855	0	0	16.4798
4.89	0.512902	-26.7173	-43.1732	0	0	16.4559
4.9	0.512603	-26.7287	-43.1607	0	0	16.432
4.91	0.512292	-26.74	-43.1481	0	0	16.4081
4.92	0.51197	-26.7512	-43.1353	0	0	16.3841
4.93	0.511636	-26.7622	-43.1222	0	0	16.36
4.94	0.511291	-26.7731	-43.109	0	0	16.3359
4.95	0.510934	-26.7838	-43.0956	0	0	16.3118
4.96	0.510565	-26.7944	-43.082	0	0	16.2876
4.97	0.510185	-26.8049	-43.0682	0	0	16.2634
4.98	0.509793	-26.8152	-43.0543	0	0	16.2391
4.99	0.509389	-26.8253	-43.0401	0	0	16.2148
5	0.508974	-26.8353	-43.0257	0	0	16.1904
5.01	0.508547	-26.8452	-43.0111	0	0	16.1659
5.02	0.508108	-26.8548	-42.9963	0	0	16.1414
5.03	0.507657	-26.8643	-42.9813	0	0	16.1169
5.04	0.507195	-26.8737	-42.966	0	0	16.0923
5.05	0.506721	-26.8829	-42.9506	0	0	16.0677
5.06	0.506235	-26.8919	-42.9349	0	0	16.043
5.07	0.505737	-26.9007	-42.919	0	0	16.0183
5.08	0.505228	-26.9093	-42.9029	0	0	15.9935
5.09	0.504707	-26.9178	-42.8865	0	0	15.9687
5.1	0.504174	-26.9261	-42.8699	0	0	15.9438
5.11	0.503629	-26.9342	-42.8531	0	0	15.9189
5.12	0.503072	-26.9421	-42.836	0	0	15.8939
5.13	0.502503	-26.9498	-42.8187	0	0	15.8689
5.14	0.501923	-26.9573	-42.8012	0	0	15.8438
5.15	0.501331	-26.9646	-42.7834	0	0	15.8187
5.16	0.500727	-26.9718	-42.7653	0	0	15.7936
5.17	0.500111	-26.9787	-42.747	0	0	15.7683
5.18	0.499483	-26.9854	-42.7284	0	0	15.7431
5.19	0.498843	-26.9918	-42.7096	0	0	15.7178
5.2	0.498191	-26.9981	-42.6905	0	0	15.6924
5.21	0.497528	-27.0041	-42.6711	0	0	15.667
5.22	0.496853	-27.01	-42.6515	0	0	15.6415
5.23	0.496166	-27.0155	-42.6316	0	0	15.616
5.24	0.495467	-27.0209	-42.6114	0	0	15.5905
5.25	0.494756	-27.026	-42.5909	0	0	15.5649
5.26	0.494033	-27.0309	-42.5701	0	0	15.5392
5.27	0.493299	-27.0356	-42.5491	0	0	15.5135
5.28	0.492552	-27.0399	-42.5277	0	0	15.4878
5.29	0.491794	-27.0441	-42.5061	0	0	15.462
5.3	0.491024	-27.048	-42.4841	0	0	15.4361
5.31	0.490242	-27.0516	-42.4618	0	0	15.4102
5.32	0.489449	-27.055	-42.4392	0	0	15.3843
5.33	0.488643	-27.0581	-42.4163	0	0	15.3583
5.34	0.487826	-27.0609	-42.3931	0	0	15.3322
5.35	0.486997	-27.0635	-42.3696	0	0	15.3061
5.36	0.486156	-27.0658	-42.3457	0	0	15.28
5.37	0.485304	-27.0677	-42.3215	0	0	15.2538
5.38	0.48444	-27.0695	-42.297	0	0	15.2276
5.39	0.483564	-27.0709	-42.2721	0	0	15.2013
5.4	0.482677	-27.072	-42.2469	0	0	15.1749
5.41	0.481777	-27.0728	-42.2214	0	0	15.1485
5.42	0.480867	-27.0733	-42.1955	0	0	15.1221
5.43	0.479944	-27.0736	-42.1692	0	0	15.0956
5.44	0.47901	-27.0735	-42.1425	0	0	15.0691
5.45	0.478065	-27.073	-42.1155	0	0	15.0425
5.46	0.477107	-27.0723	-42.0882	0	0	15.0159
5.47	0.476139	-27.0712	-42.0604	0	0	14.9892
5.48	0.475159	-27.0698	-42.0323	0	0	14.9625
5.49	0.474167	-27.0681	-42.0038	0	0	14.9357
5.5	0.473164	-27.066	-41.9749	0	0	14.9089
5.51	0.472149	-27.0636	-41.9456	0	0	14.882
5.52	0.471123	-27.0608	-41.9159	0	0	14.8551
5.53	0.470086	-27.0576	-41.8858	0	0	14.8282
5.54	0.469038	-27.0539	-41.8553	0	0	14.8014
5.55	0.467978	-27.0496	-41.8244	0	0	14.7748
5.56	0.466907	-27.0449	-41.7931	0	0	14.7482
5.57	0.465824	-27.0396	-41.7613	0	0	14.7217
5.58	0.464731	-27.0338	-41.7291	0	0	14.6953
5.59	0.463626	-27.0274	-41.6965	0	0	14.6691
5.6	0.46251	-27.0206	-41.6634	0	0	14.6429
5.61	0.461383	-27.0132	-41.6299	0	0	14.6168
5.62	0.460245	-27.0052	-41.596	0	0	14.5907
5.63	0.459097	-26.9967	-41.5616	0	0	14.5648
5.64	0.457937	-26.9877	-41.5267	0	0	14.539
5.65	0.456766	-26.9781	-41.4914	0	0	14.5133
5.66	0.455585	-26.968	-41.4556	0	0	14.4876
5.67	0.454393	-26.9572	-41.4193	0	0	14.4621
5.68	0.45319	-26.9459	-41.3826	0	0	14.4366
5.69	0.451976	-26.9341	-41.3453	0	0	14.4112
5.7	0.450752	-26.9216	-41.3076	0	0	14.386
5.71	0.449517	-26.9086	-41.2694	0	0	14.3608
5.72	0.448271	-26.895	-41.2306	0	0	14.3357
5.73	0.447016	-26.8807	-41.1914	0	0	14.3106
5.74	0.44575	-26.8659	-41.1516	0	0	14.2857
5.75	0.444473	-26.8505	-41.1114	0	0	14.2609
5.76	0.443186	-26.8345	-41.0706	0	0	14.2361
5.77	0.441889	-26.8178	-41.0292	0	0	14.2114
5.78	0.440582	-26.8005	-40.9874	0	0	14.1869
5.79	0.439265	-26.7826	-40.945	0	0	14.1623
5.8	0.437938	-26.7641	-40.902	0	0	14.1379
5.81	0.436601	-26.7449	-40.8585	0	0	14.1136
5.82	0.435254	-26.7251	-40.8144	0	0	14.0893
5.83	0.433897	-26.7046	-40.7698	0	0	14.0652
5.84	0.432531	-26.6835	-40.7246	0	0	14.0411
5.85	0.431154	-26.6617	-40.6788	0	0	14.0171
5.86	0.429769	-26.6393	-40.6324	0	0	13.9932
5.87	0.428374	-26.6162	-40.5855	0	0	13.9693
5.88	0.426969	-26.5924	-40.5379	0	0	13.9456
5.89	0.425555	-26.5679	-40.4898	0	0	13.9219
5.9	0.424132	-26.5427	-40.441	0	0	13.8983
5.91	0.4227	-26.5169	-40.3917	0	0	13.8748
5.92	0.421258	-26.4903	-40.3417	0	0	13.8514
5.93	0.419808	-26.4631	-40.2911	0	0	13.828
5.94	0.418349	-26.4351	-40.2398	0	0	13.8047
5.95	0.416881	-26.4064	-40.1879	0	0	13.7815
5.96	0.415404	-26.377	-40.1354	0	0	13.7584
5.97	0.413918	-26.3469	-40.0822	0	0	13.7353
5.98	0.412424	-26.316	-40.0284	0	0	13.7124
5.99	0.410922	-26.2844	-39.9739	0	0	13.6895
6	0.409411	-26.252	-39.9187	0	0	13.6667
6.01	0.407892	-26.2189	-39.8629	0	0	13.6439
6.02	0.406364	-26.1851	-39.8064	0	0	13.6213
6.03	0.404829	-26.1505	-39.7491	0	0	13.5987
6.04	0.403285	-26.1151	-39.6913	0	0	13.5762
6.05	0.401734	-26.0789	-39.6327	0	0	13.5537
6.06	0.400175	-26.042	-39.5734	0	0	13.5314
6.07	0.398608	-26.0043	-39.5133	0	0	13.5091
6.08	0.397034	-25.9658	-39.4526	0	0	13.4868
6.09	0.395452	-25.9265	-39.3912	0	0	13.4647
6.1	0.393863	-25.8864	-39.329	0	0	13.4426
6.11	0.392266	-25.8455	-39.2661	0	0	13.4206
6.12	0.390663	-25.8037	-39.2024	0	0	13.3987
6.13	0.389052	-25.7612	-39.138	0	0	13.3768
6.14	0.387435	-25.7178	-39.0729	0	0	13.355
6.15	0.38581	-25.6736	-39.007	0	0	13.3333
6.16	0.384179	-25.6286	-38.9403	0	0	13.3117
6.17	0.382541	-25.5827	-38.8728	0	0	13.2901
6.18	0.380897	-25.536	-38.8046	0	0	13.2686
6.19	0.379246	-25.4884	-38.7356	0	0	13.2472
6.2	0.377589	-25.44	-38.6658	0	0	13.2258
6.21	0.375926	-25.3907	-38.5952	0	0	13.2045
6.22	0.374257	-25.3406	-38.5239	0	0	13.1833
6.23	0.372582	-25.2896	-38.4517	0	0	13.1621
6.24	0.370901	-25.2377	-38.3787	0	0	13.141
6.25	0.369215	-25.1849	-38.3049	0	0	13.12
6.26	0.367523	-25.1312	-38.2303	0	0	13.099
6.27	0.365825	-25.0767	-38.1548	0	0	13.0781
6.28	0.364123	-25.0212	-38.0785	0	0	13.0573
6.29	0.362414	-24.9648	-38.0014	0	0	13.0366
6.3	0.360701	-24.9076	-37.9234	0	0	13.0159
6.31	0.358983	-24.8494	-37.8446	0	0	12.9952
6.32	0.35726	-24.7903	-37.765	0	0	12.9747
6.33	0.355533	-24.7303	-37.6845	0	0	12.9542
6.34	0.353801	-24.6693	-37.6031	0	0	12.9338
6.35	0.352064	-24.6075	-37.5208	0	0	12.9134
6.36	0.350323	-24.5447	-37.4377	0	0	12.8931
6.37	0.348578	-24.4809	-37.3538	0	0	12.8728
6.38	0.346829	-24.4162	-37.2689	0	0	12.8527
6.39	0.345076	-24.3506	-37.1832	0	0	12.8326
6.4	0.343319	-24.284	-37.0965	0	0	12.8125
6.41	0.341558	-24.2165	-37.009	0	0	12.7925
6.42	0.339794	-24.148	-36.9206	0	0	12.7726
6.43	0.338026	-24.0786	-36.8313	0	0	12.7527
6.44	0.336255	-24.0081	-36.7411	0	0	12.7329
6.45	0.334481	-23.9368	-36.6499	0	0	12.7132
6.46	0.332704	-23.8644	-36.5579	0	0	12.6935
6.47	0.330924	-23.7911	-36.465	0	0	12.6739
6.48	0.329141	-23.7168	-36.3711	0	0	12.6543
6.49	0.327356	-23.6415	-36.2763	0	0	12.6348
6.5	0.325568	-23.5652	-36.1806	0	0	12.6154
6.51	0.323778	-23.488	-36.084	0	0	12.596
6.52	0.321985	-23.4098	-35.9865	0	0	12.5767
6.53	0.320191	-23.3305	-35.888	0	0	12.5574
6.54	0.318394	-23.2503	-35.7886	0	0	12.5382
6.55	0.316596	-23.1691	-35.6882	0	0	12.5191
6.56	0.314796	-23.0869	-35.5869	0	0	12.5
6.57	0.312994	-23.0038	-35.4847	0	0	12.481
6.58	0.311191	-22.9196	-35.3816	0	0	12.462
6.59	0.309387	-22.8344	-35.2775	0	0	12.4431
6.6	0.307581	-22.7482	-35.1724	0	0	12.4242
6.61	0.305775	-22.661	-35.0665	0	0	12.4054
6.62	0.303967	-22.5728	-34.9596	0	0	12.3867
6.63	0.302159	-22.4837	-34.8517	0	0	12.368
6.64	0.300351	-22.3935	-34.7429	0	0	12.3494
6.65	0.298541	-22.3023	-34.6331	0	0	12.3308
6.66	0.296732	-22.2101	-34.5224	0	0	12.3123
6.67	0.294922	-22.117	-34.4108	0	0	12.2939
6.68	0.293112	-22.0228	-34.2982	0	0	12.2754
6.69	0.291302	-21.9276	-34.1847	0	0	12.2571
6.7	0.289492	-21.8315	-34.0703	0	0	12.2388
6.71	0.287683	-21.7343	-33.9549	0	0	12.2206
6.72	0.285874	-21.6361	-33.8385	0	0	12.2024
6.73	0.284066	-21.537	-33.7212	0	0	12.1842
6.74	0.282258	-21.4369	-33.603	0	0	12.1662
6.75	0.280451	-21.3357	-33.4839	0	0	12.1481
6.76	0.278646	-21.2336	-33.3638	0	0	12.1302
6.77	0.276841	-21.1305	-33.2428	0	0	12.1123
6.78	0.275038	-21.0265	-33.1209	0	0	12.0944
6.79	0.273235	-20.9214	-32.998	0	0	12.0766
6.8	0.271435	-20.8154	-32.8743	0	0	12.0588
6.81	0.269636	-20.7085	-32.7496	0	0	12.0411
6.82	0.267839	-20.6005	-32.624	0	0	12.0235
6.83	0.266043	-20.4916	-32.4975	0	0	12.0059
6.84	0.26425	-20.3818	-32.3701	0	0	11.9883
6.85	0.262459	-20.271	-32.2418	0	0	11.9708
6.86	0.26067	-20.1592	-32.1126	0	0	11.9534
6.87	0.258883	-20.0465	-31.9825	0	0	11.936
6.88	0.257099	-19.9329	-31.8515	0	0	11.9186
6.89	0.255318	-19.8184	-31.7197	0	0	11.9013
6.9	0.253539	-19.7029	-31.587	0	0	11.8841
6.91	0.251764	-19.5865	-31.4534	0	0	11.8669
6.92	0.249991	-19.4692	-31.3189	0	0	11.8497
6.93	0.248221	-19.351	-31.1836	0	0	11.8326
6.94	0.246455	-19.2319	-31.0475	0	0	11.8156
6.95	0.244692	-19.112	-30.9105	0	0	11.7986
6.96	0.242932	-18.9911	-30.7727	0	0	11.7816
6.97	0.241176	-18.8694	-30.6341	0	0	11.7647
6.98	0.239424	-18.7468	-30.4947	0	0	11.7479
6.99	0.237676	-18.6234	-30.3544	0	0	11.731
7	0.235931	-18.4991	-30.2134	0	0	11.7143
7.01	0.234191	-18.374	-30.0716	0	0	11.6976
7.02	0.232454	-18.2481	-29.929	0	0	11.6809
7.03	0.230722	-18.1213	-29.7856	0	0	11.6643
7.04	0.228995	-17.9938	-29.6415	0	0	11.6477
7.05	0.227272	-17.8654	-29.4966	0	0	11.6312
7.06	0.225553	-17.7363	-29.351	0	0	11.6147
7.07	0.223839	-17.6064	-29.2047	0	0	11.5983
7.08	0.22213	-17.4757	-29.0576	0	0	11.5819
7.09	0.220426	-17.3443	-28.9098	0	0	11.5656
7.1	0.218727	-17.2121	-28.7614	0	0	11.5493
7.11	0.217033	-17.0792	-28.6123	0	0	11.5331
7.12	0.215344	-16.9456	-28.4625	0	0	11.5169
7.13	0.21366	-16.8113	-28.312	0	0	11.5007
7.14	0.211982	-16.6763	-28.1609	0	0	11.4846
7.15	0.21031	-16.5406	-28.0092	0	0	11.4685
7.16	0.208643	-16.4043	-27.8568	0	0	11.4525
7.17	0.206981	-16.2673	-27.7038	0	0	11.4365
7.18	0.205326	-16.1297	-27.5503	0	0	11.4206
7.19	0.203676	-15.9914	-27.3962	0	0	11.4047
7.2	0.202032	-15.8526	-27.2415	0	0	11.3889
7.21	0.200395	-15.7131	-27.0862	0	0	11.3731
7.22	0.198763	-15.5731	-26.9305	0	0	11.3573
7.23	0.197138	-15.4325	-26.7742	0	0	11.3416
7.24	0.195519	-15.2914	-26.6174	0	0	11.326
7.25	0.193906	-15.1497	-26.4601	0	0	11.3103
7.26	0.1923	-15.0075	-26.3023	0	0	11.2948
7.27	0.1907	-14.8648	-26.1441	0	0	11.2792
7.28	0.189107	-14.7216	-25.9854	0	0	11.2637
7.29	0.18752	-14.578	-25.8263	0	0	11.2483
7.3	0.185941	-14.4339	-25.6668	0	0	11.2329
7.31	0.184368	-14.2893	-25.5069	0	0	11.2175
7.32	0.182802	-14.1444	-25.3466	0	0	11.2022
7.33	0.181243	-13.999	-25.1859	0	0	11.1869
7.34	0.179691	-13.8532	-25.0249	0	0	11.1717
7.35	0.178146	-13.7071	-24.8636	0	0	11.1565
7.36	0.176609	-13.5606	-24.7019	0	0	11.1413
7.37	0.175078	-13.4138	-24.54	0	0	11.1262
7.38	0.173555	-13.2667	-24.3778	0	0	11.1111
7.39	0.172039	-13.1192	-24.2153	0	0	11.0961
7.4	0.170531	-12.9715	-24.0526	0	0	11.0811
7.41	0.16903	-12.8235	-23.8896	0	0	11.0661
7.42	0.167537	-12.6753	-23.7265	0	0	11.0512
7.43	0.166051	-12.5268	-23.5631	0	0	11.0363
7.44	0.164573	-12.3781	-23.3996	0	0	11.0215
7.45	0.163103	-12.2292	-23.236	0	0	11.0067
7.46	0.16164	-12.0802	-23.0721	0	0	10.992
7.47	0.160185	-11.931	-22.9082	0	0	10.9772
7.48	0.158738	-11.7816	-22.7442	0	0	10.9626
7.49	0.157298	-11.6322	-22.5801	0	0	10.9479
7.5	0.155867	-11.4826	-22.4159	0	0	10.9333
7.51	0.154444	-11.3329	-22.2517	0	0	10.9188
7.52	0.153028	-11.1832	-22.0875	0	0	10.9043
7.53	0.151621	-11.0334	-21.9232	0	0	10.8898
7.54	0.150221	-10.8836	-21.759	0	0	10.8753
7.55	0.14883	-10.7338	-21.5948	0	0	10.8609
7.56	0.147447	-10.584	-21.4306	0	0	10.8466
7.57	0.146072	-10.4343	-21.2665	0	0	10.8322
7.58	0.144705	-10.2845	-21.1025	0	0	10.8179
7.59	0.143347	-10.1349	-20.9386	0	0	10.8037
7.6	0.141996	-9.98529	-20.7748	0	0	10.7895
7.61	0.140654	-9.8358	-20.6111	0	0	10.7753
7.62	0.13932	-9.68644	-20.4476	0	0	10.7612
7.63	0.137995	-9.53721	-20.2843	0	0	10.7471
7.64	0.136678	-9.38813	-20.1211	0	0	10.733
7.65	0.135369	-9.23923	-19.9582	0	0	10.719
7.66	0.134068	-9.09051	-19.7955	0	0	10.705
7.67	0.132776	-8.94201	-19.633	0	0	10.691
7.68	0.131492	-8.79372	-19.4708	0	0	10.6771
7.69	0.130217	-8.64569	-19.3089	0	0	10.6632
7.7	0.12895	-8.49791	-19.1473	0	0	10.6494
7.71	0.127692	-8.35041	-18.9859	0	0	10.6355
7.72	0.126442	-8.2032	-18.825	0	0	10.6218
7.73	0.1252	-8.05631	-18.6643	0	0	10.608
7.74	0.123967	-7.90974	-18.5041	0	0	10.5943
7.75	0.122742	-7.76352	-18.3442	0	0	10.5806
7.76	0.121526	-7.61766	-18.1847	0	0	10.567
7.77	0.120318	-7.47218	-18.0256	0	0	10.5534
7.78	0.119119	-7.32709	-17.8669	0	0	10.5398
7.79	0.117928	-7.18241	-17.7087	0	0	10.5263
7.8	0.116746	-7.03816	-17.551	0	0	10.5128
7.81	0.115572	-6.89435	-17.3937	0	0	10.4994
7.82	0.114406	-6.751	-17.2369	0	0	10.4859
7.83	0.113249	-6.60812	-17.0807	0	0	10.4725
7.84	0.112101	-6.46573	-16.9249	0	0	10.4592
7.85	0.11096	-6.32384	-16.7697	0	0	10.4459
7.86	0.109829	-6.18247	-16.615	0	0	10.4326
7.87	0.108705	-6.04162	-16.4609	0	0	10.4193
7.88	0.10759	-5.90133	-16.3074	0	0	10.4061
7.89	0.106484	-5.76159	-16.1545	0	0	10.3929
7.9	0.105385	-5.62242	-16.0022	0	0	10.3797
7.91	0.104295	-5.48384	-15.8505	0	0	10.3666
7.92	0.103214	-5.34586	-15.6994	0	0	10.3535
7.93	0.102141	-5.20849	-15.549	0	0	10.3405
7.94	0.101076	-5.07175	-15.3992	0	0	10.3275
7.95	0.100019	-4.93564	-15.2501	0	0	10.3145
7.96	0.0989705	-4.80018	-15.1017	0	0	10.3015
7.97	0.0979303	-4.66538	-14.954	0	0	10.2886
7.98	0.0968983	-4.53126	-14.807	0	0	10.2757
7.99	0.0958745	-4.39782	-14.6606	0	0	10.2628
8	0.0948589	-4.26508	-14.5151	0	0	10.25
8.01	0.0938514	-4.13304	-14.3702	0	0	10.2372
8.02	0.0928519	-4.00171	-14.2262	0	0	10.2244
8.03	0.0918606	-3.87112	-14.0828	0	0	10.2117
8.04	0.0908773	-3.74126	-13.9403	0	0	10.199
8.05	0.0899021	-3.61215	-13.7985	0	0	10.1863
8.06	0.0889348	-3.48379	-13.6575	0	0	10.1737
8.07	0.0879755	-3.3562	-13.5173	0	0	10.1611
8.08	0.0870241	-3.22938	-13.3779	0	0	10.1485
8.09	0.0860807	-3.10334	-13.2393	0	0	10.136
8.1	0.085145	-2.9781	-13.1016	0	0	10.1235
8.11	0.0842173	-2.85365	-12.9646	0	0	10.111
8.12	0.0832973	-2.73001	-12.8285	0	0	10.0985
8.13	0.082385	-2.60719	-12.6933	0	0	10.0861
8.14	0.0814805	-2.48518	-12.5589	0	0	10.0737
8.15	0.0805837	-2.36401	-12.4254	0	0	10.0613
8.16	0.0796945	-2.24367	-12.2927	0	0	10.049
8.17	0.078813	-2.12417	-12.1609	0	0	10.0367
8.18	0.077939	-2.00551	-12.03	0	0	10.0244
8.19	0.0770725	-1.88771	-11.8999	0	0	10.0122
8.2	0.0762136	-1.77077	-11.7708	0	0	10
8.21	0.075362	-1.65469	-11.6425	0	0	9.98782
8.22	0.0745179	-1.53949	-11.5152	0	0	9.97567
8.23	0.0736812	-1.42515	-11.3887	0	0	9.96355
8.24	0.0728518	-1.31169	-11.2632	0	0	9.95146
8.25	0.0720297	-1.19912	-11.1385	0	0	9.93939
8.26	0.0712148	-1.08743	-11.0148	0	0	9.92736
8.27	0.0704071	-0.976633	-10.892	0	0	9.91536
8.28	0.0696066	-0.866728	-10.7701	0	0	9.90338
8.29	0.0688131	-0.757719	-10.6492	0	0	9.89144
8.3	0.0680268	-0.64961	-10.5291	0	0	9.87952
8.31	0.0672474	-0.542403	-10.41	0	0	9.86763
8.32	0.0664751	-0.4361	-10.2919	0	0	9.85577
8.33	0.0657096	-0.330704	-10.1746	0	0	9.84394
8.34	0.0649511	-0.226217	-10.0584	0	0	9.83213
8.35	0.0641994	-0.122641	-9.943	0	0	9.82036
8.36	0.0634544	-0.0199758	-9.82859	0	0	9.80861
8.37	0.0627162	0.081776	-9.71512	0	0	9.79689
8.38	0.0619847	0.182614	-9.60259	0	0	9.7852
8.39	0.0612598	0.282536	-9.491	0	0	9.77354
8.4	0.0605416	0.381544	-9.38036	0	0	9.7619
8.41	0.0598299	0.479635	-9.27066	0	0	9.7503
8.42	0.0591246	0.57681	-9.16191	0	0	9.73872
8.43	0.0584259	0.67307	-9.05409	0	0	9.72716
8.44	0.0577335	0.768414	-8.94723	0	0	9.71564
8.45	0.0570475	0.862842	-8.8413	0	0	9.70414
8.46	0.0563678	0.956357	-8.73631	0	0	9.69267
8.47	0.0556943	1.04896	-8.63227	0	0	9.68123
8.48	0.055027	1.14065	-8.52917	0	0	9.66981
8.49	0.0543659	1.23142	-8.427	0	0	9.65842
8.5	0.0537109	1.32129	-8.32577	0	0	9.64706
8.51	0.053062	1.41025	-8.22548	0	0	9.63572
8.52	0.052419	1.4983	-8.12611	0	0	9.62441
8.53	0.051782	1.58545	-8.02768	0	0	9.61313
8.54	0.0511509	1.67169	-7.93018	0	0	9.60187
8.55	0.0505256	1.75704	-7.83361	0	0	9.59064
8.56	0.0499062	1.84148	-7.73796	0	0	9.57944
8.57	0.0492925	1.92504	-7.64323	0	0	9.56826
8.58	0.0486845	2.00769	-7.54941	0	0	9.55711
8.59	0.0480821	2.08946	-7.45652	0	0	9.54598
8.6	0.0474853	2.17035	-7.36453	0	0	9.53488
8.61	0.0468941	2.25035	-7.27346	0	0	9.52381
8.62	0.0463084	2.32947	-7.18329	0	0	9.51276
8.63	0.0457281	2.40771	-7.09402	0	0	9.50174
8.64	0.0451532	2.48509	-7.00565	0	0	9.49074
8.65	0.0445836	2.56159	-6.91818	0	0	9.47977
8.66	0.0440194	2.63723	-6.8316	0	0	9.46882
8.67	0.0434604	2.712	-6.7459	0	0	9.4579
8.68	0.0429065	2.78592	-6.66108	0	0	9.447
8.69	0.0423578	2.85899	-6.57715	0	0	9.43613
8.7	0.0418142	2.9312	-6.49409	0	0	9.42529
8.71	0.0412756	3.00257	-6.41189	0	0	9.41447
8.72	0.040742	3.07311	-6.33056	0	0	9.40367
8.73	0.0402134	3.1428	-6.2501	0	0	9.3929
8.74	0.0396896	3.21167	-6.17048	0	0	9.38215
8.75	0.0391707	3.27971	-6.09172	0	0	9.37143
8.76	0.0386565	3.34693	-6.0138	0	0	9.36073
8.77	0.0381471	3.41333	-5.93673	0	0	9.35006
8.78	0.0376424	3.47892	-5.86049	0	0	9.33941
8.79	0.0371422	3.54371	-5.78508	0	0	9.32878
8.8	0.0366467	3.60769	-5.71049	0	0	9.31818
8.81	0.0361557	3.67088	-5.63673	0	0	9.3076
8.82	0.0356692	3.73328	-5.56377	0	0	9.29705
8.83	0.0351872	3.79489	-5.49163	0	0	9.28652
8.84	0.0347095	3.85572	-5.42029	0	0	9.27602
8.85	0.0342361	3.91578	-5.34975	0	0	9.26554
8.86	0.033767	3.97507	-5.28001	0	0	9.25508
8.87	0.0333022	4.0336	-5.21105	0	0	9.24464
8.88	0.0328416	4.09137	-5.14287	0	0	9.23423
8.89	0.0323851	4.14839	-5.07546	0	0	9.22385
8.9	0.0319326	4.20466	-5.00883	0	0	9.21348
8.91	0.0314843	4.26019	-4.94295	0	0	9.20314
8.92	0.0310399	4.31498	-4.87784	0	0	9.19283
8.93	0.0305994	4.36905	-4.81348	0	0	9.18253
8.94	0.0301629	4.42239	-4.74987	0	0	9.17226
8.95	0.0297302	4.47502	-4.68699	0	0	9.16201
8.96	0.0293013	4.52694	-4.62485	0	0	9.15179
8.97	0.0288762	4.57814	-4.56344	0	0	9.14158
8.98	0.0284548	4.62865	-4.50275	0	0	9.1314
8.99	0.028037	4.67847	-4.44278	0	0	9.12125
9	0.0276228	4.7276	-4.38351	0	0	9.11111
9.01	0.0272123	4.77605	-4.32495	0	0	9.101
9.02	0.0268052	4.82382	-4.26709	0	0	9.09091
9.03	0.0264016	4.87092	-4.20992	0	0	9.08084
9.04	0.0260014	4.91736	-4.15344	0	0	9.0708
9.05	0.0256046	4.96314	-4.09764	0	0	9.06077
9.06	0.0252112	5.00827	-4.04251	0	0	9.05077
9.07	0.024821	5.05275	-3.98804	0	0	9.04079
9.08	0.0244341	5.09659	-3.93424	0	0	9.03084
9.09	0.0240504	5.1398	-3.8811	0	0	9.0209
9.1	0.0236698	5.18239	-3.8286	0	0	9.01099
9.11	0.0232923	5.22435	-3.77675	0	0	9.0011
9.12	0.0229179	5.26569	-3.72553	0	0	8.99123
9.13	0.0225465	5.30643	-3.67495	0	0	8.98138
9.14	0.0221781	5.34656	-3.62499	0	0	8.97155
9.15	0.0218126	5.3861	-3.57565	0	0	8.96175
9.16	0.02145	5.42504	-3.52692	0	0	8.95197
9.17	0.0210903	5.4634	-3.4788	0	0	8.9422
9.18	0.0207333	5.50118	-3.43128	0	0	8.93246
9.19	0.0203791	5.53838	-3.38436	0	0	8.92274
9.2	0.0200276	5.57502	-3.33802	0	0	8.91304
9.21	0.0196788	5.6111	-3.29227	0	0	8.90337
9.22	0.0193326	5.64662	-3.24709	0	0	8.89371
9.23	0.018989	5.68159	-3.20249	0	0	8.88407
9.24	0.0186479	5.71601	-3.15845	0	0	8.87446
9.25	0.0183093	5.7499	-3.11497	0	0	8.86486
9.26	0.0179732	5.78325	-3.07204	0	0	8.85529
9.27	0.0176395	5.81607	-3.02966	0	0	8.84574
9.28	0.0173081	5.84838	-2.98783	0	0	8.83621
9.29	0.0169791	5.88017	-2.94653	0	0	8.8267
9.3	0.0166523	5.91145	-2.90576	0	0	8.8172
9.31	0.0163278	5.94222	-2.86551	0	0	8.80773
9.32	0.0160056	5.9725	-2.82579	0	0	8.79828
9.33	0.0156854	6.00228	-2.78657	0	0	8.78885
9.34	0.0153674	6.03157	-2.74787	0	0	8.77944
9.35	0.0150515	6.06039	-2.70967	0	0	8.77005
9.36	0.0147376	6.08872	-2.67196	0	0	8.76068
9.37	0.0144257	6.11659	-2.63475	0	0	8.75133
9.38	0.0141158	6.14399	-2.59802	0	0	8.742
9.39	0.0138078	6.17093	-2.56177	0	0	8.73269
9.4	0.0135017	6.19741	-2.52599	0	0	8.7234
9.41	0.0131974	6.22344	-2.49069	0	0	8.71413
9.42	0.0128949	6.24903	-2.45585	0	0	8.70488
9.43	0.0125941	6.27418	-2.42147	0	0	8.69565
9.44	0.0122951	6.2989	-2.38754	0	0	8.68644
9.45	0.0119978	6.32318	-2.35406	0	0	8.67725
9.46	0.0117021	6.34705	-2.32103	0	0	8.66808
9.47	0.011408	6.37049	-2.28843	0	0	8.65892
9.48	0.0111155	6.39352	-2.25627	0	0	8.64979
9.49	0.0108245	6.41614	-2.22453	0	0	8.64067
9.5	0.0105349	6.43836	-2.19322	0	0	8.63158
9.51	0.0102469	6.46018	-2.16232	0	0	8.6225
9.52	0.0099602	6.48161	-2.13184	0	0	8.61345
9.53	0.00967491	6.50264	-2.10176	0	0	8.60441
9.54	0.00939095	6.52329	-2.07209	0	0	8.59539
9.55	0.00910828	6.54357	-2.04282	0	0	8.58639
9.56	0.00882687	6.56346	-2.01394	0	0	8.57741
9.57	0.00854667	6.58299	-1.98545	0	0	8.56844
9.58	0.00826765	6.60215	-1.95735	0	0	8.5595
9.59	0.00798978	6.62095	-1.92962	0	0	8.55057
9.6	0.00771301	6.6394	-1.90227	0	0	8.54167
9.61	0.00743731	6.65749	-1.87529	0	0	8.53278
9.62	0.00716263	6.67523	-1.84867	0	0	8.52391
9.63	0.00688895	6.69264	-1.82242	0	0	8.51506
9.64	0.00661622	6.7097	-1.79652	0	0	8.50622
9.65	0.00634441	6.72643	-1.77098	0	0	8.49741
9.66	0.00607348	6.74283	-1.74578	0	0	8.48861
9.67	0.0058034	6.7589	-1.72093	0	0	8.47983
9.68	0.00553411	6.77465	-1.69642	0	0	8.47107
9.69	0.0052656	6.79009	-1.67224	0	0	8.46233
9.7	0.00499782	6.80521	-1.6484	0	0	8.45361
9.71	0.00473074	6.82002	-1.62488	0	0	8.4449
9.72	0.00446431	6.83453	-1.60168	0	0	8.43621
9.73	0.00419851	6.84874	-1.57881	0	0	8.42754
9.74	0.00393329	6.86265	-1.55624	0	0	8.41889
9.75	0.00366862	6.87626	-1.53399	0	0	8.41026
9.76	0.00340446	6.88959	-1.51205	0	0	8.40164
9.77	0.00314077	6.90264	-1.4904	0	0	8.39304
9.78	0.00287752	6.9154	-1.46906	0	0	8.38446
9.79	0.00261468	6.92788	-1.44801	0	0	8.37589
9.8	0.0023522	6.94009	-1.42726	0	0	8.36735
9.81	0.00209005	6.95203	-1.40679	0	0	8.35882
9.82	0.00182819	6.9637	-1.38661	0	0	8.35031
9.83	0.00156659	6.97511	-1.3667	0	0	8.34181
9.84	0.0013052	6.98626	-1.34707	0	0	8.33333
9.85	0.001044	6.99715	-1.32772	0	0	8.32487
9.86	0.000782947	7.0078	-1.30863	0	0	8.31643
9.87	0.000522002	7.01819	-1.28982	0	0	8.308
9.88	0.00026113	7.02834	-1.27126	0	0	8.2996
9.89	2.94812e-07	7.03824	-1.25296	0	0	8.2912
9.9	-0.000260541	7.04791	-1.23492	0	0	8.28283
9.91	-0.000521412	7.05734	-1.21713	0	0	8.27447
9.92	-0.000782358	7.06654	-1.19959	0	0	8.26613
9.93	-0.00104341	7.07551	-1.1823	0	0	8.2578
9.94	-0.00130461	7.08425	-1.16525	0	0	8.2495
9.95	-0.001566	7.09277	-1.14843	0	0	8.24121
9.96	-0.0018276	7.10107	-1.13186	0	0	8.23293
9.97	-0.00208946	7.10916	-1.11552	0	0	8.22467
9.98	-0.00235162	7.11703	-1.0994	0	0	8.21643
9.99	-0.00261411	7.12469	-1.08352	0	0	8.20821
