0	0	-nan	-44.0186	inf	-inf	22.2927
0.01	1.01305e-16	6.22498e+06	-44.0186	6.225e+06	-0.186264	22.2927
0.02	-1.8235e-15	1.55623e+06	-44.0186	1.55625e+06	-0.0945324	22.2926
0.03	-4.02171e-14	691645	-44.0186	691667	-0.0639693	22.2925
0.04	-2.64221e-13	389041	-44.0186	389062	-0.0486984	22.2923
0.05	-1.07535e-12	248978	-44.0186	249000	-0.0395445	22.2921
0.06	-3.32014e-12	172895	-44.0186	172917	-0.0334493	22.2919
0.07	-8.53783e-12	127019	-44.0186	127041	-0.0291019	22.2915
0.08	-1.92629e-11	97243.9	-44.0186	97265.6	-0.0258471	22.2912
0.09	-3.93825e-11	76830.1	-44.0186	76851.9	-0.0233207	22.2908
0.1	-7.45487e-11	62228.3	-44.0186	62250	-0.0213042	22.2903
0.11	-1.32646e-10	51424.5	-44.0185	51446.3	-0.0196587	22.2898
0.12	-2.2431e-10	43207.4	-44.0185	43229.2	-0.0182914	22.2892
0.13	-3.6351e-10	36812.6	-44.0185	36834.3	-0.0171383	22.2886
0.14	-5.68171e-10	31738.5	-44.0185	31760.2	-0.0161534	22.288
0.15	-8.60866e-10	27644.9	-44.0185	27666.7	-0.0153032	22.2872
0.16	-1.26955e-09	24294.7	-44.0185	24316.4	-0.0145625	22.2865
0.17	-1.82835e-09	21518	-44.0185	21539.8	-0.013912	22.2857
0.18	-2.57842e-09	19191.2	-44.0185	19213	-0.0133367	22.2848
0.19	-3.56885e-09	17222	-44.0185	17243.8	-0.0128247	22.2839
0.2	-4.85758e-09	15540.8	-44.0184	15562.5	-0.0123667	22.283
0.21	-6.51245e-09	14093.9	-44.0184	14115.6	-0.0119549	22.282
0.22	-8.61224e-09	12839.8	-44.0184	12861.6	-0.0115831	22.2809
0.23	-1.12478e-08	11745.7	-44.0184	11767.5	-0.0112461	22.2798
0.24	-1.45232e-08	10785.5	-44.0184	10807.3	-0.0109395	22.2787
0.25	-1.85568e-08	9938.25	-44.0184	9960	-0.0106599	22.2775
0.26	-2.34831e-08	9186.83	-44.0184	9208.58	-0.010404	22.2762
0.27	-2.9453e-08	8517.34	-44.0184	8539.09	-0.0101693	22.2749
0.28	-3.66364e-08	7918.3	-44.0183	7940.05	-0.00995358	22.2736
0.29	-4.52227e-08	7380.15	-44.0183	7401.9	-0.00975486	22.2722
0.3	-5.54226e-08	6894.91	-44.0183	6916.67	-0.00957149	22.2708
0.31	-6.74697e-08	6455.87	-44.0183	6477.63	-0.00940201	22.2693
0.32	-8.16221e-08	6057.34	-44.0183	6079.1	-0.00924516	22.2677
0.33	-9.81639e-08	5694.49	-44.0183	5716.25	-0.0090998	22.2662
0.34	-1.17407e-07	5363.19	-44.0183	5384.95	-0.00896497	22.2645
0.35	-1.39692e-07	5059.87	-44.0182	5081.63	-0.00883978	22.2628
0.36	-1.65391e-07	4781.47	-44.0182	4803.24	-0.00872346	22.2611
0.37	-1.94911e-07	4525.35	-44.0182	4547.11	-0.00861531	22.2593
0.38	-2.28691e-07	4289.17	-44.0182	4310.94	-0.00851473	22.2575
0.39	-2.67209e-07	4070.93	-44.0182	4092.7	-0.00842115	22.2556
0.4	-3.1098e-07	3868.85	-44.0182	3890.62	-0.00833409	22.2537
0.41	-3.60562e-07	3681.38	-44.0182	3703.15	-0.00825308	22.2517
0.42	-4.16553e-07	3507.13	-44.0181	3528.91	-0.00817772	22.2497
0.43	-4.79599e-07	3344.91	-44.0181	3366.68	-0.00810764	22.2476
0.44	-5.50391e-07	3193.61	-44.0181	3215.39	-0.00804252	22.2455
0.45	-6.2967e-07	3052.29	-44.0181	3074.07	-0.00798204	22.2433
0.46	-7.18229e-07	2920.09	-44.0181	2941.87	-0.00792593	22.2411
0.47	-8.16914e-07	2796.23	-44.0181	2818.02	-0.00787394	22.2388
0.48	-9.26628e-07	2680.03	-44.018	2701.82	-0.00782582	22.2365
0.49	-1.04833e-06	2570.88	-44.018	2592.67	-0.00778139	22.2341
0.5	-1.18305e-06	2468.21	-44.018	2490	-0.00774042	22.2317
0.51	-1.33186e-06	2371.51	-44.018	2393.31	-0.00770276	22.2293
0.52	-1.49592e-06	2280.35	-44.018	2302.14	-0.00766822	22.2267
0.53	-1.67646e-06	2194.29	-44.0179	2216.09	-0.00763666	22.2242
0.54	-1.87475e-06	2112.97	-44.0179	2134.77	-0.00760795	22.2216
0.55	-2.09216e-06	2036.04	-44.0179	2057.85	-0.00758194	22.2189
0.56	-2.33015e-06	1963.2	-44.0179	1985.01	-0.00755851	22.2162
0.57	-2.59022e-06	1894.16	-44.0179	1915.97	-0.00753757	22.2134
0.58	-2.87397e-06	1828.66	-44.0178	1850.48	-0.00751899	22.2106
0.59	-3.1831e-06	1766.46	-44.0178	1788.28	-0.00750269	22.2078
0.6	-3.51938e-06	1707.35	-44.0178	1729.17	-0.00748858	22.2049
0.61	-3.88467e-06	1651.11	-44.0178	1672.94	-0.00747657	22.2019
0.62	-4.28092e-06	1597.58	-44.0178	1619.41	-0.00746659	22.1989
0.63	-4.7102e-06	1546.58	-44.0177	1568.41	-0.00745856	22.1959
0.64	-5.17466e-06	1497.94	-44.0177	1519.78	-0.00745242	22.1928
0.65	-5.67654e-06	1451.54	-44.0177	1473.37	-0.0074481	22.1896
0.66	-6.21821e-06	1407.22	-44.0177	1429.06	-0.00744554	22.1864
0.67	-6.80213e-06	1364.88	-44.0176	1386.72	-0.0074447	22.1832
0.68	-7.43089e-06	1324.39	-44.0176	1346.24	-0.00744551	22.1799
0.69	-8.10717e-06	1285.65	-44.0176	1307.5	-0.00744793	22.1765
0.7	-8.83378e-06	1248.56	-44.0176	1270.41	-0.00745192	22.1731
0.71	-9.61366e-06	1213.02	-44.0175	1234.87	-0.00745744	22.1697
0.72	-1.04499e-05	1178.95	-44.0175	1200.81	-0.00746443	22.1662
0.73	-1.13456e-05	1146.27	-44.0175	1168.14	-0.00747288	22.1627
0.74	-1.23041e-05	1114.91	-44.0175	1136.78	-0.00748274	22.1591
0.75	-1.33288e-05	1084.8	-44.0174	1106.67	-0.00749398	22.1554
0.76	-1.44235e-05	1055.86	-44.0174	1077.74	-0.00750657	22.1518
0.77	-1.55916e-05	1028.05	-44.0174	1049.92	-0.00752049	22.148
0.78	-1.68372e-05	1001.29	-44.0174	1023.18	-0.0075357	22.1442
0.79	-1.81643e-05	975.552	-44.0173	997.436	-0.00755219	22.1404
0.8	-1.95769e-05	950.768	-44.0173	972.656	-0.00756992	22.1365
0.81	-2.10795e-05	926.896	-44.0173	948.788	-0.00758888	22.1326
0.82	-2.26765e-05	903.892	-44.0172	925.788	-0.00760905	22.1286
0.83	-2.43725e-05	881.714	-44.0172	903.614	-0.0076304	22.1246
0.84	-2.61723e-05	860.324	-44.0172	882.228	-0.00765293	22.1205
0.85	-2.8081e-05	839.683	-44.0172	861.592	-0.00767661	22.1164
0.86	-3.01036e-05	819.759	-44.0171	841.671	-0.00770143	22.1122
0.87	-3.22454e-05	800.517	-44.0171	822.434	-0.00772737	22.108
0.88	-3.4512e-05	781.927	-44.0171	803.848	-0.00775443	22.1037
0.89	-3.6909e-05	763.96	-44.017	785.886	-0.00778258	22.0994
0.9	-3.94423e-05	746.589	-44.017	768.519	-0.00781183	22.095
0.91	-4.2118e-05	729.787	-44.017	751.721	-0.00784215	22.0906
0.92	-4.49422e-05	713.529	-44.0169	735.468	-0.00787354	22.0861
0.93	-4.79214e-05	697.793	-44.0169	719.736	-0.00790599	22.0816
0.94	-5.10623e-05	682.557	-44.0169	704.504	-0.00793949	22.0771
0.95	-5.43717e-05	667.798	-44.0168	689.751	-0.00797403	22.0724
0.96	-5.78566e-05	653.499	-44.0168	675.456	-0.00800962	22.0678
0.97	-6.15244e-05	639.639	-44.0167	661.601	-0.00804623	22.0631
0.98	-6.53825e-05	626.201	-44.0167	648.167	-0.00808387	22.0583
0.99	-6.94385e-05	613.168	-44.0167	635.139	-0.00812254	22.0535
1	-7.37004e-05	600.524	-44.0166	622.5	-0.00816222	22.0486
1.01	-7.81764e-05	588.253	-44.0166	610.234	-0.00820291	22.0437
1.02	-8.28749e-05	576.342	-44.0166	598.328	-0.00824462	22.0388
1.03	-8.78043e-05	564.775	-44.0165	586.766	-0.00828733	22.0338
1.04	-9.29737e-05	553.54	-44.0165	575.536	-0.00833105	22.0287
1.05	-9.8392e-05	542.625	-44.0164	564.626	-0.00837577	22.0236
1.06	-0.000104069	532.016	-44.0164	554.023	-0.0084215	22.0185
1.07	-0.000110013	521.704	-44.0163	543.716	-0.00846823	22.0133
1.08	-0.000116235	511.677	-44.0163	533.693	-0.00851597	22.008
1.09	-0.000122745	501.924	-44.0163	523.946	-0.0085647	22.0027
1.1	-0.000129553	492.435	-44.0162	514.463	-0.00861444	21.9974
1.11	-0.00013667	483.202	-44.0162	505.235	-0.00866519	21.992
1.12	-0.000144107	474.215	-44.0161	496.253	-0.00871694	21.9865
1.13	-0.000151874	465.465	-44.0161	487.509	-0.0087697	21.9811
1.14	-0.000159984	456.944	-44.016	478.994	-0.00882347	21.9755
1.15	-0.000168447	448.644	-44.016	470.699	-0.00887825	21.9699
1.16	-0.000177277	440.558	-44.0159	462.619	-0.00893405	21.9643
1.17	-0.000186484	432.678	-44.0159	454.745	-0.00899087	21.9586
1.18	-0.000196082	424.998	-44.0158	447.07	-0.0090487	21.9529
1.19	-0.000206084	417.51	-44.0158	439.588	-0.00910757	21.9471
1.2	-0.000216502	410.208	-44.0157	432.292	-0.00916746	21.9412
1.21	-0.000227351	403.086	-44.0157	425.176	-0.00922839	21.9354
1.22	-0.000238643	396.139	-44.0156	418.234	-0.00929036	21.9294
1.23	-0.000250394	389.36	-44.0156	411.461	-0.00935337	21.9234
1.24	-0.000262617	382.744	-44.0155	404.852	-0.00941743	21.9174
1.25	-0.000275326	376.286	-44.0155	398.4	-0.00948255	21.9113
1.26	-0.000288538	369.982	-44.0154	392.101	-0.00954873	21.9052
1.27	-0.000302267	363.825	-44.0153	385.951	-0.00961597	21.899
1.28	-0.000316529	357.812	-44.0153	379.944	-0.00968429	21.8928
1.29	-0.00033134	351.938	-44.0152	374.076	-0.00975369	21.8865
1.3	-0.000346716	346.198	-44.0152	368.343	-0.00982417	21.8802
1.31	-0.000362674	340.59	-44.0151	362.741	-0.00989575	21.8738
1.32	-0.000379231	335.108	-44.015	357.266	-0.00996844	21.8674
1.33	-0.000396404	329.75	-44.015	351.914	-0.0100422	21.861
1.34	-0.000414211	324.51	-44.0149	346.681	-0.0101171	21.8544
1.35	-0.00043267	319.387	-44.0149	341.564	-0.0101932	21.8479
1.36	-0.000451799	314.375	-44.0148	336.559	-0.0102703	21.8413
1.37	-0.000471617	309.473	-44.0147	331.664	-0.0103487	21.8346
1.38	-0.000492143	304.677	-44.0147	326.875	-0.0104281	21.8279
1.39	-0.000513396	299.984	-44.0146	322.188	-0.0105088	21.8211
1.4	-0.000535396	295.391	-44.0145	317.602	-0.0105905	21.8143
1.41	-0.000558164	290.895	-44.0144	313.113	-0.0106735	21.8075
1.42	-0.00058172	286.494	-44.0144	308.719	-0.0107577	21.8005
1.43	-0.000606085	282.184	-44.0143	304.416	-0.0108431	21.7936
1.44	-0.00063128	277.964	-44.0142	300.203	-0.0109297	21.7866
1.45	-0.000657326	273.83	-44.0141	296.076	-0.0110175	21.7795
1.46	-0.000684247	269.781	-44.0141	292.034	-0.0111065	21.7724
1.47	-0.000712063	265.814	-44.014	288.074	-0.0111968	21.7653
1.48	-0.000740799	261.928	-44.0139	284.195	-0.0112883	21.7581
1.49	-0.000770477	258.118	-44.0138	280.393	-0.0113811	21.7508
1.5	-0.000801121	254.385	-44.0138	276.667	-0.0114752	21.7435
1.51	-0.000832755	250.725	-44.0137	273.014	-0.0115706	21.7362
1.52	-0.000865403	247.137	-44.0136	269.434	-0.0116673	21.7288
1.53	-0.000899091	243.619	-44.0135	265.923	-0.0117653	21.7213
1.54	-0.000933842	240.17	-44.0134	262.481	-0.0118646	21.7138
1.55	-0.000969684	236.786	-44.0133	259.105	-0.0119652	21.7063
1.56	-0.00100664	233.467	-44.0132	255.794	-0.0120673	21.6987
1.57	-0.00104474	230.211	-44.0132	252.546	-0.0121707	21.6911
1.58	-0.00108401	227.017	-44.0131	249.359	-0.0122754	21.6834
1.59	-0.00112448	223.883	-44.013	246.232	-0.0123816	21.6756
1.6	-0.00116617	220.807	-44.0129	243.164	-0.0124892	21.6679
1.61	-0.00120911	217.787	-44.0128	240.153	-0.0125982	21.66
1.62	-0.00125333	214.824	-44.0127	237.197	-0.0127087	21.6521
1.63	-0.00129886	211.914	-44.0126	234.296	-0.0128206	21.6442
1.64	-0.00134573	209.058	-44.0125	231.447	-0.0129339	21.6362
1.65	-0.00139397	206.253	-44.0124	228.65	-0.0130488	21.6282
1.66	-0.00144361	203.498	-44.0123	225.904	-0.0131652	21.6201
1.67	-0.00149468	200.793	-44.0122	223.206	-0.0132831	21.612
1.68	-0.00154721	198.135	-44.0121	220.557	-0.0134025	21.6038
1.69	-0.00160123	195.525	-44.012	217.955	-0.0135235	21.5956
1.7	-0.00165678	192.96	-44.0119	215.398	-0.013646	21.5873
1.71	-0.00171388	190.439	-44.0117	212.886	-0.0137701	21.579
1.72	-0.00177258	187.963	-44.0116	210.418	-0.0138959	21.5706
1.73	-0.00183289	185.529	-44.0115	207.992	-0.0140232	21.5622
1.74	-0.00189486	183.137	-44.0114	205.608	-0.0141522	21.5537
1.75	-0.00195852	180.785	-44.0113	203.265	-0.0142829	21.5452
1.76	-0.00202391	178.473	-44.0112	200.962	-0.0144152	21.5366
1.77	-0.00209106	176.2	-44.011	198.698	-0.0145492	21.528
1.78	-0.00216	173.965	-44.0109	196.471	-0.0146849	21.5193
1.79	-0.00223078	171.767	-44.0108	194.282	-0.0148224	21.5106
1.8	-0.00230342	169.606	-44.0107	192.13	-0.0149616	21.5019
1.81	-0.00237797	167.48	-44.0105	190.013	-0.0151026	21.4931
1.82	-0.00245446	165.389	-44.0104	187.93	-0.0152454	21.4842
1.83	-0.00253293	163.332	-44.0103	185.882	-0.01539	21.4753
1.84	-0.00261342	161.308	-44.0101	183.867	-0.0155364	21.4663
1.85	-0.00269597	159.316	-44.01	181.885	-0.0156847	21.4573
1.86	-0.00278061	157.357	-44.0099	179.934	-0.0158349	21.4483
1.87	-0.00286739	155.428	-44.0097	178.015	-0.0159869	21.4392
1.88	-0.00295634	153.53	-44.0096	176.126	-0.0161409	21.43
1.89	-0.00304751	151.662	-44.0094	174.267	-0.0162968	21.4208
1.9	-0.00314093	149.823	-44.0093	172.438	-0.0164547	21.4116
1.91	-0.00323666	148.013	-44.0091	170.637	-0.0166146	21.4023
1.92	-0.00333472	146.231	-44.009	168.864	-0.0167765	21.3929
1.93	-0.00343516	144.476	-44.0088	167.119	-0.0169404	21.3835
1.94	-0.00353803	142.748	-44.0087	165.4	-0.0171064	21.3741
1.95	-0.00364337	141.047	-44.0085	163.708	-0.0172744	21.3646
1.96	-0.00375122	139.371	-44.0084	162.042	-0.0174446	21.355
1.97	-0.00386163	137.721	-44.0082	160.401	-0.0176169	21.3454
1.98	-0.00397463	136.095	-44.008	158.785	-0.0177914	21.3358
1.99	-0.00409028	134.493	-44.0079	157.193	-0.017968	21.3261
2	-0.00420862	132.916	-44.0077	155.625	-0.0181469	21.3164
2.01	-0.0043297	131.361	-44.0075	154.08	-0.018328	21.3066
2.02	-0.00445356	129.829	-44.0073	152.559	-0.0185113	21.2967
2.03	-0.00458025	128.32	-44.0072	151.059	-0.018697	21.2868
2.04	-0.00470981	126.833	-44.007	149.582	-0.018885	21.2769
2.05	-0.0048423	125.367	-44.0068	148.126	-0.0190753	21.2669
2.06	-0.00497777	123.923	-44.0066	146.691	-0.019268	21.2569
2.07	-0.00511625	122.499	-44.0064	145.278	-0.019463	21.2468
2.08	-0.0052578	121.095	-44.0062	143.884	-0.0196606	21.2367
2.09	-0.00540247	119.711	-44.006	142.51	-0.0198605	21.2265
2.1	-0.00555031	118.347	-44.0058	141.156	-0.020063	21.2163
2.11	-0.00570137	117.002	-44.0056	139.822	-0.020268	21.206
2.12	-0.0058557	115.675	-44.0054	138.506	-0.0204756	21.1957
2.13	-0.00601335	114.368	-44.0052	137.208	-0.0206857	21.1853
2.14	-0.00617437	113.078	-44.005	135.929	-0.0208984	21.1749
2.15	-0.00633881	111.806	-44.0048	134.667	-0.0211138	21.1644
2.16	-0.00650673	110.551	-44.0046	133.423	-0.0213319	21.1539
2.17	-0.00667818	109.314	-44.0044	132.196	-0.0215527	21.1433
2.18	-0.00685321	108.093	-44.0041	130.986	-0.0217762	21.1327
2.19	-0.00703188	106.889	-44.0039	129.793	-0.0220025	21.122
2.2	-0.00721424	105.701	-44.0037	128.616	-0.0222316	21.1113
2.21	-0.00740034	104.529	-44.0034	127.454	-0.0224635	21.1006
2.22	-0.00759024	103.373	-44.0032	126.309	-0.0226984	21.0897
2.23	-0.007784	102.231	-44.003	125.178	-0.0229361	21.0789
2.24	-0.00798166	101.105	-44.0027	124.063	-0.0231768	21.068
2.25	-0.00818329	99.9941	-44.0025	122.963	-0.0234205	21.057
2.26	-0.00838895	98.8973	-44.0022	121.877	-0.0236673	21.046
2.27	-0.00859868	97.8148	-44.002	120.806	-0.023917	21.0349
2.28	-0.00881255	96.7464	-44.0017	119.748	-0.0241699	21.0238
2.29	-0.00903061	95.6916	-44.0014	118.705	-0.024426	21.0127
2.3	-0.00925292	94.6505	-44.0012	117.675	-0.0246852	21.0015
2.31	-0.00947954	93.6226	-44.0009	116.658	-0.0249476	20.9902
2.32	-0.00971053	92.6078	-44.0006	115.655	-0.0252133	20.9789
2.33	-0.00994595	91.6059	-44.0003	114.664	-0.0254822	20.9676
2.34	-0.0101858	90.6165	-44.0001	113.686	-0.0257546	20.9562
2.35	-0.0104303	89.6396	-43.9998	112.721	-0.0260302	20.9447
2.36	-0.0106794	88.6749	-43.9995	111.767	-0.0263094	20.9332
2.37	-0.0109331	87.7222	-43.9992	110.826	-0.026592	20.9217
2.38	-0.0111915	86.7812	-43.9989	109.897	-0.026878	20.9101
2.39	-0.0114548	85.8519	-43.9986	108.979	-0.0271677	20.8984
2.4	-0.0117228	84.9339	-43.9983	108.073	-0.0274609	20.8868
2.41	-0.0119958	84.0272	-43.9979	107.178	-0.0277578	20.875
2.42	-0.0122738	83.1315	-43.9976	106.294	-0.0280584	20.8632
2.43	-0.0125568	82.2466	-43.9973	105.421	-0.0283627	20.8514
2.44	-0.0128449	81.3724	-43.997	104.559	-0.0286708	20.8395
2.45	-0.0131382	80.5087	-43.9966	103.707	-0.0289827	20.8276
2.46	-0.0134367	79.6553	-43.9963	102.865	-0.0292984	20.8156
2.47	-0.0137404	78.8121	-43.996	102.034	-0.0296182	20.8035
2.48	-0.0140495	77.9788	-43.9956	101.213	-0.0299418	20.7915
2.49	-0.0143641	77.1554	-43.9952	100.402	-0.0302695	20.7793
2.5	-0.0146841	76.3417	-43.9949	99.6	-0.0306013	20.7671
2.51	-0.0150097	75.5374	-43.9945	98.808	-0.0309372	20.7549
2.52	-0.0153408	74.7425	-43.9942	98.0253	-0.0312773	20.7426
2.53	-0.0156777	73.9569	-43.9938	97.2519	-0.0316216	20.7303
2.54	-0.0160202	73.1803	-43.9934	96.4877	-0.0319702	20.7179
2.55	-0.0163686	72.4126	-43.993	95.7324	-0.0323231	20.7055
2.56	-0.0167229	71.6537	-43.9926	94.986	-0.0326804	20.693
2.57	-0.0170831	70.9035	-43.9922	94.2482	-0.0330421	20.6805
2.58	-0.0174492	70.1618	-43.9918	93.519	-0.0334084	20.6679
2.59	-0.0178215	69.4284	-43.9914	92.7983	-0.0337792	20.6553
2.6	-0.0181999	68.7033	-43.991	92.0858	-0.0341546	20.6427
2.61	-0.0185845	67.9864	-43.9905	91.3815	-0.0345347	20.6299
2.62	-0.0189753	67.2774	-43.9901	90.6853	-0.0349195	20.6172
2.63	-0.0193725	66.5763	-43.9897	89.997	-0.0353092	20.6044
2.64	-0.0197761	65.883	-43.9892	89.3165	-0.0357036	20.5915
2.65	-0.0201862	65.1973	-43.9888	88.6436	-0.036103	20.5786
2.66	-0.0206028	64.5192	-43.9883	87.9784	-0.0365074	20.5656
2.67	-0.021026	63.8485	-43.9879	87.3206	-0.0369168	20.5526
2.68	-0.0214558	63.185	-43.9874	86.6702	-0.0373313	20.5396
2.69	-0.0218924	62.5288	-43.9869	86.027	-0.037751	20.5264
2.7	-0.0223359	61.8796	-43.9864	85.3909	-0.0381759	20.5133
2.71	-0.0227861	61.2375	-43.9859	84.7619	-0.0386061	20.5001
2.72	-0.0232434	60.6022	-43.9854	84.1398	-0.0390417	20.4868
2.73	-0.0237076	59.9736	-43.9849	83.5245	-0.0394827	20.4735
2.74	-0.024179	59.3518	-43.9844	82.916	-0.0399292	20.4602
2.75	-0.0246574	58.7366	-43.9839	82.314	-0.0403813	20.4468
2.76	-0.0251431	58.1278	-43.9834	81.7187	-0.040839	20.4333
2.77	-0.0256361	57.5254	-43.9828	81.1297	-0.0413025	20.4198
2.78	-0.0261364	56.9293	-43.9823	80.5471	-0.0417717	20.4063
2.79	-0.0266442	56.3394	-43.9817	79.9707	-0.0422468	20.3927
2.8	-0.0271594	55.7557	-43.9812	79.4005	-0.0427278	20.379
2.81	-0.0276822	55.1779	-43.9806	78.8364	-0.0432149	20.3653
2.82	-0.0282126	54.6061	-43.98	78.2783	-0.043708	20.3516
2.83	-0.0287507	54.0402	-43.9794	77.726	-0.0442073	20.3378
2.84	-0.0292966	53.4801	-43.9788	77.1796	-0.0447129	20.324
2.85	-0.0298503	52.9256	-43.9782	76.639	-0.0452247	20.3101
2.86	-0.0304119	52.3768	-43.9776	76.104	-0.045743	20.2961
2.87	-0.0309815	51.8335	-43.977	75.5745	-0.0462677	20.2822
2.88	-0.0315591	51.2956	-43.9763	75.0506	-0.0467991	20.2681
2.89	-0.0321448	50.7632	-43.9757	74.5322	-0.047337	20.254
2.9	-0.0327387	50.236	-43.975	74.019	-0.0478818	20.2399
2.91	-0.0333408	49.7141	-43.9744	73.5112	-0.0484333	20.2257
2.92	-0.0339513	49.1973	-43.9737	73.0085	-0.0489917	20.2115
2.93	-0.0345701	48.6857	-43.973	72.511	-0.0495572	20.1972
2.94	-0.0351973	48.179	-43.9723	72.0186	-0.0501297	20.1829
2.95	-0.0358331	47.6774	-43.9716	71.5312	-0.0507094	20.1685
2.96	-0.0364774	47.1806	-43.9709	71.0487	-0.0512964	20.1541
2.97	-0.0371304	46.6886	-43.9702	70.571	-0.0518907	20.1396
2.98	-0.0377921	46.2014	-43.9694	70.0982	-0.0524925	20.1251
2.99	-0.0384626	45.7188	-43.9687	69.6301	-0.0531018	20.1105
3	-0.0391419	45.2409	-43.9679	69.1667	-0.0537188	20.0959
3.01	-0.0398301	44.7676	-43.9672	68.7079	-0.0543436	20.0812
3.02	-0.0405273	44.2987	-43.9664	68.2536	-0.0549761	20.0665
3.03	-0.0412336	43.8343	-43.9656	67.8038	-0.0556166	20.0517
3.04	-0.0419489	43.3743	-43.9648	67.3585	-0.0562652	20.0369
3.05	-0.0426734	42.9187	-43.964	66.9175	-0.0569219	20.022
3.06	-0.0434072	42.4673	-43.9631	66.4808	-0.0575869	20.0071
3.07	-0.0441502	42.0201	-43.9623	66.0484	-0.0582602	19.9922
3.08	-0.0449026	41.577	-43.9614	65.6203	-0.058942	19.9772
3.09	-0.0456645	41.1381	-43.9606	65.1962	-0.0596323	19.9621
3.1	-0.0464358	40.7033	-43.9597	64.7763	-0.0603314	19.947
3.11	-0.0472167	40.2724	-43.9588	64.3604	-0.0610392	19.9318
3.12	-0.0480072	39.8455	-43.9579	63.9485	-0.0617559	19.9166
3.13	-0.0488074	39.4224	-43.957	63.5405	-0.0624817	19.9014
3.14	-0.0496173	39.0033	-43.956	63.1364	-0.0632166	19.8861
3.15	-0.050437	38.5879	-43.9551	62.7362	-0.0639607	19.8707
3.16	-0.0512666	38.1763	-43.9541	62.3398	-0.0647142	19.8553
3.17	-0.0521061	37.7683	-43.9531	61.9471	-0.0654772	19.8399
3.18	-0.0529556	37.3641	-43.9521	61.5581	-0.0662498	19.8244
3.19	-0.0538151	36.9634	-43.9511	61.1727	-0.0670322	19.8088
3.2	-0.0546847	36.5663	-43.9501	60.791	-0.0678244	19.7932
3.21	-0.0555645	36.1727	-43.9491	60.4128	-0.0686266	19.7776
3.22	-0.0564545	35.7826	-43.948	60.0382	-0.0694389	19.7619
3.23	-0.0573548	35.3959	-43.9469	59.667	-0.0702614	19.7461
3.24	-0.0582654	35.0126	-43.9459	59.2993	-0.0710943	19.7303
3.25	-0.0591865	34.6327	-43.9448	58.9349	-0.0719377	19.7145
3.26	-0.0601179	34.2561	-43.9436	58.5739	-0.0727918	19.6986
3.27	-0.0610599	33.8827	-43.9425	58.2162	-0.0736566	19.6827
3.28	-0.0620124	33.5125	-43.9414	57.8618	-0.0745324	19.6667
3.29	-0.0629755	33.1456	-43.9402	57.5106	-0.0754192	19.6506
3.3	-0.0639493	32.7818	-43.939	57.1625	-0.0763172	19.6345
3.31	-0.0649338	32.4211	-43.9378	56.8177	-0.0772265	19.6184
3.32	-0.065929	32.0634	-43.9366	56.4759	-0.0781474	19.6022
3.33	-0.0669351	31.7088	-43.9353	56.1372	-0.0790798	19.586
3.34	-0.0679521	31.3572	-43.9341	55.8016	-0.080024	19.5697
3.35	-0.06898	31.0085	-43.9328	55.4689	-0.0809802	19.5534
3.36	-0.0700188	30.6628	-43.9315	55.1392	-0.0819485	19.537
3.37	-0.0710687	30.32	-43.9302	54.8125	-0.0829289	19.5206
3.38	-0.0721296	29.98	-43.9288	54.4886	-0.0839218	19.5041
3.39	-0.0732016	29.6428	-43.9275	54.1676	-0.0849273	19.4876
3.4	-0.0742848	29.3084	-43.9261	53.8495	-0.0859454	19.471
3.41	-0.0753792	28.9768	-43.9247	53.5341	-0.0869764	19.4544
3.42	-0.0764849	28.6479	-43.9233	53.2215	-0.0880205	19.4377
3.43	-0.0776018	28.3217	-43.9219	52.9116	-0.0890778	19.421
3.44	-0.0787301	27.9981	-43.9204	52.6044	-0.0901484	19.4042
3.45	-0.0798697	27.6772	-43.9189	52.2999	-0.0912326	19.3874
3.46	-0.0810208	27.3589	-43.9174	51.9981	-0.0923305	19.3705
3.47	-0.0821833	27.0431	-43.9159	51.6988	-0.0934424	19.3536
3.48	-0.0833574	26.7299	-43.9143	51.4021	-0.0945683	19.3367
3.49	-0.0845429	26.4191	-43.9128	51.108	-0.0957084	19.3196
3.5	-0.0857401	26.1109	-43.9112	50.8163	-0.096863	19.3026
3.51	-0.0869488	25.8051	-43.9095	50.5272	-0.0980322	19.2855
3.52	-0.0881692	25.5017	-43.9079	50.2405	-0.0992162	19.2683
3.53	-0.0894013	25.2007	-43.9062	49.9563	-0.100415	19.2511
3.54	-0.0906451	24.9021	-43.9045	49.6744	-0.101629	19.2338
3.55	-0.0919006	24.6058	-43.9028	49.395	-0.102859	19.2165
3.56	-0.0931679	24.3119	-43.9011	49.1179	-0.104104	19.1992
3.57	-0.094447	24.0202	-43.8993	48.8431	-0.105365	19.1818
3.58	-0.095738	23.7308	-43.8975	48.5706	-0.106642	19.1643
3.59	-0.0970408	23.4436	-43.8957	48.3004	-0.107935	19.1468
3.6	-0.0983555	23.1586	-43.8938	48.0324	-0.109245	19.1293
3.61	-0.0996822	22.8758	-43.8919	47.7667	-0.110571	19.1117
3.62	-0.101021	22.5952	-43.89	47.5031	-0.111914	19.094
3.63	-0.102371	22.3167	-43.8881	47.2418	-0.113274	19.0763
3.64	-0.103734	22.0404	-43.8861	46.9826	-0.114651	19.0586
3.65	-0.105108	21.7661	-43.8841	46.7255	-0.116045	19.0408
3.66	-0.106495	21.4939	-43.8821	46.4705	-0.117458	19.0229
3.67	-0.107894	21.2237	-43.88	46.2176	-0.118888	19.005
3.68	-0.109304	20.9556	-43.8779	45.9667	-0.120336	18.9871
3.69	-0.110727	20.6894	-43.8758	45.7179	-0.121803	18.9691
3.7	-0.112162	20.4253	-43.8737	45.4711	-0.123289	18.9511
3.71	-0.113609	20.163	-43.8715	45.2263	-0.124793	18.933
3.72	-0.115068	19.9028	-43.8693	44.9835	-0.126316	18.9149
3.73	-0.116539	19.6444	-43.867	44.7426	-0.127859	18.8967
3.74	-0.118023	19.388	-43.8648	44.5037	-0.129421	18.8784
3.75	-0.119518	19.1334	-43.8624	44.2667	-0.131003	18.8602
3.76	-0.121026	18.8806	-43.8601	44.0315	-0.132605	18.8418
3.77	-0.122546	18.6297	-43.8577	43.7982	-0.134227	18.8234
3.78	-0.124078	18.3807	-43.8553	43.5668	-0.13587	18.805
3.79	-0.125622	18.1334	-43.8528	43.3372	-0.137534	18.7865
3.8	-0.127179	17.8879	-43.8503	43.1094	-0.139219	18.768
3.81	-0.128747	17.6441	-43.8478	42.8834	-0.140925	18.7494
3.82	-0.130328	17.4021	-43.8452	42.6592	-0.142653	18.7308
3.83	-0.131921	17.1618	-43.8426	42.4367	-0.144403	18.7121
3.84	-0.133526	16.9232	-43.84	42.216	-0.146175	18.6934
3.85	-0.135144	16.6863	-43.8373	41.997	-0.14797	18.6746
3.86	-0.136773	16.4511	-43.8346	41.7796	-0.149787	18.6558
3.87	-0.138415	16.2175	-43.8318	41.564	-0.151628	18.637
3.88	-0.140069	15.9856	-43.829	41.35	-0.153491	18.618
3.89	-0.141735	15.7552	-43.8262	41.1377	-0.155379	18.5991
3.9	-0.143413	15.5265	-43.8233	40.927	-0.15729	18.5801
3.91	-0.145103	15.2994	-43.8203	40.7179	-0.159226	18.561
3.92	-0.146805	15.0738	-43.8174	40.5105	-0.161186	18.5419
3.93	-0.148519	14.8498	-43.8143	40.3046	-0.163171	18.5227
3.94	-0.150246	14.6273	-43.8113	40.1002	-0.165181	18.5035
3.95	-0.151984	14.4063	-43.8082	39.8975	-0.167217	18.4842
3.96	-0.153734	14.1869	-43.805	39.6962	-0.169278	18.4649
3.97	-0.155497	13.9689	-43.8018	39.4965	-0.171366	18.4456
3.98	-0.157271	13.7524	-43.7986	39.2983	-0.17348	18.4262
3.99	-0.159057	13.5374	-43.7953	39.1015	-0.175621	18.4067
4	-0.160855	13.3238	-43.7919	38.9062	-0.177789	18.3872
4.01	-0.162666	13.1116	-43.7885	38.7124	-0.179984	18.3677
4.02	-0.164487	12.9009	-43.7851	38.5201	-0.182207	18.3481
4.03	-0.166321	12.6916	-43.7815	38.3292	-0.184459	18.3284
4.04	-0.168166	12.4836	-43.778	38.1396	-0.186739	18.3087
4.05	-0.170024	12.2771	-43.7744	37.9515	-0.189048	18.289
4.06	-0.171892	12.0719	-43.7707	37.7648	-0.191386	18.2692
4.07	-0.173773	11.868	-43.767	37.5795	-0.193754	18.2493
4.08	-0.175665	11.6655	-43.7632	37.3955	-0.196151	18.2294
4.09	-0.177569	11.4643	-43.7594	37.2128	-0.198579	18.2095
4.1	-0.179484	11.2645	-43.7555	37.0315	-0.201038	18.1895
4.11	-0.18141	11.0659	-43.7516	36.8515	-0.203528	18.1695
4.12	-0.183349	10.8686	-43.7476	36.6729	-0.20605	18.1494
4.13	-0.185298	10.6726	-43.7435	36.4955	-0.208603	18.1292
4.14	-0.187259	10.4779	-43.7394	36.3194	-0.211188	18.109
4.15	-0.189231	10.2844	-43.7352	36.1446	-0.213807	18.0888
4.16	-0.191214	10.0921	-43.731	35.971	-0.216458	18.0685
4.17	-0.193208	9.90107	-43.7267	35.7987	-0.219143	18.0482
4.18	-0.195213	9.71126	-43.7223	35.6276	-0.221862	18.0278
4.19	-0.19723	9.52265	-43.7179	35.4578	-0.224615	18.0074
4.2	-0.199257	9.33524	-43.7134	35.2891	-0.227403	17.9869
4.21	-0.201295	9.14901	-43.7088	35.1217	-0.230226	17.9664
4.22	-0.203344	8.96395	-43.7042	34.9554	-0.233085	17.9458
4.23	-0.205404	8.78006	-43.6995	34.7903	-0.23598	17.9252
4.24	-0.207474	8.59731	-43.6947	34.6264	-0.238911	17.9045
4.25	-0.209555	8.41571	-43.6899	34.4637	-0.241879	17.8838
4.26	-0.211646	8.23523	-43.6849	34.3021	-0.244885	17.863
4.27	-0.213748	8.05588	-43.68	34.1416	-0.247929	17.8422
4.28	-0.21586	7.87764	-43.6749	33.9822	-0.251011	17.8213
4.29	-0.217983	7.70049	-43.6698	33.824	-0.254132	17.8004
4.3	-0.220116	7.52444	-43.6645	33.6668	-0.257292	17.7794
4.31	-0.222258	7.34947	-43.6592	33.5108	-0.260492	17.7584
4.32	-0.224411	7.17557	-43.6539	33.3558	-0.263732	17.7373
4.33	-0.226574	7.00273	-43.6484	33.2019	-0.267013	17.7162
4.34	-0.228746	6.83094	-43.6429	33.0491	-0.270335	17.6951
4.35	-0.230928	6.6602	-43.6373	32.8973	-0.273699	17.6739
4.36	-0.23312	6.4905	-43.6316	32.7466	-0.277105	17.6526
4.37	-0.235321	6.32181	-43.6258	32.5969	-0.280554	17.6313
4.38	-0.237532	6.15415	-43.62	32.4482	-0.284046	17.6099
4.39	-0.239752	5.9875	-43.614	32.3006	-0.287583	17.5885
4.4	-0.241982	5.82184	-43.608	32.1539	-0.291163	17.5671
4.41	-0.24422	5.65718	-43.6019	32.0083	-0.294788	17.5456
4.42	-0.246467	5.4935	-43.5956	31.8636	-0.298459	17.524
4.43	-0.248724	5.3308	-43.5893	31.7199	-0.302176	17.5024
4.44	-0.250989	5.16906	-43.5829	31.5772	-0.305939	17.4807
4.45	-0.253262	5.00829	-43.5764	31.4354	-0.309749	17.459
4.46	-0.255545	4.84846	-43.5698	31.2946	-0.313607	17.4373
4.47	-0.257835	4.68958	-43.5632	31.1548	-0.317513	17.4155
4.48	-0.260134	4.53164	-43.5564	31.0158	-0.321468	17.3937
4.49	-0.262441	4.37463	-43.5495	30.8778	-0.325473	17.3718
4.5	-0.264756	4.21853	-43.5425	30.7407	-0.329527	17.3498
4.51	-0.26708	4.06335	-43.5354	30.6046	-0.333632	17.3278
4.52	-0.26941	3.90908	-43.5282	30.4693	-0.337788	17.3058
4.53	-0.271749	3.75571	-43.5209	30.3349	-0.341996	17.2837
4.54	-0.274095	3.60323	-43.5135	30.2014	-0.346256	17.2616
4.55	-0.276448	3.45164	-43.506	30.0688	-0.350569	17.2394
4.56	-0.278809	3.30092	-43.4984	29.9371	-0.354936	17.2171
4.57	-0.281177	3.15108	-43.4906	29.8062	-0.359357	17.1948
4.58	-0.283552	3.00211	-43.4828	29.6762	-0.363833	17.1725
4.59	-0.285933	2.85399	-43.4748	29.547	-0.368364	17.1501
4.6	-0.288321	2.70673	-43.4667	29.4187	-0.372952	17.1277
4.61	-0.290716	2.56031	-43.4585	29.2912	-0.377597	17.1052
4.62	-0.293117	2.41474	-43.4502	29.1646	-0.382298	17.0827
4.63	-0.295525	2.27	-43.4418	29.0387	-0.387059	17.0601
4.64	-0.297938	2.12609	-43.4332	28.9137	-0.391878	17.0375
4.65	-0.300357	1.983	-43.4245	28.7895	-0.396756	17.0148
4.66	-0.302782	1.84073	-43.4157	28.666	-0.401695	16.9921
4.67	-0.305213	1.69927	-43.4067	28.5434	-0.406694	16.9693
4.68	-0.307649	1.55862	-43.3976	28.4215	-0.411756	16.9465
4.69	-0.31009	1.41877	-43.3884	28.3005	-0.416879	16.9236
4.7	-0.312537	1.27971	-43.3791	28.1802	-0.422066	16.9007
4.71	-0.314988	1.14144	-43.3696	28.0606	-0.427316	16.8777
4.72	-0.317444	1.00395	-43.36	27.9419	-0.43263	16.8547
4.73	-0.319905	0.867246	-43.3502	27.8238	-0.43801	16.8316
4.74	-0.32237	0.731313	-43.3403	27.7066	-0.443456	16.8085
4.75	-0.324839	0.596149	-43.3303	27.59	-0.448969	16.7853
4.76	-0.327312	0.461748	-43.3201	27.4742	-0.454549	16.7621
4.77	-0.32979	0.328107	-43.3097	27.3591	-0.460197	16.7389
4.78	-0.332271	0.19522	-43.2992	27.2448	-0.465914	16.7156
4.79	-0.334755	0.0630825	-43.2886	27.1312	-0.4717	16.6922
4.8	-0.337243	-0.0683101	-43.2778	27.0182	-0.477558	16.6688
4.81	-0.339733	-0.198962	-43.2668	26.906	-0.483486	16.6453
4.82	-0.342227	-0.328878	-43.2557	26.7945	-0.489487	16.6218
4.83	-0.344723	-0.458063	-43.2444	26.6836	-0.49556	16.5983
4.84	-0.347222	-0.58652	-43.233	26.5735	-0.501707	16.5747
4.85	-0.349724	-0.714254	-43.2214	26.464	-0.507928	16.551
4.86	-0.352227	-0.841268	-43.2096	26.3552	-0.514225	16.5273
4.87	-0.354733	-0.967568	-43.1976	26.2471	-0.520598	16.5036
4.88	-0.35724	-1.09316	-43.1855	26.1396	-0.527047	16.4798
4.89	-0.359748	-1.21804	-43.1732	26.0328	-0.533575	16.4559
4.9	-0.362258	-1.34221	-43.1607	25.9267	-0.540181	16.432
4.91	-0.36477	-1.46569	-43.1481	25.8212	-0.546866	16.4081
4.92	-0.367282	-1.58847	-43.1353	25.7163	-0.553632	16.3841
4.93	-0.369794	-1.71056	-43.1222	25.6121	-0.560478	16.36
4.94	-0.372308	-1.83196	-43.109	25.5085	-0.567407	16.3359
4.95	-0.374821	-1.95267	-43.0956	25.4056	-0.574419	16.3118
4.96	-0.377335	-2.0727	-43.082	25.3032	-0.581514	16.2876
4.97	-0.379848	-2.19206	-43.0682	25.2015	-0.588694	16.2634
4.98	-0.382361	-2.31073	-43.0543	25.1004	-0.595959	16.2391
4.99	-0.384874	-2.42873	-43.0401	24.9999	-0.60331	16.2148
5	-0.387385	-2.54607	-43.0257	24.9	-0.610749	16.1904
5.01	-0.389896	-2.66273	-43.0111	24.8007	-0.618276	16.1659
5.02	-0.392405	-2.77873	-42.9963	24.702	-0.625892	16.1414
5.03	-0.394913	-2.89407	-42.9813	24.6039	-0.633598	16.1169
5.04	-0.397419	-3.00875	-42.966	24.5063	-0.641394	16.0923
5.05	-0.399923	-3.12277	-42.9506	24.4094	-0.649283	16.0677
5.06	-0.402425	-3.23614	-42.9349	24.313	-0.657264	16.043
5.07	-0.404925	-3.34886	-42.919	24.2172	-0.665338	16.0183
5.08	-0.407422	-3.46093	-42.9029	24.1219	-0.673507	15.9935
5.09	-0.409916	-3.57235	-42.8865	24.0272	-0.681772	15.9687
5.1	-0.412407	-3.68313	-42.8699	23.9331	-0.690133	15.9438
5.11	-0.414894	-3.79326	-42.8531	23.8395	-0.698591	15.9189
5.12	-0.417378	-3.90276	-42.836	23.7465	-0.707148	15.8939
5.13	-0.419858	-4.01162	-42.8187	23.654	-0.715803	15.8689
5.14	-0.422334	-4.11984	-42.8012	23.5621	-0.724559	15.8438
5.15	-0.424806	-4.22742	-42.7834	23.4706	-0.733416	15.8187
5.16	-0.427272	-4.33438	-42.7653	23.3798	-0.742375	15.7936
5.17	-0.429735	-4.4407	-42.747	23.2894	-0.751437	15.7683
5.18	-0.432192	-4.5464	-42.7284	23.1996	-0.760603	15.7431
5.19	-0.434643	-4.65146	-42.7096	23.1102	-0.769873	15.7178
5.2	-0.43709	-4.7559	-42.6905	23.0214	-0.77925	15.6924
5.21	-0.43953	-4.85972	-42.6711	22.9332	-0.788733	15.667
5.22	-0.441964	-4.96291	-42.6515	22.8454	-0.798325	15.6415
5.23	-0.444392	-5.06547	-42.6316	22.7581	-0.808025	15.616
5.24	-0.446813	-5.16742	-42.6114	22.6713	-0.817835	15.5905
5.25	-0.449228	-5.26875	-42.5909	22.585	-0.827755	15.5649
5.26	-0.451635	-5.36946	-42.5701	22.4992	-0.837787	15.5392
5.27	-0.454035	-5.46955	-42.5491	22.4139	-0.847932	15.5135
5.28	-0.456428	-5.56902	-42.5277	22.3291	-0.85819	15.4878
5.29	-0.458812	-5.66788	-42.5061	22.2448	-0.868563	15.462
5.3	-0.461188	-5.76612	-42.4841	22.1609	-0.879051	15.4361
5.31	-0.463556	-5.86374	-42.4618	22.0775	-0.889656	15.4102
5.32	-0.465916	-5.96076	-42.4392	21.9946	-0.900379	15.3843
5.33	-0.468266	-6.05715	-42.4163	21.9121	-0.911219	15.3583
5.34	-0.470607	-6.15294	-42.3931	21.8302	-0.922179	15.3322
5.35	-0.472939	-6.24811	-42.3696	21.7486	-0.93326	15.3061
5.36	-0.475261	-6.34266	-42.3457	21.6675	-0.944461	15.28
5.37	-0.477573	-6.43661	-42.3215	21.5869	-0.955785	15.2538
5.38	-0.479875	-6.52994	-42.297	21.5068	-0.967232	15.2276
5.39	-0.482166	-6.62266	-42.2721	21.427	-0.978803	15.2013
5.4	-0.484447	-6.71476	-42.2469	21.3477	-0.990499	15.1749
5.41	-0.486716	-6.80626	-42.2214	21.2689	-1.00232	15.1485
5.42	-0.488974	-6.89714	-42.1955	21.1905	-1.01427	15.1221
5.43	-0.491221	-6.9874	-42.1692	21.1125	-1.02635	15.0956
5.44	-0.493456	-7.07706	-42.1425	21.035	-1.03855	15.0691
5.45	-0.495678	-7.1661	-42.1155	20.9578	-1.05089	15.0425
5.46	-0.497888	-7.25452	-42.0882	20.8811	-1.06335	15.0159
5.47	-0.500086	-7.34233	-42.0604	20.8049	-1.07595	14.9892
5.48	-0.502271	-7.42952	-42.0323	20.729	-1.08868	14.9625
5.49	-0.504442	-7.5161	-42.0038	20.6535	-1.10154	14.9357
5.5	-0.506601	-7.60206	-41.9749	20.5785	-1.11454	14.9089
5.51	-0.508745	-7.68739	-41.9456	20.5039	-1.12767	14.882
5.52	-0.510875	-7.77211	-41.9159	20.4297	-1.14093	14.8551
5.53	-0.512992	-7.8561	-41.8858	20.3558	-1.15434	14.8282
5.54	-0.515093	-7.93932	-41.8553	20.2824	-1.16788	14.8014
5.55	-0.51718	-8.02178	-41.8244	20.2094	-1.18156	14.7748
5.56	-0.519252	-8.10346	-41.7931	20.1368	-1.19537	14.7482
5.57	-0.521309	-8.18438	-41.7613	20.0645	-1.20933	14.7217
5.58	-0.52335	-8.26452	-41.7291	19.9927	-1.22343	14.6953
5.59	-0.525375	-8.3439	-41.6965	19.9212	-1.23766	14.6691
5.6	-0.527384	-8.4225	-41.6634	19.8501	-1.25204	14.6429
5.61	-0.529376	-8.50032	-41.6299	19.7794	-1.26657	14.6168
5.62	-0.531353	-8.57737	-41.596	19.7091	-1.28123	14.5907
5.63	-0.533312	-8.65365	-41.5616	19.6391	-1.29604	14.5648
5.64	-0.535254	-8.72914	-41.5267	19.5696	-1.311	14.539
5.65	-0.537179	-8.80386	-41.4914	19.5004	-1.3261	14.5133
5.66	-0.539086	-8.87779	-41.4556	19.4315	-1.34134	14.4876
5.67	-0.540975	-8.95094	-41.4193	19.363	-1.35673	14.4621
5.68	-0.542846	-9.02331	-41.3826	19.2949	-1.37227	14.4366
5.69	-0.544698	-9.09489	-41.3453	19.2271	-1.38796	14.4112
5.7	-0.546532	-9.16568	-41.3076	19.1597	-1.40379	14.386
5.71	-0.548347	-9.23567	-41.2694	19.0927	-1.41977	14.3608
5.72	-0.550143	-9.30488	-41.2306	19.026	-1.43591	14.3357
5.73	-0.551919	-9.37329	-41.1914	18.9596	-1.45219	14.3106
5.74	-0.553676	-9.4409	-41.1516	18.8936	-1.46862	14.2857
5.75	-0.555413	-9.50772	-41.1114	18.828	-1.4852	14.2609
5.76	-0.55713	-9.57373	-41.0706	18.7627	-1.50193	14.2361
5.77	-0.558826	-9.63893	-41.0292	18.6977	-1.51881	14.2114
5.78	-0.560502	-9.70333	-40.9874	18.633	-1.53584	14.1869
5.79	-0.562157	-9.76691	-40.945	18.5687	-1.55302	14.1623
5.8	-0.563791	-9.82969	-40.902	18.5048	-1.57036	14.1379
5.81	-0.565403	-9.89164	-40.8585	18.4411	-1.58785	14.1136
5.82	-0.566994	-9.95278	-40.8144	18.3778	-1.60549	14.0893
5.83	-0.568564	-10.0131	-40.7698	18.3148	-1.62328	14.0652
5.84	-0.570111	-10.0726	-40.7246	18.2521	-1.64122	14.0411
5.85	-0.571636	-10.1312	-40.6788	18.1898	-1.65931	14.0171
5.86	-0.573138	-10.1891	-40.6324	18.1278	-1.67756	13.9932
5.87	-0.574618	-10.2461	-40.5855	18.066	-1.69596	13.9693
5.88	-0.576075	-10.3022	-40.5379	18.0047	-1.71451	13.9456
5.89	-0.577509	-10.3575	-40.4898	17.9436	-1.73321	13.9219
5.9	-0.57892	-10.412	-40.441	17.8828	-1.75207	13.8983
5.91	-0.580307	-10.4656	-40.3917	17.8223	-1.77107	13.8748
5.92	-0.581671	-10.5184	-40.3417	17.7622	-1.79023	13.8514
5.93	-0.58301	-10.5703	-40.2911	17.7023	-1.80953	13.828
5.94	-0.584326	-10.6213	-40.2398	17.6428	-1.82899	13.8047
5.95	-0.585617	-10.6715	-40.1879	17.5835	-1.8486	13.7815
5.96	-0.586883	-10.7208	-40.1354	17.5245	-1.86835	13.7584
5.97	-0.588125	-10.7692	-40.0822	17.4659	-1.88826	13.7353
5.98	-0.589342	-10.8168	-40.0284	17.4075	-1.90831	13.7124
5.99	-0.590534	-10.8635	-39.9739	17.3494	-1.92851	13.6895
6	-0.591701	-10.9092	-39.9187	17.2917	-1.94886	13.6667
6.01	-0.592842	-10.9541	-39.8629	17.2342	-1.96935	13.6439
6.02	-0.593958	-10.9981	-39.8064	17.177	-1.98999	13.6213
6.03	-0.595048	-11.0412	-39.7491	17.12	-2.01077	13.5987
6.04	-0.596111	-11.0834	-39.6913	17.0634	-2.0317	13.5762
6.05	-0.597149	-11.1247	-39.6327	17.007	-2.05276	13.5537
6.06	-0.598161	-11.165	-39.5734	16.951	-2.07397	13.5314
6.07	-0.599146	-11.2045	-39.5133	16.8951	-2.09532	13.5091
6.08	-0.600104	-11.243	-39.4526	16.8396	-2.11681	13.4868
6.09	-0.601035	-11.2805	-39.3912	16.7844	-2.13844	13.4647
6.1	-0.60194	-11.3172	-39.329	16.7294	-2.1602	13.4426
6.11	-0.602818	-11.3529	-39.2661	16.6747	-2.1821	13.4206
6.12	-0.603668	-11.3876	-39.2024	16.6202	-2.20413	13.3987
6.13	-0.604491	-11.4214	-39.138	16.566	-2.22629	13.3768
6.14	-0.605287	-11.4543	-39.0729	16.5121	-2.24858	13.355
6.15	-0.606055	-11.4862	-39.007	16.4585	-2.271	13.3333
6.16	-0.606795	-11.5171	-38.9403	16.4051	-2.29355	13.3117
6.17	-0.607507	-11.547	-38.8728	16.3519	-2.31622	13.2901
6.18	-0.608191	-11.576	-38.8046	16.2991	-2.33901	13.2686
6.19	-0.608848	-11.6039	-38.7356	16.2464	-2.36193	13.2472
6.2	-0.609476	-11.6309	-38.6658	16.1941	-2.38496	13.2258
6.21	-0.610075	-11.6569	-38.5952	16.142	-2.40811	13.2045
6.22	-0.610646	-11.6819	-38.5239	16.0901	-2.43137	13.1833
6.23	-0.611189	-11.7058	-38.4517	16.0385	-2.45475	13.1621
6.24	-0.611703	-11.7288	-38.3787	15.9871	-2.47823	13.141
6.25	-0.612189	-11.7507	-38.3049	15.936	-2.50182	13.12
6.26	-0.612645	-11.7716	-38.2303	15.8851	-2.52552	13.099
6.27	-0.613073	-11.7915	-38.1548	15.8345	-2.54931	13.0781
6.28	-0.613471	-11.8103	-38.0785	15.7841	-2.57321	13.0573
6.29	-0.613841	-11.8281	-38.0014	15.734	-2.5972	13.0366
6.3	-0.614182	-11.8448	-37.9234	15.6841	-2.62128	13.0159
6.31	-0.614493	-11.8605	-37.8446	15.6344	-2.64545	12.9952
6.32	-0.614775	-11.8751	-37.765	15.5849	-2.66971	12.9747
6.33	-0.615028	-11.8886	-37.6845	15.5357	-2.69405	12.9542
6.34	-0.615251	-11.901	-37.6031	15.4868	-2.71847	12.9338
6.35	-0.615445	-11.9124	-37.5208	15.438	-2.74296	12.9134
6.36	-0.61561	-11.9227	-37.4377	15.3895	-2.76753	12.8931
6.37	-0.615745	-11.9318	-37.3538	15.3412	-2.79217	12.8728
6.38	-0.615851	-11.9399	-37.2689	15.2932	-2.81687	12.8527
6.39	-0.615927	-11.9469	-37.1832	15.2454	-2.84163	12.8326
6.4	-0.615974	-11.9527	-37.0965	15.1978	-2.86645	12.8125
6.41	-0.61599	-11.9574	-37.009	15.1504	-2.89133	12.7925
6.42	-0.615978	-11.961	-36.9206	15.1032	-2.91625	12.7726
6.43	-0.615936	-11.9635	-36.8313	15.0563	-2.94122	12.7527
6.44	-0.615864	-11.9648	-36.7411	15.0095	-2.96622	12.7329
6.45	-0.615762	-11.965	-36.6499	14.963	-2.99127	12.7132
6.46	-0.615631	-11.964	-36.5579	14.9168	-3.01634	12.6935
6.47	-0.61547	-11.9618	-36.465	14.8707	-3.04144	12.6739
6.48	-0.61528	-11.9585	-36.3711	14.8248	-3.06657	12.6543
6.49	-0.61506	-11.954	-36.2763	14.7792	-3.09171	12.6348
6.5	-0.614811	-11.9484	-36.1806	14.7337	-3.11686	12.6154
6.51	-0.614532	-11.9415	-36.084	14.6885	-3.14202	12.596
6.52	-0.614224	-11.9335	-35.9865	14.6435	-3.16718	12.5767
6.53	-0.613886	-11.9242	-35.888	14.5987	-3.19234	12.5574
6.54	-0.613518	-11.9138	-35.7886	14.554	-3.21749	12.5382
6.55	-0.613122	-11.9021	-35.6882	14.5096	-3.24263	12.5191
6.56	-0.612696	-11.8892	-35.5869	14.4654	-3.26774	12.5
6.57	-0.612241	-11.8751	-35.4847	14.4214	-3.29284	12.481
6.58	-0.611757	-11.8598	-35.3816	14.3776	-3.3179	12.462
6.59	-0.611243	-11.8433	-35.2775	14.334	-3.34292	12.4431
6.6	-0.610701	-11.8255	-35.1724	14.2906	-3.3679	12.4242
6.61	-0.610129	-11.8064	-35.0665	14.2474	-3.39284	12.4054
6.62	-0.609529	-11.7861	-34.9596	14.2044	-3.41772	12.3867
6.63	-0.6089	-11.7646	-34.8517	14.1616	-3.44254	12.368
6.64	-0.608242	-11.7418	-34.7429	14.119	-3.46729	12.3494
6.65	-0.607556	-11.7177	-34.6331	14.0765	-3.49197	12.3308
6.66	-0.606841	-11.6924	-34.5224	14.0343	-3.51657	12.3123
6.67	-0.606098	-11.6658	-34.4108	13.9923	-3.54109	12.2939
6.68	-0.605326	-11.6379	-34.2982	13.9504	-3.56551	12.2754
6.69	-0.604527	-11.6087	-34.1847	13.9087	-3.58983	12.2571
6.7	-0.603699	-11.5783	-34.0703	13.8672	-3.61405	12.2388
6.71	-0.602843	-11.5465	-33.9549	13.8259	-3.63816	12.2206
6.72	-0.60196	-11.5135	-33.8385	13.7848	-3.66215	12.2024
6.73	-0.601049	-11.4791	-33.7212	13.7439	-3.68601	12.1842
6.74	-0.60011	-11.4435	-33.603	13.7031	-3.70974	12.1662
6.75	-0.599145	-11.4065	-33.4839	13.6626	-3.73333	12.1481
6.76	-0.598151	-11.3682	-33.3638	13.6222	-3.75677	12.1302
6.77	-0.597131	-11.3287	-33.2428	13.5819	-3.78007	12.1123
6.78	-0.596084	-11.2878	-33.1209	13.5419	-3.80319	12.0944
6.79	-0.595011	-11.2455	-32.998	13.5021	-3.82616	12.0766
6.8	-0.59391	-11.202	-32.8743	13.4624	-3.84894	12.0588
6.81	-0.592784	-11.1571	-32.7496	13.4229	-3.87155	12.0411
6.82	-0.591631	-11.111	-32.624	13.3835	-3.89397	12.0235
6.83	-0.590452	-11.0634	-32.4975	13.3444	-3.91618	12.0059
6.84	-0.589247	-11.0146	-32.3701	13.3054	-3.9382	11.9883
6.85	-0.588017	-10.9644	-32.2418	13.2666	-3.96	11.9708
6.86	-0.586761	-10.9129	-32.1126	13.2279	-3.98159	11.9534
6.87	-0.58548	-10.8601	-31.9825	13.1894	-4.00295	11.936
6.88	-0.584174	-10.8059	-31.8515	13.1511	-4.02408	11.9186
6.89	-0.582844	-10.7504	-31.7197	13.113	-4.04496	11.9013
6.9	-0.581488	-10.6935	-31.587	13.075	-4.0656	11.8841
6.91	-0.580108	-10.6353	-31.4534	13.0372	-4.08599	11.8669
6.92	-0.578704	-10.5758	-31.3189	12.9995	-4.10611	11.8497
6.93	-0.577276	-10.515	-31.1836	12.962	-4.12596	11.8326
6.94	-0.575824	-10.4528	-31.0475	12.9247	-4.14554	11.8156
6.95	-0.574349	-10.3893	-30.9105	12.8875	-4.16483	11.7986
6.96	-0.572851	-10.3244	-30.7727	12.8505	-4.18383	11.7816
6.97	-0.571329	-10.2583	-30.6341	12.8137	-4.20253	11.7647
6.98	-0.569785	-10.1908	-30.4947	12.777	-4.22092	11.7479
6.99	-0.568218	-10.1219	-30.3544	12.7405	-4.239	11.731
7	-0.566629	-10.0518	-30.2134	12.7041	-4.25677	11.7143
7.01	-0.565018	-9.98034	-30.0716	12.6679	-4.2742	11.6976
7.02	-0.563385	-9.90757	-29.929	12.6318	-4.2913	11.6809
7.03	-0.561731	-9.83349	-29.7856	12.5959	-4.30807	11.6643
7.04	-0.560055	-9.7581	-29.6415	12.5601	-4.32448	11.6477
7.05	-0.558359	-9.68142	-29.4966	12.5245	-4.34054	11.6312
7.06	-0.556641	-9.60343	-29.351	12.4891	-4.35624	11.6147
7.07	-0.554904	-9.52416	-29.2047	12.4538	-4.37157	11.5983
7.08	-0.553146	-9.4436	-29.0576	12.4186	-4.38653	11.5819
7.09	-0.551368	-9.36176	-28.9098	12.3836	-4.40111	11.5656
7.1	-0.549571	-9.27865	-28.7614	12.3487	-4.4153	11.5493
7.11	-0.547754	-9.19428	-28.6123	12.314	-4.4291	11.5331
7.12	-0.545918	-9.10864	-28.4625	12.2795	-4.4425	11.5169
7.13	-0.544064	-9.02175	-28.312	12.245	-4.4555	11.5007
7.14	-0.542191	-8.93362	-28.1609	12.2108	-4.46809	11.4846
7.15	-0.5403	-8.84425	-28.0092	12.1766	-4.48026	11.4685
7.16	-0.538391	-8.75365	-27.8568	12.1426	-4.49201	11.4525
7.17	-0.536464	-8.66184	-27.7038	12.1088	-4.50333	11.4365
7.18	-0.534521	-8.56881	-27.5503	12.0751	-4.51422	11.4206
7.19	-0.53256	-8.47459	-27.3962	12.0415	-4.52468	11.4047
7.2	-0.530583	-8.37917	-27.2415	12.0081	-4.53469	11.3889
7.21	-0.528589	-8.28258	-27.0862	11.9748	-4.54426	11.3731
7.22	-0.526579	-8.18482	-26.9305	11.9417	-4.55337	11.3573
7.23	-0.524554	-8.0859	-26.7742	11.9087	-4.56203	11.3416
7.24	-0.522513	-7.98583	-26.6174	11.8758	-4.57023	11.326
7.25	-0.520457	-7.88463	-26.4601	11.843	-4.57796	11.3103
7.26	-0.518386	-7.78231	-26.3023	11.8104	-4.58523	11.2948
7.27	-0.516301	-7.67888	-26.1441	11.778	-4.59203	11.2792
7.28	-0.514202	-7.57435	-25.9854	11.7456	-4.59835	11.2637
7.29	-0.512089	-7.46875	-25.8263	11.7134	-4.60419	11.2483
7.3	-0.509962	-7.36207	-25.6668	11.6814	-4.60955	11.2329
7.31	-0.507822	-7.25434	-25.5069	11.6494	-4.61442	11.2175
7.32	-0.505669	-7.14556	-25.3466	11.6176	-4.61881	11.2022
7.33	-0.503504	-7.03577	-25.1859	11.5859	-4.62271	11.1869
7.34	-0.501326	-6.92496	-25.0249	11.5544	-4.62611	11.1717
7.35	-0.499136	-6.81315	-24.8636	11.523	-4.62902	11.1565
7.36	-0.496935	-6.70037	-24.7019	11.4917	-4.63143	11.1413
7.37	-0.494722	-6.58663	-24.54	11.4605	-4.63334	11.1262
7.38	-0.492499	-6.47194	-24.3778	11.4295	-4.63476	11.1111
7.39	-0.490265	-6.35632	-24.2153	11.3986	-4.63567	11.0961
7.4	-0.48802	-6.23979	-24.0526	11.3678	-4.63608	11.0811
7.41	-0.485766	-6.12237	-23.8896	11.3371	-4.63598	11.0661
7.42	-0.483502	-6.00407	-23.7265	11.3066	-4.63539	11.0512
7.43	-0.481228	-5.88491	-23.5631	11.2762	-4.63428	11.0363
7.44	-0.478946	-5.76491	-23.3996	11.2459	-4.63268	11.0215
7.45	-0.476654	-5.6441	-23.236	11.2157	-4.63056	11.0067
7.46	-0.474355	-5.52248	-23.0721	11.1857	-4.62795	10.992
7.47	-0.472047	-5.40007	-22.9082	11.1557	-4.62483	10.9772
7.48	-0.469732	-5.27691	-22.7442	11.1259	-4.6212	10.9626
7.49	-0.467409	-5.153	-22.5801	11.0962	-4.61707	10.9479
7.5	-0.465078	-5.02837	-22.4159	11.0667	-4.61244	10.9333
7.51	-0.462742	-4.90304	-22.2517	11.0372	-4.60732	10.9188
7.52	-0.460398	-4.77702	-22.0875	11.0079	-4.60169	10.9043
7.53	-0.458049	-4.65035	-21.9232	10.9787	-4.59556	10.8898
7.54	-0.455693	-4.52303	-21.759	10.9496	-4.58894	10.8753
7.55	-0.453332	-4.3951	-21.5948	10.9206	-4.58183	10.8609
7.56	-0.450966	-4.26657	-21.4306	10.8917	-4.57423	10.8466
7.57	-0.448594	-4.13746	-21.2665	10.8629	-4.56614	10.8322
7.58	-0.446218	-4.0078	-21.1025	10.8343	-4.55757	10.8179
7.59	-0.443838	-3.87761	-20.9386	10.8058	-4.54851	10.8037
7.6	-0.441454	-3.74691	-20.7748	10.7774	-4.53897	10.7895
7.61	-0.439066	-3.61572	-20.6111	10.749	-4.52896	10.7753
7.62	-0.436674	-3.48406	-20.4476	10.7209	-4.51848	10.7612
7.63	-0.43428	-3.35197	-20.2843	10.6928	-4.50753	10.7471
7.64	-0.431882	-3.21945	-20.1211	10.6648	-4.49612	10.733
7.65	-0.429482	-3.08654	-19.9582	10.6369	-4.48425	10.719
7.66	-0.42708	-2.95325	-19.7955	10.6092	-4.47192	10.705
7.67	-0.424675	-2.81962	-19.633	10.5815	-4.45915	10.691
7.68	-0.422269	-2.68565	-19.4708	10.554	-4.44592	10.6771
7.69	-0.419862	-2.55138	-19.3089	10.5266	-4.43226	10.6632
7.7	-0.417453	-2.41683	-19.1473	10.4992	-4.41816	10.6494
7.71	-0.415044	-2.28202	-18.9859	10.472	-4.40363	10.6355
7.72	-0.412634	-2.14697	-18.825	10.4449	-4.38868	10.6218
7.73	-0.410223	-2.01171	-18.6643	10.4179	-4.37331	10.608
7.74	-0.407813	-1.87626	-18.5041	10.391	-4.35753	10.5943
7.75	-0.405403	-1.74065	-18.3442	10.3642	-4.34134	10.5806
7.76	-0.402993	-1.60489	-18.1847	10.3375	-4.32474	10.567
7.77	-0.400584	-1.46902	-18.0256	10.3109	-4.30776	10.5534
7.78	-0.398176	-1.33304	-17.8669	10.2844	-4.29038	10.5398
7.79	-0.395769	-1.197	-17.7087	10.258	-4.27262	10.5263
7.8	-0.393364	-1.0609	-17.551	10.2318	-4.25449	10.5128
7.81	-0.39096	-0.924773	-17.3937	10.2056	-4.23599	10.4994
7.82	-0.388559	-0.788643	-17.2369	10.1795	-4.21713	10.4859
7.83	-0.38616	-0.65253	-17.0807	10.1535	-4.19791	10.4725
7.84	-0.383763	-0.516458	-16.9249	10.1276	-4.17834	10.4592
7.85	-0.381369	-0.380448	-16.7697	10.1018	-4.15844	10.4459
7.86	-0.378978	-0.244523	-16.615	10.0761	-4.1382	10.4326
7.87	-0.37659	-0.108706	-16.4609	10.0506	-4.11763	10.4193
7.88	-0.374205	0.0269828	-16.3074	10.0251	-4.09675	10.4061
7.89	-0.371824	0.16252	-16.1545	9.99966	-4.07556	10.3929
7.9	-0.369447	0.297885	-16.0022	9.97436	-4.05406	10.3797
7.91	-0.367074	0.433055	-15.8505	9.94916	-4.03226	10.3666
7.92	-0.364706	0.56801	-15.6994	9.92405	-4.01018	10.3535
7.93	-0.362342	0.702728	-15.549	9.89904	-3.98782	10.3405
7.94	-0.359982	0.837188	-15.3992	9.87412	-3.96518	10.3275
7.95	-0.357628	0.97137	-15.2501	9.84929	-3.94228	10.3145
7.96	-0.355278	1.10525	-15.1017	9.82456	-3.91913	10.3015
7.97	-0.352934	1.23882	-14.954	9.79992	-3.89572	10.2886
7.98	-0.350595	1.37204	-14.807	9.77538	-3.87208	10.2757
7.99	-0.348262	1.50491	-14.6606	9.75092	-3.8482	10.2628
8	-0.345935	1.6374	-14.5151	9.72656	-3.82409	10.25
8.01	-0.343614	1.76949	-14.3702	9.70229	-3.79977	10.2372
8.02	-0.341299	1.90116	-14.2262	9.67811	-3.77524	10.2244
8.03	-0.33899	2.0324	-14.0828	9.65402	-3.7505	10.2117
8.04	-0.336688	2.16319	-13.9403	9.63002	-3.72558	10.199
8.05	-0.334393	2.2935	-13.7985	9.60611	-3.70046	10.1863
8.06	-0.332105	2.42332	-13.6575	9.58229	-3.67518	10.1737
8.07	-0.329824	2.55264	-13.5173	9.55856	-3.64972	10.1611
8.08	-0.32755	2.68143	-13.3779	9.53491	-3.6241	10.1485
8.09	-0.325283	2.80969	-13.2393	9.51135	-3.59832	10.136
8.1	-0.323024	2.93738	-13.1016	9.48788	-3.5724	10.1235
8.11	-0.320772	3.0645	-12.9646	9.4645	-3.54634	10.111
8.12	-0.318529	3.19103	-12.8285	9.4412	-3.52015	10.0985
8.13	-0.316293	3.31696	-12.6933	9.41799	-3.49384	10.0861
8.14	-0.314065	3.44227	-12.5589	9.39487	-3.46742	10.0737
8.15	-0.311846	3.56693	-12.4254	9.37182	-3.44088	10.0613
8.16	-0.309635	3.69095	-12.2927	9.34887	-3.41425	10.049
8.17	-0.307432	3.81431	-12.1609	9.326	-3.38752	10.0367
8.18	-0.305238	3.93699	-12.03	9.30321	-3.36071	10.0244
8.19	-0.303053	4.05897	-11.8999	9.2805	-3.33382	10.0122
8.2	-0.300876	4.18025	-11.7708	9.25788	-3.30686	10
8.21	-0.298709	4.30081	-11.6425	9.23534	-3.27984	9.98782
8.22	-0.29655	4.42065	-11.5152	9.21289	-3.25276	9.97567
8.23	-0.294401	4.53973	-11.3887	9.19051	-3.22563	9.96355
8.24	-0.292261	4.65807	-11.2632	9.16822	-3.19845	9.95146
8.25	-0.29013	4.77564	-11.1385	9.14601	-3.17125	9.93939
8.26	-0.288009	4.89243	-11.0148	9.12387	-3.14401	9.92736
8.27	-0.285897	5.00843	-10.892	9.10182	-3.11675	9.91536
8.28	-0.283795	5.12364	-10.7701	9.07985	-3.08948	9.90338
8.29	-0.281703	5.23804	-10.6492	9.05796	-3.0622	9.89144
8.3	-0.27962	5.35162	-10.5291	9.03614	-3.03491	9.87952
8.31	-0.277548	5.46437	-10.41	9.01441	-3.00763	9.86763
8.32	-0.275485	5.57629	-10.2919	8.99275	-2.98036	9.85577
8.33	-0.273432	5.68737	-10.1746	8.97118	-2.95311	9.84394
8.34	-0.27139	5.79759	-10.0584	8.94967	-2.92587	9.83213
8.35	-0.269358	5.90695	-9.943	8.92825	-2.89867	9.82036
8.36	-0.267335	6.01544	-9.82859	8.9069	-2.87149	9.80861
8.37	-0.265324	6.12305	-9.71512	8.88563	-2.84436	9.79689
8.38	-0.263322	6.22978	-9.60259	8.86444	-2.81727	9.7852
8.39	-0.261331	6.33563	-9.491	8.84332	-2.79023	9.77354
8.4	-0.259351	6.44058	-9.38036	8.82228	-2.76325	9.7619
8.41	-0.257381	6.54462	-9.27066	8.80131	-2.73632	9.7503
8.42	-0.255421	6.64776	-9.16191	8.78042	-2.70946	9.73872
8.43	-0.253473	6.74999	-9.05409	8.7596	-2.68268	9.72716
8.44	-0.251535	6.8513	-8.94723	8.73885	-2.65596	9.71564
8.45	-0.249607	6.95169	-8.8413	8.71818	-2.62933	9.70414
8.46	-0.247691	7.05116	-8.73631	8.69758	-2.60278	9.69267
8.47	-0.245785	7.14969	-8.63227	8.67706	-2.57632	9.68123
8.48	-0.24389	7.24729	-8.52917	8.65661	-2.54996	9.66981
8.49	-0.242006	7.34396	-8.427	8.63623	-2.52369	9.65842
8.5	-0.240132	7.43968	-8.32577	8.61592	-2.49752	9.64706
8.51	-0.23827	7.53446	-8.22548	8.59568	-2.47146	9.63572
8.52	-0.236418	7.6283	-8.12611	8.57551	-2.44551	9.62441
8.53	-0.234578	7.72119	-8.02768	8.55542	-2.41968	9.61313
8.54	-0.232748	7.81313	-7.93018	8.53539	-2.39396	9.60187
8.55	-0.23093	7.90412	-7.83361	8.51544	-2.36836	9.59064
8.56	-0.229122	7.99416	-7.73796	8.49556	-2.34288	9.57944
8.57	-0.227326	8.08324	-7.64323	8.47574	-2.31754	9.56826
8.58	-0.22554	8.17137	-7.54941	8.456	-2.29232	9.55711
8.59	-0.223766	8.25855	-7.45652	8.43632	-2.26724	9.54598
8.6	-0.222003	8.34477	-7.36453	8.41671	-2.24229	9.53488
8.61	-0.22025	8.43004	-7.27346	8.39717	-2.21749	9.52381
8.62	-0.218509	8.51435	-7.18329	8.3777	-2.19282	9.51276
8.63	-0.216779	8.59771	-7.09402	8.3583	-2.1683	9.50174
8.64	-0.21506	8.68011	-7.00565	8.33896	-2.14393	9.49074
8.65	-0.213352	8.76156	-6.91818	8.31969	-2.11972	9.47977
8.66	-0.211655	8.84206	-6.8316	8.30049	-2.09565	9.46882
8.67	-0.209969	8.92162	-6.7459	8.28135	-2.07174	9.4579
8.68	-0.208294	9.00022	-6.66108	8.26228	-2.04798	9.447
8.69	-0.20663	9.07787	-6.57715	8.24328	-2.02439	9.43613
8.7	-0.204977	9.15459	-6.49409	8.22434	-2.00095	9.42529
8.71	-0.203335	9.23035	-6.41189	8.20546	-1.97768	9.41447
8.72	-0.201704	9.30518	-6.33056	8.18665	-1.95457	9.40367
8.73	-0.200084	9.37908	-6.2501	8.16791	-1.93163	9.3929
8.74	-0.198475	9.45203	-6.17048	8.14923	-1.90886	9.38215
8.75	-0.196877	9.52406	-6.09172	8.13061	-1.88626	9.37143
8.76	-0.19529	9.59516	-6.0138	8.11206	-1.86383	9.36073
8.77	-0.193714	9.66533	-5.93673	8.09357	-1.84157	9.35006
8.78	-0.192149	9.73458	-5.86049	8.07514	-1.81949	9.33941
8.79	-0.190594	9.80291	-5.78508	8.05678	-1.79758	9.32878
8.8	-0.18905	9.87033	-5.71049	8.03848	-1.77584	9.31818
8.81	-0.187518	9.93684	-5.63673	8.02024	-1.75428	9.3076
8.82	-0.185996	10.0024	-5.56377	8.00207	-1.7329	9.29705
8.83	-0.184484	10.0671	-5.49163	7.98395	-1.7117	9.28652
8.84	-0.182984	10.1309	-5.42029	7.9659	-1.69068	9.27602
8.85	-0.181494	10.1939	-5.34975	7.94791	-1.66984	9.26554
8.86	-0.180015	10.2559	-5.28001	7.92998	-1.64918	9.25508
8.87	-0.178546	10.317	-5.21105	7.91211	-1.6287	9.24464
8.88	-0.177088	10.3773	-5.14287	7.8943	-1.6084	9.23423
8.89	-0.17564	10.4367	-5.07546	7.87655	-1.58828	9.22385
8.9	-0.174203	10.4952	-5.00883	7.85886	-1.56835	9.21348
8.91	-0.172777	10.5528	-4.94295	7.84123	-1.54859	9.20314
8.92	-0.171361	10.6096	-4.87784	7.82365	-1.52903	9.19283
8.93	-0.169955	10.6656	-4.81348	7.80614	-1.50964	9.18253
8.94	-0.16856	10.7206	-4.74987	7.78869	-1.49044	9.17226
8.95	-0.167175	10.7749	-4.68699	7.77129	-1.47142	9.16201
8.96	-0.1658	10.8283	-4.62485	7.75396	-1.45258	9.15179
8.97	-0.164436	10.8809	-4.56344	7.73668	-1.43392	9.14158
8.98	-0.163081	10.9327	-4.50275	7.71946	-1.41545	9.1314
8.99	-0.161737	10.9836	-4.44278	7.70229	-1.39716	9.12125
9	-0.160403	11.0337	-4.38351	7.68519	-1.37906	9.11111
9.01	-0.159079	11.0831	-4.32495	7.66814	-1.36113	9.101
9.02	-0.157765	11.1316	-4.26709	7.65114	-1.34339	9.09091
9.03	-0.156462	11.1793	-4.20992	7.63421	-1.32583	9.08084
9.04	-0.155168	11.2262	-4.15344	7.61733	-1.30844	9.0708
9.05	-0.153883	11.2724	-4.09764	7.6005	-1.29124	9.06077
9.06	-0.152609	11.3178	-4.04251	7.58373	-1.27422	9.05077
9.07	-0.151345	11.3624	-3.98804	7.56702	-1.25738	9.04079
9.08	-0.15009	11.4062	-3.93424	7.55036	-1.24072	9.03084
9.09	-0.148845	11.4493	-3.8811	7.53376	-1.22423	9.0209
9.1	-0.147609	11.4917	-3.8286	7.51721	-1.20792	9.01099
9.11	-0.146383	11.5333	-3.77675	7.50071	-1.19179	9.0011
9.12	-0.145167	11.5741	-3.72553	7.48427	-1.17583	8.99123
9.13	-0.14396	11.6143	-3.67495	7.46789	-1.16005	8.98138
9.14	-0.142763	11.6537	-3.62499	7.45156	-1.14445	8.97155
9.15	-0.141575	11.6924	-3.57565	7.43528	-1.12901	8.96175
9.16	-0.140396	11.7303	-3.52692	7.41905	-1.11375	8.95197
9.17	-0.139227	11.7676	-3.4788	7.40288	-1.09866	8.9422
9.18	-0.138067	11.8042	-3.43128	7.38676	-1.08374	8.93246
9.19	-0.136916	11.8401	-3.38436	7.37069	-1.06899	8.92274
9.2	-0.135774	11.8753	-3.33802	7.35468	-1.05441	8.91304
9.21	-0.134641	11.9098	-3.29227	7.33872	-1.04	8.90337
9.22	-0.133517	11.9437	-3.24709	7.32281	-1.02575	8.89371
9.23	-0.132402	11.9769	-3.20249	7.30695	-1.01167	8.88407
9.24	-0.131296	12.0094	-3.15845	7.29114	-0.997756	8.87446
9.25	-0.130199	12.0413	-3.11497	7.27538	-0.984002	8.86486
9.26	-0.129111	12.0725	-3.07204	7.25968	-0.970412	8.85529
9.27	-0.128032	12.1031	-3.02966	7.24402	-0.956982	8.84574
9.28	-0.126961	12.1331	-2.98783	7.22842	-0.943712	8.83621
9.29	-0.125899	12.1624	-2.94653	7.21287	-0.930601	8.8267
9.3	-0.124845	12.1912	-2.90576	7.19736	-0.917648	8.8172
9.31	-0.1238	12.2193	-2.86551	7.18191	-0.904851	8.80773
9.32	-0.122763	12.2468	-2.82579	7.16651	-0.89221	8.79828
9.33	-0.121735	12.2737	-2.78657	7.15115	-0.879723	8.78885
9.34	-0.120716	12.3	-2.74787	7.13585	-0.867388	8.77944
9.35	-0.119704	12.3258	-2.70967	7.12059	-0.855205	8.77005
9.36	-0.118701	12.3509	-2.67196	7.10539	-0.843173	8.76068
9.37	-0.117706	12.3755	-2.63475	7.09023	-0.831289	8.75133
9.38	-0.116719	12.3996	-2.59802	7.07512	-0.819554	8.742
9.39	-0.11574	12.423	-2.56177	7.06006	-0.807965	8.73269
9.4	-0.114769	12.4459	-2.52599	7.04504	-0.796521	8.7234
9.41	-0.113807	12.4683	-2.49069	7.03008	-0.785222	8.71413
9.42	-0.112852	12.4901	-2.45585	7.01516	-0.774065	8.70488
9.43	-0.111905	12.5114	-2.42147	7.00029	-0.76305	8.69565
9.44	-0.110966	12.5322	-2.38754	6.98547	-0.752175	8.68644
9.45	-0.110034	12.5524	-2.35406	6.97069	-0.741438	8.67725
9.46	-0.109111	12.5722	-2.32103	6.95596	-0.73084	8.66808
9.47	-0.108195	12.5914	-2.28843	6.94128	-0.720377	8.65892
9.48	-0.107286	12.6101	-2.25627	6.92664	-0.71005	8.64979
9.49	-0.106385	12.6283	-2.22453	6.91205	-0.699856	8.64067
9.5	-0.105492	12.6461	-2.19322	6.89751	-0.689795	8.63158
9.51	-0.104606	12.6633	-2.16232	6.88301	-0.679865	8.6225
9.52	-0.103728	12.6801	-2.13184	6.86856	-0.670064	8.61345
9.53	-0.102856	12.6964	-2.10176	6.85415	-0.660392	8.60441
9.54	-0.101992	12.7122	-2.07209	6.83979	-0.650847	8.59539
9.55	-0.101136	12.7276	-2.04282	6.82547	-0.641428	8.58639
9.56	-0.100286	12.7425	-2.01394	6.8112	-0.632133	8.57741
9.57	-0.0994437	12.757	-1.98545	6.79697	-0.622962	8.56844
9.58	-0.0986084	12.771	-1.95735	6.78279	-0.613913	8.5595
9.59	-0.0977801	12.7846	-1.92962	6.76865	-0.604984	8.55057
9.6	-0.0969587	12.7978	-1.90227	6.75456	-0.596175	8.54167
9.61	-0.0961442	12.8105	-1.87529	6.74051	-0.587483	8.53278
9.62	-0.0953366	12.8228	-1.84867	6.7265	-0.578909	8.52391
9.63	-0.0945358	12.8347	-1.82242	6.71254	-0.57045	8.51506
9.64	-0.0937417	12.8462	-1.79652	6.69862	-0.562105	8.50622
9.65	-0.0929544	12.8573	-1.77098	6.68474	-0.553874	8.49741
9.66	-0.0921737	12.868	-1.74578	6.67091	-0.545754	8.48861
9.67	-0.0913996	12.8783	-1.72093	6.65712	-0.537744	8.47983
9.68	-0.090632	12.8882	-1.69642	6.64337	-0.529844	8.47107
9.69	-0.0898709	12.8977	-1.67224	6.62967	-0.522052	8.46233
9.7	-0.0891163	12.9069	-1.6484	6.61601	-0.514367	8.45361
9.71	-0.0883681	12.9156	-1.62488	6.60239	-0.506787	8.4449
9.72	-0.0876262	12.924	-1.60168	6.58881	-0.499311	8.43621
9.73	-0.0868906	12.9321	-1.57881	6.57527	-0.491939	8.42754
9.74	-0.0861613	12.9398	-1.55624	6.56178	-0.484668	8.41889
9.75	-0.0854382	12.9471	-1.53399	6.54832	-0.477498	8.41026
9.76	-0.0847212	12.9541	-1.51205	6.53491	-0.470428	8.40164
9.77	-0.0840103	12.9607	-1.4904	6.52154	-0.463456	8.39304
9.78	-0.0833055	12.967	-1.46906	6.50821	-0.456581	8.38446
9.79	-0.0826067	12.973	-1.44801	6.49492	-0.449802	8.37589
9.8	-0.0819138	12.9786	-1.42726	6.48167	-0.443118	8.36735
9.81	-0.0812268	12.984	-1.40679	6.46847	-0.436528	8.35882
9.82	-0.0805457	12.989	-1.38661	6.4553	-0.43003	8.35031
9.83	-0.0798704	12.9937	-1.3667	6.44217	-0.423624	8.34181
9.84	-0.0792009	12.998	-1.34707	6.42908	-0.417308	8.33333
9.85	-0.0785371	13.0021	-1.32772	6.41604	-0.411081	8.32487
9.86	-0.077879	13.0059	-1.30863	6.40303	-0.404942	8.31643
9.87	-0.0772265	13.0094	-1.28982	6.39006	-0.39889	8.308
9.88	-0.0765796	13.0125	-1.27126	6.37713	-0.392924	8.2996
9.89	-0.0759382	13.0154	-1.25296	6.36424	-0.387043	8.2912
9.9	-0.0753023	13.0181	-1.23492	6.35139	-0.381245	8.28283
9.91	-0.0746718	13.0204	-1.21713	6.33858	-0.37553	8.27447
9.92	-0.0740468	13.0224	-1.19959	6.32581	-0.369897	8.26613
9.93	-0.0734271	13.0242	-1.1823	6.31307	-0.364344	8.2578
9.94	-0.0728127	13.0258	-1.16525	6.30038	-0.358871	8.2495
9.95	-0.0722036	13.027	-1.14843	6.28772	-0.353476	8.24121
9.96	-0.0715997	13.028	-1.13186	6.2751	-0.348159	8.23293
9.97	-0.071001	13.0288	-1.11552	6.26252	-0.342919	8.22467
9.98	-0.0704074	13.0293	-1.0994	6.24997	-0.337753	8.21643
9.99	-0.0698189	13.0295	-1.08352	6.23747	-0.332663	8.20821
10	-0.0692355	13.0295	-1.06785	6.225	-0.327646	8.2
10.01	-0.0686571	13.0293	-1.05241	6.21257	-0.322701	8.19181
10.02	-0.0680837	13.0288	-1.03719	6.20017	-0.317828	8.18363
10.03	-0.0675151	13.0281	-1.02218	6.18782	-0.313026	8.17547
10.04	-0.0669515	13.0272	-1.00738	6.1755	-0.308294	8.16733
10.05	-0.0663927	13.026	-0.992796	6.16321	-0.30363	8.1592
10.06	-0.0658387	13.0246	-0.978415	6.15097	-0.299034	8.15109
10.07	-0.0652895	13.023	-0.964238	6.13876	-0.294506	8.143
10.08	-0.064745	13.0212	-0.950261	6.12658	-0.290043	8.13492
10.09	-0.0642052	13.0192	-0.936483	6.11444	-0.285646	8.12686
10.1	-0.06367	13.0169	-0.922901	6.10234	-0.281313	8.11881
10.11	-0.0631395	13.0145	-0.909511	6.09028	-0.277043	8.11078
10.12	-0.0626134	13.0119	-0.896311	6.07825	-0.272836	8.10277
10.13	-0.062092	13.009	-0.883299	6.06625	-0.268691	8.09477
10.14	-0.061575	13.006	-0.870472	6.05429	-0.264607	8.08679
10.15	-0.0610624	13.0028	-0.857828	6.04237	-0.260582	8.07882
10.16	-0.0605543	12.9994	-0.845364	6.03048	-0.256618	8.07087
10.17	-0.0600505	12.9958	-0.833077	6.01863	-0.252711	8.06293
10.18	-0.0595511	12.992	-0.820965	6.00681	-0.248862	8.05501
10.19	-0.059056	12.988	-0.809027	5.99502	-0.24507	8.04711
10.2	-0.0585651	12.9839	-0.797258	5.98328	-0.241334	8.03922
10.21	-0.0580785	12.9796	-0.785658	5.97156	-0.237654	8.03134
10.22	-0.0575961	12.9751	-0.774224	5.95988	-0.234028	8.02348
10.23	-0.0571178	12.9705	-0.762953	5.94823	-0.230455	8.01564
10.24	-0.0566436	12.9657	-0.751843	5.93662	-0.226936	8.00781
10.25	-0.0561735	12.9607	-0.740892	5.92504	-0.223469	8
10.26	-0.0557074	12.9556	-0.730098	5.9135	-0.220054	7.9922
10.27	-0.0552454	12.9503	-0.719459	5.90199	-0.216689	7.98442
10.28	-0.0547873	12.9448	-0.708972	5.89051	-0.213375	7.97665
10.29	-0.0543332	12.9392	-0.698636	5.87907	-0.210109	7.9689
10.3	-0.053883	12.9335	-0.688448	5.86766	-0.206893	7.96117
10.31	-0.0534367	12.9276	-0.678406	5.85628	-0.203725	7.95344
10.32	-0.0529942	12.9216	-0.668508	5.84494	-0.200604	7.94574
10.33	-0.0525555	12.9154	-0.658753	5.83363	-0.197529	7.93804
10.34	-0.0521206	12.9091	-0.649138	5.82235	-0.194501	7.93037
10.35	-0.0516894	12.9026	-0.639661	5.8111	-0.191518	7.92271
10.36	-0.051262	12.896	-0.63032	5.79989	-0.18858	7.91506
10.37	-0.0508382	12.8893	-0.621114	5.78871	-0.185686	7.90743
10.38	-0.050418	12.8825	-0.61204	5.77756	-0.182835	7.89981
10.39	-0.0500015	12.8755	-0.603098	5.76645	-0.180027	7.8922
10.4	-0.0495886	12.8684	-0.594284	5.75536	-0.177262	7.88462
10.41	-0.0491792	12.8612	-0.585597	5.74431	-0.174538	7.87704
10.42	-0.0487733	12.8539	-0.577035	5.73329	-0.171855	7.86948
10.43	-0.0483709	12.8464	-0.568597	5.7223	-0.169212	7.86194
10.44	-0.047972	12.8389	-0.560281	5.71134	-0.16661	7.85441
10.45	-0.0475765	12.8312	-0.552084	5.70042	-0.164046	7.84689
10.46	-0.0471844	12.8234	-0.544007	5.68952	-0.161521	7.83939
10.47	-0.0467956	12.8155	-0.536046	5.67866	-0.159035	7.8319
10.48	-0.0464102	12.8075	-0.5282	5.66783	-0.156586	7.82443
10.49	-0.0460281	12.7994	-0.520467	5.65703	-0.154174	7.81697
10.5	-0.0456493	12.7911	-0.512846	5.64626	-0.151798	7.80952
10.51	-0.0452738	12.7828	-0.505336	5.63552	-0.149459	7.80209
10.52	-0.0449014	12.7744	-0.497934	5.62481	-0.147155	7.79468
10.53	-0.0445323	12.7659	-0.49064	5.61413	-0.144885	7.78727
10.54	-0.0441663	12.7573	-0.483451	5.60348	-0.142651	7.77989
10.55	-0.0438035	12.7486	-0.476367	5.59287	-0.14045	7.77251
10.56	-0.0434438	12.7398	-0.469385	5.58228	-0.138282	7.76515
10.57	-0.0430871	12.7309	-0.462504	5.57172	-0.136148	7.75781
10.58	-0.0427335	12.7219	-0.455723	5.56119	-0.134046	7.75047
10.59	-0.042383	12.7128	-0.449041	5.5507	-0.131976	7.74315
10.6	-0.0420354	12.7037	-0.442455	5.54023	-0.129937	7.73585
10.61	-0.0416908	12.6945	-0.435965	5.52979	-0.12793	7.72856
10.62	-0.0413492	12.6851	-0.42957	5.51938	-0.125953	7.72128
10.63	-0.0410105	12.6757	-0.423267	5.509	-0.124006	7.71402
10.64	-0.0406747	12.6663	-0.417056	5.49865	-0.122089	7.70677
10.65	-0.0403417	12.6567	-0.410935	5.48833	-0.120201	7.69953
10.66	-0.0400117	12.6471	-0.404903	5.47804	-0.118342	7.69231
10.67	-0.0396844	12.6374	-0.398959	5.46777	-0.116511	7.6851
10.68	-0.0393599	12.6276	-0.393102	5.45754	-0.114709	7.6779
10.69	-0.0390382	12.6178	-0.387329	5.44733	-0.112933	7.67072
10.7	-0.0387193	12.6079	-0.381641	5.43716	-0.111185	7.66355
10.71	-0.038403	12.5979	-0.376035	5.42701	-0.109464	7.6564
10.72	-0.0380895	12.5879	-0.370511	5.41689	-0.107769	7.64925
10.73	-0.0377787	12.5778	-0.365068	5.4068	-0.1061	7.64212
10.74	-0.0374705	12.5676	-0.359704	5.39673	-0.104457	7.63501
10.75	-0.0371649	12.5573	-0.354418	5.3867	-0.102838	7.62791
10.76	-0.0368619	12.5471	-0.349209	5.37669	-0.101245	7.62082
10.77	-0.0365615	12.5367	-0.344076	5.36671	-0.0996756	7.61374
10.78	-0.0362637	12.5263	-0.339018	5.35676	-0.0981306	7.60668
10.79	-0.0359684	12.5158	-0.334034	5.34683	-0.0966093	7.59963
10.8	-0.0356756	12.5053	-0.329122	5.33693	-0.0951113	7.59259
10.81	-0.0353854	12.4947	-0.324282	5.32706	-0.0936363	7.58557
10.82	-0.0350975	12.4841	-0.319513	5.31722	-0.092184	7.57856
10.83	-0.0348122	12.4734	-0.314814	5.30741	-0.090754	7.57156
10.84	-0.0345292	12.4627	-0.310183	5.29762	-0.089346	7.56458
10.85	-0.0342487	12.4519	-0.305619	5.28786	-0.0879596	7.5576
10.86	-0.0339705	12.4411	-0.301123	5.27813	-0.0865945	7.55064
10.87	-0.0336947	12.4302	-0.296692	5.26842	-0.0852505	7.5437
10.88	-0.0334213	12.4193	-0.292326	5.25874	-0.0839271	7.53676
10.89	-0.0331502	12.4083	-0.288023	5.24908	-0.0826241	7.52984
10.9	-0.0328813	12.3973	-0.283784	5.23946	-0.0813411	7.52294
10.91	-0.0326148	12.3862	-0.279606	5.22986	-0.080078	7.51604
10.92	-0.0323505	12.3751	-0.27549	5.22028	-0.0788342	7.50916
10.93	-0.0320884	12.364	-0.271434	5.21074	-0.0776097	7.50229
10.94	-0.0318286	12.3528	-0.267437	5.20121	-0.076404	7.49543
10.95	-0.031571	12.3416	-0.263499	5.19172	-0.0752169	7.48858
10.96	-0.0313155	12.3303	-0.259618	5.18225	-0.0740481	7.48175
10.97	-0.0310622	12.319	-0.255795	5.1728	-0.0728974	7.47493
10.98	-0.0308111	12.3077	-0.252027	5.16339	-0.0717644	7.46812
10.99	-0.030562	12.2964	-0.248314	5.15399	-0.0706489	7.46133
11	-0.0303151	12.285	-0.244656	5.14463	-0.0695506	7.45455
11.01	-0.0300703	12.2735	-0.241051	5.13529	-0.0684693	7.44777
11.02	-0.0298275	12.2621	-0.2375	5.12597	-0.0674046	7.44102
11.03	-0.0295868	12.2506	-0.234	5.11668	-0.0663565	7.43427
11.04	-0.0293481	12.2391	-0.230551	5.10742	-0.0653245	7.42754
11.05	-0.0291114	12.2275	-0.227154	5.09818	-0.0643085	7.42081
11.06	-0.0288767	12.216	-0.223805	5.08896	-0.0633082	7.4141
11.07	-0.028644	12.2043	-0.220506	5.07977	-0.0623234	7.40741
11.08	-0.0284132	12.1927	-0.217256	5.07061	-0.0613538	7.40072
11.09	-0.0281844	12.1811	-0.214053	5.06147	-0.0603992	7.39405
11.1	-0.0279575	12.1694	-0.210897	5.05235	-0.0594593	7.38739
11.11	-0.0277325	12.1577	-0.207788	5.04326	-0.058534	7.38074
11.12	-0.0275094	12.1459	-0.204724	5.03419	-0.0576231	7.3741
11.13	-0.0272882	12.1342	-0.201705	5.02515	-0.0567262	7.36748
11.14	-0.0270689	12.1224	-0.19873	5.01613	-0.0558433	7.36086
11.15	-0.0268513	12.1106	-0.195799	5.00714	-0.054974	7.35426
11.16	-0.0266356	12.0988	-0.192911	4.99817	-0.0541182	7.34767
11.17	-0.0264218	12.087	-0.190065	4.98922	-0.0532756	7.34109
11.18	-0.0262097	12.0751	-0.187262	4.9803	-0.0524461	7.33453
11.19	-0.0259993	12.0632	-0.184499	4.97141	-0.0516295	7.32797
11.2	-0.0257908	12.0514	-0.181777	4.96253	-0.0508255	7.32143
11.21	-0.025584	12.0395	-0.179095	4.95368	-0.050034	7.3149
11.22	-0.0253789	12.0275	-0.176453	4.94486	-0.0492548	7.30838
11.23	-0.0251755	12.0156	-0.173849	4.93605	-0.0484877	7.30187
11.24	-0.0249738	12.0036	-0.171283	4.92727	-0.0477324	7.29537
11.25	-0.0247739	11.9917	-0.168756	4.91852	-0.0469889	7.28889
11.26	-0.0245755	11.9797	-0.166265	4.90979	-0.0462569	7.28242
11.27	-0.0243789	11.9677	-0.163811	4.90108	-0.0455363	7.27595
11.28	-0.0241838	11.9557	-0.161393	4.89239	-0.0448269	7.2695
11.29	-0.0239904	11.9437	-0.159011	4.88373	-0.0441285	7.26306
11.3	-0.0237987	11.9316	-0.156663	4.87509	-0.0434409	7.25664
11.31	-0.0236085	11.9196	-0.154351	4.86647	-0.042764	7.25022
11.32	-0.0234199	11.9075	-0.152072	4.85788	-0.0420977	7.24382
11.33	-0.0232328	11.8955	-0.149827	4.84931	-0.0414416	7.23742
11.34	-0.0230473	11.8834	-0.147615	4.84076	-0.0407958	7.23104
11.35	-0.0228634	11.8713	-0.145435	4.83223	-0.04016	7.22467
11.36	-0.022681	11.8592	-0.143287	4.82373	-0.0395341	7.21831
11.37	-0.0225	11.8471	-0.141172	4.81525	-0.0389179	7.21196
11.38	-0.0223206	11.835	-0.139087	4.80679	-0.0383113	7.20562
11.39	-0.0221427	11.8229	-0.137033	4.79835	-0.0377141	7.1993
11.4	-0.0219663	11.8108	-0.135009	4.78994	-0.0371263	7.19298
11.41	-0.0217913	11.7987	-0.133015	4.78154	-0.0365475	7.18668
11.42	-0.0216177	11.7865	-0.13105	4.77317	-0.0359778	7.18039
11.43	-0.0214456	11.7744	-0.129114	4.76482	-0.0354169	7.1741
11.44	-0.021275	11.7623	-0.127207	4.7565	-0.0348647	7.16783
11.45	-0.0211057	11.7501	-0.125328	4.74819	-0.0343212	7.16157
11.46	-0.0209378	11.738	-0.123476	4.73991	-0.0337861	7.15532
11.47	-0.0207713	11.7258	-0.121652	4.73165	-0.0332593	7.14908
11.48	-0.0206062	11.7137	-0.119855	4.72341	-0.0327407	7.14286
11.49	-0.0204424	11.7015	-0.118084	4.71519	-0.0322302	7.13664
11.5	-0.02028	11.6894	-0.116339	4.70699	-0.0317276	7.13043
11.51	-0.020119	11.6772	-0.11462	4.69882	-0.0312329	7.12424
11.52	-0.0199592	11.665	-0.112927	4.69066	-0.0307458	7.11806
11.53	-0.0198008	11.6529	-0.111258	4.68253	-0.0302664	7.11188
11.54	-0.0196437	11.6407	-0.109614	4.67442	-0.0297944	7.10572
11.55	-0.0194878	11.6286	-0.107994	4.66633	-0.0293298	7.09957
11.56	-0.0193333	11.6164	-0.106398	4.65826	-0.0288724	7.09343
11.57	-0.01918	11.6043	-0.104825	4.65021	-0.0284221	7.08729
11.58	-0.0190279	11.5921	-0.103276	4.64218	-0.0279788	7.08117
11.59	-0.0188771	11.5799	-0.10175	4.63418	-0.0275424	7.07506
11.6	-0.0187276	11.5678	-0.100246	4.62619	-0.0271129	7.06897
11.61	-0.0185792	11.5556	-0.098764	4.61822	-0.02669	7.06288
11.62	-0.0184321	11.5435	-0.097304	4.61028	-0.0262737	7.0568
11.63	-0.0182862	11.5314	-0.0958657	4.60235	-0.0258639	7.05073
11.64	-0.0181414	11.5192	-0.0944485	4.59445	-0.0254605	7.04467
11.65	-0.0179979	11.5071	-0.0930523	4.58656	-0.0250634	7.03863
11.66	-0.0178555	11.4949	-0.0916766	4.5787	-0.0246725	7.03259
11.67	-0.0177143	11.4828	-0.0903212	4.57086	-0.0242876	7.02656
11.68	-0.0175742	11.4707	-0.0889859	4.56303	-0.0239088	7.02055
11.69	-0.0174353	11.4586	-0.0876702	4.55523	-0.0235358	7.01454
11.7	-0.0172975	11.4465	-0.086374	4.54745	-0.0231687	7.00855
11.71	-0.0171608	11.4343	-0.0850969	4.53968	-0.0228073	7.00256
11.72	-0.0170252	11.4222	-0.0838386	4.53194	-0.0224516	6.99659
11.73	-0.0168908	11.4101	-0.0825989	4.52422	-0.0221013	6.99062
11.74	-0.0167574	11.398	-0.0813775	4.51651	-0.0217566	6.98467
11.75	-0.0166251	11.386	-0.0801741	4.50883	-0.0214172	6.97872
11.76	-0.0164939	11.3739	-0.0789885	4.50116	-0.0210831	6.97279
11.77	-0.0163637	11.3618	-0.0778204	4.49352	-0.0207542	6.96686
11.78	-0.0162346	11.3497	-0.0766695	4.48589	-0.0204305	6.96095
11.79	-0.0161065	11.3377	-0.0755357	4.47829	-0.0201118	6.95505
11.8	-0.0159795	11.3256	-0.0744185	4.4707	-0.019798	6.94915
11.81	-0.0158535	11.3136	-0.0733179	4.46313	-0.0194892	6.94327
11.82	-0.0157285	11.3016	-0.0722335	4.45558	-0.0191852	6.93739
11.83	-0.0156045	11.2895	-0.0711651	4.44805	-0.0188859	6.93153
11.84	-0.0154815	11.2775	-0.0701125	4.44054	-0.0185913	6.92568
11.85	-0.0153595	11.2655	-0.0690755	4.43305	-0.0183013	6.91983
11.86	-0.0152385	11.2535	-0.0680537	4.42558	-0.0180158	6.914
11.87	-0.0151185	11.2415	-0.0670471	4.41812	-0.0177348	6.90817
11.88	-0.0149994	11.2295	-0.0660553	4.41069	-0.0174581	6.90236
11.89	-0.0148812	11.2176	-0.0650782	4.40327	-0.0171858	6.89655
11.9	-0.0147641	11.2056	-0.0641155	4.39588	-0.0169177	6.89076
11.91	-0.0146478	11.1936	-0.063167	4.3885	-0.0166538	6.88497
11.92	-0.0145325	11.1817	-0.0622325	4.38114	-0.016394	6.87919
11.93	-0.0144181	11.1698	-0.0613119	4.3738	-0.0161383	6.87343
11.94	-0.0143047	11.1579	-0.0604048	4.36647	-0.0158865	6.86767
11.95	-0.0141921	11.1459	-0.0595111	4.35917	-0.0156387	6.86192
11.96	-0.0140804	11.134	-0.0586307	4.35188	-0.0153948	6.85619
11.97	-0.0139696	11.1222	-0.0577632	4.34461	-0.0151546	6.85046
11.98	-0.0138597	11.1103	-0.0569086	4.33736	-0.0149182	6.84474
11.99	-0.0137507	11.0984	-0.0560666	4.33013	-0.0146855	6.83903
12	-0.0136426	11.0866	-0.055237	4.32292	-0.0144565	6.83333
12.01	-0.0135353	11.0747	-0.0544197	4.31572	-0.014231	6.82764
12.02	-0.0134288	11.0629	-0.0536145	4.30854	-0.014009	6.82196
12.03	-0.0133232	11.0511	-0.0528212	4.30138	-0.0137905	6.81629
12.04	-0.0132185	11.0393	-0.0520396	4.29424	-0.0135754	6.81063
12.05	-0.0131145	11.0275	-0.0512696	4.28712	-0.0133636	6.80498
12.06	-0.0130114	11.0157	-0.0505109	4.28001	-0.0131552	6.79934
12.07	-0.0129091	11.0039	-0.0497634	4.27292	-0.01295	6.7937
12.08	-0.0128077	10.9922	-0.049027	4.26585	-0.012748	6.78808
12.09	-0.012707	10.9804	-0.0483015	4.2588	-0.0125492	6.78246
12.1	-0.0126071	10.9687	-0.0475867	4.25176	-0.0123535	6.77686
12.11	-0.012508	10.957	-0.0468825	4.24474	-0.0121608	6.77126
12.12	-0.0124097	10.9453	-0.0461887	4.23774	-0.0119711	6.76568
12.13	-0.0123121	10.9336	-0.0455051	4.23075	-0.0117844	6.7601
12.14	-0.0122153	10.9219	-0.0448317	4.22379	-0.0116006	6.75453
12.15	-0.0121193	10.9102	-0.0441682	4.21684	-0.0114197	6.74897
12.16	-0.012024	10.8986	-0.0435145	4.2099	-0.0112416	6.74342
12.17	-0.0119295	10.8869	-0.0428705	4.20299	-0.0110663	6.73788
12.18	-0.0118357	10.8753	-0.042236	4.19609	-0.0108937	6.73235
12.19	-0.0117427	10.8637	-0.0416109	4.18921	-0.0107238	6.72683
12.2	-0.0116504	10.8521	-0.040995	4.18234	-0.0105566	6.72131
12.21	-0.0115588	10.8405	-0.0403882	4.1755	-0.010392	6.71581
12.22	-0.0114679	10.829	-0.0397904	4.16866	-0.0102299	6.71031
12.23	-0.0113777	10.8174	-0.0392015	4.16185	-0.0100704	6.70482
12.24	-0.0112882	10.8059	-0.0386213	4.15505	-0.00991338	6.69935
12.25	-0.0111994	10.7943	-0.0380496	4.14827	-0.0097588	6.69388
12.26	-0.0111114	10.7828	-0.0374864	4.14151	-0.00960663	6.68842
12.27	-0.0110239	10.7713	-0.0369315	4.13476	-0.00945684	6.68297
12.28	-0.0109372	10.7599	-0.0363848	4.12803	-0.00930938	6.67752
12.29	-0.0108512	10.7484	-0.0358462	4.12131	-0.00916423	6.67209
12.3	-0.0107658	10.7369	-0.0353156	4.11461	-0.00902134	6.66667
12.31	-0.010681	10.7255	-0.0347929	4.10793	-0.00888069	6.66125
12.32	-0.010597	10.7141	-0.0342778	4.10127	-0.00874223	6.65584
12.33	-0.0105135	10.7027	-0.0337704	4.09462	-0.00860593	6.65045
12.34	-0.0104308	10.6913	-0.0332705	4.08798	-0.00847176	6.64506
12.35	-0.0103486	10.6799	-0.032778	4.08137	-0.00833968	6.63968
12.36	-0.0102671	10.6686	-0.0322927	4.07476	-0.00820967	6.6343
12.37	-0.0101862	10.6572	-0.0318147	4.06818	-0.00808168	6.62894
12.38	-0.0101059	10.6459	-0.0313437	4.06161	-0.0079557	6.62359
12.39	-0.0100263	10.6346	-0.0308797	4.05505	-0.00783167	6.61824
12.4	-0.00994723	10.6233	-0.0304225	4.04852	-0.00770959	6.6129
12.41	-0.0098688	10.612	-0.0299721	4.042	-0.00758941	6.60757
12.42	-0.00979096	10.6007	-0.0295284	4.03549	-0.00747111	6.60225
12.43	-0.00971371	10.5895	-0.0290912	4.029	-0.00735465	6.59694
12.44	-0.00963705	10.5783	-0.0286606	4.02252	-0.00724001	6.59164
12.45	-0.00956098	10.567	-0.0282362	4.01606	-0.00712716	6.58635
12.46	-0.00948548	10.5558	-0.0278182	4.00962	-0.00701608	6.58106
12.47	-0.00941056	10.5447	-0.0274063	4.00319	-0.00690672	6.57578
12.48	-0.00933621	10.5335	-0.0270006	3.99678	-0.00679908	6.57051
12.49	-0.00926242	10.5223	-0.0266008	3.99038	-0.00669311	6.56525
12.5	-0.00918919	10.5112	-0.026207	3.984	-0.0065888	6.56
12.51	-0.00911651	10.5001	-0.0258189	3.97763	-0.00648611	6.55476
12.52	-0.00904438	10.489	-0.0254367	3.97128	-0.00638503	6.54952
12.53	-0.00897279	10.4779	-0.0250601	3.96495	-0.00628553	6.54429
12.54	-0.00890175	10.4668	-0.024689	3.95862	-0.00618758	6.53907
12.55	-0.00883123	10.4558	-0.0243235	3.95232	-0.00609115	6.53386
12.56	-0.00876125	10.4447	-0.0239633	3.94603	-0.00599624	6.52866
12.57	-0.00869179	10.4337	-0.0236085	3.93975	-0.0059028	6.52347
12.58	-0.00862286	10.4227	-0.0232589	3.93349	-0.00581082	6.51828
12.59	-0.00855443	10.4117	-0.0229145	3.92724	-0.00572028	6.51311
12.6	-0.00848652	10.4007	-0.0225752	3.92101	-0.00563115	6.50794
12.61	-0.00841912	10.3898	-0.022241	3.9148	-0.00554341	6.50278
12.62	-0.00835222	10.3788	-0.0219116	3.90859	-0.00545704	6.49762
12.63	-0.00828581	10.3679	-0.0215872	3.90241	-0.00537202	6.49248
12.64	-0.0082199	10.357	-0.0212675	3.89624	-0.00528833	6.48734
12.65	-0.00815448	10.3461	-0.0209526	3.89008	-0.00520594	6.48221
12.66	-0.00808954	10.3353	-0.0206424	3.88393	-0.00512484	6.47709
12.67	-0.00802508	10.3244	-0.0203367	3.87781	-0.005045	6.47198
12.68	-0.0079611	10.3136	-0.0200356	3.87169	-0.00496641	6.46688
12.69	-0.00789759	10.3027	-0.0197389	3.86559	-0.00488905	6.46178
12.7	-0.00783455	10.2919	-0.0194466	3.85951	-0.00481289	6.45669
12.71	-0.00777197	10.2812	-0.0191586	3.85344	-0.00473792	6.45161
12.72	-0.00770986	10.2704	-0.0188749	3.84738	-0.00466412	6.44654
12.73	-0.00764819	10.2596	-0.0185954	3.84134	-0.00459147	6.44148
12.74	-0.00758698	10.2489	-0.01832	3.83531	-0.00451996	6.43642
12.75	-0.00752622	10.2382	-0.0180487	3.8293	-0.00444956	6.43137
12.76	-0.0074659	10.2275	-0.0177815	3.8233	-0.00438026	6.42633
12.77	-0.00740602	10.2168	-0.0175182	3.81731	-0.00431204	6.4213
12.78	-0.00734657	10.2061	-0.0172587	3.81134	-0.00424488	6.41628
12.79	-0.00728756	10.1955	-0.0170031	3.80538	-0.00417878	6.41126
12.8	-0.00722897	10.1848	-0.0167514	3.79944	-0.0041137	6.40625
12.81	-0.00717081	10.1742	-0.0165033	3.79351	-0.00404964	6.40125
12.82	-0.00711307	10.1636	-0.0162589	3.78759	-0.00398658	6.39626
12.83	-0.00705574	10.153	-0.0160181	3.78169	-0.0039245	6.39127
12.84	-0.00699883	10.1425	-0.0157809	3.7758	-0.00386339	6.38629
12.85	-0.00694233	10.1319	-0.0155472	3.76993	-0.00380324	6.38132
12.86	-0.00688623	10.1214	-0.0153169	3.76407	-0.00374402	6.37636
12.87	-0.00683053	10.1109	-0.0150901	3.75822	-0.00368572	6.37141
12.88	-0.00677523	10.1004	-0.0148666	3.75239	-0.00362834	6.36646
12.89	-0.00672033	10.0899	-0.0146465	3.74657	-0.00357185	6.36152
12.9	-0.00666582	10.0794	-0.0144295	3.74076	-0.00351624	6.35659
12.91	-0.0066117	10.069	-0.0142158	3.73497	-0.0034615	6.35167
12.92	-0.00655796	10.0585	-0.0140053	3.72919	-0.00340761	6.34675
12.93	-0.0065046	10.0481	-0.0137979	3.72342	-0.00335457	6.34184
12.94	-0.00645161	10.0377	-0.0135936	3.71767	-0.00330235	6.33694
12.95	-0.006399	10.0273	-0.0133922	3.71193	-0.00325094	6.33205
12.96	-0.00634677	10.017	-0.0131939	3.7062	-0.00320034	6.32716
12.97	-0.0062949	10.0066	-0.0129985	3.70049	-0.00315052	6.32228
12.98	-0.00624339	9.9963	-0.012806	3.69479	-0.00310148	6.31741
12.99	-0.00619224	9.98598	-0.0126163	3.68911	-0.00305321	6.31255
13	-0.00614145	9.97569	-0.0124295	3.68343	-0.00300569	6.30769
13.01	-0.00609102	9.96541	-0.0122454	3.67777	-0.00295891	6.30284
13.02	-0.00604093	9.95515	-0.012064	3.67212	-0.00291286	6.298
13.03	-0.0059912	9.94491	-0.0118853	3.66649	-0.00286753	6.29317
13.04	-0.00594181	9.93468	-0.0117093	3.66087	-0.00282291	6.28834
13.05	-0.00589276	9.92447	-0.0115359	3.65526	-0.00277898	6.28352
13.06	-0.00584404	9.91428	-0.011365	3.64966	-0.00273573	6.27871
13.07	-0.00579567	9.9041	-0.0111967	3.64408	-0.00269316	6.27391
13.08	-0.00574762	9.89394	-0.0110309	3.63851	-0.00265126	6.26911
13.09	-0.0056999	9.8838	-0.0108675	3.63296	-0.00261	6.26432
13.1	-0.00565251	9.87368	-0.0107065	3.62741	-0.00256939	6.25954
13.11	-0.00560545	9.86357	-0.010548	3.62188	-0.00252942	6.25477
13.12	-0.0055587	9.85348	-0.0103917	3.61636	-0.00249006	6.25
13.13	-0.00551227	9.8434	-0.0102378	3.61085	-0.00245132	6.24524
13.14	-0.00546616	9.83335	-0.0100862	3.60536	-0.00241318	6.24049
13.15	-0.00542035	9.82331	-0.00993681	3.59988	-0.00237564	6.23574
13.16	-0.00537486	9.81328	-0.00978963	3.59441	-0.00233869	6.231
13.17	-0.00532967	9.80328	-0.00964463	3.58895	-0.0023023	6.22627
13.18	-0.00528478	9.79329	-0.00950178	3.58351	-0.00226649	6.22155
13.19	-0.00524019	9.78332	-0.00936105	3.57808	-0.00223124	6.21683
13.2	-0.0051959	9.77336	-0.0092224	3.57266	-0.00219653	6.21212
13.21	-0.00515191	9.76342	-0.0090858	3.56725	-0.00216236	6.20742
13.22	-0.00510821	9.7535	-0.00895123	3.56186	-0.00212873	6.20272
13.23	-0.00506479	9.74359	-0.00881864	3.55647	-0.00209562	6.19803
13.24	-0.00502166	9.73371	-0.00868803	3.5511	-0.00206303	6.19335
13.25	-0.00497882	9.72383	-0.00855934	3.54575	-0.00203094	6.18868
13.26	-0.00493626	9.71398	-0.00843256	3.5404	-0.00199936	6.18401
13.27	-0.00489397	9.70414	-0.00830766	3.53507	-0.00196827	6.17935
13.28	-0.00485196	9.69432	-0.00818461	3.52974	-0.00193766	6.1747
13.29	-0.00481023	9.68452	-0.00806338	3.52443	-0.00190753	6.17005
13.3	-0.00476876	9.67473	-0.00794395	3.51914	-0.00187787	6.16541
13.31	-0.00472756	9.66496	-0.00782628	3.51385	-0.00184867	6.16078
13.32	-0.00468663	9.6552	-0.00771036	3.50858	-0.00181992	6.15616
13.33	-0.00464596	9.64546	-0.00759615	3.50331	-0.00179162	6.15154
13.34	-0.00460555	9.63574	-0.00748364	3.49806	-0.00176377	6.14693
13.35	-0.0045654	9.62604	-0.00737279	3.49282	-0.00173634	6.14232
13.36	-0.00452551	9.61635	-0.00726359	3.4876	-0.00170935	6.13772
13.37	-0.00448586	9.60668	-0.007156	3.48238	-0.00168278	6.13313
13.38	-0.00444647	9.59702	-0.00705	3.47718	-0.00165661	6.12855
13.39	-0.00440733	9.58738	-0.00694557	3.47199	-0.00163086	6.12397
13.4	-0.00436843	9.57776	-0.0068427	3.46681	-0.00160551	6.1194
13.41	-0.00432978	9.56816	-0.00674134	3.46164	-0.00158055	6.11484
13.42	-0.00429136	9.55857	-0.00664148	3.45648	-0.00155598	6.11028
13.43	-0.00425319	9.549	-0.00654311	3.45134	-0.0015318	6.10573
13.44	-0.00421525	9.53944	-0.00644619	3.4462	-0.00150799	6.10119
13.45	-0.00417755	9.5299	-0.00635071	3.44108	-0.00148455	6.09665
13.46	-0.00414008	9.52038	-0.00625664	3.43597	-0.00146148	6.09212
13.47	-0.00410283	9.51087	-0.00616396	3.43087	-0.00143876	6.0876
13.48	-0.00406582	9.50138	-0.00607266	3.42578	-0.0014164	6.08309
13.49	-0.00402903	9.4919	-0.00598271	3.4207	-0.00139439	6.07858
13.5	-0.00399246	9.48245	-0.00589409	3.41564	-0.00137272	6.07407
13.51	-0.00395612	9.473	-0.00580678	3.41058	-0.00135139	6.06958
13.52	-0.00391999	9.46358	-0.00572077	3.40554	-0.00133039	6.06509
13.53	-0.00388408	9.45417	-0.00563603	3.40051	-0.00130972	6.06061
13.54	-0.00384838	9.44477	-0.00555254	3.39549	-0.00128937	6.05613
13.55	-0.0038129	9.4354	-0.00547029	3.39048	-0.00126933	6.05166
13.56	-0.00377762	9.42604	-0.00538926	3.38548	-0.00124961	6.0472
13.57	-0.00374255	9.41669	-0.00530943	3.38049	-0.0012302	6.04274
13.58	-0.00370769	9.40736	-0.00523079	3.37551	-0.00121108	6.03829
13.59	-0.00367303	9.39805	-0.0051533	3.37055	-0.00119227	6.03385
13.6	-0.00363858	9.38875	-0.00507697	3.36559	-0.00117374	6.02941
13.61	-0.00360432	9.37947	-0.00500176	3.36065	-0.00115551	6.02498
13.62	-0.00357026	9.37021	-0.00492767	3.35572	-0.00113756	6.02056
13.63	-0.00353639	9.36096	-0.00485468	3.35079	-0.00111989	6.01614
13.64	-0.00350272	9.35173	-0.00478277	3.34588	-0.00110249	6.01173
13.65	-0.00346924	9.34251	-0.00471192	3.34098	-0.00108537	6.00733
13.66	-0.00343595	9.33331	-0.00464212	3.33609	-0.00106851	6.00293
13.67	-0.00340285	9.32412	-0.00457336	3.33121	-0.00105191	5.99854
13.68	-0.00336993	9.31495	-0.00450561	3.32634	-0.00103557	5.99415
13.69	-0.0033372	9.3058	-0.00443887	3.32149	-0.00101949	5.98977
13.7	-0.00330465	9.29666	-0.00437312	3.31664	-0.00100366	5.9854
13.71	-0.00327227	9.28754	-0.00430834	3.3118	-0.000988071	5.98104
13.72	-0.00324008	9.27844	-0.00424452	3.30698	-0.000972726	5.97668
13.73	-0.00320806	9.26935	-0.00418165	3.30216	-0.000957621	5.97232
13.74	-0.00317622	9.26027	-0.0041197	3.29736	-0.00094275	5.96798
13.75	-0.00314454	9.25121	-0.00405868	3.29256	-0.000928111	5.96364
13.76	-0.00311304	9.24217	-0.00399855	3.28778	-0.000913699	5.9593
13.77	-0.00308171	9.23314	-0.00393932	3.283	-0.000899512	5.95497
13.78	-0.00305054	9.22413	-0.00388097	3.27824	-0.000885545	5.95065
13.79	-0.00301954	9.21513	-0.00382348	3.27349	-0.000871796	5.94634
13.8	-0.0029887	9.20615	-0.00376684	3.26875	-0.00085826	5.94203
13.81	-0.00295802	9.19718	-0.00371104	3.26401	-0.000844935	5.93773
13.82	-0.0029275	9.18823	-0.00365607	3.25929	-0.000831818	5.93343
13.83	-0.00289714	9.1793	-0.00360191	3.25458	-0.000818904	5.92914
13.84	-0.00286694	9.17038	-0.00354855	3.24988	-0.000806192	5.92486
13.85	-0.00283689	9.16148	-0.00349599	3.24519	-0.000793677	5.92058
13.86	-0.00280699	9.15259	-0.0034442	3.24051	-0.000781356	5.91631
13.87	-0.00277724	9.14371	-0.00339318	3.23584	-0.000769228	5.91204
13.88	-0.00274764	9.13486	-0.00334292	3.23117	-0.000757288	5.90778
13.89	-0.00271819	9.12601	-0.0032934	3.22652	-0.000745533	5.90353
13.9	-0.00268888	9.11718	-0.00324461	3.22188	-0.000733962	5.89928
13.91	-0.00265972	9.10837	-0.00319654	3.21725	-0.00072257	5.89504
13.92	-0.0026307	9.09958	-0.00314919	3.21263	-0.000711356	5.8908
13.93	-0.00260182	9.09079	-0.00310254	3.20802	-0.000700316	5.88658
13.94	-0.00257308	9.08203	-0.00305658	3.20342	-0.000689448	5.88235
13.95	-0.00254448	9.07327	-0.0030113	3.19883	-0.000678748	5.87814
13.96	-0.00251601	9.06454	-0.0029667	3.19425	-0.000668215	5.87393
13.97	-0.00248768	9.05582	-0.00292275	3.18968	-0.000657846	5.86972
13.98	-0.00245948	9.04711	-0.00287945	3.18511	-0.000647638	5.86552
13.99	-0.00243141	9.03842	-0.0028368	3.18056	-0.000637589	5.86133
14	-0.00240346	9.02974	-0.00279477	3.17602	-0.000627696	5.85714
14.01	-0.00237565	9.02108	-0.00275337	3.17149	-0.000617956	5.85296
14.02	-0.00234796	9.01243	-0.00271259	3.16697	-0.000608369	5.84879
14.03	-0.0023204	9.0038	-0.0026724	3.16245	-0.00059893	5.84462
14.04	-0.00229296	8.99518	-0.00263281	3.15795	-0.000589638	5.84046
14.05	-0.00226564	8.98658	-0.00259381	3.15346	-0.00058049	5.8363
14.06	-0.00223844	8.97799	-0.00255539	3.14897	-0.000571485	5.83215
14.07	-0.00221136	8.96942	-0.00251753	3.1445	-0.000562619	5.828
14.08	-0.0021844	8.96086	-0.00248024	3.14003	-0.000553891	5.82386
14.09	-0.00215755	8.95232	-0.0024435	3.13558	-0.000545299	5.81973
14.1	-0.00213081	8.94379	-0.0024073	3.13113	-0.000536841	5.8156
14.11	-0.00210419	8.93527	-0.00237164	3.12669	-0.000528514	5.81148
14.12	-0.00207768	8.92678	-0.00233651	3.12227	-0.000520316	5.80737
14.13	-0.00205128	8.91829	-0.00230189	3.11785	-0.000512246	5.80326
14.14	-0.00202498	8.90982	-0.00226779	3.11344	-0.000504301	5.79915
14.15	-0.00199879	8.90136	-0.0022342	3.10904	-0.00049648	5.79505
14.16	-0.00197271	8.89292	-0.0022011	3.10465	-0.00048878	5.79096
14.17	-0.00194673	8.88449	-0.0021685	3.10027	-0.0004812	5.78687
14.18	-0.00192085	8.87608	-0.00213637	3.0959	-0.000473738	5.78279
14.19	-0.00189507	8.86768	-0.00210473	3.09154	-0.000466391	5.77872
14.2	-0.00186939	8.8593	-0.00207355	3.08719	-0.000459159	5.77465
14.21	-0.00184381	8.85093	-0.00204283	3.08284	-0.000452039	5.77058
14.22	-0.00181833	8.84258	-0.00201257	3.07851	-0.00044503	5.76653
14.23	-0.00179294	8.83423	-0.00198275	3.07418	-0.000438129	5.76247
14.24	-0.00176764	8.82591	-0.00195338	3.06987	-0.000431336	5.75843
14.25	-0.00174244	8.8176	-0.00192444	3.06556	-0.000424648	5.75439
14.26	-0.00171732	8.8093	-0.00189593	3.06126	-0.000418064	5.75035
14.27	-0.0016923	8.80101	-0.00186785	3.05697	-0.000411583	5.74632
14.28	-0.00166736	8.79274	-0.00184018	3.05269	-0.000405202	5.7423
14.29	-0.00164251	8.78449	-0.00181292	3.04842	-0.00039892	5.73828
14.3	-0.00161775	8.77625	-0.00178606	3.04416	-0.000392736	5.73427
14.31	-0.00159307	8.76802	-0.0017596	3.03991	-0.000386648	5.73026
14.32	-0.00156847	8.7598	-0.00173354	3.03566	-0.000380654	5.72626
14.33	-0.00154396	8.7516	-0.00170786	3.03143	-0.000374754	5.72226
14.34	-0.00151952	8.74342	-0.00168256	3.0272	-0.000368945	5.71827
14.35	-0.00149516	8.73525	-0.00165763	3.02298	-0.000363226	5.71429
14.36	-0.00147088	8.72709	-0.00163307	3.01877	-0.000357597	5.71031
14.37	-0.00144668	8.71894	-0.00160888	3.01457	-0.000352054	5.70633
14.38	-0.00142255	8.71081	-0.00158505	3.01038	-0.000346598	5.70236
14.39	-0.00139849	8.7027	-0.00156157	3.0062	-0.000341226	5.6984
14.4	-0.0013745	8.6946	-0.00153843	3.00203	-0.000335938	5.69444
14.41	-0.00135059	8.68651	-0.00151564	2.99786	-0.000330732	5.69049
14.42	-0.00132675	8.67843	-0.00149319	2.9937	-0.000325607	5.68655
14.43	-0.00130297	8.67037	-0.00147107	2.98956	-0.000320561	5.68261
14.44	-0.00127926	8.66232	-0.00144928	2.98542	-0.000315594	5.67867
14.45	-0.00125562	8.65429	-0.00142781	2.98129	-0.000310703	5.67474
14.46	-0.00123204	8.64627	-0.00140666	2.97716	-0.000305889	5.67082
14.47	-0.00120852	8.63826	-0.00138582	2.97305	-0.000301149	5.6669
14.48	-0.00118507	8.63027	-0.00136529	2.96895	-0.000296483	5.66298
14.49	-0.00116167	8.62229	-0.00134506	2.96485	-0.00029189	5.65908
14.5	-0.00113834	8.61432	-0.00132514	2.96076	-0.000287368	5.65517
14.51	-0.00111506	8.60637	-0.00130551	2.95668	-0.000282916	5.65127
14.52	-0.00109184	8.59843	-0.00128617	2.95261	-0.000278533	5.64738
14.53	-0.00106868	8.5905	-0.00126711	2.94855	-0.000274218	5.6435
14.54	-0.00104557	8.58259	-0.00124834	2.94449	-0.00026997	5.63961
14.55	-0.00102252	8.57469	-0.00122985	2.94045	-0.000265788	5.63574
14.56	-0.000999512	8.5668	-0.00121163	2.93641	-0.00026167	5.63187
14.57	-0.000976559	8.55893	-0.00119368	2.93238	-0.000257617	5.628
14.58	-0.000953655	8.55107	-0.001176	2.92836	-0.000253627	5.62414
14.59	-0.000930801	8.54323	-0.00115858	2.92435	-0.000249698	5.62029
14.6	-0.000907993	8.53539	-0.00114141	2.92034	-0.000245831	5.61644
14.61	-0.000885231	8.52757	-0.0011245	2.91635	-0.000242023	5.61259
14.62	-0.000862515	8.51977	-0.00110784	2.91236	-0.000238275	5.60876
14.63	-0.000839842	8.51197	-0.00109143	2.90838	-0.000234585	5.60492
14.64	-0.000817211	8.50419	-0.00107526	2.90441	-0.000230952	5.60109
14.65	-0.000794622	8.49642	-0.00105934	2.90044	-0.000227375	5.59727
14.66	-0.000772073	8.48867	-0.00104364	2.89649	-0.000223854	5.59345
14.67	-0.000749563	8.48093	-0.00102818	2.89254	-0.000220388	5.58964
14.68	-0.00072709	8.4732	-0.00101295	2.8886	-0.000216975	5.58583
14.69	-0.000704655	8.46548	-0.000997943	2.88467	-0.000213615	5.58203
14.7	-0.000682255	8.45778	-0.00098316	2.88074	-0.000210308	5.57823
14.71	-0.000659889	8.45009	-0.000968595	2.87683	-0.000207051	5.57444
14.72	-0.000637556	8.44242	-0.000954246	2.87292	-0.000203846	5.57065
14.73	-0.000615256	8.43475	-0.00094011	2.86902	-0.000200689	5.56687
14.74	-0.000592986	8.4271	-0.000926183	2.86513	-0.000197582	5.56309
14.75	-0.000570746	8.41946	-0.000912462	2.86125	-0.000194523	5.55932
14.76	-0.000548535	8.41184	-0.000898944	2.85737	-0.000191512	5.55556
14.77	-0.000526351	8.40422	-0.000885627	2.8535	-0.000188547	5.55179
14.78	-0.000504193	8.39662	-0.000872507	2.84964	-0.000185628	5.54804
14.79	-0.000482061	8.38904	-0.000859582	2.84579	-0.000182755	5.54429
14.8	-0.000459953	8.38146	-0.000846848	2.84195	-0.000179926	5.54054
14.81	-0.000437868	8.3739	-0.000834302	2.83811	-0.000177141	5.5368
14.82	-0.000415805	8.36635	-0.000821943	2.83428	-0.000174399	5.53306
14.83	-0.000393762	8.35881	-0.000809766	2.83046	-0.000171699	5.52933
14.84	-0.000371739	8.35129	-0.00079777	2.82665	-0.000169042	5.52561
14.85	-0.000349735	8.34377	-0.000785952	2.82284	-0.000166425	5.52189
14.86	-0.000327748	8.33627	-0.000774308	2.81904	-0.00016385	5.51817
14.87	-0.000305777	8.32879	-0.000762838	2.81525	-0.000161314	5.51446
14.88	-0.000283822	8.32131	-0.000751537	2.81147	-0.000158817	5.51075
14.89	-0.000261881	8.31385	-0.000740403	2.8077	-0.00015636	5.50705
14.9	-0.000239952	8.3064	-0.000729435	2.80393	-0.00015394	5.50336
14.91	-0.000218036	8.29896	-0.000718629	2.80017	-0.000151558	5.49966
14.92	-0.00019613	8.29154	-0.000707983	2.79642	-0.000149212	5.49598
14.93	-0.000174234	8.28412	-0.000697494	2.79267	-0.000146903	5.4923
14.94	-0.000152347	8.27672	-0.000687161	2.78893	-0.00014463	5.48862
14.95	-0.000130467	8.26933	-0.000676982	2.7852	-0.000142392	5.48495
14.96	-0.000108594	8.26196	-0.000666953	2.78148	-0.000140189	5.48128
14.97	-8.6726e-05	8.25459	-0.000657072	2.77777	-0.00013802	5.47762
14.98	-6.48623e-05	8.24724	-0.000647338	2.77406	-0.000135885	5.47397
14.99	-4.30018e-05	8.2399	-0.000637748	2.77036	-0.000133783	5.47031
