0	0	inf	-44.0186	inf	-inf	22.2927
0.01	1.10276e-05	414978	-44.0186	415000	-0.0372528	22.2927
0.02	4.852e-05	103728	-44.0186	103750	-0.0189065	22.2926
0.03	0.000111323	46089.4	-44.0186	46111.1	-0.0127939	22.2925
0.04	0.000199323	25915.8	-44.0186	25937.5	-0.00973967	22.2923
0.05	0.000312486	16578.3	-44.0186	16600	-0.0079089	22.2921
0.06	0.000450791	11506.1	-44.0186	11527.8	-0.00668986	22.2919
0.07	0.000614222	8447.67	-44.0186	8469.39	-0.00582039	22.2915
0.08	0.000802762	6462.66	-44.0186	6484.38	-0.00516942	22.2912
0.09	0.00101639	5101.74	-44.0186	5123.46	-0.00466413	22.2908
0.1	0.0012551	4128.28	-44.0186	4150	-0.00426084	22.2903
0.11	0.00151885	3408.03	-44.0185	3429.75	-0.00393174	22.2898
0.12	0.00180762	2860.22	-44.0185	2881.94	-0.00365829	22.2892
0.13	0.0021214	2433.9	-44.0185	2455.62	-0.00342766	22.2886
0.14	0.00246014	2095.62	-44.0185	2117.35	-0.00323068	22.288
0.15	0.00282382	1822.72	-44.0185	1844.44	-0.00306065	22.2872
0.16	0.00321241	1599.37	-44.0185	1621.09	-0.0029125	22.2865
0.17	0.00362587	1414.26	-44.0185	1435.99	-0.0027824	22.2857
0.18	0.00406416	1259.14	-44.0185	1280.86	-0.00266733	22.2848
0.19	0.00452725	1127.86	-44.0185	1149.58	-0.00256494	22.2839
0.2	0.00501509	1015.77	-44.0184	1037.5	-0.00247334	22.283
0.21	0.00552763	919.311	-44.0184	941.043	-0.00239098	22.282
0.22	0.00606484	835.705	-44.0184	857.438	-0.00231662	22.2809
0.23	0.00662665	762.765	-44.0184	784.499	-0.00224921	22.2798
0.24	0.00721303	698.751	-44.0184	720.486	-0.00218791	22.2787
0.25	0.00782392	642.263	-44.0184	664	-0.00213197	22.2775
0.26	0.00845925	592.167	-44.0184	613.905	-0.0020808	22.2762
0.27	0.00911899	547.534	-44.0184	569.273	-0.00203386	22.2749
0.28	0.00980305	507.596	-44.0183	529.337	-0.00199072	22.2736
0.29	0.0105114	471.718	-44.0183	493.46	-0.00195097	22.2722
0.3	0.0112439	439.367	-44.0183	461.111	-0.0019143	22.2708
0.31	0.0120006	410.097	-44.0183	431.842	-0.0018804	22.2693
0.32	0.0127814	383.527	-44.0183	405.273	-0.00184903	22.2677
0.33	0.0135862	359.335	-44.0183	381.084	-0.00181996	22.2662
0.34	0.0144148	337.246	-44.0183	358.997	-0.00179299	22.2645
0.35	0.0152674	317.024	-44.0182	338.776	-0.00176796	22.2628
0.36	0.0161437	298.462	-44.0182	320.216	-0.00174469	22.2611
0.37	0.0170437	281.386	-44.0182	303.141	-0.00172306	22.2593
0.38	0.0179674	265.639	-44.0182	287.396	-0.00170295	22.2575
0.39	0.0189145	251.088	-44.0182	272.847	-0.00168423	22.2556
0.4	0.0198851	237.614	-44.0182	259.375	-0.00166682	22.2537
0.41	0.0208791	225.114	-44.0182	246.877	-0.00165062	22.2517
0.42	0.0218963	213.496	-44.0181	235.261	-0.00163554	22.2497
0.43	0.0229367	202.678	-44.0181	224.446	-0.00162153	22.2476
0.44	0.0240002	192.59	-44.0181	214.36	-0.0016085	22.2455
0.45	0.0250866	183.167	-44.0181	204.938	-0.00159641	22.2433
0.46	0.026196	174.351	-44.0181	196.125	-0.00158519	22.2411
0.47	0.0273281	166.092	-44.0181	187.868	-0.00157479	22.2388
0.48	0.0284829	158.343	-44.018	180.122	-0.00156516	22.2365
0.49	0.0296602	151.064	-44.018	172.845	-0.00155628	22.2341
0.5	0.0308601	144.217	-44.018	166	-0.00154808	22.2317
0.51	0.0320822	137.768	-44.018	159.554	-0.00154055	22.2293
0.52	0.0333267	131.688	-44.018	153.476	-0.00153364	22.2267
0.53	0.0345932	125.949	-44.0179	147.739	-0.00152733	22.2242
0.54	0.0358818	120.525	-44.0179	142.318	-0.00152159	22.2216
0.55	0.0371922	115.394	-44.0179	137.19	-0.00151639	22.2189
0.56	0.0385244	110.536	-44.0179	132.334	-0.0015117	22.2162
0.57	0.0398783	105.93	-44.0179	127.732	-0.00150751	22.2134
0.58	0.0412537	101.561	-44.0178	123.365	-0.0015038	22.2106
0.59	0.0426505	97.4116	-44.0178	119.219	-0.00150054	22.2078
0.6	0.0440686	93.4678	-44.0178	115.278	-0.00149772	22.2049
0.61	0.0455078	89.7163	-44.0178	111.529	-0.00149531	22.2019
0.62	0.046968	86.1446	-44.0178	107.96	-0.00149332	22.1989
0.63	0.0484491	82.7414	-44.0177	104.56	-0.00149171	22.1959
0.64	0.0499509	79.4964	-44.0177	101.318	-0.00149048	22.1928
0.65	0.0514733	76.3997	-44.0177	98.2249	-0.00148962	22.1896
0.66	0.0530162	73.4426	-44.0177	95.2709	-0.00148911	22.1864
0.67	0.0545794	70.6167	-44.0176	92.4482	-0.00148894	22.1832
0.68	0.0561628	67.9144	-44.0176	89.7491	-0.0014891	22.1799
0.69	0.0577662	65.3285	-44.0176	87.1666	-0.00148959	22.1765
0.7	0.0593895	62.8524	-44.0176	84.6939	-0.00149038	22.1731
0.71	0.0610325	60.4801	-44.0175	82.3249	-0.00149149	22.1697
0.72	0.0626951	58.2057	-44.0175	80.054	-0.00149289	22.1662
0.73	0.0643771	56.0239	-44.0175	77.8758	-0.00149458	22.1627
0.74	0.0660783	53.9298	-44.0175	75.7852	-0.00149655	22.1591
0.75	0.0677987	51.9188	-44.0174	73.7778	-0.0014988	22.1554
0.76	0.069538	49.9864	-44.0174	71.849	-0.00150131	22.1518
0.77	0.0712962	48.1286	-44.0174	69.9949	-0.0015041	22.148
0.78	0.0730729	46.3416	-44.0174	68.2117	-0.00150714	22.1442
0.79	0.0748681	44.6218	-44.0173	66.4958	-0.00151044	22.1404
0.8	0.0766816	42.966	-44.0173	64.8437	-0.00151398	22.1365
0.81	0.0785132	41.3709	-44.0173	63.2526	-0.00151778	22.1326
0.82	0.0803628	39.8336	-44.0172	61.7192	-0.00152181	22.1286
0.83	0.0822301	38.3514	-44.0172	60.241	-0.00152608	22.1246
0.84	0.084115	36.9216	-44.0172	58.8152	-0.00153059	22.1205
0.85	0.0860174	35.5417	-44.0172	57.4394	-0.00153532	22.1164
0.86	0.087937	34.2096	-44.0171	56.1114	-0.00154029	22.1122
0.87	0.0898737	32.9229	-44.0171	54.8289	-0.00154547	22.108
0.88	0.0918273	31.6796	-44.0171	53.5899	-0.00155089	22.1037
0.89	0.0937976	30.4779	-44.017	52.3924	-0.00155652	22.0994
0.9	0.0957844	29.3157	-44.017	51.2346	-0.00156237	22.095
0.91	0.0977876	28.1915	-44.017	50.1147	-0.00156843	22.0906
0.92	0.0998069	27.1036	-44.0169	49.0312	-0.00157471	22.0861
0.93	0.101842	26.0503	-44.0169	47.9824	-0.0015812	22.0816
0.94	0.103893	25.0303	-44.0169	46.967	-0.0015879	22.0771
0.95	0.10596	24.0422	-44.0168	45.9834	-0.00159481	22.0724
0.96	0.108042	23.0846	-44.0168	45.0304	-0.00160192	22.0678
0.97	0.110139	22.1562	-44.0167	44.1067	-0.00160925	22.0631
0.98	0.112251	21.256	-44.0167	43.2112	-0.00161677	22.0583
0.99	0.114378	20.3827	-44.0167	42.3426	-0.00162451	22.0535
1	0.116519	19.5353	-44.0166	41.5	-0.00163244	22.0486
1.01	0.118675	18.7127	-44.0166	40.6823	-0.00164058	22.0437
1.02	0.120845	17.914	-44.0166	39.8885	-0.00164892	22.0388
1.03	0.123029	17.1383	-44.0165	39.1177	-0.00165747	22.0338
1.04	0.125227	16.3847	-44.0165	38.3691	-0.00166621	22.0287
1.05	0.127439	15.6523	-44.0164	37.6417	-0.00167515	22.0236
1.06	0.129663	14.9403	-44.0164	36.9349	-0.0016843	22.0185
1.07	0.131901	14.248	-44.0163	36.2477	-0.00169365	22.0133
1.08	0.134152	13.5747	-44.0163	35.5796	-0.00170319	22.008
1.09	0.136415	12.9196	-44.0163	34.9297	-0.00171294	22.0027
1.1	0.138691	12.2821	-44.0162	34.2975	-0.00172289	21.9974
1.11	0.140979	11.6616	-44.0162	33.6823	-0.00173304	21.992
1.12	0.14328	11.0575	-44.0161	33.0835	-0.00174339	21.9865
1.13	0.145592	10.4691	-44.0161	32.5006	-0.00175394	21.9811
1.14	0.147915	9.89591	-44.016	31.9329	-0.00176469	21.9755
1.15	0.15025	9.33745	-44.016	31.38	-0.00177565	21.9699
1.16	0.152597	8.79318	-44.0159	30.8413	-0.00178681	21.9643
1.17	0.154954	8.26262	-44.0159	30.3163	-0.00179817	21.9586
1.18	0.157322	7.7453	-44.0158	29.8047	-0.00180974	21.9529
1.19	0.1597	7.24078	-44.0158	29.3058	-0.00182151	21.9471
1.2	0.162088	6.74862	-44.0157	28.8194	-0.00183349	21.9412
1.21	0.164487	6.26843	-44.0157	28.3451	-0.00184568	21.9354
1.22	0.166895	5.79981	-44.0156	27.8823	-0.00185807	21.9294
1.23	0.169313	5.34238	-44.0156	27.4308	-0.00187067	21.9234
1.24	0.171741	4.89578	-44.0155	26.9901	-0.00188349	21.9174
1.25	0.174177	4.45967	-44.0155	26.56	-0.00189651	21.9113
1.26	0.176622	4.03372	-44.0154	26.1401	-0.00190975	21.9052
1.27	0.179076	3.61759	-44.0153	25.7301	-0.00192319	21.899
1.28	0.181538	3.21099	-44.0153	25.3296	-0.00193686	21.8928
1.29	0.184008	2.81362	-44.0152	24.9384	-0.00195074	21.8865
1.3	0.186486	2.42519	-44.0152	24.5562	-0.00196483	21.8802
1.31	0.188972	2.04544	-44.0151	24.1827	-0.00197915	21.8738
1.32	0.191465	1.67409	-44.015	23.8177	-0.00199369	21.8674
1.33	0.193965	1.3109	-44.015	23.4609	-0.00200845	21.861
1.34	0.196473	0.955622	-44.0149	23.1121	-0.00202343	21.8544
1.35	0.198987	0.608018	-44.0149	22.7709	-0.00203863	21.8479
1.36	0.201507	0.267865	-44.0148	22.4373	-0.00205407	21.8413
1.37	0.204033	-0.065057	-44.0147	22.1109	-0.00206973	21.8346
1.38	0.206566	-0.390957	-44.0147	21.7916	-0.00208562	21.8279
1.39	0.209104	-0.710039	-44.0146	21.4792	-0.00210175	21.8211
1.4	0.211647	-1.0225	-44.0145	21.1735	-0.00211811	21.8143
1.41	0.214195	-1.32852	-44.0144	20.8742	-0.00213471	21.8075
1.42	0.216749	-1.62829	-44.0144	20.5812	-0.00215154	21.8005
1.43	0.219307	-1.92198	-44.0143	20.2944	-0.00216861	21.7936
1.44	0.221869	-2.20977	-44.0142	20.0135	-0.00218593	21.7866
1.45	0.224436	-2.49181	-44.0141	19.7384	-0.00220349	21.7795
1.46	0.227006	-2.76826	-44.0141	19.4689	-0.0022213	21.7724
1.47	0.22958	-3.03928	-44.014	19.205	-0.00223936	21.7653
1.48	0.232158	-3.30502	-44.0139	18.9463	-0.00225766	21.7581
1.49	0.234738	-3.56561	-44.0138	18.6929	-0.00227622	21.7508
1.5	0.237322	-3.8212	-44.0138	18.4444	-0.00229504	21.7435
1.51	0.239908	-4.07191	-44.0137	18.201	-0.00231412	21.7362
1.52	0.242496	-4.31788	-44.0136	17.9623	-0.00233345	21.7288
1.53	0.245086	-4.55924	-44.0135	17.7282	-0.00235305	21.7213
1.54	0.247678	-4.79609	-44.0134	17.4987	-0.00237292	21.7138
1.55	0.250272	-5.02857	-44.0133	17.2737	-0.00239305	21.7063
1.56	0.252867	-5.25678	-44.0132	17.0529	-0.00241345	21.6987
1.57	0.255463	-5.48083	-44.0132	16.8364	-0.00243413	21.6911
1.58	0.258059	-5.70083	-44.0131	16.6239	-0.00245509	21.6834
1.59	0.260656	-5.91688	-44.013	16.4155	-0.00247632	21.6756
1.6	0.263254	-6.12909	-44.0129	16.2109	-0.00249784	21.6679
1.61	0.265851	-6.33753	-44.0128	16.0102	-0.00251964	21.66
1.62	0.268448	-6.54232	-44.0127	15.8131	-0.00254173	21.6521
1.63	0.271044	-6.74355	-44.0126	15.6197	-0.00256411	21.6442
1.64	0.273639	-6.94129	-44.0125	15.4298	-0.00258679	21.6362
1.65	0.276233	-7.13563	-44.0124	15.2433	-0.00260976	21.6282
1.66	0.278826	-7.32666	-44.0123	15.0602	-0.00263303	21.6201
1.67	0.281417	-7.51446	-44.0122	14.8804	-0.00265661	21.612
1.68	0.284006	-7.6991	-44.0121	14.7038	-0.0026805	21.6038
1.69	0.286593	-7.88067	-44.012	14.5303	-0.00270469	21.5956
1.7	0.289178	-8.05923	-44.0119	14.3599	-0.0027292	21.5873
1.71	0.291759	-8.23485	-44.0117	14.1924	-0.00275403	21.579
1.72	0.294338	-8.40761	-44.0116	14.0279	-0.00277917	21.5706
1.73	0.296913	-8.57757	-44.0115	13.8661	-0.00280464	21.5622
1.74	0.299485	-8.74479	-44.0114	13.7072	-0.00283044	21.5537
1.75	0.302053	-8.90935	-44.0113	13.551	-0.00285657	21.5452
1.76	0.304617	-9.0713	-44.0112	13.3975	-0.00288304	21.5366
1.77	0.307176	-9.23069	-44.011	13.2465	-0.00290984	21.528
1.78	0.30973	-9.3876	-44.0109	13.0981	-0.00293699	21.5193
1.79	0.31228	-9.54207	-44.0108	12.9522	-0.00296448	21.5106
1.8	0.314825	-9.69417	-44.0107	12.8086	-0.00299232	21.5019
1.81	0.317364	-9.84393	-44.0105	12.6675	-0.00302052	21.4931
1.82	0.319897	-9.99143	-44.0104	12.5287	-0.00304908	21.4842
1.83	0.322424	-10.1367	-44.0103	12.3921	-0.003078	21.4753
1.84	0.324945	-10.2798	-44.0101	12.2578	-0.00310728	21.4663
1.85	0.327459	-10.4208	-44.01	12.1256	-0.00313694	21.4573
1.86	0.329966	-10.5597	-44.0099	11.9956	-0.00316697	21.4483
1.87	0.332467	-10.6965	-44.0097	11.8677	-0.00319738	21.4392
1.88	0.33496	-10.8314	-44.0096	11.7417	-0.00322818	21.43
1.89	0.337445	-10.9643	-44.0094	11.6178	-0.00325936	21.4208
1.9	0.339922	-11.0953	-44.0093	11.4958	-0.00329094	21.4116
1.91	0.342391	-11.2244	-44.0091	11.3758	-0.00332292	21.4023
1.92	0.344851	-11.3518	-44.009	11.2576	-0.00335529	21.3929
1.93	0.347303	-11.4773	-44.0088	11.1412	-0.00338808	21.3835
1.94	0.349746	-11.6011	-44.0087	11.0267	-0.00342127	21.3741
1.95	0.352179	-11.7232	-44.0085	10.9139	-0.00345489	21.3646
1.96	0.354603	-11.8436	-44.0084	10.8028	-0.00348892	21.355
1.97	0.357017	-11.9623	-44.0082	10.6934	-0.00352338	21.3454
1.98	0.359421	-12.0795	-44.008	10.5857	-0.00355828	21.3358
1.99	0.361814	-12.195	-44.0079	10.4795	-0.00359361	21.3261
2	0.364197	-12.3091	-44.0077	10.375	-0.00362938	21.3164
2.01	0.366568	-12.4216	-44.0075	10.272	-0.0036656	21.3066
2.02	0.368929	-12.5326	-44.0073	10.1706	-0.00370227	21.2967
2.03	0.371278	-12.6422	-44.0072	10.0706	-0.0037394	21.2868
2.04	0.373615	-12.7504	-44.007	9.97213	-0.00377699	21.2769
2.05	0.37594	-12.8572	-44.0068	9.87507	-0.00381505	21.2669
2.06	0.378253	-12.9626	-44.0066	9.77943	-0.00385359	21.2569
2.07	0.380554	-13.0666	-44.0064	9.68517	-0.00389261	21.2468
2.08	0.382841	-13.1694	-44.0062	9.59227	-0.00393211	21.2367
2.09	0.385116	-13.2709	-44.006	9.5007	-0.00397211	21.2265
2.1	0.387377	-13.3711	-44.0058	9.41043	-0.0040126	21.2163
2.11	0.389624	-13.4701	-44.0056	9.32144	-0.0040536	21.206
2.12	0.391858	-13.5678	-44.0054	9.23371	-0.00409511	21.1957
2.13	0.394077	-13.6644	-44.0052	9.14722	-0.00413714	21.1853
2.14	0.396282	-13.7598	-44.005	9.06193	-0.00417969	21.1749
2.15	0.398473	-13.8541	-44.0048	8.97783	-0.00422276	21.1644
2.16	0.400648	-13.9473	-44.0046	8.89489	-0.00426638	21.1539
2.17	0.402808	-14.0393	-44.0044	8.8131	-0.00431053	21.1433
2.18	0.404953	-14.1303	-44.0041	8.73243	-0.00435524	21.1327
2.19	0.407082	-14.2202	-44.0039	8.65286	-0.00440049	21.122
2.2	0.409195	-14.3091	-44.0037	8.57438	-0.00444632	21.1113
2.21	0.411292	-14.3969	-44.0034	8.49696	-0.00449271	21.1006
2.22	0.413372	-14.4838	-44.0032	8.42058	-0.00453968	21.0897
2.23	0.415435	-14.5697	-44.003	8.34523	-0.00458723	21.0789
2.24	0.417482	-14.6546	-44.0027	8.27089	-0.00463537	21.068
2.25	0.419511	-14.7386	-44.0025	8.19753	-0.00468411	21.057
2.26	0.421523	-14.8216	-44.0022	8.12515	-0.00473345	21.046
2.27	0.423517	-14.9037	-44.002	8.05372	-0.00478341	21.0349
2.28	0.425493	-14.985	-44.0017	7.98323	-0.00483399	21.0238
2.29	0.42745	-15.0653	-44.0014	7.91366	-0.00488519	21.0127
2.3	0.429389	-15.1448	-44.0012	7.84499	-0.00493703	21.0015
2.31	0.43131	-15.2235	-44.0009	7.77722	-0.00498952	20.9902
2.32	0.433211	-15.3013	-44.0006	7.71032	-0.00504265	20.9789
2.33	0.435093	-15.3783	-44.0003	7.64427	-0.00509645	20.9676
2.34	0.436956	-15.4545	-44.0001	7.57908	-0.00515091	20.9562
2.35	0.438798	-15.5299	-43.9998	7.51471	-0.00520605	20.9447
2.36	0.440621	-15.6046	-43.9995	7.45116	-0.00526187	20.9332
2.37	0.442424	-15.6784	-43.9992	7.38842	-0.00531839	20.9217
2.38	0.444206	-15.7516	-43.9989	7.32646	-0.00537561	20.9101
2.39	0.445967	-15.824	-43.9986	7.26528	-0.00543354	20.8984
2.4	0.447707	-15.8957	-43.9983	7.20486	-0.00549219	20.8868
2.41	0.449427	-15.9666	-43.9979	7.14519	-0.00555156	20.875
2.42	0.451124	-16.0369	-43.9976	7.08626	-0.00561168	20.8632
2.43	0.4528	-16.1065	-43.9973	7.02806	-0.00567254	20.8514
2.44	0.454454	-16.1754	-43.997	6.97057	-0.00573415	20.8395
2.45	0.456087	-16.2437	-43.9966	6.91379	-0.00579653	20.8276
2.46	0.457696	-16.3113	-43.9963	6.85769	-0.00585969	20.8156
2.47	0.459283	-16.3783	-43.996	6.80228	-0.00592363	20.8035
2.48	0.460848	-16.4446	-43.9956	6.74753	-0.00598837	20.7915
2.49	0.462389	-16.5104	-43.9952	6.69344	-0.00605391	20.7793
2.5	0.463907	-16.5755	-43.9949	6.64	-0.00612026	20.7671
2.51	0.465401	-16.64	-43.9945	6.5872	-0.00618744	20.7549
2.52	0.466872	-16.704	-43.9942	6.53502	-0.00625545	20.7426
2.53	0.468319	-16.7674	-43.9938	6.48346	-0.00632431	20.7303
2.54	0.469742	-16.8302	-43.9934	6.43251	-0.00639403	20.7179
2.55	0.47114	-16.8924	-43.993	6.38216	-0.00646461	20.7055
2.56	0.472514	-16.9541	-43.9926	6.3324	-0.00653607	20.693
2.57	0.473863	-17.0153	-43.9922	6.28321	-0.00660842	20.6805
2.58	0.475187	-17.0759	-43.9918	6.2346	-0.00668168	20.6679
2.59	0.476486	-17.136	-43.9914	6.18655	-0.00675584	20.6553
2.6	0.477759	-17.1956	-43.991	6.13905	-0.00683092	20.6427
2.61	0.479007	-17.2547	-43.9905	6.0921	-0.00690694	20.6299
2.62	0.480229	-17.3133	-43.9901	6.04568	-0.00698391	20.6172
2.63	0.481425	-17.3714	-43.9897	5.9998	-0.00706183	20.6044
2.64	0.482595	-17.429	-43.9892	5.95443	-0.00714073	20.5915
2.65	0.483738	-17.4862	-43.9888	5.90958	-0.00722061	20.5786
2.66	0.484855	-17.5429	-43.9883	5.86523	-0.00730148	20.5656
2.67	0.485945	-17.5991	-43.9879	5.82137	-0.00738336	20.5526
2.68	0.487008	-17.6549	-43.9874	5.77801	-0.00746626	20.5396
2.69	0.488044	-17.7102	-43.9869	5.73513	-0.0075502	20.5264
2.7	0.489052	-17.7651	-43.9864	5.69273	-0.00763518	20.5133
2.71	0.490033	-17.8196	-43.9859	5.65079	-0.00772122	20.5001
2.72	0.490986	-17.8737	-43.9854	5.60932	-0.00780834	20.4868
2.73	0.491912	-17.9273	-43.9849	5.5683	-0.00789654	20.4735
2.74	0.492809	-17.9805	-43.9844	5.52773	-0.00798584	20.4602
2.75	0.493677	-18.0334	-43.9839	5.4876	-0.00807626	20.4468
2.76	0.494518	-18.0858	-43.9834	5.44791	-0.0081678	20.4333
2.77	0.49533	-18.1378	-43.9828	5.40865	-0.00826049	20.4198
2.78	0.496112	-18.1895	-43.9823	5.3698	-0.00835434	20.4063
2.79	0.496866	-18.2408	-43.9817	5.33138	-0.00844936	20.3927
2.8	0.497591	-18.2917	-43.9812	5.29337	-0.00854557	20.379
2.81	0.498287	-18.3422	-43.9806	5.25576	-0.00864298	20.3653
2.82	0.498953	-18.3924	-43.98	5.21855	-0.0087416	20.3516
2.83	0.499589	-18.4422	-43.9794	5.18174	-0.00884146	20.3378
2.84	0.500196	-18.4917	-43.9788	5.14531	-0.00894257	20.324
2.85	0.500772	-18.5408	-43.9782	5.10926	-0.00904494	20.3101
2.86	0.501319	-18.5896	-43.9776	5.0736	-0.0091486	20.2961
2.87	0.501835	-18.638	-43.977	5.0383	-0.00925355	20.2822
2.88	0.502321	-18.6861	-43.9763	5.00338	-0.00935981	20.2681
2.89	0.502777	-18.7339	-43.9757	4.96881	-0.00946741	20.254
2.9	0.503202	-18.7814	-43.975	4.9346	-0.00957635	20.2399
2.91	0.503595	-18.8285	-43.9744	4.90075	-0.00968666	20.2257
2.92	0.503958	-18.8754	-43.9737	4.86724	-0.00979835	20.2115
2.93	0.50429	-18.9219	-43.973	4.83407	-0.00991143	20.1972
2.94	0.504591	-18.9681	-43.9723	4.80124	-0.0100259	20.1829
2.95	0.50486	-19.0141	-43.9716	4.76874	-0.0101419	20.1685
2.96	0.505098	-19.0597	-43.9709	4.73658	-0.0102593	20.1541
2.97	0.505304	-19.1051	-43.9702	4.70474	-0.0103781	20.1396
2.98	0.505479	-19.1501	-43.9694	4.67321	-0.0104985	20.1251
2.99	0.505621	-19.1949	-43.9687	4.64201	-0.0106204	20.1105
3	0.505732	-19.2394	-43.9679	4.61111	-0.0107438	20.0959
3.01	0.50581	-19.2837	-43.9672	4.58052	-0.0108687	20.0812
3.02	0.505857	-19.3276	-43.9664	4.55024	-0.0109952	20.0665
3.03	0.505871	-19.3713	-43.9656	4.52025	-0.0111233	20.0517
3.04	0.505852	-19.4148	-43.9648	4.49056	-0.011253	20.0369
3.05	0.505801	-19.458	-43.964	4.46117	-0.0113844	20.022
3.06	0.505718	-19.5009	-43.9631	4.43206	-0.0115174	20.0071
3.07	0.505601	-19.5436	-43.9623	4.40323	-0.011652	19.9922
3.08	0.505452	-19.586	-43.9614	4.37468	-0.0117884	19.9772
3.09	0.50527	-19.6282	-43.9606	4.34641	-0.0119265	19.9621
3.1	0.505055	-19.6701	-43.9597	4.31842	-0.0120663	19.947
3.11	0.504807	-19.7118	-43.9588	4.29069	-0.0122078	19.9318
3.12	0.504526	-19.7533	-43.9579	4.26323	-0.0123512	19.9166
3.13	0.504211	-19.7946	-43.957	4.23603	-0.0124963	19.9014
3.14	0.503863	-19.8356	-43.956	4.2091	-0.0126433	19.8861
3.15	0.503482	-19.8764	-43.9551	4.18241	-0.0127921	19.8707
3.16	0.503067	-19.9169	-43.9541	4.15598	-0.0129428	19.8553
3.17	0.502618	-19.9573	-43.9531	4.12981	-0.0130954	19.8399
3.18	0.502136	-19.9974	-43.9521	4.10387	-0.01325	19.8244
3.19	0.501621	-20.0373	-43.9511	4.07818	-0.0134064	19.8088
3.2	0.501071	-20.077	-43.9501	4.05273	-0.0135649	19.7932
3.21	0.500488	-20.1165	-43.9491	4.02752	-0.0137253	19.7776
3.22	0.499871	-20.1558	-43.948	4.00255	-0.0138878	19.7619
3.23	0.499219	-20.1949	-43.9469	3.9778	-0.0140523	19.7461
3.24	0.498534	-20.2338	-43.9459	3.95328	-0.0142189	19.7303
3.25	0.497815	-20.2725	-43.9448	3.92899	-0.0143875	19.7145
3.26	0.497062	-20.311	-43.9436	3.90493	-0.0145584	19.6986
3.27	0.496275	-20.3493	-43.9425	3.88108	-0.0147313	19.6827
3.28	0.495453	-20.3874	-43.9414	3.85745	-0.0149065	19.6667
3.29	0.494598	-20.4253	-43.9402	3.83404	-0.0150838	19.6506
3.3	0.493708	-20.4631	-43.939	3.81084	-0.0152634	19.6345
3.31	0.492784	-20.5006	-43.9378	3.78784	-0.0154453	19.6184
3.32	0.491825	-20.538	-43.9366	3.76506	-0.0156295	19.6022
3.33	0.490833	-20.5752	-43.9353	3.74248	-0.015816	19.586
3.34	0.489806	-20.6122	-43.9341	3.7201	-0.0160048	19.5697
3.35	0.488744	-20.6491	-43.9328	3.69793	-0.016196	19.5534
3.36	0.487649	-20.6858	-43.9315	3.67595	-0.0163897	19.537
3.37	0.486519	-20.7223	-43.9302	3.65417	-0.0165858	19.5206
3.38	0.485354	-20.7586	-43.9288	3.63258	-0.0167844	19.5041
3.39	0.484156	-20.7948	-43.9275	3.61118	-0.0169855	19.4876
3.4	0.482923	-20.8308	-43.9261	3.58997	-0.0171891	19.471
3.41	0.481655	-20.8666	-43.9247	3.56894	-0.0173953	19.4544
3.42	0.480354	-20.9023	-43.9233	3.5481	-0.0176041	19.4377
3.43	0.479018	-20.9378	-43.9219	3.52744	-0.0178156	19.421
3.44	0.477647	-20.9732	-43.9204	3.50696	-0.0180297	19.4042
3.45	0.476243	-21.0084	-43.9189	3.48666	-0.0182465	19.3874
3.46	0.474804	-21.0434	-43.9174	3.46654	-0.0184661	19.3705
3.47	0.47333	-21.0783	-43.9159	3.44659	-0.0186885	19.3536
3.48	0.471823	-21.113	-43.9143	3.42681	-0.0189137	19.3367
3.49	0.470281	-21.1476	-43.9128	3.4072	-0.0191417	19.3196
3.5	0.468706	-21.1821	-43.9112	3.38776	-0.0193726	19.3026
3.51	0.467096	-21.2164	-43.9095	3.36848	-0.0196064	19.2855
3.52	0.465452	-21.2505	-43.9079	3.34937	-0.0198432	19.2683
3.53	0.463774	-21.2845	-43.9062	3.33042	-0.020083	19.2511
3.54	0.462062	-21.3184	-43.9045	3.31163	-0.0203259	19.2338
3.55	0.460316	-21.3521	-43.9028	3.293	-0.0205718	19.2165
3.56	0.458536	-21.3857	-43.9011	3.27452	-0.0208208	19.1992
3.57	0.456722	-21.4192	-43.8993	3.2562	-0.021073	19.1818
3.58	0.454874	-21.4525	-43.8975	3.23804	-0.0213284	19.1643
3.59	0.452993	-21.4856	-43.8957	3.22002	-0.021587	19.1468
3.6	0.451078	-21.5187	-43.8938	3.20216	-0.0218489	19.1293
3.61	0.44913	-21.5516	-43.8919	3.18444	-0.0221142	19.1117
3.62	0.447148	-21.5844	-43.89	3.16688	-0.0223827	19.094
3.63	0.445132	-21.617	-43.8881	3.14945	-0.0226547	19.0763
3.64	0.443084	-21.6495	-43.8861	3.13217	-0.0229302	19.0586
3.65	0.441002	-21.6819	-43.8841	3.11503	-0.0232091	19.0408
3.66	0.438887	-21.7141	-43.8821	3.09803	-0.0234916	19.0229
3.67	0.436738	-21.7463	-43.88	3.08117	-0.0237776	19.005
3.68	0.434557	-21.7783	-43.8779	3.06445	-0.0240673	18.9871
3.69	0.432343	-21.8101	-43.8758	3.04786	-0.0243606	18.9691
3.7	0.430096	-21.8419	-43.8737	3.03141	-0.0246577	18.9511
3.71	0.427816	-21.8735	-43.8715	3.01509	-0.0249586	18.933
3.72	0.425504	-21.905	-43.8693	2.9989	-0.0252632	18.9149
3.73	0.423159	-21.9364	-43.867	2.98284	-0.0255717	18.8967
3.74	0.420782	-21.9676	-43.8648	2.96691	-0.0258842	18.8784
3.75	0.418373	-21.9988	-43.8624	2.95111	-0.0262006	18.8602
3.76	0.415932	-22.0298	-43.8601	2.93543	-0.026521	18.8418
3.77	0.413458	-22.0607	-43.8577	2.91988	-0.0268455	18.8234
3.78	0.410953	-22.0915	-43.8553	2.90445	-0.0271741	18.805
3.79	0.408416	-22.1221	-43.8528	2.88915	-0.0275068	18.7865
3.8	0.405848	-22.1527	-43.8503	2.87396	-0.0278438	18.768
3.81	0.403248	-22.1831	-43.8478	2.85889	-0.0281851	18.7494
3.82	0.400616	-22.2134	-43.8452	2.84395	-0.0285307	18.7308
3.83	0.397954	-22.2436	-43.8426	2.82911	-0.0288807	18.7121
3.84	0.39526	-22.2737	-43.84	2.8144	-0.0292351	18.6934
3.85	0.392536	-22.3037	-43.8373	2.7998	-0.029594	18.6746
3.86	0.389781	-22.3335	-43.8346	2.78531	-0.0299575	18.6558
3.87	0.386995	-22.3633	-43.8318	2.77093	-0.0303255	18.637
3.88	0.38418	-22.3929	-43.829	2.75667	-0.0306983	18.618
3.89	0.381333	-22.4224	-43.8262	2.74251	-0.0310758	18.5991
3.9	0.378457	-22.4518	-43.8233	2.72847	-0.031458	18.5801
3.91	0.375551	-22.4811	-43.8203	2.71453	-0.0318452	18.561
3.92	0.372615	-22.5103	-43.8174	2.7007	-0.0322372	18.5419
3.93	0.36965	-22.5394	-43.8143	2.68697	-0.0326342	18.5227
3.94	0.366655	-22.5684	-43.8113	2.67335	-0.0330362	18.5035
3.95	0.363631	-22.5972	-43.8082	2.65983	-0.0334433	18.4842
3.96	0.360579	-22.6259	-43.805	2.64641	-0.0338556	18.4649
3.97	0.357497	-22.6546	-43.8018	2.6331	-0.0342732	18.4456
3.98	0.354387	-22.6831	-43.7986	2.61988	-0.034696	18.4262
3.99	0.351249	-22.7115	-43.7953	2.60677	-0.0351241	18.4067
4	0.348082	-22.7398	-43.7919	2.59375	-0.0355577	18.3872
4.01	0.344887	-22.768	-43.7885	2.58083	-0.0359968	18.3677
4.02	0.341665	-22.7961	-43.7851	2.56801	-0.0364415	18.3481
4.03	0.338415	-22.8241	-43.7815	2.55528	-0.0368918	18.3284
4.04	0.335138	-22.8519	-43.778	2.54264	-0.0373478	18.3087
4.05	0.331834	-22.8797	-43.7744	2.5301	-0.0378096	18.289
4.06	0.328502	-22.9073	-43.7707	2.51765	-0.0382772	18.2692
4.07	0.325144	-22.9349	-43.767	2.5053	-0.0387507	18.2493
4.08	0.32176	-22.9623	-43.7632	2.49303	-0.0392303	18.2294
4.09	0.31835	-22.9896	-43.7594	2.48086	-0.0397159	18.2095
4.1	0.314913	-23.0168	-43.7555	2.46877	-0.0402076	18.1895
4.11	0.311451	-23.0439	-43.7516	2.45677	-0.0407056	18.1695
4.12	0.307964	-23.0709	-43.7476	2.44486	-0.0412099	18.1494
4.13	0.304451	-23.0978	-43.7435	2.43303	-0.0417206	18.1292
4.14	0.300913	-23.1246	-43.7394	2.42129	-0.0422377	18.109
4.15	0.29735	-23.1513	-43.7352	2.40964	-0.0427613	18.0888
4.16	0.293763	-23.1778	-43.731	2.39807	-0.0432916	18.0685
4.17	0.290152	-23.2042	-43.7267	2.38658	-0.0438286	18.0482
4.18	0.286517	-23.2306	-43.7223	2.37517	-0.0443724	18.0278
4.19	0.282858	-23.2568	-43.7179	2.36385	-0.044923	18.0074
4.2	0.279176	-23.2829	-43.7134	2.35261	-0.0454806	17.9869
4.21	0.27547	-23.3089	-43.7088	2.34144	-0.0460452	17.9664
4.22	0.271742	-23.3348	-43.7042	2.33036	-0.046617	17.9458
4.23	0.267991	-23.3606	-43.6995	2.31936	-0.047196	17.9252
4.24	0.264218	-23.3862	-43.6947	2.30843	-0.0477822	17.9045
4.25	0.260423	-23.4118	-43.6899	2.29758	-0.0483759	17.8838
4.26	0.256605	-23.4372	-43.6849	2.2868	-0.0489771	17.863
4.27	0.252767	-23.4625	-43.68	2.27611	-0.0495858	17.8422
4.28	0.248907	-23.4877	-43.6749	2.26548	-0.0502022	17.8213
4.29	0.245026	-23.5128	-43.6698	2.25493	-0.0508264	17.8004
4.3	0.241125	-23.5377	-43.6645	2.24446	-0.0514584	17.7794
4.31	0.237204	-23.5626	-43.6592	2.23405	-0.0520984	17.7584
4.32	0.233262	-23.5873	-43.6539	2.22372	-0.0527464	17.7373
4.33	0.229301	-23.6119	-43.6484	2.21346	-0.0534026	17.7162
4.34	0.22532	-23.6364	-43.6429	2.20327	-0.054067	17.6951
4.35	0.221321	-23.6608	-43.6373	2.19316	-0.0547398	17.6739
4.36	0.217302	-23.6851	-43.6316	2.18311	-0.055421	17.6526
4.37	0.213265	-23.7092	-43.6258	2.17313	-0.0561108	17.6313
4.38	0.20921	-23.7332	-43.62	2.16322	-0.0568093	17.6099
4.39	0.205138	-23.7571	-43.614	2.15337	-0.0575165	17.5885
4.4	0.201047	-23.7809	-43.608	2.1436	-0.0582326	17.5671
4.41	0.19694	-23.8045	-43.6019	2.13388	-0.0589577	17.5456
4.42	0.192816	-23.828	-43.5956	2.12424	-0.0596918	17.524
4.43	0.188675	-23.8514	-43.5893	2.11466	-0.0604351	17.5024
4.44	0.184518	-23.8747	-43.5829	2.10515	-0.0611878	17.4807
4.45	0.180345	-23.8978	-43.5764	2.09569	-0.0619499	17.459
4.46	0.176157	-23.9208	-43.5698	2.08631	-0.0627214	17.4373
4.47	0.171953	-23.9437	-43.5632	2.07698	-0.0635027	17.4155
4.48	0.167735	-23.9664	-43.5564	2.06772	-0.0642937	17.3937
4.49	0.163503	-23.989	-43.5495	2.05852	-0.0650946	17.3718
4.5	0.159256	-24.0115	-43.5425	2.04938	-0.0659054	17.3498
4.51	0.154995	-24.0338	-43.5354	2.0403	-0.0667264	17.3278
4.52	0.150721	-24.056	-43.5282	2.03129	-0.0675576	17.3058
4.53	0.146434	-24.0781	-43.5209	2.02233	-0.0683992	17.2837
4.54	0.142134	-24.1	-43.5135	2.01343	-0.0692512	17.2616
4.55	0.137822	-24.1218	-43.506	2.00459	-0.0701138	17.2394
4.56	0.133498	-24.1435	-43.4984	1.99581	-0.0709872	17.2171
4.57	0.129162	-24.165	-43.4906	1.98708	-0.0718714	17.1948
4.58	0.124815	-24.1863	-43.4828	1.97841	-0.0727666	17.1725
4.59	0.120458	-24.2075	-43.4748	1.9698	-0.0736729	17.1501
4.6	0.116089	-24.2286	-43.4667	1.96125	-0.0745904	17.1277
4.61	0.111711	-24.2495	-43.4585	1.95275	-0.0755193	17.1052
4.62	0.107322	-24.2703	-43.4502	1.9443	-0.0764597	17.0827
4.63	0.102924	-24.2909	-43.4418	1.93591	-0.0774117	17.0601
4.64	0.0985177	-24.3114	-43.4332	1.92758	-0.0783755	17.0375
4.65	0.0941022	-24.3317	-43.4245	1.9193	-0.0793512	17.0148
4.66	0.0896785	-24.3519	-43.4157	1.91107	-0.080339	16.9921
4.67	0.0852468	-24.3719	-43.4067	1.90289	-0.0813389	16.9693
4.68	0.0808077	-24.3917	-43.3976	1.89477	-0.0823511	16.9465
4.69	0.0763614	-24.4114	-43.3884	1.8867	-0.0833758	16.9236
4.7	0.0719083	-24.4309	-43.3791	1.87868	-0.0844131	16.9007
4.71	0.0674489	-24.4502	-43.3696	1.87071	-0.0854632	16.8777
4.72	0.0629835	-24.4694	-43.36	1.86279	-0.0865261	16.8547
4.73	0.0585126	-24.4885	-43.3502	1.85492	-0.0876021	16.8316
4.74	0.0540364	-24.5073	-43.3403	1.8471	-0.0886912	16.8085
4.75	0.0495554	-24.526	-43.3303	1.83934	-0.0897937	16.7853
4.76	0.0450701	-24.5445	-43.3201	1.83161	-0.0909097	16.7621
4.77	0.0405807	-24.5628	-43.3097	1.82394	-0.0920393	16.7389
4.78	0.0360877	-24.581	-43.2992	1.81632	-0.0931827	16.7156
4.79	0.0315915	-24.599	-43.2886	1.80874	-0.0943401	16.6922
4.8	0.0270925	-24.6167	-43.2778	1.80122	-0.0955115	16.6688
4.81	0.022591	-24.6344	-43.2668	1.79373	-0.0966972	16.6453
4.82	0.0180875	-24.6518	-43.2557	1.7863	-0.0978973	16.6218
4.83	0.0135824	-24.669	-43.2444	1.77891	-0.099112	16.5983
4.84	0.00907611	-24.6861	-43.233	1.77157	-0.100341	16.5747
4.85	0.00456898	-24.7029	-43.2214	1.76427	-0.101586	16.551
4.86	6.14413e-05	-24.7196	-43.2096	1.75702	-0.102845	16.5273
4.87	-0.0044461	-24.736	-43.1976	1.74981	-0.10412	16.5036
4.88	-0.00895325	-24.7523	-43.1855	1.74264	-0.105409	16.4798
4.89	-0.0134596	-24.7684	-43.1732	1.73552	-0.106715	16.4559
4.9	-0.0179647	-24.7842	-43.1607	1.72845	-0.108036	16.432
4.91	-0.0224682	-24.7999	-43.1481	1.72141	-0.109373	16.4081
4.92	-0.0269697	-24.8153	-43.1353	1.71442	-0.110726	16.3841
4.93	-0.0314687	-24.8305	-43.1222	1.70747	-0.112096	16.36
4.94	-0.0359649	-24.8456	-43.109	1.70057	-0.113481	16.3359
4.95	-0.0404579	-24.8604	-43.0956	1.6937	-0.114884	16.3118
4.96	-0.0449472	-24.8749	-43.082	1.68688	-0.116303	16.2876
4.97	-0.0494324	-24.8893	-43.0682	1.6801	-0.117739	16.2634
4.98	-0.0539131	-24.9034	-43.0543	1.67336	-0.119192	16.2391
4.99	-0.0583889	-24.9173	-43.0401	1.66666	-0.120662	16.2148
5	-0.0628594	-24.931	-43.0257	1.66	-0.12215	16.1904
5.01	-0.0673243	-24.9445	-43.0111	1.65338	-0.123655	16.1659
5.02	-0.071783	-24.9577	-42.9963	1.6468	-0.125178	16.1414
5.03	-0.0762351	-24.9706	-42.9813	1.64026	-0.12672	16.1169
5.04	-0.0806803	-24.9834	-42.966	1.63376	-0.128279	16.0923
5.05	-0.0851182	-24.9959	-42.9506	1.62729	-0.129857	16.0677
5.06	-0.0895483	-25.0081	-42.9349	1.62087	-0.131453	16.043
5.07	-0.0939702	-25.0201	-42.919	1.61448	-0.133068	16.0183
5.08	-0.0983836	-25.0318	-42.9029	1.60813	-0.134701	15.9935
5.09	-0.102788	-25.0433	-42.8865	1.60182	-0.136354	15.9687
5.1	-0.107183	-25.0545	-42.8699	1.59554	-0.138027	15.9438
5.11	-0.111568	-25.0655	-42.8531	1.5893	-0.139718	15.9189
5.12	-0.115943	-25.0761	-42.836	1.5831	-0.14143	15.8939
5.13	-0.120307	-25.0866	-42.8187	1.57693	-0.143161	15.8689
5.14	-0.124661	-25.0967	-42.8012	1.5708	-0.144912	15.8438
5.15	-0.129002	-25.1066	-42.7834	1.56471	-0.146683	15.8187
5.16	-0.133333	-25.1162	-42.7653	1.55865	-0.148475	15.7936
5.17	-0.13765	-25.1255	-42.747	1.55263	-0.150287	15.7683
5.18	-0.141955	-25.1345	-42.7284	1.54664	-0.152121	15.7431
5.19	-0.146248	-25.1432	-42.7096	1.54068	-0.153975	15.7178
5.2	-0.150526	-25.1516	-42.6905	1.53476	-0.15585	15.6924
5.21	-0.154791	-25.1598	-42.6711	1.52888	-0.157747	15.667
5.22	-0.159042	-25.1676	-42.6515	1.52303	-0.159665	15.6415
5.23	-0.163278	-25.1751	-42.6316	1.51721	-0.161605	15.616
5.24	-0.167499	-25.1824	-42.6114	1.51142	-0.163567	15.5905
5.25	-0.171704	-25.1893	-42.5909	1.50567	-0.165551	15.5649
5.26	-0.175894	-25.1958	-42.5701	1.49995	-0.167557	15.5392
5.27	-0.180067	-25.2021	-42.5491	1.49426	-0.169586	15.5135
5.28	-0.184224	-25.2081	-42.5277	1.48861	-0.171638	15.4878
5.29	-0.188364	-25.2137	-42.5061	1.48298	-0.173713	15.462
5.3	-0.192487	-25.219	-42.4841	1.47739	-0.17581	15.4361
5.31	-0.196591	-25.2239	-42.4618	1.47183	-0.177931	15.4102
5.32	-0.200678	-25.2285	-42.4392	1.46631	-0.180076	15.3843
5.33	-0.204746	-25.2328	-42.4163	1.46081	-0.182244	15.3583
5.34	-0.208795	-25.2367	-42.3931	1.45534	-0.184436	15.3322
5.35	-0.212825	-25.2403	-42.3696	1.44991	-0.186652	15.3061
5.36	-0.216835	-25.2435	-42.3457	1.4445	-0.188892	15.28
5.37	-0.220825	-25.2463	-42.3215	1.43913	-0.191157	15.2538
5.38	-0.224795	-25.2488	-42.297	1.43378	-0.193446	15.2276
5.39	-0.228744	-25.2509	-42.2721	1.42847	-0.195761	15.2013
5.4	-0.232672	-25.2526	-42.2469	1.42318	-0.1981	15.1749
5.41	-0.236578	-25.254	-42.2214	1.41793	-0.200464	15.1485
5.42	-0.240463	-25.2549	-42.1955	1.4127	-0.202854	15.1221
5.43	-0.244325	-25.2555	-42.1692	1.4075	-0.205269	15.0956
5.44	-0.248165	-25.2557	-42.1425	1.40233	-0.20771	15.0691
5.45	-0.251982	-25.2555	-42.1155	1.39719	-0.210177	15.0425
5.46	-0.255775	-25.2549	-42.0882	1.39208	-0.21267	15.0159
5.47	-0.259545	-25.2539	-42.0604	1.38699	-0.21519	14.9892
5.48	-0.263291	-25.2524	-42.0323	1.38193	-0.217736	14.9625
5.49	-0.267012	-25.2506	-42.0038	1.3769	-0.220308	14.9357
5.5	-0.270709	-25.2483	-41.9749	1.3719	-0.222907	14.9089
5.51	-0.274381	-25.2456	-41.9456	1.36693	-0.225533	14.882
5.52	-0.278027	-25.2425	-41.9159	1.36198	-0.228187	14.8551
5.53	-0.281648	-25.2388	-41.8858	1.35706	-0.230867	14.8282
5.54	-0.285243	-25.2346	-41.8553	1.35216	-0.233575	14.8014
5.55	-0.288811	-25.2297	-41.8244	1.34729	-0.236311	14.7748
5.56	-0.292353	-25.2243	-41.7931	1.34245	-0.239075	14.7482
5.57	-0.295867	-25.2182	-41.7613	1.33764	-0.241866	14.7217
5.58	-0.299355	-25.2116	-41.7291	1.33285	-0.244685	14.6953
5.59	-0.302815	-25.2043	-41.6965	1.32808	-0.247533	14.6691
5.6	-0.306246	-25.1964	-41.6634	1.32334	-0.250409	14.6429
5.61	-0.30965	-25.1879	-41.6299	1.31863	-0.253313	14.6168
5.62	-0.313025	-25.1788	-41.596	1.31394	-0.256247	14.5907
5.63	-0.316372	-25.1691	-41.5616	1.30928	-0.259209	14.5648
5.64	-0.319689	-25.1587	-41.5267	1.30464	-0.262199	14.539
5.65	-0.322977	-25.1477	-41.4914	1.30002	-0.265219	14.5133
5.66	-0.326235	-25.136	-41.4556	1.29543	-0.268268	14.4876
5.67	-0.329463	-25.1237	-41.4193	1.29087	-0.271347	14.4621
5.68	-0.332661	-25.1107	-41.3826	1.28633	-0.274454	14.4366
5.69	-0.335828	-25.0971	-41.3453	1.28181	-0.277592	14.4112
5.7	-0.338965	-25.0828	-41.3076	1.27732	-0.280758	14.386
5.71	-0.34207	-25.0678	-41.2694	1.27285	-0.283955	14.3608
5.72	-0.345144	-25.0522	-41.2306	1.2684	-0.287181	14.3357
5.73	-0.348187	-25.0359	-41.1914	1.26398	-0.290437	14.3106
5.74	-0.351198	-25.0189	-41.1516	1.25958	-0.293723	14.2857
5.75	-0.354176	-25.0012	-41.1114	1.2552	-0.297039	14.2609
5.76	-0.357123	-24.9828	-41.0706	1.25084	-0.300385	14.2361
5.77	-0.360037	-24.9638	-41.0292	1.24651	-0.303762	14.2114
5.78	-0.362918	-24.944	-40.9874	1.2422	-0.307168	14.1869
5.79	-0.365766	-24.9235	-40.945	1.23792	-0.310605	14.1623
5.8	-0.368581	-24.9023	-40.902	1.23365	-0.314072	14.1379
5.81	-0.371362	-24.8804	-40.8585	1.22941	-0.317569	14.1136
5.82	-0.37411	-24.8577	-40.8144	1.22519	-0.321097	14.0893
5.83	-0.376824	-24.8343	-40.7698	1.22099	-0.324655	14.0652
5.84	-0.379504	-24.8102	-40.7246	1.21681	-0.328244	14.0411
5.85	-0.382149	-24.7853	-40.6788	1.21265	-0.331863	14.0171
5.86	-0.38476	-24.7597	-40.6324	1.20852	-0.335512	13.9932
5.87	-0.387337	-24.7334	-40.5855	1.2044	-0.339192	13.9693
5.88	-0.389878	-24.7062	-40.5379	1.20031	-0.342902	13.9456
5.89	-0.392385	-24.6784	-40.4898	1.19624	-0.346642	13.9219
5.9	-0.394856	-24.6497	-40.441	1.19219	-0.350413	13.8983
5.91	-0.397292	-24.6203	-40.3917	1.18816	-0.354214	13.8748
5.92	-0.399693	-24.5901	-40.3417	1.18414	-0.358045	13.8514
5.93	-0.402058	-24.5591	-40.2911	1.18015	-0.361907	13.828
5.94	-0.404387	-24.5273	-40.2398	1.17618	-0.365798	13.8047
5.95	-0.40668	-24.4947	-40.1879	1.17223	-0.369719	13.7815
5.96	-0.408937	-24.4614	-40.1354	1.1683	-0.37367	13.7584
5.97	-0.411158	-24.4272	-40.0822	1.16439	-0.377651	13.7353
5.98	-0.413342	-24.3922	-40.0284	1.1605	-0.381662	13.7124
5.99	-0.41549	-24.3564	-39.9739	1.15663	-0.385702	13.6895
6	-0.417601	-24.3197	-39.9187	1.15278	-0.389771	13.6667
6.01	-0.419676	-24.2823	-39.8629	1.14894	-0.39387	13.6439
6.02	-0.421713	-24.244	-39.8064	1.14513	-0.397997	13.6213
6.03	-0.423714	-24.2048	-39.7491	1.14134	-0.402154	13.5987
6.04	-0.425678	-24.1649	-39.6913	1.13756	-0.406339	13.5762
6.05	-0.427605	-24.124	-39.6327	1.1338	-0.410553	13.5537
6.06	-0.429494	-24.0823	-39.5734	1.13006	-0.414795	13.5314
6.07	-0.431346	-24.0398	-39.5133	1.12634	-0.419065	13.5091
6.08	-0.433161	-23.9964	-39.4526	1.12264	-0.423362	13.4868
6.09	-0.434938	-23.9521	-39.3912	1.11896	-0.427687	13.4647
6.1	-0.436678	-23.907	-39.329	1.11529	-0.43204	13.4426
6.11	-0.438381	-23.861	-39.2661	1.11164	-0.436419	13.4206
6.12	-0.440045	-23.8141	-39.2024	1.10801	-0.440825	13.3987
6.13	-0.441673	-23.7663	-39.138	1.1044	-0.445258	13.3768
6.14	-0.443262	-23.7176	-39.0729	1.10081	-0.449716	13.355
6.15	-0.444814	-23.668	-39.007	1.09723	-0.4542	13.3333
6.16	-0.446328	-23.6175	-38.9403	1.09367	-0.458709	13.3117
6.17	-0.447804	-23.5661	-38.8728	1.09013	-0.463244	13.2901
6.18	-0.449243	-23.5138	-38.8046	1.0866	-0.467802	13.2686
6.19	-0.450644	-23.4606	-38.7356	1.0831	-0.472385	13.2472
6.2	-0.452007	-23.4064	-38.6658	1.0796	-0.476992	13.2258
6.21	-0.453332	-23.3514	-38.5952	1.07613	-0.481622	13.2045
6.22	-0.45462	-23.2954	-38.5239	1.07267	-0.486275	13.1833
6.23	-0.45587	-23.2384	-38.4517	1.06923	-0.49095	13.1621
6.24	-0.457082	-23.1806	-38.3787	1.06581	-0.495646	13.141
6.25	-0.458256	-23.1218	-38.3049	1.0624	-0.500364	13.12
6.26	-0.459393	-23.062	-38.2303	1.05901	-0.505103	13.099
6.27	-0.460492	-23.0013	-38.1548	1.05563	-0.509862	13.0781
6.28	-0.461554	-22.9396	-38.0785	1.05227	-0.514641	13.0573
6.29	-0.462578	-22.877	-38.0014	1.04893	-0.519439	13.0366
6.3	-0.463564	-22.8134	-37.9234	1.0456	-0.524256	13.0159
6.31	-0.464514	-22.7489	-37.8446	1.04229	-0.52909	12.9952
6.32	-0.465425	-22.6834	-37.765	1.039	-0.533941	12.9747
6.33	-0.4663	-22.6169	-37.6845	1.03572	-0.538809	12.9542
6.34	-0.467137	-22.5495	-37.6031	1.03245	-0.543693	12.9338
6.35	-0.467938	-22.4811	-37.5208	1.0292	-0.548592	12.9134
6.36	-0.468701	-22.4117	-37.4377	1.02597	-0.553506	12.8931
6.37	-0.469428	-22.3413	-37.3538	1.02275	-0.558433	12.8728
6.38	-0.470117	-22.2699	-37.2689	1.01955	-0.563374	12.8527
6.39	-0.47077	-22.1976	-37.1832	1.01636	-0.568326	12.8326
6.4	-0.471386	-22.1243	-37.0965	1.01318	-0.573291	12.8125
6.41	-0.471966	-22.0499	-37.009	1.01002	-0.578265	12.7925
6.42	-0.47251	-21.9746	-36.9206	1.00688	-0.58325	12.7726
6.43	-0.473017	-21.8983	-36.8313	1.00375	-0.588243	12.7527
6.44	-0.473488	-21.821	-36.7411	1.00064	-0.593245	12.7329
6.45	-0.473924	-21.7427	-36.6499	0.997536	-0.598253	12.7132
6.46	-0.474323	-21.6634	-36.5579	0.99445	-0.603268	12.6935
6.47	-0.474687	-21.5831	-36.465	0.991379	-0.608288	12.6739
6.48	-0.475016	-21.5018	-36.3711	0.988321	-0.613313	12.6543
6.49	-0.475309	-21.4195	-36.2763	0.985278	-0.618341	12.6348
6.5	-0.475567	-21.3362	-36.1806	0.982249	-0.623372	12.6154
6.51	-0.475789	-21.252	-36.084	0.979233	-0.628404	12.596
6.52	-0.475978	-21.1667	-35.9865	0.976232	-0.633436	12.5767
6.53	-0.476131	-21.0804	-35.888	0.973244	-0.638468	12.5574
6.54	-0.47625	-20.9931	-35.7886	0.97027	-0.643498	12.5382
6.55	-0.476335	-20.9048	-35.6882	0.96731	-0.648525	12.5191
6.56	-0.476386	-20.8155	-35.5869	0.964363	-0.653549	12.5
6.57	-0.476403	-20.7252	-35.4847	0.961429	-0.658567	12.481
6.58	-0.476386	-20.6339	-35.3816	0.958509	-0.663579	12.462
6.59	-0.476336	-20.5416	-35.2775	0.955602	-0.668584	12.4431
6.6	-0.476252	-20.4483	-35.1724	0.952709	-0.673581	12.4242
6.61	-0.476136	-20.3541	-35.0665	0.949828	-0.678568	12.4054
6.62	-0.475987	-20.2588	-34.9596	0.946961	-0.683544	12.3867
6.63	-0.475805	-20.1625	-34.8517	0.944107	-0.688507	12.368
6.64	-0.475591	-20.0653	-34.7429	0.941265	-0.693458	12.3494
6.65	-0.475345	-19.9671	-34.6331	0.938436	-0.698394	12.3308
6.66	-0.475067	-19.8679	-34.5224	0.93562	-0.703314	12.3123
6.67	-0.474758	-19.7677	-34.4108	0.932817	-0.708217	12.2939
6.68	-0.474417	-19.6666	-34.2982	0.930026	-0.713102	12.2754
6.69	-0.474045	-19.5644	-34.1847	0.927248	-0.717967	12.2571
6.7	-0.473642	-19.4613	-34.0703	0.924482	-0.722811	12.2388
6.71	-0.473209	-19.3573	-33.9549	0.921729	-0.727632	12.2206
6.72	-0.472746	-19.2523	-33.8385	0.918987	-0.73243	12.2024
6.73	-0.472252	-19.1463	-33.7212	0.916258	-0.737202	12.1842
6.74	-0.471729	-19.0394	-33.603	0.913542	-0.741948	12.1662
6.75	-0.471176	-18.9316	-33.4839	0.910837	-0.746666	12.1481
6.76	-0.470594	-18.8228	-33.3638	0.908144	-0.751355	12.1302
6.77	-0.469983	-18.7131	-33.2428	0.905463	-0.756013	12.1123
6.78	-0.469343	-18.6024	-33.1209	0.902794	-0.760639	12.0944
6.79	-0.468675	-18.4908	-32.998	0.900137	-0.765231	12.0766
6.8	-0.467979	-18.3784	-32.8743	0.897491	-0.769789	12.0588
6.81	-0.467256	-18.265	-32.7496	0.894857	-0.77431	12.0411
6.82	-0.466504	-18.1507	-32.624	0.892235	-0.778793	12.0235
6.83	-0.465726	-18.0355	-32.4975	0.889624	-0.783237	12.0059
6.84	-0.464921	-17.9195	-32.3701	0.887025	-0.78764	11.9883
6.85	-0.464089	-17.8025	-32.2418	0.884437	-0.792001	11.9708
6.86	-0.463231	-17.6847	-32.1126	0.88186	-0.796318	11.9534
6.87	-0.462347	-17.5661	-31.9825	0.879295	-0.80059	11.936
6.88	-0.461438	-17.4465	-31.8515	0.876741	-0.804816	11.9186
6.89	-0.460503	-17.3262	-31.7197	0.874198	-0.808993	11.9013
6.9	-0.459543	-17.205	-31.587	0.871666	-0.813121	11.8841
6.91	-0.458559	-17.083	-31.4534	0.869145	-0.817197	11.8669
6.92	-0.45755	-16.9601	-31.3189	0.866634	-0.821222	11.8497
6.93	-0.456517	-16.8365	-31.1836	0.864135	-0.825192	11.8326
6.94	-0.455461	-16.7121	-31.0475	0.861647	-0.829107	11.8156
6.95	-0.454381	-16.5869	-30.9105	0.859169	-0.832965	11.7986
6.96	-0.453278	-16.4609	-30.7727	0.856702	-0.836765	11.7816
6.97	-0.452153	-16.3341	-30.6341	0.854245	-0.840505	11.7647
6.98	-0.451005	-16.2067	-30.4947	0.851799	-0.844184	11.7479
6.99	-0.449835	-16.0784	-30.3544	0.849364	-0.847801	11.731
7	-0.448643	-15.9495	-30.2134	0.846939	-0.851353	11.7143
7.01	-0.44743	-15.8198	-30.0716	0.844524	-0.85484	11.6976
7.02	-0.446196	-15.6894	-29.929	0.84212	-0.858261	11.6809
7.03	-0.444941	-15.5584	-29.7856	0.839726	-0.861613	11.6643
7.04	-0.443666	-15.4266	-29.6415	0.837342	-0.864896	11.6477
7.05	-0.442371	-15.2942	-29.4966	0.834968	-0.868108	11.6312
7.06	-0.441057	-15.1612	-29.351	0.832604	-0.871248	11.6147
7.07	-0.439723	-15.0275	-29.2047	0.830251	-0.874314	11.5983
7.08	-0.43837	-14.8932	-29.0576	0.827907	-0.877306	11.5819
7.09	-0.436998	-14.7582	-28.9098	0.825573	-0.880221	11.5656
7.1	-0.435608	-14.6227	-28.7614	0.823249	-0.88306	11.5493
7.11	-0.4342	-14.4866	-28.6123	0.820935	-0.88582	11.5331
7.12	-0.432775	-14.35	-28.4625	0.818631	-0.8885	11.5169
7.13	-0.431332	-14.2128	-28.312	0.816336	-0.8911	11.5007
7.14	-0.429873	-14.075	-28.1609	0.814051	-0.893617	11.4846
7.15	-0.428396	-13.9367	-28.0092	0.811776	-0.896051	11.4685
7.16	-0.426904	-13.798	-27.8568	0.80951	-0.898401	11.4525
7.17	-0.425396	-13.6587	-27.7038	0.807253	-0.900666	11.4365
7.18	-0.423872	-13.519	-27.5503	0.805006	-0.902844	11.4206
7.19	-0.422333	-13.3788	-27.3962	0.802768	-0.904935	11.4047
7.2	-0.420779	-13.2382	-27.2415	0.80054	-0.906938	11.3889
7.21	-0.41921	-13.0971	-27.0862	0.798321	-0.908851	11.3731
7.22	-0.417627	-12.9557	-26.9305	0.796111	-0.910674	11.3573
7.23	-0.416031	-12.8138	-26.7742	0.79391	-0.912406	11.3416
7.24	-0.414421	-12.6716	-26.6174	0.791719	-0.914046	11.326
7.25	-0.412797	-12.529	-26.4601	0.789536	-0.915593	11.3103
7.26	-0.411161	-12.3861	-26.3023	0.787363	-0.917046	11.2948
7.27	-0.409513	-12.2428	-26.1441	0.785198	-0.918405	11.2792
7.28	-0.407852	-12.0993	-25.9854	0.783043	-0.919669	11.2637
7.29	-0.406179	-11.9554	-25.8263	0.780896	-0.920838	11.2483
7.3	-0.404495	-11.8113	-25.6668	0.778758	-0.92191	11.2329
7.31	-0.4028	-11.6669	-25.5069	0.776629	-0.922884	11.2175
7.32	-0.401094	-11.5223	-25.3466	0.774508	-0.923762	11.2022
7.33	-0.399377	-11.3775	-25.1859	0.772396	-0.924541	11.1869
7.34	-0.39765	-11.2325	-25.0249	0.770293	-0.925222	11.1717
7.35	-0.395913	-11.0873	-24.8636	0.768198	-0.925804	11.1565
7.36	-0.394167	-10.9419	-24.7019	0.766112	-0.926286	11.1413
7.37	-0.392411	-10.7964	-24.54	0.764035	-0.926669	11.1262
7.38	-0.390646	-10.6508	-24.3778	0.761966	-0.926951	11.1111
7.39	-0.388873	-10.5051	-24.2153	0.759905	-0.927134	11.0961
7.4	-0.387092	-10.3592	-24.0526	0.757852	-0.927216	11.0811
7.41	-0.385302	-10.2133	-23.8896	0.755808	-0.927197	11.0661
7.42	-0.383505	-10.0673	-23.7265	0.753772	-0.927077	11.0512
7.43	-0.3817	-9.92134	-23.5631	0.751745	-0.926857	11.0363
7.44	-0.379888	-9.77532	-23.3996	0.749725	-0.926535	11.0215
7.45	-0.37807	-9.6293	-23.236	0.747714	-0.926113	11.0067
7.46	-0.376245	-9.4833	-23.0721	0.745711	-0.925589	10.992
7.47	-0.374414	-9.33734	-22.9082	0.743716	-0.924965	10.9772
7.48	-0.372577	-9.19143	-22.7442	0.741728	-0.92424	10.9626
7.49	-0.370734	-9.04559	-22.5801	0.739749	-0.923415	10.9479
7.5	-0.368886	-8.89984	-22.4159	0.737778	-0.922489	10.9333
7.51	-0.367033	-8.7542	-22.2517	0.735814	-0.921463	10.9188
7.52	-0.365176	-8.60868	-22.0875	0.733859	-0.920338	10.9043
7.53	-0.363314	-8.46331	-21.9232	0.731911	-0.919113	10.8898
7.54	-0.361447	-8.3181	-21.759	0.729971	-0.917789	10.8753
7.55	-0.359577	-8.17307	-21.5948	0.728038	-0.916367	10.8609
7.56	-0.357703	-8.02823	-21.4306	0.726113	-0.914846	10.8466
7.57	-0.355826	-7.88361	-21.2665	0.724196	-0.913228	10.8322
7.58	-0.353945	-7.73922	-21.1025	0.722287	-0.911513	10.8179
7.59	-0.352062	-7.59508	-20.9386	0.720385	-0.909702	10.8037
7.6	-0.350176	-7.45121	-20.7748	0.71849	-0.907795	10.7895
7.61	-0.348288	-7.30762	-20.6111	0.716603	-0.905793	10.7753
7.62	-0.346398	-7.16432	-20.4476	0.714724	-0.903696	10.7612
7.63	-0.344506	-7.02134	-20.2843	0.712851	-0.901507	10.7471
7.64	-0.342612	-6.8787	-20.1211	0.710987	-0.899224	10.733
7.65	-0.340717	-6.7364	-19.9582	0.709129	-0.89685	10.719
7.66	-0.338821	-6.59446	-19.7955	0.707279	-0.894384	10.705
7.67	-0.336924	-6.45291	-19.633	0.705436	-0.891829	10.691
7.68	-0.335027	-6.31176	-19.4708	0.7036	-0.889185	10.6771
7.69	-0.333129	-6.17101	-19.3089	0.701771	-0.886452	10.6632
7.7	-0.331231	-6.03069	-19.1473	0.699949	-0.883632	10.6494
7.71	-0.329333	-5.89082	-18.9859	0.698135	-0.880727	10.6355
7.72	-0.327435	-5.7514	-18.825	0.696327	-0.877736	10.6218
7.73	-0.325538	-5.61245	-18.6643	0.694527	-0.874662	10.608
7.74	-0.323642	-5.47399	-18.5041	0.692733	-0.871505	10.5943
7.75	-0.321746	-5.33604	-18.3442	0.690947	-0.868267	10.5806
7.76	-0.319852	-5.19859	-18.1847	0.689167	-0.864949	10.567
7.77	-0.317959	-5.06168	-18.0256	0.687395	-0.861551	10.5534
7.78	-0.316067	-4.92531	-17.8669	0.685629	-0.858076	10.5398
7.79	-0.314177	-4.78949	-17.7087	0.683869	-0.854525	10.5263
7.8	-0.31229	-4.65425	-17.551	0.682117	-0.850898	10.5128
7.81	-0.310404	-4.51959	-17.3937	0.680371	-0.847198	10.4994
7.82	-0.308521	-4.38552	-17.2369	0.678632	-0.843425	10.4859
7.83	-0.30664	-4.25206	-17.0807	0.6769	-0.839582	10.4725
7.84	-0.304762	-4.11922	-16.9249	0.675174	-0.835669	10.4592
7.85	-0.302886	-3.98701	-16.7697	0.673455	-0.831688	10.4459
7.86	-0.301014	-3.85544	-16.615	0.671743	-0.82764	10.4326
7.87	-0.299145	-3.72453	-16.4609	0.670037	-0.823527	10.4193
7.88	-0.297279	-3.59429	-16.3074	0.668337	-0.81935	10.4061
7.89	-0.295417	-3.46472	-16.1545	0.666644	-0.815111	10.3929
7.9	-0.293559	-3.33584	-16.0022	0.664958	-0.810812	10.3797
7.91	-0.291704	-3.20766	-15.8505	0.663277	-0.806453	10.3666
7.92	-0.289854	-3.08018	-15.6994	0.661603	-0.802036	10.3535
7.93	-0.288007	-2.95343	-15.549	0.659936	-0.797564	10.3405
7.94	-0.286166	-2.8274	-15.3992	0.658275	-0.793037	10.3275
7.95	-0.284328	-2.70211	-15.2501	0.65662	-0.788457	10.3145
7.96	-0.282495	-2.57756	-15.1017	0.654971	-0.783826	10.3015
7.97	-0.280667	-2.45377	-14.954	0.653328	-0.779144	10.2886
7.98	-0.278844	-2.33074	-14.807	0.651692	-0.774415	10.2757
7.99	-0.277026	-2.20848	-14.6606	0.650062	-0.769639	10.2628
8	-0.275212	-2.087	-14.5151	0.648438	-0.764818	10.25
8.01	-0.273405	-1.96631	-14.3702	0.646819	-0.759953	10.2372
8.02	-0.271602	-1.84641	-14.2262	0.645207	-0.755047	10.2244
8.03	-0.269806	-1.72732	-14.0828	0.643601	-0.750101	10.2117
8.04	-0.268014	-1.60903	-13.9403	0.642001	-0.745115	10.199
8.05	-0.266229	-1.49155	-13.7985	0.640407	-0.740093	10.1863
8.06	-0.264449	-1.3749	-13.6575	0.638819	-0.735035	10.1737
8.07	-0.262676	-1.25907	-13.5173	0.637237	-0.729943	10.1611
8.08	-0.260908	-1.14408	-13.3779	0.635661	-0.724819	10.1485
8.09	-0.259147	-1.02993	-13.2393	0.63409	-0.719664	10.136
8.1	-0.257392	-0.916613	-13.1016	0.632526	-0.71448	10.1235
8.11	-0.255644	-0.804149	-12.9646	0.630967	-0.709269	10.111
8.12	-0.253902	-0.692539	-12.8285	0.629413	-0.704031	10.0985
8.13	-0.252166	-0.581785	-12.6933	0.627866	-0.698769	10.0861
8.14	-0.250437	-0.471893	-12.5589	0.626324	-0.693483	10.0737
8.15	-0.248715	-0.362867	-12.4254	0.624788	-0.688176	10.0613
8.16	-0.247	-0.25471	-12.2927	0.623258	-0.682849	10.049
8.17	-0.245292	-0.147425	-12.1609	0.621733	-0.677504	10.0367
8.18	-0.24359	-0.041016	-12.03	0.620214	-0.672142	10.0244
8.19	-0.241896	0.0645144	-11.8999	0.6187	-0.666764	10.0122
8.2	-0.240209	0.169164	-11.7708	0.617192	-0.661372	10
8.21	-0.238529	0.272929	-11.6425	0.61569	-0.655967	9.98782
8.22	-0.236857	0.375808	-11.5152	0.614192	-0.650551	9.97567
8.23	-0.235192	0.4778	-11.3887	0.612701	-0.645125	9.96355
8.24	-0.233534	0.578902	-11.2632	0.611215	-0.639691	9.95146
8.25	-0.231884	0.679113	-11.1385	0.609734	-0.63425	9.93939
8.26	-0.230241	0.778432	-11.0148	0.608258	-0.628802	9.92736
8.27	-0.228606	0.876857	-10.892	0.606788	-0.623351	9.91536
8.28	-0.226978	0.974388	-10.7701	0.605323	-0.617896	9.90338
8.29	-0.225359	1.07102	-10.6492	0.603864	-0.61244	9.89144
8.3	-0.223747	1.16677	-10.5291	0.60241	-0.606983	9.87952
8.31	-0.222142	1.26161	-10.41	0.600961	-0.601527	9.86763
8.32	-0.220546	1.35556	-10.2919	0.599517	-0.596072	9.85577
8.33	-0.218958	1.44862	-10.1746	0.598078	-0.590621	9.84394
8.34	-0.217377	1.54078	-10.0584	0.596645	-0.585174	9.83213
8.35	-0.215805	1.63204	-9.943	0.595217	-0.579733	9.82036
8.36	-0.21424	1.72241	-9.82859	0.593794	-0.574299	9.80861
8.37	-0.212684	1.8119	-9.71512	0.592376	-0.568872	9.79689
8.38	-0.211135	1.90048	-9.60259	0.590963	-0.563454	9.7852
8.39	-0.209595	1.98818	-9.491	0.589555	-0.558046	9.77354
8.4	-0.208063	2.07499	-9.38036	0.588152	-0.552649	9.7619
8.41	-0.206539	2.16092	-9.27066	0.586754	-0.547264	9.7503
8.42	-0.205023	2.24596	-9.16191	0.585361	-0.541893	9.73872
8.43	-0.203515	2.33011	-9.05409	0.583973	-0.536535	9.72716
8.44	-0.202016	2.41339	-8.94723	0.58259	-0.531193	9.71564
8.45	-0.200525	2.49579	-8.8413	0.581212	-0.525866	9.70414
8.46	-0.199042	2.57731	-8.73631	0.579839	-0.520557	9.69267
8.47	-0.197568	2.65796	-8.63227	0.578471	-0.515265	9.68123
8.48	-0.196102	2.73774	-8.52917	0.577107	-0.509992	9.66981
8.49	-0.194644	2.81665	-8.427	0.575748	-0.504738	9.65842
8.5	-0.193194	2.89469	-8.32577	0.574394	-0.499505	9.64706
8.51	-0.191753	2.97188	-8.22548	0.573045	-0.494293	9.63572
8.52	-0.19032	3.04821	-8.12611	0.571701	-0.489103	9.62441
8.53	-0.188896	3.12368	-8.02768	0.570361	-0.483935	9.61313
8.54	-0.18748	3.1983	-7.93018	0.569026	-0.478791	9.60187
8.55	-0.186072	3.27208	-7.83361	0.567696	-0.473672	9.59064
8.56	-0.184673	3.34501	-7.73796	0.56637	-0.468577	9.57944
8.57	-0.183282	3.4171	-7.64323	0.565049	-0.463507	9.56826
8.58	-0.181899	3.48836	-7.54941	0.563733	-0.458464	9.55711
8.59	-0.180525	3.55878	-7.45652	0.562421	-0.453447	9.54598
8.6	-0.17916	3.62838	-7.36453	0.561114	-0.448458	9.53488
8.61	-0.177802	3.69716	-7.27346	0.559811	-0.443497	9.52381
8.62	-0.176453	3.76511	-7.18329	0.558513	-0.438565	9.51276
8.63	-0.175112	3.83226	-7.09402	0.55722	-0.433661	9.50174
8.64	-0.17378	3.89859	-7.00565	0.555931	-0.428787	9.49074
8.65	-0.172456	3.96412	-6.91818	0.554646	-0.423943	9.47977
8.66	-0.171141	4.02885	-6.8316	0.553366	-0.41913	9.46882
8.67	-0.169833	4.09279	-6.7459	0.55209	-0.414347	9.4579
8.68	-0.168534	4.15593	-6.66108	0.550819	-0.409596	9.447
8.69	-0.167244	4.21829	-6.57715	0.549552	-0.404877	9.43613
8.7	-0.165961	4.27987	-6.49409	0.548289	-0.40019	9.42529
8.71	-0.164687	4.34068	-6.41189	0.547031	-0.395536	9.41447
8.72	-0.163421	4.40071	-6.33056	0.545777	-0.390915	9.40367
8.73	-0.162164	4.45998	-6.2501	0.544527	-0.386327	9.3929
8.74	-0.160914	4.5185	-6.17048	0.543282	-0.381773	9.38215
8.75	-0.159673	4.57625	-6.09172	0.542041	-0.377252	9.37143
8.76	-0.15844	4.63326	-6.0138	0.540804	-0.372766	9.36073
8.77	-0.157216	4.68953	-5.93673	0.539571	-0.368314	9.35006
8.78	-0.155999	4.74506	-5.86049	0.538343	-0.363897	9.33941
8.79	-0.154791	4.79986	-5.78508	0.537119	-0.359515	9.32878
8.8	-0.15359	4.85393	-5.71049	0.535899	-0.355168	9.31818
8.81	-0.152398	4.90728	-5.63673	0.534683	-0.350857	9.3076
8.82	-0.151214	4.95991	-5.56377	0.533471	-0.346581	9.29705
8.83	-0.150037	5.01184	-5.49163	0.532264	-0.342341	9.28652
8.84	-0.148869	5.06306	-5.42029	0.53106	-0.338136	9.27602
8.85	-0.147709	5.11358	-5.34975	0.529861	-0.333968	9.26554
8.86	-0.146557	5.16341	-5.28001	0.528665	-0.329835	9.25508
8.87	-0.145413	5.21255	-5.21105	0.527474	-0.325739	9.24464
8.88	-0.144276	5.26101	-5.14287	0.526286	-0.32168	9.23423
8.89	-0.143148	5.3088	-5.07546	0.525103	-0.317656	9.22385
8.9	-0.142027	5.35592	-5.00883	0.523924	-0.313669	9.21348
8.91	-0.140914	5.40237	-4.94295	0.522748	-0.309719	9.20314
8.92	-0.139809	5.44817	-4.87784	0.521577	-0.305805	9.19283
8.93	-0.138712	5.49332	-4.81348	0.520409	-0.301928	9.18253
8.94	-0.137623	5.53781	-4.74987	0.519246	-0.298087	9.17226
8.95	-0.136541	5.58167	-4.68699	0.518086	-0.294283	9.16201
8.96	-0.135467	5.6249	-4.62485	0.51693	-0.290516	9.15179
8.97	-0.1344	5.66749	-4.56344	0.515778	-0.286785	9.14158
8.98	-0.133341	5.70947	-4.50275	0.51463	-0.28309	9.1314
8.99	-0.13229	5.75082	-4.44278	0.513486	-0.279433	9.12125
9	-0.131246	5.79157	-4.38351	0.512346	-0.275811	9.11111
9.01	-0.13021	5.83171	-4.32495	0.511209	-0.272226	9.101
9.02	-0.129181	5.87125	-4.26709	0.510076	-0.268678	9.09091
9.03	-0.12816	5.9102	-4.20992	0.508947	-0.265165	9.08084
9.04	-0.127146	5.94856	-4.15344	0.507822	-0.261689	9.0708
9.05	-0.126139	5.98634	-4.09764	0.5067	-0.258249	9.06077
9.06	-0.12514	6.02354	-4.04251	0.505582	-0.254844	9.05077
9.07	-0.124148	6.06017	-3.98804	0.504468	-0.251476	9.04079
9.08	-0.123163	6.09624	-3.93424	0.503357	-0.248143	9.03084
9.09	-0.122185	6.13175	-3.8811	0.50225	-0.244846	9.0209
9.1	-0.121215	6.1667	-3.8286	0.501147	-0.241585	9.01099
9.11	-0.120252	6.20111	-3.77675	0.500048	-0.238358	9.0011
9.12	-0.119296	6.23498	-3.72553	0.498952	-0.235167	8.99123
9.13	-0.118347	6.26831	-3.67495	0.497859	-0.232011	8.98138
9.14	-0.117405	6.30111	-3.62499	0.49677	-0.228889	8.97155
9.15	-0.11647	6.33339	-3.57565	0.495685	-0.225803	8.96175
9.16	-0.115542	6.36515	-3.52692	0.494603	-0.22275	8.95197
9.17	-0.114621	6.39639	-3.4788	0.493525	-0.219732	8.9422
9.18	-0.113707	6.42713	-3.43128	0.492451	-0.216749	8.93246
9.19	-0.112799	6.45736	-3.38436	0.49138	-0.213799	8.92274
9.2	-0.111899	6.4871	-3.33802	0.490312	-0.210883	8.91304
9.21	-0.111005	6.51634	-3.29227	0.489248	-0.208	8.90337
9.22	-0.110118	6.5451	-3.24709	0.488187	-0.205151	8.89371
9.23	-0.109238	6.57338	-3.20249	0.48713	-0.202334	8.88407
9.24	-0.108364	6.60119	-3.15845	0.486076	-0.199551	8.87446
9.25	-0.107497	6.62852	-3.11497	0.485026	-0.1968	8.86486
9.26	-0.106636	6.65539	-3.07204	0.483979	-0.194082	8.85529
9.27	-0.105783	6.6818	-3.02966	0.482935	-0.191396	8.84574
9.28	-0.104935	6.70776	-2.98783	0.481895	-0.188742	8.83621
9.29	-0.104094	6.73327	-2.94653	0.480858	-0.18612	8.8267
9.3	-0.10326	6.75833	-2.90576	0.479824	-0.18353	8.8172
9.31	-0.102431	6.78296	-2.86551	0.478794	-0.18097	8.80773
9.32	-0.10161	6.80715	-2.82579	0.477767	-0.178442	8.79828
9.33	-0.100794	6.83091	-2.78657	0.476744	-0.175945	8.78885
9.34	-0.0999849	6.85425	-2.74787	0.475723	-0.173478	8.77944
9.35	-0.0991819	6.87718	-2.70967	0.474706	-0.171041	8.77005
9.36	-0.0983851	6.89968	-2.67196	0.473692	-0.168635	8.76068
9.37	-0.0975945	6.92179	-2.63475	0.472682	-0.166258	8.75133
9.38	-0.0968099	6.94348	-2.59802	0.471675	-0.163911	8.742
9.39	-0.0960314	6.96478	-2.56177	0.47067	-0.161593	8.73269
9.4	-0.095259	6.98569	-2.52599	0.46967	-0.159304	8.7234
9.41	-0.0944925	7.0062	-2.49069	0.468672	-0.157044	8.71413
9.42	-0.0937321	7.02634	-2.45585	0.467677	-0.154813	8.70488
9.43	-0.0929775	7.04609	-2.42147	0.466686	-0.15261	8.69565
9.44	-0.0922288	7.06547	-2.38754	0.465698	-0.150435	8.68644
9.45	-0.0914859	7.08447	-2.35406	0.464713	-0.148288	8.67725
9.46	-0.0907489	7.10311	-2.32103	0.463731	-0.146168	8.66808
9.47	-0.0900176	7.12139	-2.28843	0.462752	-0.144075	8.65892
9.48	-0.089292	7.13932	-2.25627	0.461776	-0.14201	8.64979
9.49	-0.0885721	7.15689	-2.22453	0.460803	-0.139971	8.64067
9.5	-0.0878579	7.17411	-2.19322	0.459834	-0.137959	8.63158
9.51	-0.0871492	7.19099	-2.16232	0.458867	-0.135973	8.6225
9.52	-0.0864462	7.20754	-2.13184	0.457904	-0.134013	8.61345
9.53	-0.0857487	7.22374	-2.10176	0.456943	-0.132078	8.60441
9.54	-0.0850566	7.23962	-2.07209	0.455986	-0.130169	8.59539
9.55	-0.08437	7.25517	-2.04282	0.455031	-0.128286	8.58639
9.56	-0.0836889	7.2704	-2.01394	0.45408	-0.126427	8.57741
9.57	-0.0830131	7.28531	-1.98545	0.453131	-0.124592	8.56844
9.58	-0.0823427	7.2999	-1.95735	0.452186	-0.122783	8.5595
9.59	-0.0816775	7.31419	-1.92962	0.451243	-0.120997	8.55057
9.6	-0.0810177	7.32817	-1.90227	0.450304	-0.119235	8.54167
9.61	-0.0803631	7.34185	-1.87529	0.449367	-0.117497	8.53278
9.62	-0.0797136	7.35523	-1.84867	0.448433	-0.115782	8.52391
9.63	-0.0790694	7.36832	-1.82242	0.447503	-0.11409	8.51506
9.64	-0.0784302	7.38112	-1.79652	0.446575	-0.112421	8.50622
9.65	-0.0777962	7.39363	-1.77098	0.44565	-0.110775	8.49741
9.66	-0.0771671	7.40586	-1.74578	0.444727	-0.109151	8.48861
9.67	-0.0765431	7.41781	-1.72093	0.443808	-0.107549	8.47983
9.68	-0.0759241	7.42948	-1.69642	0.442892	-0.105969	8.47107
9.69	-0.07531	7.44089	-1.67224	0.441978	-0.10441	8.46233
9.7	-0.0747008	7.45202	-1.6484	0.441067	-0.102873	8.45361
9.71	-0.0740965	7.4629	-1.62488	0.440159	-0.101357	8.4449
9.72	-0.073497	7.47351	-1.60168	0.439254	-0.0998622	8.43621
9.73	-0.0729024	7.48387	-1.57881	0.438351	-0.0983878	8.42754
9.74	-0.0723124	7.49397	-1.55624	0.437452	-0.0969337	8.41889
9.75	-0.0717272	7.50382	-1.53399	0.436555	-0.0954997	8.41026
9.76	-0.0711467	7.51342	-1.51205	0.435661	-0.0940856	8.40164
9.77	-0.0705709	7.52279	-1.4904	0.434769	-0.0926912	8.39304
9.78	-0.0699997	7.53191	-1.46906	0.433881	-0.0913163	8.38446
9.79	-0.0694331	7.5408	-1.44801	0.432995	-0.0899605	8.37589
9.8	-0.068871	7.54945	-1.42726	0.432112	-0.0886237	8.36735
9.81	-0.0683134	7.55787	-1.40679	0.431231	-0.0873056	8.35882
9.82	-0.0677604	7.56607	-1.38661	0.430353	-0.0860061	8.35031
9.83	-0.0672118	7.57404	-1.3667	0.429478	-0.0847248	8.34181
9.84	-0.0666676	7.58179	-1.34707	0.428606	-0.0834616	8.33333
9.85	-0.0661278	7.58932	-1.32772	0.427736	-0.0822162	8.32487
9.86	-0.0655923	7.59664	-1.30863	0.426869	-0.0809884	8.31643
9.87	-0.0650612	7.60375	-1.28982	0.426004	-0.079778	8.308
9.88	-0.0645343	7.61065	-1.27126	0.425142	-0.0785848	8.2996
9.89	-0.0640118	7.61734	-1.25296	0.424283	-0.0774085	8.2912
9.9	-0.0634934	7.62383	-1.23492	0.423426	-0.076249	8.28283
9.91	-0.0629792	7.63012	-1.21713	0.422572	-0.075106	8.27447
9.92	-0.0624692	7.63622	-1.19959	0.421721	-0.0739794	8.26613
9.93	-0.0619633	7.64212	-1.1823	0.420872	-0.0728688	8.2578
9.94	-0.0614615	7.64782	-1.16525	0.420025	-0.0717742	8.2495
9.95	-0.0609638	7.65334	-1.14843	0.419181	-0.0706953	8.24121
9.96	-0.0604701	7.65868	-1.13186	0.41834	-0.0696318	8.23293
9.97	-0.0599804	7.66383	-1.11552	0.417501	-0.0685837	8.22467
9.98	-0.0594947	7.6688	-1.0994	0.416665	-0.0675507	8.21643
9.99	-0.0590129	7.67359	-1.08352	0.415831	-0.0665326	8.20821
10	-0.058535	7.6782	-1.06785	0.415	-0.0655291	8.2
10.01	-0.0580611	7.68265	-1.05241	0.414171	-0.0645402	8.19181
10.02	-0.0575909	7.68692	-1.03719	0.413345	-0.0635657	8.18363
10.03	-0.0571246	7.69103	-1.02218	0.412521	-0.0626052	8.17547
10.04	-0.056662	7.69496	-1.00738	0.4117	-0.0616588	8.16733
10.05	-0.0562033	7.69874	-0.992796	0.410881	-0.060726	8.1592
10.06	-0.0557482	7.70236	-0.978415	0.410064	-0.0598069	8.15109
10.07	-0.0552969	7.70581	-0.964238	0.40925	-0.0589012	8.143
10.08	-0.0548492	7.70912	-0.950261	0.408439	-0.0580086	8.13492
10.09	-0.0544052	7.71226	-0.936483	0.40763	-0.0571292	8.12686
10.1	-0.0539647	7.71526	-0.922901	0.406823	-0.0562626	8.11881
10.11	-0.0535279	7.71811	-0.909511	0.406018	-0.0554086	8.11078
10.12	-0.0530946	7.72081	-0.896311	0.405216	-0.0545672	8.10277
10.13	-0.0526649	7.72336	-0.883299	0.404417	-0.0537382	8.09477
10.14	-0.0522386	7.72578	-0.870472	0.40362	-0.0529213	8.08679
10.15	-0.0518159	7.72805	-0.857828	0.402825	-0.0521165	8.07882
10.16	-0.0513965	7.73018	-0.845364	0.402032	-0.0513235	8.07087
10.17	-0.0509806	7.73218	-0.833077	0.401242	-0.0505422	8.06293
10.18	-0.0505681	7.73404	-0.820965	0.400454	-0.0497724	8.05501
10.19	-0.050159	7.73577	-0.809027	0.399668	-0.0490141	8.04711
10.2	-0.0497532	7.73738	-0.797258	0.398885	-0.0482669	8.03922
10.21	-0.0493507	7.73885	-0.785658	0.398104	-0.0475307	8.03134
10.22	-0.0489515	7.7402	-0.774224	0.397325	-0.0468055	8.02348
10.23	-0.0485555	7.74142	-0.762953	0.396549	-0.0460911	8.01564
10.24	-0.0481628	7.74252	-0.751843	0.395775	-0.0453872	8.00781
10.25	-0.0477732	7.7435	-0.740892	0.395003	-0.0446938	8
10.26	-0.0473869	7.74436	-0.730098	0.394233	-0.0440107	7.9922
10.27	-0.0470037	7.7451	-0.719459	0.393466	-0.0433378	7.98442
10.28	-0.0466237	7.74573	-0.708972	0.392701	-0.0426749	7.97665
10.29	-0.0462467	7.74625	-0.698636	0.391938	-0.0420219	7.9689
10.3	-0.0458729	7.74665	-0.688448	0.391177	-0.0413786	7.96117
10.31	-0.045502	7.74695	-0.678406	0.390419	-0.0407449	7.95344
10.32	-0.0451343	7.74713	-0.668508	0.389663	-0.0401207	7.94574
10.33	-0.0447695	7.74721	-0.658753	0.388909	-0.0395059	7.93804
10.34	-0.0444077	7.74719	-0.649138	0.388157	-0.0389002	7.93037
10.35	-0.0440489	7.74706	-0.639661	0.387407	-0.0383037	7.92271
10.36	-0.043693	7.74683	-0.63032	0.386659	-0.037716	7.91506
10.37	-0.04334	7.7465	-0.621114	0.385914	-0.0371372	7.90743
10.38	-0.0429899	7.74607	-0.61204	0.385171	-0.0365671	7.89981
10.39	-0.0426426	7.74555	-0.603098	0.38443	-0.0360055	7.8922
10.4	-0.0422982	7.74493	-0.594284	0.383691	-0.0354524	7.88462
10.41	-0.0419566	7.74421	-0.585597	0.382954	-0.0349076	7.87704
10.42	-0.0416178	7.74341	-0.577035	0.382219	-0.034371	7.86948
10.43	-0.0412818	7.74251	-0.568597	0.381487	-0.0338425	7.86194
10.44	-0.0409485	7.74153	-0.560281	0.380756	-0.0333219	7.85441
10.45	-0.040618	7.74045	-0.552084	0.380028	-0.0328092	7.84689
10.46	-0.0402901	7.73929	-0.544007	0.379302	-0.0323043	7.83939
10.47	-0.039965	7.73805	-0.536046	0.378577	-0.0318069	7.8319
10.48	-0.0396425	7.73672	-0.5282	0.377855	-0.0313171	7.82443
10.49	-0.0393226	7.73531	-0.520467	0.377135	-0.0308347	7.81697
10.5	-0.0390053	7.73381	-0.512846	0.376417	-0.0303596	7.80952
10.51	-0.0386907	7.73224	-0.505336	0.375701	-0.0298917	7.80209
10.52	-0.0383786	7.73059	-0.497934	0.374987	-0.0294309	7.79468
10.53	-0.0380691	7.72886	-0.49064	0.374275	-0.0289771	7.78727
10.54	-0.0377621	7.72706	-0.483451	0.373566	-0.0285301	7.77989
10.55	-0.0374576	7.72518	-0.476367	0.372858	-0.02809	7.77251
10.56	-0.0371556	7.72323	-0.469385	0.372152	-0.0276565	7.76515
10.57	-0.0368561	7.72121	-0.462504	0.371448	-0.0272296	7.75781
10.58	-0.036559	7.71911	-0.455723	0.370746	-0.0268092	7.75047
10.59	-0.0362644	7.71695	-0.449041	0.370046	-0.0263952	7.74315
10.6	-0.0359721	7.71472	-0.442455	0.369349	-0.0259875	7.73585
10.61	-0.0356823	7.71242	-0.435965	0.368653	-0.025586	7.72856
10.62	-0.0353948	7.71005	-0.42957	0.367959	-0.0251906	7.72128
10.63	-0.0351097	7.70762	-0.423267	0.367267	-0.0248012	7.71402
10.64	-0.0348269	7.70512	-0.417056	0.366577	-0.0244178	7.70677
10.65	-0.0345464	7.70256	-0.410935	0.365889	-0.0240402	7.69953
10.66	-0.0342682	7.69994	-0.404903	0.365202	-0.0236684	7.69231
10.67	-0.0339923	7.69726	-0.398959	0.364518	-0.0233023	7.6851
10.68	-0.0337187	7.69452	-0.393102	0.363836	-0.0229417	7.6779
10.69	-0.0334473	7.69172	-0.387329	0.363156	-0.0225867	7.67072
10.7	-0.0331781	7.68886	-0.381641	0.362477	-0.0222371	7.66355
10.71	-0.0329111	7.68595	-0.376035	0.3618	-0.0218928	7.6564
10.72	-0.0326462	7.68298	-0.370511	0.361126	-0.0215538	7.64925
10.73	-0.0323836	7.67995	-0.365068	0.360453	-0.02122	7.64212
10.74	-0.0321231	7.67687	-0.359704	0.359782	-0.0208913	7.63501
10.75	-0.0318647	7.67374	-0.354418	0.359113	-0.0205676	7.62791
10.76	-0.0316084	7.67055	-0.349209	0.358446	-0.0202489	7.62082
10.77	-0.0313543	7.66732	-0.344076	0.357781	-0.0199351	7.61374
10.78	-0.0311022	7.66403	-0.339018	0.357117	-0.0196261	7.60668
10.79	-0.0308521	7.66069	-0.334034	0.356455	-0.0193219	7.59963
10.8	-0.0306041	7.65731	-0.329122	0.355796	-0.0190223	7.59259
10.81	-0.0303582	7.65388	-0.324282	0.355138	-0.0187273	7.58557
10.82	-0.0301142	7.6504	-0.319513	0.354482	-0.0184368	7.57856
10.83	-0.0298722	7.64688	-0.314814	0.353827	-0.0181508	7.57156
10.84	-0.0296322	7.64331	-0.310183	0.353175	-0.0178692	7.56458
10.85	-0.0293942	7.63969	-0.305619	0.352524	-0.0175919	7.5576
10.86	-0.0291581	7.63603	-0.301123	0.351875	-0.0173189	7.55064
10.87	-0.0289239	7.63233	-0.296692	0.351228	-0.0170501	7.5437
10.88	-0.0286917	7.62859	-0.292326	0.350583	-0.0167854	7.53676
10.89	-0.0284613	7.62481	-0.288023	0.349939	-0.0165248	7.52984
10.9	-0.0282328	7.62099	-0.283784	0.349297	-0.0162682	7.52294
10.91	-0.0280062	7.61712	-0.279606	0.348657	-0.0160156	7.51604
10.92	-0.0277814	7.61322	-0.27549	0.348019	-0.0157668	7.50916
10.93	-0.0275585	7.60928	-0.271434	0.347382	-0.0155219	7.50229
10.94	-0.0273374	7.6053	-0.267437	0.346748	-0.0152808	7.49543
10.95	-0.027118	7.60129	-0.263499	0.346115	-0.0150434	7.48858
10.96	-0.0269005	7.59724	-0.259618	0.345483	-0.0148096	7.48175
10.97	-0.0266847	7.59315	-0.255795	0.344854	-0.0145795	7.47493
10.98	-0.0264707	7.58903	-0.252027	0.344226	-0.0143529	7.46812
10.99	-0.0262585	7.58487	-0.248314	0.3436	-0.0141298	7.46133
11	-0.0260479	7.58068	-0.244656	0.342975	-0.0139101	7.45455
11.01	-0.0258391	7.57646	-0.241051	0.342352	-0.0136939	7.44777
11.02	-0.025632	7.57221	-0.2375	0.341731	-0.0134809	7.44102
11.03	-0.0254266	7.56792	-0.234	0.341112	-0.0132713	7.43427
11.04	-0.0252228	7.56361	-0.230551	0.340494	-0.0130649	7.42754
11.05	-0.0250207	7.55926	-0.227154	0.339878	-0.0128617	7.42081
11.06	-0.0248202	7.55489	-0.223805	0.339264	-0.0126616	7.4141
11.07	-0.0246214	7.55048	-0.220506	0.338651	-0.0124647	7.40741
11.08	-0.0244242	7.54605	-0.217256	0.33804	-0.0122708	7.40072
11.09	-0.0242286	7.54159	-0.214053	0.337431	-0.0120798	7.39405
11.1	-0.0240345	7.5371	-0.210897	0.336823	-0.0118919	7.38739
11.11	-0.0238421	7.53258	-0.207788	0.336217	-0.0117068	7.38074
11.12	-0.0236512	7.52804	-0.204724	0.335613	-0.0115246	7.3741
11.13	-0.0234619	7.52347	-0.201705	0.33501	-0.0113452	7.36748
11.14	-0.0232741	7.51888	-0.19873	0.334409	-0.0111687	7.36086
11.15	-0.0230878	7.51426	-0.195799	0.333809	-0.0109948	7.35426
11.16	-0.022903	7.50962	-0.192911	0.333211	-0.0108236	7.34767
11.17	-0.0227198	7.50495	-0.190065	0.332615	-0.0106551	7.34109
11.18	-0.022538	7.50026	-0.187262	0.33202	-0.0104892	7.33453
11.19	-0.0223577	7.49555	-0.184499	0.331427	-0.0103259	7.32797
11.2	-0.0221788	7.49082	-0.181777	0.330835	-0.0101651	7.32143
11.21	-0.0220014	7.48606	-0.179095	0.330245	-0.0100068	7.3149
11.22	-0.0218255	7.48128	-0.176453	0.329657	-0.00985096	7.30838
11.23	-0.021651	7.47649	-0.173849	0.32907	-0.00969753	7.30187
11.24	-0.0214779	7.47167	-0.171283	0.328485	-0.00954649	7.29537
11.25	-0.0213061	7.46683	-0.168756	0.327901	-0.00939778	7.28889
11.26	-0.0211358	7.46197	-0.166265	0.327319	-0.00925139	7.28242
11.27	-0.0209669	7.4571	-0.163811	0.326738	-0.00910727	7.27595
11.28	-0.0207993	7.4522	-0.161393	0.326159	-0.00896538	7.2695
11.29	-0.0206331	7.44729	-0.159011	0.325582	-0.0088257	7.26306
11.3	-0.0204682	7.44236	-0.156663	0.325006	-0.00868818	7.25664
11.31	-0.0203047	7.43741	-0.154351	0.324431	-0.00855281	7.25022
11.32	-0.0201424	7.43244	-0.152072	0.323858	-0.00841953	7.24382
11.33	-0.0199815	7.42746	-0.149827	0.323287	-0.00828833	7.23742
11.34	-0.0198219	7.42246	-0.147615	0.322717	-0.00815916	7.23104
11.35	-0.0196636	7.41745	-0.145435	0.322149	-0.008032	7.22467
11.36	-0.0195066	7.41242	-0.143287	0.321582	-0.00790682	7.21831
11.37	-0.0193508	7.40737	-0.141172	0.321016	-0.00778358	7.21196
11.38	-0.0191963	7.40231	-0.139087	0.320452	-0.00766226	7.20562
11.39	-0.019043	7.39724	-0.137033	0.31989	-0.00754283	7.1993
11.4	-0.018891	7.39215	-0.135009	0.319329	-0.00742525	7.19298
11.41	-0.0187401	7.38705	-0.133015	0.31877	-0.0073095	7.18668
11.42	-0.0185906	7.38194	-0.13105	0.318212	-0.00719556	7.18039
11.43	-0.0184422	7.37681	-0.129114	0.317655	-0.00708338	7.1741
11.44	-0.018295	7.37167	-0.127207	0.3171	-0.00697295	7.16783
11.45	-0.018149	7.36652	-0.125328	0.316546	-0.00686424	7.16157
11.46	-0.0180041	7.36135	-0.123476	0.315994	-0.00675721	7.15532
11.47	-0.0178605	7.35618	-0.121652	0.315443	-0.00665186	7.14908
11.48	-0.017718	7.35099	-0.119855	0.314894	-0.00654814	7.14286
11.49	-0.0175766	7.34579	-0.118084	0.314346	-0.00644604	7.13664
11.5	-0.0174364	7.34059	-0.116339	0.3138	-0.00634553	7.13043
11.51	-0.0172973	7.33537	-0.11462	0.313255	-0.00624658	7.12424
11.52	-0.0171593	7.33014	-0.112927	0.312711	-0.00614917	7.11806
11.53	-0.0170224	7.3249	-0.111258	0.312169	-0.00605328	7.11188
11.54	-0.0168866	7.31965	-0.109614	0.311628	-0.00595888	7.10572
11.55	-0.0167519	7.31439	-0.107994	0.311089	-0.00586595	7.09957
11.56	-0.0166183	7.30913	-0.106398	0.310551	-0.00577447	7.09343
11.57	-0.0164858	7.30385	-0.104825	0.310014	-0.00568442	7.08729
11.58	-0.0163543	7.29857	-0.103276	0.309479	-0.00559576	7.08117
11.59	-0.0162239	7.29328	-0.10175	0.308945	-0.00550849	7.07506
11.6	-0.0160945	7.28798	-0.100246	0.308413	-0.00542258	7.06897
11.61	-0.0159662	7.28267	-0.098764	0.307882	-0.005338	7.06288
11.62	-0.0158389	7.27736	-0.097304	0.307352	-0.00525475	7.0568
11.63	-0.0157126	7.27203	-0.0958657	0.306824	-0.00517279	7.05073
11.64	-0.0155873	7.26671	-0.0944485	0.306297	-0.00509211	7.04467
11.65	-0.0154631	7.26137	-0.0930523	0.305771	-0.00501268	7.03863
11.66	-0.0153398	7.25603	-0.0916766	0.305247	-0.00493449	7.03259
11.67	-0.0152175	7.25068	-0.0903212	0.304724	-0.00485753	7.02656
11.68	-0.0150962	7.24533	-0.0889859	0.304202	-0.00478176	7.02055
11.69	-0.0149758	7.23997	-0.0876702	0.303682	-0.00470717	7.01454
11.7	-0.0148564	7.2346	-0.086374	0.303163	-0.00463374	7.00855
11.71	-0.014738	7.22923	-0.0850969	0.302646	-0.00456146	7.00256
11.72	-0.0146205	7.22386	-0.0838386	0.302129	-0.00449031	6.99659
11.73	-0.0145039	7.21848	-0.0825989	0.301614	-0.00442027	6.99062
11.74	-0.0143883	7.21309	-0.0813775	0.301101	-0.00435132	6.98467
11.75	-0.0142736	7.2077	-0.0801741	0.300589	-0.00428344	6.97872
11.76	-0.0141598	7.20231	-0.0789885	0.300078	-0.00421662	6.97279
11.77	-0.0140469	7.19691	-0.0778204	0.299568	-0.00415085	6.96686
11.78	-0.0139349	7.19151	-0.0766695	0.299059	-0.00408609	6.96095
11.79	-0.0138238	7.18611	-0.0755357	0.298552	-0.00402235	6.95505
11.8	-0.0137136	7.1807	-0.0744185	0.298047	-0.00395961	6.94915
11.81	-0.0136043	7.17529	-0.0733179	0.297542	-0.00389784	6.94327
11.82	-0.0134958	7.16987	-0.0722335	0.297039	-0.00383704	6.93739
11.83	-0.0133882	7.16446	-0.0711651	0.296537	-0.00377718	6.93153
11.84	-0.0132814	7.15904	-0.0701125	0.296036	-0.00371826	6.92568
11.85	-0.0131755	7.15361	-0.0690755	0.295537	-0.00366026	6.91983
11.86	-0.0130704	7.14819	-0.0680537	0.295039	-0.00360316	6.914
11.87	-0.0129662	7.14276	-0.0670471	0.294542	-0.00354695	6.90817
11.88	-0.0128628	7.13733	-0.0660553	0.294046	-0.00349162	6.90236
11.89	-0.0127602	7.1319	-0.0650782	0.293552	-0.00343715	6.89655
11.9	-0.0126584	7.12647	-0.0641155	0.293058	-0.00338354	6.89076
11.91	-0.0125575	7.12103	-0.063167	0.292566	-0.00333076	6.88497
11.92	-0.0124573	7.1156	-0.0622325	0.292076	-0.0032788	6.87919
11.93	-0.0123579	7.11016	-0.0613119	0.291586	-0.00322765	6.87343
11.94	-0.0122593	7.10472	-0.0604048	0.291098	-0.0031773	6.86767
11.95	-0.0121615	7.09928	-0.0595111	0.290611	-0.00312774	6.86192
11.96	-0.0120644	7.09384	-0.0586307	0.290125	-0.00307895	6.85619
11.97	-0.0119681	7.0884	-0.0577632	0.289641	-0.00303092	6.85046
11.98	-0.0118726	7.08296	-0.0569086	0.289157	-0.00298365	6.84474
11.99	-0.0117779	7.07752	-0.0560666	0.288675	-0.00293711	6.83903
12	-0.0116838	7.07207	-0.055237	0.288194	-0.00289129	6.83333
12.01	-0.0115905	7.06663	-0.0544197	0.287715	-0.00284619	6.82764
12.02	-0.011498	7.06119	-0.0536145	0.287236	-0.0028018	6.82196
12.03	-0.0114062	7.05575	-0.0528212	0.286759	-0.00275809	6.81629
12.04	-0.0113151	7.0503	-0.0520396	0.286283	-0.00271507	6.81063
12.05	-0.0112247	7.04486	-0.0512696	0.285808	-0.00267273	6.80498
12.06	-0.011135	7.03942	-0.0505109	0.285334	-0.00263104	6.79934
12.07	-0.011046	7.03398	-0.0497634	0.284861	-0.00259	6.7937
12.08	-0.0109578	7.02854	-0.049027	0.28439	-0.0025496	6.78808
12.09	-0.0108702	7.0231	-0.0483015	0.28392	-0.00250984	6.78246
12.1	-0.0107833	7.01766	-0.0475867	0.283451	-0.00247069	6.77686
12.11	-0.0106971	7.01223	-0.0468825	0.282983	-0.00243216	6.77126
12.12	-0.0106115	7.00679	-0.0461887	0.282516	-0.00239423	6.76568
12.13	-0.0105266	7.00136	-0.0455051	0.28205	-0.00235689	6.7601
12.14	-0.0104424	6.99592	-0.0448317	0.281586	-0.00232013	6.75453
12.15	-0.0103589	6.99049	-0.0441682	0.281122	-0.00228394	6.74897
12.16	-0.010276	6.98506	-0.0435145	0.28066	-0.00224832	6.74342
12.17	-0.0101937	6.97964	-0.0428705	0.280199	-0.00221326	6.73788
12.18	-0.0101121	6.97421	-0.042236	0.279739	-0.00217875	6.73235
12.19	-0.0100311	6.96878	-0.0416109	0.279281	-0.00214477	6.72683
12.2	-0.0099508	6.96336	-0.040995	0.278823	-0.00211132	6.72131
12.21	-0.00987108	6.95794	-0.0403882	0.278366	-0.0020784	6.71581
12.22	-0.00979197	6.95252	-0.0397904	0.277911	-0.00204599	6.71031
12.23	-0.00971349	6.94711	-0.0392015	0.277457	-0.00201408	6.70482
12.24	-0.00963561	6.94169	-0.0386213	0.277004	-0.00198268	6.69935
12.25	-0.00955834	6.93628	-0.0380496	0.276551	-0.00195176	6.69388
12.26	-0.00948166	6.93087	-0.0374864	0.2761	-0.00192133	6.68842
12.27	-0.00940558	6.92547	-0.0369315	0.275651	-0.00189137	6.68297
12.28	-0.00933009	6.92007	-0.0363848	0.275202	-0.00186188	6.67752
12.29	-0.00925519	6.91466	-0.0358462	0.274754	-0.00183285	6.67209
12.3	-0.00918086	6.90927	-0.0353156	0.274308	-0.00180427	6.66667
12.31	-0.00910711	6.90387	-0.0347929	0.273862	-0.00177614	6.66125
12.32	-0.00903393	6.89848	-0.0342778	0.273418	-0.00174845	6.65584
12.33	-0.00896131	6.89309	-0.0337704	0.272974	-0.00172119	6.65045
12.34	-0.00888925	6.88771	-0.0332705	0.272532	-0.00169435	6.64506
12.35	-0.00881775	6.88233	-0.032778	0.272091	-0.00166794	6.63968
12.36	-0.00874679	6.87695	-0.0322927	0.271651	-0.00164193	6.6343
12.37	-0.00867639	6.87157	-0.0318147	0.271212	-0.00161634	6.62894
12.38	-0.00860652	6.8662	-0.0313437	0.270774	-0.00159114	6.62359
12.39	-0.00853719	6.86083	-0.0308797	0.270337	-0.00156633	6.61824
12.4	-0.0084684	6.85547	-0.0304225	0.269901	-0.00154192	6.6129
12.41	-0.00840013	6.8501	-0.0299721	0.269466	-0.00151788	6.60757
12.42	-0.00833238	6.84475	-0.0295284	0.269033	-0.00149422	6.60225
12.43	-0.00826515	6.83939	-0.0290912	0.2686	-0.00147093	6.59694
12.44	-0.00819844	6.83404	-0.0286606	0.268168	-0.001448	6.59164
12.45	-0.00813224	6.8287	-0.0282362	0.267738	-0.00142543	6.58635
12.46	-0.00806654	6.82336	-0.0278182	0.267308	-0.00140322	6.58106
12.47	-0.00800134	6.81802	-0.0274063	0.266879	-0.00138134	6.57578
12.48	-0.00793664	6.81268	-0.0270006	0.266452	-0.00135982	6.57051
12.49	-0.00787244	6.80735	-0.0266008	0.266025	-0.00133862	6.56525
12.5	-0.00780872	6.80203	-0.026207	0.2656	-0.00131776	6.56
12.51	-0.00774549	6.79671	-0.0258189	0.265176	-0.00129722	6.55476
12.52	-0.00768273	6.79139	-0.0254367	0.264752	-0.00127701	6.54952
12.53	-0.00762046	6.78608	-0.0250601	0.26433	-0.00125711	6.54429
12.54	-0.00755865	6.78077	-0.024689	0.263908	-0.00123752	6.53907
12.55	-0.00749732	6.77547	-0.0243235	0.263488	-0.00121823	6.53386
12.56	-0.00743644	6.77017	-0.0239633	0.263068	-0.00119925	6.52866
12.57	-0.00737603	6.76487	-0.0236085	0.26265	-0.00118056	6.52347
12.58	-0.00731608	6.75958	-0.0232589	0.262233	-0.00116216	6.51828
12.59	-0.00725657	6.7543	-0.0229145	0.261816	-0.00114406	6.51311
12.6	-0.00719752	6.74901	-0.0225752	0.261401	-0.00112623	6.50794
12.61	-0.00713891	6.74374	-0.022241	0.260986	-0.00110868	6.50278
12.62	-0.00708074	6.73847	-0.0219116	0.260573	-0.00109141	6.49762
12.63	-0.00702301	6.7332	-0.0215872	0.260161	-0.0010744	6.49248
12.64	-0.00696571	6.72794	-0.0212675	0.259749	-0.00105767	6.48734
12.65	-0.00690884	6.72268	-0.0209526	0.259339	-0.00104119	6.48221
12.66	-0.0068524	6.71743	-0.0206424	0.258929	-0.00102497	6.47709
12.67	-0.00679638	6.71218	-0.0203367	0.25852	-0.001009	6.47198
12.68	-0.00674078	6.70694	-0.0200356	0.258113	-0.000993282	6.46688
12.69	-0.00668559	6.7017	-0.0197389	0.257706	-0.000977809	6.46178
12.7	-0.00663082	6.69647	-0.0194466	0.257301	-0.000962578	6.45669
12.71	-0.00657645	6.69125	-0.0191586	0.256896	-0.000947584	6.45161
12.72	-0.00652249	6.68602	-0.0188749	0.256492	-0.000932824	6.44654
12.73	-0.00646893	6.68081	-0.0185954	0.256089	-0.000918294	6.44148
12.74	-0.00641576	6.6756	-0.01832	0.255687	-0.000903991	6.43642
12.75	-0.006363	6.67039	-0.0180487	0.255286	-0.000889911	6.43137
12.76	-0.00631062	6.66519	-0.0177815	0.254886	-0.000876051	6.42633
12.77	-0.00625863	6.65999	-0.0175182	0.254487	-0.000862408	6.4213
12.78	-0.00620702	6.6548	-0.0172587	0.254089	-0.000848977	6.41628
12.79	-0.00615579	6.64962	-0.0170031	0.253692	-0.000835755	6.41126
12.8	-0.00610494	6.64444	-0.0167514	0.253296	-0.00082274	6.40625
12.81	-0.00605447	6.63927	-0.0165033	0.252901	-0.000809928	6.40125
12.82	-0.00600436	6.6341	-0.0162589	0.252506	-0.000797316	6.39626
12.83	-0.00595463	6.62893	-0.0160181	0.252113	-0.0007849	6.39127
12.84	-0.00590526	6.62378	-0.0157809	0.25172	-0.000772678	6.38629
12.85	-0.00585624	6.61863	-0.0155472	0.251329	-0.000760647	6.38132
12.86	-0.00580759	6.61348	-0.0153169	0.250938	-0.000748803	6.37636
12.87	-0.0057593	6.60834	-0.0150901	0.250548	-0.000737145	6.37141
12.88	-0.00571135	6.6032	-0.0148666	0.250159	-0.000725668	6.36646
12.89	-0.00566375	6.59807	-0.0146465	0.249771	-0.00071437	6.36152
12.9	-0.0056165	6.59295	-0.0144295	0.249384	-0.000703248	6.35659
12.91	-0.00556959	6.58783	-0.0142158	0.248998	-0.0006923	6.35167
12.92	-0.00552303	6.58272	-0.0140053	0.248613	-0.000681522	6.34675
12.93	-0.0054768	6.57761	-0.0137979	0.248228	-0.000670913	6.34184
12.94	-0.0054309	6.57251	-0.0135936	0.247845	-0.000660469	6.33694
12.95	-0.00538533	6.56742	-0.0133922	0.247462	-0.000650188	6.33205
12.96	-0.00534009	6.56233	-0.0131939	0.24708	-0.000640067	6.32716
12.97	-0.00529518	6.55724	-0.0129985	0.246699	-0.000630104	6.32228
12.98	-0.00525059	6.55217	-0.012806	0.246319	-0.000620297	6.31741
12.99	-0.00520632	6.54709	-0.0126163	0.24594	-0.000610642	6.31255
13	-0.00516236	6.54203	-0.0124295	0.245562	-0.000601138	6.30769
13.01	-0.00511872	6.53697	-0.0122454	0.245185	-0.000591782	6.30284
13.02	-0.00507539	6.53191	-0.012064	0.244808	-0.000582572	6.298
13.03	-0.00503237	6.52686	-0.0118853	0.244433	-0.000573506	6.29317
13.04	-0.00498965	6.52182	-0.0117093	0.244058	-0.000564581	6.28834
13.05	-0.00494724	6.51678	-0.0115359	0.243684	-0.000555795	6.28352
13.06	-0.00490513	6.51175	-0.011365	0.243311	-0.000547146	6.27871
13.07	-0.00486331	6.50673	-0.0111967	0.242939	-0.000538632	6.27391
13.08	-0.00482179	6.50171	-0.0110309	0.242567	-0.000530251	6.26911
13.09	-0.00478056	6.4967	-0.0108675	0.242197	-0.000522	6.26432
13.1	-0.00473962	6.49169	-0.0107065	0.241827	-0.000513878	6.25954
13.11	-0.00469897	6.48669	-0.010548	0.241459	-0.000505883	6.25477
13.12	-0.0046586	6.48169	-0.0103917	0.241091	-0.000498012	6.25
13.13	-0.00461852	6.47671	-0.0102378	0.240724	-0.000490264	6.24524
13.14	-0.00457871	6.47172	-0.0100862	0.240357	-0.000482637	6.24049
13.15	-0.00453918	6.46675	-0.00993681	0.239992	-0.000475128	6.23574
13.16	-0.00449993	6.46178	-0.00978963	0.239627	-0.000467737	6.231
13.17	-0.00446094	6.45681	-0.00964463	0.239264	-0.000460461	6.22627
13.18	-0.00442223	6.45185	-0.00950178	0.238901	-0.000453298	6.22155
13.19	-0.00438378	6.4469	-0.00936105	0.238539	-0.000446247	6.21683
13.2	-0.0043456	6.44195	-0.0092224	0.238177	-0.000439306	6.21212
13.21	-0.00430768	6.43701	-0.0090858	0.237817	-0.000432473	6.20742
13.22	-0.00427002	6.43208	-0.00895123	0.237457	-0.000425746	6.20272
13.23	-0.00423261	6.42715	-0.00881864	0.237098	-0.000419124	6.19803
13.24	-0.00419546	6.42223	-0.00868803	0.23674	-0.000412606	6.19335
13.25	-0.00415857	6.41732	-0.00855934	0.236383	-0.000406189	6.18868
13.26	-0.00412192	6.41241	-0.00843256	0.236027	-0.000399872	6.18401
13.27	-0.00408553	6.4075	-0.00830766	0.235671	-0.000393653	6.17935
13.28	-0.00404937	6.40261	-0.00818461	0.235316	-0.000387532	6.1747
13.29	-0.00401346	6.39771	-0.00806338	0.234962	-0.000381505	6.17005
13.3	-0.0039778	6.39283	-0.00794395	0.234609	-0.000375573	6.16541
13.31	-0.00394237	6.38795	-0.00782628	0.234257	-0.000369733	6.16078
13.32	-0.00390718	6.38308	-0.00771036	0.233905	-0.000363984	6.15616
13.33	-0.00387222	6.37821	-0.00759615	0.233554	-0.000358325	6.15154
13.34	-0.00383749	6.37335	-0.00748364	0.233204	-0.000352753	6.14693
13.35	-0.003803	6.3685	-0.00737279	0.232855	-0.000347269	6.14232
13.36	-0.00376873	6.36365	-0.00726359	0.232507	-0.00034187	6.13772
13.37	-0.00373469	6.35881	-0.007156	0.232159	-0.000336555	6.13313
13.38	-0.00370087	6.35397	-0.00705	0.231812	-0.000331323	6.12855
13.39	-0.00366728	6.34915	-0.00694557	0.231466	-0.000326172	6.12397
13.4	-0.0036339	6.34432	-0.0068427	0.231121	-0.000321102	6.1194
13.41	-0.00360074	6.33951	-0.00674134	0.230776	-0.00031611	6.11484
13.42	-0.0035678	6.3347	-0.00664148	0.230432	-0.000311197	6.11028
13.43	-0.00353507	6.32989	-0.00654311	0.230089	-0.00030636	6.10573
13.44	-0.00350255	6.32509	-0.00644619	0.229747	-0.000301598	6.10119
13.45	-0.00347024	6.3203	-0.00635071	0.229405	-0.00029691	6.09665
13.46	-0.00343814	6.31552	-0.00625664	0.229065	-0.000292296	6.09212
13.47	-0.00340624	6.31074	-0.00616396	0.228725	-0.000287753	6.0876
13.48	-0.00337455	6.30597	-0.00607266	0.228385	-0.000283281	6.08309
13.49	-0.00334306	6.3012	-0.00598271	0.228047	-0.000278878	6.07858
13.5	-0.00331177	6.29644	-0.00589409	0.227709	-0.000274544	6.07407
13.51	-0.00328067	6.29168	-0.00580678	0.227372	-0.000270278	6.06958
13.52	-0.00324977	6.28694	-0.00572077	0.227036	-0.000266078	6.06509
13.53	-0.00321906	6.28219	-0.00563603	0.226701	-0.000261943	6.06061
13.54	-0.00318855	6.27746	-0.00555254	0.226366	-0.000257873	6.05613
13.55	-0.00315822	6.27273	-0.00547029	0.226032	-0.000253866	6.05166
13.56	-0.00312809	6.26801	-0.00538926	0.225699	-0.000249922	6.0472
13.57	-0.00309814	6.26329	-0.00530943	0.225366	-0.000246039	6.04274
13.58	-0.00306837	6.25858	-0.00523079	0.225034	-0.000242216	6.03829
13.59	-0.00303879	6.25388	-0.0051533	0.224703	-0.000238453	6.03385
13.6	-0.00300938	6.24918	-0.00507697	0.224373	-0.000234749	6.02941
13.61	-0.00298016	6.24449	-0.00500176	0.224043	-0.000231102	6.02498
13.62	-0.00295111	6.2398	-0.00492767	0.223714	-0.000227512	6.02056
13.63	-0.00292223	6.23512	-0.00485468	0.223386	-0.000223978	6.01614
13.64	-0.00289353	6.23045	-0.00478277	0.223059	-0.000220499	6.01173
13.65	-0.00286501	6.22578	-0.00471192	0.222732	-0.000217074	6.00733
13.66	-0.00283665	6.22112	-0.00464212	0.222406	-0.000213702	6.00293
13.67	-0.00280846	6.21647	-0.00457336	0.222081	-0.000210383	5.99854
13.68	-0.00278043	6.21182	-0.00450561	0.221756	-0.000207115	5.99415
13.69	-0.00275257	6.20717	-0.00443887	0.221432	-0.000203898	5.98977
13.7	-0.00272488	6.20254	-0.00437312	0.221109	-0.000200732	5.9854
13.71	-0.00269734	6.19791	-0.00430834	0.220787	-0.000197614	5.98104
13.72	-0.00266996	6.19329	-0.00424452	0.220465	-0.000194545	5.97668
13.73	-0.00264275	6.18867	-0.00418165	0.220144	-0.000191524	5.97232
13.74	-0.00261568	6.18406	-0.0041197	0.219824	-0.00018855	5.96798
13.75	-0.00258878	6.17945	-0.00405868	0.219504	-0.000185622	5.96364
13.76	-0.00256202	6.17485	-0.00399855	0.219185	-0.00018274	5.9593
13.77	-0.00253542	6.17026	-0.00393932	0.218867	-0.000179902	5.95497
13.78	-0.00250896	6.16568	-0.00388097	0.218549	-0.000177109	5.95065
13.79	-0.00248266	6.1611	-0.00382348	0.218233	-0.000174359	5.94634
13.8	-0.0024565	6.15652	-0.00376684	0.217916	-0.000171652	5.94203
13.81	-0.00243048	6.15195	-0.00371104	0.217601	-0.000168987	5.93773
13.82	-0.00240461	6.14739	-0.00365607	0.217286	-0.000166364	5.93343
13.83	-0.00237888	6.14284	-0.00360191	0.216972	-0.000163781	5.92914
13.84	-0.00235329	6.13829	-0.00354855	0.216659	-0.000161238	5.92486
13.85	-0.00232784	6.13374	-0.00349599	0.216346	-0.000158735	5.92058
13.86	-0.00230253	6.12921	-0.0034442	0.216034	-0.000156271	5.91631
13.87	-0.00227735	6.12468	-0.00339318	0.215722	-0.000153846	5.91204
13.88	-0.0022523	6.12015	-0.00334292	0.215412	-0.000151458	5.90778
13.89	-0.00222739	6.11563	-0.0032934	0.215102	-0.000149107	5.90353
13.9	-0.00220261	6.11112	-0.00324461	0.214792	-0.000146792	5.89928
13.91	-0.00217795	6.10662	-0.00319654	0.214483	-0.000144514	5.89504
13.92	-0.00215343	6.10212	-0.00314919	0.214175	-0.000142271	5.8908
13.93	-0.00212903	6.09762	-0.00310254	0.213868	-0.000140063	5.88658
13.94	-0.00210476	6.09313	-0.00305658	0.213561	-0.00013789	5.88235
13.95	-0.00208061	6.08865	-0.0030113	0.213255	-0.00013575	5.87814
13.96	-0.00205658	6.08418	-0.0029667	0.21295	-0.000133643	5.87393
13.97	-0.00203267	6.07971	-0.00292275	0.212645	-0.000131569	5.86972
13.98	-0.00200888	6.07524	-0.00287945	0.212341	-0.000129528	5.86552
13.99	-0.00198521	6.07079	-0.0028368	0.212037	-0.000127518	5.86133
14	-0.00196165	6.06633	-0.00279477	0.211735	-0.000125539	5.85714
14.01	-0.00193821	6.06189	-0.00275337	0.211433	-0.000123591	5.85296
14.02	-0.00191489	6.05745	-0.00271259	0.211131	-0.000121674	5.84879
14.03	-0.00189167	6.05302	-0.0026724	0.21083	-0.000119786	5.84462
14.04	-0.00186857	6.04859	-0.00263281	0.21053	-0.000117928	5.84046
14.05	-0.00184557	6.04417	-0.00259381	0.21023	-0.000116098	5.8363
14.06	-0.00182268	6.03975	-0.00255539	0.209931	-0.000114297	5.83215
14.07	-0.0017999	6.03534	-0.00251753	0.209633	-0.000112524	5.828
14.08	-0.00177723	6.03094	-0.00248024	0.209335	-0.000110778	5.82386
14.09	-0.00175465	6.02654	-0.0024435	0.209038	-0.00010906	5.81973
14.1	-0.00173218	6.02215	-0.0024073	0.208742	-0.000107368	5.8156
14.11	-0.00170981	6.01777	-0.00237164	0.208446	-0.000105703	5.81148
14.12	-0.00168754	6.01339	-0.00233651	0.208151	-0.000104063	5.80737
14.13	-0.00166537	6.00902	-0.00230189	0.207857	-0.000102449	5.80326
14.14	-0.0016433	6.00465	-0.00226779	0.207563	-0.00010086	5.79915
14.15	-0.00162132	6.00029	-0.0022342	0.207269	-9.9296e-05	5.79505
14.16	-0.00159944	5.99593	-0.0022011	0.206977	-9.7756e-05	5.79096
14.17	-0.00157764	5.99158	-0.0021685	0.206685	-9.624e-05	5.78687
14.18	-0.00155594	5.98724	-0.00213637	0.206393	-9.47475e-05	5.78279
14.19	-0.00153433	5.9829	-0.00210473	0.206103	-9.32782e-05	5.77872
14.2	-0.00151281	5.97857	-0.00207355	0.205812	-9.18318e-05	5.77465
14.21	-0.00149138	5.97424	-0.00204283	0.205523	-9.04078e-05	5.77058
14.22	-0.00147004	5.96993	-0.00201257	0.205234	-8.90059e-05	5.76653
14.23	-0.00144878	5.96561	-0.00198275	0.204945	-8.76258e-05	5.76247
14.24	-0.0014276	5.9613	-0.00195338	0.204658	-8.62672e-05	5.75843
14.25	-0.00140651	5.957	-0.00192444	0.204371	-8.49296e-05	5.75439
14.26	-0.00138549	5.95271	-0.00189593	0.204084	-8.36129e-05	5.75035
14.27	-0.00136456	5.94842	-0.00186785	0.203798	-8.23166e-05	5.74632
14.28	-0.00134371	5.94413	-0.00184018	0.203513	-8.10404e-05	5.7423
14.29	-0.00132293	5.93985	-0.00181292	0.203228	-7.97841e-05	5.73828
14.3	-0.00130224	5.93558	-0.00178606	0.202944	-7.85472e-05	5.73427
14.31	-0.00128161	5.93131	-0.0017596	0.20266	-7.73296e-05	5.73026
14.32	-0.00126106	5.92705	-0.00173354	0.202377	-7.61309e-05	5.72626
14.33	-0.00124059	5.9228	-0.00170786	0.202095	-7.49508e-05	5.72226
14.34	-0.00122018	5.91855	-0.00168256	0.201813	-7.3789e-05	5.71827
14.35	-0.00119985	5.91431	-0.00165763	0.201532	-7.26453e-05	5.71429
14.36	-0.00117959	5.91007	-0.00163307	0.201252	-7.15193e-05	5.71031
14.37	-0.00115939	5.90584	-0.00160888	0.200972	-7.04108e-05	5.70633
14.38	-0.00113926	5.90161	-0.00158505	0.200692	-6.93196e-05	5.70236
14.39	-0.0011192	5.89739	-0.00156157	0.200413	-6.82452e-05	5.6984
14.4	-0.0010992	5.89318	-0.00153843	0.200135	-6.71876e-05	5.69444
14.41	-0.00107926	5.88897	-0.00151564	0.199857	-6.61464e-05	5.69049
14.42	-0.00105939	5.88476	-0.00149319	0.19958	-6.51213e-05	5.68655
14.43	-0.00103958	5.88057	-0.00147107	0.199304	-6.41122e-05	5.68261
14.44	-0.00101983	5.87638	-0.00144928	0.199028	-6.31187e-05	5.67867
14.45	-0.00100013	5.87219	-0.00142781	0.198752	-6.21407e-05	5.67474
14.46	-0.000980495	5.86801	-0.00140666	0.198478	-6.11778e-05	5.67082
14.47	-0.000960916	5.86384	-0.00138582	0.198203	-6.02299e-05	5.6669
14.48	-0.000941391	5.85967	-0.00136529	0.19793	-5.92967e-05	5.66298
14.49	-0.000921921	5.8555	-0.00134506	0.197657	-5.8378e-05	5.65908
14.5	-0.000902503	5.85135	-0.00132514	0.197384	-5.74735e-05	5.65517
14.51	-0.000883138	5.84719	-0.00130551	0.197112	-5.65831e-05	5.65127
14.52	-0.000863823	5.84305	-0.00128617	0.196841	-5.57065e-05	5.64738
14.53	-0.000844558	5.83891	-0.00126711	0.19657	-5.48435e-05	5.6435
14.54	-0.000825341	5.83477	-0.00124834	0.1963	-5.39939e-05	5.63961
14.55	-0.000806172	5.83065	-0.00122985	0.19603	-5.31575e-05	5.63574
14.56	-0.000787049	5.82652	-0.00121163	0.195761	-5.23341e-05	5.63187
14.57	-0.000767971	5.8224	-0.00119368	0.195492	-5.15234e-05	5.628
14.58	-0.000748937	5.81829	-0.001176	0.195224	-5.07254e-05	5.62414
14.59	-0.000729946	5.81419	-0.00115858	0.194956	-4.99397e-05	5.62029
14.6	-0.000710997	5.81008	-0.00114141	0.194689	-4.91662e-05	5.61644
14.61	-0.000692089	5.80599	-0.0011245	0.194423	-4.84047e-05	5.61259
14.62	-0.00067322	5.8019	-0.00110784	0.194157	-4.7655e-05	5.60876
14.63	-0.000654389	5.79782	-0.00109143	0.193892	-4.6917e-05	5.60492
14.64	-0.000635597	5.79374	-0.00107526	0.193627	-4.61904e-05	5.60109
14.65	-0.00061684	5.78966	-0.00105934	0.193363	-4.54751e-05	5.59727
14.66	-0.000598119	5.7856	-0.00104364	0.193099	-4.47708e-05	5.59345
14.67	-0.000579432	5.78153	-0.00102818	0.192836	-4.40775e-05	5.58964
14.68	-0.000560778	5.77748	-0.00101295	0.192573	-4.3395e-05	5.58583
14.69	-0.000542156	5.77343	-0.000997943	0.192311	-4.27231e-05	5.58203
14.7	-0.000523565	5.76938	-0.00098316	0.19205	-4.20615e-05	5.57823
14.71	-0.000505003	5.76534	-0.000968595	0.191789	-4.14103e-05	5.57444
14.72	-0.000486471	5.76131	-0.000954246	0.191528	-4.07691e-05	5.57065
14.73	-0.000467967	5.75728	-0.00094011	0.191268	-4.01379e-05	5.56687
14.74	-0.000449489	5.75326	-0.000926183	0.191009	-3.95165e-05	5.56309
14.75	-0.000431036	5.74924	-0.000912462	0.19075	-3.89047e-05	5.55932
14.76	-0.000412609	5.74522	-0.000898944	0.190491	-3.83024e-05	5.55556
14.77	-0.000394204	5.74122	-0.000885627	0.190234	-3.77094e-05	5.55179
14.78	-0.000375823	5.73722	-0.000872507	0.189976	-3.71257e-05	5.54804
14.79	-0.000357462	5.73322	-0.000859582	0.189719	-3.65509e-05	5.54429
14.8	-0.000339122	5.72923	-0.000846848	0.189463	-3.59851e-05	5.54054
14.81	-0.000320801	5.72524	-0.000834302	0.189207	-3.54281e-05	5.5368
14.82	-0.000302499	5.72126	-0.000821943	0.188952	-3.48797e-05	5.53306
14.83	-0.000284213	5.71729	-0.000809766	0.188697	-3.43399e-05	5.52933
14.84	-0.000265944	5.71332	-0.00079777	0.188443	-3.38084e-05	5.52561
14.85	-0.00024769	5.70936	-0.000785952	0.188189	-3.32851e-05	5.52189
14.86	-0.00022945	5.7054	-0.000774308	0.187936	-3.27699e-05	5.51817
14.87	-0.000211223	5.70144	-0.000762838	0.187684	-3.22628e-05	5.51446
14.88	-0.000193008	5.6975	-0.000751537	0.187431	-3.17635e-05	5.51075
14.89	-0.000174804	5.69355	-0.000740403	0.18718	-3.12719e-05	5.50705
14.9	-0.00015661	5.68962	-0.000729435	0.186929	-3.0788e-05	5.50336
14.91	-0.000138425	5.68568	-0.000718629	0.186678	-3.03115e-05	5.49966
14.92	-0.000120247	5.68176	-0.000707983	0.186428	-2.98425e-05	5.49598
14.93	-0.000102076	5.67784	-0.000697494	0.186178	-2.93807e-05	5.4923
14.94	-8.39116e-05	5.67392	-0.000687161	0.185929	-2.89261e-05	5.48862
14.95	-6.57515e-05	5.67001	-0.000676982	0.18568	-2.84785e-05	5.48495
14.96	-4.75951e-05	5.6661	-0.000666953	0.185432	-2.80379e-05	5.48128
14.97	-2.94414e-05	5.6622	-0.000657072	0.185184	-2.76041e-05	5.47762
14.98	-1.12894e-05	5.65831	-0.000647338	0.184937	-2.7177e-05	5.47397
14.99	6.86197e-06	5.65442	-0.000637748	0.184691	-2.67565e-05	5.47031
