0.01	5.23492e-09	2.74044e-13
0.02	7.32882e-08	1.34279e-11
0.03	2.66976e-07	7.91955e-11
0.04	6.49107e-07	2.63337e-10
0.05	1.28248e-06	6.57905e-10
0.06	2.2299e-06	1.38123e-09
0.07	3.55412e-06	2.57791e-09
0.08	5.31791e-06	4.41878e-09
0.09	7.58402e-06	7.1009e-09
0.1	1.04151e-05	1.08475e-08
0.11	1.3874e-05	1.59081e-08
0.12	1.80232e-05	2.25581e-08
0.13	2.29255e-05	3.10992e-08
0.14	2.86433e-05	4.18591e-08
0.15	3.52393e-05	5.51915e-08
0.16	4.2776e-05	7.14761e-08
0.17	5.13159e-05	9.11184e-08
0.18	6.09214e-05	1.1455e-07
0.19	7.16549e-05	1.42228e-07
0.2	8.35786e-05	1.74635e-07
0.21	9.6755e-05	2.1228e-07
0.22	0.000111246	2.55697e-07
0.23	0.000127114	3.05446e-07
0.24	0.000144422	3.62112e-07
0.25	0.00016323	4.26305e-07
0.26	0.000183602	4.98662e-07
0.27	0.000205598	5.79844e-07
0.28	0.000229282	6.70536e-07
0.29	0.000254713	7.7145e-07
0.3	0.000281956	8.83322e-07
0.31	0.000311069	1.00691e-06
0.32	0.000342117	1.14301e-06
0.33	0.000375159	1.29242e-06
0.34	0.000410257	1.45597e-06
0.35	0.000447472	1.63454e-06
0.36	0.000486866	1.829e-06
0.37	0.000528499	2.04026e-06
0.38	0.000572432	2.26924e-06
0.39	0.000618727	2.51692e-06
0.4	0.000667444	2.78426e-06
0.41	0.000718643	3.07226e-06
0.42	0.000772385	3.38196e-06
0.43	0.00082873	3.71441e-06
0.44	0.000887739	4.07067e-06
0.45	0.000949472	4.45184e-06
0.46	0.00101399	4.85904e-06
0.47	0.00108135	5.29342e-06
0.48	0.00115161	5.75613e-06
0.49	0.00122484	6.24836e-06
0.5	0.00130109	6.77132e-06
0.51	0.00138042	7.32625e-06
0.52	0.00146289	7.91439e-06
0.53	0.00154856	8.53701e-06
0.54	0.00163749	9.19542e-06
0.55	0.00172974	9.89093e-06
0.56	0.00182537	1.06249e-05
0.57	0.00192443	1.13986e-05
0.58	0.00202698	1.22136e-05
0.59	0.00213308	1.30711e-05
0.6	0.00224279	1.39726e-05
0.61	0.00235617	1.49195e-05
0.62	0.00247328	1.59134e-05
0.63	0.00259416	1.69556e-05
0.64	0.00271889	1.80477e-05
0.65	0.00284751	1.91913e-05
0.66	0.00298008	2.03877e-05
0.67	0.00311667	2.16387e-05
0.68	0.00325732	2.29457e-05
0.69	0.00340209	2.43104e-05
0.7	0.00355104	2.57344e-05
0.71	0.00370422	2.72194e-05
0.72	0.0038617	2.87668e-05
0.73	0.00402352	3.03785e-05
0.74	0.00418974	3.20562e-05
0.75	0.00436042	3.38014e-05
0.76	0.00453561	3.5616e-05
0.77	0.00471537	3.75016e-05
0.78	0.00489974	3.94601e-05
0.79	0.0050888	4.14931e-05
0.8	0.00528257	4.36025e-05
0.81	0.00548114	4.579e-05
0.82	0.00568453	4.80576e-05
0.83	0.00589282	5.04069e-05
0.84	0.00610605	5.28398e-05
0.85	0.00632427	5.53583e-05
0.86	0.00654754	5.79641e-05
0.87	0.00677591	6.06592e-05
0.88	0.00700943	6.34454e-05
0.89	0.00724816	6.63247e-05
0.9	0.00749214	6.92989e-05
0.91	0.00774142	7.23701e-05
0.92	0.00799607	7.55401e-05
0.93	0.00825612	7.88109e-05
0.94	0.00852164	8.21846e-05
0.95	0.00879266	8.5663e-05
0.96	0.00906924	8.92481e-05
0.97	0.00935143	9.29421e-05
0.98	0.00963928	9.67468e-05
0.99	0.00993283	0.000100664
1	0.0102321	0.000104697
1.01	0.0105373	0.000108846
1.02	0.0108482	0.000113114
1.03	0.0111651	0.000117504
1.04	0.0114879	0.000122016
1.05	0.0118167	0.000126653
1.06	0.0121516	0.000131418
1.07	0.0124925	0.000136312
1.08	0.0128396	0.000141338
1.09	0.0131929	0.000146497
1.1	0.0135524	0.000151791
1.11	0.0139182	0.000157224
1.12	0.0142903	0.000162796
1.13	0.0146687	0.00016851
1.14	0.0150536	0.000174369
1.15	0.0154449	0.000180374
1.16	0.0158427	0.000186527
1.17	0.016247	0.000192831
1.18	0.016658	0.000199288
1.19	0.0170755	0.000205899
1.2	0.0174998	0.000212668
1.21	0.0179307	0.000219595
1.22	0.0183684	0.000226685
1.23	0.0188129	0.000233937
1.24	0.0192642	0.000241356
1.25	0.0197224	0.000248942
1.26	0.0201875	0.000256698
1.27	0.0206595	0.000264627
1.28	0.0211386	0.00027273
1.29	0.0216247	0.000281009
1.3	0.0221179	0.000289467
1.31	0.0226181	0.000298106
1.32	0.0231256	0.000306928
1.33	0.0236402	0.000315935
1.34	0.024162	0.00032513
1.35	0.0246911	0.000334514
1.36	0.0252275	0.000344089
1.37	0.0257712	0.000353858
1.38	0.0263223	0.000363823
1.39	0.0268808	0.000373987
1.4	0.0274468	0.00038435
1.41	0.0280202	0.000394915
1.42	0.0286011	0.000405685
1.43	0.0291896	0.000416662
1.44	0.0297856	0.000427847
1.45	0.0303893	0.000439243
1.46	0.0310006	0.000450851
1.47	0.0316195	0.000462675
1.48	0.0322462	0.000474715
1.49	0.0328806	0.000486974
1.5	0.0335227	0.000499455
1.51	0.0341727	0.000512158
1.52	0.0348305	0.000525087
1.53	0.0354961	0.000538243
1.54	0.0361696	0.000551627
1.55	0.036851	0.000565243
1.56	0.0375404	0.000579093
1.57	0.0382377	0.000593177
1.58	0.038943	0.000607498
1.59	0.0396563	0.000622058
1.6	0.0403777	0.00063686
1.61	0.0411072	0.000651904
1.62	0.0418447	0.000667192
1.63	0.0425904	0.000682728
1.64	0.0433442	0.000698512
1.65	0.0441061	0.000714546
1.66	0.0448763	0.000730833
1.67	0.0456547	0.000747373
1.68	0.0464413	0.00076417
1.69	0.0472361	0.000781224
1.7	0.0480393	0.000798537
1.71	0.0488507	0.000816112
1.72	0.0496705	0.000833949
1.73	0.0504985	0.000852051
1.74	0.051335	0.000870419
1.75	0.0521798	0.000889055
1.76	0.053033	0.000907961
1.77	0.0538946	0.000927138
1.78	0.0547647	0.000946588
1.79	0.0556431	0.000966312
1.8	0.0565301	0.000986312
1.81	0.0574255	0.00100659
1.82	0.0583294	0.00102715
1.83	0.0592418	0.00104798
1.84	0.0601627	0.0010691
1.85	0.0610921	0.0010905
1.86	0.0620301	0.00111219
1.87	0.0629767	0.00113416
1.88	0.0639318	0.00115643
1.89	0.0648954	0.00117897
1.9	0.0658677	0.00120181
1.91	0.0668485	0.00122495
1.92	0.067838	0.00124837
1.93	0.068836	0.00127209
1.94	0.0698427	0.0012961
1.95	0.070858	0.00132041
1.96	0.071882	0.00134502
1.97	0.0729145	0.00136992
1.98	0.0739558	0.00139513
1.99	0.0750056	0.00142063
2	0.0760641	0.00144644
2.01	0.0771313	0.00147255
2.02	0.0782072	0.00149896
2.03	0.0792917	0.00152568
2.04	0.0803848	0.0015527
2.05	0.0814867	0.00158003
2.06	0.0825972	0.00160767
2.07	0.0837163	0.00163561
2.08	0.0848442	0.00166386
2.09	0.0859807	0.00169242
2.1	0.0871258	0.00172129
2.11	0.0882796	0.00175048
2.12	0.0894421	0.00177997
2.13	0.0906132	0.00180977
2.14	0.091793	0.00183989
2.15	0.0929814	0.00187032
2.16	0.0941785	0.00190106
2.17	0.0953842	0.00193212
2.18	0.0965985	0.00196349
2.19	0.0978214	0.00199517
2.2	0.0990529	0.00202717
2.21	0.100293	0.00205948
2.22	0.101542	0.00209211
2.23	0.102799	0.00212505
2.24	0.104065	0.00215831
2.25	0.105339	0.00219188
2.26	0.106622	0.00222577
2.27	0.107914	0.00225997
2.28	0.109214	0.00229449
2.29	0.110522	0.00232932
2.3	0.111839	0.00236447
2.31	0.113165	0.00239994
2.32	0.114499	0.00243571
2.33	0.115841	0.00247181
2.34	0.117192	0.00250821
2.35	0.118551	0.00254493
2.36	0.119919	0.00258197
2.37	0.121295	0.00261931
2.38	0.122679	0.00265697
2.39	0.124072	0.00269494
2.4	0.125473	0.00273322
2.41	0.126882	0.00277182
2.42	0.128299	0.00281072
2.43	0.129725	0.00284993
2.44	0.131159	0.00288945
2.45	0.132601	0.00292928
2.46	0.134051	0.00296941
2.47	0.135509	0.00300985
2.48	0.136976	0.00305059
2.49	0.13845	0.00309164
2.5	0.139933	0.00313299
2.51	0.141423	0.00317464
2.52	0.142922	0.0032166
2.53	0.144428	0.00325885
2.54	0.145943	0.0033014
2.55	0.147465	0.00334424
2.56	0.148995	0.00338738
2.57	0.150533	0.00343082
2.58	0.152079	0.00347454
2.59	0.153632	0.00351856
2.6	0.155193	0.00356287
2.61	0.156762	0.00360746
2.62	0.158339	0.00365234
2.63	0.159923	0.00369751
2.64	0.161514	0.00374295
2.65	0.163113	0.00378868
2.66	0.16472	0.00383469
2.67	0.166334	0.00388097
2.68	0.167956	0.00392753
2.69	0.169584	0.00397435
2.7	0.17122	0.00402145
2.71	0.172864	0.00406882
2.72	0.174514	0.00411646
2.73	0.176172	0.00416435
2.74	0.177837	0.00421251
2.75	0.179508	0.00426093
2.76	0.181187	0.00430961
2.77	0.182873	0.00435854
2.78	0.184566	0.00440772
2.79	0.186266	0.00445715
2.8	0.187972	0.00450682
2.81	0.189685	0.00455674
2.82	0.191405	0.00460691
2.83	0.193132	0.00465731
2.84	0.194865	0.00470794
2.85	0.196605	0.00475881
2.86	0.198351	0.0048099
2.87	0.200104	0.00486123
2.88	0.201863	0.00491277
2.89	0.203628	0.00496454
2.9	0.205399	0.00501652
2.91	0.207177	0.00506872
2.92	0.208961	0.00512113
2.93	0.210751	0.00517374
2.94	0.212547	0.00522656
2.95	0.214349	0.00527958
2.96	0.216157	0.00533279
2.97	0.217971	0.0053862
2.98	0.21979	0.0054398
2.99	0.221615	0.00549359
3	0.223446	0.00554755
3.01	0.225282	0.0056017
3.02	0.227124	0.00565602
3.03	0.228971	0.00571051
3.04	0.230823	0.00576516
3.05	0.232681	0.00581998
3.06	0.234544	0.00587496
3.07	0.236412	0.0059301
3.08	0.238285	0.00598538
3.09	0.240163	0.00604081
3.1	0.242046	0.00609638
3.11	0.243934	0.0061521
3.12	0.245826	0.00620794
3.13	0.247723	0.00626391
3.14	0.249625	0.00632001
3.15	0.251532	0.00637623
3.16	0.253442	0.00643256
3.17	0.255357	0.00648901
3.18	0.257277	0.00654556
3.19	0.2592	0.00660221
3.2	0.261128	0.00665896
3.21	0.26306	0.00671581
3.22	0.264995	0.00677274
3.23	0.266935	0.00682975
3.24	0.268878	0.00688684
3.25	0.270825	0.006944
3.26	0.272775	0.00700123
3.27	0.274729	0.00705853
3.28	0.276687	0.00711588
3.29	0.278647	0.00717328
3.3	0.280611	0.00723073
3.31	0.282578	0.00728823
3.32	0.284549	0.00734576
3.33	0.286522	0.00740332
3.34	0.288498	0.0074609
3.35	0.290476	0.00751851
3.36	0.292458	0.00757614
3.37	0.294442	0.00763377
3.38	0.296428	0.00769141
3.39	0.298417	0.00774904
3.4	0.300408	0.00780667
3.41	0.302402	0.00786429
3.42	0.304397	0.00792189
3.43	0.306394	0.00797946
3.44	0.308394	0.00803701
3.45	0.310395	0.00809452
3.46	0.312398	0.00815199
3.47	0.314402	0.00820941
3.48	0.316408	0.00826678
3.49	0.318415	0.00832409
3.5	0.320424	0.00838133
3.51	0.322433	0.00843851
3.52	0.324444	0.00849561
3.53	0.326456	0.00855262
3.54	0.328468	0.00860955
3.55	0.330482	0.00866638
3.56	0.332495	0.00872311
3.57	0.33451	0.00877974
3.58	0.336525	0.00883625
3.59	0.33854	0.00889264
3.6	0.340555	0.00894891
3.61	0.342571	0.00900504
3.62	0.344586	0.00906104
3.63	0.346601	0.00911689
3.64	0.348616	0.00917259
3.65	0.350631	0.00922813
3.66	0.352645	0.00928351
3.67	0.354658	0.00933873
3.68	0.356671	0.00939376
3.69	0.358683	0.00944861
3.7	0.360694	0.00950328
3.71	0.362703	0.00955775
3.72	0.364712	0.00961201
3.73	0.366719	0.00966607
3.74	0.368725	0.00971992
3.75	0.37073	0.00977354
3.76	0.372732	0.00982694
3.77	0.374733	0.0098801
3.78	0.376732	0.00993302
3.79	0.378729	0.0099857
3.8	0.380724	0.0100381
3.81	0.382716	0.0100903
3.82	0.384706	0.0101422
3.83	0.386693	0.0101938
3.84	0.388678	0.0102451
3.85	0.39066	0.0102962
3.86	0.392639	0.010347
3.87	0.394615	0.0103974
3.88	0.396588	0.0104476
3.89	0.398558	0.0104974
3.9	0.400524	0.010547
3.91	0.402486	0.0105962
3.92	0.404445	0.010645
3.93	0.4064	0.0106936
3.94	0.408352	0.0107418
3.95	0.410299	0.0107896
3.96	0.412241	0.0108371
3.97	0.41418	0.0108842
3.98	0.416114	0.010931
3.99	0.418044	0.0109773
4	0.419968	0.0110233
4.01	0.421888	0.0110689
4.02	0.423803	0.0111141
4.03	0.425713	0.0111589
4.04	0.427617	0.0112033
4.05	0.429516	0.0112473
4.06	0.43141	0.0112909
4.07	0.433298	0.011334
4.08	0.43518	0.0113767
4.09	0.437056	0.011419
4.1	0.438926	0.0114608
4.11	0.44079	0.0115022
4.12	0.442647	0.0115431
4.13	0.444498	0.0115835
4.14	0.446343	0.0116235
4.15	0.448181	0.011663
4.16	0.450011	0.011702
4.17	0.451835	0.0117405
4.18	0.453652	0.0117786
4.19	0.455461	0.0118161
4.2	0.457263	0.0118531
4.21	0.459057	0.0118897
4.22	0.460844	0.0119257
4.23	0.462623	0.0119612
4.24	0.464393	0.0119961
4.25	0.466156	0.0120305
4.26	0.46791	0.0120644
4.27	0.469656	0.0120978
4.28	0.471394	0.0121305
4.29	0.473123	0.0121628
4.3	0.474843	0.0121945
4.31	0.476554	0.0122256
4.32	0.478256	0.0122561
4.33	0.479948	0.0122861
4.34	0.481632	0.0123155
4.35	0.483306	0.0123443
4.36	0.48497	0.0123725
4.37	0.486624	0.0124001
4.38	0.488269	0.0124271
4.39	0.489903	0.0124535
4.4	0.491527	0.0124793
4.41	0.493141	0.0125045
4.42	0.494745	0.012529
4.43	0.496338	0.012553
4.44	0.49792	0.0125763
4.45	0.499491	0.012599
4.46	0.501051	0.012621
4.47	0.5026	0.0126424
4.48	0.504138	0.0126632
4.49	0.505664	0.0126833
4.5	0.507179	0.0127027
4.51	0.508682	0.0127215
4.52	0.510173	0.0127397
4.53	0.511653	0.0127572
4.54	0.51312	0.012774
4.55	0.514575	0.0127901
4.56	0.516017	0.0128056
4.57	0.517447	0.0128203
4.58	0.518865	0.0128344
4.59	0.520269	0.0128479
4.6	0.521661	0.0128606
4.61	0.52304	0.0128726
4.62	0.524405	0.012884
4.63	0.525757	0.0128946
4.64	0.527096	0.0129046
4.65	0.528421	0.0129138
4.66	0.529733	0.0129224
4.67	0.531031	0.0129302
4.68	0.532314	0.0129373
4.69	0.533584	0.0129438
4.7	0.53484	0.0129495
4.71	0.536081	0.0129544
4.72	0.537307	0.0129587
4.73	0.53852	0.0129623
4.74	0.539717	0.0129651
4.75	0.540899	0.0129672
4.76	0.542067	0.0129686
4.77	0.54322	0.0129692
4.78	0.544357	0.0129692
4.79	0.545479	0.0129684
4.8	0.546585	0.0129668
4.81	0.547676	0.0129646
4.82	0.548752	0.0129616
4.83	0.549811	0.0129578
4.84	0.550855	0.0129534
4.85	0.551882	0.0129482
4.86	0.552893	0.0129423
4.87	0.553889	0.0129356
4.88	0.554867	0.0129282
4.89	0.555829	0.0129201
4.9	0.556775	0.0129112
4.91	0.557704	0.0129016
4.92	0.558616	0.0128913
4.93	0.559511	0.0128802
4.94	0.560389	0.0128684
4.95	0.56125	0.0128559
4.96	0.562094	0.0128426
4.97	0.56292	0.0128286
4.98	0.563729	0.0128139
4.99	0.56452	0.0127984
5	0.565293	0.0127823
5.01	0.566049	0.0127653
5.02	0.566787	0.0127477
5.03	0.567507	0.0127293
5.04	0.568209	0.0127103
5.05	0.568892	0.0126905
5.06	0.569558	0.0126699
5.07	0.570205	0.0126487
5.08	0.570833	0.0126267
5.09	0.571443	0.0126041
5.1	0.572035	0.0125807
5.11	0.572607	0.0125566
5.12	0.573161	0.0125318
5.13	0.573696	0.0125063
5.14	0.574212	0.0124801
5.15	0.574709	0.0124532
5.16	0.575187	0.0124256
5.17	0.575645	0.0123974
5.18	0.576085	0.0123684
5.19	0.576504	0.0123387
5.2	0.576905	0.0123084
5.21	0.577286	0.0122774
5.22	0.577647	0.0122457
5.23	0.577989	0.0122134
5.24	0.578311	0.0121804
5.25	0.578613	0.0121467
5.26	0.578895	0.0121123
5.27	0.579157	0.0120774
5.28	0.5794	0.0120417
5.29	0.579622	0.0120055
5.3	0.579824	0.0119685
5.31	0.580006	0.011931
5.32	0.580168	0.0118928
5.33	0.580309	0.011854
5.34	0.580431	0.0118146
5.35	0.580531	0.0117745
5.36	0.580612	0.0117339
5.37	0.580671	0.0116926
5.38	0.580711	0.0116508
5.39	0.58073	0.0116083
5.4	0.580728	0.0115653
5.41	0.580705	0.0115217
5.42	0.580662	0.0114775
5.43	0.580598	0.0114328
5.44	0.580513	0.0113875
5.45	0.580408	0.0113416
5.46	0.580282	0.0112952
5.47	0.580135	0.0112482
5.48	0.579967	0.0112007
5.49	0.579778	0.0111527
5.5	0.579568	0.0111041
5.51	0.579337	0.011055
5.52	0.579086	0.0110054
5.53	0.578813	0.0109553
5.54	0.578519	0.0109048
5.55	0.578205	0.0108537
5.56	0.577869	0.0108021
5.57	0.577513	0.0107501
5.58	0.577135	0.0106976
5.59	0.576736	0.0106446
5.6	0.576317	0.0105912
5.61	0.575876	0.0105374
5.62	0.575415	0.0104831
5.63	0.574932	0.0104284
5.64	0.574429	0.0103732
5.65	0.573904	0.0103177
5.66	0.573359	0.0102617
5.67	0.572792	0.0102054
5.68	0.572205	0.0101486
5.69	0.571597	0.0100915
5.7	0.570968	0.010034
5.71	0.570318	0.00997614
5.72	0.569648	0.00991793
5.73	0.568957	0.00985937
5.74	0.568245	0.00980048
5.75	0.567512	0.00974126
5.76	0.566759	0.00968171
5.77	0.565985	0.00962186
5.78	0.565191	0.0095617
5.79	0.564377	0.00950125
5.8	0.563541	0.00944052
5.81	0.562686	0.00937951
5.82	0.56181	0.00931823
5.83	0.560914	0.00925669
5.84	0.559998	0.00919491
5.85	0.559062	0.00913289
5.86	0.558106	0.00907064
5.87	0.55713	0.00900817
5.88	0.556134	0.00894548
5.89	0.555118	0.00888259
5.9	0.554082	0.00881951
5.91	0.553027	0.00875625
5.92	0.551952	0.00869281
5.93	0.550858	0.0086292
5.94	0.549745	0.00856544
5.95	0.548612	0.00850153
5.96	0.54746	0.00843748
5.97	0.546289	0.0083733
5.98	0.545099	0.00830901
5.99	0.543891	0.0082446
6	0.542663	0.00818009
6.01	0.541417	0.00811549
6.02	0.540152	0.00805081
6.03	0.538869	0.00798605
6.04	0.537568	0.00792123
6.05	0.536248	0.00785635
6.06	0.534911	0.00779143
6.07	0.533555	0.00772647
6.08	0.532182	0.00766149
6.09	0.530791	0.00759648
6.1	0.529382	0.00753146
6.11	0.527956	0.00746644
6.12	0.526513	0.00740143
6.13	0.525053	0.00733644
6.14	0.523576	0.00727147
6.15	0.522082	0.00720654
6.16	0.520571	0.00714165
6.17	0.519044	0.00707681
6.18	0.5175	0.00701203
6.19	0.51594	0.00694731
6.2	0.514364	0.00688268
6.21	0.512772	0.00681813
6.22	0.511164	0.00675368
6.23	0.509541	0.00668932
6.24	0.507902	0.00662508
6.25	0.506248	0.00656095
6.26	0.504579	0.00649696
6.27	0.502895	0.00643309
6.28	0.501196	0.00636937
6.29	0.499483	0.0063058
6.3	0.497755	0.00624238
6.31	0.496013	0.00617913
6.32	0.494257	0.00611606
6.33	0.492487	0.00605316
6.34	0.490703	0.00599045
6.35	0.488906	0.00592794
6.36	0.487096	0.00586563
6.37	0.485272	0.00580353
6.38	0.483436	0.00574165
6.39	0.481587	0.00567998
6.4	0.479725	0.00561855
6.41	0.477851	0.00555736
6.42	0.475964	0.00549641
6.43	0.474066	0.00543571
6.44	0.472156	0.00537526
6.45	0.470235	0.00531508
6.46	0.468302	0.00525516
6.47	0.466358	0.00519553
6.48	0.464403	0.00513617
6.49	0.462437	0.00507709
6.5	0.46046	0.00501832
6.51	0.458474	0.00495983
6.52	0.456477	0.00490165
6.53	0.45447	0.00484378
6.54	0.452454	0.00478623
6.55	0.450428	0.00472899
6.56	0.448393	0.00467208
6.57	0.446349	0.00461549
6.58	0.444296	0.00455924
6.59	0.442234	0.00450333
6.6	0.440164	0.00444776
6.61	0.438086	0.00439254
6.62	0.436	0.00433767
6.63	0.433906	0.00428316
6.64	0.431804	0.004229
6.65	0.429696	0.00417521
6.66	0.42758	0.00412179
6.67	0.425457	0.00406874
6.68	0.423327	0.00401606
6.69	0.421192	0.00396376
6.7	0.41905	0.00391184
6.71	0.416901	0.00386031
6.72	0.414748	0.00380916
6.73	0.412588	0.00375841
6.74	0.410424	0.00370804
6.75	0.408254	0.00365808
6.76	0.406079	0.00360851
6.77	0.4039	0.00355934
6.78	0.401716	0.00351058
6.79	0.399528	0.00346222
6.8	0.397336	0.00341427
6.81	0.39514	0.00336673
6.82	0.392941	0.0033196
6.83	0.390738	0.00327288
6.84	0.388532	0.00322658
6.85	0.386324	0.00318069
6.86	0.384112	0.00313522
6.87	0.381899	0.00309017
6.88	0.379683	0.00304554
6.89	0.377464	0.00300133
6.9	0.375245	0.00295754
6.91	0.373023	0.00291417
6.92	0.3708	0.00287123
6.93	0.368576	0.00282871
6.94	0.366351	0.00278661
6.95	0.364126	0.00274494
6.96	0.361899	0.00270369
6.97	0.359673	0.00266287
6.98	0.357446	0.00262247
6.99	0.35522	0.00258249
7	0.352993	0.00254294
7.01	0.350768	0.00250382
7.02	0.348543	0.00246512
7.03	0.346318	0.00242684
7.04	0.344095	0.00238898
7.05	0.341874	0.00235154
7.06	0.339653	0.00231453
7.07	0.337435	0.00227794
7.08	0.335218	0.00224176
7.09	0.333004	0.002206
7.1	0.330792	0.00217066
7.11	0.328582	0.00213574
7.12	0.326375	0.00210123
7.13	0.324171	0.00206713
7.14	0.32197	0.00203345
7.15	0.319772	0.00200018
7.16	0.317577	0.00196731
7.17	0.315386	0.00193485
7.18	0.313199	0.0019028
7.19	0.311016	0.00187114
7.2	0.308837	0.00183989
7.21	0.306662	0.00180904
7.22	0.304491	0.00177859
7.23	0.302326	0.00174853
7.24	0.300165	0.00171887
7.25	0.298009	0.00168959
7.26	0.295858	0.00166071
7.27	0.293712	0.00163221
7.28	0.291572	0.00160409
7.29	0.289437	0.00157635
7.3	0.287308	0.001549
7.31	0.285185	0.00152202
7.32	0.283068	0.00149541
7.33	0.280957	0.00146917
7.34	0.278853	0.00144331
7.35	0.276755	0.0014178
7.36	0.274664	0.00139266
7.37	0.272579	0.00136788
7.38	0.270501	0.00134346
7.39	0.26843	0.00131939
7.4	0.266367	0.00129568
7.41	0.26431	0.00127231
7.42	0.262261	0.00124928
7.43	0.26022	0.0012266
7.44	0.258186	0.00120426
7.45	0.25616	0.00118225
7.46	0.254142	0.00116058
7.47	0.252131	0.00113923
7.48	0.250129	0.00111821
7.49	0.248135	0.00109752
7.5	0.246149	0.00107715
7.51	0.244172	0.00105709
7.52	0.242203	0.00103735
7.53	0.240243	0.00101792
7.54	0.238292	0.000998791
7.55	0.236349	0.000979971
7.56	0.234415	0.000961451
7.57	0.23249	0.00094323
7.58	0.230574	0.000925302
7.59	0.228668	0.000907666
7.6	0.22677	0.000890317
7.61	0.224882	0.000873253
7.62	0.223003	0.00085647
7.63	0.221134	0.000839965
7.64	0.219274	0.000823735
7.65	0.217424	0.000807776
7.66	0.215583	0.000792085
7.67	0.213752	0.000776659
7.68	0.211931	0.000761495
7.69	0.21012	0.000746589
7.7	0.208318	0.000731937
7.71	0.206527	0.000717538
7.72	0.204745	0.000703387
7.73	0.202974	0.000689481
7.74	0.201213	0.000675817
7.75	0.199462	0.000662392
7.76	0.197721	0.000649203
7.77	0.19599	0.000636246
7.78	0.194269	0.000623518
7.79	0.192559	0.000611017
7.8	0.190859	0.000598739
7.81	0.18917	0.00058668
7.82	0.187491	0.000574838
7.83	0.185822	0.00056321
7.84	0.184164	0.000551793
7.85	0.182516	0.000540583
7.86	0.180879	0.000529578
7.87	0.179252	0.000518775
7.88	0.177636	0.00050817
7.89	0.17603	0.000497761
7.9	0.174435	0.000487544
7.91	0.172851	0.000477518
7.92	0.171277	0.000467678
7.93	0.169714	0.000458022
7.94	0.168161	0.000448548
7.95	0.166619	0.000439252
7.96	0.165087	0.000430132
7.97	0.163567	0.000421184
7.98	0.162056	0.000412407
7.99	0.160557	0.000403797
8	0.159068	0.000395352
8.01	0.157589	0.000387069
8.02	0.156122	0.000378946
8.03	0.154664	0.000370979
8.04	0.153218	0.000363167
8.05	0.151782	0.000355506
8.06	0.150356	0.000347995
8.07	0.148941	0.000340631
8.08	0.147537	0.00033341
8.09	0.146143	0.000326332
8.1	0.14476	0.000319393
8.11	0.143387	0.000312591
8.12	0.142024	0.000305924
8.13	0.140672	0.000299389
8.14	0.139331	0.000292984
8.15	0.137999	0.000286708
8.16	0.136679	0.000280556
8.17	0.135368	0.000274529
8.18	0.134068	0.000268622
8.19	0.132778	0.000262835
8.2	0.131498	0.000257164
8.21	0.130228	0.000251609
8.22	0.128969	0.000246166
8.23	0.12772	0.000240834
8.24	0.126481	0.00023561
8.25	0.125252	0.000230494
8.26	0.124033	0.000225482
8.27	0.122824	0.000220574
8.28	0.121625	0.000215766
8.29	0.120436	0.000211057
8.3	0.119256	0.000206446
8.31	0.118087	0.00020193
8.32	0.116927	0.000197508
8.33	0.115777	0.000193178
8.34	0.114637	0.000188938
8.35	0.113507	0.000184787
8.36	0.112386	0.000180722
8.37	0.111275	0.000176743
8.38	0.110173	0.000172847
8.39	0.109081	0.000169033
8.4	0.107998	0.000165299
8.41	0.106924	0.000161645
8.42	0.10586	0.000158067
8.43	0.104805	0.000154565
8.44	0.10376	0.000151138
8.45	0.102723	0.000147783
8.46	0.101696	0.0001445
8.47	0.100678	0.000141287
8.48	0.0996689	0.000138143
8.49	0.0986688	0.000135065
8.5	0.0976776	0.000132054
8.51	0.0966953	0.000129108
8.52	0.0957218	0.000126224
8.53	0.0947571	0.000123403
8.54	0.0938012	0.000120643
8.55	0.0928538	0.000117942
8.56	0.0919152	0.000115299
8.57	0.090985	0.000112714
8.58	0.0900634	0.000110185
8.59	0.0891502	0.000107711
8.6	0.0882455	0.00010529
8.61	0.087349	0.000102922
8.62	0.0864609	0.000100606
8.63	0.085581	9.83406e-05
8.64	0.0847092	9.61245e-05
8.65	0.0838456	9.39569e-05
8.66	0.0829901	9.18367e-05
8.67	0.0821425	8.97631e-05
8.68	0.0813029	8.7735e-05
8.69	0.0804712	8.57515e-05
8.7	0.0796474	8.38117e-05
8.71	0.0788313	8.19146e-05
8.72	0.078023	8.00593e-05
8.73	0.0772223	7.8245e-05
8.74	0.0764292	7.64708e-05
8.75	0.0756437	7.47359e-05
8.76	0.0748657	7.30395e-05
8.77	0.0740951	7.13806e-05
8.78	0.073332	6.97586e-05
8.79	0.0725761	6.81726e-05
8.8	0.0718276	6.66219e-05
8.81	0.0710863	6.51058e-05
8.82	0.0703521	6.36234e-05
8.83	0.069625	6.21741e-05
8.84	0.068905	6.07571e-05
8.85	0.068192	5.93718e-05
8.86	0.0674859	5.80175e-05
8.87	0.0667867	5.66935e-05
8.88	0.0660944	5.53992e-05
8.89	0.0654088	5.41339e-05
8.9	0.06473	5.2897e-05
8.91	0.0640578	5.16878e-05
8.92	0.0633922	5.05059e-05
8.93	0.0627332	4.93505e-05
8.94	0.0620807	4.82212e-05
8.95	0.0614346	4.71172e-05
8.96	0.0607949	4.60382e-05
8.97	0.0601616	4.49835e-05
8.98	0.0595345	4.39527e-05
8.99	0.0589137	4.29451e-05
9	0.0582991	4.19603e-05
9.01	0.0576906	4.09978e-05
9.02	0.0570882	4.00571e-05
9.03	0.0564918	3.91376e-05
9.04	0.0559013	3.82391e-05
9.05	0.0553168	3.73609e-05
9.06	0.0547382	3.65026e-05
9.07	0.0541653	3.56638e-05
9.08	0.0535982	3.48441e-05
9.09	0.0530369	3.4043e-05
9.1	0.0524812	3.32602e-05
9.11	0.0519311	3.24951e-05
9.12	0.0513866	3.17475e-05
9.13	0.0508476	3.10169e-05
9.14	0.050314	3.0303e-05
9.15	0.0497859	2.96054e-05
9.16	0.0492631	2.89236e-05
9.17	0.0487457	2.82575e-05
9.18	0.0482335	2.76065e-05
9.19	0.0477265	2.69704e-05
9.2	0.0472247	2.63489e-05
9.21	0.046728	2.57416e-05
9.22	0.0462364	2.51482e-05
9.23	0.0457498	2.45683e-05
9.24	0.0452683	2.40018e-05
9.25	0.0447916	2.34482e-05
9.26	0.0443198	2.29073e-05
9.27	0.0438529	2.23788e-05
9.28	0.0433908	2.18625e-05
9.29	0.0429334	2.13579e-05
9.3	0.0424808	2.0865e-05
9.31	0.0420328	2.03834e-05
9.32	0.0415894	1.99128e-05
9.33	0.0411506	1.94531e-05
9.34	0.0407163	1.90039e-05
9.35	0.0402865	1.85651e-05
9.36	0.0398612	1.81363e-05
9.37	0.0394402	1.77174e-05
9.38	0.0390237	1.73081e-05
9.39	0.0386114	1.69083e-05
9.4	0.0382034	1.65177e-05
9.41	0.0377997	1.61361e-05
9.42	0.0374002	1.57632e-05
9.43	0.0370048	1.5399e-05
9.44	0.0366135	1.50431e-05
9.45	0.0362263	1.46955e-05
9.46	0.0358431	1.43558e-05
9.47	0.0354639	1.40241e-05
9.48	0.0350887	1.36999e-05
9.49	0.0347174	1.33833e-05
9.5	0.03435	1.30739e-05
9.51	0.0339864	1.27717e-05
9.52	0.0336266	1.24765e-05
9.53	0.0332705	1.2188e-05
9.54	0.0329182	1.19063e-05
9.55	0.0325696	1.1631e-05
9.56	0.0322247	1.13622e-05
9.57	0.0318833	1.10995e-05
9.58	0.0315456	1.08429e-05
9.59	0.0312113	1.05922e-05
9.6	0.0308806	1.03474e-05
9.61	0.0305534	1.01082e-05
9.62	0.0302296	9.87448e-06
9.63	0.0299092	9.64621e-06
9.64	0.0295922	9.42322e-06
9.65	0.0292785	9.20539e-06
9.66	0.0289681	8.9926e-06
9.67	0.028661	8.78473e-06
9.68	0.0283571	8.58167e-06
9.69	0.0280564	8.38332e-06
9.7	0.0277589	8.18956e-06
9.71	0.0274645	8.00028e-06
9.72	0.0271732	7.81538e-06
9.73	0.026885	7.63477e-06
9.74	0.0265999	7.45833e-06
9.75	0.0263178	7.28599e-06
9.76	0.0260386	7.11763e-06
9.77	0.0257624	6.95317e-06
9.78	0.0254891	6.79253e-06
9.79	0.0252187	6.6356e-06
9.8	0.0249512	6.48231e-06
9.81	0.0246865	6.33257e-06
9.82	0.0244246	6.1863e-06
9.83	0.0241654	6.04341e-06
9.84	0.0239091	5.90384e-06
9.85	0.0236554	5.7675e-06
9.86	0.0234044	5.63432e-06
9.87	0.0231561	5.50422e-06
9.88	0.0229104	5.37714e-06
9.89	0.0226673	5.25301e-06
9.9	0.0224268	5.13175e-06
9.91	0.0221889	5.0133e-06
9.92	0.0219535	4.89759e-06
9.93	0.0217205	4.78457e-06
9.94	0.0214901	4.67416e-06
9.95	0.0212621	4.56631e-06
9.96	0.0210365	4.46096e-06
9.97	0.0208133	4.35805e-06
9.98	0.0205925	4.25753e-06
9.99	0.0203741	4.15933e-06
10	0.0201579	4.06341e-06
10.01	0.0199441	3.96971e-06
10.02	0.0197325	3.87819e-06
10.03	0.0195232	3.78878e-06
10.04	0.0193161	3.70144e-06
10.05	0.0191112	3.61613e-06
10.06	0.0189085	3.53279e-06
10.07	0.0187079	3.45138e-06
10.08	0.0185095	3.37186e-06
10.09	0.0183132	3.29418e-06
10.1	0.018119	3.2183e-06
10.11	0.0179269	3.14418e-06
10.12	0.0177368	3.07177e-06
10.13	0.0175487	3.00104e-06
10.14	0.0173626	2.93194e-06
10.15	0.0171786	2.86445e-06
10.16	0.0169964	2.79852e-06
10.17	0.0168162	2.73411e-06
10.18	0.016638	2.6712e-06
10.19	0.0164616	2.60974e-06
10.2	0.0162871	2.5497e-06
10.21	0.0161145	2.49105e-06
10.22	0.0159437	2.43376e-06
10.23	0.0157748	2.3778e-06
10.24	0.0156076	2.32313e-06
10.25	0.0154422	2.26972e-06
10.26	0.0152786	2.21755e-06
10.27	0.0151168	2.16659e-06
10.28	0.0149566	2.1168e-06
10.29	0.0147982	2.06817e-06
10.3	0.0146414	2.02066e-06
10.31	0.0144864	1.97425e-06
10.32	0.014333	1.92891e-06
10.33	0.0141812	1.88462e-06
10.34	0.014031	1.84135e-06
10.35	0.0138825	1.79909e-06
10.36	0.0137355	1.75779e-06
10.37	0.0135901	1.71746e-06
10.38	0.0134462	1.67805e-06
10.39	0.0133039	1.63956e-06
10.4	0.0131631	1.60195e-06
10.41	0.0130238	1.56522e-06
10.42	0.012886	1.52933e-06
10.43	0.0127497	1.49427e-06
10.44	0.0126148	1.46002e-06
10.45	0.0124813	1.42656e-06
10.46	0.0123493	1.39387e-06
10.47	0.0122187	1.36193e-06
10.48	0.0120895	1.33074e-06
10.49	0.0119616	1.30026e-06
10.5	0.0118352	1.27048e-06
10.51	0.01171	1.2414e-06
10.52	0.0115862	1.21298e-06
10.53	0.0114638	1.18522e-06
10.54	0.0113426	1.15809e-06
10.55	0.0112227	1.1316e-06
10.56	0.0111041	1.10571e-06
10.57	0.0109868	1.08042e-06
10.58	0.0108707	1.05571e-06
10.59	0.0107559	1.03158e-06
10.6	0.0106423	1.008e-06
10.61	0.0105299	9.84956e-07
10.62	0.0104187	9.62448e-07
10.63	0.0103087	9.40458e-07
10.64	0.0101998	9.18974e-07
10.65	0.0100922	8.97985e-07
10.66	0.00998563	8.77479e-07
10.67	0.00988024	8.57444e-07
10.68	0.00977597	8.37871e-07
10.69	0.00967281	8.18747e-07
10.7	0.00957075	8.00064e-07
10.71	0.00946978	7.8181e-07
10.72	0.00936989	7.63976e-07
10.73	0.00927106	7.46551e-07
10.74	0.00917329	7.29528e-07
10.75	0.00907656	7.12895e-07
10.76	0.00898086	6.96645e-07
10.77	0.00888618	6.80768e-07
10.78	0.00879251	6.65255e-07
10.79	0.00869984	6.50099e-07
10.8	0.00860815	6.35291e-07
10.81	0.00851745	6.20823e-07
10.82	0.00842771	6.06686e-07
10.83	0.00833892	5.92875e-07
10.84	0.00825108	5.7938e-07
10.85	0.00816418	5.66195e-07
10.86	0.00807821	5.53312e-07
10.87	0.00799314	5.40725e-07
10.88	0.00790899	5.28426e-07
10.89	0.00782573	5.16409e-07
10.9	0.00774336	5.04668e-07
10.91	0.00766187	4.93196e-07
10.92	0.00758124	4.81987e-07
10.93	0.00750147	4.71034e-07
10.94	0.00742255	4.60333e-07
10.95	0.00734447	4.49876e-07
10.96	0.00726723	4.39659e-07
10.97	0.0071908	4.29676e-07
10.98	0.00711519	4.19921e-07
10.99	0.00704038	4.1039e-07
11	0.00696637	4.01077e-07
11.01	0.00689314	3.91977e-07
11.02	0.0068207	3.83085e-07
11.03	0.00674903	3.74396e-07
11.04	0.00667811	3.65906e-07
11.05	0.00660796	3.5761e-07
11.06	0.00653854	3.49504e-07
11.07	0.00646987	3.41583e-07
11.08	0.00640193	3.33843e-07
11.09	0.00633471	3.26279e-07
11.1	0.0062682	3.18889e-07
11.11	0.0062024	3.11667e-07
11.12	0.0061373	3.04611e-07
11.13	0.00607289	2.97715e-07
11.14	0.00600917	2.90977e-07
11.15	0.00594612	2.84392e-07
11.16	0.00588374	2.77958e-07
11.17	0.00582203	2.7167e-07
11.18	0.00576097	2.65526e-07
11.19	0.00570056	2.59522e-07
11.2	0.00564079	2.53655e-07
11.21	0.00558165	2.47921e-07
11.22	0.00552314	2.42319e-07
11.23	0.00546526	2.36844e-07
11.24	0.00540798	2.31493e-07
11.25	0.00535132	2.26265e-07
11.26	0.00529526	2.21155e-07
11.27	0.00523979	2.16162e-07
11.28	0.00518491	2.11283e-07
11.29	0.00513061	2.06515e-07
11.3	0.00507689	2.01855e-07
11.31	0.00502374	1.97301e-07
11.32	0.00497115	1.92851e-07
11.33	0.00491912	1.88502e-07
11.34	0.00486764	1.84252e-07
11.35	0.00481671	1.80098e-07
11.36	0.00476631	1.76039e-07
11.37	0.00471645	1.72072e-07
11.38	0.00466712	1.68195e-07
11.39	0.00461831	1.64407e-07
11.4	0.00457002	1.60704e-07
11.41	0.00452224	1.57086e-07
11.42	0.00447497	1.53549e-07
11.43	0.00442819	1.50093e-07
11.44	0.00438192	1.46716e-07
11.45	0.00433613	1.43415e-07
11.46	0.00429082	1.40188e-07
11.47	0.004246	1.37035e-07
11.48	0.00420165	1.33954e-07
11.49	0.00415777	1.30942e-07
11.5	0.00411435	1.27999e-07
11.51	0.00407139	1.25123e-07
11.52	0.00402889	1.22311e-07
11.53	0.00398684	1.19563e-07
11.54	0.00394523	1.16878e-07
11.55	0.00390406	1.14253e-07
11.56	0.00386333	1.11688e-07
11.57	0.00382302	1.09181e-07
11.58	0.00378315	1.06731e-07
11.59	0.00374369	1.04336e-07
11.6	0.00370465	1.01995e-07
11.61	0.00366602	9.97071e-08
11.62	0.00362781	9.74711e-08
11.63	0.00358999	9.52856e-08
11.64	0.00355257	9.31495e-08
11.65	0.00351555	9.10617e-08
11.66	0.00347892	8.90211e-08
11.67	0.00344268	8.70266e-08
11.68	0.00340682	8.50771e-08
11.69	0.00337134	8.31717e-08
11.7	0.00333623	8.13093e-08
11.71	0.00330149	7.9489e-08
11.72	0.00326712	7.77097e-08
11.73	0.00323311	7.59706e-08
11.74	0.00319946	7.42708e-08
11.75	0.00316617	7.26093e-08
11.76	0.00313322	7.09853e-08
11.77	0.00310063	6.93979e-08
11.78	0.00306837	6.78463e-08
11.79	0.00303646	6.63296e-08
11.8	0.00300488	6.48472e-08
11.81	0.00297364	6.33982e-08
11.82	0.00294272	6.19818e-08
11.83	0.00291213	6.05973e-08
11.84	0.00288187	5.9244e-08
11.85	0.00285192	5.79211e-08
11.86	0.00282228	5.66281e-08
11.87	0.00279296	5.53641e-08
11.88	0.00276395	5.41286e-08
11.89	0.00273524	5.29209e-08
11.9	0.00270684	5.17404e-08
11.91	0.00267873	5.05864e-08
11.92	0.00265092	4.94584e-08
11.93	0.0026234	4.83557e-08
11.94	0.00259617	4.72778e-08
11.95	0.00256923	4.62241e-08
11.96	0.00254257	4.51941e-08
11.97	0.00251619	4.41873e-08
11.98	0.00249008	4.32031e-08
11.99	0.00246426	4.22409e-08
12	0.0024387	4.13004e-08
12.01	0.00241341	4.0381e-08
12.02	0.00238839	3.94822e-08
12.03	0.00236363	3.86036e-08
12.04	0.00233913	3.77447e-08
12.05	0.00231489	3.6905e-08
12.06	0.0022909	3.60842e-08
12.07	0.00226716	3.52818e-08
12.08	0.00224368	3.44974e-08
12.09	0.00222044	3.37306e-08
12.1	0.00219744	3.29809e-08
12.11	0.00217468	3.22481e-08
12.12	0.00215217	3.15316e-08
12.13	0.00212989	3.08312e-08
12.14	0.00210784	3.01465e-08
12.15	0.00208602	2.94772e-08
12.16	0.00206444	2.88228e-08
12.17	0.00204307	2.8183e-08
12.18	0.00202194	2.75576e-08
12.19	0.00200102	2.69461e-08
12.2	0.00198033	2.63484e-08
12.21	0.00195985	2.5764e-08
12.22	0.00193958	2.51926e-08
12.23	0.00191953	2.46341e-08
12.24	0.00189969	2.4088e-08
12.25	0.00188005	2.35541e-08
12.26	0.00186062	2.30322e-08
12.27	0.00184139	2.25219e-08
12.28	0.00182237	2.2023e-08
12.29	0.00180354	2.15352e-08
12.3	0.00178491	2.10584e-08
12.31	0.00176648	2.05921e-08
12.32	0.00174824	2.01363e-08
12.33	0.00173019	1.96907e-08
12.34	0.00171233	1.9255e-08
12.35	0.00169465	1.8829e-08
12.36	0.00167716	1.84125e-08
12.37	0.00165985	1.80053e-08
12.38	0.00164273	1.76072e-08
12.39	0.00162578	1.72179e-08
12.4	0.00160901	1.68374e-08
12.41	0.00159241	1.64653e-08
12.42	0.00157599	1.61015e-08
12.43	0.00155974	1.57457e-08
12.44	0.00154366	1.5398e-08
12.45	0.00152775	1.50579e-08
12.46	0.001512	1.47254e-08
12.47	0.00149642	1.44004e-08
12.48	0.001481	1.40825e-08
12.49	0.00146574	1.37717e-08
12.5	0.00145064	1.34679e-08
12.51	0.0014357	1.31708e-08
12.52	0.00142091	1.28803e-08
12.53	0.00140628	1.25962e-08
12.54	0.0013918	1.23185e-08
12.55	0.00137747	1.2047e-08
12.56	0.00136329	1.17814e-08
12.57	0.00134926	1.15218e-08
12.58	0.00133537	1.12679e-08
12.59	0.00132163	1.10197e-08
12.6	0.00130804	1.0777e-08
12.61	0.00129458	1.05397e-08
12.62	0.00128126	1.03076e-08
12.63	0.00126809	1.00807e-08
12.64	0.00125505	9.85885e-09
12.65	0.00124214	9.6419e-09
12.66	0.00122937	9.42975e-09
12.67	0.00121674	9.22232e-09
12.68	0.00120423	9.01948e-09
12.69	0.00119186	8.82113e-09
12.7	0.00117961	8.62719e-09
12.71	0.00116749	8.43754e-09
12.72	0.0011555	8.25209e-09
12.73	0.00114363	8.07074e-09
12.74	0.00113188	7.89342e-09
12.75	0.00112026	7.72002e-09
12.76	0.00110876	7.55045e-09
12.77	0.00109738	7.38465e-09
12.78	0.00108611	7.22251e-09
12.79	0.00107497	7.06395e-09
12.8	0.00106393	6.90891e-09
12.81	0.00105302	6.75729e-09
12.82	0.00104221	6.60903e-09
12.83	0.00103152	6.46404e-09
12.84	0.00102094	6.32226e-09
12.85	0.00101047	6.18361e-09
12.86	0.00100011	6.04803e-09
12.87	0.000989856	5.91544e-09
12.88	0.000979709	5.78578e-09
12.89	0.000969666	5.65899e-09
12.9	0.000959728	5.53499e-09
12.91	0.000949893	5.41373e-09
12.92	0.00094016	5.29515e-09
12.93	0.000930527	5.17918e-09
12.94	0.000920995	5.06578e-09
12.95	0.000911562	4.95487e-09
12.96	0.000902226	4.84642e-09
12.97	0.000892987	4.74035e-09
12.98	0.000883844	4.63662e-09
12.99	0.000874795	4.53518e-09
13	0.000865841	4.43598e-09
13.01	0.000856979	4.33896e-09
13.02	0.000848209	4.24408e-09
13.03	0.000839529	4.15129e-09
13.04	0.00083094	4.06054e-09
13.05	0.000822439	3.97179e-09
13.06	0.000814027	3.885e-09
13.07	0.000805701	3.80012e-09
13.08	0.000797462	3.7171e-09
13.09	0.000789308	3.63592e-09
13.1	0.000781238	3.55651e-09
13.11	0.000773252	3.47886e-09
13.12	0.000765349	3.40291e-09
13.13	0.000757527	3.32864e-09
13.14	0.000749786	3.25599e-09
13.15	0.000742125	3.18495e-09
13.16	0.000734543	3.11546e-09
13.17	0.00072704	3.04751e-09
13.18	0.000719614	2.98104e-09
13.19	0.000712265	2.91604e-09
13.2	0.000704992	2.85246e-09
13.21	0.000697794	2.79029e-09
13.22	0.00069067	2.72947e-09
13.23	0.00068362	2.66999e-09
13.24	0.000676643	2.61182e-09
13.25	0.000669738	2.55492e-09
13.26	0.000662904	2.49927e-09
13.27	0.00065614	2.44485e-09
13.28	0.000649447	2.39161e-09
13.29	0.000642822	2.33955e-09
13.3	0.000636266	2.28862e-09
13.31	0.000629778	2.23882e-09
13.32	0.000623356	2.1901e-09
13.33	0.000617001	2.14245e-09
13.34	0.000610711	2.09585e-09
13.35	0.000604486	2.05027e-09
13.36	0.000598325	2.00568e-09
13.37	0.000592228	1.96207e-09
13.38	0.000586194	1.91942e-09
13.39	0.000580222	1.8777e-09
13.4	0.000574311	1.8369e-09
13.41	0.000568461	1.79698e-09
13.42	0.000562672	1.75795e-09
13.43	0.000556942	1.71976e-09
13.44	0.000551271	1.68241e-09
13.45	0.000545659	1.64588e-09
13.46	0.000540104	1.61015e-09
13.47	0.000534607	1.57519e-09
13.48	0.000529166	1.54101e-09
13.49	0.000523781	1.50756e-09
13.5	0.000518452	1.47485e-09
13.51	0.000513177	1.44286e-09
13.52	0.000507957	1.41156e-09
13.53	0.00050279	1.38095e-09
13.54	0.000497677	1.35101e-09
13.55	0.000492616	1.32172e-09
13.56	0.000487607	1.29307e-09
13.57	0.00048265	1.26504e-09
13.58	0.000477744	1.23763e-09
13.59	0.000472888	1.21081e-09
13.6	0.000468082	1.18458e-09
13.61	0.000463325	1.15893e-09
13.62	0.000458617	1.13383e-09
13.63	0.000453958	1.10928e-09
13.64	0.000449347	1.08526e-09
13.65	0.000444782	1.06177e-09
13.66	0.000440265	1.03879e-09
13.67	0.000435794	1.01631e-09
13.68	0.000431369	9.94321e-10
13.69	0.00042699	9.72811e-10
13.7	0.000422655	9.51769e-10
13.71	0.000418365	9.31186e-10
13.72	0.000414119	9.11051e-10
13.73	0.000409917	8.91355e-10
13.74	0.000405758	8.72087e-10
13.75	0.000401641	8.53238e-10
13.76	0.000397566	8.348e-10
13.77	0.000393534	8.16763e-10
13.78	0.000389542	7.99118e-10
13.79	0.000385592	7.81857e-10
13.8	0.000381682	7.64972e-10
13.81	0.000377812	7.48454e-10
13.82	0.000373982	7.32295e-10
13.83	0.000370191	7.16487e-10
13.84	0.000366439	7.01023e-10
13.85	0.000362726	6.85894e-10
13.86	0.00035905	6.71095e-10
13.87	0.000355412	6.56617e-10
13.88	0.000351812	6.42453e-10
13.89	0.000348248	6.28597e-10
13.9	0.000344721	6.15042e-10
13.91	0.00034123	6.01782e-10
13.92	0.000337774	5.88809e-10
13.93	0.000334354	5.76117e-10
13.94	0.000330969	5.63702e-10
13.95	0.000327619	5.51555e-10
13.96	0.000324303	5.39672e-10
13.97	0.00032102	5.28047e-10
13.98	0.000317772	5.16673e-10
13.99	0.000314556	5.05547e-10
14	0.000311374	4.94662e-10
14.01	0.000308224	4.84012e-10
14.02	0.000305106	4.73594e-10
14.03	0.00030202	4.63401e-10
14.04	0.000298966	4.53429e-10
14.05	0.000295943	4.43673e-10
14.06	0.000292951	4.34128e-10
14.07	0.000289989	4.2479e-10
14.08	0.000287058	4.15655e-10
14.09	0.000284156	4.06717e-10
14.1	0.000281284	3.97972e-10
14.11	0.000278442	3.89417e-10
14.12	0.000275628	3.81047e-10
14.13	0.000272844	3.72858e-10
14.14	0.000270087	3.64846e-10
14.15	0.000267359	3.57008e-10
14.16	0.000264659	3.49339e-10
14.17	0.000261986	3.41836e-10
14.18	0.000259341	3.34495e-10
14.19	0.000256722	3.27312e-10
14.2	0.000254131	3.20285e-10
14.21	0.000251565	3.1341e-10
14.22	0.000249026	3.06684e-10
14.23	0.000246513	3.00102e-10
14.24	0.000244025	2.93663e-10
14.25	0.000241563	2.87363e-10
14.26	0.000239126	2.81199e-10
14.27	0.000236714	2.75168e-10
14.28	0.000234326	2.69267e-10
14.29	0.000231962	2.63494e-10
14.3	0.000229623	2.57845e-10
14.31	0.000227308	2.52318e-10
14.32	0.000225016	2.46911e-10
14.33	0.000222747	2.4162e-10
14.34	0.000220502	2.36443e-10
14.35	0.000218279	2.31377e-10
14.36	0.000216079	2.26421e-10
14.37	0.000213902	2.21572e-10
14.38	0.000211746	2.16828e-10
14.39	0.000209613	2.12185e-10
14.4	0.000207501	2.07643e-10
14.41	0.000205411	2.03198e-10
14.42	0.000203342	1.98849e-10
14.43	0.000201294	1.94594e-10
14.44	0.000199267	1.90431e-10
14.45	0.000197261	1.86357e-10
14.46	0.000195275	1.82371e-10
14.47	0.000193309	1.78471e-10
14.48	0.000191363	1.74654e-10
14.49	0.000189437	1.7092e-10
14.5	0.000187531	1.67266e-10
14.51	0.000185643	1.63691e-10
14.52	0.000183775	1.60192e-10
14.53	0.000181927	1.56769e-10
14.54	0.000180096	1.5342e-10
14.55	0.000178285	1.50142e-10
14.56	0.000176492	1.46935e-10
14.57	0.000174717	1.43797e-10
14.58	0.00017296	1.40726e-10
14.59	0.000171221	1.37722e-10
14.6	0.000169499	1.34782e-10
14.61	0.000167796	1.31905e-10
14.62	0.000166109	1.2909e-10
14.63	0.000164439	1.26335e-10
14.64	0.000162787	1.23639e-10
14.65	0.000161151	1.21002e-10
14.66	0.000159532	1.18421e-10
14.67	0.000157929	1.15895e-10
14.68	0.000156343	1.13423e-10
14.69	0.000154772	1.11005e-10
14.7	0.000153218	1.08638e-10
14.71	0.000151679	1.06323e-10
14.72	0.000150156	1.04057e-10
14.73	0.000148648	1.01839e-10
14.74	0.000147156	9.96691e-11
14.75	0.000145679	9.75456e-11
14.76	0.000144216	9.54677e-11
14.77	0.000142769	9.34343e-11
14.78	0.000141336	9.14445e-11
14.79	0.000139918	8.94974e-11
14.8	0.000138514	8.75919e-11
14.81	0.000137124	8.57273e-11
14.82	0.000135749	8.39026e-11
14.83	0.000134387	8.21169e-11
14.84	0.000133039	8.03695e-11
14.85	0.000131705	7.86595e-11
14.86	0.000130384	7.69862e-11
14.87	0.000129077	7.53486e-11
14.88	0.000127783	7.37461e-11
14.89	0.000126502	7.21778e-11
14.9	0.000125234	7.06432e-11
14.91	0.000123979	6.91413e-11
14.92	0.000122736	6.76716e-11
14.93	0.000121506	6.62333e-11
14.94	0.000120289	6.48257e-11
14.95	0.000119083	6.34483e-11
14.96	0.00011789	6.21003e-11
14.97	0.000116709	6.07811e-11
14.98	0.00011554	5.949e-11
14.99	0.000114383	5.82266e-11
15	0.000113238	5.69902e-11
15.01	0.000112104	5.57802e-11
15.02	0.000110981	5.4596e-11
15.03	0.00010987	5.34371e-11
15.04	0.00010877	5.2303e-11
15.05	0.000107682	5.1193e-11
15.06	0.000106604	5.01068e-11
15.07	0.000105537	4.90437e-11
15.08	0.000104481	4.80034e-11
15.09	0.000103436	4.69852e-11
15.1	0.000102401	4.59888e-11
15.11	0.000101376	4.50136e-11
15.12	0.000100362	4.40592e-11
15.13	9.93583e-05	4.31252e-11
15.14	9.83646e-05	4.2211e-11
15.15	9.73809e-05	4.13164e-11
15.16	9.64072e-05	4.04408e-11
15.17	9.54432e-05	3.95839e-11
15.18	9.4489e-05	3.87453e-11
15.19	9.35444e-05	3.79245e-11
15.2	9.26094e-05	3.71213e-11
15.21	9.16838e-05	3.63351e-11
15.22	9.07675e-05	3.55657e-11
15.23	8.98604e-05	3.48127e-11
15.24	8.89625e-05	3.40757e-11
15.25	8.80737e-05	3.33544e-11
15.26	8.71938e-05	3.26484e-11
15.27	8.63228e-05	3.19575e-11
15.28	8.54605e-05	3.12813e-11
15.29	8.4607e-05	3.06194e-11
15.3	8.3762e-05	2.99717e-11
15.31	8.29256e-05	2.93377e-11
15.32	8.20975e-05	2.87172e-11
15.33	8.12779e-05	2.811e-11
15.34	8.04664e-05	2.75156e-11
15.35	7.96632e-05	2.69339e-11
15.36	7.8868e-05	2.63645e-11
15.37	7.80809e-05	2.58072e-11
15.38	7.73016e-05	2.52618e-11
15.39	7.65303e-05	2.4728e-11
15.4	7.57666e-05	2.42055e-11
15.41	7.50107e-05	2.36941e-11
15.42	7.42624e-05	2.31936e-11
15.43	7.35216e-05	2.27037e-11
15.44	7.27882e-05	2.22243e-11
15.45	7.20622e-05	2.1755e-11
15.46	7.13436e-05	2.12956e-11
15.47	7.06321e-05	2.08461e-11
15.48	6.99278e-05	2.0406e-11
15.49	6.92306e-05	1.99753e-11
15.5	6.85404e-05	1.95538e-11
15.51	6.78572e-05	1.91411e-11
15.52	6.71808e-05	1.87373e-11
15.53	6.65112e-05	1.8342e-11
15.54	6.58483e-05	1.79551e-11
15.55	6.51921e-05	1.75764e-11
15.56	6.45425e-05	1.72057e-11
15.57	6.38994e-05	1.68429e-11
15.58	6.32628e-05	1.64878e-11
15.59	6.26326e-05	1.61402e-11
15.6	6.20087e-05	1.57999e-11
15.61	6.1391e-05	1.54669e-11
15.62	6.07796e-05	1.5141e-11
15.63	6.01743e-05	1.48219e-11
15.64	5.95751e-05	1.45096e-11
15.65	5.89819e-05	1.42039e-11
15.66	5.83946e-05	1.39047e-11
15.67	5.78133e-05	1.36118e-11
15.68	5.72377e-05	1.33252e-11
15.69	5.6668e-05	1.30446e-11
15.7	5.61039e-05	1.27699e-11
15.71	5.55456e-05	1.2501e-11
15.72	5.49928e-05	1.22379e-11
15.73	5.44456e-05	1.19803e-11
15.74	5.39038e-05	1.17282e-11
15.75	5.33675e-05	1.14813e-11
15.76	5.28366e-05	1.12398e-11
15.77	5.23109e-05	1.10033e-11
15.78	5.17906e-05	1.07718e-11
15.79	5.12755e-05	1.05452e-11
15.8	5.07655e-05	1.03234e-11
15.81	5.02606e-05	1.01063e-11
15.82	4.97608e-05	9.89378e-12
15.83	4.9266e-05	9.68575e-12
15.84	4.87762e-05	9.48212e-12
15.85	4.82913e-05	9.28279e-12
15.86	4.78112e-05	9.08767e-12
15.87	4.73359e-05	8.89667e-12
15.88	4.68654e-05	8.70971e-12
15.89	4.63996e-05	8.52669e-12
15.9	4.59385e-05	8.34754e-12
15.91	4.54819e-05	8.17217e-12
15.92	4.503e-05	8.0005e-12
15.93	4.45825e-05	7.83246e-12
15.94	4.41396e-05	7.66796e-12
15.95	4.37011e-05	7.50693e-12
15.96	4.32669e-05	7.3493e-12
15.97	4.28371e-05	7.195e-12
15.98	4.24116e-05	7.04395e-12
15.99	4.19904e-05	6.89608e-12
16	4.15733e-05	6.75134e-12
16.01	4.11605e-05	6.60964e-12
16.02	4.07517e-05	6.47094e-12
16.03	4.03471e-05	6.33516e-12
16.04	3.99465e-05	6.20223e-12
16.05	3.95499e-05	6.07212e-12
16.06	3.91572e-05	5.94474e-12
16.07	3.87685e-05	5.82004e-12
16.08	3.83837e-05	5.69798e-12
16.09	3.80027e-05	5.57848e-12
16.1	3.76255e-05	5.46151e-12
16.11	3.72521e-05	5.34699e-12
16.12	3.68824e-05	5.23489e-12
16.13	3.65164e-05	5.12514e-12
16.14	3.6154e-05	5.01771e-12
16.15	3.57953e-05	4.91254e-12
16.16	3.54401e-05	4.80958e-12
16.17	3.50885e-05	4.70879e-12
16.18	3.47404e-05	4.61012e-12
16.19	3.43958e-05	4.51353e-12
16.2	3.40546e-05	4.41897e-12
16.21	3.37168e-05	4.32639e-12
16.22	3.33824e-05	4.23577e-12
16.23	3.30513e-05	4.14705e-12
16.24	3.27235e-05	4.06019e-12
16.25	3.2399e-05	3.97517e-12
16.26	3.20777e-05	3.89193e-12
16.27	3.17596e-05	3.81043e-12
16.28	3.14447e-05	3.73066e-12
16.29	3.11329e-05	3.65255e-12
16.3	3.08242e-05	3.57609e-12
16.31	3.05186e-05	3.50124e-12
16.32	3.02161e-05	3.42796e-12
16.33	2.99165e-05	3.35622e-12
16.34	2.962e-05	3.28598e-12
16.35	2.93264e-05	3.21722e-12
16.36	2.90357e-05	3.1499e-12
16.37	2.87479e-05	3.084e-12
16.38	2.8463e-05	3.01948e-12
16.39	2.81809e-05	2.95631e-12
16.4	2.79016e-05	2.89447e-12
16.41	2.76251e-05	2.83393e-12
16.42	2.73513e-05	2.77466e-12
16.43	2.70803e-05	2.71663e-12
16.44	2.68119e-05	2.65982e-12
16.45	2.65463e-05	2.6042e-12
16.46	2.62832e-05	2.54975e-12
16.47	2.60228e-05	2.49644e-12
16.48	2.5765e-05	2.44425e-12
16.49	2.55097e-05	2.39315e-12
16.5	2.5257e-05	2.34312e-12
16.51	2.50067e-05	2.29414e-12
16.52	2.4759e-05	2.24619e-12
16.53	2.45137e-05	2.19924e-12
16.54	2.42709e-05	2.15328e-12
16.55	2.40305e-05	2.10828e-12
16.56	2.37924e-05	2.06422e-12
16.57	2.35567e-05	2.02109e-12
16.58	2.33234e-05	1.97885e-12
16.59	2.30923e-05	1.93751e-12
16.6	2.28636e-05	1.89703e-12
16.61	2.26371e-05	1.85739e-12
16.62	2.24129e-05	1.81859e-12
16.63	2.21909e-05	1.7806e-12
16.64	2.19711e-05	1.7434e-12
16.65	2.17535e-05	1.70698e-12
16.66	2.1538e-05	1.67133e-12
16.67	2.13247e-05	1.63642e-12
16.68	2.11135e-05	1.60224e-12
16.69	2.09044e-05	1.56878e-12
16.7	2.06973e-05	1.53601e-12
16.71	2.04923e-05	1.50393e-12
16.72	2.02893e-05	1.47252e-12
16.73	2.00884e-05	1.44177e-12
16.74	1.98894e-05	1.41166e-12
16.75	1.96924e-05	1.38219e-12
16.76	1.94973e-05	1.35332e-12
16.77	1.93042e-05	1.32506e-12
16.78	1.9113e-05	1.29739e-12
16.79	1.89236e-05	1.2703e-12
16.8	1.87362e-05	1.24378e-12
16.81	1.85506e-05	1.21781e-12
16.82	1.83668e-05	1.19238e-12
16.83	1.81848e-05	1.16748e-12
16.84	1.80047e-05	1.14311e-12
16.85	1.78263e-05	1.11924e-12
16.86	1.76497e-05	1.09587e-12
16.87	1.74748e-05	1.07299e-12
16.88	1.73017e-05	1.05058e-12
16.89	1.71302e-05	1.02865e-12
16.9	1.69605e-05	1.00717e-12
16.91	1.67924e-05	9.8614e-13
16.92	1.6626e-05	9.65549e-13
16.93	1.64612e-05	9.45388e-13
16.94	1.62981e-05	9.25647e-13
16.95	1.61365e-05	9.06318e-13
16.96	1.59766e-05	8.87392e-13
16.97	1.58182e-05	8.68861e-13
16.98	1.56614e-05	8.50716e-13
16.99	1.55061e-05	8.3295e-13
17	1.53524e-05	8.15554e-13
17.01	1.52001e-05	7.98521e-13
17.02	1.50494e-05	7.81843e-13
17.03	1.49002e-05	7.65513e-13
17.04	1.47524e-05	7.49523e-13
17.05	1.4606e-05	7.33866e-13
17.06	1.44612e-05	7.18535e-13
17.07	1.43177e-05	7.03524e-13
17.08	1.41756e-05	6.88826e-13
17.09	1.4035e-05	6.74433e-13
17.1	1.38957e-05	6.60341e-13
17.11	1.37578e-05	6.46542e-13
17.12	1.36212e-05	6.3303e-13
17.13	1.3486e-05	6.198e-13
17.14	1.33521e-05	6.06846e-13
17.15	1.32195e-05	5.94161e-13
17.16	1.30883e-05	5.8174e-13
17.17	1.29583e-05	5.69577e-13
17.18	1.28295e-05	5.57668e-13
17.19	1.27021e-05	5.46007e-13
17.2	1.25759e-05	5.34588e-13
17.21	1.24509e-05	5.23407e-13
17.22	1.23271e-05	5.12458e-13
17.23	1.22046e-05	5.01737e-13
17.24	1.20833e-05	4.9124e-13
17.25	1.19631e-05	4.8096e-13
17.26	1.18441e-05	4.70895e-13
17.27	1.17263e-05	4.61038e-13
17.28	1.16096e-05	4.51387e-13
17.29	1.14941e-05	4.41936e-13
17.3	1.13797e-05	4.32682e-13
17.31	1.12664e-05	4.2362e-13
17.32	1.11542e-05	4.14747e-13
17.33	1.10431e-05	4.06058e-13
17.34	1.09331e-05	3.97549e-13
17.35	1.08242e-05	3.89218e-13
17.36	1.07163e-05	3.81059e-13
17.37	1.06095e-05	3.7307e-13
17.38	1.05037e-05	3.65247e-13
17.39	1.0399e-05	3.57586e-13
17.4	1.02952e-05	3.50085e-13
17.41	1.01925e-05	3.42739e-13
17.42	1.00908e-05	3.35546e-13
17.43	9.99003e-06	3.28503e-13
17.44	9.89027e-06	3.21605e-13
17.45	9.79147e-06	3.14851e-13
17.46	9.69363e-06	3.08237e-13
17.47	9.59674e-06	3.0176e-13
17.48	9.50079e-06	2.95418e-13
17.49	9.40577e-06	2.89207e-13
17.5	9.31167e-06	2.83126e-13
17.51	9.21848e-06	2.7717e-13
17.52	9.12619e-06	2.71338e-13
17.53	9.03479e-06	2.65627e-13
17.54	8.94428e-06	2.60035e-13
17.55	8.85464e-06	2.54558e-13
17.56	8.76586e-06	2.49196e-13
17.57	8.67794e-06	2.43944e-13
17.58	8.59087e-06	2.38801e-13
17.59	8.50464e-06	2.33765e-13
17.6	8.41924e-06	2.28834e-13
17.61	8.33466e-06	2.24004e-13
17.62	8.25089e-06	2.19275e-13
17.63	8.16793e-06	2.14644e-13
17.64	8.08576e-06	2.10109e-13
17.65	8.00439e-06	2.05668e-13
17.66	7.92379e-06	2.01319e-13
17.67	7.84397e-06	1.9706e-13
17.68	7.76492e-06	1.9289e-13
17.69	7.68662e-06	1.88806e-13
17.7	7.60907e-06	1.84806e-13
17.71	7.53226e-06	1.80889e-13
17.72	7.45618e-06	1.77054e-13
17.73	7.38084e-06	1.73298e-13
17.74	7.30621e-06	1.6962e-13
17.75	7.23229e-06	1.66018e-13
17.76	7.15908e-06	1.62491e-13
17.77	7.08656e-06	1.59036e-13
17.78	7.01474e-06	1.55654e-13
17.79	6.9436e-06	1.52341e-13
17.8	6.87313e-06	1.49097e-13
17.81	6.80333e-06	1.4592e-13
17.82	6.7342e-06	1.42809e-13
17.83	6.66572e-06	1.39763e-13
17.84	6.59789e-06	1.36779e-13
17.85	6.5307e-06	1.33857e-13
17.86	6.46414e-06	1.30996e-13
17.87	6.39822e-06	1.28194e-13
17.88	6.33291e-06	1.2545e-13
17.89	6.26822e-06	1.22763e-13
17.9	6.20415e-06	1.20132e-13
17.91	6.14067e-06	1.17555e-13
17.92	6.07779e-06	1.15031e-13
17.93	6.0155e-06	1.1256e-13
17.94	5.9538e-06	1.1014e-13
17.95	5.89267e-06	1.07769e-13
17.96	5.83212e-06	1.05448e-13
17.97	5.77213e-06	1.03175e-13
17.98	5.7127e-06	1.00949e-13
17.99	5.65383e-06	9.87696e-14
18	5.59551e-06	9.66349e-14
18.01	5.53773e-06	9.45444e-14
18.02	5.48048e-06	9.24971e-14
18.03	5.42377e-06	9.04923e-14
18.04	5.36759e-06	8.85289e-14
18.05	5.31192e-06	8.66062e-14
18.06	5.25677e-06	8.47233e-14
18.07	5.20213e-06	8.28794e-14
18.08	5.148e-06	8.10736e-14
18.09	5.09436e-06	7.93052e-14
18.1	5.04122e-06	7.75735e-14
18.11	4.98856e-06	7.58776e-14
18.12	4.93639e-06	7.42168e-14
18.13	4.8847e-06	7.25905e-14
18.14	4.83348e-06	7.09978e-14
18.15	4.78272e-06	6.94381e-14
18.16	4.73244e-06	6.79106e-14
18.17	4.68261e-06	6.64149e-14
18.18	4.63323e-06	6.49501e-14
18.19	4.5843e-06	6.35156e-14
18.2	4.53581e-06	6.21109e-14
18.21	4.48777e-06	6.07353e-14
18.22	4.44016e-06	5.93881e-14
18.23	4.39297e-06	5.80689e-14
18.24	4.34622e-06	5.6777e-14
18.25	4.29988e-06	5.5512e-14
18.26	4.25396e-06	5.42731e-14
18.27	4.20845e-06	5.30599e-14
18.28	4.16334e-06	5.18719e-14
18.29	4.11864e-06	5.07085e-14
18.3	4.07434e-06	4.95692e-14
18.31	4.03043e-06	4.84536e-14
18.32	3.98691e-06	4.73611e-14
18.33	3.94377e-06	4.62913e-14
18.34	3.90102e-06	4.52436e-14
18.35	3.85864e-06	4.42178e-14
18.36	3.81664e-06	4.32132e-14
18.37	3.775e-06	4.22295e-14
18.38	3.73373e-06	4.12662e-14
18.39	3.69282e-06	4.03229e-14
18.4	3.65226e-06	3.93993e-14
18.41	3.61206e-06	3.84948e-14
18.42	3.5722e-06	3.76091e-14
18.43	3.53269e-06	3.67419e-14
18.44	3.49353e-06	3.58927e-14
18.45	3.45469e-06	3.50611e-14
18.46	3.41619e-06	3.42469e-14
18.47	3.37802e-06	3.34497e-14
18.48	3.34018e-06	3.2669e-14
18.49	3.30266e-06	3.19046e-14
18.5	3.26545e-06	3.11561e-14
18.51	3.22856e-06	3.04233e-14
18.52	3.19199e-06	2.97057e-14
18.53	3.15571e-06	2.90031e-14
18.54	3.11975e-06	2.83152e-14
18.55	3.08408e-06	2.76416e-14
18.56	3.04871e-06	2.69822e-14
18.57	3.01364e-06	2.63365e-14
18.58	2.97885e-06	2.57043e-14
18.59	2.94435e-06	2.50853e-14
18.6	2.91013e-06	2.44794e-14
18.61	2.8762e-06	2.38861e-14
18.62	2.84254e-06	2.33052e-14
18.63	2.80915e-06	2.27366e-14
18.64	2.77604e-06	2.21799e-14
18.65	2.74319e-06	2.16348e-14
18.66	2.7106e-06	2.11013e-14
18.67	2.67828e-06	2.05789e-14
18.68	2.64621e-06	2.00676e-14
18.69	2.6144e-06	1.9567e-14
18.7	2.58284e-06	1.9077e-14
18.71	2.55152e-06	1.85974e-14
18.72	2.52046e-06	1.81279e-14
18.73	2.48963e-06	1.76683e-14
18.74	2.45904e-06	1.72184e-14
18.75	2.42869e-06	1.67781e-14
18.76	2.39858e-06	1.63471e-14
18.77	2.36869e-06	1.59253e-14
18.78	2.33903e-06	1.55124e-14
18.79	2.30959e-06	1.51084e-14
18.8	2.28038e-06	1.47129e-14
18.81	2.25138e-06	1.43259e-14
18.82	2.22261e-06	1.39472e-14
18.83	2.19404e-06	1.35765e-14
18.84	2.16568e-06	1.32138e-14
18.85	2.13754e-06	1.28589e-14
18.86	2.10959e-06	1.25117e-14
18.87	2.08185e-06	1.21719e-14
18.88	2.05431e-06	1.18394e-14
18.89	2.02697e-06	1.15141e-14
18.9	1.99982e-06	1.11959e-14
18.91	1.97286e-06	1.08845e-14
18.92	1.94609e-06	1.058e-14
18.93	1.91951e-06	1.02821e-14
18.94	1.89311e-06	9.99063e-15
18.95	1.86689e-06	9.70558e-15
18.96	1.84086e-06	9.42677e-15
18.97	1.81499e-06	9.1541e-15
18.98	1.78931e-06	8.88744e-15
18.99	1.76379e-06	8.62667e-15
19	1.73844e-06	8.37167e-15
19.01	1.71326e-06	8.12234e-15
19.02	1.68824e-06	7.87857e-15
19.03	1.66338e-06	7.64024e-15
19.04	1.63869e-06	7.40726e-15
19.05	1.61414e-06	7.17951e-15
19.06	1.58976e-06	6.95691e-15
19.07	1.56552e-06	6.73935e-15
19.08	1.54144e-06	6.52674e-15
19.09	1.5175e-06	6.31898e-15
19.1	1.49371e-06	6.11597e-15
19.11	1.47006e-06	5.91764e-15
19.12	1.44655e-06	5.7239e-15
19.13	1.42318e-06	5.53465e-15
19.14	1.39995e-06	5.34981e-15
19.15	1.37684e-06	5.1693e-15
19.16	1.35387e-06	4.99305e-15
19.17	1.33103e-06	4.82097e-15
19.18	1.30832e-06	4.65298e-15
19.19	1.28573e-06	4.48902e-15
19.2	1.26327e-06	4.329e-15
19.21	1.24092e-06	4.17286e-15
19.22	1.21869e-06	4.02053e-15
19.23	1.19658e-06	3.87194e-15
19.24	1.17459e-06	3.72702e-15
19.25	1.1527e-06	3.5857e-15
19.26	1.13093e-06	3.44793e-15
19.27	1.10926e-06	3.31365e-15
19.28	1.0877e-06	3.18278e-15
19.29	1.06625e-06	3.05528e-15
19.3	1.04489e-06	2.93108e-15
19.31	1.02364e-06	2.81013e-15
19.32	1.00248e-06	2.69237e-15
19.33	9.81415e-07	2.57775e-15
19.34	9.60446e-07	2.46623e-15
19.35	9.39568e-07	2.35773e-15
19.36	9.1878e-07	2.25223e-15
19.37	8.9808e-07	2.14967e-15
19.38	8.77465e-07	2.04999e-15
19.39	8.56934e-07	1.95316e-15
19.4	8.36484e-07	1.85914e-15
19.41	8.16114e-07	1.76787e-15
19.42	7.95821e-07	1.67932e-15
19.43	7.75605e-07	1.59344e-15
19.44	7.55462e-07	1.51019e-15
19.45	7.35391e-07	1.42954e-15
19.46	7.15389e-07	1.35145e-15
19.47	6.95456e-07	1.27587e-15
19.48	6.7559e-07	1.20278e-15
19.49	6.55787e-07	1.13214e-15
19.5	6.36047e-07	1.06392e-15
19.51	6.16367e-07	9.98077e-16
19.52	5.96746e-07	9.34585e-16
19.53	5.77181e-07	8.73414e-16
19.54	5.57672e-07	8.14532e-16
19.55	5.38215e-07	7.57911e-16
19.56	5.1881e-07	7.03523e-16
19.57	4.99453e-07	6.51341e-16
19.58	4.80145e-07	6.01338e-16
19.59	4.60881e-07	5.5349e-16
19.6	4.41662e-07	5.07771e-16
19.61	4.22485e-07	4.64159e-16
19.62	4.03347e-07	4.2263e-16
19.63	3.84248e-07	3.83163e-16
19.64	3.65186e-07	3.45736e-16
19.65	3.46158e-07	3.1033e-16
19.66	3.27163e-07	2.76924e-16
19.67	3.08199e-07	2.45501e-16
19.68	2.89264e-07	2.16042e-16
19.69	2.70357e-07	1.88531e-16
19.7	2.51475e-07	1.62951e-16
19.71	2.32617e-07	1.39287e-16
19.72	2.13782e-07	1.17524e-16
19.73	1.94966e-07	9.76483e-17
19.74	1.76169e-07	7.96463e-17
19.75	1.57389e-07	6.35059e-17
19.76	1.38624e-07	4.92153e-17
19.77	1.19871e-07	3.67635e-17
19.78	1.0113e-07	2.61403e-17
19.79	8.23991e-08	1.73362e-17
19.8	6.36756e-08	1.03423e-17
19.81	4.49582e-08	5.15048e-18
19.82	2.6245e-08	1.75341e-18
19.83	7.53424e-09	1.44356e-19
19.84	-1.11758e-08	3.17301e-19
19.85	-2.98868e-08	2.26693e-18
19.86	-4.86007e-08	5.98862e-18
19.87	-6.73192e-08	1.14784e-17
19.88	-8.60441e-08	1.87331e-17
19.89	-1.04777e-07	2.775e-17
19.9	-1.2352e-07	3.85273e-17
19.91	-1.42275e-07	5.10637e-17
19.92	-1.61043e-07	6.53587e-17
19.93	-1.79826e-07	8.14123e-17
19.94	-1.98626e-07	9.92254e-17
19.95	-2.17445e-07	1.18799e-16
19.96	-2.36285e-07	1.40136e-16
19.97	-2.55147e-07	1.63239e-16
19.98	-2.74033e-07	1.88111e-16
19.99	-2.92945e-07	2.14757e-16
