0.01   0.05
0.02   0.0999986
0.03   0.149995
0.04   0.199986
0.05   0.249973
0.06   0.299952
0.07   0.349923
0.08   0.399885
0.09   0.449836
0.1   0.499774
0.11   0.549698
0.12   0.599608
0.13   0.649501
0.14   0.699376
0.15   0.749233
0.16   0.799068
0.17   0.848882
0.18   0.898672
0.19   0.948438
0.2   0.998178
0.21   1.04789
0.22   1.09757
0.23   1.14723
0.24   1.19685
0.25   1.24644
0.26   1.29599
0.27   1.34551
0.28   1.395
0.29   1.44444
0.3   1.49385
0.31   1.54321
0.32   1.59253
0.33   1.64181
0.34   1.69104
0.35   1.74023
0.36   1.78937
0.37   1.83846
0.38   1.8875
0.39   1.93648
0.4   1.98542
0.41   2.0343
0.42   2.08312
0.43   2.13189
0.44   2.1806
0.45   2.22925
0.46   2.27784
0.47   2.32636
0.48   2.37482
0.49   2.42322
0.5   2.47155
0.51   2.51981
0.52   2.56801
0.53   2.61613
0.54   2.66418
0.55   2.71216
0.56   2.76006
0.57   2.80789
0.58   2.85564
0.59   2.90332
0.6   2.95091
0.61   2.99842
0.62   3.04585
0.63   3.0932
0.64   3.14046
0.65   3.18764
0.66   3.23472
0.67   3.28172
0.68   3.32863
0.69   3.37545
0.7   3.42218
0.71   3.46881
0.72   3.51535
0.73   3.56179
0.74   3.60813
0.75   3.65437
0.76   3.70052
0.77   3.74656
0.78   3.7925
0.79   3.83834
0.8   3.88407
0.81   3.92969
0.82   3.97521
0.83   4.02061
0.84   4.06591
0.85   4.1111
0.86   4.15617
0.87   4.20113
0.88   4.24597
0.89   4.2907
0.9   4.33531
0.91   4.3798
0.92   4.42417
0.93   4.46842
0.94   4.51255
0.95   4.55655
0.96   4.60043
0.97   4.64418
0.98   4.68781
0.99   4.7313
1   4.77467
1.01   4.81791
1.02   4.86101
1.03   4.90398
1.04   4.94682
1.05   4.98952
1.06   5.03208
1.07   5.07451
1.08   5.11679
1.09   5.15894
1.1   5.20094
1.11   5.24281
1.12   5.28452
1.13   5.3261
1.14   5.36753
1.15   5.40881
1.16   5.44994
1.17   5.49092
1.18   5.53175
1.19   5.57243
1.2   5.61296
1.21   5.65334
1.22   5.69355
1.23   5.73362
1.24   5.77352
1.25   5.81327
1.26   5.85286
1.27   5.89229
1.28   5.93155
1.29   5.97065
1.3   6.00959
1.31   6.04837
1.32   6.08698
1.33   6.12542
1.34   6.1637
1.35   6.2018
1.36   6.23974
1.37   6.2775
1.38   6.31509
1.39   6.35251
1.4   6.38976
1.41   6.42683
1.42   6.46372
1.43   6.50044
1.44   6.53697
1.45   6.57333
1.46   6.60951
1.47   6.64551
1.48   6.68132
1.49   6.71696
1.5   6.7524
1.51   6.78767
1.52   6.82274
1.53   6.85763
1.54   6.89233
1.55   6.92685
1.56   6.96117
1.57   6.9953
1.58   7.02924
1.59   7.06299
1.6   7.09654
1.61   7.1299
1.62   7.16307
1.63   7.19603
1.64   7.2288
1.65   7.26138
1.66   7.29375
1.67   7.32592
1.68   7.35789
1.69   7.38966
1.7   7.42123
1.71   7.4526
1.72   7.48376
1.73   7.51471
1.74   7.54546
1.75   7.576
1.76   7.60634
1.77   7.63646
1.78   7.66638
1.79   7.69608
1.8   7.72558
1.81   7.75486
1.82   7.78393
1.83   7.81279
1.84   7.84143
1.85   7.86986
1.86   7.89807
1.87   7.92607
1.88   7.95385
1.89   7.98141
1.9   8.00875
1.91   8.03587
1.92   8.06277
1.93   8.08946
1.94   8.11591
1.95   8.14215
1.96   8.16816
1.97   8.19395
1.98   8.21952
1.99   8.24486
2   8.26997
2.01   8.29486
2.02   8.31952
2.03   8.34395
2.04   8.36815
2.05   8.39212
2.06   8.41587
2.07   8.43938
2.08   8.46266
2.09   8.48571
2.1   8.50852
2.11   8.53111
2.12   8.55346
2.13   8.57557
2.14   8.59745
2.15   8.61909
2.16   8.6405
2.17   8.66167
2.18   8.6826
2.19   8.7033
2.2   8.72376
2.21   8.74397
2.22   8.76395
2.23   8.78369
2.24   8.80318
2.25   8.82244
2.26   8.84145
2.27   8.86022
2.28   8.87875
2.29   8.89704
2.3   8.91508
2.31   8.93287
2.32   8.95042
2.33   8.96773
2.34   8.98479
2.35   9.0016
2.36   9.01817
2.37   9.03449
2.38   9.05056
2.39   9.06639
2.4   9.08196
2.41   9.09729
2.42   9.11237
2.43   9.12719
2.44   9.14177
2.45   9.1561
2.46   9.17017
2.47   9.18399
2.48   9.19757
2.49   9.21089
2.5   9.22395
2.51   9.23677
2.52   9.24933
2.53   9.26164
2.54   9.27369
2.55   9.28549
2.56   9.29704
2.57   9.30833
2.58   9.31936
2.59   9.33014
2.6   9.34066
2.61   9.35093
2.62   9.36094
2.63   9.3707
2.64   9.3802
2.65   9.38944
2.66   9.39842
2.67   9.40714
2.68   9.41561
2.69   9.42382
2.7   9.43177
2.71   9.43946
2.72   9.4469
2.73   9.45407
2.74   9.46099
2.75   9.46764
2.76   9.47404
2.77   9.48018
2.78   9.48605
2.79   9.49167
2.8   9.49703
2.81   9.50212
2.82   9.50696
2.83   9.51154
2.84   9.51585
2.85   9.5199
2.86   9.5237
2.87   9.52723
2.88   9.5305
2.89   9.53351
2.9   9.53625
2.91   9.53874
2.92   9.54096
2.93   9.54293
2.94   9.54463
2.95   9.54607
2.96   9.54725
2.97   9.54816
2.98   9.54882
2.99   9.54921
3   9.54934
3.01   9.54921
3.02   9.54882
3.03   9.54816
3.04   9.54725
3.05   9.54607
3.06   9.54463
3.07   9.54293
3.08   9.54096
3.09   9.53874
3.1   9.53625
3.11   9.53351
3.12   9.5305
3.13   9.52723
3.14   9.5237
3.15   9.5199
3.16   9.51585
3.17   9.51154
3.18   9.50696
3.19   9.50212
3.2   9.49703
3.21   9.49167
3.22   9.48605
3.23   9.48018
3.24   9.47404
3.25   9.46764
3.26   9.46099
3.27   9.45407
3.28   9.4469
3.29   9.43946
3.3   9.43177
3.31   9.42382
3.32   9.41561
3.33   9.40714
3.34   9.39842
3.35   9.38944
3.36   9.3802
3.37   9.3707
3.38   9.36094
3.39   9.35093
3.4   9.34066
3.41   9.33014
3.42   9.31936
3.43   9.30833
3.44   9.29704
3.45   9.28549
3.46   9.27369
3.47   9.26164
3.48   9.24933
3.49   9.23677
3.5   9.22395
3.51   9.21089
3.52   9.19757
3.53   9.18399
3.54   9.17017
3.55   9.1561
3.56   9.14177
3.57   9.12719
3.58   9.11237
3.59   9.09729
3.6   9.08196
3.61   9.06639
3.62   9.05056
3.63   9.03449
3.64   9.01817
3.65   9.0016
3.66   8.98479
3.67   8.96773
3.68   8.95042
3.69   8.93287
3.7   8.91508
3.71   8.89704
3.72   8.87875
3.73   8.86022
3.74   8.84145
3.75   8.82244
3.76   8.80318
3.77   8.78369
3.78   8.76395
3.79   8.74397
3.8   8.72376
3.81   8.7033
3.82   8.6826
3.83   8.66167
3.84   8.6405
3.85   8.61909
3.86   8.59745
3.87   8.57557
3.88   8.55346
3.89   8.53111
3.9   8.50852
3.91   8.48571
3.92   8.46266
3.93   8.43938
3.94   8.41587
3.95   8.39212
3.96   8.36815
3.97   8.34395
3.98   8.31952
3.99   8.29486
4   8.26997
4.01   8.24486
4.02   8.21952
4.03   8.19395
4.04   8.16816
4.05   8.14215
4.06   8.11591
4.07   8.08946
4.08   8.06277
4.09   8.03587
4.1   8.00875
4.11   7.98141
4.12   7.95385
4.13   7.92607
4.14   7.89807
4.15   7.86986
4.16   7.84143
4.17   7.81279
4.18   7.78393
4.19   7.75486
4.2   7.72558
4.21   7.69608
4.22   7.66638
4.23   7.63646
4.24   7.60634
4.25   7.576
4.26   7.54546
4.27   7.51471
4.28   7.48376
4.29   7.4526
4.3   7.42123
4.31   7.38966
4.32   7.35789
4.33   7.32592
4.34   7.29375
4.35   7.26138
4.36   7.2288
4.37   7.19603
4.38   7.16307
4.39   7.1299
4.4   7.09654
4.41   7.06299
4.42   7.02924
4.43   6.9953
4.44   6.96117
4.45   6.92685
4.46   6.89233
4.47   6.85763
4.48   6.82274
4.49   6.78767
4.5   6.7524
4.51   6.71696
4.52   6.68132
4.53   6.64551
4.54   6.60951
4.55   6.57333
4.56   6.53697
4.57   6.50044
4.58   6.46372
4.59   6.42683
4.6   6.38976
4.61   6.35251
4.62   6.31509
4.63   6.2775
4.64   6.23974
4.65   6.2018
4.66   6.1637
4.67   6.12542
4.68   6.08698
4.69   6.04837
4.7   6.00959
4.71   5.97065
4.72   5.93155
4.73   5.89229
4.74   5.85286
4.75   5.81327
4.76   5.77352
4.77   5.73362
4.78   5.69355
4.79   5.65334
4.8   5.61296
4.81   5.57243
4.82   5.53175
4.83   5.49092
4.84   5.44994
4.85   5.40881
4.86   5.36753
4.87   5.3261
4.88   5.28452
4.89   5.24281
4.9   5.20094
4.91   5.15894
4.92   5.11679
4.93   5.07451
4.94   5.03208
4.95   4.98952
4.96   4.94682
4.97   4.90398
4.98   4.86101
4.99   4.81791
5   4.77467
5.01   4.7313
5.02   4.68781
5.03   4.64418
5.04   4.60043
5.05   4.55655
5.06   4.51255
5.07   4.46842
5.08   4.42417
5.09   4.3798
5.1   4.33531
5.11   4.2907
5.12   4.24597
5.13   4.20113
5.14   4.15617
5.15   4.1111
5.16   4.06591
5.17   4.02061
5.18   3.97521
5.19   3.92969
5.2   3.88407
5.21   3.83834
5.22   3.7925
5.23   3.74656
5.24   3.70052
5.25   3.65437
5.26   3.60813
5.27   3.56179
5.28   3.51535
5.29   3.46881
5.3   3.42218
5.31   3.37545
5.32   3.32863
5.33   3.28172
5.34   3.23472
5.35   3.18764
5.36   3.14046
5.37   3.0932
5.38   3.04585
5.39   2.99842
5.4   2.95091
5.41   2.90332
5.42   2.85564
5.43   2.80789
5.44   2.76006
5.45   2.71216
5.46   2.66418
5.47   2.61613
5.48   2.56801
5.49   2.51981
5.5   2.47155
5.51   2.42322
5.52   2.37482
5.53   2.32636
5.54   2.27784
5.55   2.22925
5.56   2.1806
5.57   2.13189
5.58   2.08312
5.59   2.0343
5.6   1.98542
5.61   1.93648
5.62   1.8875
5.63   1.83846
5.64   1.78937
5.65   1.74023
5.66   1.69104
5.67   1.64181
5.68   1.59253
5.69   1.54321
5.7   1.49385
5.71   1.44444
5.72   1.395
5.73   1.34551
5.74   1.29599
5.75   1.24644
5.76   1.19685
5.77   1.14723
5.78   1.09757
5.79   1.04789
5.8   0.998178
5.81   0.948438
5.82   0.898672
5.83   0.848882
5.84   0.799068
5.85   0.749233
5.86   0.699376
5.87   0.649501
5.88   0.599608
5.89   0.549698
5.9   0.499774
5.91   0.449836
5.92   0.399885
5.93   0.349923
5.94   0.299952
5.95   0.249973
5.96   0.199986
5.97   0.149995
5.98   0.0999986
5.99   0.05
6   -7.8714e-11
