0.01   0.05
0.02   0.0999877
0.03   0.149951
0.04   0.199877
0.05   0.249753
0.06   0.299568
0.07   0.34931
0.08   0.398964
0.09   0.448521
0.1   0.497967
0.11   0.54729
0.12   0.596478
0.13   0.645519
0.14   0.6944
0.15   0.74311
0.16   0.791637
0.17   0.839969
0.18   0.888093
0.19   0.935998
0.2   0.983672
0.21   1.0311
0.22   1.07828
0.23   1.12519
0.24   1.17183
0.25   1.21817
0.26   1.26421
0.27   1.30994
0.28   1.35535
0.29   1.40043
0.3   1.44516
0.31   1.48953
0.32   1.53353
0.33   1.57716
0.34   1.6204
0.35   1.66323
0.36   1.70566
0.37   1.74767
0.38   1.78924
0.39   1.83037
0.4   1.87106
0.41   1.91128
0.42   1.95102
0.43   1.99029
0.44   2.02907
0.45   2.06734
0.46   2.10511
0.47   2.14235
0.48   2.17907
0.49   2.21525
0.5   2.25088
0.51   2.28596
0.52   2.32047
0.53   2.35442
0.54   2.38778
0.55   2.42055
0.56   2.45272
0.57   2.48429
0.58   2.51524
0.59   2.54558
0.6   2.57529
0.61   2.60436
0.62   2.63279
0.63   2.66057
0.64   2.68769
0.65   2.71415
0.66   2.73994
0.67   2.76505
0.68   2.78949
0.69   2.81323
0.7   2.83628
0.71   2.85863
0.72   2.88027
0.73   2.90121
0.74   2.92142
0.75   2.94092
0.76   2.95969
0.77   2.97773
0.78   2.99504
0.79   3.01161
0.8   3.02743
0.81   3.04251
0.82   3.05684
0.83   3.07041
0.84   3.08322
0.85   3.09528
0.86   3.10657
0.87   3.11709
0.88   3.12685
0.89   3.13583
0.9   3.14404
0.91   3.15147
0.92   3.15813
0.93   3.16401
0.94   3.1691
0.95   3.17342
0.96   3.17695
0.97   3.1797
0.98   3.18166
0.99   3.18284
1   3.18323
1.01   3.18284
1.02   3.18166
1.03   3.1797
1.04   3.17695
1.05   3.17342
1.06   3.1691
1.07   3.16401
1.08   3.15813
1.09   3.15147
1.1   3.14404
1.11   3.13583
1.12   3.12685
1.13   3.11709
1.14   3.10657
1.15   3.09528
1.16   3.08322
1.17   3.07041
1.18   3.05684
1.19   3.04251
1.2   3.02743
1.21   3.01161
1.22   2.99504
1.23   2.97773
1.24   2.95969
1.25   2.94092
1.26   2.92142
1.27   2.90121
1.28   2.88027
1.29   2.85863
1.3   2.83628
1.31   2.81323
1.32   2.78949
1.33   2.76505
1.34   2.73994
1.35   2.71415
1.36   2.68769
1.37   2.66057
1.38   2.63279
1.39   2.60436
1.4   2.57529
1.41   2.54558
1.42   2.51524
1.43   2.48429
1.44   2.45272
1.45   2.42055
1.46   2.38778
1.47   2.35442
1.48   2.32047
1.49   2.28596
1.5   2.25088
1.51   2.21525
1.52   2.17907
1.53   2.14235
1.54   2.10511
1.55   2.06734
1.56   2.02907
1.57   1.99029
1.58   1.95102
1.59   1.91128
1.6   1.87106
1.61   1.83037
1.62   1.78924
1.63   1.74767
1.64   1.70566
1.65   1.66323
1.66   1.6204
1.67   1.57716
1.68   1.53353
1.69   1.48953
1.7   1.44516
1.71   1.40043
1.72   1.35535
1.73   1.30994
1.74   1.26421
1.75   1.21817
1.76   1.17183
1.77   1.12519
1.78   1.07828
1.79   1.0311
1.8   0.983672
1.81   0.935998
1.82   0.888093
1.83   0.839969
1.84   0.791637
1.85   0.74311
1.86   0.6944
1.87   0.645519
1.88   0.596478
1.89   0.54729
1.9   0.497967
1.91   0.448521
1.92   0.398964
1.93   0.34931
1.94   0.299568
1.95   0.249753
1.96   0.199877
1.97   0.149951
1.98   0.0999877
1.99   0.05
2   -3.81144e-12
2.01   -0.05
2.02   -0.0999877
2.03   -0.149951
2.04   -0.199877
2.05   -0.249753
2.06   -0.299568
2.07   -0.34931
2.08   -0.398964
2.09   -0.448521
2.1   -0.497967
2.11   -0.54729
2.12   -0.596478
2.13   -0.645519
2.14   -0.6944
2.15   -0.74311
2.16   -0.791637
2.17   -0.839969
2.18   -0.888093
2.19   -0.935998
2.2   -0.983672
2.21   -1.0311
2.22   -1.07828
2.23   -1.12519
2.24   -1.17183
2.25   -1.21817
2.26   -1.26421
2.27   -1.30994
2.28   -1.35535
2.29   -1.40043
2.3   -1.44516
2.31   -1.48953
2.32   -1.53353
2.33   -1.57716
2.34   -1.6204
2.35   -1.66323
2.36   -1.70566
2.37   -1.74767
2.38   -1.78924
2.39   -1.83037
2.4   -1.87106
2.41   -1.91128
2.42   -1.95102
2.43   -1.99029
2.44   -2.02907
2.45   -2.06734
2.46   -2.10511
2.47   -2.14235
2.48   -2.17907
2.49   -2.21525
2.5   -2.25088
2.51   -2.28596
2.52   -2.32047
2.53   -2.35442
2.54   -2.38778
2.55   -2.42055
2.56   -2.45272
2.57   -2.48429
2.58   -2.51524
2.59   -2.54558
2.6   -2.57529
2.61   -2.60436
2.62   -2.63279
2.63   -2.66057
2.64   -2.68769
2.65   -2.71415
2.66   -2.73994
2.67   -2.76505
2.68   -2.78949
2.69   -2.81323
2.7   -2.83628
2.71   -2.85863
2.72   -2.88027
2.73   -2.90121
2.74   -2.92142
2.75   -2.94092
2.76   -2.95969
2.77   -2.97773
2.78   -2.99504
2.79   -3.01161
2.8   -3.02743
2.81   -3.04251
2.82   -3.05684
2.83   -3.07041
2.84   -3.08322
2.85   -3.09528
2.86   -3.10657
2.87   -3.11709
2.88   -3.12685
2.89   -3.13583
2.9   -3.14404
2.91   -3.15147
2.92   -3.15813
2.93   -3.16401
2.94   -3.1691
2.95   -3.17342
2.96   -3.17695
2.97   -3.1797
2.98   -3.18166
2.99   -3.18284
3   -3.18323
3.01   -3.18284
3.02   -3.18166
3.03   -3.1797
3.04   -3.17695
3.05   -3.17342
3.06   -3.1691
3.07   -3.16401
3.08   -3.15813
3.09   -3.15147
3.1   -3.14404
3.11   -3.13583
3.12   -3.12685
3.13   -3.11709
3.14   -3.10657
3.15   -3.09528
3.16   -3.08322
3.17   -3.07041
3.18   -3.05684
3.19   -3.04251
3.2   -3.02743
3.21   -3.01161
3.22   -2.99504
3.23   -2.97773
3.24   -2.95969
3.25   -2.94092
3.26   -2.92142
3.27   -2.90121
3.28   -2.88027
3.29   -2.85863
3.3   -2.83628
3.31   -2.81323
3.32   -2.78949
3.33   -2.76505
3.34   -2.73994
3.35   -2.71415
3.36   -2.68769
3.37   -2.66057
3.38   -2.63279
3.39   -2.60436
3.4   -2.57529
3.41   -2.54558
3.42   -2.51524
3.43   -2.48429
3.44   -2.45272
3.45   -2.42055
3.46   -2.38778
3.47   -2.35442
3.48   -2.32047
3.49   -2.28596
3.5   -2.25088
3.51   -2.21525
3.52   -2.17907
3.53   -2.14235
3.54   -2.10511
3.55   -2.06734
3.56   -2.02907
3.57   -1.99029
3.58   -1.95102
3.59   -1.91128
3.6   -1.87106
3.61   -1.83037
3.62   -1.78924
3.63   -1.74767
3.64   -1.70566
3.65   -1.66323
3.66   -1.6204
3.67   -1.57716
3.68   -1.53353
3.69   -1.48953
3.7   -1.44516
3.71   -1.40043
3.72   -1.35535
3.73   -1.30994
3.74   -1.26421
3.75   -1.21817
3.76   -1.17183
3.77   -1.12519
3.78   -1.07828
3.79   -1.0311
3.8   -0.983672
3.81   -0.935998
3.82   -0.888093
3.83   -0.839969
3.84   -0.791637
3.85   -0.74311
3.86   -0.6944
3.87   -0.645519
3.88   -0.596478
3.89   -0.54729
3.9   -0.497967
3.91   -0.448521
3.92   -0.398964
3.93   -0.34931
3.94   -0.299568
3.95   -0.249753
3.96   -0.199877
3.97   -0.149951
3.98   -0.0999877
3.99   -0.05
4   7.75905e-12
4.01   0.05
4.02   0.0999877
4.03   0.149951
4.04   0.199877
4.05   0.249753
4.06   0.299568
4.07   0.34931
4.08   0.398964
4.09   0.448521
4.1   0.497967
4.11   0.54729
4.12   0.596478
4.13   0.645519
4.14   0.6944
4.15   0.74311
4.16   0.791637
4.17   0.839969
4.18   0.888093
4.19   0.935998
4.2   0.983672
4.21   1.0311
4.22   1.07828
4.23   1.12519
4.24   1.17183
4.25   1.21817
4.26   1.26421
4.27   1.30994
4.28   1.35535
4.29   1.40043
4.3   1.44516
4.31   1.48953
4.32   1.53353
4.33   1.57716
4.34   1.6204
4.35   1.66323
4.36   1.70566
4.37   1.74767
4.38   1.78924
4.39   1.83037
4.4   1.87106
4.41   1.91128
4.42   1.95102
4.43   1.99029
4.44   2.02907
4.45   2.06734
4.46   2.10511
4.47   2.14235
4.48   2.17907
4.49   2.21525
4.5   2.25088
4.51   2.28596
4.52   2.32047
4.53   2.35442
4.54   2.38778
4.55   2.42055
4.56   2.45272
4.57   2.48429
4.58   2.51524
4.59   2.54558
4.6   2.57529
4.61   2.60436
4.62   2.63279
4.63   2.66057
4.64   2.68769
4.65   2.71415
4.66   2.73994
4.67   2.76505
4.68   2.78949
4.69   2.81323
4.7   2.83628
4.71   2.85863
4.72   2.88027
4.73   2.90121
4.74   2.92142
4.75   2.94092
4.76   2.95969
4.77   2.97773
4.78   2.99504
4.79   3.01161
4.8   3.02743
4.81   3.04251
4.82   3.05684
4.83   3.07041
4.84   3.08322
4.85   3.09528
4.86   3.10657
4.87   3.11709
4.88   3.12685
4.89   3.13583
4.9   3.14404
4.91   3.15147
4.92   3.15813
4.93   3.16401
4.94   3.1691
4.95   3.17342
4.96   3.17695
4.97   3.1797
4.98   3.18166
4.99   3.18284
5   3.18323
5.01   3.18284
5.02   3.18166
5.03   3.1797
5.04   3.17695
5.05   3.17342
5.06   3.1691
5.07   3.16401
5.08   3.15813
5.09   3.15147
5.1   3.14404
5.11   3.13583
5.12   3.12685
5.13   3.11709
5.14   3.10657
5.15   3.09528
5.16   3.08322
5.17   3.07041
5.18   3.05684
5.19   3.04251
5.2   3.02743
5.21   3.01161
5.22   2.99504
5.23   2.97773
5.24   2.95969
5.25   2.94092
5.26   2.92142
5.27   2.90121
5.28   2.88027
5.29   2.85863
5.3   2.83628
5.31   2.81323
5.32   2.78949
5.33   2.76505
5.34   2.73994
5.35   2.71415
5.36   2.68769
5.37   2.66057
5.38   2.63279
5.39   2.60436
5.4   2.57529
5.41   2.54558
5.42   2.51524
5.43   2.48429
5.44   2.45272
5.45   2.42055
5.46   2.38778
5.47   2.35442
5.48   2.32047
5.49   2.28596
5.5   2.25088
5.51   2.21525
5.52   2.17907
5.53   2.14235
5.54   2.10511
5.55   2.06734
5.56   2.02907
5.57   1.99029
5.58   1.95102
5.59   1.91128
5.6   1.87106
5.61   1.83037
5.62   1.78924
5.63   1.74767
5.64   1.70566
5.65   1.66323
5.66   1.6204
5.67   1.57716
5.68   1.53353
5.69   1.48953
5.7   1.44516
5.71   1.40043
5.72   1.35535
5.73   1.30994
5.74   1.26421
5.75   1.21817
5.76   1.17183
5.77   1.12519
5.78   1.07828
5.79   1.0311
5.8   0.983672
5.81   0.935998
5.82   0.888093
5.83   0.839969
5.84   0.791637
5.85   0.74311
5.86   0.6944
5.87   0.645519
5.88   0.596478
5.89   0.54729
5.9   0.497967
5.91   0.448521
5.92   0.398964
5.93   0.34931
5.94   0.299568
5.95   0.249753
5.96   0.199877
5.97   0.149951
5.98   0.0999877
5.99   0.05
6   -1.18214e-11
