0   0
0.01   1e-05
0.02   2.0001e-05
0.03   3.00039e-05
0.04   4.00097e-05
0.05   5.00194e-05
0.06   6.0034e-05
0.07   7.00544e-05
0.08   8.00817e-05
0.09   9.01167e-05
0.1   0.00010016
0.11   0.000110214
0.12   0.000120278
0.13   0.000130354
0.14   0.000140443
0.15   0.000150545
0.16   0.000160662
0.17   0.000170794
0.18   0.000180943
0.19   0.00019111
0.2   0.000201295
0.21   0.0002115
0.22   0.000221725
0.23   0.000231972
0.24   0.000242242
0.25   0.000252535
0.26   0.000262852
0.27   0.000273195
0.28   0.000283565
0.29   0.000293962
0.3   0.000304388
0.31   0.000314843
0.32   0.000325329
0.33   0.000335847
0.34   0.000346397
0.35   0.000356981
0.36   0.000367599
0.37   0.000378253
0.38   0.000388944
0.39   0.000399673
0.4   0.000410441
0.41   0.000421249
0.42   0.000432097
0.43   0.000442988
0.44   0.000453921
0.45   0.000464899
0.46   0.000475922
0.47   0.000486991
0.48   0.000498107
0.49   0.000509272
0.5   0.000520486
0.51   0.000531751
0.52   0.000543068
0.53   0.000554437
0.54   0.000565861
0.55   0.000577339
0.56   0.000588873
0.57   0.000600465
0.58   0.000612115
0.59   0.000623824
0.6   0.000635595
0.61   0.000647426
0.62   0.000659321
0.63   0.00067128
0.64   0.000683304
0.65   0.000695395
0.66   0.000707553
0.67   0.00071978
0.68   0.000732077
0.69   0.000744445
0.7   0.000756885
0.71   0.000769399
0.72   0.000781987
0.73   0.000794652
0.74   0.000807394
0.75   0.000820214
0.76   0.000833114
0.77   0.000846096
0.78   0.000859159
0.79   0.000872306
0.8   0.000885537
0.81   0.000898855
0.82   0.00091226
0.83   0.000925753
0.84   0.000939337
0.85   0.000953012
0.86   0.000966779
0.87   0.000980641
0.88   0.000994598
0.89   0.00100865
0.9   0.0010228
0.91   0.00103705
0.92   0.00105141
0.93   0.00106586
0.94   0.00108042
0.95   0.00109508
0.96   0.00110985
0.97   0.00112472
0.98   0.00113971
0.99   0.00115481
1   0.00117002
1.01   0.00118534
1.02   0.00120078
1.03   0.00121633
1.04   0.00123201
1.05   0.0012478
1.06   0.00126371
1.07   0.00127975
1.08   0.00129591
1.09   0.0013122
1.1   0.00132861
1.11   0.00134515
1.12   0.00136183
1.13   0.00137864
1.14   0.00139558
1.15   0.00141265
1.16   0.00142987
1.17   0.00144722
1.18   0.00146471
1.19   0.00148235
1.2   0.00150013
1.21   0.00151805
1.22   0.00153613
1.23   0.00155435
1.24   0.00157272
1.25   0.00159125
1.26   0.00160993
1.27   0.00162877
1.28   0.00164776
1.29   0.00166692
1.3   0.00168624
1.31   0.00170572
1.32   0.00172537
1.33   0.00174518
1.34   0.00176517
1.35   0.00178532
1.36   0.00180565
1.37   0.00182616
1.38   0.00184684
1.39   0.0018677
1.4   0.00188875
1.41   0.00190997
1.42   0.00193139
1.43   0.00195299
1.44   0.00197478
1.45   0.00199676
1.46   0.00201894
1.47   0.00204131
1.48   0.00206388
1.49   0.00208665
1.5   0.00210963
1.51   0.00213281
1.52   0.0021562
1.53   0.00217979
1.54   0.0022036
1.55   0.00222762
1.56   0.00225186
1.57   0.00227632
1.58   0.002301
1.59   0.0023259
1.6   0.00235103
1.61   0.00237639
1.62   0.00240198
1.63   0.0024278
1.64   0.00245385
1.65   0.00248015
1.66   0.00250669
1.67   0.00253347
1.68   0.0025605
1.69   0.00258777
1.7   0.0026153
1.71   0.00264308
1.72   0.00267112
1.73   0.00269942
1.74   0.00272798
1.75   0.0027568
1.76   0.0027859
1.77   0.00281526
1.78   0.0028449
1.79   0.00287481
1.8   0.00290501
1.81   0.00293548
1.82   0.00296624
1.83   0.00299729
1.84   0.00302863
1.85   0.00306027
1.86   0.0030922
1.87   0.00312443
1.88   0.00315697
1.89   0.00318981
1.9   0.00322297
1.91   0.00325644
1.92   0.00329022
1.93   0.00332432
1.94   0.00335875
1.95   0.0033935
1.96   0.00342858
1.97   0.003464
1.98   0.00349975
1.99   0.00353584
2   0.00357228
2.01   0.00360906
2.02   0.0036462
2.03   0.00368369
2.04   0.00372153
2.05   0.00375974
2.06   0.00379831
2.07   0.00383726
2.08   0.00387657
2.09   0.00391626
2.1   0.00395634
2.11   0.0039968
2.12   0.00403764
2.13   0.00407888
2.14   0.00412051
2.15   0.00416255
2.16   0.00420499
2.17   0.00424784
2.18   0.0042911
2.19   0.00433478
2.2   0.00437888
2.21   0.0044234
2.22   0.00446836
2.23   0.00451375
2.24   0.00455958
2.25   0.00460585
2.26   0.00465257
2.27   0.00469974
2.28   0.00474737
2.29   0.00479545
2.3   0.00484401
2.31   0.00489304
2.32   0.00494254
2.33   0.00499252
2.34   0.00504299
2.35   0.00509394
2.36   0.0051454
2.37   0.00519735
2.38   0.00524981
2.39   0.00530277
2.4   0.00535626
2.41   0.00541026
2.42   0.00546479
2.43   0.00551985
2.44   0.00557545
2.45   0.00563159
2.46   0.00568827
2.47   0.00574551
2.48   0.00580331
2.49   0.00586167
2.5   0.0059206
2.51   0.00598011
2.52   0.0060402
2.53   0.00610087
2.54   0.00616214
2.55   0.00622401
2.56   0.00628648
2.57   0.00634956
2.58   0.00641326
2.59   0.00647759
2.6   0.00654254
2.61   0.00660813
2.62   0.00667436
2.63   0.00674124
2.64   0.00680877
2.65   0.00687697
2.66   0.00694583
2.67   0.00701537
2.68   0.00708559
2.69   0.0071565
2.7   0.00722811
2.71   0.00730042
2.72   0.00737344
2.73   0.00744717
2.74   0.00752163
2.75   0.00759682
2.76   0.00767274
2.77   0.00774942
2.78   0.00782684
2.79   0.00790503
2.8   0.00798399
2.81   0.00806372
2.82   0.00814423
2.83   0.00822554
2.84   0.00830765
2.85   0.00839056
2.86   0.00847429
2.87   0.00855884
2.88   0.00864422
2.89   0.00873045
2.9   0.00881752
2.91   0.00890545
2.92   0.00899425
2.93   0.00908392
2.94   0.00917447
2.95   0.00926591
2.96   0.00935826
2.97   0.00945151
2.98   0.00954568
2.99   0.00964078
3   0.00973682
3.01   0.0098338
3.02   0.00993174
3.03   0.0100306
3.04   0.0101305
3.05   0.0102314
3.06   0.0103332
3.07   0.0104361
3.08   0.01054
3.09   0.0106449
3.1   0.0107508
3.11   0.0108578
3.12   0.0109658
3.13   0.0110749
3.14   0.0111851
3.15   0.0112964
3.16   0.0114088
3.17   0.0115222
3.18   0.0116368
3.19   0.0117525
3.2   0.0118694
3.21   0.0119874
3.22   0.0121066
3.23   0.012227
3.24   0.0123485
3.25   0.0124713
3.26   0.0125952
3.27   0.0127204
3.28   0.0128468
3.29   0.0129745
3.3   0.0131034
3.31   0.0132336
3.32   0.0133651
3.33   0.0134979
3.34   0.013632
3.35   0.0137674
3.36   0.0139042
3.37   0.0140423
3.38   0.0141818
3.39   0.0143227
3.4   0.0144649
3.41   0.0146086
3.42   0.0147536
3.43   0.0149001
3.44   0.0150481
3.45   0.0151975
3.46   0.0153484
3.47   0.0155008
3.48   0.0156547
3.49   0.0158101
3.5   0.0159671
3.51   0.0161256
3.52   0.0162857
3.53   0.0164473
3.54   0.0166106
3.55   0.0167754
3.56   0.0169419
3.57   0.0171101
3.58   0.0172799
3.59   0.0174514
3.6   0.0176246
3.61   0.0177995
3.62   0.0179761
3.63   0.0181545
3.64   0.0183346
3.65   0.0185165
3.66   0.0187002
3.67   0.0188858
3.68   0.0190731
3.69   0.0192624
3.7   0.0194535
3.71   0.0196465
3.72   0.0198414
3.73   0.0200382
3.74   0.020237
3.75   0.0204377
3.76   0.0206404
3.77   0.0208452
3.78   0.0210519
3.79   0.0212607
3.8   0.0214716
3.81   0.0216846
3.82   0.0218996
3.83   0.0221168
3.84   0.0223362
3.85   0.0225577
3.86   0.0227814
3.87   0.0230073
3.88   0.0232355
3.89   0.0234659
3.9   0.0236986
3.91   0.0239336
3.92   0.0241709
3.93   0.0244106
3.94   0.0246526
3.95   0.0248971
3.96   0.0251439
3.97   0.0253932
3.98   0.025645
3.99   0.0258993
4   0.026156
4.01   0.0264154
4.02   0.0266773
4.03   0.0269417
4.04   0.0272089
4.05   0.0274786
4.06   0.027751
4.07   0.0280261
4.08   0.028304
4.09   0.0285846
4.1   0.0288679
4.11   0.0291541
4.12   0.0294431
4.13   0.029735
4.14   0.0300297
4.15   0.0303274
4.16   0.0306281
4.17   0.0309317
4.18   0.0312383
4.19   0.0315479
4.2   0.0318606
4.21   0.0321764
4.22   0.0324954
4.23   0.0328174
4.24   0.0331427
4.25   0.0334712
4.26   0.033803
4.27   0.034138
4.28   0.0344764
4.29   0.0348181
4.3   0.0351632
4.31   0.0355117
4.32   0.0358637
4.33   0.0362191
4.34   0.0365781
4.35   0.0369406
4.36   0.0373067
4.37   0.0376765
4.38   0.0380499
4.39   0.038427
4.4   0.0388078
4.41   0.0391924
4.42   0.0395808
4.43   0.0399731
4.44   0.0403692
4.45   0.0407693
4.46   0.0411733
4.47   0.0415813
4.48   0.0419934
4.49   0.0424096
4.5   0.0428299
4.51   0.0432543
4.52   0.0436829
4.53   0.0441158
4.54   0.044553
4.55   0.0449945
4.56   0.0454404
4.57   0.0458907
4.58   0.0463454
4.59   0.0468047
4.6   0.0472685
4.61   0.0477369
4.62   0.04821
4.63   0.0486877
4.64   0.0491701
4.65   0.0496574
4.66   0.0501494
4.67   0.0506464
4.68   0.0511482
4.69   0.0516551
4.7   0.0521669
4.71   0.0526838
4.72   0.0532059
4.73   0.0537331
4.74   0.0542655
4.75   0.0548032
4.76   0.0553463
4.77   0.0558947
4.78   0.0564485
4.79   0.0570079
4.8   0.0575727
4.81   0.0581432
4.82   0.0587193
4.83   0.0593012
4.84   0.0598888
4.85   0.0604822
4.86   0.0610815
4.87   0.0616867
4.88   0.0622979
4.89   0.0629152
4.9   0.0635386
4.91   0.0641681
4.92   0.0648039
4.93   0.065446
4.94   0.0660945
4.95   0.0667494
4.96   0.0674107
4.97   0.0680787
4.98   0.0687532
4.99   0.0694344
5   0.0701224
5.01   0.0708172
5.02   0.0715188
5.03   0.0722274
5.04   0.0729431
5.05   0.0736658
5.06   0.0743957
5.07   0.0751328
5.08   0.0758772
5.09   0.076629
5.1   0.0773883
5.11   0.078155
5.12   0.0789294
5.13   0.0797114
5.14   0.0805012
5.15   0.0812988
5.16   0.0821043
5.17   0.0829177
5.18   0.0837393
5.19   0.084569
5.2   0.0854068
5.21   0.086253
5.22   0.0871076
5.23   0.0879707
5.24   0.0888423
5.25   0.0897225
5.26   0.0906114
5.27   0.0915092
5.28   0.0924158
5.29   0.0933315
5.3   0.0942561
5.31   0.09519
5.32   0.0961331
5.33   0.0970856
5.34   0.0980475
5.35   0.0990189
5.36   0.0999999
5.37   0.100991
5.38   0.101991
5.39   0.103002
5.4   0.104022
5.41   0.105053
5.42   0.106094
5.43   0.107145
5.44   0.108206
5.45   0.109278
5.46   0.110361
5.47   0.111454
5.48   0.112559
5.49   0.113674
5.5   0.1148
5.51   0.115937
5.52   0.117086
5.53   0.118246
5.54   0.119418
5.55   0.120601
5.56   0.121796
5.57   0.123002
5.58   0.124221
5.59   0.125452
5.6   0.126694
5.61   0.12795
5.62   0.129217
5.63   0.130498
5.64   0.13179
5.65   0.133096
5.66   0.134415
5.67   0.135746
5.68   0.137091
5.69   0.13845
5.7   0.139821
5.71   0.141206
5.72   0.142605
5.73   0.144018
5.74   0.145445
5.75   0.146886
5.76   0.148341
5.77   0.149811
5.78   0.151295
5.79   0.152794
5.8   0.154308
5.81   0.155837
5.82   0.15738
5.83   0.15894
5.84   0.160514
5.85   0.162105
5.86   0.163711
5.87   0.165332
5.88   0.16697
5.89   0.168625
5.9   0.170295
5.91   0.171982
5.92   0.173686
5.93   0.175407
5.94   0.177145
5.95   0.1789
5.96   0.180672
5.97   0.182462
5.98   0.18427
5.99   0.186095
6   0.187939
6.01   0.189801
6.02   0.191681
6.03   0.19358
6.04   0.195498
6.05   0.197435
6.06   0.199391
6.07   0.201366
6.08   0.203361
6.09   0.205376
6.1   0.207411
6.11   0.209465
6.12   0.211541
6.13   0.213636
6.14   0.215753
6.15   0.21789
6.16   0.220049
6.17   0.222229
6.18   0.22443
6.19   0.226654
6.2   0.228899
6.21   0.231167
6.22   0.233457
6.23   0.23577
6.24   0.238106
6.25   0.240465
6.26   0.242847
6.27   0.245253
6.28   0.247682
6.29   0.250136
6.3   0.252614
6.31   0.255117
6.32   0.257644
6.33   0.260197
6.34   0.262774
6.35   0.265378
6.36   0.268007
6.37   0.270662
6.38   0.273343
6.39   0.276051
6.4   0.278786
6.41   0.281548
6.42   0.284337
6.43   0.287154
6.44   0.289998
6.45   0.292871
6.46   0.295773
6.47   0.298703
6.48   0.301662
6.49   0.30465
6.5   0.307669
6.51   0.310716
6.52   0.313795
6.53   0.316903
6.54   0.320043
6.55   0.323213
6.56   0.326415
6.57   0.329649
6.58   0.332914
6.59   0.336212
6.6   0.339543
6.61   0.342907
6.62   0.346304
6.63   0.349734
6.64   0.353199
6.65   0.356698
6.66   0.360232
6.67   0.3638
6.68   0.367404
6.69   0.371044
6.7   0.374719
6.71   0.378431
6.72   0.38218
6.73   0.385966
6.74   0.38979
6.75   0.393651
6.76   0.397551
6.77   0.401489
6.78   0.405466
6.79   0.409483
6.8   0.413539
6.81   0.417636
6.82   0.421773
6.83   0.425951
6.84   0.43017
6.85   0.434432
6.86   0.438735
6.87   0.443081
6.88   0.44747
6.89   0.451903
6.9   0.456379
6.91   0.4609
6.92   0.465466
6.93   0.470077
6.94   0.474733
6.95   0.479436
6.96   0.484185
6.97   0.488981
6.98   0.493825
6.99   0.498716
7   0.503656
7.01   0.508645
7.02   0.513684
7.03   0.518772
7.04   0.523911
7.05   0.5291
7.06   0.534341
7.07   0.539634
7.08   0.544979
7.09   0.550377
7.1   0.555829
7.11   0.561334
7.12   0.566895
7.13   0.57251
7.14   0.57818
7.15   0.583907
7.16   0.589691
7.17   0.595532
7.18   0.60143
7.19   0.607388
7.2   0.613404
7.21   0.619479
7.22   0.625615
7.23   0.631811
7.24   0.638069
7.25   0.644389
7.26   0.650771
7.27   0.657217
7.28   0.663726
7.29   0.6703
7.3   0.676939
7.31   0.683643
7.32   0.690414
7.33   0.697252
7.34   0.704158
7.35   0.711132
7.36   0.718175
7.37   0.725287
7.38   0.73247
7.39   0.739724
7.4   0.74705
7.41   0.754449
7.42   0.76192
7.43   0.769466
7.44   0.777086
7.45   0.784782
7.46   0.792554
7.47   0.800403
7.48   0.808329
7.49   0.816334
7.5   0.824418
7.51   0.832582
7.52   0.840826
7.53   0.849153
7.54   0.857562
7.55   0.866053
7.56   0.874629
7.57   0.88329
7.58   0.892036
7.59   0.900869
7.6   0.90979
7.61   0.918798
7.62   0.927896
7.63   0.937083
7.64   0.946362
7.65   0.955732
7.66   0.965195
7.67   0.974751
7.68   0.984402
7.69   0.994149
7.7   1.00399
7.71   1.01393
7.72   1.02397
7.73   1.03411
7.74   1.04435
7.75   1.05468
7.76   1.06513
7.77   1.07567
7.78   1.08632
7.79   1.09707
7.8   1.10793
7.81   1.1189
7.82   1.12998
7.83   1.14116
7.84   1.15246
7.85   1.16387
7.86   1.17539
7.87   1.18702
7.88   1.19877
7.89   1.21063
7.9   1.22262
7.91   1.23472
7.92   1.24694
7.93   1.25928
7.94   1.27174
7.95   1.28433
7.96   1.29704
7.97   1.30987
7.98   1.32283
7.99   1.33592
8   1.34914
8.01   1.36249
8.02   1.37597
8.03   1.38959
8.04   1.40334
8.05   1.41722
8.06   1.43125
8.07   1.44541
8.08   1.45971
8.09   1.47415
8.1   1.48873
8.11   1.50346
8.12   1.51833
8.13   1.53335
8.14   1.54852
8.15   1.56383
8.16   1.5793
8.17   1.59492
8.18   1.6107
8.19   1.62662
8.2   1.64271
8.21   1.65896
8.22   1.67536
8.23   1.69193
8.24   1.70866
8.25   1.72555
8.26   1.74261
8.27   1.75984
8.28   1.77724
8.29   1.79481
8.3   1.81256
8.31   1.83047
8.32   1.84857
8.33   1.86684
8.34   1.88529
8.35   1.90392
8.36   1.92274
8.37   1.94174
8.38   1.96093
8.39   1.98031
8.4   1.99988
8.41   2.01963
8.42   2.03959
8.43   2.05974
8.44   2.08009
8.45   2.10063
8.46   2.12138
8.47   2.14234
8.48   2.16349
8.49   2.18486
8.5   2.20644
8.51   2.22822
8.52   2.25023
8.53   2.27244
8.54   2.29488
8.55   2.31753
8.56   2.34041
8.57   2.36351
8.58   2.38684
8.59   2.41039
8.6   2.43418
8.61   2.4582
8.62   2.48245
8.63   2.50694
8.64   2.53167
8.65   2.55665
8.66   2.58186
8.67   2.60733
8.68   2.63304
8.69   2.659
8.7   2.68522
8.71   2.71169
8.72   2.73842
8.73   2.76542
8.74   2.79267
8.75   2.82019
8.76   2.84798
8.77   2.87604
8.78   2.90437
8.79   2.93298
8.8   2.96187
8.81   2.99104
8.82   3.02049
8.83   3.05023
8.84   3.08026
8.85   3.11058
8.86   3.14119
8.87   3.1721
8.88   3.20331
8.89   3.23482
8.9   3.26664
8.91   3.29877
8.92   3.33121
8.93   3.36396
8.94   3.39703
8.95   3.43042
8.96   3.46413
8.97   3.49817
8.98   3.53254
8.99   3.56724
9   3.60227
9.01   3.63764
9.02   3.67336
9.03   3.70941
9.04   3.74582
9.05   3.78257
9.06   3.81968
9.07   3.85714
9.08   3.89496
9.09   3.93315
9.1   3.9717
9.11   4.01063
9.12   4.04992
9.13   4.08959
9.14   4.12964
9.15   4.17008
9.16   4.2109
9.17   4.25211
9.18   4.29371
9.19   4.33571
9.2   4.37811
9.21   4.42091
9.22   4.46412
9.23   4.50774
9.24   4.55178
9.25   4.59623
9.26   4.64111
9.27   4.6864
9.28   4.73213
9.29   4.77829
9.3   4.82488
9.31   4.87192
9.32   4.9194
9.33   4.96732
9.34   5.0157
9.35   5.06452
9.36   5.11381
9.37   5.16356
9.38   5.21378
9.39   5.26446
9.4   5.31562
9.41   5.36725
9.42   5.41937
9.43   5.47197
9.44   5.52506
9.45   5.57865
9.46   5.63273
9.47   5.68731
9.48   5.74239
9.49   5.79798
9.5   5.85409
9.51   5.91071
9.52   5.96786
9.53   6.02552
9.54   6.08372
9.55   6.14245
9.56   6.20171
9.57   6.26152
9.58   6.32187
9.59   6.38276
9.6   6.44421
9.61   6.50622
9.62   6.56879
9.63   6.63192
9.64   6.69562
9.65   6.75989
9.66   6.82474
9.67   6.89017
9.68   6.95618
9.69   7.02278
9.7   7.08998
9.71   7.15777
9.72   7.22616
9.73   7.29515
9.74   7.36476
9.75   7.43497
9.76   7.5058
9.77   7.57725
9.78   7.64933
9.79   7.72203
9.8   7.79536
9.81   7.86933
9.82   7.94394
9.83   8.01918
9.84   8.09508
9.85   8.17162
9.86   8.24882
9.87   8.32667
9.88   8.40519
9.89   8.48437
9.9   8.56421
9.91   8.64473
9.92   8.72592
9.93   8.80779
9.94   8.89033
9.95   8.97357
9.96   9.05748
9.97   9.14209
9.98   9.22739
9.99   9.31339
10   9.40008
10.01   9.48748
10.02   9.57558
10.03   9.66439
10.04   9.7539
10.05   9.84413
10.06   9.93507
10.07   10.0267
10.08   10.1191
10.09   10.2122
10.1   10.306
10.11   10.4006
10.12   10.4958
10.13   10.5918
10.14   10.6886
10.15   10.786
10.16   10.8842
10.17   10.9832
10.18   11.0828
10.19   11.1832
10.2   11.2843
10.21   11.3862
10.22   11.4888
10.23   11.5922
10.24   11.6963
10.25   11.8011
10.26   11.9067
10.27   12.013
10.28   12.12
10.29   12.2278
10.3   12.3363
10.31   12.4455
10.32   12.5555
10.33   12.6662
10.34   12.7777
10.35   12.8899
10.36   13.0028
10.37   13.1164
10.38   13.2308
10.39   13.3459
10.4   13.4617
10.41   13.5782
10.42   13.6954
10.43   13.8134
10.44   13.932
10.45   14.0514
10.46   14.1714
10.47   14.2922
10.48   14.4136
10.49   14.5358
10.5   14.6586
10.51   14.7821
10.52   14.9062
10.53   15.031
10.54   15.1565
10.55   15.2826
10.56   15.4094
10.57   15.5368
10.58   15.6649
10.59   15.7935
10.6   15.9228
10.61   16.0527
10.62   16.1832
10.63   16.3143
10.64   16.446
10.65   16.5782
10.66   16.711
10.67   16.8444
10.68   16.9783
10.69   17.1128
10.7   17.2477
10.71   17.3832
10.72   17.5192
10.73   17.6557
10.74   17.7926
10.75   17.9301
10.76   18.0679
10.77   18.2063
10.78   18.345
10.79   18.4842
10.8   18.6237
10.81   18.7637
10.82   18.904
10.83   19.0447
10.84   19.1857
10.85   19.327
10.86   19.4687
10.87   19.6106
10.88   19.7529
10.89   19.8954
10.9   20.0381
10.91   20.1811
10.92   20.3242
10.93   20.4676
10.94   20.6111
10.95   20.7548
10.96   20.8987
10.97   21.0426
10.98   21.1867
10.99   21.3308
11   21.475
11.01   21.6192
11.02   21.7634
11.03   21.9077
11.04   22.0519
11.05   22.196
11.06   22.3401
11.07   22.4842
11.08   22.628
11.09   22.7718
11.1   22.9154
11.11   23.0588
11.12   23.2021
11.13   23.3451
11.14   23.4878
11.15   23.6303
11.16   23.7724
11.17   23.9143
11.18   24.0558
11.19   24.1969
11.2   24.3377
11.21   24.478
11.22   24.6179
11.23   24.7573
11.24   24.8962
11.25   25.0345
11.26   25.1724
11.27   25.3096
11.28   25.4463
11.29   25.5823
11.3   25.7177
11.31   25.8524
11.32   25.9864
11.33   26.1197
11.34   26.2522
11.35   26.3839
11.36   26.5148
11.37   26.6449
11.38   26.7741
11.39   26.9024
11.4   27.0298
11.41   27.1562
11.42   27.2817
11.43   27.4062
11.44   27.5296
11.45   27.652
11.46   27.7734
11.47   27.8936
11.48   28.0126
11.49   28.1306
11.5   28.2473
11.51   28.3628
11.52   28.4771
11.53   28.5901
11.54   28.7018
11.55   28.8122
11.56   28.9212
11.57   29.0289
11.58   29.1352
11.59   29.24
11.6   29.3434
11.61   29.4454
11.62   29.5458
11.63   29.6447
11.64   29.7421
11.65   29.8378
11.66   29.932
11.67   30.0246
11.68   30.1155
11.69   30.2047
11.7   30.2922
11.71   30.378
11.72   30.4621
11.73   30.5444
11.74   30.6249
11.75   30.7036
11.76   30.7804
11.77   30.8554
11.78   30.9285
11.79   30.9997
11.8   31.069
11.81   31.1363
11.82   31.2017
11.83   31.2651
11.84   31.3264
11.85   31.3858
11.86   31.443
11.87   31.4983
11.88   31.5514
11.89   31.6024
11.9   31.6513
11.91   31.6981
11.92   31.7426
11.93   31.785
11.94   31.8253
11.95   31.8633
11.96   31.899
11.97   31.9325
11.98   31.9638
11.99   31.9927
12   32.0194
12.01   32.0438
12.02   32.0658
12.03   32.0855
12.04   32.1028
12.05   32.1178
12.06   32.1304
12.07   32.1406
12.08   32.1483
12.09   32.1537
12.1   32.1566
12.11   32.1571
12.12   32.1551
12.13   32.1507
12.14   32.1438
12.15   32.1344
12.16   32.1225
12.17   32.1081
12.18   32.0911
12.19   32.0717
12.2   32.0497
12.21   32.0252
12.22   31.9981
12.23   31.9685
12.24   31.9364
12.25   31.9016
12.26   31.8643
12.27   31.8244
12.28   31.7819
12.29   31.7368
12.3   31.6891
12.31   31.6389
12.32   31.586
12.33   31.5305
12.34   31.4724
12.35   31.4117
12.36   31.3484
12.37   31.2825
12.38   31.214
12.39   31.1428
12.4   31.069
12.41   30.9926
12.42   30.9136
12.43   30.8319
12.44   30.7477
12.45   30.6608
12.46   30.5713
12.47   30.4792
12.48   30.3845
12.49   30.2871
12.5   30.1872
12.51   30.0846
12.52   29.9795
12.53   29.8718
12.54   29.7614
12.55   29.6485
12.56   29.533
12.57   29.4149
12.58   29.2943
12.59   29.171
12.6   29.0453
12.61   28.9169
12.62   28.7861
12.63   28.6526
12.64   28.5167
12.65   28.3782
12.66   28.2372
12.67   28.0938
12.68   27.9478
12.69   27.7993
12.7   27.6483
12.71   27.4949
12.72   27.3391
12.73   27.1807
12.74   27.02
12.75   26.8568
12.76   26.6912
12.77   26.5232
12.78   26.3529
12.79   26.1801
12.8   26.005
12.81   25.8275
12.82   25.6477
12.83   25.4656
12.84   25.2811
12.85   25.0944
12.86   24.9054
12.87   24.7141
12.88   24.5206
12.89   24.3249
12.9   24.1269
12.91   23.9267
12.92   23.7243
12.93   23.5198
12.94   23.3131
12.95   23.1043
12.96   22.8934
12.97   22.6803
12.98   22.4652
12.99   22.248
13   22.0288
13.01   21.8075
13.02   21.5843
13.03   21.359
13.04   21.1318
13.05   20.9026
13.06   20.6715
13.07   20.4385
13.08   20.2035
13.09   19.9668
13.1   19.7281
13.11   19.4877
13.12   19.2454
13.13   19.0013
13.14   18.7555
13.15   18.508
13.16   18.2587
13.17   18.0077
13.18   17.7551
13.19   17.5007
13.2   17.2448
13.21   16.9873
13.22   16.7281
13.23   16.4674
13.24   16.2052
13.25   15.9415
13.26   15.6763
13.27   15.4096
13.28   15.1414
13.29   14.8719
13.3   14.6009
13.31   14.3286
13.32   14.055
13.33   13.78
13.34   13.5037
13.35   13.2262
13.36   12.9474
13.37   12.6675
13.38   12.3863
13.39   12.104
13.4   11.8205
13.41   11.5359
13.42   11.2502
13.43   10.9635
13.44   10.6757
13.45   10.387
13.46   10.0972
13.47   9.80656
13.48   9.51494
13.49   9.22243
13.5   8.92905
13.51   8.63483
13.52   8.3398
13.53   8.04398
13.54   7.7474
13.55   7.45008
13.56   7.15207
13.57   6.85338
13.58   6.55404
13.59   6.25409
13.6   5.95354
13.61   5.65243
13.62   5.35078
13.63   5.04863
13.64   4.74601
13.65   4.44293
13.66   4.13943
13.67   3.83554
13.68   3.53129
13.69   3.22671
13.7   2.92182
13.71   2.61665
13.72   2.31123
13.73   2.0056
13.74   1.69977
13.75   1.39379
13.76   1.08767
13.77   0.781447
13.78   0.475152
13.79   0.168811
13.8   -0.137545
13.81   -0.443888
13.82   -0.750189
13.83   -1.05642
13.84   -1.36255
13.85   -1.66855
13.86   -1.97439
13.87   -2.28005
13.88   -2.58548
13.89   -2.89068
13.9   -3.19559
13.91   -3.50021
13.92   -3.80449
13.93   -4.10841
13.94   -4.41194
13.95   -4.71505
13.96   -5.01771
13.97   -5.3199
13.98   -5.62158
13.99   -5.92273
14   -6.22331
14.01   -6.5233
14.02   -6.82267
14.03   -7.12139
14.04   -7.41943
14.05   -7.71677
14.06   -8.01337
14.07   -8.30922
14.08   -8.60427
14.09   -8.8985
14.1   -9.19188
14.11   -9.48439
14.12   -9.776
14.13   -10.0667
14.14   -10.3564
14.15   -10.6451
14.16   -10.9328
14.17   -11.2195
14.18   -11.5051
14.19   -11.7896
14.2   -12.073
14.21   -12.3553
14.22   -12.6363
14.23   -12.9162
14.24   -13.1948
14.25   -13.4722
14.26   -13.7483
14.27   -14.0231
14.28   -14.2965
14.29   -14.5686
14.3   -14.8393
14.31   -15.1085
14.32   -15.3764
14.33   -15.6427
14.34   -15.9076
14.35   -16.171
14.36   -16.4328
14.37   -16.6931
14.38   -16.9517
14.39   -17.2088
14.4   -17.4642
14.41   -17.7179
14.42   -17.97
14.43   -18.2203
14.44   -18.4689
14.45   -18.7157
14.46   -18.9608
14.47   -19.204
14.48   -19.4454
14.49   -19.685
14.5   -19.9227
14.51   -20.1584
14.52   -20.3923
14.53   -20.6242
14.54   -20.8541
14.55   -21.0821
14.56   -21.308
14.57   -21.5319
14.58   -21.7538
14.59   -21.9736
14.6   -22.1912
14.61   -22.4068
14.62   -22.6202
14.63   -22.8315
14.64   -23.0406
14.65   -23.2474
14.66   -23.4521
14.67   -23.6545
14.68   -23.8547
14.69   -24.0526
14.7   -24.2482
14.71   -24.4415
14.72   -24.6324
14.73   -24.821
14.74   -25.0072
14.75   -25.1911
14.76   -25.3725
14.77   -25.5515
14.78   -25.7281
14.79   -25.9022
14.8   -26.0738
14.81   -26.243
14.82   -26.4096
14.83   -26.5738
14.84   -26.7353
14.85   -26.8944
14.86   -27.0508
14.87   -27.2047
14.88   -27.356
14.89   -27.5047
14.9   -27.6507
14.91   -27.7941
14.92   -27.9349
14.93   -28.073
14.94   -28.2084
14.95   -28.3411
14.96   -28.4711
14.97   -28.5984
14.98   -28.7229
14.99   -28.8447
15   -28.9638
15.01   -29.08
15.02   -29.1935
15.03   -29.3043
15.04   -29.4122
15.05   -29.5173
15.06   -29.6196
15.07   -29.719
15.08   -29.8157
15.09   -29.9094
15.1   -30.0004
15.11   -30.0884
15.12   -30.1736
15.13   -30.2559
15.14   -30.3353
15.15   -30.4118
15.16   -30.4854
15.17   -30.5561
15.18   -30.6238
15.19   -30.6887
15.2   -30.7506
15.21   -30.8096
15.22   -30.8656
15.23   -30.9187
15.24   -30.9688
15.25   -31.016
15.26   -31.0602
15.27   -31.1014
15.28   -31.1397
15.29   -31.175
15.3   -31.2073
15.31   -31.2366
15.32   -31.2629
15.33   -31.2863
15.34   -31.3067
15.35   -31.324
15.36   -31.3384
15.37   -31.3498
15.38   -31.3582
15.39   -31.3636
15.4   -31.366
15.41   -31.3654
15.42   -31.3618
15.43   -31.3552
15.44   -31.3456
15.45   -31.3331
15.46   -31.3175
15.47   -31.2989
15.48   -31.2774
15.49   -31.2528
15.5   -31.2253
15.51   -31.1948
15.52   -31.1613
15.53   -31.1248
15.54   -31.0853
15.55   -31.0429
15.56   -30.9975
15.57   -30.9492
15.58   -30.8979
15.59   -30.8436
15.6   -30.7864
15.61   -30.7262
15.62   -30.6632
15.63   -30.5971
15.64   -30.5282
15.65   -30.4563
15.66   -30.3816
15.67   -30.3039
15.68   -30.2233
15.69   -30.1399
15.7   -30.0535
15.71   -29.9643
15.72   -29.8723
15.73   -29.7773
15.74   -29.6796
15.75   -29.579
15.76   -29.4755
15.77   -29.3693
15.78   -29.2602
15.79   -29.1484
15.8   -29.0337
15.81   -28.9163
15.82   -28.7961
15.83   -28.6732
15.84   -28.5475
15.85   -28.4191
15.86   -28.288
15.87   -28.1542
15.88   -28.0177
15.89   -27.8785
15.9   -27.7366
15.91   -27.5921
15.92   -27.445
15.93   -27.2952
15.94   -27.1428
15.95   -26.9879
15.96   -26.8303
15.97   -26.6702
15.98   -26.5076
15.99   -26.3424
16   -26.1747
16.01   -26.0045
16.02   -25.8318
16.03   -25.6566
16.04   -25.479
16.05   -25.2989
16.06   -25.1165
16.07   -24.9316
16.08   -24.7443
16.09   -24.5547
16.1   -24.3627
16.11   -24.1684
16.12   -23.9718
16.13   -23.7729
16.14   -23.5718
16.15   -23.3684
16.16   -23.1627
16.17   -22.9548
16.18   -22.7448
16.19   -22.5325
16.2   -22.3182
16.21   -22.1016
16.22   -21.883
16.23   -21.6623
16.24   -21.4395
16.25   -21.2146
16.26   -20.9878
16.27   -20.7589
16.28   -20.528
16.29   -20.2952
16.3   -20.0604
16.31   -19.8237
16.32   -19.5852
16.33   -19.3447
16.34   -19.1024
16.35   -18.8583
16.36   -18.6124
16.37   -18.3647
16.38   -18.1152
16.39   -17.864
16.4   -17.6111
16.41   -17.3565
16.42   -17.1003
16.43   -16.8424
16.44   -16.5829
16.45   -16.3219
16.46   -16.0592
16.47   -15.7951
16.48   -15.5294
16.49   -15.2622
16.5   -14.9936
16.51   -14.7236
16.52   -14.4521
16.53   -14.1793
16.54   -13.9051
16.55   -13.6295
16.56   -13.3527
16.57   -13.0746
16.58   -12.7953
16.59   -12.5147
16.6   -12.2329
16.61   -11.95
16.62   -11.6659
16.63   -11.3807
16.64   -11.0944
16.65   -10.8071
16.66   -10.5187
16.67   -10.2293
16.68   -9.93894
16.69   -9.64763
16.7   -9.35539
16.71   -9.06227
16.72   -8.76827
16.73   -8.47344
16.74   -8.1778
16.75   -7.88137
16.76   -7.58419
16.77   -7.28629
16.78   -6.98769
16.79   -6.68843
16.8   -6.38852
16.81   -6.088
16.82   -5.7869
16.83   -5.48525
16.84   -5.18308
16.85   -4.88041
16.86   -4.57727
16.87   -4.27369
16.88   -3.96971
16.89   -3.66535
16.9   -3.36063
16.91   -3.0556
16.92   -2.75027
16.93   -2.44468
16.94   -2.13886
16.95   -1.83283
16.96   -1.52663
16.97   -1.22028
16.98   -0.913813
16.99   -0.60726
17   -0.300649
17.01   0.0059904
17.02   0.312629
17.03   0.619239
17.04   0.925789
17.05   1.23225
17.06   1.53859
17.07   1.84479
17.08   2.15081
17.09   2.45663
17.1   2.76221
17.11   3.06752
17.12   3.37254
17.13   3.67724
17.14   3.98159
17.15   4.28556
17.16   4.58912
17.17   4.89224
17.18   5.19489
17.19   5.49705
17.2   5.79868
17.21   6.09976
17.22   6.40025
17.23   6.70013
17.24   6.99937
17.25   7.29794
17.26   7.59582
17.27   7.89297
17.28   8.18936
17.29   8.48497
17.3   8.77977
17.31   9.07373
17.32   9.36683
17.33   9.65903
17.34   9.9503
17.35   10.2406
17.36   10.53
17.37   10.8183
17.38   11.1056
17.39   11.3919
17.4   11.677
17.41   11.9611
17.42   12.2439
17.43   12.5257
17.44   12.8062
17.45   13.0855
17.46   13.3636
17.47   13.6403
17.48   13.9158
17.49   14.19
17.5   14.4627
17.51   14.7341
17.52   15.0041
17.53   15.2727
17.54   15.5398
17.55   15.8054
17.56   16.0695
17.57   16.3321
17.58   16.5931
17.59   16.8525
17.6   17.1103
17.61   17.3665
17.62   17.621
17.63   17.8739
17.64   18.125
17.65   18.3744
17.66   18.622
17.67   18.8679
17.68   19.1119
17.69   19.3541
17.7   19.5945
17.71   19.833
17.72   20.0696
17.73   20.3043
17.74   20.5371
17.75   20.7679
17.76   20.9967
17.77   21.2235
17.78   21.4482
17.79   21.6709
17.8   21.8916
17.81   22.1101
17.82   22.3266
17.83   22.5409
17.84   22.753
17.85   22.963
17.86   23.1708
17.87   23.3763
17.88   23.5797
17.89   23.7808
17.9   23.9796
17.91   24.1761
17.92   24.3703
17.93   24.5622
17.94   24.7517
17.95   24.9388
17.96   25.1236
17.97   25.306
17.98   25.486
17.99   25.6635
18   25.8386
18.01   26.0112
18.02   26.1813
18.03   26.3489
18.04   26.514
18.05   26.6765
18.06   26.8365
18.07   26.994
18.08   27.1488
18.09   27.3011
18.1   27.4508
18.11   27.5978
18.12   27.7422
18.13   27.884
18.14   28.0231
18.15   28.1595
18.16   28.2932
18.17   28.4242
18.18   28.5525
18.19   28.678
18.2   28.8009
18.21   28.9209
18.22   29.0382
18.23   29.1528
18.24   29.2645
18.25   29.3735
18.26   29.4796
18.27   29.5829
18.28   29.6834
18.29   29.7811
18.3   29.8759
18.31   29.9679
18.32   30.057
18.33   30.1432
18.34   30.2265
18.35   30.307
18.36   30.3846
18.37   30.4592
18.38   30.531
18.39   30.5998
18.4   30.6657
18.41   30.7287
18.42   30.7887
18.43   30.8458
18.44   30.8999
18.45   30.9511
18.46   30.9994
18.47   31.0446
18.48   31.0869
18.49   31.1263
18.5   31.1626
18.51   31.196
18.52   31.2264
18.53   31.2538
18.54   31.2783
18.55   31.2997
18.56   31.3182
18.57   31.3336
18.58   31.3461
18.59   31.3555
18.6   31.362
18.61   31.3655
18.62   31.366
18.63   31.3635
18.64   31.3579
18.65   31.3494
18.66   31.3379
18.67   31.3234
18.68   31.3059
18.69   31.2854
18.7   31.262
18.71   31.2355
18.72   31.2061
18.73   31.1736
18.74   31.1382
18.75   31.0998
18.76   31.0585
18.77   31.0142
18.78   30.9669
18.79   30.9166
18.8   30.8635
18.81   30.8073
18.82   30.7482
18.83   30.6862
18.84   30.6212
18.85   30.5534
18.86   30.4826
18.87   30.4088
18.88   30.3322
18.89   30.2527
18.9   30.1703
18.91   30.085
18.92   29.9969
18.93   29.9058
18.94   29.8119
18.95   29.7152
18.96   29.6156
18.97   29.5132
18.98   29.408
18.99   29.3
19   29.1892
19.01   29.0755
19.02   28.9592
19.03   28.84
19.04   28.7181
19.05   28.5934
19.06   28.466
19.07   28.3359
19.08   28.2031
19.09   28.0676
19.1   27.9294
19.11   27.7886
19.12   27.6451
19.13   27.4989
19.14   27.3501
19.15   27.1988
19.16   27.0448
19.17   26.8882
19.18   26.7291
19.19   26.5674
19.2   26.4032
19.21   26.2364
19.22   26.0672
19.23   25.8954
19.24   25.7212
19.25   25.5446
19.26   25.3655
19.27   25.1839
19.28   25
19.29   24.8137
19.3   24.625
19.31   24.4339
19.32   24.2406
19.33   24.0449
19.34   23.8469
19.35   23.6467
19.36   23.4441
19.37   23.2394
19.38   23.0324
19.39   22.8233
19.4   22.6119
19.41   22.3984
19.42   22.1828
19.43   21.965
19.44   21.7451
19.45   21.5232
19.46   21.2992
19.47   21.0732
19.48   20.8452
19.49   20.6152
19.5   20.3832
19.51   20.1493
19.52   19.9134
19.53   19.6756
19.54   19.436
19.55   19.1945
19.56   18.9512
19.57   18.7061
19.58   18.4592
19.59   18.2105
19.6   17.9601
19.61   17.708
19.62   17.4542
19.63   17.1987
19.64   16.9416
19.65   16.6829
19.66   16.4226
19.67   16.1607
19.68   15.8973
19.69   15.6324
19.7   15.3659
19.71   15.098
19.72   14.8287
19.73   14.558
19.74   14.2858
19.75   14.0123
19.76   13.7375
19.77   13.4614
19.78   13.1839
19.79   12.9053
19.8   12.6254
19.81   12.3443
19.82   12.062
19.83   11.7785
19.84   11.494
19.85   11.2083
19.86   10.9216
19.87   10.6338
19.88   10.3451
19.89   10.0553
19.9   9.76461
19.91   9.47297
19.92   9.18042
19.93   8.887
19.94   8.59274
19.95   8.29766
19.96   8.00178
19.97   7.70515
19.98   7.40778
19.99   7.10971
20   6.81097
20.01   6.51157
20.02   6.21156
20.03   5.91095
20.04   5.60979
20.05   5.30808
20.06   5.00588
20.07   4.7032
20.08   4.40007
20.09   4.09652
20.1   3.79259
20.11   3.48829
20.12   3.18367
20.13   2.87874
20.14   2.57353
20.15   2.26809
20.16   1.96242
20.17   1.65658
20.18   1.35057
20.19   1.04443
20.2   0.738201
20.21   0.431898
20.22   0.125553
20.23   -0.180803
20.24   -0.487142
20.25   -0.793436
20.26   -1.09965
20.27   -1.40577
20.28   -1.71175
20.29   -2.01757
20.3   -2.32319
20.31   -2.6286
20.32   -2.93376
20.33   -3.23864
20.34   -3.54321
20.35   -3.84745
20.36   -4.15132
20.37   -4.4548
20.38   -4.75786
20.39   -5.06047
20.4   -5.3626
20.41   -5.66423
20.42   -5.96532
20.43   -6.26584
20.44   -6.56578
20.45   -6.86509
20.46   -7.16375
20.47   -7.46174
20.48   -7.75902
20.49   -8.05558
20.5   -8.35137
20.51   -8.64637
20.52   -8.94056
20.53   -9.23391
20.54   -9.52638
20.55   -9.81796
20.56   -10.1086
20.57   -10.3983
20.58   -10.687
20.59   -10.9748
20.6   -11.2614
20.61   -11.5471
20.62   -11.8316
20.63   -12.115
20.64   -12.3973
20.65   -12.6784
20.66   -12.9584
20.67   -13.2371
20.68   -13.5146
20.69   -13.7908
20.7   -14.0657
20.71   -14.3393
20.72   -14.6116
20.73   -14.8825
20.74   -15.152
20.75   -15.42
20.76   -15.6867
20.77   -15.9518
20.78   -16.2155
20.79   -16.4777
20.8   -16.7383
20.81   -16.9974
20.82   -17.2549
20.83   -17.5107
20.84   -17.765
20.85   -18.0176
20.86   -18.2685
20.87   -18.5177
20.88   -18.7652
20.89   -19.0109
20.9   -19.2549
20.91   -19.4971
20.92   -19.7375
20.93   -19.9761
20.94   -20.2128
20.95   -20.4476
20.96   -20.6806
20.97   -20.9116
20.98   -21.1407
20.99   -21.3678
21   -21.593
21.01   -21.8162
21.02   -22.0374
21.03   -22.2565
21.04   -22.4737
21.05   -22.6887
21.06   -22.9016
21.07   -23.1125
21.08   -23.3212
21.09   -23.5278
21.1   -23.7323
21.11   -23.9346
21.12   -24.1346
21.13   -24.3325
21.14   -24.5282
21.15   -24.7216
21.16   -24.9128
21.17   -25.1017
21.18   -25.2884
21.19   -25.4727
21.2   -25.6547
21.21   -25.8344
21.22   -26.0118
21.23   -26.1868
21.24   -26.3595
21.25   -26.5298
21.26   -26.6977
21.27   -26.8632
21.28   -27.0262
21.29   -27.1869
21.3   -27.3451
21.31   -27.5009
21.32   -27.6542
21.33   -27.8051
21.34   -27.9534
21.35   -28.0993
21.36   -28.2427
21.37   -28.3836
21.38   -28.5219
21.39   -28.6578
21.4   -28.7911
21.41   -28.9219
21.42   -29.0501
21.43   -29.1758
21.44   -29.2989
21.45   -29.4194
21.46   -29.5374
21.47   -29.6528
21.48   -29.7656
21.49   -29.8758
21.5   -29.9835
21.51   -30.0885
21.52   -30.191
21.53   -30.2908
21.54   -30.388
21.55   -30.4826
21.56   -30.5746
21.57   -30.664
21.58   -30.7508
21.59   -30.8349
21.6   -30.9165
21.61   -30.9954
21.62   -31.0717
21.63   -31.1453
21.64   -31.2164
21.65   -31.2848
21.66   -31.3506
21.67   -31.4138
21.68   -31.4744
21.69   -31.5324
21.7   -31.5878
21.71   -31.6405
21.72   -31.6907
21.73   -31.7382
21.74   -31.7832
21.75   -31.8256
21.76   -31.8654
21.77   -31.9026
21.78   -31.9372
21.79   -31.9693
21.8   -31.9988
21.81   -32.0257
21.82   -32.0501
21.83   -32.072
21.84   -32.0913
21.85   -32.1081
21.86   -32.1224
21.87   -32.1342
21.88   -32.1435
21.89   -32.1503
21.9   -32.1546
21.91   -32.1565
21.92   -32.1559
21.93   -32.1528
21.94   -32.1473
21.95   -32.1395
21.96   -32.1292
21.97   -32.1165
21.98   -32.1014
21.99   -32.0839
22   -32.0641
22.01   -32.042
22.02   -32.0175
22.03   -31.9907
22.04   -31.9616
22.05   -31.9303
22.06   -31.8967
22.07   -31.8608
22.08   -31.8227
22.09   -31.7824
22.1   -31.7398
22.11   -31.6951
22.12   -31.6483
22.13   -31.5993
22.14   -31.5481
22.15   -31.4949
22.16   -31.4396
22.17   -31.3822
22.18   -31.3227
22.19   -31.2613
22.2   -31.1978
22.21   -31.1323
22.22   -31.0649
22.23   -30.9955
22.24   -30.9242
22.25   -30.8509
22.26   -30.7758
22.27   -30.6989
22.28   -30.6201
22.29   -30.5395
22.3   -30.4571
22.31   -30.3729
22.32   -30.287
22.33   -30.1994
22.34   -30.11
22.35   -30.019
22.36   -29.9264
22.37   -29.8321
22.38   -29.7362
22.39   -29.6388
22.4   -29.5398
22.41   -29.4392
22.42   -29.3372
22.43   -29.2337
22.44   -29.1287
22.45   -29.0224
22.46   -28.9146
22.47   -28.8054
22.48   -28.6949
22.49   -28.5831
22.5   -28.47
22.51   -28.3556
22.52   -28.24
22.53   -28.1232
22.54   -28.0052
22.55   -27.886
22.56   -27.7657
22.57   -27.6443
22.58   -27.5218
22.59   -27.3982
22.6   -27.2737
22.61   -27.1481
22.62   -27.0215
22.63   -26.894
22.64   -26.7656
22.65   -26.6363
22.66   -26.5062
22.67   -26.3752
22.68   -26.2433
22.69   -26.1107
22.7   -25.9774
22.71   -25.8433
22.72   -25.7085
22.73   -25.573
22.74   -25.4369
22.75   -25.3001
22.76   -25.1628
22.77   -25.0249
22.78   -24.8864
22.79   -24.7474
22.8   -24.6079
22.81   -24.4679
22.82   -24.3275
22.83   -24.1867
22.84   -24.0455
22.85   -23.9039
22.86   -23.7619
22.87   -23.6197
22.88   -23.4771
22.89   -23.3343
22.9   -23.1912
22.91   -23.0479
22.92   -22.9044
22.93   -22.7607
22.94   -22.6168
22.95   -22.4728
22.96   -22.3287
22.97   -22.1845
22.98   -22.0403
22.99   -21.896
23   -21.7516
23.01   -21.6073
23.02   -21.463
23.03   -21.3187
23.04   -21.1745
23.05   -21.0304
23.06   -20.8863
23.07   -20.7424
23.08   -20.5986
23.09   -20.455
23.1   -20.3115
23.11   -20.1683
23.12   -20.0252
23.13   -19.8824
23.14   -19.7398
23.15   -19.5975
23.16   -19.4554
23.17   -19.3137
23.18   -19.1723
23.19   -19.0311
23.2   -18.8904
23.21   -18.75
23.22   -18.6099
23.23   -18.4703
23.24   -18.331
23.25   -18.1922
23.26   -18.0538
23.27   -17.9158
23.28   -17.7783
23.29   -17.6412
23.3   -17.5046
23.31   -17.3686
23.32   -17.233
23.33   -17.0979
23.34   -16.9634
23.35   -16.8294
23.36   -16.6959
23.37   -16.563
23.38   -16.4306
23.39   -16.2989
23.4   -16.1677
23.41   -16.0371
23.42   -15.9071
23.43   -15.7777
23.44   -15.6489
23.45   -15.5208
23.46   -15.3932
23.47   -15.2664
23.48   -15.1401
23.49   -15.0145
23.5   -14.8896
23.51   -14.7654
23.52   -14.6418
23.53   -14.5188
23.54   -14.3966
23.55   -14.2751
23.56   -14.1542
23.57   -14.034
23.58   -13.9145
23.59   -13.7958
23.6   -13.6777
23.61   -13.5604
23.62   -13.4437
23.63   -13.3278
23.64   -13.2126
23.65   -13.0981
23.66   -12.9844
23.67   -12.8713
23.68   -12.759
23.69   -12.6474
23.7   -12.5366
23.71   -12.4265
23.72   -12.3171
23.73   -12.2085
23.74   -12.1006
23.75   -11.9934
23.76   -11.8869
23.77   -11.7813
23.78   -11.6763
23.79   -11.5721
23.8   -11.4686
23.81   -11.3658
23.82   -11.2638
23.83   -11.1625
23.84   -11.062
23.85   -10.9622
23.86   -10.8631
23.87   -10.7648
23.88   -10.6672
23.89   -10.5703
23.9   -10.4741
23.91   -10.3787
23.92   -10.284
23.93   -10.19
23.94   -10.0968
23.95   -10.0043
23.96   -9.91244
23.97   -9.82133
23.98   -9.73094
23.99   -9.64126
24   -9.55228
24.01   -9.46401
24.02   -9.37644
24.03   -9.28958
24.04   -9.20341
24.05   -9.11793
24.06   -9.03314
24.07   -8.94904
24.08   -8.86563
24.09   -8.7829
24.1   -8.70085
24.11   -8.61947
24.12   -8.53876
24.13   -8.45872
24.14   -8.37935
24.15   -8.30064
24.16   -8.22259
24.17   -8.14519
24.18   -8.06845
24.19   -7.99235
24.2   -7.91689
24.21   -7.84208
24.22   -7.7679
24.23   -7.69435
24.24   -7.62144
24.25   -7.54915
24.26   -7.47747
24.27   -7.40642
24.28   -7.33598
24.29   -7.26615
24.3   -7.19693
24.31   -7.12831
24.32   -7.06028
24.33   -6.99285
24.34   -6.92601
24.35   -6.85975
24.36   -6.79408
24.37   -6.72898
24.38   -6.66446
24.39   -6.60051
24.4   -6.53712
24.41   -6.4743
24.42   -6.41203
24.43   -6.35032
24.44   -6.28916
24.45   -6.22854
24.46   -6.16846
24.47   -6.10892
24.48   -6.04992
24.49   -5.99144
24.5   -5.93349
24.51   -5.87606
24.52   -5.81915
24.53   -5.76275
24.54   -5.70686
24.55   -5.65148
24.56   -5.59659
24.57   -5.54221
24.58   -5.48832
24.59   -5.43491
24.6   -5.382
24.61   -5.32956
24.62   -5.27761
24.63   -5.22612
24.64   -5.17511
24.65   -5.12456
24.66   -5.07448
24.67   -5.02485
24.68   -4.97568
24.69   -4.92696
24.7   -4.87868
24.71   -4.83085
24.72   -4.78346
24.73   -4.7365
24.74   -4.68998
24.75   -4.64388
24.76   -4.59821
24.77   -4.55296
24.78   -4.50813
24.79   -4.46371
24.8   -4.4197
24.81   -4.3761
24.82   -4.3329
24.83   -4.29009
24.84   -4.24769
24.85   -4.20568
24.86   -4.16405
24.87   -4.12281
24.88   -4.08196
24.89   -4.04148
24.9   -4.00138
24.91   -3.96164
24.92   -3.92228
24.93   -3.88328
24.94   -3.84465
24.95   -3.80637
24.96   -3.76844
24.97   -3.73087
24.98   -3.69365
24.99   -3.65677
25   -3.62024
25.01   -3.58404
25.02   -3.54818
25.03   -3.51265
25.04   -3.47746
25.05   -3.44259
25.06   -3.40804
25.07   -3.37381
25.08   -3.3399
25.09   -3.30631
25.1   -3.27302
25.11   -3.24005
25.12   -3.20738
25.13   -3.17501
25.14   -3.14295
25.15   -3.11118
25.16   -3.0797
25.17   -3.04852
25.18   -3.01762
25.19   -2.98701
25.2   -2.95669
25.21   -2.92664
25.22   -2.89687
25.23   -2.86738
25.24   -2.83816
25.25   -2.8092
25.26   -2.78052
25.27   -2.7521
25.28   -2.72394
25.29   -2.69604
25.3   -2.6684
25.31   -2.64101
25.32   -2.61387
25.33   -2.58698
25.34   -2.56034
25.35   -2.53394
25.36   -2.50779
25.37   -2.48187
25.38   -2.45619
25.39   -2.43075
25.4   -2.40553
25.41   -2.38055
25.42   -2.3558
25.43   -2.33127
25.44   -2.30696
25.45   -2.28287
25.46   -2.25901
25.47   -2.23536
25.48   -2.21192
25.49   -2.1887
25.5   -2.16568
25.51   -2.14287
25.52   -2.12027
25.53   -2.09787
25.54   -2.07568
25.55   -2.05368
25.56   -2.03188
25.57   -2.01027
25.58   -1.98886
25.59   -1.96764
25.6   -1.9466
25.61   -1.92576
25.62   -1.9051
25.63   -1.88462
25.64   -1.86433
25.65   -1.84421
25.66   -1.82427
25.67   -1.80451
25.68   -1.78492
25.69   -1.7655
25.7   -1.74625
25.71   -1.72717
25.72   -1.70826
25.73   -1.68951
25.74   -1.67092
25.75   -1.6525
25.76   -1.63423
25.77   -1.61612
25.78   -1.59817
25.79   -1.58037
25.8   -1.56273
25.81   -1.54523
25.82   -1.52789
25.83   -1.51069
25.84   -1.49363
25.85   -1.47673
25.86   -1.45996
25.87   -1.44333
25.88   -1.42685
25.89   -1.4105
25.9   -1.39429
25.91   -1.37821
25.92   -1.36227
25.93   -1.34646
25.94   -1.33077
25.95   -1.31522
25.96   -1.29979
25.97   -1.28449
25.98   -1.26932
25.99   -1.25426
26   -1.23933
26.01   -1.22452
26.02   -1.20982
26.03   -1.19524
26.04   -1.18078
26.05   -1.16644
26.06   -1.1522
26.07   -1.13808
26.08   -1.12406
26.09   -1.11016
26.1   -1.09636
26.11   -1.08267
26.12   -1.06909
26.13   -1.0556
26.14   -1.04222
26.15   -1.02894
26.16   -1.01576
26.17   -1.00268
26.18   -0.989699
26.19   -0.976811
26.2   -0.964017
26.21   -0.951316
26.22   -0.938708
26.23   -0.926191
26.24   -0.913763
26.25   -0.901424
26.26   -0.889173
26.27   -0.877007
26.28   -0.864926
26.29   -0.85293
26.3   -0.841016
26.31   -0.829183
26.32   -0.817431
26.33   -0.805758
26.34   -0.794163
26.35   -0.782645
26.36   -0.771203
26.37   -0.759836
26.38   -0.748542
26.39   -0.737321
26.4   -0.726172
26.41   -0.715093
26.42   -0.704083
26.43   -0.693142
26.44   -0.682268
26.45   -0.671459
26.46   -0.660717
26.47   -0.650038
26.48   -0.639422
26.49   -0.628868
26.5   -0.618375
26.51   -0.607943
26.52   -0.597569
26.53   -0.587253
26.54   -0.576994
26.55   -0.566791
26.56   -0.556644
26.57   -0.54655
26.58   -0.536509
26.59   -0.52652
26.6   -0.516583
26.61   -0.506695
26.62   -0.496857
26.63   -0.487066
26.64   -0.477324
26.65   -0.467627
26.66   -0.457976
26.67   -0.448369
26.68   -0.438806
26.69   -0.429285
26.7   -0.419807
26.71   -0.410368
26.72   -0.40097
26.73   -0.391611
26.74   -0.382289
26.75   -0.373005
26.76   -0.363757
26.77   -0.354544
26.78   -0.345366
26.79   -0.336221
26.8   -0.327109
26.81   -0.318028
26.82   -0.308979
26.83   -0.299959
26.84   -0.290969
26.85   -0.282007
26.86   -0.273072
26.87   -0.264164
26.88   -0.255281
26.89   -0.246423
26.9   -0.237589
26.91   -0.228779
26.92   -0.21999
26.93   -0.211223
26.94   -0.202476
26.95   -0.193749
26.96   -0.185041
26.97   -0.176351
26.98   -0.167677
26.99   -0.159021
27   -0.150379
27.01   -0.141752
27.02   -0.133139
27.03   -0.124539
27.04   -0.115951
27.05   -0.107374
27.06   -0.0988081
27.07   -0.0902513
27.08   -0.0817034
27.09   -0.0731633
27.1   -0.0646304
27.11   -0.0561038
27.12   -0.0475826
27.13   -0.039066
27.14   -0.0305533
27.15   -0.0220435
27.16   -0.0135358
27.17   -0.00502945
27.18   0.00347641
27.19   0.0119826
27.2   0.02049
27.21   0
27.22   0
27.23   0
27.24   0
27.25   0
27.26   0
27.27   0
27.28   0
27.29   0
27.3   0
27.31   0
27.32   0
27.33   0
27.34   0
27.35   0
27.36   0
27.37   0
27.38   0
27.39   0
27.4   0
27.41   0
27.42   0
27.43   0
27.44   0
27.45   0
27.46   0
27.47   0
27.48   0
27.49   0
27.5   0
27.51   0
27.52   0
27.53   0
27.54   0
27.55   0
27.56   0
27.57   0
27.58   0
27.59   0
27.6   0
27.61   0
27.62   0
27.63   0
27.64   0
27.65   0
27.66   0
27.67   0
27.68   0
27.69   0
27.7   0
27.71   0
27.72   0
27.73   0
27.74   0
27.75   0
27.76   0
27.77   0
27.78   0
27.79   0
27.8   0
27.81   0
27.82   0
27.83   0
27.84   0
27.85   0
27.86   0
27.87   0
27.88   0
27.89   0
27.9   0
27.91   0
27.92   0
27.93   0
27.94   0
27.95   0
27.96   0
27.97   0
27.98   0
27.99   0
28   0
28.01   0
28.02   0
28.03   0
28.04   0
28.05   0
28.06   0
28.07   0
28.08   0
28.09   0
28.1   0
28.11   0
28.12   0
28.13   0
28.14   0
28.15   0
28.16   0
28.17   0
28.18   0
28.19   0
28.2   0
28.21   0
28.22   0
28.23   0
28.24   0
28.25   0
28.26   0
28.27   0
28.28   0
28.29   0
28.3   0
28.31   0
28.32   0
28.33   0
28.34   0
28.35   0
28.36   0
28.37   0
28.38   0
28.39   0
28.4   0
28.41   0
28.42   0
28.43   0
28.44   0
28.45   0
28.46   0
28.47   0
28.48   0
28.49   0
28.5   0
28.51   0
28.52   0
28.53   0
28.54   0
28.55   0
28.56   0
28.57   0
28.58   0
28.59   0
28.6   0
28.61   0
28.62   0
28.63   0
28.64   0
28.65   0
28.66   0
28.67   0
28.68   0
28.69   0
28.7   0
28.71   0
28.72   0
28.73   0
28.74   0
28.75   0
28.76   0
28.77   0
28.78   0
28.79   0
28.8   0
28.81   0
28.82   0
28.83   0
28.84   0
28.85   0
28.86   0
28.87   0
28.88   0
28.89   0
28.9   0
28.91   0
28.92   0
28.93   0
28.94   0
28.95   0
28.96   0
28.97   0
28.98   0
28.99   0
29   0
29.01   0
29.02   0
29.03   0
29.04   0
29.05   0
29.06   0
29.07   0
29.08   0
29.09   0
29.1   0
29.11   0
29.12   0
29.13   0
29.14   0
29.15   0
29.16   0
29.17   0
29.18   0
29.19   0
29.2   0
29.21   0
29.22   0
29.23   0
29.24   0
29.25   0
29.26   0
29.27   0
29.28   0
29.29   0
29.3   0
29.31   0
29.32   0
29.33   0
29.34   0
29.35   0
29.36   0
29.37   0
29.38   0
29.39   0
29.4   0
29.41   0
29.42   0
29.43   0
29.44   0
29.45   0
29.46   0
29.47   0
29.48   0
29.49   0
29.5   0
29.51   0
29.52   0
29.53   0
29.54   0
29.55   0
29.56   0
29.57   0
29.58   0
29.59   0
29.6   0
29.61   0
29.62   0
29.63   0
29.64   0
29.65   0
29.66   0
29.67   0
29.68   0
29.69   0
29.7   0
29.71   0
29.72   0
29.73   0
29.74   0
29.75   0
29.76   0
29.77   0
29.78   0
29.79   0
29.8   0
29.81   0
29.82   0
29.83   0
29.84   0
29.85   0
29.86   0
29.87   0
29.88   0
29.89   0
29.9   0
29.91   0
29.92   0
29.93   0
29.94   0
29.95   0
29.96   0
29.97   0
29.98   0
29.99   0
30   0
30.01   0
30.02   0
30.03   0
30.04   0
30.05   0
30.06   0
30.07   0
30.08   0
30.09   0
30.1   0
30.11   0
30.12   0
30.13   0
30.14   0
30.15   0
30.16   0
30.17   0
30.18   0
30.19   0
30.2   0
30.21   0
30.22   0
30.23   0
30.24   0
30.25   0
30.26   0
30.27   0
30.28   0
30.29   0
30.3   0
30.31   0
30.32   0
30.33   0
30.34   0
30.35   0
30.36   0
30.37   0
30.38   0
30.39   0
30.4   0
30.41   0
30.42   0
30.43   0
30.44   0
30.45   0
30.46   0
30.47   0
30.48   0
30.49   0
30.5   0
30.51   0
30.52   0
30.53   0
30.54   0
30.55   0
30.56   0
30.57   0
30.58   0
30.59   0
30.6   0
30.61   0
30.62   0
30.63   0
30.64   0
30.65   0
30.66   0
30.67   0
30.68   0
30.69   0
30.7   0
30.71   0
30.72   0
30.73   0
30.74   0
30.75   0
30.76   0
30.77   0
30.78   0
30.79   0
30.8   0
30.81   0
30.82   0
30.83   0
30.84   0
30.85   0
30.86   0
30.87   0
30.88   0
30.89   0
30.9   0
30.91   0
30.92   0
30.93   0
30.94   0
30.95   0
30.96   0
30.97   0
30.98   0
30.99   0
31   0
31.01   0
31.02   0
31.03   0
31.04   0
31.05   0
31.06   0
31.07   0
31.08   0
31.09   0
31.1   0
31.11   0
31.12   0
31.13   0
31.14   0
31.15   0
31.16   0
31.17   0
31.18   0
31.19   0
31.2   0
31.21   0
31.22   0
31.23   0
31.24   0
31.25   0
31.26   0
31.27   0
31.28   0
31.29   0
31.3   0
31.31   0
31.32   0
31.33   0
31.34   0
31.35   0
31.36   0
31.37   0
31.38   0
31.39   0
31.4   0
31.41   0
31.42   0
31.43   0
31.44   0
31.45   0
31.46   0
31.47   0
31.48   0
31.49   0
31.5   0
31.51   0
31.52   0
31.53   0
31.54   0
31.55   0
31.56   0
31.57   0
31.58   0
31.59   0
31.6   0
31.61   0
31.62   0
31.63   0
31.64   0
31.65   0
31.66   0
31.67   0
31.68   0
31.69   0
31.7   0
31.71   0
31.72   0
31.73   0
31.74   0
31.75   0
31.76   0
31.77   0
31.78   0
31.79   0
31.8   0
31.81   0
31.82   0
31.83   0
31.84   0
31.85   0
31.86   0
31.87   0
31.88   0
31.89   0
31.9   0
31.91   0
31.92   0
31.93   0
31.94   0
31.95   0
31.96   0
31.97   0
31.98   0
31.99   0
32   0
32.01   0
32.02   0
32.03   0
32.04   0
32.05   0
32.06   0
32.07   0
32.08   0
32.09   0
32.1   0
32.11   0
32.12   0
32.13   0
32.14   0
32.15   0
32.16   0
32.17   0
32.18   0
32.19   0
32.2   0
32.21   0
32.22   0
32.23   0
32.24   0
32.25   0
32.26   0
32.27   0
32.28   0
32.29   0
32.3   0
32.31   0
32.32   0
32.33   0
32.34   0
32.35   0
32.36   0
32.37   0
32.38   0
32.39   0
32.4   0
32.41   0
32.42   0
32.43   0
32.44   0
32.45   0
32.46   0
32.47   0
32.48   0
32.49   0
32.5   0
32.51   0
32.52   0
32.53   0
32.54   0
32.55   0
32.56   0
32.57   0
32.58   0
32.59   0
32.6   0
32.61   0
32.62   0
32.63   0
32.64   0
32.65   0
32.66   0
32.67   0
32.68   0
32.69   0
32.7   0
32.71   0
32.72   0
32.73   0
32.74   0
32.75   0
32.76   0
32.77   0
32.78   0
32.79   0
32.8   0
32.81   0
32.82   0
32.83   0
32.84   0
32.85   0
32.86   0
32.87   0
32.88   0
32.89   0
32.9   0
32.91   0
32.92   0
32.93   0
32.94   0
32.95   0
32.96   0
32.97   0
32.98   0
32.99   0
33   0
33.01   0
33.02   0
33.03   0
33.04   0
33.05   0
33.06   0
33.07   0
33.08   0
33.09   0
33.1   0
33.11   0
33.12   0
33.13   0
33.14   0
33.15   0
33.16   0
33.17   0
33.18   0
33.19   0
33.2   0
33.21   0
33.22   0
33.23   0
33.24   0
33.25   0
33.26   0
33.27   0
33.28   0
33.29   0
33.3   0
33.31   0
33.32   0
33.33   0
33.34   0
33.35   0
33.36   0
33.37   0
33.38   0
33.39   0
33.4   0
33.41   0
33.42   0
33.43   0
33.44   0
33.45   0
33.46   0
33.47   0
33.48   0
33.49   0
33.5   0
33.51   0
33.52   0
33.53   0
33.54   0
33.55   0
33.56   0
33.57   0
33.58   0
33.59   0
33.6   0
33.61   0
33.62   0
33.63   0
33.64   0
33.65   0
33.66   0
33.67   0
33.68   0
33.69   0
33.7   0
33.71   0
33.72   0
33.73   0
33.74   0
33.75   0
33.76   0
33.77   0
33.78   0
33.79   0
33.8   0
33.81   0
33.82   0
33.83   0
33.84   0
33.85   0
33.86   0
33.87   0
33.88   0
33.89   0
33.9   0
33.91   0
33.92   0
33.93   0
33.94   0
33.95   0
33.96   0
33.97   0
33.98   0
33.99   0
