0   0
0.01   1e-05
0.02   2.00012e-05
0.03   3.00049e-05
0.04   4.00124e-05
0.05   5.00247e-05
0.06   6.00433e-05
0.07   7.00692e-05
0.08   8.01039e-05
0.09   9.01484e-05
0.1   0.000100204
0.11   0.000110272
0.12   0.000120354
0.13   0.00013045
0.14   0.000140563
0.15   0.000150693
0.16   0.000160842
0.17   0.00017101
0.18   0.0001812
0.19   0.000191412
0.2   0.000201648
0.21   0.000211909
0.22   0.000222195
0.23   0.00023251
0.24   0.000242853
0.25   0.000253226
0.26   0.00026363
0.27   0.000274067
0.28   0.000284538
0.29   0.000295044
0.3   0.000305586
0.31   0.000316167
0.32   0.000326786
0.33   0.000337446
0.34   0.000348147
0.35   0.000358892
0.36   0.00036968
0.37   0.000380515
0.38   0.000391396
0.39   0.000402326
0.4   0.000413306
0.41   0.000424337
0.42   0.00043542
0.43   0.000446557
0.44   0.000457749
0.45   0.000468997
0.46   0.000480304
0.47   0.00049167
0.48   0.000503097
0.49   0.000514586
0.5   0.000526139
0.51   0.000537756
0.52   0.00054944
0.53   0.000561192
0.54   0.000573014
0.55   0.000584906
0.56   0.00059687
0.57   0.000608909
0.58   0.000621022
0.59   0.000633212
0.6   0.000645481
0.61   0.000657829
0.62   0.000670259
0.63   0.000682771
0.64   0.000695368
0.65   0.000708051
0.66   0.000720821
0.67   0.000733681
0.68   0.000746631
0.69   0.000759673
0.7   0.000772809
0.71   0.000786041
0.72   0.00079937
0.73   0.000812798
0.74   0.000826326
0.75   0.000839956
0.76   0.00085369
0.77   0.00086753
0.78   0.000881477
0.79   0.000895532
0.8   0.000909699
0.81   0.000923978
0.82   0.000938371
0.83   0.00095288
0.84   0.000967507
0.85   0.000982253
0.86   0.000997121
0.87   0.00101211
0.88   0.00102723
0.89   0.00104247
0.9   0.00105784
0.91   0.00107335
0.92   0.00108898
0.93   0.00110475
0.94   0.00112066
0.95   0.0011367
0.96   0.00115289
0.97   0.00116922
0.98   0.00118569
0.99   0.00120231
1   0.00121908
1.01   0.00123599
1.02   0.00125306
1.03   0.00127029
1.04   0.00128767
1.05   0.00130522
1.06   0.00132292
1.07   0.00134079
1.08   0.00135882
1.09   0.00137702
1.1   0.00139539
1.11   0.00141393
1.12   0.00143265
1.13   0.00145155
1.14   0.00147062
1.15   0.00148988
1.16   0.00150932
1.17   0.00152894
1.18   0.00154876
1.19   0.00156877
1.2   0.00158897
1.21   0.00160937
1.22   0.00162996
1.23   0.00165076
1.24   0.00167176
1.25   0.00169297
1.26   0.00171439
1.27   0.00173602
1.28   0.00175786
1.29   0.00177993
1.3   0.00180221
1.31   0.00182471
1.32   0.00184744
1.33   0.0018704
1.34   0.00189359
1.35   0.00191701
1.36   0.00194067
1.37   0.00196457
1.38   0.00198872
1.39   0.0020131
1.4   0.00203774
1.41   0.00206263
1.42   0.00208778
1.43   0.00211318
1.44   0.00213884
1.45   0.00216477
1.46   0.00219096
1.47   0.00221743
1.48   0.00224417
1.49   0.00227119
1.5   0.00229849
1.51   0.00232607
1.52   0.00235394
1.53   0.0023821
1.54   0.00241056
1.55   0.00243931
1.56   0.00246836
1.57   0.00249772
1.58   0.00252739
1.59   0.00255737
1.6   0.00258767
1.61   0.00261829
1.62   0.00264923
1.63   0.0026805
1.64   0.0027121
1.65   0.00274403
1.66   0.0027763
1.67   0.00280892
1.68   0.00284188
1.69   0.0028752
1.7   0.00290887
1.71   0.0029429
1.72   0.00297729
1.73   0.00301205
1.74   0.00304719
1.75   0.0030827
1.76   0.00311859
1.77   0.00315487
1.78   0.00319153
1.79   0.0032286
1.8   0.00326606
1.81   0.00330392
1.82   0.00334219
1.83   0.00338088
1.84   0.00341998
1.85   0.00345951
1.86   0.00349946
1.87   0.00353985
1.88   0.00358067
1.89   0.00362194
1.9   0.00366365
1.91   0.00370582
1.92   0.00374844
1.93   0.00379153
1.94   0.00383509
1.95   0.00387912
1.96   0.00392363
1.97   0.00396862
1.98   0.00401411
1.99   0.00406009
2   0.00410657
2.01   0.00415357
2.02   0.00420107
2.03   0.00424909
2.04   0.00429764
2.05   0.00434672
2.06   0.00439634
2.07   0.0044465
2.08   0.00449721
2.09   0.00454848
2.1   0.0046003
2.11   0.0046527
2.12   0.00470567
2.13   0.00475923
2.14   0.00481337
2.15   0.0048681
2.16   0.00492344
2.17   0.00497939
2.18   0.00503595
2.19   0.00509313
2.2   0.00515095
2.21   0.0052094
2.22   0.00526849
2.23   0.00532824
2.24   0.00538864
2.25   0.00544971
2.26   0.00551146
2.27   0.00557388
2.28   0.005637
2.29   0.00570081
2.3   0.00576532
2.31   0.00583055
2.32   0.0058965
2.33   0.00596318
2.34   0.00603059
2.35   0.00609875
2.36   0.00616766
2.37   0.00623734
2.38   0.00630778
2.39   0.00637901
2.4   0.00645102
2.41   0.00652384
2.42   0.00659745
2.43   0.00667189
2.44   0.00674715
2.45   0.00682324
2.46   0.00690017
2.47   0.00697796
2.48   0.00705661
2.49   0.00713614
2.5   0.00721654
2.51   0.00729784
2.52   0.00738004
2.53   0.00746315
2.54   0.00754718
2.55   0.00763215
2.56   0.00771806
2.57   0.00780492
2.58   0.00789275
2.59   0.00798155
2.6   0.00807134
2.61   0.00816213
2.62   0.00825392
2.63   0.00834674
2.64   0.00844059
2.65   0.00853548
2.66   0.00863143
2.67   0.00872844
2.68   0.00882653
2.69   0.00892571
2.7   0.009026
2.71   0.0091274
2.72   0.00922993
2.73   0.0093336
2.74   0.00943842
2.75   0.00954441
2.76   0.00965159
2.77   0.00975995
2.78   0.00986952
2.79   0.00998031
2.8   0.0100923
2.81   0.0102056
2.82   0.0103201
2.83   0.0104359
2.84   0.010553
2.85   0.0106714
2.86   0.0107912
2.87   0.0109122
2.88   0.0110346
2.89   0.0111584
2.9   0.0112835
2.91   0.0114101
2.92   0.011538
2.93   0.0116674
2.94   0.0117982
2.95   0.0119305
2.96   0.0120642
2.97   0.0121995
2.98   0.0123362
2.99   0.0124745
3   0.0126143
3.01   0.0127557
3.02   0.0128986
3.03   0.0130432
3.04   0.0131893
3.05   0.0133371
3.06   0.0134866
3.07   0.0136377
3.08   0.0137905
3.09   0.013945
3.1   0.0141012
3.11   0.0142591
3.12   0.0144189
3.13   0.0145804
3.14   0.0147437
3.15   0.0149088
3.16   0.0150758
3.17   0.0152446
3.18   0.0154153
3.19   0.015588
3.2   0.0157625
3.21   0.015939
3.22   0.0161175
3.23   0.0162979
3.24   0.0164804
3.25   0.0166649
3.26   0.0168515
3.27   0.0170401
3.28   0.0172309
3.29   0.0174238
3.3   0.0176188
3.31   0.0178161
3.32   0.0180155
3.33   0.0182171
3.34   0.018421
3.35   0.0186272
3.36   0.0188357
3.37   0.0190465
3.38   0.0192597
3.39   0.0194752
3.4   0.0196932
3.41   0.0199135
3.42   0.0201364
3.43   0.0203617
3.44   0.0205896
3.45   0.02082
3.46   0.0210529
3.47   0.0212885
3.48   0.0215267
3.49   0.0217676
3.5   0.0220111
3.51   0.0222574
3.52   0.0225064
3.53   0.0227582
3.54   0.0230129
3.55   0.0232703
3.56   0.0235307
3.57   0.0237939
3.58   0.0240601
3.59   0.0243293
3.6   0.0246014
3.61   0.0248766
3.62   0.0251549
3.63   0.0254363
3.64   0.0257208
3.65   0.0260086
3.66   0.0262995
3.67   0.0265937
3.68   0.0268911
3.69   0.0271919
3.7   0.0274961
3.71   0.0278036
3.72   0.0281146
3.73   0.0284291
3.74   0.0287471
3.75   0.0290686
3.76   0.0293937
3.77   0.0297225
3.78   0.0300549
3.79   0.030391
3.8   0.0307309
3.81   0.0310746
3.82   0.0314222
3.83   0.0317736
3.84   0.0321289
3.85   0.0324883
3.86   0.0328516
3.87   0.033219
3.88   0.0335905
3.89   0.0339661
3.9   0.034346
3.91   0.0347301
3.92   0.0351185
3.93   0.0355112
3.94   0.0359083
3.95   0.0363099
3.96   0.0367159
3.97   0.0371265
3.98   0.0375417
3.99   0.0379615
4   0.038386
4.01   0.0388152
4.02   0.0392493
4.03   0.0396882
4.04   0.040132
4.05   0.0405807
4.06   0.0410345
4.07   0.0414933
4.08   0.0419573
4.09   0.0424265
4.1   0.0429009
4.11   0.0433806
4.12   0.0438657
4.13   0.0443562
4.14   0.0448521
4.15   0.0453536
4.16   0.0458608
4.17   0.0463736
4.18   0.0468921
4.19   0.0474164
4.2   0.0479466
4.21   0.0484827
4.22   0.0490248
4.23   0.0495729
4.24   0.0501272
4.25   0.0506877
4.26   0.0512544
4.27   0.0518275
4.28   0.052407
4.29   0.0529929
4.3   0.0535854
4.31   0.0541846
4.32   0.0547904
4.33   0.055403
4.34   0.0560225
4.35   0.0566488
4.36   0.0572822
4.37   0.0579227
4.38   0.0585703
4.39   0.0592251
4.4   0.0598873
4.41   0.0605569
4.42   0.0612339
4.43   0.0619186
4.44   0.0626108
4.45   0.0633109
4.46   0.0640187
4.47   0.0647345
4.48   0.0654582
4.49   0.0661901
4.5   0.0669301
4.51   0.0676784
4.52   0.068435
4.53   0.0692002
4.54   0.0699738
4.55   0.0707562
4.56   0.0715472
4.57   0.0723471
4.58   0.073156
4.59   0.0739739
4.6   0.0748009
4.61   0.0756372
4.62   0.0764828
4.63   0.0773379
4.64   0.0782026
4.65   0.0790769
4.66   0.079961
4.67   0.0808549
4.68   0.0817589
4.69   0.0826729
4.7   0.0835972
4.71   0.0845318
4.72   0.0854769
4.73   0.0864325
4.74   0.0873988
4.75   0.0883759
4.76   0.089364
4.77   0.0903631
4.78   0.0913733
4.79   0.0923948
4.8   0.0934278
4.81   0.0944723
4.82   0.0955285
4.83   0.0965965
4.84   0.0976764
4.85   0.0987684
4.86   0.0998726
4.87   0.100989
4.88   0.102118
4.89   0.10326
4.9   0.104414
4.91   0.105582
4.92   0.106762
4.93   0.107956
4.94   0.109162
4.95   0.110383
4.96   0.111617
4.97   0.112865
4.98   0.114127
4.99   0.115402
5   0.116693
5.01   0.117997
5.02   0.119316
5.03   0.12065
5.04   0.121999
5.05   0.123363
5.06   0.124742
5.07   0.126137
5.08   0.127547
5.09   0.128973
5.1   0.130415
5.11   0.131873
5.12   0.133347
5.13   0.134838
5.14   0.136345
5.15   0.137869
5.16   0.139411
5.17   0.140969
5.18   0.142545
5.19   0.144139
5.2   0.14575
5.21   0.14738
5.22   0.149027
5.23   0.150693
5.24   0.152378
5.25   0.154081
5.26   0.155804
5.27   0.157546
5.28   0.159307
5.29   0.161088
5.3   0.162889
5.31   0.16471
5.32   0.166551
5.33   0.168413
5.34   0.170296
5.35   0.1722
5.36   0.174125
5.37   0.176072
5.38   0.17804
5.39   0.18003
5.4   0.182043
5.41   0.184078
5.42   0.186136
5.43   0.188217
5.44   0.190321
5.45   0.192449
5.46   0.1946
5.47   0.196776
5.48   0.198976
5.49   0.2012
5.5   0.203449
5.51   0.205724
5.52   0.208024
5.53   0.210349
5.54   0.212701
5.55   0.215079
5.56   0.217483
5.57   0.219914
5.58   0.222373
5.59   0.224859
5.6   0.227373
5.61   0.229915
5.62   0.232485
5.63   0.235084
5.64   0.237712
5.65   0.24037
5.66   0.243057
5.67   0.245774
5.68   0.248522
5.69   0.2513
5.7   0.254109
5.71   0.25695
5.72   0.259823
5.73   0.262727
5.74   0.265664
5.75   0.268634
5.76   0.271638
5.77   0.274674
5.78   0.277745
5.79   0.28085
5.8   0.28399
5.81   0.287165
5.82   0.290375
5.83   0.293621
5.84   0.296904
5.85   0.300223
5.86   0.303579
5.87   0.306973
5.88   0.310405
5.89   0.313875
5.9   0.317384
5.91   0.320932
5.92   0.32452
5.93   0.328148
5.94   0.331816
5.95   0.335525
5.96   0.339276
5.97   0.343069
5.98   0.346905
5.99   0.350783
6   0.354704
6.01   0.35867
6.02   0.362679
6.03   0.366734
6.04   0.370834
6.05   0.374979
6.06   0.379171
6.07   0.38341
6.08   0.387697
6.09   0.392031
6.1   0.396413
6.11   0.400845
6.12   0.405326
6.13   0.409857
6.14   0.414439
6.15   0.419073
6.16   0.423758
6.17   0.428495
6.18   0.433285
6.19   0.438129
6.2   0.443027
6.21   0.44798
6.22   0.452988
6.23   0.458052
6.24   0.463173
6.25   0.468351
6.26   0.473586
6.27   0.478881
6.28   0.484234
6.29   0.489648
6.3   0.495122
6.31   0.500657
6.32   0.506254
6.33   0.511913
6.34   0.517636
6.35   0.523423
6.36   0.529275
6.37   0.535192
6.38   0.541175
6.39   0.547225
6.4   0.553342
6.41   0.559528
6.42   0.565783
6.43   0.572108
6.44   0.578504
6.45   0.584972
6.46   0.591511
6.47   0.598124
6.48   0.60481
6.49   0.611572
6.5   0.618409
6.51   0.625322
6.52   0.632313
6.53   0.639382
6.54   0.64653
6.55   0.653757
6.56   0.661066
6.57   0.668456
6.58   0.675929
6.59   0.683485
6.6   0.691126
6.61   0.698853
6.62   0.706665
6.63   0.714565
6.64   0.722554
6.65   0.730631
6.66   0.738799
6.67   0.747059
6.68   0.75541
6.69   0.763855
6.7   0.772395
6.71   0.781029
6.72   0.789761
6.73   0.79859
6.74   0.807517
6.75   0.816545
6.76   0.825673
6.77   0.834904
6.78   0.844237
6.79   0.853675
6.8   0.863219
6.81   0.872869
6.82   0.882627
6.83   0.892494
6.84   0.902472
6.85   0.912561
6.86   0.922763
6.87   0.933079
6.88   0.94351
6.89   0.954058
6.9   0.964723
6.91   0.975508
6.92   0.986414
6.93   0.997441
6.94   1.00859
6.95   1.01987
6.96   1.03127
6.97   1.0428
6.98   1.05446
6.99   1.06624
7   1.07816
7.01   1.09022
7.02   1.1024
7.03   1.11473
7.04   1.12719
7.05   1.13979
7.06   1.15253
7.07   1.16542
7.08   1.17845
7.09   1.19162
7.1   1.20494
7.11   1.21841
7.12   1.23203
7.13   1.24581
7.14   1.25973
7.15   1.27382
7.16   1.28806
7.17   1.30246
7.18   1.31702
7.19   1.33174
7.2   1.34663
7.21   1.36168
7.22   1.37691
7.23   1.3923
7.24   1.40786
7.25   1.4236
7.26   1.43952
7.27   1.45561
7.28   1.47188
7.29   1.48834
7.3   1.50498
7.31   1.5218
7.32   1.53881
7.33   1.55602
7.34   1.57341
7.35   1.591
7.36   1.60879
7.37   1.62677
7.38   1.64496
7.39   1.66335
7.4   1.68194
7.41   1.70075
7.42   1.71976
7.43   1.73899
7.44   1.75843
7.45   1.77808
7.46   1.79796
7.47   1.81806
7.48   1.83839
7.49   1.85894
7.5   1.87972
7.51   1.90073
7.52   1.92198
7.53   1.94347
7.54   1.9652
7.55   1.98717
7.56   2.00938
7.57   2.03184
7.58   2.05456
7.59   2.07753
7.6   2.10075
7.61   2.12424
7.62   2.14799
7.63   2.172
7.64   2.19628
7.65   2.22083
7.66   2.24566
7.67   2.27077
7.68   2.29615
7.69   2.32182
7.7   2.34778
7.71   2.37402
7.72   2.40056
7.73   2.4274
7.74   2.45454
7.75   2.48198
7.76   2.50972
7.77   2.53778
7.78   2.56615
7.79   2.59484
7.8   2.62385
7.81   2.65318
7.82   2.68284
7.83   2.71283
7.84   2.74316
7.85   2.77383
7.86   2.80484
7.87   2.83619
7.88   2.8679
7.89   2.89996
7.9   2.93238
7.91   2.96516
7.92   2.99831
7.93   3.03183
7.94   3.06572
7.95   3.1
7.96   3.13465
7.97   3.1697
7.98   3.20513
7.99   3.24096
8   3.27719
8.01   3.31383
8.02   3.35088
8.03   3.38834
8.04   3.42622
8.05   3.46452
8.06   3.50325
8.07   3.54241
8.08   3.58202
8.09   3.62206
8.1   3.66255
8.11   3.7035
8.12   3.7449
8.13   3.78676
8.14   3.8291
8.15   3.8719
8.16   3.91519
8.17   3.95896
8.18   4.00322
8.19   4.04797
8.2   4.09322
8.21   4.13898
8.22   4.18525
8.23   4.23204
8.24   4.27935
8.25   4.32719
8.26   4.37557
8.27   4.42449
8.28   4.47395
8.29   4.52396
8.3   4.57454
8.31   4.62568
8.32   4.67739
8.33   4.72968
8.34   4.78256
8.35   4.83602
8.36   4.89008
8.37   4.94475
8.38   5.00003
8.39   5.05593
8.4   5.11245
8.41   5.1696
8.42   5.2274
8.43   5.28583
8.44   5.34493
8.45   5.40468
8.46   5.4651
8.47   5.5262
8.48   5.58797
8.49   5.65044
8.5   5.71361
8.51   5.77749
8.52   5.84207
8.53   5.90739
8.54   5.97343
8.55   6.0402
8.56   6.10773
8.57   6.17601
8.58   6.24505
8.59   6.31487
8.6   6.38546
8.61   6.45685
8.62   6.52903
8.63   6.60202
8.64   6.67583
8.65   6.75046
8.66   6.82593
8.67   6.90224
8.68   6.9794
8.69   7.05742
8.7   7.13632
8.71   7.2161
8.72   7.29677
8.73   7.37834
8.74   7.46083
8.75   7.54423
8.76   7.62857
8.77   7.71386
8.78   7.80009
8.79   7.88729
8.8   7.97547
8.81   8.06463
8.82   8.15478
8.83   8.24595
8.84   8.33813
8.85   8.43135
8.86   8.5256
8.87   8.62091
8.88   8.71729
8.89   8.81474
8.9   8.91328
8.91   9.01293
8.92   9.11369
8.93   9.21557
8.94   9.3186
8.95   9.42277
8.96   9.52811
8.97   9.63463
8.98   9.74234
8.99   9.85125
9   9.96138
9.01   10.0727
9.02   10.1853
9.03   10.2992
9.04   10.4144
9.05   10.5308
9.06   10.6485
9.07   10.7675
9.08   10.8879
9.09   11.0096
9.1   11.1327
9.11   11.2572
9.12   11.383
9.13   11.5103
9.14   11.639
9.15   11.7691
9.16   11.9006
9.17   12.0337
9.18   12.1682
9.19   12.3042
9.2   12.4418
9.21   12.5809
9.22   12.7215
9.23   12.8637
9.24   13.0076
9.25   13.153
9.26   13.3
9.27   13.4487
9.28   13.599
9.29   13.7511
9.3   13.9048
9.31   14.0602
9.32   14.2174
9.33   14.3764
9.34   14.5371
9.35   14.6996
9.36   14.8639
9.37   15.0301
9.38   15.1981
9.39   15.368
9.4   15.5398
9.41   15.7136
9.42   15.8892
9.43   16.0669
9.44   16.2465
9.45   16.4281
9.46   16.6118
9.47   16.7975
9.48   16.9852
9.49   17.1751
9.5   17.3671
9.51   17.5613
9.52   17.7576
9.53   17.9561
9.54   18.1569
9.55   18.3598
9.56   18.5651
9.57   18.7726
9.58   18.9825
9.59   19.1947
9.6   19.4093
9.61   19.6263
9.62   19.8457
9.63   20.0676
9.64   20.2919
9.65   20.5187
9.66   20.7481
9.67   20.9801
9.68   21.2146
9.69   21.4518
9.7   21.6916
9.71   21.9341
9.72   22.1793
9.73   22.4273
9.74   22.678
9.75   22.9315
9.76   23.1879
9.77   23.4471
9.78   23.7092
9.79   23.9743
9.8   24.2423
9.81   24.5133
9.82   24.7873
9.83   25.0644
9.84   25.3446
9.85   25.628
9.86   25.9145
9.87   26.2042
9.88   26.4971
9.89   26.7934
9.9   27.0929
9.91   27.3958
9.92   27.702
9.93   28.0117
9.94   28.3249
9.95   28.6415
9.96   28.9617
9.97   29.2855
9.98   29.6129
9.99   29.9439
10   30.2787
10.01   30.6172
10.02   30.9595
10.03   31.3056
10.04   31.6555
10.05   32.0094
10.06   32.3673
10.07   32.7291
10.08   33.095
10.09   33.465
10.1   33.8391
10.11   34.2174
10.12   34.5999
10.13   34.9867
10.14   35.3778
10.15   35.7733
10.16   36.1733
10.17   36.5777
10.18   36.9866
10.19   37.4001
10.2   37.8182
10.21   38.2409
10.22   38.6685
10.23   39.1007
10.24   39.5379
10.25   39.9799
10.26   40.4268
10.27   40.8788
10.28   41.3358
10.29   41.7979
10.3   42.2651
10.31   42.7376
10.32   43.2154
10.33   43.6985
10.34   44.187
10.35   44.681
10.36   45.1805
10.37   45.6856
10.38   46.1963
10.39   46.7128
10.4   47.235
10.41   47.7631
10.42   48.297
10.43   48.8369
10.44   49.3829
10.45   49.935
10.46   50.4932
10.47   51.0577
10.48   51.6285
10.49   52.2057
10.5   52.7893
10.51   53.3794
10.52   53.9762
10.53   54.5796
10.54   55.1897
10.55   55.8067
10.56   56.4306
10.57   57.0615
10.58   57.6994
10.59   58.3444
10.6   58.9967
10.61   59.6562
10.62   60.3231
10.63   60.9975
10.64   61.6794
10.65   62.3689
10.66   63.0662
10.67   63.7712
10.68   64.4841
10.69   65.205
10.7   65.934
10.71   66.6711
10.72   67.4164
10.73   68.1701
10.74   68.9322
10.75   69.7028
10.76   70.482
10.77   71.2699
10.78   72.0667
10.79   72.8723
10.8   73.687
10.81   74.5108
10.82   75.3438
10.83   76.186
10.84   77.0378
10.85   77.899
10.86   78.7698
10.87   79.6504
10.88   80.5409
10.89   81.4413
10.9   82.3517
10.91   83.2724
10.92   84.2033
10.93   85.1446
10.94   86.0965
10.95   87.059
10.96   88.0322
10.97   89.0164
10.98   90.0115
10.99   91.0178
11   92.0353
11.01   93.0642
11.02   94.1046
11.03   95.1566
11.04   96.2204
11.05   97.2961
11.06   98.3838
11.07   99.4836
11.08   100.596
11.09   101.72
11.1   102.858
11.11   104.007
11.12   105.17
11.13   106.346
11.14   107.535
11.15   108.737
11.16   109.953
11.17   111.182
11.18   112.425
11.19   113.681
11.2   114.952
11.21   116.237
11.22   117.537
11.23   118.851
11.24   120.18
11.25   121.523
11.26   122.882
11.27   124.255
11.28   125.644
11.29   127.049
11.3   128.469
11.31   129.906
11.32   131.358
11.33   132.826
11.34   134.311
11.35   135.813
11.36   137.331
11.37   138.866
11.38   140.419
11.39   141.989
11.4   143.576
11.41   145.181
11.42   146.804
11.43   148.445
11.44   150.105
11.45   151.783
11.46   153.48
11.47   155.195
11.48   156.93
11.49   158.685
11.5   160.459
11.51   162.252
11.52   164.066
11.53   165.9
11.54   167.755
11.55   169.631
11.56   171.527
11.57   173.444
11.58   175.383
11.59   177.344
11.6   179.327
11.61   181.331
11.62   183.359
11.63   185.408
11.64   187.481
11.65   189.577
11.66   191.696
11.67   193.839
11.68   196.006
11.69   198.198
11.7   200.413
11.71   202.654
11.72   204.919
11.73   207.21
11.74   209.527
11.75   211.869
11.76   214.238
11.77   216.633
11.78   219.054
11.79   221.503
11.8   223.98
11.81   226.483
11.82   229.015
11.83   231.576
11.84   234.165
11.85   236.782
11.86   239.429
11.87   242.106
11.88   244.813
11.89   247.549
11.9   250.317
11.91   253.115
11.92   255.945
11.93   258.806
11.94   261.699
11.95   264.625
11.96   267.583
11.97   270.575
11.98   273.6
11.99   276.658
12   279.751
12.01   282.879
12.02   286.041
12.03   289.239
12.04   292.472
12.05   295.742
12.06   299.048
12.07   302.391
12.08   305.772
12.09   309.19
12.1   312.647
12.11   316.142
12.12   319.676
12.13   323.25
12.14   326.863
12.15   330.518
12.16   334.212
12.17   337.949
12.18   341.727
12.19   345.547
12.2   349.41
12.21   353.316
12.22   357.266
12.23   361.26
12.24   365.299
12.25   369.382
12.26   373.512
12.27   377.687
12.28   381.91
12.29   386.179
12.3   390.496
12.31   394.862
12.32   399.276
12.33   403.74
12.34   408.253
12.35   412.817
12.36   417.432
12.37   422.099
12.38   426.818
12.39   431.589
12.4   436.414
12.41   441.293
12.42   446.226
12.43   451.215
12.44   456.259
12.45   461.36
12.46   466.517
12.47   471.733
12.48   477.006
12.49   482.339
12.5   487.731
12.51   493.184
12.52   498.697
12.53   504.272
12.54   509.91
12.55   515.61
12.56   521.374
12.57   527.203
12.58   533.097
12.59   539.056
12.6   545.083
12.61   551.176
12.62   557.338
12.63   563.569
12.64   569.869
12.65   576.24
12.66   582.682
12.67   589.196
12.68   595.783
12.69   602.443
12.7   609.178
12.71   615.988
12.72   622.874
12.73   629.838
12.74   636.879
12.75   643.999
12.76   651.198
12.77   658.478
12.78   665.839
12.79   673.283
12.8   680.81
12.81   688.421
12.82   696.117
12.83   703.899
12.84   711.768
12.85   719.725
12.86   727.771
12.87   735.907
12.88   744.134
12.89   752.453
12.9   760.865
12.91   769.371
12.92   777.972
12.93   786.669
12.94   795.464
12.95   804.356
12.96   813.348
12.97   822.441
12.98   831.635
12.99   840.933
13   850.334
13.01   859.84
13.02   869.452
13.03   879.172
13.04   889.001
13.05   898.939
13.06   908.988
13.07   919.15
13.08   929.426
13.09   939.816
13.1   950.323
13.11   960.947
13.12   971.689
13.13   982.552
13.14   993.536
13.15   1004.64
13.16   1015.87
13.17   1027.23
13.18   1038.72
13.19   1050.33
13.2   1062.07
13.21   1073.94
13.22   1085.95
13.23   1098.09
13.24   1110.36
13.25   1122.78
13.26   1135.33
13.27   1148.02
13.28   1160.86
13.29   1173.83
13.3   1186.96
13.31   1200.23
13.32   1213.64
13.33   1227.21
13.34   1240.93
13.35   1254.8
13.36   1268.83
13.37   1283.02
13.38   1297.36
13.39   1311.86
13.4   1326.53
13.41   1341.36
13.42   1356.35
13.43   1371.52
13.44   1386.85
13.45   1402.35
13.46   1418.03
13.47   1433.88
13.48   1449.91
13.49   1466.12
13.5   1482.51
13.51   1499.08
13.52   1515.84
13.53   1532.79
13.54   1549.93
13.55   1567.25
13.56   1584.77
13.57   1602.49
13.58   1620.4
13.59   1638.52
13.6   1656.84
13.61   1675.36
13.62   1694.09
13.63   1713.03
13.64   1732.18
13.65   1751.54
13.66   1771.12
13.67   1790.92
13.68   1810.94
13.69   1831.19
13.7   1851.66
13.71   1872.36
13.72   1893.29
13.73   1914.46
13.74   1935.86
13.75   1957.5
13.76   1979.39
13.77   2001.51
13.78   2023.89
13.79   2046.52
13.8   2069.39
13.81   2092.53
13.82   2115.92
13.83   2139.58
13.84   2163.5
13.85   2187.68
13.86   2212.14
13.87   2236.87
13.88   2261.88
13.89   2287.16
13.9   2312.73
13.91   2338.59
13.92   2364.73
13.93   2391.17
13.94   2417.9
13.95   2444.93
13.96   2472.26
13.97   2499.9
13.98   2527.84
13.99   2556.1
14   2584.68
14.01   2613.57
14.02   2642.29
14.03   2670.82
14.04   2699.17
14.05   2727.33
14.06   2755.3
14.07   2783.08
14.08   2810.67
14.09   2838.06
14.1   2865.26
14.11   2892.26
14.12   2919.06
14.13   2945.65
14.14   2972.05
14.15   2998.23
14.16   3024.21
14.17   3049.99
14.18   3075.55
14.19   3100.89
14.2   3126.03
14.21   3150.94
14.22   3175.64
14.23   3200.12
14.24   3224.38
14.25   3248.41
14.26   3272.22
14.27   3295.81
14.28   3319.16
14.29   3342.29
14.3   3365.18
14.31   3387.84
14.32   3410.27
14.33   3432.46
14.34   3454.42
14.35   3476.13
14.36   3497.61
14.37   3518.84
14.38   3539.83
14.39   3560.57
14.4   3581.07
14.41   3601.32
14.42   3621.32
14.43   3641.07
14.44   3660.57
14.45   3679.82
14.46   3698.81
14.47   3717.54
14.48   3736.02
14.49   3754.24
14.5   3772.2
14.51   3789.9
14.52   3807.34
14.53   3824.51
14.54   3841.42
14.55   3858.06
14.56   3874.44
14.57   3890.55
14.58   3906.39
14.59   3921.96
14.6   3937.25
14.61   3952.28
14.62   3967.03
14.63   3981.51
14.64   3995.71
14.65   4009.64
14.66   4023.28
14.67   4036.65
14.68   4049.74
14.69   4062.55
14.7   4075.08
14.71   4087.33
14.72   4099.3
14.73   4110.98
14.74   4122.37
14.75   4133.49
14.76   4144.31
14.77   4154.85
14.78   4165.1
14.79   4175.07
14.8   4184.74
14.81   4194.13
14.82   4203.22
14.83   4212.02
14.84   4220.54
14.85   4228.76
14.86   4236.69
14.87   4244.32
14.88   4251.66
14.89   4258.71
14.9   4265.46
14.91   4271.92
14.92   4278.08
14.93   4283.95
14.94   4289.52
14.95   4294.79
14.96   4299.77
14.97   4304.45
14.98   4308.83
14.99   4312.91
15   4316.7
15.01   4320.18
15.02   4323.37
15.03   4326.26
15.04   4328.85
15.05   4331.14
15.06   4333.13
15.07   4334.82
15.08   4336.21
15.09   4337.3
15.1   4338.09
15.11   4338.58
15.12   4338.77
15.13   4338.66
15.14   4338.25
15.15   4337.54
15.16   4336.53
15.17   4335.21
15.18   4333.6
15.19   4331.69
15.2   4329.48
15.21   4326.97
15.22   4324.17
15.23   4321.06
15.24   4317.65
15.25   4313.95
15.26   4309.94
15.27   4305.64
15.28   4301.04
15.29   4296.14
15.3   4290.95
15.31   4285.46
15.32   4279.67
15.33   4273.59
15.34   4267.21
15.35   4260.53
15.36   4253.56
15.37   4246.3
15.38   4238.74
15.39   4230.89
15.4   4222.75
15.41   4214.31
15.42   4205.58
15.43   4196.57
15.44   4187.26
15.45   4177.66
15.46   4167.77
15.47   4157.6
15.48   4147.13
15.49   4136.38
15.5   4125.35
15.51   4114.03
15.52   4102.42
15.53   4090.53
15.54   4078.36
15.55   4065.9
15.56   4053.17
15.57   4040.15
15.58   4026.86
15.59   4013.28
15.6   3999.43
15.61   3985.3
15.62   3970.9
15.63   3956.22
15.64   3941.27
15.65   3926.04
15.66   3910.54
15.67   3894.78
15.68   3878.74
15.69   3862.43
15.7   3845.86
15.71   3829.02
15.72   3811.92
15.73   3794.55
15.74   3776.92
15.75   3759.03
15.76   3740.88
15.77   3722.47
15.78   3703.8
15.79   3684.88
15.8   3665.7
15.81   3646.27
15.82   3626.59
15.83   3606.65
15.84   3586.47
15.85   3566.03
15.86   3545.35
15.87   3524.43
15.88   3503.26
15.89   3481.85
15.9   3460.2
15.91   3438.31
15.92   3416.18
15.93   3393.81
15.94   3371.21
15.95   3348.38
15.96   3325.32
15.97   3302.02
15.98   3278.5
15.99   3254.75
16   3230.77
16.01   3206.57
16.02   3182.15
16.03   3157.51
16.04   3132.65
16.05   3107.58
16.06   3082.29
16.07   3056.78
16.08   3031.07
16.09   3005.14
16.1   2979.01
16.11   2952.67
16.12   2926.13
16.13   2899.38
16.14   2872.44
16.15   2845.29
16.16   2817.95
16.17   2790.41
16.18   2762.68
16.19   2734.76
16.2   2706.65
16.21   2678.36
16.22   2649.87
16.23   2621.21
16.24   2592.36
16.25   2563.33
16.26   2534.13
16.27   2504.75
16.28   2475.2
16.29   2445.47
16.3   2415.58
16.31   2385.52
16.32   2355.3
16.33   2324.91
16.34   2294.36
16.35   2263.65
16.36   2232.79
16.37   2201.77
16.38   2170.6
16.39   2139.28
16.4   2107.81
16.41   2076.2
16.42   2044.44
16.43   2012.54
16.44   1980.5
16.45   1948.32
16.46   1916.01
16.47   1883.57
16.48   1850.99
16.49   1818.29
16.5   1785.47
16.51   1752.51
16.52   1719.44
16.53   1686.25
16.54   1652.94
16.55   1619.52
16.56   1585.99
16.57   1552.34
16.58   1518.59
16.59   1484.74
16.6   1450.78
16.61   1416.72
16.62   1382.56
16.63   1348.31
16.64   1313.96
16.65   1279.52
16.66   1245
16.67   1210.39
16.68   1175.69
16.69   1140.91
16.7   1106.06
16.71   1071.13
16.72   1036.12
16.73   1001.04
16.74   965.893
16.75   930.679
16.76   895.4
16.77   860.06
16.78   824.66
16.79   789.203
16.8   753.691
16.81   718.128
16.82   682.514
16.83   646.853
16.84   611.148
16.85   575.4
16.86   539.613
16.87   503.788
16.88   467.928
16.89   432.036
16.9   396.114
16.91   360.165
16.92   324.191
16.93   288.194
16.94   252.177
16.95   216.143
16.96   180.094
16.97   144.033
16.98   107.962
16.99   71.8826
17   35.7987
17.01   -0.287615
17.02   -36.3739
17.03   -72.4578
17.04   -108.537
17.05   -144.608
17.06   -180.669
17.07   -216.718
17.08   -252.752
17.09   -288.768
17.1   -324.764
17.11   -360.738
17.12   -396.687
17.13   -432.609
17.14   -468.5
17.15   -504.359
17.16   -540.184
17.17   -575.97
17.18   -611.717
17.19   -647.422
17.2   -683.082
17.21   -718.695
17.22   -754.258
17.23   -789.769
17.24   -825.225
17.25   -860.624
17.26   -895.963
17.27   -931.241
17.28   -966.454
17.29   -1001.6
17.3   -1036.68
17.31   -1071.68
17.32   -1106.61
17.33   -1141.47
17.34   -1176.24
17.35   -1210.94
17.36   -1245.55
17.37   -1280.07
17.38   -1314.51
17.39   -1348.85
17.4   -1383.11
17.41   -1417.26
17.42   -1451.32
17.43   -1485.28
17.44   -1519.13
17.45   -1552.88
17.46   -1586.52
17.47   -1620.05
17.48   -1653.48
17.49   -1686.78
17.5   -1719.97
17.51   -1753.04
17.52   -1785.99
17.53   -1818.82
17.54   -1851.51
17.55   -1884.09
17.56   -1916.53
17.57   -1948.84
17.58   -1981.01
17.59   -2013.05
17.6   -2044.94
17.61   -2076.7
17.62   -2108.31
17.63   -2139.78
17.64   -2171.1
17.65   -2202.27
17.66   -2233.28
17.67   -2264.14
17.68   -2294.85
17.69   -2325.4
17.7   -2355.78
17.71   -2386
17.72   -2416.06
17.73   -2445.95
17.74   -2475.67
17.75   -2505.22
17.76   -2534.6
17.77   -2563.8
17.78   -2592.82
17.79   -2621.67
17.8   -2650.33
17.81   -2678.81
17.82   -2707.1
17.83   -2735.21
17.84   -2763.13
17.85   -2790.85
17.86   -2818.39
17.87   -2845.73
17.88   -2872.87
17.89   -2899.81
17.9   -2926.55
17.91   -2953.09
17.92   -2979.43
17.93   -3005.56
17.94   -3031.48
17.95   -3057.19
17.96   -3082.69
17.97   -3107.98
17.98   -3133.05
17.99   -3157.91
18   -3182.55
18.01   -3206.96
18.02   -3231.16
18.03   -3255.13
18.04   -3278.88
18.05   -3302.39
18.06   -3325.69
18.07   -3348.75
18.08   -3371.58
18.09   -3394.17
18.1   -3416.53
18.11   -3438.66
18.12   -3460.55
18.13   -3482.19
18.14   -3503.6
18.15   -3524.77
18.16   -3545.69
18.17   -3566.36
18.18   -3586.79
18.19   -3606.97
18.2   -3626.9
18.21   -3646.58
18.22   -3666.01
18.23   -3685.18
18.24   -3704.1
18.25   -3722.77
18.26   -3741.17
18.27   -3759.32
18.28   -3777.2
18.29   -3794.83
18.3   -3812.19
18.31   -3829.29
18.32   -3846.13
18.33   -3862.69
18.34   -3879
18.35   -3895.03
18.36   -3910.79
18.37   -3926.28
18.38   -3941.51
18.39   -3956.45
18.4   -3971.13
18.41   -3985.53
18.42   -3999.65
18.43   -4013.5
18.44   -4027.07
18.45   -4040.36
18.46   -4053.37
18.47   -4066.11
18.48   -4078.56
18.49   -4090.72
18.5   -4102.61
18.51   -4114.21
18.52   -4125.53
18.53   -4136.56
18.54   -4147.3
18.55   -4157.76
18.56   -4167.93
18.57   -4177.81
18.58   -4187.41
18.59   -4196.71
18.6   -4205.72
18.61   -4214.45
18.62   -4222.88
18.63   -4231.02
18.64   -4238.86
18.65   -4246.42
18.66   -4253.67
18.67   -4260.64
18.68   -4267.31
18.69   -4273.68
18.7   -4279.76
18.71   -4285.55
18.72   -4291.03
18.73   -4296.22
18.74   -4301.12
18.75   -4305.71
18.76   -4310.01
18.77   -4314.01
18.78   -4317.71
18.79   -4321.11
18.8   -4324.21
18.81   -4327.02
18.82   -4329.52
18.83   -4331.73
18.84   -4333.63
18.85   -4335.24
18.86   -4336.54
18.87   -4337.55
18.88   -4338.26
18.89   -4338.66
18.9   -4338.77
18.91   -4338.57
18.92   -4338.08
18.93   -4337.28
18.94   -4336.19
18.95   -4334.79
18.96   -4333.1
18.97   -4331.1
18.98   -4328.81
18.99   -4326.22
19   -4323.32
19.01   -4320.13
19.02   -4316.64
19.03   -4312.85
19.04   -4308.76
19.05   -4304.38
19.06   -4299.69
19.07   -4294.71
19.08   -4289.43
19.09   -4283.86
19.1   -4277.99
19.11   -4271.82
19.12   -4265.36
19.13   -4258.6
19.14   -4251.55
19.15   -4244.2
19.16   -4236.56
19.17   -4228.63
19.18   -4220.4
19.19   -4211.89
19.2   -4203.08
19.21   -4193.98
19.22   -4184.59
19.23   -4174.91
19.24   -4164.94
19.25   -4154.68
19.26   -4144.14
19.27   -4133.31
19.28   -4122.19
19.29   -4110.79
19.3   -4099.11
19.31   -4087.14
19.32   -4074.89
19.33   -4062.35
19.34   -4049.54
19.35   -4036.44
19.36   -4023.07
19.37   -4009.42
19.38   -3995.49
19.39   -3981.28
19.4   -3966.8
19.41   -3952.04
19.42   -3937.01
19.43   -3921.71
19.44   -3906.14
19.45   -3890.29
19.46   -3874.18
19.47   -3857.8
19.48   -3841.15
19.49   -3824.24
19.5   -3807.06
19.51   -3789.62
19.52   -3771.92
19.53   -3753.95
19.54   -3735.73
19.55   -3717.25
19.56   -3698.51
19.57   -3679.51
19.58   -3660.26
19.59   -3640.76
19.6   -3621.01
19.61   -3601
19.62   -3580.75
19.63   -3560.24
19.64   -3539.5
19.65   -3518.5
19.66   -3497.27
19.67   -3475.79
19.68   -3454.07
19.69   -3432.11
19.7   -3409.92
19.71   -3387.48
19.72   -3364.82
19.73   -3341.92
19.74   -3318.79
19.75   -3295.43
19.76   -3271.84
19.77   -3248.03
19.78   -3223.99
19.79   -3199.73
19.8   -3175.25
19.81   -3150.55
19.82   -3125.63
19.83   -3100.49
19.84   -3075.14
19.85   -3049.58
19.86   -3023.8
19.87   -2997.82
19.88   -2971.63
19.89   -2945.23
19.9   -2918.63
19.91   -2891.83
19.92   -2864.83
19.93   -2837.63
19.94   -2810.23
19.95   -2782.64
19.96   -2754.85
19.97   -2726.88
19.98   -2698.72
19.99   -2670.37
20   -2641.83
20.01   -2613.12
20.02   -2584.22
20.03   -2555.64
20.04   -2527.38
20.05   -2499.43
20.06   -2471.79
20.07   -2444.45
20.08   -2417.42
20.09   -2390.68
20.1   -2364.24
20.11   -2338.09
20.12   -2312.24
20.13   -2286.66
20.14   -2261.37
20.15   -2236.36
20.16   -2211.63
20.17   -2187.17
20.18   -2162.98
20.19   -2139.06
20.2   -2115.4
20.21   -2092
20.22   -2068.86
20.23   -2045.98
20.24   -2023.35
20.25   -2000.97
20.26   -1978.84
20.27   -1956.95
20.28   -1935.3
20.29   -1913.9
20.3   -1892.73
20.31   -1871.79
20.32   -1851.08
20.33   -1830.61
20.34   -1810.36
20.35   -1790.33
20.36   -1770.53
20.37   -1750.94
20.38   -1731.57
20.39   -1712.42
20.4   -1693.47
20.41   -1674.74
20.42   -1656.21
20.43   -1637.89
20.44   -1619.77
20.45   -1601.84
20.46   -1584.12
20.47   -1566.6
20.48   -1549.26
20.49   -1532.12
20.5   -1515.17
20.51   -1498.4
20.52   -1481.82
20.53   -1465.43
20.54   -1449.21
20.55   -1433.18
20.56   -1417.32
20.57   -1401.63
20.58   -1386.12
20.59   -1370.78
20.6   -1355.61
20.61   -1340.61
20.62   -1325.77
20.63   -1311.1
20.64   -1296.59
20.65   -1282.24
20.66   -1268.05
20.67   -1254.01
20.68   -1240.13
20.69   -1226.4
20.7   -1212.83
20.71   -1199.4
20.72   -1186.12
20.73   -1172.99
20.74   -1160.01
20.75   -1147.16
20.76   -1134.46
20.77   -1121.9
20.78   -1109.48
20.79   -1097.2
20.8   -1085.05
20.81   -1073.03
20.82   -1061.15
20.83   -1049.4
20.84   -1037.78
20.85   -1026.28
20.86   -1014.92
20.87   -1003.67
20.88   -992.558
20.89   -981.564
20.9   -970.691
20.91   -959.938
20.92   -949.303
20.93   -938.786
20.94   -928.385
20.95   -918.099
20.96   -907.926
20.97   -897.865
20.98   -887.916
20.99   -878.076
21   -868.344
21.01   -858.72
21.02   -849.203
21.03   -839.79
21.04   -830.48
21.05   -821.274
21.06   -812.169
21.07   -803.164
21.08   -794.259
21.09   -785.452
21.1   -776.742
21.11   -768.127
21.12   -759.608
21.13   -751.183
21.14   -742.851
21.15   -734.61
21.16   -726.46
21.17   -718.4
21.18   -710.429
21.19   -702.545
21.2   -694.749
21.21   -687.038
21.22   -679.412
21.23   -671.87
21.24   -664.411
21.25   -657.035
21.26   -649.739
21.27   -642.524
21.28   -635.388
21.29   -628.331
21.3   -621.351
21.31   -614.448
21.32   -607.622
21.33   -600.87
21.34   -594.192
21.35   -587.588
21.36   -581.057
21.37   -574.597
21.38   -568.209
21.39   -561.89
21.4   -555.641
21.41   -549.461
21.42   -543.349
21.43   -537.303
21.44   -531.325
21.45   -525.412
21.46   -519.563
21.47   -513.779
21.48   -508.059
21.49   -502.401
21.5   -496.806
21.51   -491.272
21.52   -485.798
21.53   -480.385
21.54   -475.031
21.55   -469.735
21.56   -464.498
21.57   -459.318
21.58   -454.195
21.59   -449.128
21.6   -444.117
21.61   -439.16
21.62   -434.258
21.63   -429.409
21.64   -424.614
21.65   -419.871
21.66   -415.18
21.67   -410.54
21.68   -405.951
21.69   -401.412
21.7   -396.922
21.71   -392.482
21.72   -388.091
21.73   -383.747
21.74   -379.45
21.75   -375.201
21.76   -370.998
21.77   -366.841
21.78   -362.729
21.79   -358.662
21.8   -354.639
21.81   -350.66
21.82   -346.725
21.83   -342.832
21.84   -338.982
21.85   -335.173
21.86   -331.406
21.87   -327.68
21.88   -323.995
21.89   -320.349
21.9   -316.743
21.91   -313.176
21.92   -309.648
21.93   -306.159
21.94   -302.707
21.95   -299.292
21.96   -295.915
21.97   -292.574
21.98   -289.269
21.99   -286
22   -282.766
22.01   -279.567
22.02   -276.403
22.03   -273.273
22.04   -270.177
22.05   -267.114
22.06   -264.084
22.07   -261.087
22.08   -258.122
22.09   -255.189
22.1   -252.287
22.11   -249.417
22.12   -246.578
22.13   -243.769
22.14   -240.99
22.15   -238.241
22.16   -235.521
22.17   -232.83
22.18   -230.169
22.19   -227.535
22.2   -224.93
22.21   -222.353
22.22   -219.803
22.23   -217.28
22.24   -214.784
22.25   -212.315
22.26   -209.872
22.27   -207.454
22.28   -205.063
22.29   -202.697
22.3   -200.356
22.31   -198.039
22.32   -195.747
22.33   -193.48
22.34   -191.236
22.35   -189.016
22.36   -186.819
22.37   -184.645
22.38   -182.494
22.39   -180.366
22.4   -178.26
22.41   -176.176
22.42   -174.114
22.43   -172.073
22.44   -170.054
22.45   -168.055
22.46   -166.077
22.47   -164.12
22.48   -162.184
22.49   -160.267
22.5   -158.37
22.51   -156.492
22.52   -154.634
22.53   -152.795
22.54   -150.975
22.55   -149.174
22.56   -147.391
22.57   -145.626
22.58   -143.879
22.59   -142.15
22.6   -140.439
22.61   -138.745
22.62   -137.068
22.63   -135.408
22.64   -133.765
22.65   -132.138
22.66   -130.528
22.67   -128.933
22.68   -127.355
22.69   -125.793
22.7   -124.246
22.71   -122.714
22.72   -121.198
22.73   -119.696
22.74   -118.209
22.75   -116.737
22.76   -115.28
22.77   -113.836
22.78   -112.407
22.79   -110.991
22.8   -109.59
22.81   -108.201
22.82   -106.827
22.83   -105.465
22.84   -104.116
22.85   -102.781
22.86   -101.458
22.87   -100.147
22.88   -98.849
22.89   -97.5631
22.9   -96.2893
22.91   -95.0274
22.92   -93.7772
22.93   -92.5386
22.94   -91.3115
22.95   -90.0956
22.96   -88.8909
22.97   -87.6971
22.98   -86.5142
22.99   -85.342
23   -84.1803
23.01   -83.0291
23.02   -81.8881
23.03   -80.7572
23.04   -79.6363
23.05   -78.5253
23.06   -77.4239
23.07   -76.3322
23.08   -75.2498
23.09   -74.1768
23.1   -73.1129
23.11   -72.0581
23.12   -71.0121
23.13   -69.975
23.14   -68.9465
23.15   -67.9265
23.16   -66.9149
23.17   -65.9116
23.18   -64.9164
23.19   -63.9293
23.2   -62.95
23.21   -61.9785
23.22   -61.0147
23.23   -60.0585
23.24   -59.1096
23.25   -58.1681
23.26   -57.2337
23.27   -56.3065
23.28   -55.3862
23.29   -54.4727
23.3   -53.5659
23.31   -52.6658
23.32   -51.7722
23.33   -50.885
23.34   -50.0041
23.35   -49.1294
23.36   -48.2607
23.37   -47.398
23.38   -46.5411
23.39   -45.6901
23.4   -44.8446
23.41   -44.0047
23.42   -43.1702
23.43   -42.3411
23.44   -41.5172
23.45   -40.6985
23.46   -39.8847
23.47   -39.0759
23.48   -38.2719
23.49   -37.4727
23.5   -36.6781
23.51   -35.888
23.52   -35.1024
23.53   -34.3211
23.54   -33.544
23.55   -32.7711
23.56   -32.0022
23.57   -31.2373
23.58   -30.4763
23.59   -29.719
23.6   -28.9654
23.61   -28.2153
23.62   -27.4688
23.63   -26.7256
23.64   -25.9858
23.65   -25.2492
23.66   -24.5156
23.67   -23.7852
23.68   -23.0576
23.69   -22.3329
23.7   -21.611
23.71   -20.8917
23.72   -20.1751
23.73   -19.4609
23.74   -18.7491
23.75   -18.0396
23.76   -17.3324
23.77   -16.6273
23.78   -15.9243
23.79   -15.2232
23.8   -14.524
23.81   -13.8266
23.82   -13.1309
23.83   -12.4369
23.84   -11.7443
23.85   -11.0533
23.86   -10.3636
23.87   -9.67514
23.88   -8.98792
23.89   -8.3018
23.9   -7.61671
23.91   -6.93256
23.92   -6.24926
23.93   -5.56674
23.94   -4.88491
23.95   -4.20368
23.96   -3.52297
23.97   -2.84269
23.98   -2.16277
23.99   -1.48311
24   -0.803642
24.01   -0.124269
24.02   0.555089
24.03   1.23452
24.04   1.91409
24.05   0
24.06   0
24.07   0
24.08   0
24.09   0
24.1   0
24.11   0
24.12   0
24.13   0
24.14   0
24.15   0
24.16   0
24.17   0
24.18   0
24.19   0
24.2   0
24.21   0
24.22   0
24.23   0
24.24   0
24.25   0
24.26   0
24.27   0
24.28   0
24.29   0
24.3   0
24.31   0
24.32   0
24.33   0
24.34   0
24.35   0
24.36   0
24.37   0
24.38   0
24.39   0
24.4   0
24.41   0
24.42   0
24.43   0
24.44   0
24.45   0
24.46   0
24.47   0
24.48   0
24.49   0
24.5   0
24.51   0
24.52   0
24.53   0
24.54   0
24.55   0
24.56   0
24.57   0
24.58   0
24.59   0
24.6   0
24.61   0
24.62   0
24.63   0
24.64   0
24.65   0
24.66   0
24.67   0
24.68   0
24.69   0
24.7   0
24.71   0
24.72   0
24.73   0
24.74   0
24.75   0
24.76   0
24.77   0
24.78   0
24.79   0
24.8   0
24.81   0
24.82   0
24.83   0
24.84   0
24.85   0
24.86   0
24.87   0
24.88   0
24.89   0
24.9   0
24.91   0
24.92   0
24.93   0
24.94   0
24.95   0
24.96   0
24.97   0
24.98   0
24.99   0
25   0
25.01   0
25.02   0
25.03   0
25.04   0
25.05   0
25.06   0
25.07   0
25.08   0
25.09   0
25.1   0
25.11   0
25.12   0
25.13   0
25.14   0
25.15   0
25.16   0
25.17   0
25.18   0
25.19   0
25.2   0
25.21   0
25.22   0
25.23   0
25.24   0
25.25   0
25.26   0
25.27   0
25.28   0
25.29   0
25.3   0
25.31   0
25.32   0
25.33   0
25.34   0
25.35   0
25.36   0
25.37   0
25.38   0
25.39   0
25.4   0
25.41   0
25.42   0
25.43   0
25.44   0
25.45   0
25.46   0
25.47   0
25.48   0
25.49   0
25.5   0
25.51   0
25.52   0
25.53   0
25.54   0
25.55   0
25.56   0
25.57   0
25.58   0
25.59   0
25.6   0
25.61   0
25.62   0
25.63   0
25.64   0
25.65   0
25.66   0
25.67   0
25.68   0
25.69   0
25.7   0
25.71   0
25.72   0
25.73   0
25.74   0
25.75   0
25.76   0
25.77   0
25.78   0
25.79   0
25.8   0
25.81   0
25.82   0
25.83   0
25.84   0
25.85   0
25.86   0
25.87   0
25.88   0
25.89   0
25.9   0
25.91   0
25.92   0
25.93   0
25.94   0
25.95   0
25.96   0
25.97   0
25.98   0
25.99   0
26   0
26.01   0
26.02   0
26.03   0
26.04   0
26.05   0
26.06   0
26.07   0
26.08   0
26.09   0
26.1   0
26.11   0
26.12   0
26.13   0
26.14   0
26.15   0
26.16   0
26.17   0
26.18   0
26.19   0
26.2   0
26.21   0
26.22   0
26.23   0
26.24   0
26.25   0
26.26   0
26.27   0
26.28   0
26.29   0
26.3   0
26.31   0
26.32   0
26.33   0
26.34   0
26.35   0
26.36   0
26.37   0
26.38   0
26.39   0
26.4   0
26.41   0
26.42   0
26.43   0
26.44   0
26.45   0
26.46   0
26.47   0
26.48   0
26.49   0
26.5   0
26.51   0
26.52   0
26.53   0
26.54   0
26.55   0
26.56   0
26.57   0
26.58   0
26.59   0
26.6   0
26.61   0
26.62   0
26.63   0
26.64   0
26.65   0
26.66   0
26.67   0
26.68   0
26.69   0
26.7   0
26.71   0
26.72   0
26.73   0
26.74   0
26.75   0
26.76   0
26.77   0
26.78   0
26.79   0
26.8   0
26.81   0
26.82   0
26.83   0
26.84   0
26.85   0
26.86   0
26.87   0
26.88   0
26.89   0
26.9   0
26.91   0
26.92   0
26.93   0
26.94   0
26.95   0
26.96   0
26.97   0
26.98   0
26.99   0
27   0
27.01   0
27.02   0
27.03   0
27.04   0
27.05   0
27.06   0
27.07   0
27.08   0
27.09   0
27.1   0
27.11   0
27.12   0
27.13   0
27.14   0
27.15   0
27.16   0
27.17   0
27.18   0
27.19   0
27.2   0
27.21   0
27.22   0
27.23   0
27.24   0
27.25   0
27.26   0
27.27   0
27.28   0
27.29   0
27.3   0
27.31   0
27.32   0
27.33   0
27.34   0
27.35   0
27.36   0
27.37   0
27.38   0
27.39   0
27.4   0
27.41   0
27.42   0
27.43   0
27.44   0
27.45   0
27.46   0
27.47   0
27.48   0
27.49   0
27.5   0
27.51   0
27.52   0
27.53   0
27.54   0
27.55   0
27.56   0
27.57   0
27.58   0
27.59   0
27.6   0
27.61   0
27.62   0
27.63   0
27.64   0
27.65   0
27.66   0
27.67   0
27.68   0
27.69   0
27.7   0
27.71   0
27.72   0
27.73   0
27.74   0
27.75   0
27.76   0
27.77   0
27.78   0
27.79   0
27.8   0
27.81   0
27.82   0
27.83   0
27.84   0
27.85   0
27.86   0
27.87   0
27.88   0
27.89   0
27.9   0
27.91   0
27.92   0
27.93   0
27.94   0
27.95   0
27.96   0
27.97   0
27.98   0
27.99   0
28   0
28.01   0
28.02   0
28.03   0
28.04   0
28.05   0
28.06   0
28.07   0
28.08   0
28.09   0
28.1   0
28.11   0
28.12   0
28.13   0
28.14   0
28.15   0
28.16   0
28.17   0
28.18   0
28.19   0
28.2   0
28.21   0
28.22   0
28.23   0
28.24   0
28.25   0
28.26   0
28.27   0
28.28   0
28.29   0
28.3   0
28.31   0
28.32   0
28.33   0
28.34   0
28.35   0
28.36   0
28.37   0
28.38   0
28.39   0
28.4   0
28.41   0
28.42   0
28.43   0
28.44   0
28.45   0
28.46   0
28.47   0
28.48   0
28.49   0
28.5   0
28.51   0
28.52   0
28.53   0
28.54   0
28.55   0
28.56   0
28.57   0
28.58   0
28.59   0
28.6   0
28.61   0
28.62   0
28.63   0
28.64   0
28.65   0
28.66   0
28.67   0
28.68   0
28.69   0
28.7   0
28.71   0
28.72   0
28.73   0
28.74   0
28.75   0
28.76   0
28.77   0
28.78   0
28.79   0
28.8   0
28.81   0
28.82   0
28.83   0
28.84   0
28.85   0
28.86   0
28.87   0
28.88   0
28.89   0
28.9   0
28.91   0
28.92   0
28.93   0
28.94   0
28.95   0
28.96   0
28.97   0
28.98   0
28.99   0
29   0
29.01   0
29.02   0
29.03   0
29.04   0
29.05   0
29.06   0
29.07   0
29.08   0
29.09   0
29.1   0
29.11   0
29.12   0
29.13   0
29.14   0
29.15   0
29.16   0
29.17   0
29.18   0
29.19   0
29.2   0
29.21   0
29.22   0
29.23   0
29.24   0
29.25   0
29.26   0
29.27   0
29.28   0
29.29   0
29.3   0
29.31   0
29.32   0
29.33   0
29.34   0
29.35   0
29.36   0
29.37   0
29.38   0
29.39   0
29.4   0
29.41   0
29.42   0
29.43   0
29.44   0
29.45   0
29.46   0
29.47   0
29.48   0
29.49   0
29.5   0
29.51   0
29.52   0
29.53   0
29.54   0
29.55   0
29.56   0
29.57   0
29.58   0
29.59   0
29.6   0
29.61   0
29.62   0
29.63   0
29.64   0
29.65   0
29.66   0
29.67   0
29.68   0
29.69   0
29.7   0
29.71   0
29.72   0
29.73   0
29.74   0
29.75   0
29.76   0
29.77   0
29.78   0
29.79   0
29.8   0
29.81   0
29.82   0
29.83   0
29.84   0
29.85   0
29.86   0
29.87   0
29.88   0
29.89   0
29.9   0
29.91   0
29.92   0
29.93   0
29.94   0
29.95   0
29.96   0
29.97   0
29.98   0
29.99   0
30   0
30.01   0
30.02   0
30.03   0
30.04   0
30.05   0
30.06   0
30.07   0
30.08   0
30.09   0
30.1   0
30.11   0
30.12   0
30.13   0
30.14   0
30.15   0
30.16   0
30.17   0
30.18   0
30.19   0
30.2   0
30.21   0
30.22   0
30.23   0
30.24   0
30.25   0
30.26   0
30.27   0
30.28   0
30.29   0
30.3   0
30.31   0
30.32   0
30.33   0
30.34   0
30.35   0
30.36   0
30.37   0
30.38   0
30.39   0
30.4   0
30.41   0
30.42   0
30.43   0
30.44   0
30.45   0
30.46   0
30.47   0
30.48   0
30.49   0
30.5   0
30.51   0
30.52   0
30.53   0
30.54   0
30.55   0
30.56   0
30.57   0
30.58   0
30.59   0
30.6   0
30.61   0
30.62   0
30.63   0
30.64   0
30.65   0
30.66   0
30.67   0
30.68   0
30.69   0
30.7   0
30.71   0
30.72   0
30.73   0
30.74   0
30.75   0
30.76   0
30.77   0
30.78   0
30.79   0
30.8   0
30.81   0
30.82   0
30.83   0
30.84   0
30.85   0
30.86   0
30.87   0
30.88   0
30.89   0
30.9   0
30.91   0
30.92   0
30.93   0
30.94   0
30.95   0
30.96   0
30.97   0
30.98   0
30.99   0
31   0
31.01   0
31.02   0
31.03   0
31.04   0
31.05   0
31.06   0
31.07   0
31.08   0
31.09   0
31.1   0
31.11   0
31.12   0
31.13   0
31.14   0
31.15   0
31.16   0
31.17   0
31.18   0
31.19   0
31.2   0
31.21   0
31.22   0
31.23   0
31.24   0
31.25   0
31.26   0
31.27   0
31.28   0
31.29   0
31.3   0
31.31   0
31.32   0
31.33   0
31.34   0
31.35   0
31.36   0
31.37   0
31.38   0
31.39   0
31.4   0
31.41   0
31.42   0
31.43   0
31.44   0
31.45   0
31.46   0
31.47   0
31.48   0
31.49   0
31.5   0
31.51   0
31.52   0
31.53   0
31.54   0
31.55   0
31.56   0
31.57   0
31.58   0
31.59   0
31.6   0
31.61   0
31.62   0
31.63   0
31.64   0
31.65   0
31.66   0
31.67   0
31.68   0
31.69   0
31.7   0
31.71   0
31.72   0
31.73   0
31.74   0
31.75   0
31.76   0
31.77   0
31.78   0
31.79   0
31.8   0
31.81   0
31.82   0
31.83   0
31.84   0
31.85   0
31.86   0
31.87   0
31.88   0
31.89   0
31.9   0
31.91   0
31.92   0
31.93   0
31.94   0
31.95   0
31.96   0
31.97   0
31.98   0
31.99   0
32   0
32.01   0
32.02   0
32.03   0
32.04   0
32.05   0
32.06   0
32.07   0
32.08   0
32.09   0
32.1   0
32.11   0
32.12   0
32.13   0
32.14   0
32.15   0
32.16   0
32.17   0
32.18   0
32.19   0
32.2   0
32.21   0
32.22   0
32.23   0
32.24   0
32.25   0
32.26   0
32.27   0
32.28   0
32.29   0
32.3   0
32.31   0
32.32   0
32.33   0
32.34   0
32.35   0
32.36   0
32.37   0
32.38   0
32.39   0
32.4   0
32.41   0
32.42   0
32.43   0
32.44   0
32.45   0
32.46   0
32.47   0
32.48   0
32.49   0
32.5   0
32.51   0
32.52   0
32.53   0
32.54   0
32.55   0
32.56   0
32.57   0
32.58   0
32.59   0
32.6   0
32.61   0
32.62   0
32.63   0
32.64   0
32.65   0
32.66   0
32.67   0
32.68   0
32.69   0
32.7   0
32.71   0
32.72   0
32.73   0
32.74   0
32.75   0
32.76   0
32.77   0
32.78   0
32.79   0
32.8   0
32.81   0
32.82   0
32.83   0
32.84   0
32.85   0
32.86   0
32.87   0
32.88   0
32.89   0
32.9   0
32.91   0
32.92   0
32.93   0
32.94   0
32.95   0
32.96   0
32.97   0
32.98   0
32.99   0
33   0
33.01   0
33.02   0
33.03   0
33.04   0
33.05   0
33.06   0
33.07   0
33.08   0
33.09   0
33.1   0
33.11   0
33.12   0
33.13   0
33.14   0
33.15   0
33.16   0
33.17   0
33.18   0
33.19   0
33.2   0
33.21   0
33.22   0
33.23   0
33.24   0
33.25   0
33.26   0
33.27   0
33.28   0
33.29   0
33.3   0
33.31   0
33.32   0
33.33   0
33.34   0
33.35   0
33.36   0
33.37   0
33.38   0
33.39   0
33.4   0
33.41   0
33.42   0
33.43   0
33.44   0
33.45   0
33.46   0
33.47   0
33.48   0
33.49   0
33.5   0
33.51   0
33.52   0
33.53   0
33.54   0
33.55   0
33.56   0
33.57   0
33.58   0
33.59   0
33.6   0
33.61   0
33.62   0
33.63   0
33.64   0
33.65   0
33.66   0
33.67   0
33.68   0
33.69   0
33.7   0
33.71   0
33.72   0
33.73   0
33.74   0
33.75   0
33.76   0
33.77   0
33.78   0
33.79   0
33.8   0
33.81   0
33.82   0
33.83   0
33.84   0
33.85   0
33.86   0
33.87   0
33.88   0
33.89   0
33.9   0
33.91   0
33.92   0
33.93   0
33.94   0
33.95   0
33.96   0
33.97   0
33.98   0
33.99   0
