  0.10000000000000001        4.6785834569101361     
  0.20000000000000001        4.6726311120836801     
  0.30000000000000004        4.6627066870293499     
  0.40000000000000002        4.6489521057273837     
  0.50000000000000000        4.6314949186598113     
  0.60000000000000009        4.6104548972678394     
  0.70000000000000007        4.5859301915200641     
  0.80000000000000004        4.5579869606905214     
  0.90000000000000002        4.5266555438771690     
   1.0000000000000000        4.4919334763775733     
   1.1000000000000001        4.4537942604538125     
   1.2000000000000002        4.4121999691780669     
   1.3000000000000000        4.3671154853056047     
   1.4000000000000001        4.3185224500841404     
   1.5000000000000000        4.2664316822422599     
   1.6000000000000001        4.2108936511218484     
   1.7000000000000002        4.1520072332450031     
   1.8000000000000000        4.0899272130614284     
   1.9000000000000001        4.0248707342156038     
   2.0000000000000000        3.9571222710831178     
   2.1000000000000001        3.8870359127267160     
   2.2000000000000002        3.8150331514641711     
   2.3000000000000003        3.7415942678962164     
   2.4000000000000004        3.6672420363707379     
   2.5000000000000000        3.5925178803538729     
   2.6000000000000001        3.5179525483680480     
   2.7000000000000002        3.4440353151478997     
   2.8000000000000003        3.3711868903545503     
   2.9000000000000004        3.2997409651817171     
   3.0000000000000000        3.2299374528194797     
   3.1000000000000001        3.1619275400588172     
   3.2000000000000002        3.0957878041337965     
   3.3000000000000003        3.0315389732675726     
   3.4000000000000004        2.9691648795612688     
   3.5000000000000000        2.9086284111724776     
   3.6000000000000001        2.8498830079959414     
   3.7000000000000002        2.7928797266490784     
   3.8000000000000003        2.7375707711182571     
   3.9000000000000004        2.6839106588947548     
   4.0000000000000000        2.6318560739824317     
   4.1000000000000005        2.5813651721408388     
   4.2000000000000002        2.5323968059651309     
   4.2999999999999998        2.4849099026996200     
   4.4000000000000004        2.4388630732449745     
   4.5000000000000000        2.3942144447898572     
   4.6000000000000005        2.3509216711814984     
   4.7000000000000002        2.3089420654165358     
   4.8000000000000007        2.2682328034819270     
   4.9000000000000004        2.2287511593837444     
   5.0000000000000000        2.1904547427011583     
   5.1000000000000005        2.1533017201113611     
   5.2000000000000002        2.1172510102672164     
   5.3000000000000007        2.0822624471619422     
   5.4000000000000004        2.0482969110050009     
   5.5000000000000000        2.0153164280741143     
   5.6000000000000005        1.9832842423927510     
   5.7000000000000002        1.9521648627369572     
   5.8000000000000007        1.9219240886515512     
   5.9000000000000004        1.8925290190371951     
   6.0000000000000000        1.8639480465847467     
   6.1000000000000005        1.8361508409679757     
   6.2000000000000002        1.8091083233152765     
   6.3000000000000007        1.7827926340993936     
   6.4000000000000004        1.7571770962302768     
   6.5000000000000000        1.7322361748193558     
   6.6000000000000005        1.7079454348069705     
   6.7000000000000002        1.6842814974077862     
   6.8000000000000007        1.6612219961291002     
   6.9000000000000004        1.6387455329503486     
   7.0000000000000000        1.6168316351146641     
   7.1000000000000005        1.5954607128710481     
   7.2000000000000002        1.5746140184147446     
   7.3000000000000007        1.5542736062003122     
   7.4000000000000004        1.5344222947437074     
   7.5000000000000000        1.5150436299837053     
   7.6000000000000005        1.4961218502371114     
   7.7000000000000002        1.4776418527544550     
   7.8000000000000007        1.4595891618617212     
   7.9000000000000004        1.4419498986578563     
   8.0000000000000000        1.4247107522262026     
   8.0999999999999996        1.4078589523098037     
   8.2000000000000011        1.3913822433949883     
   8.3000000000000007        1.3752688601441636     
   8.4000000000000004        1.3595075041169122     
   8.5000000000000000        1.3440873217178779     
   8.5999999999999996        1.3289978833102425     
   8.7000000000000011        1.3142291634346244     
   8.8000000000000007        1.2997715220747312     
   8.9000000000000004        1.2856156869129527     
   9.0000000000000000        1.2717527365211203     
   9.0999999999999996        1.2581740844338223     
   9.2000000000000011        1.2448714640537948     
   9.3000000000000007        1.2318369143409997     
   9.4000000000000004        1.2190627662388731     
   9.5000000000000000        1.2065416297929004     
   9.6000000000000014        1.1942663819179304     
   9.7000000000000011        1.1822301547714531     
   9.8000000000000007        1.1704263246901923     
   9.9000000000000004        1.1588485016466359     
   10.000000000000000        1.1474905191802094     
   10.100000000000001        1.1363464247543074     
   10.200000000000001        1.1254104704847530     
   10.300000000000001        1.1146771041766839     
   10.400000000000000        1.1041409605943189     
   10.500000000000000        1.0937968528700293     
   10.600000000000001        1.0836397639336819     
   10.700000000000001        1.0736648378076350     
   10.800000000000001        1.0638673705635022     
   10.900000000000000        1.0542428006694389     
   11.000000000000000        1.0447867108258653     
   11.100000000000001        1.0354950147641722     
   11.200000000000001        1.0263636792758213     
   11.300000000000001        1.0173887423100161     
   11.400000000000000        1.0085663698116760     
   11.500000000000000       0.99989285108266057     
   11.600000000000001       0.99136459439189362     
   11.700000000000001       0.98297812282855623     
   11.800000000000001       0.97473007039474369     
   11.900000000000000       0.96661717833658678     
   12.000000000000000       0.95863629171608200     
   12.100000000000001       0.95078435623001589     
   12.200000000000001       0.94305841528781631     
   12.300000000000001       0.93545560736752364     
   12.400000000000000       0.92797316367927341     
   12.500000000000000       0.92060840618015849     
   12.600000000000001       0.91335874600542244     
   12.700000000000001       0.90622168241239975     
   12.800000000000001       0.89919480238190641     
   12.900000000000000       0.89227578109811279     
   13.000000000000000       0.88546238365261409     
   13.100000000000001       0.87875246852997790     
   13.200000000000001       0.87214399380693564     
   13.300000000000001       0.86563502769662160     
   13.400000000000000       0.85922376645628240     
   13.500000000000000       0.85290856564378903     
   13.600000000000001       0.84668799769052072     
   13.700000000000001       0.84056096738700625     
   13.800000000000001       0.83452697607287663     
   13.900000000000000       0.82858687121610752     
   14.000000000000000       0.82274611169325929     
   14.100000000000001       0.81700879432624030     
   14.200000000000001       0.81125521126760491     
   14.300000000000001       0.80558209790209723     
   14.400000000000000       0.79998777777777719     
   14.500000000000000       0.79447062068965457     
   14.600000000000001       0.78902904109588978     
   14.700000000000001       0.78366149659863882     
   14.800000000000001       0.77836648648648576     
   14.900000000000000       0.77314255033556989     
   15.000000000000000       0.76798826666666609     
   15.100000000000001       0.76290225165562853     
   15.200000000000001       0.75788315789473626     
   15.300000000000001       0.75292967320261384     
   15.400000000000000       0.74804051948051886     
   15.500000000000000       0.74321445161290256     
   15.600000000000001       0.73845025641025575     
   15.700000000000001       0.73374675159235614     
   15.800000000000001       0.72910278481012580     
   15.900000000000000       0.72451723270440205     
   16.000000000000000       0.71998899999999943     
   16.100000000000001       0.71551701863353967     
   16.199999999999999       0.71110024691357976     
   16.300000000000001       0.70673766871165589     
   16.400000000000002       0.70242829268292617     
   16.500000000000000       0.69817115151515097     
   16.600000000000001       0.69396530120481870     
   16.699999999999999       0.68980982035928085     
   16.800000000000001       0.68570380952380894     
   16.900000000000002       0.68164639053254383     
   17.000000000000000       0.67763670588235247     
   17.100000000000001       0.67367391812865451     
   17.199999999999999       0.66975720930232507     
   17.300000000000001       0.66588578034682033     
   17.400000000000002       0.66205885057471214     
   17.500000000000000       0.65827565714285663     
   17.600000000000001       0.65453545454545403     
   17.699999999999999       0.65083751412429325     
   17.800000000000001       0.64718112359550517     
   17.900000000000002       0.64356558659217822     
   18.000000000000000       0.63999022222222168     
   18.100000000000001       0.63645436464088345     
   18.199999999999999       0.63295736263736213     
   18.300000000000001       0.62949857923497210     
   18.400000000000002       0.62607739130434725     
   18.500000000000000       0.62269318918918870     
   18.600000000000001       0.61934537634408549     
   18.699999999999999       0.61603336898395666     
   18.800000000000001       0.61275659574468044     
   18.900000000000002       0.60951449735449692     
   19.000000000000000       0.60630652631578896     
   19.100000000000001       0.60313214659685810     
   19.200000000000003       0.59999083333333281     
   19.300000000000001       0.59688207253885961     
   19.400000000000002       0.59380536082474178     
   19.500000000000000       0.59076020512820471     
   19.600000000000001       0.58774612244897906     
   19.700000000000003       0.58476263959390806     
   19.800000000000001       0.58180929292929251     
   19.900000000000002       0.57888562814070310     
   20.000000000000000       0.57599119999999959     
   20.100000000000001       0.57312557213930304     
   20.200000000000003       0.57028831683168268     
   20.300000000000001       0.56747901477832452     
   20.400000000000002       0.56469725490196032     
   20.500000000000000       0.56194263414634105     
   20.600000000000001       0.55921475728155301     
   20.700000000000003       0.55651323671497532     
   20.800000000000001       0.55383769230769186     
   20.900000000000002       0.55118775119617180     
   21.000000000000000       0.54856304761904717     
   21.100000000000001       0.54596322274881470     
   21.200000000000003       0.54338792452830142     
   21.300000000000001       0.54083680751173668     
   21.400000000000002       0.53830953271027993     
   21.500000000000000       0.53580576744186004     
   21.600000000000001       0.53332518518518479     
   21.700000000000003       0.53086746543778751     
   21.800000000000001       0.52843229357798116     
   21.900000000000002       0.52601936073059319     
   22.000000000000000       0.52362836363636323     
   22.100000000000001       0.52125900452488638     
   22.200000000000003       0.51891099099099047     
   22.300000000000001       0.51658403587443902     
   22.400000000000002       0.51427785714285668     
   22.500000000000000       0.51199217777777739     
   22.600000000000001       0.50972672566371646     
   22.700000000000003       0.50748123348017571     
   22.800000000000001       0.50525543859649080     
   22.900000000000002       0.50304908296943196     
   23.000000000000000       0.50086191304347794     
   23.100000000000001       0.49869367965367928     
   23.200000000000003       0.49654413793103402     
   23.300000000000001       0.49441304721030005     
   23.400000000000002       0.49230017094017053     
   23.500000000000000       0.49020527659574431     
   23.600000000000001       0.48812813559321994     
   23.700000000000003       0.48606852320675070     
   23.800000000000001       0.48402621848739452     
   23.900000000000002       0.48200100418410002     
   24.000000000000000       0.47999266666666623     
   24.100000000000001       0.47800099585062206     
   24.200000000000003       0.47602578512396654     
   24.300000000000001       0.47406683127571980     
   24.400000000000002       0.47212393442622913     
   24.500000000000000       0.47019689795918329     
   24.600000000000001       0.46828552845528421     
   24.700000000000003       0.46638963562752994     
   24.800000000000001       0.46450903225806417     
   24.900000000000002       0.46264353413654580     
   25.000000000000000       0.46079295999999970     
   25.100000000000001       0.45895713147410322     
   25.200000000000003       0.45713587301587261     
   25.300000000000001       0.45532901185770713     
   25.400000000000002       0.45353637795275553     
   25.500000000000000       0.45175780392156828     
   25.600000000000001       0.44999312499999966     
   25.700000000000003       0.44824217898832641     
   25.800000000000001       0.44650480620155009     
   25.900000000000002       0.44478084942084906     
   26.000000000000000       0.44307015384615350     
   26.100000000000001       0.44137256704980810     
   26.200000000000003       0.43968793893129732     
   26.300000000000001       0.43801612167300341     
   26.400000000000002       0.43635696969696930     
   26.500000000000000       0.43471033962264116     
   26.600000000000001       0.43307609022556359     
   26.700000000000003       0.43145408239700334     
   26.800000000000001       0.42984417910447725     
   26.900000000000002       0.42824624535315947     
   27.000000000000000       0.42666014814814779     
   27.100000000000001       0.42508575645756425     
   27.200000000000003       0.42352294117647021     
   27.300000000000001       0.42197157509157479     
   27.400000000000002       0.42043153284671497     
   27.500000000000000       0.41890269090909055     
   27.600000000000001       0.41738492753623158     
   27.700000000000003       0.41587812274368197     
   27.800000000000001       0.41438215827338093     
   27.900000000000002       0.41289691756272368     
   28.000000000000000       0.41142228571428535     
   28.100000000000001       0.40995814946619186     
   28.200000000000003       0.40850439716312015     
   28.300000000000001       0.40706091872791494     
   28.400000000000002       0.40562760563380246     
   28.500000000000000       0.40420435087719264     
   28.600000000000001       0.40279104895104861     
   28.700000000000003       0.40138759581881500     
   28.800000000000001       0.39999388888888859     
   28.900000000000002       0.39860982698961905     
   29.000000000000000       0.39723531034482729     
   29.100000000000001       0.39587024054982783     
   29.200000000000003       0.39451452054794489     
   29.300000000000001       0.39316805460750825     
   29.400000000000002       0.39183074829931941     
   29.500000000000000       0.39050250847457596     
   29.600000000000001       0.38918324324324288     
   29.700000000000003       0.38787286195286164     
   29.800000000000001       0.38657127516778494     
   29.900000000000002       0.38527839464882913     
   30.000000000000000       0.38399413333333304     
