  0.10000000000000001        4.6825493092353740     
  0.20000000000000001        4.6765995235158053     
  0.30000000000000004        4.6666722035443815     
  0.40000000000000002        4.6529001400864640     
  0.50000000000000000        4.6354011736612017     
  0.60000000000000009        4.6142872032060067     
  0.70000000000000007        4.5896524870666404     
  0.80000000000000004        4.5615646075451872     
  0.90000000000000002        4.5300607204754515     
   1.0000000000000000        4.4951492360479728     
   1.1000000000000001        4.4568161022203636     
   1.2000000000000002        4.4150344482403723     
   1.3000000000000000        4.3697762879371851     
   1.4000000000000001        4.3210251471865240     
   1.5000000000000000        4.2687887482975038     
   1.6000000000000001        4.2131111513871478     
   1.7000000000000002        4.1540839359304984     
   1.8000000000000000        4.0918560491733107     
   1.9000000000000001        4.0266418291279571     
   2.0000000000000000        3.9587264446716701     
   2.1000000000000001        3.8884676508772289     
   2.2000000000000002        3.8162924672541583     
   2.3000000000000003        3.7426873544917596     
   2.4000000000000004        3.6681809345789995     
   2.5000000000000000        3.5933194495350449     
   2.6000000000000001        3.5186369312795707     
   2.7000000000000002        3.4446240131247445     
   2.8000000000000003        3.3717006350807033     
   2.9000000000000004        3.3001977345587417     
   3.0000000000000000        3.2303510605247916     
   3.1000000000000001        3.1623071083227137     
   3.2000000000000002        3.0961381466204529     
   3.3000000000000003        3.0318616312439786     
   3.4000000000000004        2.9694594150872220     
   3.5000000000000000        2.9088935983414861     
   3.6000000000000001        2.8501177086894733     
   3.7000000000000002        2.7930833955198637     
   3.8000000000000003        2.7377436438781619     
   3.9000000000000004        2.6840537243127227     
   4.0000000000000000        2.6319709293224216     
   4.1000000000000005        2.5814538378962775     
   4.2000000000000002        2.5324615470602607     
   4.2999999999999998        2.4849530794884123     
   4.4000000000000004        2.4388870295404153     
   4.5000000000000000        2.3942214310632508     
   4.6000000000000005        2.3509137969921601     
   4.7000000000000002        2.3089212740979885     
   4.8000000000000007        2.2682008626453181     
   4.9000000000000004        2.2287096619630673     
   5.0000000000000000        2.1904051145369685     
   5.1000000000000005        2.1532452312046932     
   5.2000000000000002        2.1171887877477342     
   5.3000000000000007        2.0821954887003975     
   5.4000000000000004        2.0482260978911531     
   5.5000000000000000        2.0152425375188017     
   5.6000000000000005        1.9832079588361098     
   5.7000000000000002        1.9520867880866761     
   5.8000000000000007        1.9218447514608819     
   5.9000000000000004        1.8924488826807984     
   6.0000000000000000        1.8638675165146470     
   6.1000000000000005        1.8360702711409072     
   6.2000000000000002        1.8090280218827537     
   6.3000000000000007        1.7827128684468470     
   6.4000000000000004        1.7570980974440966     
   6.5000000000000000        1.7321581416523124     
   6.6000000000000005        1.7078685372040536     
   6.7000000000000002        1.6842058796466102     
   6.8000000000000007        1.6611477796218452     
   6.9000000000000004        1.6386728187478827     
   7.0000000000000000        1.6167605061479520     
   7.1000000000000005        1.5953912359602169     
   7.2000000000000002        1.5745462460720994     
   7.3000000000000007        1.5542075782501399     
   7.4000000000000004        1.5343580397787582     
   7.5000000000000000        1.5149811666757460     
   7.6000000000000005        1.4960611885168085     
   7.7000000000000002        1.4775829948740486     
   7.8000000000000007        1.4595321033523876     
   7.9000000000000004        1.4418946291923442     
   8.0000000000000000        1.4246572563961857     
   8.0999999999999996        1.4078072103264165     
   8.2000000000000011        1.3913322317201715     
   8.3000000000000007        1.3752205520597289     
   8.4000000000000004        1.3594608702376167     
   8.5000000000000000        1.3440423304542866     
   8.5999999999999996        1.3289545012867374     
   8.7000000000000011        1.3141873558675925     
   8.8000000000000007        1.2997312531157315     
   8.9000000000000004        1.2855769199615539     
   9.0000000000000000        1.2717154345121187     
   9.0999999999999996        1.2581382101037193     
   9.2000000000000011        1.2448369801918093     
   9.3000000000000007        1.2318037840305358     
   9.4000000000000004        1.2190309530963637     
   9.5000000000000000        1.2065110982124325     
   9.6000000000000014        1.1942370973321703     
   9.7000000000000011        1.1822020839423786     
   9.8000000000000007        1.1703994360473071     
   9.9000000000000004        1.1588227656961423     
   10.000000000000000        1.1474659090166308     
   10.100000000000001        1.1363229167171198     
   10.200000000000001        1.1253880450178533     
   10.300000000000001        1.1146557469695397     
   10.400000000000000        1.1041206641125676     
   10.500000000000000        1.0937776184230685     
   10.600000000000001        1.0836216044813716     
   10.700000000000001        1.0736477817829833     
   10.800000000000001        1.0638514670901684     
   10.900000000000000        1.0542281266910412     
   11.000000000000000        1.0447733683893659     
   11.100000000000001        1.0354829329874815     
   11.200000000000001        1.0263527071037788     
   11.300000000000001        1.0173788640213952     
   11.400000000000000        1.0085576068509678     
   11.500000000000000       0.99988523096028181     
   11.600000000000001       0.99135815129373583     
   11.700000000000001       0.98297289831712642     
   11.800000000000001       0.97472611422067645     
   11.900000000000000       0.96661454938449043     
   12.000000000000000       0.95863505911560132     
   12.100000000000001       0.95078460067244175     
   12.200000000000001       0.94306023060173427     
   12.300000000000001       0.93545910242556185     
   12.400000000000000       0.92797846473472356     
   12.500000000000000       0.92061565977140092     
   12.600000000000001       0.91336812262482281     
   12.700000000000001       0.90623338122672470     
   12.800000000000001       0.89920905743439206     
   12.900000000000000       0.89229286965655652     
   13.000000000000000       0.88548263776625302     
   13.100000000000001       0.87877629156670289     
   13.200000000000001       0.87217188507271837     
   13.300000000000001       0.86566762090327065     
   13.400000000000000       0.85926189358668037     
   13.500000000000000       0.85295337168111141     
   13.600000000000001       0.84674117014012362     
   13.700000000000001       0.84062527418305255     
   13.800000000000001       0.83460790960260978     
   13.900000000000000       0.82870211921602244     
   14.000000000000000       0.82284457142857137     
   14.100000000000001       0.81700879432624096     
   14.200000000000001       0.81125521126760547     
   14.300000000000001       0.80558209790209767     
   14.400000000000000       0.79998777777777785     
   14.500000000000000       0.79447062068965513     
   14.600000000000001       0.78902904109589034     
   14.700000000000001       0.78366149659863926     
   14.800000000000001       0.77836648648648632     
   14.900000000000000       0.77314255033557044     
   15.000000000000000       0.76798826666666664     
   15.100000000000001       0.76290225165562897     
   15.200000000000001       0.75788315789473670     
   15.300000000000001       0.75292967320261439     
   15.400000000000000       0.74804051948051931     
   15.500000000000000       0.74321445161290312     
   15.600000000000001       0.73845025641025619     
   15.700000000000001       0.73374675159235658     
   15.800000000000001       0.72910278481012636     
   15.900000000000000       0.72451723270440249     
   16.000000000000000       0.71998899999999999     
   16.100000000000001       0.71551701863354022     
   16.199999999999999       0.71110024691358020     
   16.300000000000001       0.70673766871165633     
   16.400000000000002       0.70242829268292672     
   16.500000000000000       0.69817115151515141     
   16.600000000000001       0.69396530120481914     
   16.699999999999999       0.68980982035928140     
   16.800000000000001       0.68570380952380949     
   16.900000000000002       0.68164639053254417     
   17.000000000000000       0.67763670588235292     
   17.100000000000001       0.67367391812865485     
   17.199999999999999       0.66975720930232552     
   17.300000000000001       0.66588578034682078     
   17.400000000000002       0.66205885057471248     
   17.500000000000000       0.65827565714285707     
   17.600000000000001       0.65453545454545448     
   17.699999999999999       0.65083751412429369     
   17.800000000000001       0.64718112359550550     
   17.900000000000002       0.64356558659217866     
   18.000000000000000       0.63999022222222213     
   18.100000000000001       0.63645436464088390     
   18.199999999999999       0.63295736263736257     
   18.300000000000001       0.62949857923497265     
   18.400000000000002       0.62607739130434770     
   18.500000000000000       0.62269318918918926     
   18.600000000000001       0.61934537634408582     
   18.699999999999999       0.61603336898395722     
   18.800000000000001       0.61275659574468078     
   18.900000000000002       0.60951449735449725     
   19.000000000000000       0.60630652631578930     
   19.100000000000001       0.60313214659685843     
   19.200000000000003       0.59999083333333325     
   19.300000000000001       0.59688207253886005     
   19.400000000000002       0.59380536082474222     
   19.500000000000000       0.59076020512820504     
   19.600000000000001       0.58774612244897939     
   19.700000000000003       0.58476263959390851     
   19.800000000000001       0.58180929292929284     
   19.900000000000002       0.57888562814070343     
   20.000000000000000       0.57599119999999993     
   20.100000000000001       0.57312557213930337     
   20.200000000000003       0.57028831683168302     
   20.300000000000001       0.56747901477832507     
   20.400000000000002       0.56469725490196065     
   20.500000000000000       0.56194263414634138     
   20.600000000000001       0.55921475728155334     
   20.700000000000003       0.55651323671497566     
   20.800000000000001       0.55383769230769220     
   20.900000000000002       0.55118775119617214     
   21.000000000000000       0.54856304761904751     
   21.100000000000001       0.54596322274881515     
   21.200000000000003       0.54338792452830176     
   21.300000000000001       0.54083680751173702     
   21.400000000000002       0.53830953271028037     
   21.500000000000000       0.53580576744186048     
   21.600000000000001       0.53332518518518512     
   21.700000000000003       0.53086746543778796     
   21.800000000000001       0.52843229357798160     
   21.900000000000002       0.52601936073059352     
   22.000000000000000       0.52362836363636356     
   22.100000000000001       0.52125900452488683     
   22.200000000000003       0.51891099099099081     
   22.300000000000001       0.51658403587443946     
   22.400000000000002       0.51427785714285701     
   22.500000000000000       0.51199217777777772     
   22.600000000000001       0.50972672566371680     
   22.700000000000003       0.50748123348017615     
   22.800000000000001       0.50525543859649114     
   22.900000000000002       0.50304908296943218     
   23.000000000000000       0.50086191304347816     
   23.100000000000001       0.49869367965367961     
   23.200000000000003       0.49654413793103441     
   23.300000000000001       0.49441304721030038     
   23.400000000000002       0.49230017094017081     
   23.500000000000000       0.49020527659574464     
   23.600000000000001       0.48812813559322027     
   23.700000000000003       0.48606852320675098     
   23.800000000000001       0.48402621848739485     
   23.900000000000002       0.48200100418410036     
   24.000000000000000       0.47999266666666662     
   24.100000000000001       0.47800099585062233     
   24.200000000000003       0.47602578512396687     
   24.300000000000001       0.47406683127572014     
   24.400000000000002       0.47212393442622946     
   24.500000000000000       0.47019689795918362     
   24.600000000000001       0.46828552845528454     
   24.700000000000003       0.46638963562753027     
   24.800000000000001       0.46450903225806445     
   24.900000000000002       0.46264353413654613     
   25.000000000000000       0.46079295999999997     
   25.100000000000001       0.45895713147410355     
   25.200000000000003       0.45713587301587294     
   25.300000000000001       0.45532901185770747     
   25.400000000000002       0.45353637795275586     
   25.500000000000000       0.45175780392156861     
   25.600000000000001       0.44999312499999999     
   25.700000000000003       0.44824217898832674     
   25.800000000000001       0.44650480620155036     
   25.900000000000002       0.44478084942084939     
   26.000000000000000       0.44307015384615384     
   26.100000000000001       0.44137256704980837     
   26.200000000000003       0.43968793893129759     
   26.300000000000001       0.43801612167300374     
   26.400000000000002       0.43635696969696958     
   26.500000000000000       0.43471033962264144     
   26.600000000000001       0.43307609022556381     
   26.700000000000003       0.43145408239700367     
   26.800000000000001       0.42984417910447753     
   26.900000000000002       0.42824624535315980     
   27.000000000000000       0.42666014814814807     
   27.100000000000001       0.42508575645756452     
   27.200000000000003       0.42352294117647049     
   27.300000000000001       0.42197157509157512     
   27.400000000000002       0.42043153284671525     
   27.500000000000000       0.41890269090909088     
   27.600000000000001       0.41738492753623185     
   27.700000000000003       0.41587812274368230     
   27.800000000000001       0.41438215827338126     
   27.900000000000002       0.41289691756272395     
   28.000000000000000       0.41142228571428568     
   28.100000000000001       0.40995814946619208     
   28.200000000000003       0.40850439716312048     
   28.300000000000001       0.40706091872791517     
   28.400000000000002       0.40562760563380273     
   28.500000000000000       0.40420435087719292     
   28.600000000000001       0.40279104895104884     
   28.700000000000003       0.40138759581881528     
   28.800000000000001       0.39999388888888893     
   28.900000000000002       0.39860982698961928     
   29.000000000000000       0.39723531034482756     
   29.100000000000001       0.39587024054982811     
   29.200000000000003       0.39451452054794517     
   29.300000000000001       0.39316805460750853     
   29.400000000000002       0.39183074829931963     
   29.500000000000000       0.39050250847457629     
   29.600000000000001       0.38918324324324316     
   29.700000000000003       0.38787286195286191     
   29.800000000000001       0.38657127516778522     
   29.900000000000002       0.38527839464882935     
   30.000000000000000       0.38399413333333332     
